time	cp
2	-0.07042
4	-0.06889
6	-0.06791
8	-0.06487
10	-0.06296
12	-0.06178
14	-0.06035
16	-0.06017
18	-0.05732
20	-0.05596
22	-0.0548
24	-0.05471
26	-0.05327
28	-0.05236
30	-0.05106
32	-0.05118
34	-0.05124
36	-0.05143
38	-0.05073
40	-0.04922
42	-0.04754
44	-0.04539
46	-0.04287
48	-0.0413
50	-0.04161
52	-0.0407
54	-0.03827
56	-0.03605
58	-0.03501
60	-0.03526
62	-0.0349
64	-0.03293
66	-0.03054
68	-0.02905
70	-0.02931
72	-0.02812
74	-0.02606
76	-0.02548
78	-0.0242
80	-0.02471
82	-0.02445
84	-0.0226
86	-0.02086
88	-0.01991
90	-0.02032
92	-0.01941
94	-0.01661
96	-0.0137
98	-0.01283
100	-0.01203
102	-0.01092
104	-0.01009
106	-0.00822
108	-0.00604
110	-0.00587
112	-0.00557
114	-0.00497
116	-0.00392
118	-0.00242
120	-9.06268E-4
122	-4.91864E-4
124	-0.02438
126	-0.3526
128	-1.1669
130	-2.27727
132	-3.51188
134	-4.75265
136	-5.91682
138	-6.95898
140	-7.86969
142	-8.64191
144	-9.28497
146	-9.80834
148	-10.21864
150	-10.51955
152	-10.71303
154	-10.68164
156	-10.28216
158	-9.59058
160	-8.71637
162	-7.74658
164	-6.75372
166	-5.79796
168	-4.91087
170	-4.11315
172	-3.41492
174	-2.81837
176	-2.31991
178	-1.9132
180	-1.59038
182	-1.34038
184	-1.15392
186	-1.01974
188	-0.92798
190	-0.87068
192	-0.83949
194	-0.82823
196	-0.83299
198	-0.84771
200	-0.87019
202	-0.89679
204	-0.92534
206	-0.95532
208	-0.98367
210	-1.00939
212	-1.03393
214	-1.05754
216	-1.07721
218	-1.094
220	-1.10777
222	-1.11992
224	-1.13037
226	-1.13767
228	-1.14393
230	-1.14914
232	-1.15142
234	-1.15115
236	-1.15108
238	-1.14918
240	-1.14521
242	-1.14058
244	-1.13677
246	-1.13296
248	-1.12701
250	-1.12183
252	-1.11693
254	-1.11029
256	-1.10321
258	-1.09633
260	-1.08976
262	-1.08207
264	-1.07445
266	-1.06807
268	-1.06055
270	-1.0536
272	-1.04647
274	-1.03746
276	-1.02866
278	-1.02208
280	-1.0154
282	-1.00821
284	-1.0008
286	-0.99362
288	-0.98785
290	-0.98063
292	-0.9733
294	-0.96706
296	-0.9606
298	-0.95312
300	-0.94657
302	-0.94031
304	-0.93225
306	-0.9246
308	-0.91717
310	-0.91006
312	-0.90328
314	-0.89615
316	-0.88855
318	-0.88128
320	-0.8731
322	-0.86587
324	-0.86
326	-0.85332
328	-0.84666
330	-0.84058
332	-0.83503
334	-0.83012
336	-0.82346
338	-0.81728
340	-0.81136
342	-0.8056
344	-0.79933
346	-0.79207
348	-0.78594
350	-0.78044
352	-0.77527
354	-0.76937
356	-0.76265
358	-0.75751
360	-0.7533
362	-0.74821
364	-0.74362
366	-0.73716
368	-0.73133
370	-0.72725
372	-0.72275
374	-0.71706
376	-0.71154
378	-0.70685
380	-0.70016
382	-0.69339
384	-0.68756
386	-0.68314
388	-0.67884
390	-0.67416
392	-0.66865
394	-0.66341
396	-0.65825
398	-0.65305
400	-0.6474
402	-0.64307
404	-0.63762
406	-0.63248
408	-0.62737
410	-0.6232
412	-0.61845
414	-0.61285
416	-0.60743
418	-0.6021
420	-0.59699
422	-0.59305
424	-0.58814
426	-0.58368
428	-0.57899
430	-0.57377
432	-0.56846
434	-0.56389
436	-0.55812
438	-0.55413
440	-0.54879
442	-0.54457
444	-0.54091
446	-0.5369
448	-0.53255
450	-0.5282
452	-0.52499
454	-0.52102
456	-0.51572
458	-0.50987
460	-0.50563
462	-0.50118
464	-0.49648
466	-0.49148
468	-0.48657
470	-0.48162
472	-0.47666
474	-0.4726
476	-0.46814
478	-0.46328
480	-0.45889
482	-0.45515
484	-0.45015
486	-0.44502
488	-0.43936
490	-0.43485
492	-0.42966
494	-0.42269
496	-0.41717
498	-0.41102
500	-0.40536
502	-0.39975
504	-0.39271
506	-0.38513
508	-0.37719
510	-0.36876
512	-0.36054
514	-0.35141
516	-0.34196
518	-0.3308
520	-0.32091
522	-0.30927
524	-0.29691
526	-0.28452
528	-0.27179
530	-0.26032
532	-0.24893
534	-0.23835
536	-0.22725
538	-0.21618
540	-0.20785
542	-0.19929
544	-0.18983
546	-0.18121
548	-0.17391
550	-0.16785
552	-0.16183
554	-0.15552
556	-0.15051
558	-0.14583
560	-0.14022
562	-0.13623
564	-0.13408
566	-0.13076
568	-0.1289
570	-0.12641
572	-0.12345
574	-0.12037
576	-0.11776
578	-0.11467
580	-0.11161
582	-0.10917
584	-0.10681
586	-0.10527
588	-0.10221
590	-0.10061
592	-0.09852
594	-0.09659
596	-0.09403
598	-0.09234
600	-0.0913
602	-0.08891
604	-0.08785
606	-0.08567
608	-0.0838
610	-0.08183
612	-0.07915
614	-0.07663
616	-0.07361
618	-0.07172
620	-0.07115
622	-0.0699
624	-0.06741
626	-0.06562
628	-0.06312
630	-0.06082
632	-0.05932
634	-0.05633
636	-0.05308
638	-0.05166
640	-0.05049
642	-0.04879
644	-0.04574
646	-0.04283
648	-0.0418
650	-0.04151
652	-0.03888
654	-0.03841
656	-0.0365
658	-0.03499
660	-0.03254
662	-0.03033
664	-0.02869
666	-0.02546
668	-0.02367
670	-0.02447
672	-0.02311
674	-0.02091
676	-0.01901
678	-0.0174
680	-0.01558
682	-0.01414
684	-0.01261
686	-0.01052
688	-0.00905
690	-0.00745
692	-0.00545
694	-0.00434
696	-0.00371
698	-0.00252
700	-0.00274
702	-0.00193
704	6.98069E-4
706	0.00282
708	0.0039
710	0.0044
712	0.00484
714	0.00511
716	0.00534
718	0.0059
720	0.00726
722	0.00738
724	-0.01129
726	-0.27034
728	-0.91216
730	-1.78731
732	-2.76359
734	-3.73686
736	-4.64469
738	-5.45853
740	-6.17196
742	-6.78698
744	-7.30451
746	-7.73064
748	-8.07622
750	-8.35527
752	-8.56505
754	-8.63398
756	-8.42821
758	-7.98649
760	-7.39706
762	-6.73895
764	-6.0677
766	-5.42205
768	-4.82236
770	-4.278
772	-3.79345
774	-3.36787
776	-2.99891
778	-2.68079
780	-2.40785
782	-2.17672
784	-1.9818
786	-1.81628
788	-1.67732
790	-1.56067
792	-1.46036
794	-1.37488
796	-1.30135
798	-1.23991
800	-1.1866
802	-1.14004
804	-1.09863
806	-1.06224
808	-1.02837
810	-0.9987
812	-0.97195
814	-0.94582
816	-0.92099
818	-0.89924
820	-0.87896
822	-0.85983
824	-0.84212
826	-0.82482
828	-0.80847
830	-0.79147
832	-0.77532
834	-0.76034
836	-0.74511
838	-0.73067
840	-0.71727
842	-0.70504
844	-0.69296
846	-0.68142
848	-0.67116
850	-0.66137
852	-0.65082
854	-0.64177
856	-0.63167
858	-0.62269
860	-0.61498
862	-0.60813
864	-0.6002
866	-0.59307
868	-0.58594
870	-0.57863
872	-0.57191
874	-0.56625
876	-0.56141
878	-0.55684
880	-0.55104
882	-0.54483
884	-0.53876
886	-0.53158
888	-0.52558
890	-0.52109
892	-0.51859
894	-0.51333
896	-0.50748
898	-0.50516
900	-0.5012
902	-0.49728
904	-0.49413
906	-0.49135
908	-0.48822
910	-0.48431
912	-0.48021
914	-0.47682
916	-0.47381
918	-0.47114
920	-0.46676
922	-0.46246
924	-0.46042
926	-0.45894
928	-0.45646
930	-0.45298
932	-0.44968
934	-0.44653
936	-0.44243
938	-0.44068
940	-0.43916
942	-0.43571
944	-0.43276
946	-0.42992
948	-0.42777
950	-0.42496
952	-0.42183
954	-0.4197
956	-0.41704
958	-0.41436
960	-0.41204
962	-0.41037
964	-0.40852
966	-0.40516
968	-0.40257
970	-0.3997
972	-0.39782
974	-0.3962
976	-0.39459
978	-0.39108
980	-0.38804
982	-0.38634
984	-0.38497
986	-0.38179
988	-0.37942
990	-0.37816
992	-0.37704
994	-0.37464
996	-0.37203
998	-0.37014
1000	-0.3682
1002	-0.3649
1004	-0.36291
1006	-0.36096
1008	-0.35875
1010	-0.35699
1012	-0.35462
1014	-0.35171
1016	-0.35024
1018	-0.34854
1020	-0.34726
1022	-0.34604
1024	-0.34406
1026	-0.34191
1028	-0.33851
1030	-0.33594
1032	-0.33478
1034	-0.33419
1036	-0.3329
1038	-0.33033
1040	-0.3283
1042	-0.32751
1044	-0.32608
1046	-0.32364
1048	-0.32212
1050	-0.32116
1052	-0.31906
1054	-0.31639
1056	-0.31351
1058	-0.31257
1060	-0.31117
1062	-0.30941
1064	-0.30707
1066	-0.30622
1068	-0.30486
1070	-0.30244
1072	-0.30061
1074	-0.2995
1076	-0.29805
1078	-0.2973
1080	-0.29478
1082	-0.28953
1084	-0.28686
1086	-0.28566
1088	-0.28385
1090	-0.28058
1092	-0.27613
1094	-0.27404
1096	-0.27036
1098	-0.26688
1100	-0.26359
1102	-0.25959
1104	-0.25543
1106	-0.25151
1108	-0.24637
1110	-0.24142
1112	-0.23657
1114	-0.23255
1116	-0.22752
1118	-0.22066
1120	-0.2135
1122	-0.20574
1124	-0.19896
1126	-0.19175
1128	-0.18446
1130	-0.17741
1132	-0.16853
1134	-0.15908
1136	-0.14879
1138	-0.141
1140	-0.13311
1142	-0.12471
1144	-0.11777
1146	-0.11022
1148	-0.10134
1150	-0.0948
1152	-0.08873
1154	-0.08279
1156	-0.076
1158	-0.07246
1160	-0.06915
1162	-0.06452
1164	-0.06035
1166	-0.05665
1168	-0.05477
1170	-0.05142
1172	-0.04884
1174	-0.04746
1176	-0.0451
1178	-0.04288
1180	-0.04002
1182	-0.03815
1184	-0.03712
1186	-0.03588
1188	-0.03364
1190	-0.03292
1192	-0.03241
1194	-0.02951
1196	-0.028
1198	-0.0268
1200	-0.02631
1202	-0.02486
1204	-0.02343
1206	-0.02219
1208	-0.02144
1210	-0.0196
1212	-0.01917
1214	-0.01876
1216	-0.01792
1218	-0.0166
1220	-0.01526
1222	-0.01404
1224	-0.01284
1226	-0.01233
1228	-0.01189
1230	-0.01057
1232	-0.00958
1234	-0.00889
1236	-0.00839
1238	-0.00789
1240	-0.00752
1242	-0.00607
1244	-0.00537
1246	-0.00513
1248	-0.00406
1250	-0.00159
1252	7.62459E-4
1254	0.00104
1256	0.00177
1258	0.00162
1260	0.00111
1262	0.00139
1264	0.00135
1266	9.97985E-4
1268	0.00141
1270	0.00183
1272	8.25669E-4
1274	4.42563E-4
1276	0.00131
1278	0.00337
1280	0.00368
1282	0.00327
1284	0.00532
1286	0.00713
1288	0.00763
1290	0.0075
1292	0.00828
1294	0.00955
1296	0.01155
1298	0.01219
1300	0.01176
1302	0.01141
1304	0.01166
1306	0.01157
1308	0.01084
1310	0.01104
1312	0.01119
1314	0.01291
1316	0.01219
1318	0.01197
1320	0.01315
1322	0.01361
1324	7.12926E-4
1326	-0.19129
1328	-0.69299
1330	-1.38951
1332	-2.16951
1334	-2.9594
1336	-3.70481
1338	-4.37798
1340	-4.9681
1342	-5.47447
1344	-5.90074
1346	-6.25279
1348	-6.54475
1350	-6.78069
1352	-6.96201
1354	-7.03603
1356	-6.90232
1358	-6.58456
1360	-6.15066
1362	-5.66052
1364	-5.15973
1366	-4.67887
1368	-4.2313
1370	-3.82208
1372	-3.45287
1374	-3.12261
1376	-2.83025
1378	-2.57128
1380	-2.34379
1382	-2.14445
1384	-1.96973
1386	-1.81651
1388	-1.68258
1390	-1.56564
1392	-1.46213
1394	-1.37127
1396	-1.29006
1398	-1.21699
1400	-1.15435
1402	-1.09818
1404	-1.0465
1406	-1.0008
1408	-0.95859
1410	-0.91913
1412	-0.88478
1414	-0.85328
1416	-0.82404
1418	-0.7948
1420	-0.76832
1422	-0.74573
1424	-0.72409
1426	-0.70338
1428	-0.68389
1430	-0.66422
1432	-0.6471
1434	-0.63111
1436	-0.61612
1438	-0.60136
1440	-0.58775
1442	-0.57507
1444	-0.56423
1446	-0.55206
1448	-0.54207
1450	-0.53105
1452	-0.52131
1454	-0.51267
1456	-0.50458
1458	-0.49604
1460	-0.48891
1462	-0.48069
1464	-0.47368
1466	-0.46704
1468	-0.46163
1470	-0.45477
1472	-0.44842
1474	-0.44249
1476	-0.43685
1478	-0.43375
1480	-0.42927
1482	-0.42431
1484	-0.41986
1486	-0.41457
1488	-0.40867
1490	-0.40523
1492	-0.40301
1494	-0.40084
1496	-0.39791
1498	-0.39418
1500	-0.39098
1502	-0.38857
1504	-0.38658
1506	-0.38397
1508	-0.38127
1510	-0.37886
1512	-0.37596
1514	-0.37317
1516	-0.37213
1518	-0.37227
1520	-0.36931
1522	-0.36601
1524	-0.36225
1526	-0.36024
1528	-0.35964
1530	-0.35761
1532	-0.35504
1534	-0.35278
1536	-0.35179
1538	-0.34984
1540	-0.34938
1542	-0.34686
1544	-0.34515
1546	-0.34322
1548	-0.34228
1550	-0.34029
1552	-0.33716
1554	-0.33529
1556	-0.33499
1558	-0.33459
1560	-0.33223
1562	-0.32964
1564	-0.32783
1566	-0.32695
1568	-0.32484
1570	-0.32286
1572	-0.32265
1574	-0.32049
1576	-0.31753
1578	-0.31683
1580	-0.31701
1582	-0.31655
1584	-0.31473
1586	-0.31164
1588	-0.30932
1590	-0.30714
1592	-0.30517
1594	-0.30507
1596	-0.30531
1598	-0.30432
1600	-0.30284
1602	-0.30063
1604	-0.29899
1606	-0.29816
1608	-0.29644
1610	-0.2959
1612	-0.29468
1614	-0.29316
1616	-0.2927
1618	-0.29193
1620	-0.29059
1622	-0.28877
1624	-0.28789
1626	-0.28639
1628	-0.28399
1630	-0.28169
1632	-0.28082
1634	-0.27867
1636	-0.2769
1638	-0.27528
1640	-0.27407
1642	-0.27384
1644	-0.27337
1646	-0.27263
1648	-0.27034
1650	-0.26911
1652	-0.26851
1654	-0.26776
1656	-0.26722
1658	-0.2658
1660	-0.26594
1662	-0.26692
1664	-0.26492
1666	-0.26308
1668	-0.26147
1670	-0.26023
1672	-0.25925
1674	-0.25753
1676	-0.25463
1678	-0.25272
1680	-0.25014
1682	-0.24965
1684	-0.24837
1686	-0.24657
1688	-0.2453
1690	-0.2434
1692	-0.24056
1694	-0.23775
1696	-0.23602
1698	-0.2346
1700	-0.23112
1702	-0.22724
1704	-0.22389
1706	-0.22172
1708	-0.21955
1710	-0.21606
1712	-0.21218
1714	-0.20894
1716	-0.20379
1718	-0.19892
1720	-0.19589
1722	-0.19145
1724	-0.18586
1726	-0.17999
1728	-0.17472
1730	-0.16973
1732	-0.1623
1734	-0.15568
1736	-0.14953
1738	-0.14213
1740	-0.13411
1742	-0.1271
1744	-0.11973
1746	-0.11236
1748	-0.10477
1750	-0.09899
1752	-0.09334
1754	-0.08679
1756	-0.08026
1758	-0.07405
1760	-0.06978
1762	-0.06551
1764	-0.06037
1766	-0.05629
1768	-0.05299
1770	-0.0502
1772	-0.04824
1774	-0.04511
1776	-0.04167
1778	-0.03942
1780	-0.03835
1782	-0.03595
1784	-0.03379
1786	-0.03246
1788	-0.03074
1790	-0.02836
1792	-0.02634
1794	-0.02472
1796	-0.02403
1798	-0.02337
1800	-0.02221
1802	-0.02152
1804	-0.02044
1806	-0.01975
1808	-0.01752
1810	-0.01736
1812	-0.01775
1814	-0.01715
1816	-0.01688
1818	-0.0154
1820	-0.01474
1822	-0.013
1824	-0.01331
1826	-0.01234
1828	-0.01129
1830	-0.01099
1832	-0.01095
1834	-0.00999
1836	-0.00918
1838	-0.00926
1840	-0.00977
1842	-0.00904
1844	-0.00833
1846	-0.00741
1848	-0.00609
1850	-0.00627
1852	-0.00519
1854	-0.00347
1856	-0.00304
1858	-0.00413
1860	-0.00376
1862	-0.00312
1864	-0.00338
1866	-0.00298
1868	-0.00235
1870	-0.00204
1872	-0.00205
1874	-0.00168
1876	-8.0034E-4
1878	-5.37538E-4
1880	7.92265E-4
1882	0.00201
1884	0.00191
1886	8.02859E-4
1888	-0.00105
1890	-0.00115
1892	-0.002
1894	-0.00214
1896	-6.48174E-4
1898	-0.00159
1900	-0.00247
1902	-0.00174
1904	3.62199E-4
1906	0.00135
1908	0.00174
1910	0.00223
1912	0.00249
1914	0.00207
1916	0.0016
1918	0.00161
1920	0.00112
1922	5.17539E-4
1924	-0.00475
1926	-0.13414
1928	-0.52848
1930	-1.0985
1932	-1.74515
1934	-2.40138
1936	-3.02204
1938	-3.58487
1940	-4.08142
1942	-4.51186
1944	-4.87471
1946	-5.17314
1948	-5.416
1950	-5.60824
1952	-5.75731
1954	-5.8361
1956	-5.74264
1958	-5.48848
1960	-5.13209
1962	-4.72492
1964	-4.30849
1966	-3.90823
1968	-3.53519
1970	-3.19456
1972	-2.88756
1974	-2.61222
1976	-2.3659
1978	-2.14882
1980	-1.95983
1982	-1.79322
1984	-1.6481
1986	-1.52025
1988	-1.40822
1990	-1.31064
1992	-1.22438
1994	-1.14961
1996	-1.08254
1998	-1.02263
2000	-0.97004
2002	-0.92264
2004	-0.87985
2006	-0.84324
2008	-0.8091
2010	-0.77657
2012	-0.7475
2014	-0.72107
2016	-0.69686
2018	-0.67228
2020	-0.65028
2022	-0.6307
2024	-0.61246
2026	-0.59565
2028	-0.57991
2030	-0.56405
2032	-0.5491
2034	-0.53511
2036	-0.52245
2038	-0.51082
2040	-0.49831
2042	-0.48653
2044	-0.47635
2046	-0.46724
2048	-0.46063
2050	-0.45231
2052	-0.44352
2054	-0.43589
2056	-0.42895
2058	-0.42149
2060	-0.41502
2062	-0.40839
2064	-0.40283
2066	-0.3978
2068	-0.39385
2070	-0.39029
2072	-0.38652
2074	-0.38173
2076	-0.37806
2078	-0.37376
2080	-0.36976
2082	-0.36552
2084	-0.36175
2086	-0.3589
2088	-0.35757
2090	-0.35401
2092	-0.35124
2094	-0.34839
2096	-0.34614
2098	-0.34273
2100	-0.33869
2102	-0.33686
2104	-0.33346
2106	-0.33082
2108	-0.32876
2110	-0.32777
2112	-0.32558
2114	-0.32256
2116	-0.31999
2118	-0.31831
2120	-0.31711
2122	-0.3141
2124	-0.31195
2126	-0.31181
2128	-0.31023
2130	-0.30841
2132	-0.30716
2134	-0.30561
2136	-0.3045
2138	-0.303
2140	-0.30147
2142	-0.29924
2144	-0.29956
2146	-0.29883
2148	-0.29725
2150	-0.29695
2152	-0.2967
2154	-0.29606
2156	-0.29576
2158	-0.2947
2160	-0.29212
2162	-0.28971
2164	-0.28753
2166	-0.28553
2168	-0.28297
2170	-0.2803
2172	-0.27885
2174	-0.27855
2176	-0.27744
2178	-0.27544
2180	-0.27466
2182	-0.27286
2184	-0.27159
2186	-0.2718
2188	-0.27045
2190	-0.26936
2192	-0.26742
2194	-0.26694
2196	-0.26653
2198	-0.26636
2200	-0.26575
2202	-0.26506
2204	-0.26368
2206	-0.26349
2208	-0.26236
2210	-0.26289
2212	-0.26306
2214	-0.26199
2216	-0.2608
2218	-0.25934
2220	-0.25898
2222	-0.25806
2224	-0.25759
2226	-0.25675
2228	-0.25486
2230	-0.25472
2232	-0.25293
2234	-0.2524
2236	-0.25243
2238	-0.25183
2240	-0.252
2242	-0.25279
2244	-0.25286
2246	-0.25249
2248	-0.25193
2250	-0.25037
2252	-0.24999
2254	-0.25038
2256	-0.24941
2258	-0.24858
2260	-0.24816
2262	-0.24765
2264	-0.24684
2266	-0.2441
2268	-0.24362
2270	-0.24222
2272	-0.24098
2274	-0.24057
2276	-0.23816
2278	-0.23495
2280	-0.2323
2282	-0.22943
2284	-0.22819
2286	-0.22628
2288	-0.22565
2290	-0.22389
2292	-0.22132
2294	-0.21778
2296	-0.21614
2298	-0.21434
2300	-0.21275
2302	-0.21053
2304	-0.20758
2306	-0.20402
2308	-0.20119
2310	-0.19808
2312	-0.19486
2314	-0.19326
2316	-0.19078
2318	-0.18725
2320	-0.18405
2322	-0.18111
2324	-0.17842
2326	-0.17578
2328	-0.17169
2330	-0.16657
2332	-0.16161
2334	-0.15665
2336	-0.15295
2338	-0.14772
2340	-0.1422
2342	-0.13757
2344	-0.13136
2346	-0.12567
2348	-0.11961
2350	-0.11415
2352	-0.1098
2354	-0.10379
2356	-0.099
2358	-0.09307
2360	-0.08665
2362	-0.08018
2364	-0.07513
2366	-0.07051
2368	-0.06542
2370	-0.06033
2372	-0.05475
2374	-0.05179
2376	-0.04822
2378	-0.0442
2380	-0.0411
2382	-0.03815
2384	-0.03537
2386	-0.03316
2388	-0.03055
2390	-0.02949
2392	-0.02874
2394	-0.02684
2396	-0.02569
2398	-0.02425
2400	-0.02239
2402	-0.02161
2404	-0.02092
2406	-0.01917
2408	-0.0173
2410	-0.01518
2412	-0.01532
2414	-0.01506
2416	-0.0133
2418	-0.01297
2420	-0.01386
2422	-0.01371
2424	-0.01356
2426	-0.01335
2428	-0.01377
2430	-0.01389
2432	-0.01261
2434	-0.01099
2436	-0.01066
2438	-0.00893
2440	-0.00738
2442	-0.00701
2444	-0.00612
2446	-0.00579
2448	-0.00491
2450	-0.0045
2452	-0.004
2454	-0.00405
2456	-0.00327
2458	-0.00196
2460	-0.00215
2462	-0.00152
2464	-3.85281E-4
2466	6.25763E-4
2468	7.94807E-4
2470	7.71851E-4
2472	0.00153
2474	0.00237
2476	0.00234
2478	0.00204
2480	0.00167
2482	0.00151
2484	0.00164
2486	9.69201E-4
2488	8.89245E-4
2490	-3.71107E-6
2492	2.26333E-4
2494	-6.00623E-4
2496	-0.001
2498	-2.39536E-4
2500	-5.3492E-5
2502	1.54552E-4
2504	6.98596E-4
2506	0.00169
2508	0.00198
2510	0.00194
2512	0.00174
2514	8.43125E-4
2516	5.17324E-4
2518	0.00133
2520	0.00166
2522	0.00138
2524	-0.00195
2526	-0.08299
2528	-0.37979
2530	-0.83319
2532	-1.361
2534	-1.90202
2536	-2.41875
2538	-2.88833
2540	-3.31146
2542	-3.68322
2544	-4.00345
2546	-4.26743
2548	-4.47929
2550	-4.64513
2552	-4.77635
2554	-4.85632
2556	-4.80609
2558	-4.61355
2560	-4.32858
2562	-3.99529
2564	-3.6457
2566	-3.30604
2568	-2.98818
2570	-2.69456
2572	-2.42943
2574	-2.19477
2576	-1.98382
2578	-1.79714
2580	-1.63378
2582	-1.49162
2584	-1.36642
2586	-1.25614
2588	-1.16147
2590	-1.07891
2592	-1.00541
2594	-0.94134
2596	-0.88645
2598	-0.83703
2600	-0.79359
2602	-0.755
2604	-0.72077
2606	-0.69011
2608	-0.66182
2610	-0.63795
2612	-0.617
2614	-0.59735
2616	-0.57778
2618	-0.56023
2620	-0.54322
2622	-0.52753
2624	-0.51399
2626	-0.50096
2628	-0.48857
2630	-0.4764
2632	-0.46557
2634	-0.45507
2636	-0.44574
2638	-0.4377
2640	-0.42954
2642	-0.42329
2644	-0.41622
2646	-0.40813
2648	-0.40009
2650	-0.39262
2652	-0.38497
2654	-0.38001
2656	-0.37435
2658	-0.36861
2660	-0.36302
2662	-0.35867
2664	-0.35321
2666	-0.34934
2668	-0.345
2670	-0.34021
2672	-0.33596
2674	-0.33182
2676	-0.32826
2678	-0.32589
2680	-0.32352
2682	-0.32074
2684	-0.31944
2686	-0.3172
2688	-0.31483
2690	-0.31233
2692	-0.31052
2694	-0.30883
2696	-0.3088
2698	-0.30532
2700	-0.30322
2702	-0.30204
2704	-0.29902
2706	-0.29798
2708	-0.29746
2710	-0.29541
2712	-0.2957
2714	-0.29499
2716	-0.29372
2718	-0.29244
2720	-0.29081
2722	-0.28968
2724	-0.28933
2726	-0.28826
2728	-0.28554
2730	-0.28416
2732	-0.28357
2734	-0.28267
2736	-0.2822
2738	-0.28044
2740	-0.27885
2742	-0.27772
2744	-0.27697
2746	-0.27559
2748	-0.27434
2750	-0.27454
2752	-0.27394
2754	-0.2723
2756	-0.27084
2758	-0.26943
2760	-0.26754
2762	-0.26575
2764	-0.26395
2766	-0.2639
2768	-0.26354
2770	-0.26302
2772	-0.26213
2774	-0.2606
2776	-0.26022
2778	-0.26045
2780	-0.26108
2782	-0.26097
2784	-0.2603
2786	-0.25964
2788	-0.25884
2790	-0.25753
2792	-0.25616
2794	-0.25594
2796	-0.25537
2798	-0.25376
2800	-0.25274
2802	-0.25059
2804	-0.24927
2806	-0.24691
2808	-0.24545
2810	-0.24411
2812	-0.24216
2814	-0.24045
2816	-0.23779
2818	-0.23669
2820	-0.23614
2822	-0.23666
2824	-0.23607
2826	-0.2346
2828	-0.23353
2830	-0.23207
2832	-0.22973
2834	-0.22758
2836	-0.22687
2838	-0.22632
2840	-0.22466
2842	-0.22296
2844	-0.22304
2846	-0.22425
2848	-0.22432
2850	-0.2235
2852	-0.22251
2854	-0.22191
2856	-0.22084
2858	-0.21934
2860	-0.21836
2862	-0.2173
2864	-0.21676
2866	-0.21598
2868	-0.21382
2870	-0.21346
2872	-0.21278
2874	-0.21145
2876	-0.21051
2878	-0.20944
2880	-0.20844
2882	-0.20684
2884	-0.20576
2886	-0.20487
2888	-0.20414
2890	-0.20279
2892	-0.20105
2894	-0.19939
2896	-0.19838
2898	-0.19675
2900	-0.19481
2902	-0.19285
2904	-0.19048
2906	-0.18764
2908	-0.18718
2910	-0.18644
2912	-0.1832
2914	-0.1821
2916	-0.18017
2918	-0.17901
2920	-0.1758
2922	-0.17272
2924	-0.17155
2926	-0.16838
2928	-0.16585
2930	-0.1626
2932	-0.15908
2934	-0.15572
2936	-0.15182
2938	-0.1487
2940	-0.14604
2942	-0.14113
2944	-0.13773
2946	-0.13529
2948	-0.13126
2950	-0.12646
2952	-0.12078
2954	-0.11623
2956	-0.11109
2958	-0.10666
2960	-0.10215
2962	-0.09782
2964	-0.09264
2966	-0.08775
2968	-0.08412
2970	-0.07986
2972	-0.07534
2974	-0.07102
2976	-0.06691
2978	-0.06222
2980	-0.05784
2982	-0.05379
2984	-0.05
2986	-0.0469
2988	-0.04268
2990	-0.03983
2992	-0.03696
2994	-0.03393
2996	-0.03099
2998	-0.02795
3000	-0.02664
3002	-0.02505
3004	-0.02265
3006	-0.02057
3008	-0.01839
3010	-0.018
3012	-0.01584
3014	-0.01476
3016	-0.01391
3018	-0.01296
3020	-0.0121
3022	-0.01096
3024	-0.0101
3026	-0.00975
3028	-0.00801
3030	-0.00734
3032	-0.00744
3034	-0.00773
3036	-0.00677
3038	-0.00725
3040	-0.00698
3042	-0.00699
3044	-0.00599
3046	-0.00547
3048	-0.00557
3050	-0.00368
3052	-0.00255
3054	-0.00189
3056	-0.00135
3058	-0.00172
3060	-0.00194
3062	-0.00186
3064	-0.00218
3066	-0.00163
3068	-0.00132
3070	-3.33989E-4
3072	3.27128E-4
3074	2.51245E-4
3076	7.13617E-5
3078	-1.00522E-4
3080	0.00132
3082	0.00237
3084	0.00281
3086	0.00407
3088	0.00257
3090	0.00251
3092	0.00181
3094	0.00361
3096	0.00396
3098	0.00409
3100	0.00389
3102	0.00309
3104	0.0029
3106	0.00284
3108	0.00298
3110	0.00313
3112	0.00275
3114	0.00302
3116	0.00367
3118	0.00476
3120	0.00485
3122	0.00358
3124	0.00244
3126	-0.05014
3128	-0.27135
3130	-0.63388
3132	-1.06955
3134	-1.52414
3136	-1.96269
3138	-2.3666
3140	-2.72655
3142	-3.03944
3144	-3.30761
3146	-3.53206
3148	-3.7137
3150	-3.85943
3152	-3.97445
3154	-4.05048
3156	-4.0286
3158	-3.88898
3160	-3.6636
3162	-3.39066
3164	-3.101
3166	-2.81651
3168	-2.548
3170	-2.30156
3172	-2.07694
3174	-1.87401
3176	-1.69533
3178	-1.53741
3180	-1.39816
3182	-1.2777
3184	-1.17166
3186	-1.07859
3188	-0.99728
3190	-0.92724
3192	-0.8659
3194	-0.8122
3196	-0.76421
3198	-0.72297
3200	-0.68776
3202	-0.65688
3204	-0.62939
3206	-0.60366
3208	-0.5819
3210	-0.562
3212	-0.54269
3214	-0.52528
3216	-0.50884
3218	-0.49433
3220	-0.48062
3222	-0.4672
3224	-0.45345
3226	-0.44009
3228	-0.42878
3230	-0.41951
3232	-0.41067
3234	-0.40222
3236	-0.39387
3238	-0.38695
3240	-0.37967
3242	-0.37359
3244	-0.3665
3246	-0.36002
3248	-0.35451
3250	-0.34997
3252	-0.34695
3254	-0.34226
3256	-0.33747
3258	-0.33307
3260	-0.32947
3262	-0.32577
3264	-0.32193
3266	-0.31809
3268	-0.31495
3270	-0.31118
3272	-0.30777
3274	-0.30517
3276	-0.30259
3278	-0.29928
3280	-0.29669
3282	-0.29474
3284	-0.29231
3286	-0.29063
3288	-0.28919
3290	-0.28691
3292	-0.2852
3294	-0.2836
3296	-0.28258
3298	-0.28187
3300	-0.28119
3302	-0.28112
3304	-0.27973
3306	-0.27721
3308	-0.27614
3310	-0.27354
3312	-0.27139
3314	-0.26958
3316	-0.26794
3318	-0.26648
3320	-0.26512
3322	-0.26301
3324	-0.26098
3326	-0.25898
3328	-0.25912
3330	-0.25841
3332	-0.2569
3334	-0.25707
3336	-0.25653
3338	-0.25568
3340	-0.25579
3342	-0.25518
3344	-0.2532
3346	-0.24999
3348	-0.25114
3350	-0.25099
3352	-0.25156
3354	-0.25219
3356	-0.25262
3358	-0.25022
3360	-0.24914
3362	-0.24809
3364	-0.24585
3366	-0.24607
3368	-0.2456
3370	-0.24561
3372	-0.24328
3374	-0.2426
3376	-0.24262
3378	-0.24159
3380	-0.24111
3382	-0.24022
3384	-0.23895
3386	-0.23773
3388	-0.23808
3390	-0.23918
3392	-0.23934
3394	-0.23809
3396	-0.23787
3398	-0.23669
3400	-0.23524
3402	-0.23463
3404	-0.23429
3406	-0.23147
3408	-0.23062
3410	-0.22959
3412	-0.22761
3414	-0.2255
3416	-0.22499
3418	-0.22476
3420	-0.22384
3422	-0.22416
3424	-0.22207
3426	-0.2217
3428	-0.22122
3430	-0.22111
3432	-0.22103
3434	-0.22032
3436	-0.22037
3438	-0.21927
3440	-0.21837
3442	-0.21787
3444	-0.21601
3446	-0.21476
3448	-0.21497
3450	-0.21415
3452	-0.21319
3454	-0.21278
3456	-0.2119
3458	-0.21146
3460	-0.21091
3462	-0.20872
3464	-0.20728
3466	-0.20682
3468	-0.20597
3470	-0.2073
3472	-0.20607
3474	-0.20474
3476	-0.20374
3478	-0.20332
3480	-0.20144
3482	-0.20068
3484	-0.19989
3486	-0.19958
3488	-0.19999
3490	-0.19889
3492	-0.1978
3494	-0.19608
3496	-0.19494
3498	-0.19399
3500	-0.19162
3502	-0.19035
3504	-0.19019
3506	-0.18864
3508	-0.1872
3510	-0.18507
3512	-0.18324
3514	-0.18232
3516	-0.1807
3518	-0.17808
3520	-0.17589
3522	-0.17175
3524	-0.16835
3526	-0.1662
3528	-0.16437
3530	-0.16288
3532	-0.16019
3534	-0.15963
3536	-0.15837
3538	-0.1549
3540	-0.15097
3542	-0.14652
3544	-0.1449
3546	-0.14199
3548	-0.13903
3550	-0.13588
3552	-0.13123
3554	-0.12646
3556	-0.12442
3558	-0.12141
3560	-0.11827
3562	-0.11399
3564	-0.11083
3566	-0.10724
3568	-0.10241
3570	-0.097
3572	-0.09345
3574	-0.08985
3576	-0.08613
3578	-0.08066
3580	-0.07557
3582	-0.0708
3584	-0.06685
3586	-0.06185
3588	-0.05812
3590	-0.05466
3592	-0.05082
3594	-0.04842
3596	-0.04528
3598	-0.04307
3600	-0.04042
3602	-0.03838
3604	-0.03537
3606	-0.03235
3608	-0.03066
3610	-0.02867
3612	-0.02723
3614	-0.02538
3616	-0.02328
3618	-0.02263
3620	-0.02193
3622	-0.02068
3624	-0.01975
3626	-0.01804
3628	-0.01699
3630	-0.01573
3632	-0.01428
3634	-0.01442
3636	-0.01457
3638	-0.01391
3640	-0.01226
3642	-0.01135
3644	-0.01079
3646	-0.00888
3648	-0.00706
3650	-0.00691
3652	-0.00592
3654	-0.00493
3656	-0.00508
3658	-0.00275
3660	-0.00148
3662	-8.88849E-4
3664	-0.00147
3666	-7.10153E-4
3668	1.16195E-4
3670	4.25543E-4
3672	-5.71091E-5
3674	5.22389E-5
3676	4.58696E-6
3678	-1.28065E-4
3680	1.57283E-4
3682	6.36311E-5
3684	3.20979E-4
3686	0.00139
3688	0.00166
3690	8.08023E-4
3692	0.00131
3694	0.00288
3696	0.00283
3698	0.0024
3700	0.00284
3702	0.00397
3704	0.00483
3706	0.00396
3708	0.00276
3710	0.00306
3712	0.00345
3714	0.00286
3716	0.00266
3718	0.00109
3720	9.34753E-5
3722	3.97049E-4
3724	1.05623E-4
3726	-0.03382
3728	-0.20379
3730	-0.50098
3732	-0.86852
3734	-1.25687
3736	-1.63344
3738	-1.98066
3740	-2.28756
3742	-2.55462
3744	-2.78389
3746	-2.9756
3748	-3.13539
3750	-3.26424
3752	-3.36623
3754	-3.4382
3756	-3.43407
3758	-3.3264
3760	-3.13738
3762	-2.90385
3764	-2.65758
3766	-2.41468
3768	-2.18636
3770	-1.97469
3772	-1.78391
3774	-1.61167
3776	-1.45928
3778	-1.32513
3780	-1.20685
3782	-1.10401
3784	-1.01388
3786	-0.93435
3788	-0.86496
3790	-0.80474
3792	-0.75284
3794	-0.70717
3796	-0.66761
3798	-0.63301
3800	-0.60034
3802	-0.57335
3804	-0.54997
3806	-0.52884
3808	-0.50938
3810	-0.49086
3812	-0.47493
3814	-0.46148
3816	-0.44884
3818	-0.43764
3820	-0.42652
3822	-0.41643
3824	-0.40605
3826	-0.39685
3828	-0.38875
3830	-0.38044
3832	-0.37283
3834	-0.3661
3836	-0.36127
3838	-0.35523
3840	-0.34874
3842	-0.34426
3844	-0.34032
3846	-0.33526
3848	-0.33035
3850	-0.32621
3852	-0.32227
3854	-0.31844
3856	-0.31507
3858	-0.31257
3860	-0.30902
3862	-0.30673
3864	-0.30498
3866	-0.30299
3868	-0.30012
3870	-0.29805
3872	-0.29531
3874	-0.2925
3876	-0.29031
3878	-0.28752
3880	-0.28433
3882	-0.28267
3884	-0.27951
3886	-0.27773
3888	-0.27517
3890	-0.27457
3892	-0.2718
3894	-0.26872
3896	-0.26895
3898	-0.26751
3900	-0.26611
3902	-0.26423
3904	-0.2622
3906	-0.26144
3908	-0.26034
3910	-0.25797
3912	-0.25644
3914	-0.25489
3916	-0.25322
3918	-0.25221
3920	-0.25163
3922	-0.25073
3924	-0.24829
3926	-0.24717
3928	-0.24771
3930	-0.24708
3932	-0.24517
3934	-0.24361
3936	-0.24189
3938	-0.24082
3940	-0.23978
3942	-0.23934
3944	-0.23849
3946	-0.23842
3948	-0.23785
3950	-0.2385
3952	-0.23761
3954	-0.23816
3956	-0.2378
3958	-0.23584
3960	-0.23479
3962	-0.23365
3964	-0.23231
3966	-0.23232
3968	-0.23233
3970	-0.23302
3972	-0.23207
3974	-0.23102
3976	-0.23089
3978	-0.22945
3980	-0.22885
3982	-0.2274
3984	-0.22756
3986	-0.22793
3988	-0.22682
3990	-0.22501
3992	-0.22284
3994	-0.2232
3996	-0.2226
3998	-0.22292
4000	-0.22334
4002	-0.22447
4004	-0.22436
4006	-0.22359
4008	-0.22317
4010	-0.2221
4012	-0.22178
4014	-0.2211
4016	-0.2191
4018	-0.21833
4020	-0.21766
4022	-0.21617
4024	-0.21551
4026	-0.21358
4028	-0.21289
4030	-0.21235
4032	-0.21146
4034	-0.2098
4036	-0.20875
4038	-0.20951
4040	-0.20958
4042	-0.20945
4044	-0.2085
4046	-0.20685
4048	-0.20504
4050	-0.20466
4052	-0.205
4054	-0.20497
4056	-0.20306
4058	-0.20129
4060	-0.20104
4062	-0.20033
4064	-0.1992
4066	-0.19834
4068	-0.19746
4070	-0.19614
4072	-0.19424
4074	-0.19278
4076	-0.19196
4078	-0.19098
4080	-0.18878
4082	-0.18739
4084	-0.18607
4086	-0.18472
4088	-0.18465
4090	-0.1834
4092	-0.18185
4094	-0.18033
4096	-0.1784
4098	-0.17821
4100	-0.17551
4102	-0.17447
4104	-0.17373
4106	-0.17309
4108	-0.17262
4110	-0.1704
4112	-0.16937
4114	-0.16772
4116	-0.16519
4118	-0.16427
4120	-0.1633
4122	-0.16092
4124	-0.15841
4126	-0.15626
4128	-0.15587
4130	-0.15467
4132	-0.15274
4134	-0.15036
4136	-0.14882
4138	-0.14758
4140	-0.14581
4142	-0.14453
4144	-0.14183
4146	-0.13847
4148	-0.13627
4150	-0.13303
4152	-0.1316
4154	-0.12802
4156	-0.12565
4158	-0.12287
4160	-0.11998
4162	-0.11675
4164	-0.11403
4166	-0.10993
4168	-0.10495
4170	-0.10253
4172	-0.09866
4174	-0.09475
4176	-0.09134
4178	-0.08708
4180	-0.08432
4182	-0.08175
4184	-0.07768
4186	-0.07387
4188	-0.0699
4190	-0.06567
4192	-0.0634
4194	-0.06116
4196	-0.05802
4198	-0.054
4200	-0.05113
4202	-0.04753
4204	-0.04481
4206	-0.04192
4208	-0.03966
4210	-0.03775
4212	-0.03486
4214	-0.03228
4216	-0.02944
4218	-0.02545
4220	-0.02343
4222	-0.02326
4224	-0.02111
4226	-0.01936
4228	-0.01979
4230	-0.01951
4232	-0.017
4234	-0.01523
4236	-0.01503
4238	-0.01362
4240	-0.01225
4242	-0.01075
4244	-0.01008
4246	-0.00936
4248	-0.00921
4250	-0.00872
4252	-0.00903
4254	-0.00878
4256	-0.00876
4258	-0.00821
4260	-0.00754
4262	-0.00661
4264	-0.0058
4266	-0.00481
4268	-0.00479
4270	-0.00448
4272	-0.00501
4274	-0.00403
4276	-0.00366
4278	-0.00332
4280	-0.00317
4282	-0.00272
4284	-0.00228
4286	-0.00128
4288	-7.11568E-4
4290	3.11561E-5
4292	0.00132
4294	-1.04396E-4
4296	0.00113
4298	0.00186
4300	9.56776E-4
4302	7.00499E-4
4304	0.00127
4306	0.00153
4308	0.00189
4310	6.14395E-4
4312	-4.38881E-4
4314	-1.88157E-4
4316	7.41567E-4
4318	0.00186
4320	0.0014
4322	0.00222
4324	0.00168
4326	-0.02174
4328	-0.15579
4330	-0.39914
4332	-0.70401
4334	-1.03262
4336	-1.35595
4338	-1.65586
4340	-1.92037
4342	-2.15314
4344	-2.35438
4346	-2.52213
4348	-2.65925
4350	-2.7723
4352	-2.85989
4354	-2.92209
4356	-2.92132
4358	-2.83275
4360	-2.67624
4362	-2.47898
4364	-2.26486
4366	-2.05351
4368	-1.85495
4370	-1.6733
4372	-1.50858
4374	-1.36054
4376	-1.23066
4378	-1.11564
4380	-1.01465
4382	-0.92766
4384	-0.85299
4386	-0.78917
4388	-0.73311
4390	-0.68456
4392	-0.64235
4394	-0.60571
4396	-0.57399
4398	-0.54726
4400	-0.52231
4402	-0.50094
4404	-0.48109
4406	-0.46471
4408	-0.44986
4410	-0.43524
4412	-0.42334
4414	-0.41238
4416	-0.40178
4418	-0.39222
4420	-0.3835
4422	-0.37586
4424	-0.36936
4426	-0.3633
4428	-0.3554
4430	-0.34994
4432	-0.34409
4434	-0.33837
4436	-0.33303
4438	-0.3282
4440	-0.32293
4442	-0.31862
4444	-0.31481
4446	-0.31116
4448	-0.30772
4450	-0.30396
4452	-0.30044
4454	-0.29796
4456	-0.29512
4458	-0.29267
4460	-0.28869
4462	-0.28671
4464	-0.28454
4466	-0.28258
4468	-0.27972
4470	-0.27692
4472	-0.27599
4474	-0.27544
4476	-0.27338
4478	-0.27178
4480	-0.27015
4482	-0.26955
4484	-0.26811
4486	-0.26665
4488	-0.26511
4490	-0.26349
4492	-0.26257
4494	-0.26127
4496	-0.26033
4498	-0.25921
4500	-0.25684
4502	-0.25534
4504	-0.25396
4506	-0.25268
4508	-0.25002
4510	-0.24864
4512	-0.24705
4514	-0.24626
4516	-0.24602
4518	-0.24478
4520	-0.24307
4522	-0.2419
4524	-0.24042
4526	-0.24092
4528	-0.24019
4530	-0.238
4532	-0.23655
4534	-0.23682
4536	-0.2349
4538	-0.23317
4540	-0.23258
4542	-0.23212
4544	-0.23124
4546	-0.22983
4548	-0.22973
4550	-0.22874
4552	-0.22805
4554	-0.22725
4556	-0.22469
4558	-0.22402
4560	-0.22396
4562	-0.22364
4564	-0.22228
4566	-0.22137
4568	-0.22029
4570	-0.22016
4572	-0.22009
4574	-0.21936
4576	-0.21923
4578	-0.21726
4580	-0.21617
4582	-0.2167
4584	-0.21669
4586	-0.21605
4588	-0.21383
4590	-0.21332
4592	-0.21311
4594	-0.21129
4596	-0.21145
4598	-0.21131
4600	-0.21041
4602	-0.21068
4604	-0.21049
4606	-0.21072
4608	-0.21133
4610	-0.21268
4612	-0.21204
4614	-0.21166
4616	-0.21055
4618	-0.21055
4620	-0.21105
4622	-0.21054
4624	-0.2097
4626	-0.20846
4628	-0.20722
4630	-0.20695
4632	-0.20601
4634	-0.20576
4636	-0.20476
4638	-0.20497
4640	-0.20415
4642	-0.20331
4644	-0.20179
4646	-0.20026
4648	-0.20046
4650	-0.20113
4652	-0.19971
4654	-0.19838
4656	-0.19734
4658	-0.19525
4660	-0.19363
4662	-0.19309
4664	-0.19284
4666	-0.19264
4668	-0.19124
4670	-0.1911
4672	-0.19098
4674	-0.1905
4676	-0.18995
4678	-0.18954
4680	-0.18892
4682	-0.18763
4684	-0.18748
4686	-0.18753
4688	-0.18704
4690	-0.18641
4692	-0.18578
4694	-0.18427
4696	-0.1827
4698	-0.18169
4700	-0.18122
4702	-0.18043
4704	-0.17953
4706	-0.17874
4708	-0.17721
4710	-0.17635
4712	-0.17525
4714	-0.17299
4716	-0.17102
4718	-0.17043
4720	-0.16973
4722	-0.1683
4724	-0.16621
4726	-0.16447
4728	-0.16256
4730	-0.16144
4732	-0.1596
4734	-0.15737
4736	-0.15558
4738	-0.15248
4740	-0.14991
4742	-0.14846
4744	-0.14675
4746	-0.14525
4748	-0.14289
4750	-0.14115
4752	-0.13921
4754	-0.13677
4756	-0.13457
4758	-0.13204
4760	-0.12826
4762	-0.12591
4764	-0.1237
4766	-0.12126
4768	-0.11744
4770	-0.11443
4772	-0.11187
4774	-0.11019
4776	-0.1073
4778	-0.10303
4780	-0.09993
4782	-0.09671
4784	-0.09381
4786	-0.09103
4788	-0.08754
4790	-0.08433
4792	-0.0807
4794	-0.07655
4796	-0.07422
4798	-0.0715
4800	-0.06758
4802	-0.06334
4804	-0.06099
4806	-0.05829
4808	-0.05629
4810	-0.05296
4812	-0.04835
4814	-0.04554
4816	-0.04238
4818	-0.03988
4820	-0.03771
4822	-0.03524
4824	-0.03268
4826	-0.03107
4828	-0.02811
4830	-0.02568
4832	-0.02404
4834	-0.02152
4836	-0.01995
4838	-0.0193
4840	-0.01652
4842	-0.01537
4844	-0.01325
4846	-0.01288
4848	-0.01197
4850	-0.0102
4852	-0.01023
4854	-0.0097
4856	-0.009
4858	-0.00831
4860	-0.00682
4862	-0.00538
4864	-0.00486
4866	-0.00372
4868	-0.00217
4870	-0.00158
4872	-5.32037E-4
4874	7.44596E-4
4876	0.00202
4878	0.00105
4880	0.00164
4882	0.00296
4884	0.00297
4886	0.00139
4888	0.00216
4890	0.00207
4892	0.00134
4894	0.00236
4896	0.00217
4898	0.00286
4900	0.00285
4902	0.00303
4904	0.00337
4906	0.00301
4908	0.00393
4910	0.00412
4912	0.00437
4914	0.00507
4916	0.00564
4918	0.006
4920	0.00476
4922	0.00467
4924	0.00465
4926	-0.01113
4928	-0.11122
4930	-0.30678
4932	-0.55692
4934	-0.82688
4936	-1.09405
4938	-1.34342
4940	-1.56765
4942	-1.76587
4944	-1.93852
4946	-2.08565
4948	-2.20906
4950	-2.30998
4952	-2.39204
4954	-2.45088
4956	-2.46088
4958	-2.39622
4960	-2.27219
4962	-2.11289
4964	-1.93898
4966	-1.76395
4968	-1.59648
4970	-1.44303
4972	-1.304
4974	-1.1793
4976	-1.06773
4978	-0.97028
4980	-0.88568
4982	-0.8106
4984	-0.74486
4986	-0.68774
4988	-0.63913
4990	-0.59752
4992	-0.56073
4994	-0.52859
4996	-0.50014
4998	-0.47613
5000	-0.45786
5002	-0.44143
5004	-0.42443
5006	-0.41067
5008	-0.39789
5010	-0.38638
5012	-0.37575
5014	-0.36682
5016	-0.35816
5018	-0.35099
5020	-0.34433
5022	-0.33773
5024	-0.33152
5026	-0.32631
5028	-0.32002
5030	-0.31524
5032	-0.31059
5034	-0.30574
5036	-0.3017
5038	-0.29717
5040	-0.29304
5042	-0.28922
5044	-0.28536
5046	-0.2812
5048	-0.27813
5050	-0.27412
5052	-0.27063
5054	-0.2685
5056	-0.26586
5058	-0.26287
5060	-0.26054
5062	-0.25814
5064	-0.25613
5066	-0.25369
5068	-0.25262
5070	-0.25011
5072	-0.24915
5074	-0.24894
5076	-0.24853
5078	-0.24735
5080	-0.24581
5082	-0.24408
5084	-0.2424
5086	-0.24174
5088	-0.24029
5090	-0.24029
5092	-0.23931
5094	-0.23861
5096	-0.23746
5098	-0.23544
5100	-0.23447
5102	-0.23345
5104	-0.23317
5106	-0.23247
5108	-0.22988
5110	-0.22985
5112	-0.22978
5114	-0.22903
5116	-0.22853
5118	-0.22771
5120	-0.22625
5122	-0.22558
5124	-0.2249
5126	-0.22471
5128	-0.22492
5130	-0.22435
5132	-0.22307
5134	-0.22225
5136	-0.22139
5138	-0.22091
5140	-0.22072
5142	-0.2187
5144	-0.21852
5146	-0.21961
5148	-0.21905
5150	-0.21809
5152	-0.21663
5154	-0.21776
5156	-0.21834
5158	-0.21746
5160	-0.21597
5162	-0.2158
5164	-0.21548
5166	-0.21406
5168	-0.21332
5170	-0.21251
5172	-0.21182
5174	-0.21095
5176	-0.20982
5178	-0.20986
5180	-0.20964
5182	-0.20846
5184	-0.20816
5186	-0.20882
5188	-0.20859
5190	-0.20955
5192	-0.20934
5194	-0.20998
5196	-0.20812
5198	-0.2067
5200	-0.20637
5202	-0.20527
5204	-0.20442
5206	-0.20468
5208	-0.20437
5210	-0.20349
5212	-0.20348
5214	-0.20324
5216	-0.20223
5218	-0.20193
5220	-0.20124
5222	-0.20117
5224	-0.20208
5226	-0.20041
5228	-0.20022
5230	-0.19964
5232	-0.1985
5234	-0.19907
5236	-0.19925
5238	-0.19844
5240	-0.19894
5242	-0.19779
5244	-0.197
5246	-0.19744
5248	-0.19509
5250	-0.19475
5252	-0.19555
5254	-0.19666
5256	-0.19591
5258	-0.19461
5260	-0.19441
5262	-0.19452
5264	-0.19339
5266	-0.19294
5268	-0.19244
5270	-0.1914
5272	-0.19015
5274	-0.18848
5276	-0.18612
5278	-0.18495
5280	-0.18352
5282	-0.18268
5284	-0.1816
5286	-0.18262
5288	-0.18184
5290	-0.18021
5292	-0.17954
5294	-0.17878
5296	-0.17817
5298	-0.17737
5300	-0.17687
5302	-0.17482
5304	-0.17308
5306	-0.17197
5308	-0.17119
5310	-0.17092
5312	-0.16929
5314	-0.16694
5316	-0.16529
5318	-0.1651
5320	-0.16352
5322	-0.1622
5324	-0.16331
5326	-0.16187
5328	-0.1601
5330	-0.15907
5332	-0.15866
5334	-0.1562
5336	-0.15385
5338	-0.15243
5340	-0.15106
5342	-0.14871
5344	-0.14787
5346	-0.14705
5348	-0.14653
5350	-0.14607
5352	-0.14384
5354	-0.14197
5356	-0.13976
5358	-0.13945
5360	-0.13603
5362	-0.13294
5364	-0.12981
5366	-0.12711
5368	-0.12495
5370	-0.12218
5372	-0.12016
5374	-0.11804
5376	-0.1153
5378	-0.11354
5380	-0.11015
5382	-0.10697
5384	-0.10312
5386	-0.09878
5388	-0.09601
5390	-0.09351
5392	-0.0909
5394	-0.08734
5396	-0.0839
5398	-0.07925
5400	-0.07544
5402	-0.07208
5404	-0.0686
5406	-0.06592
5408	-0.06388
5410	-0.06012
5412	-0.05669
5414	-0.05416
5416	-0.05229
5418	-0.04854
5420	-0.04507
5422	-0.04238
5424	-0.03954
5426	-0.03673
5428	-0.03433
5430	-0.03207
5432	-0.03012
5434	-0.02849
5436	-0.02678
5438	-0.02624
5440	-0.02473
5442	-0.02193
5444	-0.01994
5446	-0.01814
5448	-0.01652
5450	-0.01472
5452	-0.01308
5454	-0.01223
5456	-0.00991
5458	-0.00822
5460	-0.0066
5462	-0.00474
5464	-0.00381
5466	-0.00338
5468	-0.00163
5470	-5.40983E-4
5472	-2.14199E-4
5474	-0.00112
5476	-1.27631E-4
5478	7.21152E-4
5480	0.00203
5482	0.0028
5484	0.00251
5486	0.00222
5488	0.00315
5490	0.00331
5492	0.00291
5494	0.004
5496	0.00478
5498	0.00435
5500	0.00449
5502	0.00624
5504	0.0061
5506	0.00617
5508	0.00519
5510	0.00456
5512	0.00514
5514	0.00596
5516	0.00478
5518	0.00442
5520	0.00555
5522	0.00638
5524	0.00623
5526	-0.00486
5528	-0.07936
5530	-0.23756
5532	-0.44717
5534	-0.67969
5536	-0.91283
5538	-1.13133
5540	-1.32437
5542	-1.4921
5544	-1.6379
5546	-1.76035
5548	-1.86228
5550	-1.94489
5552	-2.01035
5554	-2.05884
5556	-2.07422
5558	-2.0302
5560	-1.93287
5562	-1.80153
5564	-1.65498
5566	-1.50703
5568	-1.36594
5570	-1.23611
5572	-1.11829
5574	-1.01238
5576	-0.92
5578	-0.83799
5580	-0.76664
5582	-0.70553
5584	-0.65082
5586	-0.60459
5588	-0.5628
5590	-0.52608
5592	-0.49539
5594	-0.46979
5596	-0.44652
5598	-0.42716
5600	-0.41132
5602	-0.39502
5604	-0.38101
5606	-0.36855
5608	-0.35745
5610	-0.34757
5612	-0.33908
5614	-0.332
5616	-0.32432
5618	-0.31734
5620	-0.31091
5622	-0.30502
5624	-0.30033
5626	-0.2961
5628	-0.29107
5630	-0.2874
5632	-0.28425
5634	-0.28058
5636	-0.27663
5638	-0.27339
5640	-0.26956
5642	-0.26675
5644	-0.26441
5646	-0.2621
5648	-0.26002
5650	-0.25887
5652	-0.25558
5654	-0.25297
5656	-0.25103
5658	-0.24902
5660	-0.24741
5662	-0.24613
5664	-0.24438
5666	-0.24206
5668	-0.24004
5670	-0.23857
5672	-0.23698
5674	-0.23607
5676	-0.23469
5678	-0.23414
5680	-0.23251
5682	-0.23076
5684	-0.22876
5686	-0.22741
5688	-0.22746
5690	-0.22709
5692	-0.22592
5694	-0.22447
5696	-0.22453
5698	-0.22505
5700	-0.22435
5702	-0.22323
5704	-0.22302
5706	-0.22103
5708	-0.2206
5710	-0.22041
5712	-0.21933
5714	-0.21921
5716	-0.21737
5718	-0.2156
5720	-0.21468
5722	-0.21336
5724	-0.21271
5726	-0.21228
5728	-0.21161
5730	-0.21146
5732	-0.21195
5734	-0.21054
5736	-0.20878
5738	-0.20846
5740	-0.2078
5742	-0.20714
5744	-0.20725
5746	-0.20606
5748	-0.20567
5750	-0.20526
5752	-0.20338
5754	-0.20366
5756	-0.20271
5758	-0.20204
5760	-0.20179
5762	-0.20037
5764	-0.20076
5766	-0.20095
5768	-0.20021
5770	-0.19939
5772	-0.19939
5774	-0.19892
5776	-0.19827
5778	-0.19755
5780	-0.19697
5782	-0.19636
5784	-0.1958
5786	-0.19529
5788	-0.19522
5790	-0.19416
5792	-0.19466
5794	-0.19397
5796	-0.19346
5798	-0.19284
5800	-0.19434
5802	-0.19479
5804	-0.19459
5806	-0.19389
5808	-0.19291
5810	-0.19289
5812	-0.19237
5814	-0.19146
5816	-0.19047
5818	-0.18907
5820	-0.18886
5822	-0.18973
5824	-0.18913
5826	-0.18843
5828	-0.1885
5830	-0.18867
5832	-0.18847
5834	-0.18824
5836	-0.18603
5838	-0.18531
5840	-0.18563
5842	-0.18466
5844	-0.18472
5846	-0.18379
5848	-0.1827
5850	-0.18178
5852	-0.18073
5854	-0.17992
5856	-0.17971
5858	-0.17803
5860	-0.17782
5862	-0.17667
5864	-0.17584
5866	-0.17554
5868	-0.175
5870	-0.17442
5872	-0.17348
5874	-0.17183
5876	-0.17119
5878	-0.17025
5880	-0.1702
5882	-0.16911
5884	-0.1679
5886	-0.16601
5888	-0.16584
5890	-0.16469
5892	-0.16332
5894	-0.16262
5896	-0.1617
5898	-0.16147
5900	-0.16159
5902	-0.16042
5904	-0.16002
5906	-0.15978
5908	-0.15931
5910	-0.15868
5912	-0.15754
5914	-0.15644
5916	-0.15615
5918	-0.1558
5920	-0.15371
5922	-0.15227
5924	-0.1513
5926	-0.15101
5928	-0.14972
5930	-0.14887
5932	-0.14585
5934	-0.14297
5936	-0.14117
5938	-0.13942
5940	-0.13735
5942	-0.13614
5944	-0.13389
5946	-0.1309
5948	-0.12907
5950	-0.12726
5952	-0.12601
5954	-0.12499
5956	-0.12147
5958	-0.11958
5960	-0.11915
5962	-0.11725
5964	-0.11526
5966	-0.11225
5968	-0.1104
5970	-0.10971
5972	-0.10738
5974	-0.10548
5976	-0.10479
5978	-0.10315
5980	-0.10063
5982	-0.09845
5984	-0.09624
5986	-0.09329
5988	-0.09167
5990	-0.08947
5992	-0.08755
5994	-0.08518
5996	-0.08266
5998	-0.08043
6000	-0.0784
6002	-0.07581
6004	-0.07336
6006	-0.07157
6008	-0.06913
6010	-0.06578
6012	-0.06279
6014	-0.05964
6016	-0.05602
6018	-0.0546
6020	-0.05128
6022	-0.04833
6024	-0.0454
6026	-0.04367
6028	-0.04213
6030	-0.04034
6032	-0.03851
6034	-0.03543
6036	-0.03335
6038	-0.03149
6040	-0.02865
6042	-0.02783
6044	-0.02582
6046	-0.0234
6048	-0.02285
6050	-0.02175
6052	-0.01915
6054	-0.01847
6056	-0.01683
6058	-0.01489
6060	-0.01302
6062	-0.01162
6064	-0.01028
6066	-0.00814
6068	-0.00731
6070	-0.00644
6072	-0.00488
6074	-0.00551
6076	-0.00442
6078	-0.00437
6080	-0.00361
6082	-0.00463
6084	-0.00438
6086	-0.00313
6088	-0.00262
6090	-0.00223
6092	-0.00158
6094	-8.60063E-4
6096	6.60152E-4
6098	9.92366E-4
6100	0.00256
6102	0.00252
6104	0.00333
6106	0.00286
6108	0.00251
6110	0.00353
6112	0.00351
6114	0.00322
6116	0.00353
6118	0.00411
6120	0.0035
6122	0.00434
6124	0.00475
6126	2.88367E-4
6128	-0.05152
6130	-0.17634
6132	-0.34551
6134	-0.53675
6136	-0.72976
6138	-0.91101
6140	-1.07515
6142	-1.21946
6144	-1.34624
6146	-1.45419
6148	-1.5444
6150	-1.61759
6152	-1.67588
6154	-1.72138
6156	-1.74326
6158	-1.71767
6160	-1.64551
6162	-1.54268
6164	-1.42388
6166	-1.30358
6168	-1.18719
6170	-1.07994
6172	-0.98161
6174	-0.8936
6176	-0.8149
6178	-0.74549
6180	-0.6838
6182	-0.63064
6184	-0.58453
6186	-0.54342
6188	-0.50764
6190	-0.47756
6192	-0.45218
6194	-0.43128
6196	-0.41234
6198	-0.39543
6200	-0.3797
6202	-0.36653
6204	-0.35538
6206	-0.34521
6208	-0.33698
6210	-0.32949
6212	-0.32103
6214	-0.315
6216	-0.30976
6218	-0.30278
6220	-0.29766
6222	-0.29195
6224	-0.28745
6226	-0.28331
6228	-0.27968
6230	-0.27553
6232	-0.27167
6234	-0.26981
6236	-0.26627
6238	-0.26203
6240	-0.25925
6242	-0.25719
6244	-0.25424
6246	-0.25224
6248	-0.25192
6250	-0.24994
6252	-0.24719
6254	-0.24649
6256	-0.24449
6258	-0.24302
6260	-0.24181
6262	-0.24027
6264	-0.23898
6266	-0.23789
6268	-0.23653
6270	-0.23491
6272	-0.23269
6274	-0.23148
6276	-0.23028
6278	-0.22876
6280	-0.22649
6282	-0.22519
6284	-0.22252
6286	-0.22064
6288	-0.21901
6290	-0.21909
6292	-0.21915
6294	-0.21901
6296	-0.21736
6298	-0.21754
6300	-0.2164
6302	-0.21527
6304	-0.21527
6306	-0.21471
6308	-0.21465
6310	-0.21474
6312	-0.21562
6314	-0.21394
6316	-0.21331
6318	-0.21375
6320	-0.21312
6322	-0.21271
6324	-0.2113
6326	-0.21043
6328	-0.20874
6330	-0.209
6332	-0.20829
6334	-0.20836
6336	-0.20771
6338	-0.20647
6340	-0.20447
6342	-0.20289
6344	-0.20144
6346	-0.20005
6348	-0.19954
6350	-0.19973
6352	-0.19931
6354	-0.19832
6356	-0.19631
6358	-0.19525
6360	-0.19578
6362	-0.19475
6364	-0.19333
6366	-0.19209
6368	-0.19171
6370	-0.19231
6372	-0.19181
6374	-0.19133
6376	-0.19017
6378	-0.19004
6380	-0.19052
6382	-0.19167
6384	-0.19228
6386	-0.19195
6388	-0.19134
6390	-0.19124
6392	-0.19093
6394	-0.19235
6396	-0.19331
6398	-0.19192
6400	-0.19109
6402	-0.19179
6404	-0.19151
6406	-0.19122
6408	-0.19085
6410	-0.1904
6412	-0.18947
6414	-0.18822
6416	-0.18653
6418	-0.1854
6420	-0.1838
6422	-0.18309
6424	-0.18385
6426	-0.18263
6428	-0.18245
6430	-0.18207
6432	-0.17967
6434	-0.17876
6436	-0.17706
6438	-0.1768
6440	-0.17684
6442	-0.17585
6444	-0.17515
6446	-0.17419
6448	-0.17359
6450	-0.17327
6452	-0.17209
6454	-0.17023
6456	-0.16999
6458	-0.17019
6460	-0.16972
6462	-0.1686
6464	-0.16718
6466	-0.16686
6468	-0.16609
6470	-0.16607
6472	-0.16622
6474	-0.1653
6476	-0.16485
6478	-0.16483
6480	-0.16429
6482	-0.16296
6484	-0.16256
6486	-0.16198
6488	-0.15965
6490	-0.15751
6492	-0.15566
6494	-0.15531
6496	-0.15453
6498	-0.15381
6500	-0.15333
6502	-0.15219
6504	-0.15041
6506	-0.14957
6508	-0.14866
6510	-0.14776
6512	-0.14725
6514	-0.14747
6516	-0.14559
6518	-0.14298
6520	-0.14205
6522	-0.14107
6524	-0.13987
6526	-0.1394
6528	-0.13791
6530	-0.13638
6532	-0.13485
6534	-0.13406
6536	-0.13359
6538	-0.13329
6540	-0.13185
6542	-0.13093
6544	-0.1302
6546	-0.12773
6548	-0.12509
6550	-0.12367
6552	-0.1233
6554	-0.12093
6556	-0.11947
6558	-0.11732
6560	-0.11615
6562	-0.11464
6564	-0.11236
6566	-0.11045
6568	-0.11009
6570	-0.10867
6572	-0.10642
6574	-0.10389
6576	-0.10288
6578	-0.10154
6580	-0.10063
6582	-0.09974
6584	-0.09874
6586	-0.09648
6588	-0.09406
6590	-0.09237
6592	-0.0902
6594	-0.08819
6596	-0.08674
6598	-0.08335
6600	-0.08064
6602	-0.07912
6604	-0.07713
6606	-0.07433
6608	-0.07267
6610	-0.06986
6612	-0.06755
6614	-0.06564
6616	-0.06474
6618	-0.06168
6620	-0.05802
6622	-0.05492
6624	-0.05297
6626	-0.05152
6628	-0.04912
6630	-0.04726
6632	-0.04568
6634	-0.04246
6636	-0.03993
6638	-0.03696
6640	-0.03486
6642	-0.03309
6644	-0.03152
6646	-0.02984
6648	-0.02774
6650	-0.02652
6652	-0.02458
6654	-0.02268
6656	-0.02077
6658	-0.01738
6660	-0.0155
6662	-0.01423
6664	-0.0131
6666	-0.01052
6668	-0.00907
6670	-0.00745
6672	-0.00656
6674	-0.00613
6676	-0.00508
6678	-0.00448
6680	-0.00399
6682	-0.00168
6684	-7.87498E-4
6686	-3.3846E-5
6688	-5.71941E-5
6690	8.15458E-4
6692	0.00171
6694	0.00211
6696	0.00353
6698	0.00573
6700	0.00725
6702	0.00895
6704	0.00926
6706	0.0108
6708	0.01079
6710	0.01134
6712	0.01274
6714	0.01267
6716	0.01342
6718	0.01309
6720	0.01239
6722	0.01272
6724	0.0127
6726	0.01072
6728	-0.03154
6730	-0.13546
6732	-0.27711
6734	-0.43589
6736	-0.59789
6738	-0.75012
6740	-0.88753
6742	-1.00967
6744	-1.11537
6746	-1.20621
6748	-1.28161
6750	-1.34477
6752	-1.39323
6754	-1.43052
6756	-1.44811
6758	-1.42693
6760	-1.37128
6762	-1.2919
6764	-1.19832
6766	-1.10165
6768	-1.00669
6770	-0.91656
6772	-0.83499
6774	-0.76394
6776	-0.69904
6778	-0.6412
6780	-0.58964
6782	-0.54784
6784	-0.51039
6786	-0.47764
6788	-0.4492
6790	-0.42377
6792	-0.40244
6794	-0.38447
6796	-0.36894
6798	-0.35501
6800	-0.34212
6802	-0.33098
6804	-0.32171
6806	-0.31357
6808	-0.30727
6810	-0.30021
6812	-0.29242
6814	-0.28664
6816	-0.28046
6818	-0.2757
6820	-0.27098
6822	-0.26647
6824	-0.26354
6826	-0.26019
6828	-0.25663
6830	-0.25243
6832	-0.25193
6834	-0.24935
6836	-0.24778
6838	-0.24593
6840	-0.24361
6842	-0.24137
6844	-0.24005
6846	-0.23878
6848	-0.23731
6850	-0.23694
6852	-0.23643
6854	-0.23477
6856	-0.23374
6858	-0.23265
6860	-0.23084
6862	-0.22934
6864	-0.22761
6866	-0.22661
6868	-0.22591
6870	-0.22598
6872	-0.22571
6874	-0.2245
6876	-0.22355
6878	-0.22193
6880	-0.22095
6882	-0.22081
6884	-0.21952
6886	-0.21846
6888	-0.21809
6890	-0.21717
6892	-0.21644
6894	-0.2162
6896	-0.21533
6898	-0.21505
6900	-0.21482
6902	-0.21415
6904	-0.21276
6906	-0.21147
6908	-0.21121
6910	-0.2105
6912	-0.20946
6914	-0.20943
6916	-0.2079
6918	-0.20678
6920	-0.20573
6922	-0.20494
6924	-0.2057
6926	-0.20637
6928	-0.20719
6930	-0.20596
6932	-0.20497
6934	-0.20485
6936	-0.20438
6938	-0.2051
6940	-0.20348
6942	-0.20377
6944	-0.20369
6946	-0.20409
6948	-0.20345
6950	-0.20269
6952	-0.20225
6954	-0.20192
6956	-0.20156
6958	-0.20104
6960	-0.19964
6962	-0.19824
6964	-0.1981
6966	-0.19896
6968	-0.1981
6970	-0.19714
6972	-0.19634
6974	-0.19477
6976	-0.1946
6978	-0.19447
6980	-0.19385
6982	-0.19318
6984	-0.1939
6986	-0.19279
6988	-0.19263
6990	-0.19281
6992	-0.19265
6994	-0.19276
6996	-0.19331
6998	-0.1927
7000	-0.19179
7002	-0.19019
7004	-0.18953
7006	-0.18956
7008	-0.18889
7010	-0.18785
7012	-0.18601
7014	-0.18527
7016	-0.18437
7018	-0.18355
7020	-0.18327
7022	-0.18216
7024	-0.18098
7026	-0.17974
7028	-0.17976
7030	-0.18017
7032	-0.1793
7034	-0.17702
7036	-0.17626
7038	-0.17491
7040	-0.17341
7042	-0.17257
7044	-0.17088
7046	-0.16946
7048	-0.16951
7050	-0.16983
7052	-0.16955
7054	-0.16948
7056	-0.16866
7058	-0.16682
7060	-0.16593
7062	-0.16421
7064	-0.16347
7066	-0.16327
7068	-0.16266
7070	-0.16257
7072	-0.16243
7074	-0.16139
7076	-0.16071
7078	-0.16
7080	-0.15879
7082	-0.1583
7084	-0.15795
7086	-0.15785
7088	-0.15725
7090	-0.15664
7092	-0.15535
7094	-0.15537
7096	-0.15485
7098	-0.1547
7100	-0.15367
7102	-0.1527
7104	-0.15031
7106	-0.14981
7108	-0.1494
7110	-0.1487
7112	-0.14655
7114	-0.14473
7116	-0.14326
7118	-0.1427
7120	-0.14234
7122	-0.14278
7124	-0.14246
7126	-0.14188
7128	-0.14212
7130	-0.14097
7132	-0.13953
7134	-0.1381
7136	-0.13706
7138	-0.13596
7140	-0.13407
7142	-0.13268
7144	-0.13014
7146	-0.12918
7148	-0.12885
7150	-0.12753
7152	-0.12583
7154	-0.12366
7156	-0.12167
7158	-0.12168
7160	-0.1211
7162	-0.1188
7164	-0.11717
7166	-0.11478
7168	-0.11274
7170	-0.11109
7172	-0.11064
7174	-0.11016
7176	-0.10793
7178	-0.10586
7180	-0.10388
7182	-0.1022
7184	-0.10054
7186	-0.09881
7188	-0.09799
7190	-0.09589
7192	-0.09498
7194	-0.09291
7196	-0.09091
7198	-0.08959
7200	-0.08725
7202	-0.08513
7204	-0.08359
7206	-0.08196
7208	-0.07946
7210	-0.07791
7212	-0.07495
7214	-0.07155
7216	-0.0702
7218	-0.06882
7220	-0.06659
7222	-0.06422
7224	-0.06321
7226	-0.06151
7228	-0.0592
7230	-0.05694
7232	-0.05401
7234	-0.05102
7236	-0.04853
7238	-0.04716
7240	-0.04628
7242	-0.04462
7244	-0.04219
7246	-0.04029
7248	-0.03828
7250	-0.03579
7252	-0.03294
7254	-0.02968
7256	-0.02701
7258	-0.02584
7260	-0.02263
7262	-0.02013
7264	-0.01816
7266	-0.01571
7268	-0.01331
7270	-0.0114
7272	-0.00856
7274	-0.00638
7276	-0.00462
7278	-0.00261
7280	-6.8966E-4
7282	0.00107
7284	0.0031
7286	0.00416
7288	0.00458
7290	0.0044
7292	0.00431
7294	0.00417
7296	0.00447
7298	0.00468
7300	0.00562
7302	0.00599
7304	0.00719
7306	0.00926
7308	0.00953
7310	0.00906
7312	0.00867
7314	0.00883
7316	0.00998
7318	0.01088
7320	0.01142
7322	0.01177
7324	0.01265
7326	0.01062
7328	-0.01383
7330	-0.09139
7332	-0.20506
7334	-0.33282
7336	-0.46414
7338	-0.59178
7340	-0.70807
7342	-0.81262
7344	-0.90378
7346	-0.98001
7348	-1.04221
7350	-1.09344
7352	-1.13687
7354	-1.17163
7356	-1.19326
7358	-1.18847
7360	-1.15238
7362	-1.0937
7364	-1.02132
7366	-0.94384
7368	-0.8665
7370	-0.79484
7372	-0.72877
7374	-0.66801
7376	-0.61294
7378	-0.56486
7380	-0.52203
7382	-0.48498
7384	-0.45173
7386	-0.42369
7388	-0.4
7390	-0.3782
7392	-0.35899
7394	-0.34312
7396	-0.32827
7398	-0.3164
7400	-0.30575
7402	-0.29544
7404	-0.28716
7406	-0.28
7408	-0.27274
7410	-0.267
7412	-0.26239
7414	-0.25786
7416	-0.25305
7418	-0.24933
7420	-0.24685
7422	-0.2445
7424	-0.24188
7426	-0.23747
7428	-0.23478
7430	-0.23136
7432	-0.22923
7434	-0.22782
7436	-0.22671
7438	-0.22559
7440	-0.22438
7442	-0.22331
7444	-0.22131
7446	-0.21929
7448	-0.21896
7450	-0.21912
7452	-0.21791
7454	-0.21587
7456	-0.21479
7458	-0.21415
7460	-0.21312
7462	-0.21164
7464	-0.20997
7466	-0.20886
7468	-0.20754
7470	-0.20532
7472	-0.20517
7474	-0.2046
7476	-0.20411
7478	-0.20443
7480	-0.20341
7482	-0.20206
7484	-0.20138
7486	-0.19999
7488	-0.19823
7490	-0.19855
7492	-0.19754
7494	-0.1974
7496	-0.19712
7498	-0.19715
7500	-0.19548
7502	-0.19482
7504	-0.19499
7506	-0.19425
7508	-0.19401
7510	-0.1926
7512	-0.19435
7514	-0.19473
7516	-0.19302
7518	-0.19158
7520	-0.18917
7522	-0.18962
7524	-0.18922
7526	-0.19053
7528	-0.18968
7530	-0.18847
7532	-0.18913
7534	-0.18804
7536	-0.18763
7538	-0.18728
7540	-0.18727
7542	-0.18649
7544	-0.18572
7546	-0.18573
7548	-0.18561
7550	-0.1861
7552	-0.18598
7554	-0.18622
7556	-0.1857
7558	-0.1848
7560	-0.18441
7562	-0.18397
7564	-0.18469
7566	-0.18481
7568	-0.18463
7570	-0.1849
7572	-0.18503
7574	-0.18378
7576	-0.1838
7578	-0.18412
7580	-0.18243
7582	-0.18109
7584	-0.18103
7586	-0.18061
7588	-0.18002
7590	-0.17875
7592	-0.17859
7594	-0.17761
7596	-0.17681
7598	-0.17795
7600	-0.1767
7602	-0.17682
7604	-0.17662
7606	-0.17479
7608	-0.17353
7610	-0.17175
7612	-0.17163
7614	-0.17169
7616	-0.17129
7618	-0.16955
7620	-0.16847
7622	-0.16766
7624	-0.16733
7626	-0.16646
7628	-0.16574
7630	-0.16447
7632	-0.16326
7634	-0.1625
7636	-0.16218
7638	-0.16251
7640	-0.16178
7642	-0.16161
7644	-0.16143
7646	-0.1613
7648	-0.1604
7650	-0.15888
7652	-0.15878
7654	-0.15826
7656	-0.15739
7658	-0.15661
7660	-0.15572
7662	-0.15565
7664	-0.1559
7666	-0.15531
7668	-0.15516
7670	-0.15511
7672	-0.15443
7674	-0.1556
7676	-0.15576
7678	-0.15582
7680	-0.15427
7682	-0.1536
7684	-0.15327
7686	-0.15318
7688	-0.15215
7690	-0.15179
7692	-0.15119
7694	-0.15075
7696	-0.15088
7698	-0.14994
7700	-0.14826
7702	-0.14769
7704	-0.14714
7706	-0.14608
7708	-0.14628
7710	-0.1458
7712	-0.14434
7714	-0.14303
7716	-0.14304
7718	-0.14133
7720	-0.14045
7722	-0.14029
7724	-0.13867
7726	-0.13791
7728	-0.13658
7730	-0.13615
7732	-0.13319
7734	-0.13103
7736	-0.12958
7738	-0.12866
7740	-0.1291
7742	-0.12785
7744	-0.12608
7746	-0.1243
7748	-0.12435
7750	-0.12345
7752	-0.12189
7754	-0.12059
7756	-0.11908
7758	-0.1174
7760	-0.11576
7762	-0.11406
7764	-0.11209
7766	-0.10924
7768	-0.10722
7770	-0.10716
7772	-0.10587
7774	-0.10365
7776	-0.1016
7778	-0.09992
7780	-0.09874
7782	-0.09696
7784	-0.09669
7786	-0.0952
7788	-0.09343
7790	-0.0938
7792	-0.09253
7794	-0.08942
7796	-0.0866
7798	-0.08521
7800	-0.08417
7802	-0.08229
7804	-0.07973
7806	-0.07839
7808	-0.076
7810	-0.07356
7812	-0.07103
7814	-0.07061
7816	-0.0694
7818	-0.06712
7820	-0.0643
7822	-0.06107
7824	-0.05954
7826	-0.05831
7828	-0.05658
7830	-0.05309
7832	-0.05103
7834	-0.04837
7836	-0.04675
7838	-0.04446
7840	-0.04194
7842	-0.04018
7844	-0.039
7846	-0.03687
7848	-0.03385
7850	-0.0315
7852	-0.02942
7854	-0.02725
7856	-0.02557
7858	-0.02276
7860	-0.02096
7862	-0.01863
7864	-0.01701
7866	-0.01437
7868	-0.01105
7870	-0.01017
7872	-0.00934
7874	-0.00879
7876	-0.00765
7878	-0.0065
7880	-0.00561
7882	-0.00373
7884	-0.00221
7886	-0.00181
7888	-8.43829E-4
7890	-2.48534E-5
7892	0.00104
7894	0.0011
7896	0.0015
7898	0.0016
7900	0.00368
7902	0.00491
7904	0.00609
7906	0.00629
7908	0.00743
7910	0.00822
7912	0.00887
7914	0.00915
7916	0.00905
7918	0.00936
7920	0.00985
7922	0.00994
7924	0.00991
7926	0.00949
7928	-0.00687
7930	-0.06434
7932	-0.15388
7934	-0.2582
7936	-0.36725
7938	-0.47268
7940	-0.57113
7942	-0.65696
7944	-0.73327
7946	-0.79927
7948	-0.85422
7950	-0.8995
7952	-0.93536
7954	-0.96233
7956	-0.98045
7958	-0.9803
7960	-0.95694
7962	-0.91362
7964	-0.85866
7966	-0.79878
7968	-0.73644
7970	-0.67786
7972	-0.62376
7974	-0.57448
7976	-0.52997
7978	-0.48943
7980	-0.45409
7982	-0.42276
7984	-0.39569
7986	-0.37242
7988	-0.35283
7990	-0.33564
7992	-0.31937
7994	-0.30635
7996	-0.29452
7998	-0.28407
8000	-0.27467
8002	-0.26857
8004	-0.26283
8006	-0.25769
8008	-0.25278
8010	-0.24884
8012	-0.24518
8014	-0.24138
8016	-0.23764
8018	-0.23399
8020	-0.23211
8022	-0.22852
8024	-0.22545
8026	-0.22348
8028	-0.22093
8030	-0.21851
8032	-0.21585
8034	-0.21265
8036	-0.21033
8038	-0.20863
8040	-0.2065
8042	-0.20502
8044	-0.20358
8046	-0.20096
8048	-0.19927
8050	-0.19951
8052	-0.19769
8054	-0.19593
8056	-0.1967
8058	-0.19762
8060	-0.19638
8062	-0.19554
8064	-0.1939
8066	-0.19267
8068	-0.19281
8070	-0.19215
8072	-0.19113
8074	-0.19062
8076	-0.1891
8078	-0.18791
8080	-0.18656
8082	-0.1853
8084	-0.18613
8086	-0.18551
8088	-0.18354
8090	-0.18315
8092	-0.18317
8094	-0.18234
8096	-0.18175
8098	-0.18276
8100	-0.18299
8102	-0.1825
8104	-0.18131
8106	-0.18151
8108	-0.18111
8110	-0.18118
8112	-0.18079
8114	-0.17958
8116	-0.17799
8118	-0.17777
8120	-0.17715
8122	-0.17748
8124	-0.17775
8126	-0.17631
8128	-0.17566
8130	-0.17565
8132	-0.17551
8134	-0.17529
8136	-0.17587
8138	-0.17492
8140	-0.17383
8142	-0.17357
8144	-0.17218
8146	-0.17249
8148	-0.17055
8150	-0.16956
8152	-0.16922
8154	-0.16758
8156	-0.16638
8158	-0.16575
8160	-0.16507
8162	-0.16517
8164	-0.16484
8166	-0.16461
8168	-0.16358
8170	-0.16326
8172	-0.16239
8174	-0.16135
8176	-0.16155
8178	-0.16067
8180	-0.15962
8182	-0.16045
8184	-0.16027
8186	-0.1588
8188	-0.15714
8190	-0.1575
8192	-0.15806
8194	-0.15774
8196	-0.15677
8198	-0.15595
8200	-0.15605
8202	-0.15447
8204	-0.15359
8206	-0.15379
8208	-0.15316
8210	-0.15283
8212	-0.15251
8214	-0.15235
8216	-0.15261
8218	-0.15226
8220	-0.15117
8222	-0.15123
8224	-0.1505
8226	-0.14945
8228	-0.1495
8230	-0.14971
8232	-0.14943
8234	-0.14835
8236	-0.14758
8238	-0.1473
8240	-0.14706
8242	-0.14797
8244	-0.14827
8246	-0.14797
8248	-0.14802
8250	-0.14766
8252	-0.14764
8254	-0.14708
8256	-0.1461
8258	-0.14529
8260	-0.14512
8262	-0.14508
8264	-0.14454
8266	-0.14399
8268	-0.143
8270	-0.14461
8272	-0.14462
8274	-0.14319
8276	-0.14193
8278	-0.14063
8280	-0.14086
8282	-0.14067
8284	-0.14006
8286	-0.13872
8288	-0.13754
8290	-0.137
8292	-0.13601
8294	-0.13444
8296	-0.1332
8298	-0.13301
8300	-0.13219
8302	-0.13166
8304	-0.13195
8306	-0.13057
8308	-0.12982
8310	-0.12979
8312	-0.12785
8314	-0.12623
8316	-0.12615
8318	-0.12492
8320	-0.12305
8322	-0.12219
8324	-0.12172
8326	-0.12106
8328	-0.12056
8330	-0.12008
8332	-0.11889
8334	-0.11681
8336	-0.11592
8338	-0.11457
8340	-0.11369
8342	-0.11251
8344	-0.11136
8346	-0.11087
8348	-0.10981
8350	-0.10981
8352	-0.10806
8354	-0.10555
8356	-0.10505
8358	-0.10374
8360	-0.10206
8362	-0.10087
8364	-0.10017
8366	-0.09915
8368	-0.09755
8370	-0.09632
8372	-0.09435
8374	-0.09244
8376	-0.09051
8378	-0.08844
8380	-0.08548
8382	-0.08414
8384	-0.08439
8386	-0.08202
8388	-0.08039
8390	-0.07898
8392	-0.0776
8394	-0.07521
8396	-0.07417
8398	-0.07187
8400	-0.07091
8402	-0.07013
8404	-0.06817
8406	-0.06596
8408	-0.0647
8410	-0.0628
8412	-0.06112
8414	-0.05887
8416	-0.0566
8418	-0.05503
8420	-0.05387
8422	-0.05154
8424	-0.0493
8426	-0.04828
8428	-0.04581
8430	-0.04484
8432	-0.0443
8434	-0.04221
8436	-0.03968
8438	-0.03807
8440	-0.03625
8442	-0.03369
8444	-0.0328
8446	-0.03253
8448	-0.03135
8450	-0.03062
8452	-0.02825
8454	-0.02658
8456	-0.02433
8458	-0.02284
8460	-0.02234
8462	-0.02008
8464	-0.01896
8466	-0.01769
8468	-0.01692
8470	-0.01615
8472	-0.01441
8474	-0.0122
8476	-0.01065
8478	-0.00926
8480	-0.00749
8482	-0.00601
8484	-0.00516
8486	-0.00464
8488	-0.00469
8490	-0.00309
8492	-0.00128
8494	-5.43701E-4
8496	0.00155
8498	0.00267
8500	0.00481
8502	0.00767
8504	0.00851
8506	0.01025
8508	0.0104
8510	0.01079
8512	0.01196
8514	0.01242
8516	0.01301
8518	0.01353
8520	0.01514
8522	0.01661
8524	0.01779
8526	0.01802
8528	0.0078
8530	-0.03323
8532	-0.09921
8534	-0.17856
8536	-0.26308
8538	-0.34934
8540	-0.42979
8542	-0.50281
8544	-0.56579
8546	-0.61884
8548	-0.6655
8550	-0.70529
8552	-0.73727
8554	-0.76234
8556	-0.77787
8558	-0.78292
8560	-0.77136
8562	-0.74335
8564	-0.70251
8566	-0.65547
8568	-0.60839
8570	-0.56304
8572	-0.5207
8574	-0.48097
8576	-0.44554
8578	-0.4142
8580	-0.38648
8582	-0.36216
8584	-0.3412
8586	-0.3222
8588	-0.30574
8590	-0.29049
8592	-0.27838
8594	-0.26819
8596	-0.25842
8598	-0.25064
8600	-0.24411
8602	-0.23778
8604	-0.2312
8606	-0.22529
8608	-0.22046
8610	-0.21691
8612	-0.21434
8614	-0.21029
8616	-0.20685
8618	-0.20489
8620	-0.20237
8622	-0.20062
8624	-0.19819
8626	-0.19641
8628	-0.19531
8630	-0.19451
8632	-0.19379
8634	-0.19164
8636	-0.19006
8638	-0.18921
8640	-0.18823
8642	-0.18627
8644	-0.18444
8646	-0.18252
8648	-0.18177
8650	-0.18138
8652	-0.17959
8654	-0.17871
8656	-0.17776
8658	-0.17803
8660	-0.17598
8662	-0.1761
8664	-0.1763
8666	-0.17552
8668	-0.17504
8670	-0.17368
8672	-0.17238
8674	-0.17245
8676	-0.17204
8678	-0.17181
8680	-0.17069
8682	-0.17024
8684	-0.17014
8686	-0.16796
8688	-0.1668
8690	-0.16666
8692	-0.16523
8694	-0.16367
8696	-0.16265
8698	-0.16277
8700	-0.16359
8702	-0.16277
8704	-0.16208
8706	-0.1613
8708	-0.16085
8710	-0.16052
8712	-0.16005
8714	-0.15975
8716	-0.15999
8718	-0.15892
8720	-0.15733
8722	-0.15738
8724	-0.15793
8726	-0.15759
8728	-0.15647
8730	-0.15738
8732	-0.15781
8734	-0.15698
8736	-0.15685
8738	-0.15654
8740	-0.15547
8742	-0.1549
8744	-0.15467
8746	-0.15351
8748	-0.15279
8750	-0.15235
8752	-0.15176
8754	-0.15207
8756	-0.15184
8758	-0.1492
8760	-0.14784
8762	-0.14747
8764	-0.14678
8766	-0.14632
8768	-0.14734
8770	-0.14842
8772	-0.14813
8774	-0.1484
8776	-0.14847
8778	-0.14834
8780	-0.14746
8782	-0.14679
8784	-0.14561
8786	-0.14462
8788	-0.14458
8790	-0.1444
8792	-0.14467
8794	-0.14395
8796	-0.14256
8798	-0.14105
8800	-0.14037
8802	-0.13974
8804	-0.13853
8806	-0.13781
8808	-0.13681
8810	-0.13577
8812	-0.1344
8814	-0.13441
8816	-0.13398
8818	-0.13417
8820	-0.13521
8822	-0.13569
8824	-0.13512
8826	-0.13478
8828	-0.13328
8830	-0.13215
8832	-0.13217
8834	-0.13212
8836	-0.13112
8838	-0.13001
8840	-0.13048
8842	-0.12893
8844	-0.12779
8846	-0.1279
8848	-0.12686
8850	-0.1262
8852	-0.12562
8854	-0.12506
8856	-0.12456
8858	-0.12358
8860	-0.12203
8862	-0.12143
8864	-0.12098
8866	-0.11985
8868	-0.11947
8870	-0.12064
8872	-0.12043
8874	-0.12033
8876	-0.11925
8878	-0.11875
8880	-0.11778
8882	-0.11656
8884	-0.11547
8886	-0.11468
8888	-0.11429
8890	-0.11372
8892	-0.11375
8894	-0.11365
8896	-0.11199
8898	-0.11174
8900	-0.11264
8902	-0.11227
8904	-0.11036
8906	-0.10916
8908	-0.10909
8910	-0.10988
8912	-0.1099
8914	-0.108
8916	-0.10627
8918	-0.1047
8920	-0.10437
8922	-0.10382
8924	-0.10274
8926	-0.1016
8928	-0.099
8930	-0.09812
8932	-0.09767
8934	-0.09645
8936	-0.0951
8938	-0.09495
8940	-0.09487
8942	-0.09384
8944	-0.09275
8946	-0.09221
8948	-0.09215
8950	-0.09039
8952	-0.08915
8954	-0.08775
8956	-0.08775
8958	-0.08712
8960	-0.08568
8962	-0.08464
8964	-0.08416
8966	-0.08338
8968	-0.08128
8970	-0.07911
8972	-0.07769
8974	-0.07569
8976	-0.07464
8978	-0.07308
8980	-0.07171
8982	-0.07039
8984	-0.0679
8986	-0.06574
8988	-0.06521
8990	-0.06408
8992	-0.06282
8994	-0.06164
8996	-0.06026
8998	-0.05891
9000	-0.057
9002	-0.05731
9004	-0.05613
9006	-0.05521
9008	-0.05229
9010	-0.04955
9012	-0.04762
9014	-0.04685
9016	-0.04553
9018	-0.04389
9020	-0.04225
9022	-0.04142
9024	-0.03947
9026	-0.0378
9028	-0.03509
9030	-0.03302
9032	-0.03177
9034	-0.02952
9036	-0.02843
9038	-0.02638
9040	-0.02407
9042	-0.02294
9044	-0.02093
9046	-0.01845
9048	-0.01553
9050	-0.01265
9052	-0.01102
9054	-0.00973
9056	-0.00751
9058	-0.00445
9060	-0.00231
9062	-0.0016
9064	-0.00214
9066	7.46056E-4
9068	0.00347
9070	0.00492
9072	0.00655
9074	0.00854
9076	0.01057
9078	0.01121
9080	0.01219
9082	0.01321
9084	0.01515
9086	0.01701
9088	0.01892
9090	0.0211
9092	0.02293
9094	0.0251
9096	0.02594
9098	0.0284
9100	0.02999
9102	0.0294
9104	0.03099
9106	0.03363
9108	0.03602
9110	0.03853
9112	0.0396
9114	0.03936
9116	0.04095
9118	0.04301
9120	0.04371
9122	0.04487
9124	0.04593
9126	0.04686
9128	0.04077
9130	0.01034
9132	-0.0391
9134	-0.09999
9136	-0.1683
9138	-0.23681
9140	-0.30155
9142	-0.36049
9144	-0.41282
9146	-0.45824
9148	-0.49695
9150	-0.53016
9152	-0.55703
9154	-0.57814
9156	-0.59448
9158	-0.6045
9160	-0.60458
9162	-0.58903
9164	-0.56255
9166	-0.52786
9168	-0.49061
9170	-0.45462
9172	-0.42109
9174	-0.38928
9176	-0.36032
9178	-0.33454
9180	-0.3139
9182	-0.29396
9184	-0.27636
9186	-0.26209
9188	-0.24933
9190	-0.23962
9192	-0.23144
9194	-0.22328
9196	-0.21633
9198	-0.20983
9200	-0.20355
9202	-0.19831
9204	-0.19393
9206	-0.19064
9208	-0.18726
9210	-0.18395
9212	-0.18105
9214	-0.17928
9216	-0.17775
9218	-0.17637
9220	-0.17538
9222	-0.17377
9224	-0.17207
9226	-0.17014
9228	-0.16905
9230	-0.1692
9232	-0.16821
9234	-0.16746
9236	-0.16616
9238	-0.16483
9240	-0.16482
9242	-0.16476
9244	-0.16344
9246	-0.16204
9248	-0.16065
9250	-0.16028
9252	-0.16065
9254	-0.16126
9256	-0.16109
9258	-0.16067
9260	-0.16111
9262	-0.16045
9264	-0.16147
9266	-0.16226
9268	-0.16162
9270	-0.16065
9272	-0.16049
9274	-0.16018
9276	-0.15966
9278	-0.15926
9280	-0.15849
9282	-0.15836
9284	-0.15748
9286	-0.15793
9288	-0.15808
9290	-0.15829
9292	-0.15983
9294	-0.15994
9296	-0.15976
9298	-0.1591
9300	-0.15864
9302	-0.15728
9304	-0.15676
9306	-0.15607
9308	-0.15565
9310	-0.15511
9312	-0.1542
9314	-0.15298
9316	-0.15336
9318	-0.1546
9320	-0.15265
9322	-0.15211
9324	-0.15136
9326	-0.15169
9328	-0.15258
9330	-0.15249
9332	-0.15186
9334	-0.15094
9336	-0.14965
9338	-0.14967
9340	-0.14929
9342	-0.14793
9344	-0.14732
9346	-0.14724
9348	-0.14716
9350	-0.14696
9352	-0.14643
9354	-0.14506
9356	-0.14353
9358	-0.143
9360	-0.14354
9362	-0.14461
9364	-0.14354
9366	-0.14232
9368	-0.14133
9370	-0.14175
9372	-0.1418
9374	-0.14063
9376	-0.13906
9378	-0.13799
9380	-0.13862
9382	-0.13827
9384	-0.13826
9386	-0.13834
9388	-0.13853
9390	-0.13802
9392	-0.13791
9394	-0.13768
9396	-0.13672
9398	-0.13516
9400	-0.13534
9402	-0.13464
9404	-0.13496
9406	-0.13488
9408	-0.13408
9410	-0.13452
9412	-0.13541
9414	-0.13522
9416	-0.1342
9418	-0.13323
9420	-0.13219
9422	-0.13154
9424	-0.13271
9426	-0.13176
9428	-0.1304
9430	-0.12944
9432	-0.12931
9434	-0.12967
9436	-0.12984
9438	-0.13025
9440	-0.12992
9442	-0.12976
9444	-0.12937
9446	-0.12834
9448	-0.12714
9450	-0.12611
9452	-0.12629
9454	-0.12571
9456	-0.12493
9458	-0.12414
9460	-0.12503
9462	-0.12413
9464	-0.12279
9466	-0.12198
9468	-0.12027
9470	-0.11912
9472	-0.11816
9474	-0.11719
9476	-0.11543
9478	-0.11481
9480	-0.11481
9482	-0.11364
9484	-0.11281
9486	-0.11268
9488	-0.11314
9490	-0.11356
9492	-0.11285
9494	-0.11133
9496	-0.11131
9498	-0.10999
9500	-0.10905
9502	-0.10849
9504	-0.10887
9506	-0.10729
9508	-0.10586
9510	-0.10569
9512	-0.10442
9514	-0.10293
9516	-0.10344
9518	-0.10253
9520	-0.10136
9522	-0.09941
9524	-0.09843
9526	-0.09732
9528	-0.0965
9530	-0.09584
9532	-0.09393
9534	-0.09337
9536	-0.09326
9538	-0.09291
9540	-0.09209
9542	-0.09167
9544	-0.09026
9546	-0.08814
9548	-0.08529
9550	-0.08398
9552	-0.08114
9554	-0.0787
9556	-0.0782
9558	-0.07729
9560	-0.07595
9562	-0.07546
9564	-0.07331
9566	-0.07114
9568	-0.07169
9570	-0.06923
9572	-0.06775
9574	-0.06753
9576	-0.06663
9578	-0.06503
9580	-0.06432
9582	-0.0643
9584	-0.06218
9586	-0.06155
9588	-0.06078
9590	-0.05923
9592	-0.05794
9594	-0.05618
9596	-0.05426
9598	-0.05356
9600	-0.05255
9602	-0.0514
9604	-0.04911
9606	-0.04789
9608	-0.04585
9610	-0.0444
9612	-0.04387
9614	-0.04309
9616	-0.04176
9618	-0.04099
9620	-0.03945
9622	-0.03821
9624	-0.03692
9626	-0.03503
9628	-0.03243
9630	-0.03154
9632	-0.02936
9634	-0.02706
9636	-0.02533
9638	-0.02437
9640	-0.02296
9642	-0.02113
9644	-0.01985
9646	-0.0178
9648	-0.01434
9650	-0.01272
9652	-0.01247
9654	-0.01078
9656	-0.00901
9658	-0.00797
9660	-0.00588
9662	-0.00329
9664	-0.00213
9666	-5.55121E-4
9668	7.6321E-4
9670	0.00264
9672	0.00317
9674	0.00325
9676	0.00534
9678	0.00673
9680	0.00928
9682	0.01157
9684	0.01284
9686	0.01397
9688	0.01489
9690	0.01632
9692	0.01737
9694	0.01875
9696	0.01983
9698	0.02055
9700	0.02167
9702	0.02367
9704	0.02441
9706	0.02525
9708	0.02575
9710	0.02649
9712	0.02691
9714	0.02728
9716	0.02809
9718	0.02885
9720	0.03009
9722	0.0301
9724	0.02936
9726	0.02959
9728	0.02642
9730	0.00594
9732	-0.03149
9734	-0.08065
9736	-0.13458
9738	-0.18772
9740	-0.2389
9742	-0.28602
9744	-0.32642
9746	-0.36223
9748	-0.39279
9750	-0.41859
9752	-0.44103
9754	-0.461
9756	-0.47819
9758	-0.4922
9760	-0.49761
9762	-0.49154
9764	-0.47404
9766	-0.45042
9768	-0.42522
9770	-0.39947
9772	-0.37498
9774	-0.35216
9776	-0.33224
9778	-0.31506
9780	-0.29831
9782	-0.28445
9784	-0.27225
9786	-0.26163
9788	-0.25186
9790	-0.2442
9792	-0.23717
9794	-0.23089
9796	-0.2254
9798	-0.21992
9800	-0.21439
9802	-0.21048
9804	-0.20788
9806	-0.20556
9808	-0.2038
9810	-0.20153
9812	-0.19882
9814	-0.19653
9816	-0.19506
9818	-0.19302
9820	-0.19207
9822	-0.19129
9824	-0.19033
9826	-0.18954
9828	-0.18799
9830	-0.18559
9832	-0.18305
9834	-0.18319
9836	-0.18316
9838	-0.1808
9840	-0.17917
9842	-0.17894
9844	-0.17724
9846	-0.17611
9848	-0.17618
9850	-0.17535
9852	-0.17378
9854	-0.17293
9856	-0.17268
9858	-0.17248
9860	-0.17098
9862	-0.16999
9864	-0.16954
9866	-0.16991
9868	-0.16966
9870	-0.16763
9872	-0.16713
9874	-0.16578
9876	-0.16469
9878	-0.16344
9880	-0.16175
9882	-0.16199
9884	-0.162
9886	-0.16192
9888	-0.16172
9890	-0.16116
9892	-0.16168
9894	-0.16117
9896	-0.16066
9898	-0.15929
9900	-0.15903
9902	-0.15894
9904	-0.1585
9906	-0.15874
9908	-0.1589
9910	-0.15875
9912	-0.15809
9914	-0.15718
9916	-0.15599
9918	-0.15576
9920	-0.15577
9922	-0.15447
9924	-0.15446
9926	-0.15413
9928	-0.15336
9930	-0.15406
9932	-0.15396
9934	-0.15313
9936	-0.15211
9938	-0.15198
9940	-0.15159
9942	-0.15072
9944	-0.15021
9946	-0.15086
9948	-0.14968
9950	-0.14842
9952	-0.14764
9954	-0.14665
9956	-0.14586
9958	-0.14582
9960	-0.14596
9962	-0.145
9964	-0.14435
9966	-0.14411
9968	-0.14335
9970	-0.14126
9972	-0.14012
9974	-0.14008
9976	-0.13952
9978	-0.1393
9980	-0.13975
9982	-0.1385
9984	-0.13718
9986	-0.13714
9988	-0.13695
9990	-0.13721
9992	-0.13761
9994	-0.13724
9996	-0.13618
9998	-0.13501
10000	-0.13325
10002	-0.13297
10004	-0.13336
10006	-0.13315
10008	-0.13261
10010	-0.13192
10012	-0.13213
10014	-0.13174
10016	-0.13101
10018	-0.13003
10020	-0.12975
10022	-0.13016
10024	-0.13051
10026	-0.12967
10028	-0.12904
10030	-0.12871
10032	-0.1291
10034	-0.1286
10036	-0.12675
10038	-0.12621
10040	-0.12595
10042	-0.12521
10044	-0.1247
10046	-0.12342
10048	-0.12249
10050	-0.12244
10052	-0.12169
10054	-0.12175
10056	-0.12125
10058	-0.12128
10060	-0.12195
10062	-0.12111
10064	-0.12027
10066	-0.12013
10068	-0.11899
10070	-0.11888
10072	-0.11887
10074	-0.11816
10076	-0.11776
10078	-0.11794
10080	-0.11692
10082	-0.11756
10084	-0.11851
10086	-0.11882
10088	-0.11873
10090	-0.11799
10092	-0.11685
10094	-0.11715
10096	-0.1164
10098	-0.11554
10100	-0.1147
10102	-0.1146
10104	-0.11504
10106	-0.11524
10108	-0.11404
10110	-0.11271
10112	-0.11304
10114	-0.11222
10116	-0.11094
10118	-0.11011
10120	-0.11004
10122	-0.10942
10124	-0.10786
10126	-0.10542
10128	-0.10367
10130	-0.10175
10132	-0.09979
10134	-0.09839
10136	-0.0974
10138	-0.09693
10140	-0.09563
10142	-0.0935
10144	-0.09356
10146	-0.09297
10148	-0.09088
10150	-0.08921
10152	-0.0883
10154	-0.08654
10156	-0.08533
10158	-0.08457
10160	-0.08376
10162	-0.08222
10164	-0.08151
10166	-0.08039
10168	-0.07894
10170	-0.0779
10172	-0.07767
10174	-0.07724
10176	-0.0754
10178	-0.0747
10180	-0.07363
10182	-0.07258
10184	-0.0717
10186	-0.07119
10188	-0.07006
10190	-0.06904
10192	-0.06739
10194	-0.06597
10196	-0.06524
10198	-0.06539
10200	-0.06373
10202	-0.06263
10204	-0.06153
10206	-0.05934
10208	-0.0575
10210	-0.0558
10212	-0.05478
10214	-0.05463
10216	-0.05343
10218	-0.05261
10220	-0.05074
10222	-0.04913
10224	-0.04794
10226	-0.0459
10228	-0.04466
10230	-0.04335
10232	-0.04127
10234	-0.03863
10236	-0.03721
10238	-0.03649
10240	-0.03548
10242	-0.03403
10244	-0.03282
10246	-0.03071
10248	-0.02901
10250	-0.02805
10252	-0.02717
10254	-0.02567
10256	-0.02452
10258	-0.02277
10260	-0.02113
10262	-0.01939
10264	-0.01838
10266	-0.01729
10268	-0.01594
10270	-0.01479
10272	-0.01387
10274	-0.01174
10276	-0.01117
10278	-0.00997
10280	-0.00809
10282	-0.00639
10284	-0.00633
10286	-0.00512
10288	-0.00256
10290	-9.09235E-4
10292	-5.59441E-4
10294	0.00146
10296	0.00167
10298	0.00114
10300	0.00238
10302	0.00407
10304	0.00563
10306	0.00641
10308	0.00737
10310	0.00789
10312	0.00938
10314	0.01005
10316	0.01079
10318	0.01219
10320	0.01414
10322	0.01452
10324	0.01524
10326	0.01669
10328	0.01352
10330	0.0012
10332	-0.02337
10334	-0.05684
10336	-0.09626
10338	-0.138
10340	-0.17832
10342	-0.2154
10344	-0.24848
10346	-0.27717
10348	-0.30238
10350	-0.32341
10352	-0.34032
10354	-0.35372
10356	-0.3631
10358	-0.374
10360	-0.38311
10362	-0.38292
10364	-0.37538
10366	-0.36183
10368	-0.34613
10370	-0.32964
10372	-0.31317
10374	-0.29698
10376	-0.28166
10378	-0.26835
10380	-0.2571
10382	-0.24644
10384	-0.23656
10386	-0.22803
10388	-0.22027
10390	-0.21365
10392	-0.20684
10394	-0.20208
10396	-0.19803
10398	-0.19473
10400	-0.19199
10402	-0.18975
10404	-0.18516
10406	-0.18267
10408	-0.18114
10410	-0.17833
10412	-0.17547
10414	-0.17285
10416	-0.17004
10418	-0.16747
10420	-0.1673
10422	-0.16643
10424	-0.16519
10426	-0.16314
10428	-0.16172
10430	-0.15946
10432	-0.15687
10434	-0.15508
10436	-0.1532
10438	-0.15158
10440	-0.14939
10442	-0.14817
10444	-0.14755
10446	-0.14721
10448	-0.146
10450	-0.14525
10452	-0.14488
10454	-0.14419
10456	-0.14368
10458	-0.14413
10460	-0.14448
10462	-0.14294
10464	-0.14222
10466	-0.14139
10468	-0.14115
10470	-0.14016
10472	-0.13864
10474	-0.13838
10476	-0.13829
10478	-0.13848
10480	-0.13709
10482	-0.136
10484	-0.13602
10486	-0.1351
10488	-0.1345
10490	-0.13399
10492	-0.13356
10494	-0.13414
10496	-0.13464
10498	-0.13333
10500	-0.13314
10502	-0.13209
10504	-0.13275
10506	-0.13127
10508	-0.13012
10510	-0.12991
10512	-0.13102
10514	-0.13009
10516	-0.12895
10518	-0.12821
10520	-0.12726
10522	-0.1272
10524	-0.12737
10526	-0.12773
10528	-0.12717
10530	-0.12647
10532	-0.12671
10534	-0.12716
10536	-0.12617
10538	-0.12544
10540	-0.12461
10542	-0.1242
10544	-0.12378
10546	-0.12407
10548	-0.12349
10550	-0.12319
10552	-0.12269
10554	-0.12331
10556	-0.12309
10558	-0.12269
10560	-0.12182
10562	-0.12059
10564	-0.12021
10566	-0.11903
10568	-0.11928
10570	-0.11801
10572	-0.11793
10574	-0.118
10576	-0.11755
10578	-0.11534
10580	-0.11441
10582	-0.11551
10584	-0.11544
10586	-0.11485
10588	-0.11445
10590	-0.11414
10592	-0.11372
10594	-0.11291
10596	-0.1125
10598	-0.11289
10600	-0.11269
10602	-0.1119
10604	-0.11082
10606	-0.10883
10608	-0.10796
10610	-0.10805
10612	-0.10836
10614	-0.10904
10616	-0.10771
10618	-0.10698
10620	-0.10694
10622	-0.1071
10624	-0.10682
10626	-0.10535
10628	-0.10508
10630	-0.10539
10632	-0.10556
10634	-0.107
10636	-0.10732
10638	-0.10919
10640	-0.10791
10642	-0.1078
10644	-0.10822
10646	-0.10888
10648	-0.1091
10650	-0.10855
10652	-0.10835
10654	-0.10744
10656	-0.10693
10658	-0.10742
10660	-0.10772
10662	-0.10712
10664	-0.10649
10666	-0.10612
10668	-0.10685
10670	-0.10708
10672	-0.10524
10674	-0.10438
10676	-0.10426
10678	-0.10317
10680	-0.10313
10682	-0.1036
10684	-0.1022
10686	-0.10114
10688	-0.10117
10690	-0.10132
10692	-0.10019
10694	-0.10019
10696	-0.09984
10698	-0.09785
10700	-0.09701
10702	-0.09775
10704	-0.09758
10706	-0.09548
10708	-0.09459
10710	-0.09451
10712	-0.09456
10714	-0.09401
10716	-0.09315
10718	-0.09083
10720	-0.09062
10722	-0.09194
10724	-0.09261
10726	-0.09158
10728	-0.09059
10730	-0.09011
10732	-0.08914
10734	-0.08772
10736	-0.0866
10738	-0.08543
10740	-0.08476
10742	-0.08443
10744	-0.08464
10746	-0.08414
10748	-0.08312
10750	-0.0817
10752	-0.08076
10754	-0.08115
10756	-0.08035
10758	-0.07995
10760	-0.07879
10762	-0.07714
10764	-0.07667
10766	-0.07574
10768	-0.07489
10770	-0.07463
10772	-0.07272
10774	-0.07105
10776	-0.07046
10778	-0.07062
10780	-0.06928
10782	-0.06694
10784	-0.06498
10786	-0.06583
10788	-0.06632
10790	-0.06507
10792	-0.06274
10794	-0.0605
10796	-0.0589
10798	-0.05751
10800	-0.05668
10802	-0.05606
10804	-0.05446
10806	-0.05254
10808	-0.05219
10810	-0.05199
10812	-0.04984
10814	-0.04834
10816	-0.04758
10818	-0.04667
10820	-0.045
10822	-0.04319
10824	-0.04109
10826	-0.04113
10828	-0.04046
10830	-0.0393
10832	-0.03663
10834	-0.0348
10836	-0.03303
10838	-0.0313
10840	-0.03009
10842	-0.02806
10844	-0.02736
10846	-0.02648
10848	-0.02493
10850	-0.02295
10852	-0.02115
10854	-0.01972
10856	-0.01897
10858	-0.01777
10860	-0.0161
10862	-0.01432
10864	-0.01299
10866	-0.01181
10868	-0.01051
10870	-0.00792
10872	-0.00681
10874	-0.00562
10876	-0.00435
10878	-0.00265
10880	-0.00107
10882	5.14116E-4
10884	0.00236
10886	0.00412
10888	0.00493
10890	0.00507
10892	0.00597
10894	0.00945
10896	0.01145
10898	0.01385
10900	0.01586
10902	0.01808
10904	0.01918
10906	0.02001
10908	0.02073
10910	0.02155
10912	0.02239
10914	0.02389
10916	0.02592
10918	0.02682
10920	0.02855
10922	0.03023
10924	0.03076
10926	0.03189
10928	0.03126
10930	0.02685
10932	0.01012
10934	-0.01209
10936	-0.03893
10938	-0.06753
10940	-0.09621
10942	-0.12411
10944	-0.14874
10946	-0.1705
10948	-0.18965
10950	-0.20618
10952	-0.21938
10954	-0.22908
10956	-0.23742
10958	-0.24713
10960	-0.25635
10962	-0.26271
10964	-0.26504
10966	-0.26008
10968	-0.25277
10970	-0.24384
10972	-0.23382
10974	-0.22378
10976	-0.21402
10978	-0.20546
10980	-0.19774
10982	-0.19048
10984	-0.18404
10986	-0.17792
10988	-0.17176
10990	-0.16649
10992	-0.16357
10994	-0.16012
10996	-0.15733
10998	-0.15519
11000	-0.15317
11002	-0.15139
11004	-0.15051
11006	-0.14995
11008	-0.14908
11010	-0.14842
11012	-0.14747
11014	-0.14722
11016	-0.1469
11018	-0.14671
11020	-0.14553
11022	-0.14468
11024	-0.14435
11026	-0.1435
11028	-0.1429
11030	-0.14261
11032	-0.14258
11034	-0.14341
11036	-0.14261
11038	-0.14271
11040	-0.14425
11042	-0.14372
11044	-0.14291
11046	-0.14354
11048	-0.14246
11050	-0.14173
11052	-0.14
11054	-0.13972
11056	-0.13944
11058	-0.139
11060	-0.1392
11062	-0.1401
11064	-0.14034
11066	-0.14044
11068	-0.14161
11070	-0.14206
11072	-0.14248
11074	-0.14365
11076	-0.1442
11078	-0.14312
11080	-0.14305
11082	-0.14381
11084	-0.1424
11086	-0.14124
11088	-0.14178
11090	-0.14119
11092	-0.14107
11094	-0.14192
11096	-0.14249
11098	-0.14156
11100	-0.14042
11102	-0.14021
11104	-0.14099
11106	-0.14184
11108	-0.14007
11110	-0.13842
11112	-0.13798
11114	-0.13853
11116	-0.13987
11118	-0.14094
11120	-0.14001
11122	-0.13967
11124	-0.13868
11126	-0.13768
11128	-0.13675
11130	-0.13591
11132	-0.13443
11134	-0.13392
11136	-0.13359
11138	-0.1318
11140	-0.13179
11142	-0.13152
11144	-0.12938
11146	-0.12796
11148	-0.127
11150	-0.12676
11152	-0.12686
11154	-0.126
11156	-0.12718
11158	-0.1274
11160	-0.12801
11162	-0.12752
11164	-0.12717
11166	-0.12636
11168	-0.12618
11170	-0.12669
11172	-0.12738
11174	-0.12823
11176	-0.12718
11178	-0.12787
11180	-0.12843
11182	-0.12841
11184	-0.12867
11186	-0.12767
11188	-0.12684
11190	-0.12662
11192	-0.12592
11194	-0.12549
11196	-0.12473
11198	-0.12516
11200	-0.12482
11202	-0.12345
11204	-0.12141
11206	-0.11986
11208	-0.11894
11210	-0.11823
11212	-0.11668
11214	-0.11567
11216	-0.11488
11218	-0.11453
11220	-0.11476
11222	-0.1148
11224	-0.11564
11226	-0.11597
11228	-0.1148
11230	-0.11448
11232	-0.11338
11234	-0.11164
11236	-0.11018
11238	-0.10925
11240	-0.10883
11242	-0.10754
11244	-0.10676
11246	-0.10667
11248	-0.10635
11250	-0.10582
11252	-0.10585
11254	-0.10474
11256	-0.10347
11258	-0.10225
11260	-0.10234
11262	-0.10249
11264	-0.10181
11266	-0.10046
11268	-0.10055
11270	-0.10038
11272	-0.09903
11274	-0.098
11276	-0.09681
11278	-0.09603
11280	-0.09599
11282	-0.09582
11284	-0.09381
11286	-0.09361
11288	-0.09336
11290	-0.09181
11292	-0.08966
11294	-0.08863
11296	-0.08861
11298	-0.08727
11300	-0.08651
11302	-0.08649
11304	-0.08655
11306	-0.08502
11308	-0.08393
11310	-0.08434
11312	-0.08464
11314	-0.08548
11316	-0.08446
11318	-0.08346
11320	-0.08287
11322	-0.08186
11324	-0.08113
11326	-0.0816
11328	-0.0812
11330	-0.08044
11332	-0.08051
11334	-0.07893
11336	-0.07728
11338	-0.07715
11340	-0.07702
11342	-0.07772
11344	-0.0771
11346	-0.076
11348	-0.07481
11350	-0.07454
11352	-0.07232
11354	-0.07189
11356	-0.07
11358	-0.06702
11360	-0.06634
11362	-0.06503
11364	-0.06419
11366	-0.06332
11368	-0.06254
11370	-0.06043
11372	-0.0586
11374	-0.0569
11376	-0.05631
11378	-0.05526
11380	-0.05398
11382	-0.05245
11384	-0.05154
11386	-0.05034
11388	-0.0485
11390	-0.04698
11392	-0.04511
11394	-0.04295
11396	-0.04171
11398	-0.03952
11400	-0.03991
11402	-0.03916
11404	-0.03806
11406	-0.03699
11408	-0.03587
11410	-0.03436
11412	-0.03299
11414	-0.03283
11416	-0.0318
11418	-0.02888
11420	-0.02726
11422	-0.02617
11424	-0.02472
11426	-0.02359
11428	-0.02167
11430	-0.01954
11432	-0.0188
11434	-0.01659
11436	-0.01462
11438	-0.01526
11440	-0.01575
11442	-0.0148
11444	-0.01304
11446	-0.01221
11448	-0.01094
11450	-0.00953
11452	-0.00837
11454	-0.00753
11456	-0.00624
11458	-0.0056
11460	-0.00387
11462	-0.00236
11464	-0.00176
11466	-2.36635E-4
11468	9.04448E-4
11470	0.00204
11472	0.00394
11474	0.0064
11476	0.00821
11478	0.0108
11480	0.01205
11482	0.01249
11484	0.01295
11486	0.01546
11488	0.01652
11490	0.01813
11492	0.0195
11494	0.0206
11496	0.02279
11498	0.02425
11500	0.02624
11502	0.02751
11504	0.02735
11506	0.02692
11508	0.02755
11510	0.02873
11512	0.02963
11514	0.0317
11516	0.03276
11518	0.03318
11520	0.03419
11522	0.03508
11524	0.03629
11526	0.03562
11528	0.03481
11530	0.03011
11532	0.0207
11534	0.00739
11536	-0.01008
11538	-0.03133
11540	-0.0523
11542	-0.07117
11544	-0.08846
11546	-0.10402
11548	-0.11775
11550	-0.12892
11552	-0.1396
11554	-0.14807
11556	-0.15496
11558	-0.16302
11560	-0.17713
11562	-0.1904
11564	-0.19808
11566	-0.1996
11568	-0.19753
11570	-0.19402
11572	-0.19021
11574	-0.18514
11576	-0.18026
11578	-0.17644
11580	-0.17144
11582	-0.1672
11584	-0.16413
11586	-0.16048
11588	-0.15806
11590	-0.15548
11592	-0.15274
11594	-0.15052
11596	-0.14915
11598	-0.14785
11600	-0.14611
11602	-0.14465
11604	-0.14291
11606	-0.14191
11608	-0.14107
11610	-0.14079
11612	-0.13973
11614	-0.13995
11616	-0.14032
11618	-0.14006
11620	-0.14
11622	-0.13919
11624	-0.13868
11626	-0.13858
11628	-0.13994
11630	-0.1397
11632	-0.14023
11634	-0.14021
11636	-0.14071
11638	-0.14026
11640	-0.13985
11642	-0.14024
11644	-0.13955
11646	-0.13853
11648	-0.13736
11650	-0.13606
11652	-0.13617
11654	-0.13609
11656	-0.136
11658	-0.13665
11660	-0.13818
11662	-0.13868
11664	-0.13724
11666	-0.13639
11668	-0.13642
11670	-0.13652
11672	-0.13587
11674	-0.13447
11676	-0.13361
11678	-0.13475
11680	-0.1352
11682	-0.13546
11684	-0.13476
11686	-0.13505
11688	-0.13458
11690	-0.13521
11692	-0.13463
11694	-0.13492
11696	-0.13498
11698	-0.13353
11700	-0.13345
11702	-0.13324
11704	-0.13235
11706	-0.13189
11708	-0.13216
11710	-0.13252
11712	-0.13164
11714	-0.13026
11716	-0.12967
11718	-0.1308
11720	-0.13137
11722	-0.13044
11724	-0.13017
11726	-0.13027
11728	-0.12988
11730	-0.13064
11732	-0.13059
11734	-0.12833
11736	-0.12702
11738	-0.12645
11740	-0.12633
11742	-0.12698
11744	-0.12714
11746	-0.12687
11748	-0.12678
11750	-0.12677
11752	-0.12658
11754	-0.12535
11756	-0.12391
11758	-0.12241
11760	-0.12198
11762	-0.12149
11764	-0.12084
11766	-0.12103
11768	-0.1209
11770	-0.11932
11772	-0.11882
11774	-0.11952
11776	-0.12063
11778	-0.12048
11780	-0.11911
11782	-0.11859
11784	-0.11768
11786	-0.1173
11788	-0.11704
11790	-0.1162
11792	-0.11593
11794	-0.11574
11796	-0.11515
11798	-0.11521
11800	-0.11456
11802	-0.11417
11804	-0.11354
11806	-0.11336
11808	-0.11218
11810	-0.11235
11812	-0.11231
11814	-0.11171
11816	-0.11205
11818	-0.11137
11820	-0.10961
11822	-0.10917
11824	-0.10983
11826	-0.10967
11828	-0.1078
11830	-0.10581
11832	-0.10376
11834	-0.10318
11836	-0.10311
11838	-0.10168
11840	-0.10095
11842	-0.10012
11844	-0.09944
11846	-0.09931
11848	-0.09936
11850	-0.09949
11852	-0.09949
11854	-0.09948
11856	-0.09817
11858	-0.0986
11860	-0.09761
11862	-0.09781
11864	-0.09885
11866	-0.09787
11868	-0.09734
11870	-0.09712
11872	-0.09704
11874	-0.09575
11876	-0.09437
11878	-0.09347
11880	-0.09267
11882	-0.09252
11884	-0.09059
11886	-0.08876
11888	-0.08716
11890	-0.08474
11892	-0.08413
11894	-0.08244
11896	-0.0803
11898	-0.07942
11900	-0.07867
11902	-0.07798
11904	-0.07576
11906	-0.07471
11908	-0.07412
11910	-0.07361
11912	-0.07169
11914	-0.06991
11916	-0.06928
11918	-0.06883
11920	-0.06748
11922	-0.06759
11924	-0.06727
11926	-0.06639
11928	-0.06658
11930	-0.06612
11932	-0.06433
11934	-0.0628
11936	-0.06262
11938	-0.06221
11940	-0.06153
11942	-0.06125
11944	-0.06115
11946	-0.06082
11948	-0.05995
11950	-0.05944
11952	-0.05884
11954	-0.05796
11956	-0.05689
11958	-0.0564
11960	-0.05483
11962	-0.05535
11964	-0.05522
11966	-0.05309
11968	-0.05249
11970	-0.05152
11972	-0.05203
11974	-0.05054
11976	-0.04889
11978	-0.04838
11980	-0.04764
11982	-0.04556
11984	-0.04474
11986	-0.04448
11988	-0.04447
11990	-0.04298
11992	-0.04208
11994	-0.04091
11996	-0.03956
11998	-0.03818
12000	-0.0376
12002	-0.0366
12004	-0.03718
12006	-0.03696
12008	-0.03482
12010	-0.03403
12012	-0.03306
12014	-0.03089
12016	-0.03002
12018	-0.03012
12020	-0.0286
12022	-0.02694
12024	-0.02659
12026	-0.0263
12028	-0.02454
12030	-0.02371
12032	-0.02306
12034	-0.02145
12036	-0.02017
12038	-0.0185
12040	-0.01798
12042	-0.0174
12044	-0.01581
12046	-0.01414
12048	-0.01336
12050	-0.01347
12052	-0.01209
12054	-0.01106
12056	-0.01071
12058	-0.01023
12060	-0.00927
12062	-0.00921
12064	-0.00833
12066	-0.00738
12068	-0.00649
12070	-0.00588
12072	-0.00494
12074	-0.0042
12076	-0.00401
12078	-0.00244
12080	-0.00205
12082	-0.00115
12084	-6.71178E-4
12086	9.64698E-5
12088	7.81117E-4
12090	0.00256
12092	0.00407
12094	0.00474
12096	0.00551
12098	0.0048
12100	0.00526
12102	0.00508
12104	0.00641
12106	0.00754
12108	0.00714
12110	0.00747
12112	0.00877
12114	0.01047
12116	0.01124
12118	0.01207
12120	0.01349
12122	0.01506
12124	0.01684
