time	cp
2	0.00305
4	0.00465
6	0.00493
8	0.00511
10	0.00453
12	0.00471
14	0.00441
16	0.00302
18	0.00289
20	0.00293
22	0.00255
24	0.0038
26	0.00499
28	0.00534
30	0.00523
32	0.00421
34	0.00317
36	0.0024
38	0.00282
40	0.00324
42	0.00261
44	0.00215
46	0.00163
48	0.001
50	7.23931E-4
52	4.55306E-4
54	8.82682E-4
56	0.0047
58	0.00627
60	0.00465
62	0.00304
64	0.00146
66	1.18936E-4
68	-9.77688E-4
70	-9.05312E-4
72	-5.59365E-5
74	1.19439E-4
76	4.60815E-4
78	8.74191E-4
80	0.00157
82	0.00165
84	0.0012
86	0.00116
88	0.00154
90	8.10445E-4
92	-3.06179E-4
94	-8.8035E-6
96	1.54572E-4
98	4.36948E-4
100	8.83324E-4
102	0.00194
104	0.00179
106	0.00173
108	0.00133
110	0.00115
112	0.00173
114	0.00141
116	3.36329E-4
118	1.92705E-4
120	-1.02919E-4
122	-5.25434E-5
124	0.00101
126	0.00714
128	0.09523
130	0.37549
132	0.78285
134	1.23978
136	1.69742
138	2.13012
140	2.52573
142	2.88302
144	3.19658
146	3.47614
148	3.71823
150	3.93129
152	4.10968
154	4.24384
156	4.19018
158	3.93298
160	3.58133
162	3.20313
164	2.83568
166	2.49494
168	2.186
170	1.91157
172	1.66796
174	1.45367
176	1.26732
178	1.10633
180	0.96861
182	0.84929
184	0.74795
186	0.65996
188	0.58495
190	0.52098
192	0.46537
194	0.41817
196	0.37765
198	0.34206
200	0.3115
202	0.2845
204	0.26078
206	0.24055
208	0.22191
210	0.20526
212	0.19062
214	0.17506
216	0.16266
218	0.15128
220	0.14031
222	0.13111
224	0.12277
226	0.11421
228	0.10717
230	0.10019
232	0.0933
234	0.08724
236	0.0814
238	0.07693
240	0.07272
242	0.06962
244	0.06591
246	0.06205
248	0.06011
250	0.05746
252	0.05474
254	0.05317
256	0.05083
258	0.05012
260	0.04819
262	0.04689
264	0.04499
266	0.04255
268	0.04081
270	0.03955
272	0.0372
274	0.036
276	0.03648
278	0.03551
280	0.03573
282	0.03589
284	0.03523
286	0.03406
288	0.03317
290	0.03184
292	0.03092
294	0.03033
296	0.03002
298	0.02956
300	0.02928
302	0.02862
304	0.0264
306	0.02499
308	0.02466
310	0.02342
312	0.02211
314	0.02109
316	0.02073
318	0.01964
320	0.01909
322	0.01888
324	0.01767
326	0.01629
328	0.01583
330	0.01697
332	0.01709
334	0.01615
336	0.01557
338	0.01562
340	0.01554
342	0.0159
344	0.01483
346	0.01329
348	0.01404
350	0.01434
352	0.01534
354	0.01598
356	0.01717
358	0.01649
360	0.01474
362	0.0135
364	0.01278
366	0.01232
368	0.01203
370	0.01198
372	0.01189
374	0.01172
376	0.0114
378	0.01171
380	0.01182
382	0.01106
384	0.01132
386	0.01243
388	0.01193
390	0.01151
392	0.01039
394	0.01046
396	0.01006
398	0.0101
400	0.00926
402	0.00831
404	0.00827
406	0.00769
408	0.00768
410	0.00699
412	0.00672
414	0.00606
416	0.0059
418	0.00619
420	0.00563
422	0.00667
424	0.00596
426	0.00509
428	0.00514
430	0.00536
432	0.00501
434	0.00514
436	0.00579
438	0.00582
440	0.00577
442	0.00553
444	0.00549
446	0.00525
448	0.0042
450	0.00536
452	0.00613
454	0.0046
456	0.00529
458	0.0061
460	0.00526
462	0.0047
464	0.00364
466	0.00475
468	0.00607
470	0.00579
472	0.00582
474	0.00518
476	0.00444
478	0.00459
480	0.00432
482	0.00414
484	0.00373
486	0.00312
488	0.00386
490	0.00355
492	0.00356
494	0.0036
496	0.00331
498	0.00344
500	0.00442
502	0.00453
504	0.00375
506	0.0028
508	0.00187
510	0.0019
512	0.00298
514	0.00436
516	0.00449
518	0.00496
520	0.00448
522	0.00486
524	0.00534
526	0.00461
528	0.00242
530	0.00108
532	0.00161
534	0.00212
536	0.00239
538	0.00244
540	0.00251
542	0.00158
544	0.00102
546	0.00187
548	0.00172
550	0.00155
552	0.00239
554	0.00305
556	0.00231
558	9.84365E-4
560	0.00132
562	0.00115
564	0.00273
566	0.00277
568	0.00194
570	0.00145
572	0.00135
574	5.57815E-4
576	6.99438E-5
578	0.00101
580	0.00229
582	0.00163
584	-3.35398E-5
586	2.75894E-5
588	5.81718E-4
590	2.92848E-4
592	2.88977E-4
594	3.31106E-4
596	1.48235E-4
598	-6.63593E-6
600	-2.59507E-4
602	-3.34378E-4
604	3.08751E-4
606	2.64881E-4
608	2.1601E-4
610	1.27139E-4
612	9.12268E-4
614	4.27397E-4
616	3.01526E-4
618	-2.66345E-4
620	-5.74216E-4
622	-1.83087E-4
624	-3.97957E-4
626	-3.33828E-4
628	-1.70699E-4
630	2.22841E-4
632	6.30657E-4
634	4.94473E-4
636	3.13289E-4
638	3.22105E-4
640	5.76921E-4
642	4.89738E-4
644	1.38554E-4
646	-5.3563E-4
648	4.15186E-4
650	-4.11998E-4
652	-0.00117
654	-0.0018
656	-0.0017
658	-0.00204
660	-0.0019
662	-0.0014
664	-9.26286E-4
666	-5.7847E-4
668	-5.76654E-4
670	-5.72838E-4
672	-5.39022E-4
674	-8.49206E-4
676	-0.00125
678	-0.00122
680	-0.00161
682	-9.37942E-4
684	-5.37126E-4
686	-9.5631E-4
688	-8.17494E-4
690	-2.98678E-4
692	-3.15862E-4
694	0.00115
696	-9.32297E-5
698	-0.00189
700	-0.0019
702	-7.52163E-4
704	-8.5082E-4
706	-0.00164
708	-9.52134E-4
710	6.74209E-4
712	0.00178
714	0.00132
716	8.36238E-4
718	8.15807E-5
720	9.69238E-5
722	-8.77733E-4
724	-0.00191
726	0.01038
728	0.15981
730	0.50292
732	0.94493
734	1.41205
736	1.86163
738	2.27709
740	2.6573
742	2.99514
744	3.29553
746	3.55127
748	3.77792
750	3.97075
752	4.13925
754	4.26544
756	4.22908
758	3.97989
760	3.62868
762	3.24746
764	2.8754
766	2.52937
768	2.2166
770	1.93731
772	1.69039
774	1.4734
776	1.28447
778	1.12144
780	0.98115
782	0.85918
784	0.7568
786	0.66929
788	0.59308
790	0.52854
792	0.47358
794	0.42482
796	0.38341
798	0.34754
800	0.3164
802	0.28931
804	0.26556
806	0.24411
808	0.22549
810	0.20782
812	0.19213
814	0.17642
816	0.16365
818	0.15226
820	0.14061
822	0.13029
824	0.12231
826	0.11494
828	0.10784
830	0.1006
832	0.09411
834	0.08685
836	0.07954
838	0.07404
840	0.06949
842	0.06618
844	0.06295
846	0.05947
848	0.05642
850	0.05274
852	0.04972
854	0.04805
856	0.04637
858	0.04328
860	0.04162
862	0.04019
864	0.03822
866	0.03771
868	0.03491
870	0.03343
872	0.03301
874	0.03263
876	0.03256
878	0.03192
880	0.03041
882	0.02776
884	0.02499
886	0.02436
888	0.02353
890	0.02294
892	0.02181
894	0.02124
896	0.0219
898	0.02211
900	0.02165
902	0.02129
904	0.02119
906	0.01946
908	0.01818
910	0.01829
912	0.01747
914	0.01608
916	0.01545
918	0.01533
920	0.01601
922	0.01571
924	0.01404
926	0.01435
928	0.01339
930	0.01291
932	0.01234
934	0.01285
936	0.01329
938	0.01194
940	0.01242
942	0.01099
944	0.00939
946	0.00939
948	0.00964
950	0.01019
952	0.00992
954	0.00912
956	0.00821
958	0.00804
960	0.00834
962	0.00894
964	0.0093
966	0.01068
968	0.00988
970	0.00983
972	0.00992
974	0.00891
976	0.00907
978	0.00886
980	0.0079
982	0.0074
984	0.00801
986	0.00742
988	0.0067
990	0.0064
992	0.00591
994	0.00632
996	0.00657
998	0.00622
1000	0.00617
1002	0.00603
1004	0.0073
1006	0.00717
1008	0.00588
1010	0.00446
1012	0.00424
1014	0.00322
1016	0.00384
1018	0.00482
1020	0.00511
1022	0.00458
1024	0.00485
1026	0.00397
1028	0.00354
1030	0.00451
1032	0.00438
1034	0.00483
1036	0.00527
1038	0.00514
1040	0.00596
1042	0.00585
1044	0.00604
1046	0.00633
1048	0.0057
1050	0.00446
1052	0.004
1054	0.00351
1056	0.00324
1058	0.00314
1060	0.0028
1062	0.00282
1064	0.00337
1066	0.00329
1068	0.00349
1070	0.00425
1072	0.0039
1074	0.00383
1076	0.00398
1078	0.00462
1080	0.00473
1082	0.00383
1084	0.00411
1086	0.00437
1088	0.0037
1090	0.00213
1092	0.00221
1094	0.0024
1096	0.00303
1098	0.00282
1100	0.00237
1102	0.00143
1104	0.00154
1106	0.00245
1108	7.96667E-4
1110	8.85434E-4
1112	0.00153
1114	0.00314
1116	0.0028
1118	0.00302
1120	0.00253
1122	0.00116
1124	0.00146
1126	0.00245
1128	0.00357
1130	0.00351
1132	0.00376
1134	0.00324
1136	0.00361
1138	0.00342
1140	0.00354
1142	0.00307
1144	0.00279
1146	0.00259
1148	0.00215
1150	0.00158
1152	0.00113
1154	0.00123
1156	0.00139
1158	4.37831E-4
1160	4.79597E-4
1162	6.13364E-4
1164	7.8713E-4
1166	7.44897E-4
1168	0.00101
1170	0.00176
1172	0.00235
1174	0.00256
1176	0.0018
1178	7.18496E-4
1180	4.32263E-4
1182	0.00148
1184	0.00121
1186	0.00127
1188	5.32329E-4
1190	0.00159
1192	0.00175
1194	0.00151
1196	7.15395E-4
1198	8.93162E-4
1200	-2.36072E-4
1202	-0.00197
1204	-0.0013
1206	-8.13772E-4
1208	7.40994E-4
1210	1.61761E-4
1212	-4.24725E-5
1214	-0.00118
1216	2.39061E-4
1218	7.92827E-4
1220	-5.43406E-4
1222	2.8336E-4
1224	0.00129
1226	0.00188
1228	0.00115
1230	7.48426E-4
1232	0.0019
1234	9.8296E-4
1236	-6.02739E-5
1238	-3.55507E-4
1240	-1.69741E-4
1242	-1.38974E-4
1244	7.47923E-5
1246	0.00111
1248	5.81325E-4
1250	5.91092E-4
1252	2.56858E-4
1254	2.82625E-4
1256	9.16392E-4
1258	0.00119
1260	0.00108
1262	-2.02246E-5
1264	2.775E-4
1266	5.05224E-4
1268	5.56948E-4
1270	-6.56328E-4
1272	-9.76037E-5
1274	-2.52879E-4
1276	-5.07155E-4
1278	-0.00149
1280	-0.00131
1282	-6.70983E-4
1284	2.77414E-5
1286	2.03466E-4
1288	5.7919E-4
1290	0.00182
1292	6.98638E-4
1294	-0.00106
1296	-0.00128
1298	-0.00198
1300	-0.00183
1302	-0.00152
1304	-3.30167E-5
1306	4.19707E-4
1308	0.00147
1310	0.00193
1312	0.00136
1314	3.15604E-4
1316	1.70328E-4
1318	-8.39474E-5
1320	1.81777E-4
1322	-6.13499E-4
1324	-9.16775E-4
1326	0.00885
1328	0.14031
1330	0.47173
1332	0.90588
1334	1.36971
1336	1.81853
1338	2.23568
1340	2.61218
1342	2.94974
1344	3.2448
1346	3.50324
1348	3.72579
1350	3.91781
1352	4.08245
1354	4.21768
1356	4.2025
1358	3.97325
1360	3.63264
1362	3.25575
1364	2.88522
1366	2.53997
1368	2.22687
1370	1.9449
1372	1.69618
1374	1.48057
1376	1.29168
1378	1.12679
1380	0.98591
1382	0.86342
1384	0.75883
1386	0.66955
1388	0.59326
1390	0.52869
1392	0.47287
1394	0.42503
1396	0.38402
1398	0.34794
1400	0.3154
1402	0.28764
1404	0.26409
1406	0.24215
1408	0.222
1410	0.20325
1412	0.18863
1414	0.17373
1416	0.15998
1418	0.14867
1420	0.13848
1422	0.1295
1424	0.1208
1426	0.11155
1428	0.1032
1430	0.09685
1432	0.09072
1434	0.08498
1436	0.08057
1438	0.07509
1440	0.07004
1442	0.06638
1444	0.06245
1446	0.05982
1448	0.05658
1450	0.05446
1452	0.05316
1454	0.0503
1456	0.04698
1458	0.04565
1460	0.044
1462	0.04227
1464	0.04045
1466	0.03872
1468	0.03756
1470	0.03554
1472	0.03301
1474	0.03062
1476	0.03004
1478	0.02966
1480	0.02813
1482	0.02752
1484	0.02722
1486	0.02572
1488	0.02402
1490	0.02321
1492	0.02281
1494	0.02215
1496	0.02203
1498	0.02078
1500	0.01955
1502	0.01961
1504	0.02012
1506	0.01835
1508	0.01693
1510	0.01642
1512	0.01656
1514	0.01612
1516	0.01622
1518	0.01668
1520	0.01674
1522	0.01728
1524	0.01835
1526	0.01809
1528	0.01745
1530	0.01464
1532	0.01364
1534	0.01385
1536	0.01333
1538	0.01299
1540	0.01234
1542	0.01166
1544	0.01044
1546	0.0089
1548	0.00826
1550	0.00816
1552	0.00794
1554	0.00785
1556	0.00875
1558	0.00881
1560	0.00886
1562	0.00917
1564	0.01047
1566	0.01106
1568	0.00989
1570	0.00962
1572	0.01
1574	0.00939
1576	0.00967
1578	0.00954
1580	0.01005
1582	0.00937
1584	0.00934
1586	0.00854
1588	0.00753
1590	0.00642
1592	0.00557
1594	0.00517
1596	0.00586
1598	0.00584
1600	0.00595
1602	0.00578
1604	0.00551
1606	0.0048
1608	0.00403
1610	0.00419
1612	0.00481
1614	0.00453
1616	0.00473
1618	0.00525
1620	0.00484
1622	0.00397
1624	0.00318
1626	0.00383
1628	0.00376
1630	0.0034
1632	0.00286
1634	0.00252
1636	0.00325
1638	0.00328
1640	0.00319
1642	0.00185
1644	9.3226E-4
1646	5.55862E-4
1648	0.00175
1650	0.00261
1652	0.00189
1654	0.00157
1656	0.00173
1658	0.00153
1660	0.00417
1662	0.00375
1664	0.00228
1666	0.00224
1668	0.00253
1670	0.00256
1672	0.00217
1674	0.00213
1676	0.00233
1678	0.00234
1680	0.00202
1682	0.00195
1684	0.00302
1686	0.00476
1688	0.00417
1690	0.0036
1692	0.00325
1694	0.00265
1696	0.00177
1698	0.00208
1700	0.00227
1702	0.0017
1704	0.00175
1706	7.39919E-4
1708	0.00138
1710	0.0027
1712	0.00336
1714	0.00251
1716	0.00228
1718	0.00157
1720	0.0016
1722	4.42735E-4
1724	2.16337E-4
1726	0.00102
1728	0.00133
1730	0.00165
1732	-1.34256E-4
1734	-6.55654E-4
1736	-8.87052E-4
1738	6.455E-5
1740	-2.41848E-4
1742	-8.42246E-4
1744	-7.36442E-5
1746	6.18958E-4
1748	7.0756E-4
1750	1.92162E-4
1752	9.74763E-4
1754	2.77365E-4
1756	-2.26033E-4
1758	-1.09431E-4
1760	9.98171E-4
1762	7.20773E-4
1764	-2.14625E-4
1766	5.42977E-4
1768	5.16579E-4
1770	2.70181E-4
1772	9.90783E-4
1774	0.00134
1776	5.07986E-4
1778	-2.85412E-4
1780	-7.7881E-4
1782	-7.21208E-4
1784	1.47394E-4
1786	9.64996E-4
1788	9.65979E-5
1790	-1.978E-4
1792	-0.00142
1794	-9.52596E-4
1796	-5.45994E-4
1798	-3.64393E-4
1800	-3.77791E-4
1802	-8.78189E-4
1804	-0.00123
1806	-0.00126
1808	-6.16383E-4
1810	-3.05781E-4
1812	-4.85179E-4
1814	5.93387E-4
1816	7.65232E-4
1818	-9.89238E-5
1820	3.39921E-4
1822	-2.53234E-4
1824	-6.0139E-4
1826	-4.20545E-4
1828	2.913E-4
1830	2.58144E-4
1832	-1.85011E-4
1834	7.58335E-5
1836	4.36678E-4
1838	-5.06477E-4
1840	-0.00115
1842	-8.72788E-4
1844	-9.97943E-4
1846	-0.00133
1848	-0.00122
1850	-2.16409E-4
1852	4.41435E-4
1854	3.2928E-4
1856	2.09125E-4
1858	1.94969E-4
1860	-5.39186E-4
1862	2.65877E-6
1864	-6.59497E-4
1866	-4.84652E-4
1868	-0.00118
1870	-0.0017
1872	-8.20118E-4
1874	-6.99273E-4
1876	-4.55429E-4
1878	-3.93584E-4
1880	0.00131
1882	0.00179
1884	7.65935E-4
1886	-6.65065E-4
1888	-0.00142
1890	-0.00178
1892	-0.00198
1894	-0.00218
1896	-0.00152
1898	-0.00143
1900	-0.00243
1902	-0.00266
1904	-0.00234
1906	-0.00185
1908	-0.00154
1910	-0.00176
1912	-0.00249
1914	-0.00259
1916	-0.00217
1918	-0.00245
1920	-0.00145
1922	-8.60065E-4
1924	-9.15065E-4
1926	0.00277
1928	0.10851
1930	0.41452
1932	0.83332
1934	1.29107
1936	1.74547
1938	2.17086
1940	2.55891
1942	2.90628
1944	3.21332
1946	3.48338
1948	3.71956
1950	3.92543
1952	4.10473
1954	4.25177
1956	4.26974
1958	4.06368
1960	3.73308
1962	3.35896
1964	2.98638
1966	2.63671
1968	2.31933
1970	2.03381
1972	1.7803
1974	1.55761
1976	1.3639
1978	1.19544
1980	1.04887
1982	0.92394
1984	0.81601
1986	0.72338
1988	0.64326
1990	0.57534
1992	0.51771
1994	0.46611
1996	0.41957
1998	0.37889
2000	0.3443
2002	0.31332
2004	0.2858
2006	0.26096
2008	0.23847
2010	0.2187
2012	0.19906
2014	0.18194
2016	0.16579
2018	0.15057
2020	0.13575
2022	0.12173
2024	0.11125
2026	0.10275
2028	0.09568
2030	0.08978
2032	0.08369
2034	0.07756
2036	0.0707
2038	0.06519
2040	0.06034
2042	0.05547
2044	0.05075
2046	0.04685
2048	0.04502
2050	0.04319
2052	0.04106
2054	0.03962
2056	0.03707
2058	0.03527
2060	0.03417
2062	0.03141
2064	0.02826
2066	0.02634
2068	0.02354
2070	0.02062
2072	0.01885
2074	0.01728
2076	0.01645
2078	0.01522
2080	0.01572
2082	0.01628
2084	0.01519
2086	0.01484
2088	0.01389
2090	0.01457
2092	0.01375
2094	0.01252
2096	0.01229
2098	0.01151
2100	0.01166
2102	0.01147
2104	0.00998
2106	0.00892
2108	0.00902
2110	0.00809
2112	0.00863
2114	0.00847
2116	0.00751
2118	0.00664
2120	0.00545
2122	0.00531
2124	0.00446
2126	0.00426
2128	0.00287
2130	0.00293
2132	0.00307
2134	0.00322
2136	0.00372
2138	0.002
2140	0.00185
2142	0.0027
2144	0.00273
2146	0.00251
2148	0.00129
2150	0.00195
2152	0.00136
2154	7.95278E-5
2156	-4.66851E-4
2158	-4.64231E-4
2160	-3.7061E-4
2162	-0.00118
2164	-0.00159
2166	-0.00352
2168	-0.00459
2170	-0.00351
2172	-0.00415
2174	-0.00397
2176	-0.00387
2178	-0.003
2180	-0.00259
2182	-0.00291
2184	-0.00286
2186	-0.0029
2188	-0.00255
2190	-0.00221
2192	-0.00247
2194	-0.00227
2196	-0.00171
2198	-0.00143
2200	-2.71914E-4
2202	-2.14944E-4
2204	-1.52974E-4
2206	3.49963E-5
2208	-8.55033E-4
2210	-0.00142
2212	-7.22093E-4
2214	-0.00144
2216	-0.00137
2218	-5.16182E-4
2220	5.67788E-4
2222	5.18758E-4
2224	1.42729E-4
2226	3.40699E-4
2228	0.00145
2230	5.17639E-4
2232	-3.2853E-4
2234	4.59046E-4
2236	-3.13774E-5
2238	-4.24801E-4
2240	-8.52225E-4
2242	-0.00105
2244	-5.12073E-4
2246	-8.06496E-4
2248	-9.8992E-4
2250	-0.00111
2252	-3.80768E-4
2254	4.53808E-4
2256	9.27385E-4
2258	0.00154
2260	0.00204
2262	0.00178
2264	7.71689E-4
2266	0.00104
2268	0.00149
2270	7.75418E-4
2272	1.24994E-4
2274	4.35704E-5
2276	2.05147E-4
2278	3.76723E-4
2280	-9.9701E-5
2282	9.40875E-4
2284	0.0017
2286	0.00155
2288	0.00195
2290	0.00261
2292	0.00192
2294	0.00195
2296	0.00175
2298	0.00187
2300	0.00156
2302	0.00172
2304	9.57543E-4
2306	0.00117
2308	7.88725E-4
2310	-1.43683E-4
2312	2.82908E-4
2314	4.34499E-4
2316	-4.5291E-4
2318	-6.56319E-4
2320	-2.05728E-4
2322	2.34863E-4
2324	0.00158
2326	0.00142
2328	6.01636E-4
2330	0.00141
2332	0.00159
2334	9.93409E-4
2336	4.73E-4
2338	-7.74084E-5
2340	3.90183E-4
2342	3.65774E-4
2344	5.65365E-4
2346	1.11956E-4
2348	7.02547E-4
2350	7.58138E-4
2352	4.63729E-4
2354	0.00143
2356	0.00135
2358	0.00195
2360	0.00258
2362	0.00218
2364	0.00193
2366	0.00401
2368	0.00454
2370	0.003
2372	-6.07142E-4
2374	-0.00847
2376	-0.01588
2378	-0.02343
2380	-0.03076
2382	-0.03787
2384	-0.04546
2386	-0.05236
2388	-0.05846
2390	-0.0654
2392	-0.06521
2394	-0.05705
2396	-0.04605
2398	-0.03353
2400	-0.02128
2402	-0.00937
2404	3.19831E-4
2406	0.00807
2408	0.01431
2410	0.0175
2412	0.02139
2414	0.02385
2416	0.02394
2418	0.02337
2420	0.02131
2422	0.01846
2424	0.0161
2426	0.01355
2428	0.01001
2430	0.00568
2432	0.00201
2434	-0.00175
2436	-0.00514
2438	-0.0089
2440	-0.01296
2442	-0.01269
2444	-0.00961
2446	-0.00762
2448	-0.00587
2450	-0.00456
2452	-0.00223
2454	-6.25366E-4
2456	-5.74511E-6
2458	0.00142
2460	0.00305
2462	0.00271
2464	0.00268
2466	0.0033
2468	0.0038
2470	0.00451
2472	0.00455
2474	0.00513
2476	0.00501
2478	0.00429
2480	0.004
2482	0.00347
2484	0.00364
2486	0.00424
2488	0.00459
2490	0.00524
2492	0.00598
2494	0.00606
2496	0.00603
2498	0.00531
2500	0.00512
2502	0.0068
2504	0.007
2506	0.00643
2508	0.00671
2510	0.00682
2512	0.00552
2514	0.00438
2516	0.00374
2518	0.00479
2520	0.00461
2522	0.00396
2524	0.00409
2526	0.01848
2528	0.19464
2530	0.56898
2532	1.02009
2534	1.47843
2536	1.91288
2538	2.30921
2540	2.66536
2542	2.98226
2544	3.26085
2546	3.50392
2548	3.71508
2550	3.89857
2552	4.05721
2554	4.18922
2556	4.20656
2558	4.00322
2560	3.67343
2562	3.29938
2564	2.92813
2566	2.57995
2568	2.26376
2570	1.97885
2572	1.72623
2574	1.50393
2576	1.31201
2578	1.14665
2580	1.00381
2582	0.88027
2584	0.77472
2586	0.68343
2588	0.60543
2590	0.54089
2592	0.48576
2594	0.43679
2596	0.39532
2598	0.35939
2600	0.32845
2602	0.30211
2604	0.27879
2606	0.25779
2608	0.23932
2610	0.22146
2612	0.20318
2614	0.18839
2616	0.17641
2618	0.16415
2620	0.15362
2622	0.14406
2624	0.13549
2626	0.12644
2628	0.11764
2630	0.11118
2632	0.10553
2634	0.10086
2636	0.09512
2638	0.08918
2640	0.08424
2642	0.07953
2644	0.07461
2646	0.06954
2648	0.06646
2650	0.06317
2652	0.05969
2654	0.0576
2656	0.05536
2658	0.05271
2660	0.05044
2662	0.04952
2664	0.04831
2666	0.04606
2668	0.04454
2670	0.04341
2672	0.04265
2674	0.04096
2676	0.03875
2678	0.03755
2680	0.0367
2682	0.03583
2684	0.0347
2686	0.03492
2688	0.03369
2690	0.03286
2692	0.03297
2694	0.0329
2696	0.03152
2698	0.02972
2700	0.02836
2702	0.02686
2704	0.02771
2706	0.02813
2708	0.02827
2710	0.02761
2712	0.0274
2714	0.02637
2716	0.02612
2718	0.02465
2720	0.02422
2722	0.02469
2724	0.02453
2726	0.0236
2728	0.02251
2730	0.02222
2732	0.02145
2734	0.02012
2736	0.01876
2738	0.01882
2740	0.01843
2742	0.01802
2744	0.01884
2746	0.01931
2748	0.01976
2750	0.02059
2752	0.0203
2754	0.02009
2756	0.01853
2758	0.01722
2760	0.01646
2762	0.01642
2764	0.01554
2766	0.01547
2768	0.01436
2770	0.01353
2772	0.01304
2774	0.0133
2776	0.01468
2778	0.01562
2780	0.01609
2782	0.01676
2784	0.01566
2786	0.01392
2788	0.01309
2790	0.01263
2792	0.01321
2794	0.01296
2796	0.01176
2798	0.01197
2800	0.01345
2802	0.01334
2804	0.01181
2806	0.0106
2808	0.01096
2810	0.01123
2812	0.01202
2814	0.01166
2816	0.01128
2818	0.01035
2820	0.01
2822	0.00991
2824	0.00982
2826	0.00938
2828	0.00977
2830	0.01049
2832	0.01013
2834	0.00994
2836	0.00801
2838	0.00833
2840	0.00936
2842	0.00956
2844	0.00872
2846	0.00699
2848	0.00794
2850	0.00903
2852	0.00967
2854	0.00868
2856	0.00754
2858	0.00617
2860	0.0061
2862	0.00598
2864	0.00572
2866	0.00538
2868	0.00621
2870	0.0055
2872	0.00571
2874	0.00577
2876	0.00499
2878	0.00526
2880	0.00569
2882	0.00708
2884	0.00878
2886	0.0088
2888	0.00793
2890	0.00679
2892	0.00592
2894	0.00594
2896	0.00521
2898	0.0053
2900	0.0053
2902	0.0045
2904	0.00343
2906	0.00233
2908	0.00172
2910	0.00202
2912	0.0034
2914	0.00331
2916	0.00263
2918	0.00146
2920	1.66761E-4
2922	5.32543E-4
2924	3.12326E-4
2926	-3.91891E-4
2928	-0.00156
2930	-0.00235
2932	-0.00222
2934	-0.00186
2936	-0.00135
2938	-0.00121
2940	-0.00172
2942	-0.003
2944	-0.00323
2946	-0.0028
2948	-0.00172
2950	-0.00262
2952	-0.0036
2954	-0.00384
2956	-0.00374
2958	-0.00488
2960	-0.00504
2962	-0.00554
2964	-0.00494
2966	-0.00446
2968	-0.00466
2970	-0.00394
2972	-0.00446
2974	-0.00395
2976	-0.00313
2978	-0.00302
2980	-0.00218
2982	-0.00196
2984	-0.00352
2986	-0.00275
2988	-0.00203
2990	-0.00103
2992	-9.46053E-4
2994	-1.1827E-4
2996	-1.04873E-5
2998	-0.00121
3000	-0.00113
3002	-7.83138E-4
3004	-6.41355E-4
3006	-0.00119
3008	-0.00229
3010	-0.0019
3012	-0.00164
3014	-0.00237
3016	-0.00223
3018	-0.00252
3020	-0.00115
3022	-0.00133
3024	-0.00238
3026	-0.00217
3028	-0.00142
3030	-0.00114
3032	5.76059E-5
3034	5.55389E-4
3036	7.51172E-4
3038	8.95471E-6
3040	-5.87262E-4
3042	3.39521E-4
3044	-4.33696E-4
3046	1.19087E-4
3048	-5.03131E-4
3050	-0.00121
3052	-7.88565E-4
3054	-0.0011
3056	-1.84999E-4
3058	2.19784E-4
3060	4.43567E-4
3062	9.5035E-4
3064	0.00131
3066	0.00182
3068	0.0022
3070	0.00303
3072	0.00238
3074	0.00213
3076	0.00137
3078	0.00102
3080	-2.17775E-4
3082	1.83762E-4
3084	8.31299E-4
3086	0.00151
3088	7.89374E-4
3090	-0.00152
3092	-3.74552E-4
3094	1.50986E-4
3096	-0.00126
3098	-0.00119
3100	-0.00223
3102	-0.00341
3104	-0.00386
3106	-0.00242
3108	-0.0015
3110	-6.95716E-4
3112	-5.10179E-4
3114	-7.56416E-5
3116	5.67896E-4
3118	8.16433E-4
3120	1.4197E-4
3122	4.22508E-4
3124	6.72045E-4
3126	0.01019
3128	0.1538
3130	0.50366
3132	0.94248
3134	1.39299
3136	1.82385
3138	2.21979
3140	2.57673
3142	2.89275
3144	3.16939
3146	3.40911
3148	3.61714
3150	3.7961
3152	3.94937
3154	4.07851
3156	4.11665
3158	3.9398
3160	3.62438
3162	3.25714
3164	2.88737
3166	2.54056
3168	2.22547
3170	1.94195
3172	1.69172
3174	1.47161
3176	1.27995
3178	1.11458
3180	0.97107
3182	0.84918
3184	0.74419
3186	0.65491
3188	0.57815
3190	0.51147
3192	0.45542
3194	0.40715
3196	0.36426
3198	0.32885
3200	0.2981
3202	0.27101
3204	0.2473
3206	0.22609
3208	0.20822
3210	0.19149
3212	0.17615
3214	0.16243
3216	0.1488
3218	0.13585
3220	0.12441
3222	0.11534
3224	0.10712
3226	0.09941
3228	0.09205
3230	0.08566
3232	0.07994
3234	0.074
3236	0.06974
3238	0.06537
3240	0.06106
3242	0.05694
3244	0.0527
3246	0.04885
3248	0.04395
3250	0.03932
3252	0.03506
3254	0.03294
3256	0.03137
3258	0.0289
3260	0.02702
3262	0.0252
3264	0.02392
3266	0.02194
3268	0.02019
3270	0.01887
3272	0.01777
3274	0.0166
3276	0.01516
3278	0.01383
3280	0.01343
3282	0.01284
3284	0.01242
3286	0.01131
3288	0.0106
3290	0.01049
3292	0.0085
3294	0.00648
3296	0.00636
3298	0.00552
3300	0.00566
3302	0.00721
3304	0.00649
3306	0.00511
3308	0.00412
3310	0.00362
3312	0.00362
3314	0.00311
3316	0.00256
3318	0.00163
3320	0.0014
3322	7.77488E-4
3324	0.00166
3326	0.00182
3328	0.00155
3330	0.00116
3332	0.00121
3334	0.00106
3336	0.00117
3338	0.00148
3340	0.00157
3342	0.0018
3344	0.00332
3346	0.00279
3348	0.00278
3350	0.00193
3352	0.00208
3354	0.00201
3356	0.00189
3358	0.00241
3360	0.00139
3362	5.56874E-4
3364	3.98844E-4
3366	-8.73187E-4
3368	-0.00231
3370	-0.00118
3372	3.89721E-4
3374	3.5669E-4
3376	-4.36341E-4
3378	-6.69371E-4
3380	4.54598E-4
3382	1.93567E-4
3384	-0.00115
3386	-9.03494E-4
3388	-8.75245E-5
3390	-5.84555E-4
3392	-7.72586E-4
3394	-9.07617E-4
3396	-0.00145
3398	-0.0011
3400	-8.22709E-4
3402	-7.56739E-4
3404	-7.6277E-4
3406	-8.60801E-4
3408	-0.00119
3410	-8.83862E-4
3412	-6.59893E-4
3414	4.70768E-5
3416	-9.33954E-4
3418	-0.00181
3420	-0.00114
3422	-3.75046E-4
3424	4.16923E-4
3426	-1.07107E-4
3428	-0.00105
3430	-0.0023
3432	-0.00293
3434	-0.0036
3436	-0.0039
3438	-0.0025
3440	-0.00239
3442	-0.00225
3444	-0.00285
3446	-0.00261
3448	-0.00173
3450	-0.00247
3452	-0.00125
3454	-9.95537E-4
3456	-4.62567E-4
3458	-1.07598E-4
3460	-7.95629E-4
3462	-1.33659E-4
3464	-2.5069E-4
3466	-2.13721E-4
3468	2.93249E-4
3470	3.62181E-5
3472	1.38187E-4
3474	-1.89843E-4
3476	-2.04874E-4
3478	-9.19905E-4
3480	-5.81935E-4
3482	2.73034E-4
3484	3.90034E-5
3486	-0.00142
3488	-0.00214
3490	-0.00135
3492	-0.00182
3494	-0.00144
3496	-0.00238
3498	-0.0032
3500	-0.00357
3502	-0.00312
3504	-0.00243
3506	-0.00242
3508	-0.0021
3510	-0.00297
3512	-0.00296
3514	-0.00226
3516	-0.00165
3518	-5.23518E-4
3520	-9.98549E-4
3522	-0.00297
3524	-0.00378
3526	-0.00367
3528	-0.00329
3530	-0.00314
3532	-0.00441
3534	-0.00436
3536	-0.00412
3538	-0.00285
3540	-0.00217
3542	-0.00223
3544	-0.00277
3546	-0.00323
3548	-0.00155
3550	-9.21009E-4
3552	-9.33039E-4
3554	-0.0014
3556	-0.00336
3558	-0.00429
3560	-0.00371
3562	-0.00344
3564	-0.00421
3566	-0.00329
3568	-0.00236
3570	-0.00234
3572	-0.00293
3574	-0.00237
3576	-0.00224
3578	-0.00293
3580	-0.00464
3582	-0.00369
3584	-0.00351
3586	-0.00269
3588	-0.00206
3590	-0.00125
3592	-6.26653E-4
3594	-0.0014
3596	-0.00198
3598	-0.00182
3600	-0.00265
3602	-0.0036
3604	-0.00529
3606	-0.00556
3608	-0.00486
3610	-0.00534
3612	-0.00471
3614	-0.00338
3616	-0.00336
3618	-0.00272
3620	-0.00225
3622	-0.00145
3624	1.17857E-4
3626	3.89343E-4
3628	-1.0147E-4
3630	-0.0015
3632	-0.00208
3634	-0.00261
3636	-0.002
3638	-0.00129
3640	-7.17345E-4
3642	-2.31157E-4
3644	-2.6397E-4
3646	-1.67782E-4
3648	-6.14595E-4
3650	-4.54072E-5
3652	8.9578E-4
3654	1.87968E-4
3656	-1.17845E-4
3658	-1.16572E-5
3660	-2.54697E-5
3662	8.90718E-4
3664	0.00158
3666	0.00143
3668	-4.3472E-4
3670	-0.00158
3672	-0.00184
3674	-0.00266
3676	-0.0035
3678	-0.00396
3680	-0.00335
3682	-0.0034
3684	-0.00255
3686	-0.00212
3688	-0.00197
3690	-0.00173
3692	-0.00171
3694	-0.00267
3696	-0.00208
3698	-0.00219
3700	-0.00332
3702	-0.00366
3704	-0.00313
3706	-0.00309
3708	-0.00323
3710	-0.00336
3712	-0.00303
3714	-0.00151
3716	-9.8292E-4
3718	-9.60721E-4
3720	-0.00197
3722	-0.00375
3724	-0.00357
3726	0.00233
3728	0.12672
3730	0.45468
3732	0.87275
3734	1.30535
3736	1.71913
3738	2.09802
3740	2.43761
3742	2.73914
3744	3.00492
3746	3.23521
3748	3.43376
3750	3.60244
3752	3.74597
3754	3.86755
3756	3.91621
3758	3.76041
3760	3.46286
3762	3.11551
3764	2.76653
3766	2.43528
3768	2.13229
3770	1.85998
3772	1.61944
3774	1.40861
3776	1.22476
3778	1.06599
3780	0.92933
3782	0.8136
3784	0.71311
3786	0.62657
3788	0.55369
3790	0.49192
3792	0.44007
3794	0.39281
3796	0.35176
3798	0.31639
3800	0.28619
3802	0.25984
3804	0.23615
3806	0.21566
3808	0.19882
3810	0.18278
3812	0.16805
3814	0.15429
3816	0.14116
3818	0.12921
3820	0.11971
3822	0.11071
3824	0.10091
3826	0.09193
3828	0.08525
3830	0.08001
3832	0.07499
3834	0.07166
3836	0.06824
3838	0.06527
3840	0.05971
3842	0.05478
3844	0.05084
3846	0.04752
3848	0.04417
3850	0.04146
3852	0.03909
3854	0.0368
3856	0.03382
3858	0.02981
3860	0.02625
3862	0.02445
3864	0.02116
3866	0.01894
3868	0.01877
3870	0.01894
3872	0.01844
3874	0.01652
3876	0.01444
3878	0.01229
3880	0.01168
3882	0.01261
3884	0.01385
3886	0.01406
3888	0.01448
3890	0.01542
3892	0.01474
3894	0.01454
3896	0.01395
3898	0.01229
3900	0.01099
3902	0.00955
3904	0.00943
3906	0.00978
3908	0.00959
3910	0.00796
3912	0.00731
3914	0.00838
3916	0.00907
3918	0.00943
3920	0.00823
3922	0.0073
3924	0.00712
3926	0.0057
3928	0.0037
3930	0.00379
3932	0.00405
3934	0.0034
3936	0.00324
3938	0.00195
3940	0.00224
3942	0.00196
3944	0.0015
3946	0.00172
3948	0.00222
3950	0.00241
3952	0.00123
3954	0.00162
3956	0.00221
3958	0.00306
3960	0.00297
3962	0.0017
3964	0.00157
3966	0.00268
3968	0.00229
3970	0.0018
3972	0.00136
3974	8.30144E-6
3976	-0.00146
3978	-0.0022
3980	-0.00197
3982	-1.93313E-4
3984	3.05283E-4
3986	6.8288E-4
3988	-3.28524E-4
3990	-8.64928E-4
3992	-5.57331E-4
3994	-5.51735E-4
3996	-6.63139E-4
3998	-7.77542E-4
4000	-0.00119
4002	-0.00138
4004	-5.69753E-4
4006	-6.11157E-4
4008	-3.74561E-4
4010	-0.00124
4012	-0.00167
4014	-0.00259
4016	-0.00303
4018	-0.00408
4020	-0.00284
4022	-0.00148
4024	-7.4079E-4
4026	-6.03193E-4
4028	-0.0015
4030	-0.0014
4032	-0.00158
4034	-0.002
4036	-0.00201
4038	-0.00226
4040	-0.003
4042	-0.00324
4044	-0.00392
4046	-0.00389
4048	-0.00333
4050	-0.00331
4052	-0.00235
4054	-0.00145
4056	-0.00184
4058	-5.98652E-4
4060	5.96945E-4
4062	9.69541E-4
4064	1.87137E-4
4066	-5.19266E-4
4068	-0.00128
4070	-0.00293
4072	-0.0026
4074	-0.0029
4076	-0.0029
4078	-0.00286
4080	-0.00392
4082	-0.00426
4084	-0.00454
4086	-0.00475
4088	-0.00388
4090	-0.00356
4092	-0.00262
4094	-7.35917E-4
4096	7.05679E-4
4098	0.0014
4100	8.98716E-5
4102	-0.00118
4104	-0.00116
4106	-0.00255
4108	-0.00357
4110	-0.00321
4112	-0.00214
4114	-0.00254
4116	-0.00137
4118	-6.81761E-4
4120	-0.0016
4122	-0.00233
4124	-0.00171
4126	-0.00251
4128	-0.00229
4130	-0.00215
4132	-0.0032
4134	-0.00335
4136	-0.00361
4138	-0.00462
4140	-0.00474
4142	-0.0051
4144	-0.00498
4146	-0.00472
4148	-0.00538
4150	-0.00531
4152	-0.00398
4154	-0.0035
4156	-0.00347
4158	-0.00239
4160	-0.00333
4162	-0.00418
4164	-0.00378
4166	-0.00348
4168	-0.00339
4170	-0.00298
4172	-0.00465
4174	-0.00541
4176	-0.00678
4178	-0.00784
4180	-0.00676
4182	-0.00517
4184	-0.00475
4186	-0.00556
4188	-0.00484
4190	-0.00441
4192	-0.00308
4194	-0.00327
4196	-0.0047
4198	-0.00456
4200	-0.00525
4202	-0.0057
4204	-0.00478
4206	-0.0051
4208	-0.00651
4210	-0.00668
4212	-0.00652
4214	-0.00797
4216	-0.00903
4218	-0.00977
4220	-0.00837
4222	-0.00464
4224	-0.00515
4226	-0.00578
4228	-0.0063
4230	-0.00591
4232	-0.00562
4234	-0.00564
4236	-0.00643
4238	-0.0069
4240	-0.00575
4242	-0.00506
4244	-0.00594
4246	-0.00567
4248	-0.00528
4250	-0.00487
4252	-0.00535
4254	-0.00579
4256	-0.00538
4258	-0.00549
4260	-0.00625
4262	-0.00742
4264	-0.00777
4266	-0.00728
4268	-0.00598
4270	-0.00443
4272	-0.00246
4274	-0.00255
4276	-0.00301
4278	-0.0036
4280	-0.00355
4282	-0.00306
4284	-0.0023
4286	-0.00249
4288	-0.00337
4290	-0.0028
4292	-0.00239
4294	-0.00239
4296	-0.0016
4298	-0.00156
4300	-0.00147
4302	-0.00137
4304	-0.00249
4306	-0.00337
4308	-0.00288
4310	-0.00288
4312	-0.00285
4314	-0.00256
4316	-0.00202
4318	-0.00276
4320	-0.00407
4322	-0.00385
4324	-0.0055
4326	-0.00215
4328	0.08978
4330	0.37528
4332	0.76074
4334	1.16561
4336	1.55489
4338	1.91477
4340	2.24126
4342	2.5288
4344	2.78027
4346	2.99919
4348	3.19182
4350	3.3579
4352	3.4991
4354	3.61882
4356	3.68619
4358	3.5722
4360	3.30623
4362	2.97979
4364	2.64555
4366	2.3289
4368	2.03714
4370	1.77473
4372	1.54195
4374	1.33736
4376	1.15947
4378	1.00474
4380	0.87117
4382	0.75719
4384	0.66069
4386	0.57763
4388	0.50687
4390	0.4465
4392	0.39424
4394	0.34941
4396	0.30989
4398	0.27588
4400	0.24659
4402	0.22181
4404	0.1997
4406	0.17931
4408	0.16237
4410	0.14712
4412	0.1319
4414	0.12104
4416	0.11159
4418	0.10115
4420	0.09135
4422	0.08227
4424	0.07293
4426	0.06531
4428	0.05899
4430	0.05228
4432	0.04581
4434	0.04044
4436	0.03538
4438	0.03133
4440	0.0271
4442	0.02381
4444	0.02055
4446	0.01665
4448	0.01379
4450	0.01043
4452	0.00802
4454	0.00478
4456	0.00176
4458	-1.06577E-4
4460	-3.16663E-4
4462	-9.82487E-4
4464	-0.00163
4466	-0.00111
4468	-0.00193
4470	-0.00339
4472	-0.00339
4474	-0.00261
4476	-0.00314
4478	-0.00346
4480	-0.00349
4482	-0.00415
4484	-0.00433
4486	-0.00457
4488	-0.00464
4490	-0.004
4492	-0.00475
4494	-0.00493
4496	-0.00348
4498	-0.00153
4500	-0.0016
4502	-0.0012
4504	-8.81561E-4
4506	3.27769E-4
4508	0.0018
4510	0.00216
4512	0.00263
4514	0.00222
4516	0.00259
4518	0.00433
4520	0.00531
4522	0.00624
4524	0.00652
4526	0.00751
4528	0.00758
4530	0.0082
4532	0.00725
4534	0.00569
4536	0.00548
4538	0.0054
4540	0.00525
4542	0.00627
4544	0.00688
4546	0.00592
4548	0.00472
4550	0.00466
4552	0.00395
4554	0.00455
4556	0.0049
4558	0.00411
4560	0.00444
4562	0.0042
4564	0.00388
4566	0.00349
4568	0.00308
4570	0.00335
4572	0.00331
4574	0.00278
4576	0.003
4578	0.00318
4580	0.00365
4582	0.00407
4584	0.00371
4586	0.00381
4588	0.00352
4590	0.00238
4592	0.00133
4594	0.00115
4596	0.00212
4598	0.00274
4600	0.00328
4602	0.00306
4604	0.00272
4606	0.00172
4608	0.00175
4610	-4.91315E-4
4612	-5.86738E-4
4614	-2.7216E-4
4616	-8.78582E-4
4618	-0.00261
4620	-0.00311
4622	-0.00434
4624	-0.00481
4626	-0.00439
4628	-0.00416
4630	-0.00409
4632	-0.00242
4634	-0.00162
4636	-9.46806E-4
4638	-7.84229E-4
4640	-7.77651E-4
4642	-8.37074E-4
4644	-3.10496E-4
4646	-7.39185E-5
4648	3.71659E-4
4650	-5.46763E-4
4652	-0.00143
4654	-0.00126
4656	-0.00104
4658	-0.00242
4660	-0.00293
4662	-0.00136
4664	-3.7872E-4
4666	-9.92143E-4
4668	-0.00164
4670	-0.00156
4672	-0.00102
4674	-6.81126E-4
4676	-0.00122
4678	-0.00243
4680	-0.00134
4682	-9.75747E-4
4684	-0.00154
4686	-0.00153
4688	-0.00158
4690	-0.00224
4692	-0.00194
4694	-6.29677E-4
4696	4.95168E-4
4698	7.41013E-4
4700	8.18576E-5
4702	-0.00102
4704	-0.00215
4706	-0.0027
4708	-0.00285
4710	-7.22918E-4
4712	2.70927E-4
4714	0.00118
4716	9.78617E-4
4718	1.48462E-4
4720	-2.08693E-4
4722	-4.00848E-4
4724	-4.80004E-4
4726	-0.0011
4728	-0.00125
4730	-0.00127
4732	-1.84624E-4
4734	-8.77905E-6
4736	-1.49934E-4
4738	1.28911E-4
4740	0.00111
4742	6.40449E-4
4744	8.11341E-4
4746	0.00162
4748	0.00181
4750	0.00114
4752	0.00117
4754	0.00272
4756	0.0018
4758	1.74585E-4
4760	5.08477E-4
4762	5.38368E-4
4764	-3.2374E-4
4766	-2.87848E-4
4768	-5.40956E-4
4770	-8.8064E-5
4772	-0.00206
4774	-0.00341
4776	-0.00353
4778	-0.00411
4780	-0.00427
4782	-0.00408
4784	-0.00489
4786	-0.00466
4788	-0.00456
4790	-0.00403
4792	-0.0042
4794	-0.00466
4796	-0.00574
4798	-0.00619
4800	-0.00794
4802	-0.00842
4804	-0.00801
4806	-0.0071
4808	-0.00709
4810	-0.00683
4812	-0.00712
4814	-0.00722
4816	-0.00771
4818	-0.00797
4820	-0.00781
4822	-0.00686
4824	-0.00671
4826	-0.00709
4828	-0.00585
4830	-0.00571
4832	-0.00646
4834	-0.00747
4836	-0.0086
4838	-0.00801
4840	-0.00676
4842	-0.00627
4844	-0.00694
4846	-0.00707
4848	-0.00636
4850	-0.00651
4852	-0.00585
4854	-0.00572
4856	-0.00592
4858	-0.00587
4860	-0.00563
4862	-0.00521
4864	-0.00631
4866	-0.00662
4868	-0.00718
4870	-0.00737
4872	-0.00688
4874	-0.00593
4876	-0.00519
4878	-0.00449
4880	-0.00446
4882	-0.00392
4884	-0.00355
4886	-0.00417
4888	-0.00381
4890	-0.0038
4892	-0.00315
4894	-0.00232
4896	-0.00208
4898	-0.00206
4900	-8.43084E-4
4902	-0.00173
4904	-0.00351
4906	-0.00494
4908	-0.00513
4910	-0.0054
4912	-0.00576
4914	-0.00504
4916	-0.00512
4918	-0.00418
4920	-0.00345
4922	-0.00346
4924	-0.00304
4926	-2.62701E-4
4928	0.0728
4930	0.33126
4932	0.69713
4934	1.08886
4936	1.46699
4938	1.81645
4940	2.13053
4942	2.40913
4944	2.65375
4946	2.8669
4948	3.05082
4950	3.21075
4952	3.34704
4954	3.46375
4956	3.53673
4958	3.44529
4960	3.19786
4962	2.88776
4964	2.56633
4966	2.25934
4968	1.97725
4970	1.72504
4972	1.50044
4974	1.30292
4976	1.12984
4978	0.97961
4980	0.85093
4982	0.73957
4984	0.64366
4986	0.56175
4988	0.49331
4990	0.43459
4992	0.38437
4994	0.33976
4996	0.30154
4998	0.26867
5000	0.24119
5002	0.21657
5004	0.19422
5006	0.17615
5008	0.15978
5010	0.14662
5012	0.13518
5014	0.1235
5016	0.11314
5018	0.10302
5020	0.09388
5022	0.08603
5024	0.0781
5026	0.07124
5028	0.06399
5030	0.05686
5032	0.05011
5034	0.04482
5036	0.03934
5038	0.03552
5040	0.03224
5042	0.02964
5044	0.02598
5046	0.0204
5048	0.0167
5050	0.01402
5052	0.01115
5054	0.00755
5056	0.00635
5058	0.00537
5060	0.00364
5062	0.0026
5064	0.00304
5066	0.00281
5068	0.00152
5070	-1.16464E-4
5072	-0.00162
5074	-0.00172
5076	1.48519E-4
5078	9.25846E-4
5080	4.85174E-4
5082	-5.13499E-4
5084	-0.00145
5086	-0.00127
5088	-0.00208
5090	-0.00447
5092	-0.00617
5094	-0.00731
5096	-0.00814
5098	-0.00805
5100	-0.00873
5102	-0.00819
5104	-0.00758
5106	-0.0082
5108	-0.00756
5110	-0.00642
5112	-0.00707
5114	-0.00853
5116	-0.00789
5118	-0.00844
5120	-0.00971
5122	-0.01012
5124	-0.0111
5126	-0.01241
5128	-0.01281
5130	-0.01312
5132	-0.01326
5134	-0.01368
5136	-0.01275
5138	-0.01188
5140	-0.01151
5142	-0.01056
5144	-0.0111
5146	-0.01104
5148	-0.01184
5150	-0.01323
5152	-0.0127
5154	-0.01248
5156	-0.01265
5158	-0.01125
5160	-0.0106
5162	-0.01124
5164	-0.01122
5166	-0.01072
5168	-0.00978
5170	-0.00949
5172	-0.00919
5174	-0.00761
5176	-0.00629
5178	-0.00608
5180	-0.0053
5182	-0.00648
5184	-0.00988
5186	-0.01342
5188	-0.01553
5190	-0.01725
5192	-0.01763
5194	-0.01676
5196	-0.01509
5198	-0.01376
5200	-0.01228
5202	-0.01162
5204	-0.01113
5206	-0.01208
5208	-0.01335
5210	-0.01297
5212	-0.01245
5214	-0.01234
5216	-0.01202
5218	-0.01228
5220	-0.01279
5222	-0.01117
5224	-0.01114
5226	-0.01202
5228	-0.01238
5230	-0.01226
5232	-0.01134
5234	-0.00969
5236	-0.00838
5238	-0.00808
5240	-0.00933
5242	-0.01063
5244	-0.01146
5246	-0.01135
5248	-0.01263
5250	-0.01211
5252	-0.01015
5254	-0.01009
5256	-0.01063
5258	-0.01118
5260	-0.0108
5262	-0.01037
5264	-0.0098
5266	-0.00991
5268	-0.0109
5270	-0.0118
5272	-0.01246
5274	-0.01281
5276	-0.01338
5278	-0.01307
5280	-0.01326
5282	-0.01281
5284	-0.01229
5286	-0.01222
5288	-0.01035
5290	-0.00936
5292	-0.0083
5294	-0.00791
5296	-0.00804
5298	-0.00899
5300	-0.01008
5302	-0.00992
5304	-0.00879
5306	-0.00836
5308	-0.00896
5310	-0.00919
5312	-0.00813
5314	-0.00771
5316	-0.00748
5318	-0.006
5320	-0.00601
5322	-0.00517
5324	-0.00509
5326	-0.00557
5328	-0.00633
5330	-0.00658
5332	-0.00645
5334	-0.00589
5336	-0.00578
5338	-0.00707
5340	-0.00799
5342	-0.00817
5344	-0.00803
5346	-0.00733
5348	-0.00752
5350	-0.008
5352	-0.00976
5354	-0.00989
5356	-0.00985
5358	-0.01003
5360	-0.01101
5362	-0.01061
5364	-0.00907
5366	-0.00764
5368	-0.00684
5370	-0.00506
5372	-0.00509
5374	-0.00687
5376	-0.00585
5378	-0.00537
5380	-0.00617
5382	-0.00625
5384	-0.00697
5386	-0.00777
5388	-0.00762
5390	-0.00663
5392	-0.00723
5394	-0.00691
5396	-0.0059
5398	-0.00586
5400	-0.00624
5402	-0.00564
5404	-0.0032
5406	-0.00228
5408	-0.00248
5410	-0.00387
5412	-0.00372
5414	-0.00416
5416	-0.00587
5418	-0.00579
5420	-0.00639
5422	-0.00684
5424	-0.00662
5426	-0.00633
5428	-0.00551
5430	-0.00675
5432	-0.00631
5434	-0.00554
5436	-0.00614
5438	-0.00733
5440	-0.00755
5442	-0.00644
5444	-0.00605
5446	-0.00591
5448	-0.00482
5450	-0.00411
5452	-0.00454
5454	-0.0038
5456	-0.00266
5458	-0.00152
5460	-7.32537E-4
5462	-4.01823E-4
5464	-6.39109E-4
5466	-0.00199
5468	-0.00222
5470	-0.00229
5472	-0.00292
5474	-0.0029
5476	-0.00386
5478	-0.00446
5480	-0.004
5482	-0.00424
5484	-0.00542
5486	-0.00573
5488	-0.00493
5490	-0.00444
5492	-0.00454
5494	-0.00458
5496	-0.00333
5498	-0.00264
5500	-0.00216
5502	-0.00211
5504	-0.00173
5506	-0.00103
5508	-0.00101
5510	-0.00119
5512	-0.00261
5514	-0.00284
5516	-0.0038
5518	-0.00281
5520	-0.00316
5522	-0.00397
5524	-0.00441
5526	-0.00308
5528	0.05187
5530	0.28121
5532	0.62619
5534	0.99992
5536	1.36554
5538	1.70371
5540	2.01001
5542	2.28146
5544	2.52028
5546	2.73045
5548	2.91217
5550	3.06759
5552	3.20138
5554	3.31578
5556	3.39599
5558	3.33178
5560	3.1079
5562	2.81347
5564	2.50546
5566	2.20912
5568	1.9355
5570	1.68901
5572	1.46948
5574	1.27624
5576	1.10792
5578	0.96278
5580	0.83791
5582	0.73045
5584	0.63758
5586	0.55808
5588	0.48975
5590	0.43105
5592	0.38046
5594	0.33707
5596	0.30022
5598	0.26803
5600	0.24031
5602	0.21693
5604	0.19508
5606	0.17683
5608	0.16041
5610	0.146
5612	0.13302
5614	0.11955
5616	0.10847
5618	0.09839
5620	0.08937
5622	0.08106
5624	0.07197
5626	0.06491
5628	0.05867
5630	0.05252
5632	0.04791
5634	0.04451
5636	0.04107
5638	0.03749
5640	0.03458
5642	0.03143
5644	0.02898
5646	0.02679
5648	0.02381
5650	0.02155
5652	0.01899
5654	0.01628
5656	0.01309
5658	0.01137
5660	0.01043
5662	0.00966
5664	0.00921
5666	0.00748
5668	0.00417
5670	0.00154
5672	3.30944E-4
5674	-0.00164
5676	-0.00363
5678	-0.00482
5680	-0.00667
5682	-0.00761
5684	-0.0086
5686	-0.00967
5688	-0.01024
5690	-0.0097
5692	-0.00798
5694	-0.0052
5696	-0.0037
5698	-0.00323
5700	-0.00308
5702	-0.0018
5704	-0.00153
5706	-0.00128
5708	-0.0018
5710	-0.00344
5712	-0.00453
5714	-0.00631
5716	-0.00721
5718	-0.00667
5720	-0.00816
5722	-0.0096
5724	-0.00989
5726	-0.00995
5728	-0.01085
5730	-0.011
5732	-0.0113
5734	-0.01238
5736	-0.01347
5738	-0.01394
5740	-0.01424
5742	-0.01526
5744	-0.0155
5746	-0.01463
5748	-0.01188
5750	-0.00954
5752	-0.00787
5754	-0.00671
5756	-0.00587
5758	-0.00613
5760	-0.00671
5762	-0.00762
5764	-0.00715
5766	-0.00663
5768	-0.00638
5770	-0.00669
5772	-0.00939
5774	-0.01119
5776	-0.01174
5778	-0.01241
5780	-0.0118
5782	-0.01156
5784	-0.01216
5786	-0.01178
5788	-0.01083
5790	-0.00986
5792	-0.01012
5794	-0.01166
5796	-0.01276
5798	-0.01352
5800	-0.01287
5802	-0.01242
5804	-0.01112
5806	-0.01023
5808	-0.00911
5810	-0.00764
5812	-0.00693
5814	-0.00773
5816	-0.00901
5818	-0.0094
5820	-0.00923
5822	-0.00799
5824	-0.00695
5826	-0.00721
5828	-0.00809
5830	-0.00671
5832	-0.00578
5834	-0.00603
5836	-0.0068
5838	-0.00699
5840	-0.00749
5842	-0.00715
5844	-0.00808
5846	-0.00968
5848	-0.00985
5850	-0.00916
5852	-0.00919
5854	-0.00903
5856	-0.00884
5858	-0.00954
5860	-0.00944
5862	-0.00927
5864	-0.00839
5866	-0.0077
5868	-0.00738
5870	-0.00759
5872	-0.00746
5874	-0.00767
5876	-0.00795
5878	-0.00675
5880	-0.00615
5882	-0.00534
5884	-0.00623
5886	-0.00655
5888	-0.00789
5890	-0.0079
5892	-0.00629
5894	-0.00604
5896	-0.00645
5898	-0.00569
5900	-0.00545
5902	-0.00479
5904	-0.00415
5906	-0.00369
5908	-0.00431
5910	-0.00503
5912	-0.00548
5914	-0.00665
5916	-0.00639
5918	-0.00496
5920	-0.00361
5922	-0.00357
5924	-0.00417
5926	-0.00557
5928	-0.00607
5930	-0.00513
5932	-0.00366
5934	-0.00251
5936	-0.00137
5938	-0.00129
5940	-0.0018
5942	-4.68901E-4
5944	-0.00118
5946	-0.00222
5948	-0.00264
5950	-0.00338
5952	-0.00381
5954	-0.00249
5956	-0.00132
5958	-6.66692E-4
5960	2.02709E-4
5962	-2.1889E-4
5964	-5.12488E-4
5966	-0.00205
5968	-0.00296
5970	-0.00392
5972	-0.00406
5974	-0.00372
5976	-0.00325
5978	-0.00201
5980	-0.00124
5982	-8.91878E-4
5984	1.79523E-4
5986	6.27924E-4
5988	0.00122
5990	0.0016
5992	0.00127
5994	9.37529E-4
5996	4.84212E-4
5998	5.58717E-4
6000	0.001
6002	0.00182
6004	0.00136
6006	0.0015
6008	3.06241E-4
6010	-4.11255E-4
6012	-0.00141
6014	-0.00206
6016	-0.00279
6018	-0.00223
6020	-0.00365
6022	-0.00405
6024	-0.00337
6026	-0.00322
6028	-0.004
6030	-0.00453
6032	-0.00425
6034	-0.00383
6036	-0.00359
6038	-0.00358
6040	-0.00313
6042	-0.00351
6044	-0.0051
6046	-0.00589
6048	-0.00499
6050	-0.00496
6052	-0.00508
6054	-0.00542
6056	-0.00641
6058	-0.00584
6060	-0.00483
6062	-0.00404
6064	-0.00354
6066	-0.00331
6068	-0.00389
6070	-0.00486
6072	-0.00496
6074	-0.0034
6076	-0.00225
6078	-0.0014
6080	-3.40689E-4
6082	2.38038E-5
6084	-2.14704E-4
6086	-0.00127
6088	-0.00186
6090	-0.00385
6092	-0.00571
6094	-0.00645
6096	-0.0076
6098	-0.00783
6100	-0.00579
6102	-0.00458
6104	-0.00495
6106	-0.00449
6108	-0.0034
6110	-0.0036
6112	-0.00405
6114	-0.0048
6116	-0.00331
6118	-0.00204
6120	-0.00211
6122	-0.0024
6124	-0.00207
6126	-0.00177
6128	0.03747
6130	0.24145
6132	0.57094
6134	0.93382
6136	1.28876
6138	1.61989
6140	1.92139
6142	2.18902
6144	2.42184
6146	2.62657
6148	2.80356
6150	2.95572
6152	3.08684
6154	3.19767
6156	3.28122
6158	3.23843
6160	3.03156
6162	2.75096
6164	2.45107
6166	2.16106
6168	1.89467
6170	1.65386
6172	1.43764
6174	1.24617
6176	1.07974
6178	0.93527
6180	0.81172
6182	0.70601
6184	0.61373
6186	0.53509
6188	0.46818
6190	0.41203
6192	0.36322
6194	0.32068
6196	0.28578
6198	0.25536
6200	0.22851
6202	0.20465
6204	0.18356
6206	0.16462
6208	0.14927
6210	0.13544
6212	0.12399
6214	0.11278
6216	0.10104
6218	0.09062
6220	0.08108
6222	0.07271
6224	0.06681
6226	0.06014
6228	0.05386
6230	0.04703
6232	0.04115
6234	0.03618
6236	0.03225
6238	0.02797
6240	0.02404
6242	0.02036
6244	0.01599
6246	0.01101
6248	0.00787
6250	0.00558
6252	0.00454
6254	0.00273
6256	8.94919E-4
6258	-0.00192
6260	-0.00515
6262	-0.00788
6264	-0.00841
6266	-0.00947
6268	-0.01038
6270	-0.01025
6272	-0.0107
6274	-0.01103
6276	-0.01186
6278	-0.01256
6280	-0.01092
6282	-0.00892
6284	-0.00772
6286	-0.00782
6288	-0.00913
6290	-0.00974
6292	-0.01118
6294	-0.01425
6296	-0.01674
6298	-0.01691
6300	-0.01813
6302	-0.01825
6304	-0.01732
6306	-0.01583
6308	-0.01572
6310	-0.01667
6312	-0.01736
6314	-0.01743
6316	-0.01828
6318	-0.01828
6320	-0.01731
6322	-0.01653
6324	-0.01735
6326	-0.01807
6328	-0.01901
6330	-0.01957
6332	-0.01923
6334	-0.01942
6336	-0.01926
6338	-0.0183
6340	-0.01909
6342	-0.01982
6344	-0.01886
6346	-0.01786
6348	-0.01786
6350	-0.01701
6352	-0.01666
6354	-0.01727
6356	-0.0172
6358	-0.01768
6360	-0.01827
6362	-0.01874
6364	-0.01934
6366	-0.02043
6368	-0.02022
6370	-0.01928
6372	-0.01861
6374	-0.01856
6376	-0.01915
6378	-0.01993
6380	-0.01968
6382	-0.0196
6384	-0.01843
6386	-0.01756
6388	-0.01617
6390	-0.01547
6392	-0.01665
6394	-0.01785
6396	-0.01888
6398	-0.01978
6400	-0.01907
6402	-0.01779
6404	-0.01623
6406	-0.01362
6408	-0.01196
6410	-0.01224
6412	-0.01328
6414	-0.01494
6416	-0.016
6418	-0.01592
6420	-0.01648
6422	-0.01627
6424	-0.01509
6426	-0.01563
6428	-0.01748
6430	-0.01808
6432	-0.01767
6434	-0.01714
6436	-0.01581
6438	-0.01483
6440	-0.01473
6442	-0.01556
6444	-0.01659
6446	-0.01691
6448	-0.01669
6450	-0.01655
6452	-0.01504
6454	-0.01325
6456	-0.0118
6458	-0.01151
6460	-0.01246
6462	-0.01214
6464	-0.01267
6466	-0.01282
6468	-0.01341
6470	-0.01527
6472	-0.01625
6474	-0.01536
6476	-0.01492
6478	-0.01542
6480	-0.01552
6482	-0.01525
6484	-0.01598
6486	-0.01586
6488	-0.01644
6490	-0.01635
6492	-0.01506
6494	-0.01497
6496	-0.01522
6498	-0.01583
6500	-0.0154
6502	-0.01415
6504	-0.01274
6506	-0.01231
6508	-0.01252
6510	-0.01187
6512	-0.01155
6514	-0.01214
6516	-0.01287
6518	-0.01353
6520	-0.01424
6522	-0.01419
6524	-0.01426
6526	-0.01429
6528	-0.01353
6530	-0.01375
6532	-0.01354
6534	-0.01174
6536	-0.00965
6538	-0.01018
6540	-0.01094
6542	-0.01113
6544	-0.01195
6546	-0.01201
6548	-0.01144
6550	-0.01183
6552	-0.01024
6554	-0.00875
6556	-0.00799
6558	-0.00763
6560	-0.0075
6562	-0.0074
6564	-0.00648
6566	-0.00594
6568	-0.00616
6570	-0.00755
6572	-0.00937
6574	-0.0107
6576	-0.01102
6578	-0.01001
6580	-0.01035
6582	-0.01016
6584	-0.0086
6586	-0.00768
6588	-0.00751
6590	-0.00795
6592	-0.00854
6594	-0.00907
6596	-0.0098
6598	-0.01082
6600	-0.01214
6602	-0.01284
6604	-0.01334
6606	-0.01272
6608	-0.01103
6610	-0.00958
6612	-0.00813
6614	-0.00827
6616	-0.00877
6618	-0.00863
6620	-0.01066
6622	-0.012
6624	-0.0124
6626	-0.01312
6628	-0.01128
6630	-0.01004
6632	-0.00738
6634	-0.00512
6636	-0.00445
6638	-0.00322
6640	-0.00212
6642	-0.00282
6644	-0.0056
6646	-0.00847
6648	-0.00935
6650	-0.00908
6652	-0.00876
6654	-0.00735
6656	-0.00655
6658	-0.00551
6660	-0.00362
6662	-0.00189
6664	-1.04985E-4
6666	-1.21614E-4
6668	-0.00144
6670	-0.00262
6672	-0.00417
6674	-0.00469
6676	-0.00468
6678	-0.00493
6680	-0.00528
6682	-0.0043
6684	-0.00442
6686	-0.00537
6688	-0.00461
6690	-0.00429
6692	-0.00382
6694	-0.00353
6696	-0.0041
6698	-0.00486
6700	-0.00419
6702	-0.00416
6704	-0.00446
6706	-0.00485
6708	-0.00575
6710	-0.00588
6712	-0.00495
6714	-0.00405
6716	-0.00486
6718	-0.00505
6720	-0.00441
6722	-0.00366
6724	-0.00467
6726	-0.00551
6728	0.02282
6730	0.20341
6732	0.51407
6734	0.86642
6736	1.21474
6738	1.54064
6740	1.83666
6742	2.09915
6744	2.33103
6746	2.53389
6748	2.70878
6750	2.85898
6752	2.99001
6754	3.10122
6756	3.19052
6758	3.16648
6760	2.97818
6762	2.7094
6764	2.418
6766	2.13455
6768	1.87126
6770	1.63397
6772	1.42345
6774	1.23712
6776	1.07318
6778	0.93102
6780	0.80789
6782	0.70226
6784	0.61298
6786	0.53671
6788	0.4709
6790	0.41383
6792	0.36512
6794	0.32366
6796	0.28832
6798	0.257
6800	0.22976
6802	0.20509
6804	0.18321
6806	0.16508
6808	0.14841
6810	0.13397
6812	0.12268
6814	0.1121
6816	0.1014
6818	0.09206
6820	0.08405
6822	0.0753
6824	0.06711
6826	0.06152
6828	0.05624
6830	0.04971
6832	0.04435
6834	0.03864
6836	0.03471
6838	0.02977
6840	0.02573
6842	0.02453
6844	0.02277
6846	0.02077
6848	0.01817
6850	0.0149
6852	0.0117
6854	0.01017
6856	0.00817
6858	0.00603
6860	0.00443
6862	0.00318
6864	0.00232
6866	0.00152
6868	0.00273
6870	0.00243
6872	0.00145
6874	0.00178
6876	0.00103
6878	-6.97275E-4
6880	-0.00188
6882	-0.00301
6884	-0.00329
6886	-0.00345
6888	-0.00405
6890	-0.00479
6892	-0.00701
6894	-0.00801
6896	-0.00624
6898	-0.0059
6900	-0.00542
6902	-0.00488
6904	-0.00414
6906	-0.00519
6908	-0.00627
6910	-0.00734
6912	-0.00789
6914	-0.00879
6916	-0.0105
6918	-0.01233
6920	-0.01193
6922	-0.01224
6924	-0.01065
6926	-0.00993
6928	-0.00982
6930	-0.0096
6932	-0.01001
6934	-0.01081
6936	-0.01147
6938	-0.01177
6940	-0.01247
6942	-0.01377
6944	-0.01362
6946	-0.01498
6948	-0.0142
6950	-0.0155
6952	-0.01681
6954	-0.0166
6956	-0.01422
6958	-0.01233
6960	-0.01049
6962	-0.00977
6964	-0.00939
6966	-0.01035
6968	-0.01106
6970	-0.01153
6972	-0.01254
6974	-0.01391
6976	-0.01312
6978	-0.01212
6980	-0.01223
6982	-0.01169
6984	-0.01184
6986	-0.01185
6988	-0.01096
6990	-0.01066
6992	-0.01026
6994	-0.0105
6996	-0.00999
6998	-0.00931
7000	-0.00925
7002	-0.00872
7004	-0.01004
7006	-0.01101
7008	-0.01126
7010	-0.01079
7012	-0.01063
7014	-0.0098
7016	-0.01123
7018	-0.01247
7020	-0.01148
7022	-0.01177
7024	-0.01209
7026	-0.01218
7028	-0.0119
7030	-0.01203
7032	-0.01156
7034	-0.01195
7036	-0.01159
7038	-0.01158
7040	-0.01175
7042	-0.01324
7044	-0.01344
7046	-0.01257
7048	-0.01144
7050	-0.01171
7052	-0.01031
7054	-0.00983
7056	-0.00994
7058	-0.00803
7060	-0.00718
7062	-0.00751
7064	-0.00664
7066	-0.00593
7068	-0.00514
7070	-0.00524
7072	-0.00649
7074	-0.0079
7076	-0.00964
7078	-0.01195
7080	-0.01179
7082	-0.01035
7084	-0.00876
7086	-0.00739
7088	-0.00682
7090	-0.00648
7092	-0.0072
7094	-0.00858
7096	-0.01037
7098	-0.01052
7100	-0.01143
7102	-0.0124
7104	-0.01349
7106	-0.01356
7108	-0.01477
7110	-0.01393
7112	-0.01307
7114	-0.01254
7116	-0.01206
7118	-0.01156
7120	-0.01083
7122	-0.01049
7124	-0.01023
7126	-0.01001
7128	-0.00947
7130	-0.00932
7132	-0.00847
7134	-0.00827
7136	-0.00779
7138	-0.00756
7140	-0.00816
7142	-0.00698
7144	-0.00607
7146	-0.00465
7148	-0.00417
7150	-0.00478
7152	-0.0056
7154	-0.00532
7156	-0.00586
7158	-0.00716
7160	-0.00718
7162	-0.00876
7164	-0.01024
7166	-0.00971
7168	-0.00915
7170	-0.00922
7172	-0.00943
7174	-0.00928
7176	-0.00852
7178	-0.00764
7180	-0.00755
7182	-0.00642
7184	-0.00466
7186	-0.00399
7188	-0.00446
7190	-0.00416
7192	-0.00516
7194	-0.00611
7196	-0.00699
7198	-0.00674
7200	-0.00638
7202	-0.00687
7204	-0.00571
7206	-0.00587
7208	-0.00704
7210	-0.00783
7212	-0.0071
7214	-0.00623
7216	-0.00562
7218	-0.0065
7220	-0.00716
7222	-0.00668
7224	-0.00676
7226	-0.00613
7228	-0.00557
7230	-0.00461
7232	-0.00459
7234	-0.00491
7236	-0.00606
7238	-0.00558
7240	-0.0059
7242	-0.00467
7244	-0.00355
7246	-0.00246
7248	-0.00286
7250	-0.00313
7252	-0.00444
7254	-0.00468
7256	-0.00409
7258	-0.00248
7260	-0.00195
7262	-0.00133
7264	-0.00221
7266	-0.00213
7268	-0.00242
7270	-0.00163
7272	-0.00104
7274	-0.00175
7276	-0.0022
7278	-0.0034
7280	-0.0033
7282	-0.00378
7284	-0.00441
7286	-0.005
7288	-0.0035
7290	-0.00312
7292	-0.00319
7294	-0.00328
7296	-0.0034
7298	-0.00392
7300	-0.00318
7302	-0.00217
7304	-0.00178
7306	-0.00145
7308	-0.0016
7310	-7.06102E-4
7312	-3.16823E-4
7314	1.78457E-4
7316	-6.80264E-4
7318	-4.56984E-4
7320	-5.38152E-4
7322	-4.27332E-4
7324	1.66487E-4
7326	2.75307E-4
7328	0.01871
7330	0.17167
7332	0.46291
7334	0.80164
7336	1.14188
7338	1.45971
7340	1.74907
7342	2.00804
7344	2.23734
7346	2.43804
7348	2.61228
7350	2.76204
7352	2.89089
7354	3.0026
7356	3.09302
7358	3.08959
7360	2.9236
7362	2.6697
7364	2.39017
7366	2.11606
7368	1.86002
7370	1.62595
7372	1.41717
7374	1.23291
7376	1.07014
7378	0.92763
7380	0.8045
7382	0.69874
7384	0.60938
7386	0.53301
7388	0.46785
7390	0.41098
7392	0.36267
7394	0.3219
7396	0.28606
7398	0.2544
7400	0.22584
7402	0.20197
7404	0.18234
7406	0.16415
7408	0.14774
7410	0.13385
7412	0.12194
7414	0.112
7416	0.10092
7418	0.09124
7420	0.08362
7422	0.077
7424	0.06948
7426	0.06203
7428	0.05534
7430	0.04893
7432	0.04318
7434	0.03893
7436	0.03369
7438	0.02931
7440	0.02689
7442	0.02364
7444	0.01913
7446	0.0156
7448	0.01342
7450	0.01284
7452	0.01048
7454	0.00778
7456	0.0061
7458	0.00443
7460	0.00187
7462	5.21664E-4
7464	-8.99393E-4
7466	-0.00183
7468	-0.00296
7470	-0.00405
7472	-0.00606
7474	-0.0074
7476	-0.00702
7478	-0.00749
7480	-0.00814
7482	-0.00872
7484	-0.00833
7486	-0.00853
7488	-0.009
7490	-0.01008
7492	-0.01073
7494	-0.0108
7496	-0.01108
7498	-0.01075
7500	-0.01234
7502	-0.01295
7504	-0.01341
7506	-0.01348
7508	-0.01233
7510	-0.012
7512	-0.01116
7514	-0.01062
7516	-0.01261
7518	-0.01247
7520	-0.01352
7522	-0.01333
7524	-0.01445
7526	-0.01578
7528	-0.014
7530	-0.0132
7532	-0.01342
7534	-0.01284
7536	-0.01194
7538	-0.01276
7540	-0.01356
7542	-0.01358
7544	-0.01237
7546	-0.01183
7548	-0.01282
7550	-0.01389
7552	-0.01303
7554	-0.01354
7556	-0.01355
7558	-0.01337
7560	-0.01463
7562	-0.01405
7564	-0.01358
7566	-0.01398
7568	-0.01466
7570	-0.01471
7572	-0.01505
7574	-0.01612
7576	-0.01686
7578	-0.01739
7580	-0.01683
7582	-0.01647
7584	-0.0162
7586	-0.01445
7588	-0.01352
7590	-0.01303
7592	-0.01346
7594	-0.01415
7596	-0.01361
7598	-0.01273
7600	-0.01247
7602	-0.01284
7604	-0.01395
7606	-0.01439
7608	-0.01241
7610	-0.01355
7612	-0.01358
7614	-0.01279
7616	-0.01286
7618	-0.0132
7620	-0.01261
7622	-0.01318
7624	-0.01421
7626	-0.01397
7628	-0.01392
7630	-0.01399
7632	-0.01393
7634	-0.01348
7636	-0.01361
7638	-0.01446
7640	-0.01443
7642	-0.01424
7644	-0.01368
7646	-0.01335
7648	-0.01262
7650	-0.01342
7652	-0.01432
7654	-0.01304
7656	-0.0118
7658	-0.01069
7660	-0.0103
7662	-0.00976
7664	-0.01069
7666	-0.01092
7668	-0.01003
7670	-0.01039
7672	-0.01138
7674	-0.01186
7676	-0.01198
7678	-0.01341
7680	-0.01371
7682	-0.01286
7684	-0.01212
7686	-0.0121
7688	-0.01113
7690	-0.01171
7692	-0.01116
7694	-0.01077
7696	-0.01136
7698	-0.01158
7700	-0.01272
7702	-0.01295
7704	-0.01169
7706	-0.01135
7708	-0.01072
7710	-0.00962
7712	-0.00911
7714	-0.00831
7716	-0.0086
7718	-0.00919
7720	-0.01032
7722	-0.01164
7724	-0.01163
7726	-0.0124
7728	-0.01155
7730	-0.01147
7732	-0.01168
7734	-0.0115
7736	-0.0107
7738	-0.01082
7740	-0.01231
7742	-0.01225
7744	-0.01355
7746	-0.01369
7748	-0.0143
7750	-0.01292
7752	-0.01093
7754	-0.00977
7756	-0.00913
7758	-0.0084
7760	-0.00767
7762	-0.00831
7764	-0.00747
7766	-0.00532
7768	-0.00459
7770	-0.00543
7772	-0.00581
7774	-0.00589
7776	-0.0068
7778	-0.00654
7780	-0.00648
7782	-0.00629
7784	-0.00575
7786	-0.00604
7788	-0.0062
7790	-0.00637
7792	-0.00584
7794	-0.00558
7796	-0.00598
7798	-0.00719
7800	-0.00704
7802	-0.00604
7804	-0.0053
7806	-0.00545
7808	-0.00487
7810	-0.00505
7812	-0.00666
7814	-0.00643
7816	-0.00618
7818	-0.00609
7820	-0.00673
7822	-0.0053
7824	-0.00486
7826	-0.00536
7828	-0.00515
7830	-0.00424
7832	-0.00523
7834	-0.00594
7836	-0.00579
7838	-0.00483
7840	-0.00537
7842	-0.00567
7844	-0.00531
7846	-0.00645
7848	-0.00636
7850	-0.00605
7852	-0.00567
7854	-0.00551
7856	-0.00543
7858	-0.00404
7860	-0.00318
7862	-0.00301
7864	-0.00354
7866	-0.00338
7868	-0.00445
7870	-0.00418
7872	-0.00346
7874	-0.00331
7876	-0.00267
7878	-0.00297
7880	-0.00314
7882	-0.00249
7884	-0.00185
7886	-0.00238
7888	-0.0026
7890	-0.00356
7892	-0.00467
7894	-0.00578
7896	-0.00704
7898	-0.00673
7900	-0.0066
7902	-0.0069
7904	-0.00589
7906	-0.00502
7908	-0.00376
7910	-0.00287
7912	-0.00374
7914	-0.00366
7916	-0.00336
7918	-0.0024
7920	-0.00132
7922	-0.00194
7924	-0.0017
7926	-0.00157
7928	0.00856
7930	0.1247
7932	0.3898
7934	0.71838
7936	1.0529
7938	1.37039
7940	1.65812
7942	1.91662
7944	2.14525
7946	2.34569
7948	2.51953
7950	2.67016
7952	2.80108
7954	2.91154
7956	3.00421
7958	3.02449
7960	2.88214
7962	2.64267
7964	2.37097
7966	2.10001
7968	1.84651
7970	1.61446
7972	1.40654
7974	1.22312
7976	1.06262
7978	0.92301
7980	0.80274
7982	0.69912
7984	0.60928
7986	0.53262
7988	0.46798
7990	0.41214
7992	0.36369
7994	0.32251
7996	0.28702
7998	0.25591
8000	0.22933
8002	0.2062
8004	0.18567
8006	0.16857
8008	0.15317
8010	0.13892
8012	0.12642
8014	0.11548
8016	0.10594
8018	0.09656
8020	0.08827
8022	0.08037
8024	0.07274
8026	0.066
8028	0.06054
8030	0.05428
8032	0.04883
8034	0.04388
8036	0.03866
8038	0.03421
8040	0.02957
8042	0.02725
8044	0.02467
8046	0.02289
8048	0.02029
8050	0.01769
8052	0.01595
8054	0.01408
8056	0.01182
8058	0.00869
8060	0.00646
8062	0.00539
8064	0.00488
8066	0.00312
8068	7.96791E-4
8070	-8.51809E-4
8072	-0.0014
8074	-0.00332
8076	-0.00423
8078	-0.00519
8080	-0.00615
8082	-0.00558
8084	-0.0046
8086	-0.0048
8088	-0.0055
8090	-0.00677
8092	-0.00686
8094	-0.0059
8096	-0.00484
8098	-0.00497
8100	-0.0054
8102	-0.00603
8104	-0.00613
8106	-0.00741
8108	-0.00801
8110	-0.00682
8112	-0.00701
8114	-0.00882
8116	-0.00899
8118	-0.00818
8120	-0.00915
8122	-0.01068
8124	-0.01064
8126	-0.00977
8128	-0.00906
8130	-0.00841
8132	-0.00857
8134	-0.00877
8136	-0.00978
8138	-0.01061
8140	-0.00943
8142	-0.01023
8144	-0.01112
8146	-0.01035
8148	-0.01072
8150	-0.01051
8152	-0.01032
8154	-0.00961
8156	-0.01143
8158	-0.01222
8160	-0.01133
8162	-0.01081
8164	-0.01043
8166	-0.00971
8168	-0.00967
8170	-0.0083
8172	-0.00841
8174	-0.00874
8176	-0.00959
8178	-0.01025
8180	-0.0102
8182	-0.0098
8184	-0.01062
8186	-0.01074
8188	-0.01031
8190	-0.01021
8192	-0.01008
8194	-0.01161
8196	-0.01223
8198	-0.01225
8200	-0.01344
8202	-0.01334
8204	-0.01275
8206	-0.01238
8208	-0.01175
8210	-0.01103
8212	-0.01068
8214	-0.01085
8216	-0.0119
8218	-0.01279
8220	-0.01128
8222	-0.01122
8224	-0.0114
8226	-0.01083
8228	-0.00955
8230	-0.01014
8232	-0.01035
8234	-0.01124
8236	-0.01061
8238	-0.01125
8240	-0.01093
8242	-0.01095
8244	-0.01003
8246	-0.01033
8248	-0.01021
8250	-0.00949
8252	-0.00872
8254	-0.00765
8256	-0.00763
8258	-0.00839
8260	-0.00908
8262	-0.00908
8264	-0.00867
8266	-0.00811
8268	-0.00827
8270	-0.01051
8272	-0.00967
8274	-0.00878
8276	-0.00884
8278	-0.00963
8280	-0.00935
8282	-0.00893
8284	-0.00963
8286	-0.00995
8288	-0.00977
8290	-0.00974
8292	-0.00938
8294	-0.01078
8296	-0.01074
8298	-0.01025
8300	-0.01099
8302	-0.01006
8304	-0.0101
8306	-0.01011
8308	-0.00968
8310	-0.0082
8312	-0.00766
8314	-0.00861
8316	-0.00765
8318	-0.00693
8320	-0.00783
8322	-0.00928
8324	-0.00847
8326	-0.00783
8328	-0.00782
8330	-0.00863
8332	-0.00823
8334	-0.00806
8336	-0.00765
8338	-0.00793
8340	-0.00886
8342	-0.00898
8344	-0.00954
8346	-0.00912
8348	-0.00676
8350	-0.00673
8352	-0.00671
8354	-0.00614
8356	-0.00604
8358	-0.00664
8360	-0.00713
8362	-0.00721
8364	-0.00763
8366	-0.00696
8368	-0.00539
8370	-0.00573
8372	-0.00654
8374	-0.00765
8376	-0.00754
8378	-0.006
8380	-0.00578
8382	-0.00456
8384	-0.00429
8386	-0.00402
8388	-0.00406
8390	-0.00369
8392	-0.00368
8394	-0.00466
8396	-0.00441
8398	-0.00235
8400	-0.00207
8402	-0.0029
8404	-0.00263
8406	-0.00336
8408	-0.00319
8410	-0.00459
8412	-0.00475
8414	-0.00429
8416	-0.00353
8418	-0.00268
8420	-0.00266
8422	-0.00247
8424	-0.0032
8426	-0.00179
8428	-0.00197
8430	-0.00134
8432	-0.00187
8434	-0.00269
8436	-0.00309
8438	-0.00428
8440	-0.00447
8442	-0.00468
8444	-0.00536
8446	-0.00645
8448	-0.00576
8450	-0.00429
8452	-0.00441
8454	-0.00534
8456	-0.00548
8458	-0.0049
8460	-0.00424
8462	-0.0043
8464	-0.0049
8466	-0.00515
8468	-0.00448
8470	-0.00413
8472	-0.00408
8474	-0.00397
8476	-0.00362
8478	-0.00414
8480	-0.00342
8482	-0.00297
8484	-0.00382
8486	-0.00294
8488	-0.00403
8490	-0.00459
8492	-0.00411
8494	-0.00371
8496	-0.00255
8498	-0.00295
8500	-0.00386
8502	-0.00369
8504	-0.00398
8506	-0.00318
8508	-0.00253
8510	-0.00182
8512	-0.00188
8514	-0.00267
8516	-0.00286
8518	-0.00204
8520	-0.00112
8522	-7.80453E-4
8524	-0.00169
8526	-0.00249
8528	0.00175
8530	0.095
8532	0.33981
8534	0.64172
8536	0.92316
8538	1.20209
8540	1.47212
8542	1.71794
8544	1.93729
8546	2.13104
8548	2.30252
8550	2.45097
8552	2.57829
8554	2.6868
8556	2.7771
8558	2.80719
8560	2.68934
8562	2.47125
8564	2.21849
8566	1.96669
8568	1.73039
8570	1.51566
8572	1.32297
8574	1.15161
8576	1.00143
8578	0.87074
8580	0.75966
8582	0.66254
8584	0.57754
8586	0.50393
8588	0.44022
8590	0.38693
8592	0.3426
8594	0.30218
8596	0.26801
8598	0.23952
8600	0.21459
8602	0.19317
8604	0.17417
8606	0.15663
8608	0.14197
8610	0.12778
8612	0.11427
8614	0.10435
8616	0.09565
8618	0.08624
8620	0.07781
8622	0.06898
8624	0.06066
8626	0.05308
8628	0.04748
8630	0.04297
8632	0.03896
8634	0.03447
8636	0.03034
8638	0.02497
8640	0.02123
8642	0.01854
8644	0.01529
8646	0.01105
8648	0.00763
8650	0.00495
8652	0.00298
8654	0.00106
8656	-0.00112
8658	-0.00217
8660	-0.00383
8662	-0.0063
8664	-0.00855
8666	-0.01007
8668	-0.01097
8670	-0.01217
8672	-0.01324
8674	-0.01487
8676	-0.01599
8678	-0.0169
8680	-0.01747
8682	-0.01756
8684	-0.01773
8686	-0.01818
8688	-0.01812
8690	-0.01871
8692	-0.01996
8694	-0.02123
8696	-0.02154
8698	-0.02245
8700	-0.02272
8702	-0.02312
8704	-0.02388
8706	-0.02418
8708	-0.02566
8710	-0.02672
8712	-0.02628
8714	-0.02534
8716	-0.02506
8718	-0.02503
8720	-0.02576
8722	-0.0264
8724	-0.0259
8726	-0.0262
8728	-0.02682
8730	-0.02655
8732	-0.02721
8734	-0.02713
8736	-0.02728
8738	-0.027
8740	-0.02714
8742	-0.02878
8744	-0.02932
8746	-0.02825
8748	-0.02852
8750	-0.0289
8752	-0.02921
8754	-0.02951
8756	-0.02893
8758	-0.02854
8760	-0.0278
8762	-0.02821
8764	-0.0289
8766	-0.02958
8768	-0.02959
8770	-0.02902
8772	-0.02777
8774	-0.02701
8776	-0.02661
8778	-0.02646
8780	-0.02501
8782	-0.02361
8784	-0.02322
8786	-0.02269
8788	-0.02242
8790	-0.02207
8792	-0.02113
8794	-0.0207
8796	-0.02099
8798	-0.02144
8800	-0.02024
8802	-0.02039
8804	-0.01981
8806	-0.01895
8808	-0.01808
8810	-0.01604
8812	-0.01456
8814	-0.01357
8816	-0.01282
8818	-0.01063
8820	-0.00902
8822	-0.00947
8824	-0.00881
8826	-0.00847
8828	-0.008
8830	-0.00792
8832	-0.00815
8834	-0.00829
8836	-0.00747
8838	-0.00595
8840	-0.00453
8842	-0.00291
8844	-0.00258
8846	-0.00246
8848	-0.00165
8850	-6.97282E-4
8852	-3.31115E-4
8854	-2.05948E-4
8856	8.50219E-4
8858	0.00235
8860	0.00415
8862	0.00407
8864	0.00416
8866	0.00422
8868	0.00484
8870	0.00607
8872	0.00606
8874	0.00599
8876	0.00654
8878	0.00643
8880	0.00587
8882	0.00701
8884	0.0079
8886	0.0069
8888	0.00671
8890	0.00538
8892	0.00507
8894	0.00699
8896	0.00697
8898	0.00778
8900	0.00803
8902	0.00745
8904	0.00634
8906	0.00621
8908	0.00638
8910	0.00719
8912	0.0063
8914	0.00503
8916	0.006
8918	0.00674
8920	0.00744
8922	0.00764
8924	0.00713
8926	0.00768
8928	0.00707
8930	0.00806
8932	0.00891
8934	0.00809
8936	0.00813
8938	0.00942
8940	0.00973
8942	0.00882
8944	0.0085
8946	0.00776
8948	0.00739
8950	0.00708
8952	0.00628
8954	0.00607
8956	0.00602
8958	0.00515
8960	0.00418
8962	0.00413
8964	0.00508
8966	0.00574
8968	0.00452
8970	0.00502
8972	0.00505
8974	0.0061
8976	0.00694
8978	0.00777
8980	0.00665
8982	0.00472
8984	0.00403
8986	0.00398
8988	0.0028
8990	0.00219
8992	0.00306
8994	0.00292
8996	0.00257
8998	0.00305
9000	0.00273
9002	0.00266
9004	0.0031
9006	0.00321
9008	0.00388
9010	0.0042
9012	0.00417
9014	0.00388
9016	0.00374
9018	0.00454
9020	0.0055
9022	0.00473
9024	0.00441
9026	0.0036
9028	0.00422
9030	0.00403
9032	0.0031
9034	0.0017
9036	4.47971E-4
9038	7.12917E-4
9040	1.92864E-4
9042	3.1881E-4
9044	7.85756E-4
9046	0.00175
9048	7.11649E-4
9050	7.00595E-4
9052	-6.03458E-4
9054	-0.00163
9056	-9.82566E-4
9058	-0.00111
9060	-0.00215
9062	-0.00153
9064	-0.00155
9066	-0.0024
9068	-0.00207
9070	-0.0013
9072	-6.12227E-4
9074	-0.00103
9076	-8.42034E-4
9078	-0.00125
9080	-0.00186
9082	-6.66244E-4
9084	6.83522E-5
9086	-1.62051E-4
9088	8.65452E-5
9090	-0.00102
9092	-0.00198
9094	-0.00265
9096	-0.00223
9098	-0.00168
9100	-0.00271
9102	-0.00292
9104	-0.00318
9106	-0.00187
9108	-0.00149
9110	-8.93893E-4
9112	-0.00104
9114	-0.00138
9116	-0.00241
9118	-0.0026
9120	-0.00214
9122	-0.00122
9124	-0.00145
9126	-0.00246
9128	-0.00321
9130	-0.00363
9132	0.00478
9134	0.03457
9136	0.09683
9138	0.18301
9140	0.28301
9142	0.39352
9144	0.50957
9146	0.63245
9148	0.76068
9150	0.88895
9152	1.01631
9154	1.14191
9156	1.26257
9158	1.35246
9160	1.3475
9162	1.2661
9164	1.15205
9166	1.0301
9168	0.91192
9170	0.80216
9172	0.70127
9174	0.61121
9176	0.53395
9178	0.46515
9180	0.40345
9182	0.35036
9184	0.3049
9186	0.26477
9188	0.23009
9190	0.20088
9192	0.17552
9194	0.15364
9196	0.1357
9198	0.12029
9200	0.10641
9202	0.0932
9204	0.0813
9206	0.07158
9208	0.06374
9210	0.05617
9212	0.05003
9214	0.04499
9216	0.04012
9218	0.03483
9220	0.03046
9222	0.02627
9224	0.02319
9226	0.01952
9228	0.0158
9230	0.01206
9232	0.01026
9234	0.00794
9236	0.00554
9238	0.00329
9240	0.00222
9242	0.0016
9244	-7.41565E-4
9246	-0.00325
9248	-0.0053
9250	-0.00615
9252	-0.00847
9254	-0.00905
9256	-0.01068
9258	-0.0111
9260	-0.01237
9262	-0.01401
9264	-0.01625
9266	-0.01697
9268	-0.01802
9270	-0.01754
9272	-0.01812
9274	-0.019
9276	-0.02052
9278	-0.02071
9280	-0.02214
9282	-0.02414
9284	-0.02335
9286	-0.02395
9288	-0.02345
9290	-0.02388
9292	-0.02407
9294	-0.02416
9296	-0.02463
9298	-0.02397
9300	-0.02352
9302	-0.02286
9304	-0.02412
9306	-0.02481
9308	-0.02484
9310	-0.02464
9312	-0.02417
9314	-0.02308
9316	-0.02257
9318	-0.02259
9320	-0.02311
9322	-0.02387
9324	-0.02475
9326	-0.0254
9328	-0.02488
9330	-0.02365
9332	-0.02202
9334	-0.02176
9336	-0.02218
9338	-0.02219
9340	-0.02153
9342	-0.02098
9344	-0.02123
9346	-0.02185
9348	-0.0209
9350	-0.02029
9352	-0.01976
9354	-0.01871
9356	-0.01776
9358	-0.01863
9360	-0.01739
9362	-0.01582
9364	-0.01482
9366	-0.0141
9368	-0.01368
9370	-0.01418
9372	-0.0132
9374	-0.01199
9376	-0.01063
9378	-0.00929
9380	-0.00854
9382	-0.00772
9384	-0.00795
9386	-0.0072
9388	-0.00557
9390	-0.00504
9392	-0.00526
9394	-0.00503
9396	-0.00434
9398	-0.00373
9400	-0.00262
9402	-0.0012
9404	3.73255E-4
9406	0.00235
9408	0.00222
9410	0.00237
9412	0.00268
9414	0.00217
9416	0.00177
9418	0.00336
9420	0.00374
9422	0.00377
9424	0.00448
9426	0.00542
9428	0.00505
9430	0.00543
9432	0.00536
9434	0.00494
9436	0.00606
9438	0.00604
9440	0.00652
9442	0.00583
9444	0.0059
9446	0.0066
9448	0.00637
9450	0.00434
9452	0.0046
9454	0.00547
9456	0.00653
9458	0.00601
9460	0.00653
9462	0.00716
9464	0.00659
9466	0.00517
9468	0.00506
9470	0.00568
9472	0.00598
9474	0.00442
9476	0.00413
9478	0.00432
9480	0.00428
9482	0.00323
9484	0.00295
9486	0.00452
9488	0.00481
9490	0.00412
9492	0.00438
9494	0.00387
9496	0.00351
9498	0.00382
9500	0.00465
9502	0.00586
9504	0.00462
9506	0.00399
9508	0.0032
9510	0.00232
9512	0.00187
9514	0.00197
9516	0.00317
9518	0.00272
9520	0.00269
9522	0.00275
9524	0.00186
9526	0.00148
9528	0.00162
9530	2.12169E-4
9532	-6.01531E-4
9534	-4.0923E-4
9536	-7.8593E-4
9538	-4.963E-5
9540	7.9767E-4
9542	8.3397E-4
9544	9.00271E-4
9546	5.94571E-4
9548	7.94871E-4
9550	0.00134
9552	5.37472E-4
9554	3.66772E-4
9556	4.01072E-4
9558	-2.91628E-4
9560	-0.00104
9562	-4.04027E-4
9564	-4.56727E-4
9566	-8.03427E-4
9568	-0.00109
9570	9.17173E-4
9572	9.20474E-4
9574	5.37739E-5
9576	5.18074E-4
9578	1.29374E-4
9580	-6.97325E-4
9582	-0.00133
9584	-0.00167
9586	-0.0026
9588	-0.00233
9590	-0.00265
9592	-0.00218
9594	-0.00151
9596	-0.00211
9598	-0.00187
9600	-0.00134
9602	-9.04023E-4
9604	2.06277E-4
9606	8.05774E-5
9608	6.01878E-4
9610	-5.73822E-4
9612	-0.00159
9614	-0.0024
9616	-0.00185
9618	-5.708E-4
9620	1.70302E-4
9622	1.14405E-4
9624	-9.7493E-5
9626	-0.00104
9628	-1.03288E-4
9630	5.89814E-4
9632	3.44916E-4
9634	5.61019E-4
9636	0.0013
9638	0.00134
9640	7.46326E-4
9642	1.98428E-4
9644	2.9553E-4
9646	-6.14367E-4
9648	-0.00169
9650	-0.00193
9652	-0.00105
9654	4.50042E-4
9656	1.30145E-4
9658	4.30247E-4
9660	2.38349E-4
9662	3.33452E-4
9664	0.00124
9666	0.00205
9668	0.00241
9670	0.00242
9672	0.00108
9674	8.47066E-4
9676	-3.65832E-4
9678	-0.0017
9680	-0.001
9682	-3.27525E-4
9684	-2.96422E-4
9686	5.4268E-4
9688	0.00157
9690	0.00184
9692	0.00152
9694	0.00136
9696	2.66013E-4
9698	3.3569E-4
9700	8.75367E-4
9702	9.28044E-4
9704	9.61722E-4
9706	-7.60117E-6
9708	-5.35924E-4
9710	-2.61247E-4
9712	4.9743E-4
9714	8.23108E-4
9716	0.00177
9718	0.00257
9720	0.00164
9722	5.08816E-4
9724	-7.50638E-6
9726	8.20171E-4
9728	-4.00152E-4
9730	-0.00302
9732	-0.00116
9734	0.00913
9736	0.03181
9738	0.06877
9740	0.11618
9742	0.17405
9744	0.2417
9746	0.31752
9748	0.39869
9750	0.48178
9752	0.56726
9754	0.65395
9756	0.7414
9758	0.81794
9760	0.83456
9762	0.79511
9764	0.73247
9766	0.66205
9768	0.59094
9770	0.52432
9772	0.46304
9774	0.40709
9776	0.3568
9778	0.31156
9780	0.27176
9782	0.23664
9784	0.20732
9786	0.18178
9788	0.15958
9790	0.14073
9792	0.12505
9794	0.11045
9796	0.09624
9798	0.08505
9800	0.07533
9802	0.06795
9804	0.06104
9806	0.05584
9808	0.05041
9810	0.04534
9812	0.04141
9814	0.03671
9816	0.03298
9818	0.02925
9820	0.02544
9822	0.02268
9824	0.01921
9826	0.0167
9828	0.01389
9830	0.01063
9832	0.00758
9834	0.00591
9836	0.00377
9838	0.00229
9840	3.48446E-5
9842	-0.00241
9844	-0.00475
9846	-0.00583
9848	-0.00648
9850	-0.00714
9852	-0.00773
9854	-0.00873
9856	-0.0102
9858	-0.01246
9860	-0.013
9862	-0.01392
9864	-0.01403
9866	-0.01393
9868	-0.01391
9870	-0.01472
9872	-0.01568
9874	-0.01628
9876	-0.01526
9878	-0.01514
9880	-0.01713
9882	-0.01693
9884	-0.01726
9886	-0.01794
9888	-0.01917
9890	-0.02117
9892	-0.02265
9894	-0.02158
9896	-0.02117
9898	-0.02164
9900	-0.02151
9902	-0.01987
9904	-0.01926
9906	-0.021
9908	-0.02146
9910	-0.01994
9912	-0.01943
9914	-0.01876
9916	-0.01774
9918	-0.01662
9920	-0.01544
9922	-0.01607
9924	-0.01582
9926	-0.01546
9928	-0.01569
9930	-0.01508
9932	-0.01437
9934	-0.01389
9936	-0.0127
9938	-0.01185
9940	-0.01132
9942	-0.01116
9944	-0.0109
9946	-0.01068
9948	-0.0099
9950	-0.00831
9952	-0.00646
9954	-0.00592
9956	-0.00538
9958	-0.00418
9960	-0.00448
9962	-0.00397
9964	-0.00387
9966	-0.00321
9968	-0.00161
9970	-0.00143
9972	-4.53659E-4
9974	0.00101
9976	0.00343
9978	0.00395
9980	0.00484
9982	0.00562
9984	0.00575
9986	0.00584
9988	0.00605
9990	0.00678
9992	0.00786
9994	0.00877
9996	0.0084
9998	0.00758
10000	0.00886
10002	0.01003
10004	0.00984
10006	0.01
10008	0.01033
10010	0.01026
10012	0.0108
10014	0.011
10016	0.01091
10018	0.01124
10020	0.01235
10022	0.01283
10024	0.01305
10026	0.01331
10028	0.01315
10030	0.01397
10032	0.0138
10034	0.01269
10036	0.01266
10038	0.01171
10040	0.01195
10042	0.01238
10044	0.0118
10046	0.011
10048	0.01064
10050	0.01045
10052	0.0101
10054	0.00909
10056	0.00881
10058	0.00954
10060	0.01007
10062	0.01044
10064	0.01017
10066	0.00975
10068	0.00875
10070	0.00775
10072	0.00832
10074	0.00845
10076	0.00762
10078	0.00754
10080	0.00684
10082	0.00701
10084	0.00681
10086	0.00679
10088	0.00687
10090	0.00726
10092	0.00633
10094	0.00537
10096	0.00489
10098	0.00448
10100	0.00501
10102	0.00533
10104	0.00514
10106	0.00529
10108	0.00429
10110	0.00391
10112	0.0057
10114	0.00594
10116	0.00563
10118	0.0041
10120	0.0033
10122	0.00458
10124	0.00666
10126	0.00721
10128	0.00726
10130	0.0073
10132	0.00762
10134	0.00695
10136	0.00538
10138	0.00404
10140	0.00304
10142	0.00308
10144	0.00242
10146	0.00333
10148	0.00414
10150	0.00496
10152	0.0044
10154	0.00416
10156	0.00392
10158	0.00386
10160	0.00345
10162	0.00523
10164	0.00602
10166	0.00545
10168	0.00686
10170	0.00742
10172	0.00605
10174	0.00432
10176	0.00453
10178	0.00451
10180	0.00462
10182	0.00446
10184	0.00449
10186	0.00543
10188	0.00576
10190	0.00591
10192	0.00565
10194	0.00636
10196	0.00652
10198	0.00658
10200	0.0063
10202	0.00631
10204	0.00677
10206	0.00744
10208	0.00644
10210	0.00652
10212	0.00521
10214	0.00479
10216	0.00544
10218	0.00634
10220	0.00778
10222	0.00658
10224	0.00583
10226	0.00651
10228	0.00666
10230	0.00659
10232	0.00619
10234	0.00724
10236	0.0077
10238	0.00774
10240	0.0074
10242	0.00705
10244	0.00726
10246	0.00745
10248	0.00631
10250	0.00638
10252	0.00617
10254	0.00677
10256	0.00675
10258	0.00796
10260	0.00751
10262	0.00656
10264	0.00539
10266	0.00505
10268	0.00557
10270	0.00637
10272	0.00659
10274	0.00491
10276	0.00384
10278	0.00445
10280	0.00472
10282	0.00487
10284	0.00502
10286	0.00645
10288	0.00615
10290	0.00567
10292	0.00535
10294	0.0063
10296	0.00709
10298	0.00731
10300	0.00672
10302	0.00662
10304	0.00576
10306	0.00658
10308	0.00688
10310	0.00637
10312	0.00624
10314	0.00701
10316	0.00687
10318	0.00665
10320	0.00722
10322	0.00687
10324	0.00645
10326	0.00567
10328	0.00504
10330	0.00398
10332	0.00579
10334	0.01586
10336	0.04209
10338	0.0818
10340	0.13263
10342	0.19431
10344	0.26122
10346	0.33156
10348	0.40167
10350	0.47106
10352	0.53968
10354	0.60601
10356	0.67024
10358	0.7251
10360	0.73318
10362	0.69577
10364	0.63629
10366	0.56958
10368	0.50474
10370	0.44431
10372	0.38849
10374	0.33799
10376	0.29301
10378	0.25369
10380	0.21999
10382	0.19033
10384	0.1649
10386	0.1428
10388	0.12256
10390	0.10623
10392	0.09154
10394	0.07846
10396	0.06816
10398	0.05799
10400	0.04979
10402	0.04318
10404	0.0373
10406	0.03205
10408	0.02689
10410	0.02162
10412	0.01796
10414	0.01342
10416	0.00986
10418	0.00599
10420	0.00451
10422	0.00156
10424	-5.60573E-5
10426	-0.001
10428	-0.0022
10430	-0.00428
10432	-0.00719
10434	-0.00781
10436	-0.01
10438	-0.01207
10440	-0.01229
10442	-0.01207
10444	-0.01404
10446	-0.01594
10448	-0.01683
10450	-0.01739
10452	-0.01867
10454	-0.02067
10456	-0.02155
10458	-0.0226
10460	-0.02275
10462	-0.02335
10464	-0.02367
10466	-0.0243
10468	-0.02565
10470	-0.02608
10472	-0.02715
10474	-0.02886
10476	-0.02943
10478	-0.02819
10480	-0.02838
10482	-0.02868
10484	-0.02839
10486	-0.02861
10488	-0.02855
10490	-0.02724
10492	-0.02652
10494	-0.02649
10496	-0.02587
10498	-0.02583
10500	-0.02568
10502	-0.02595
10504	-0.02538
10506	-0.02496
10508	-0.02484
10510	-0.02421
10512	-0.02386
10514	-0.02398
10516	-0.02463
10518	-0.02378
10520	-0.02304
10522	-0.02201
10524	-0.0215
10526	-0.02081
10528	-0.02024
10530	-0.02076
10532	-0.0198
10534	-0.01955
10536	-0.01898
10538	-0.01839
10540	-0.0188
10542	-0.01832
10544	-0.01581
10546	-0.01319
10548	-0.01278
10550	-0.01224
10552	-0.01128
10554	-0.01004
10556	-0.00874
10558	-0.0062
10560	-0.00528
10562	-0.00587
10564	-0.00429
10566	-0.00413
10568	-0.00399
10570	-0.00408
10572	-0.0038
10574	-0.00408
10576	-0.00167
10578	-1.57316E-4
10580	-0.00146
10582	-5.61959E-4
10584	1.02199E-5
10586	3.39399E-4
10588	-4.05423E-4
10590	-7.91244E-4
10592	0.00102
10594	6.34114E-4
10596	-2.66707E-4
10598	-5.43529E-4
10600	-6.4135E-4
10602	-2.42171E-4
10604	6.82008E-4
10606	8.15186E-4
10608	8.51365E-4
10610	-5.99456E-4
10612	4.69723E-4
10614	0.00134
10616	0.00156
10618	0.00108
10620	2.03438E-4
10622	1.97617E-4
10624	-5.91205E-4
10626	1.37974E-4
10628	3.24153E-4
10630	3.39332E-4
10632	3.9751E-4
10634	0.00167
10636	0.00125
10638	6.29047E-4
10640	9.56226E-4
10642	9.29404E-4
10644	5.40583E-4
10646	5.69762E-4
10648	4.50941E-4
10650	0.00127
10652	0.00169
10654	0.00157
10656	9.12656E-4
10658	3.11834E-4
10660	-5.25987E-4
10662	-1.43808E-4
10664	-0.00168
10666	-0.00269
10668	-0.00221
10670	-0.00309
10672	-0.0028
10674	-0.0026
10676	-0.0025
10678	-0.00264
10680	-0.0028
10682	-0.00324
10684	-0.00288
10686	-0.00273
10688	-0.00342
10690	-0.00432
10692	-0.00345
10694	-0.00286
10696	-0.00385
10698	-0.00418
10700	-0.00505
10702	-0.00499
10704	-0.00621
10706	-0.00604
10708	-0.00536
10710	-0.00472
10712	-0.00523
10714	-0.00446
10716	-0.00464
10718	-0.00442
10720	-0.0036
10722	-0.00416
10724	-0.00417
10726	-0.00429
10728	-0.00482
10730	-0.00434
10732	-0.00467
10734	-0.00477
10736	-0.00378
10738	-0.00293
10740	-0.00255
10742	-0.00265
10744	-0.00402
10746	-0.00484
10748	-0.00438
10750	-0.00434
10752	-0.00351
10754	-0.00251
10756	-0.00222
10758	-0.00222
10760	-0.00121
10762	-0.00118
10764	1.11309E-4
10766	1.72488E-4
10768	0.0014
10770	0.00183
10772	0.00235
10774	0.00254
10776	0.00264
10778	0.0019
10780	0.00316
10782	0.00303
10784	0.00268
10786	0.00265
10788	0.00295
10790	0.00323
10792	0.0036
10794	0.00386
10796	0.00372
10798	0.00445
10800	0.00552
10802	0.00632
10804	0.00636
10806	0.00627
10808	0.00721
10810	0.00702
10812	0.00732
10814	0.00732
10816	0.00802
10818	0.00758
10820	0.00771
10822	0.00791
10824	0.00715
10826	0.00658
10828	0.00667
10830	0.00588
10832	0.00581
10834	0.00605
10836	0.00696
10838	0.00787
10840	0.00773
10842	0.00758
10844	0.00677
10846	0.00727
10848	0.00827
10850	0.00874
10852	0.00783
10854	0.0081
10856	0.0078
10858	0.0085
10860	0.00914
10862	0.01022
10864	0.01035
10866	0.01037
10868	0.01226
10870	0.01305
10872	0.01203
10874	0.01034
10876	0.0098
10878	0.01027
10880	0.00972
10882	0.00962
10884	0.00948
10886	0.00914
10888	0.00914
10890	0.00928
10892	0.00963
10894	0.00884
10896	0.0085
10898	0.00807
10900	0.00733
10902	0.00666
10904	0.00725
10906	0.00821
10908	0.00823
10910	0.0075
10912	0.00786
10914	0.00801
10916	0.00702
10918	0.00618
10920	0.00622
10922	0.00656
10924	0.00637
10926	0.0049
10928	0.00404
10930	0.00381
10932	0.00414
10934	0.00737
10936	0.01907
10938	0.04024
10940	0.06832
10942	0.10288
10944	0.1443
10946	0.19291
10948	0.24806
10950	0.30595
10952	0.3631
10954	0.42187
10956	0.47819
10958	0.52983
10960	0.54858
10962	0.52748
10964	0.48607
10966	0.43764
10968	0.38902
10970	0.34228
10972	0.30026
10974	0.26081
10976	0.2273
10978	0.19675
10980	0.16905
10982	0.14495
10984	0.12507
10986	0.10802
10988	0.09228
10990	0.07901
10992	0.06693
10994	0.05817
10996	0.0504
10998	0.04324
11000	0.03693
11002	0.03068
11004	0.02582
11006	0.02199
11008	0.01865
11010	0.01604
11012	0.01331
11014	0.01082
11016	0.00798
11018	0.00571
11020	0.00495
11022	0.00362
11024	0.00253
11026	9.86124E-4
11028	1.76932E-4
11030	3.6074E-4
11032	-0.00119
11034	-0.0015
11036	-0.00184
11038	-0.00272
11040	-0.00391
11042	-0.00576
11044	-0.00688
11046	-0.00692
11048	-0.00662
11050	-0.00698
11052	-0.00642
11054	-0.00627
11056	-0.00621
11058	-0.00586
11060	-0.00594
11062	-0.00599
11064	-0.00501
11066	-0.00301
11068	-0.00167
11070	-0.00151
11072	-5.80285E-4
11074	-6.34769E-5
11076	2.15331E-4
11078	5.6514E-4
11080	6.22948E-4
11082	9.43681E-4
11084	-3.49758E-4
11086	-0.00142
11088	-0.00204
11090	-0.00367
11092	-0.00409
11094	-0.00404
11096	-0.00486
11098	-0.00559
11100	-0.0059
11102	-0.00705
11104	-0.00687
11106	-0.00729
11108	-0.00861
11110	-0.00875
11112	-0.0099
11114	-0.01083
11116	-0.0111
11118	-0.00964
11120	-0.00833
11122	-0.00854
11124	-0.00818
11126	-0.00829
11128	-0.00786
11130	-0.0092
11132	-0.00919
11134	-0.00996
11136	-0.01082
11138	-0.01122
11140	-0.01089
11142	-0.00992
11144	-0.00931
11146	-0.00782
11148	-0.00697
11150	-0.00817
11152	-0.00695
11154	-0.00585
11156	-0.00496
11158	-0.00503
11160	-0.00489
11162	-0.00525
11164	-0.00388
11166	-0.00257
11168	-0.00166
11170	-0.0016
11172	-0.00114
11174	-5.94279E-4
11176	-3.50975E-4
11178	5.73291E-5
11180	-1.84367E-4
11182	6.09369E-5
11184	0.00162
11186	0.00117
11188	7.29848E-4
11190	9.79152E-4
11192	1.16456E-4
11194	-4.7024E-4
11196	0.00188
11198	0.00195
11200	0.00267
11202	0.00292
11204	0.00512
11206	0.00613
11208	0.00497
11210	0.00481
11212	0.00452
11214	0.00526
11216	0.0064
11218	0.00653
11220	0.00709
11222	0.00879
11224	0.00956
11226	0.00898
11228	0.00818
11230	0.00711
11232	0.0076
11234	0.00807
11236	0.00771
11238	0.00801
11240	0.00804
11242	0.00858
11244	0.00759
11246	0.00775
11248	0.00811
11250	0.00776
11252	0.00692
11254	0.00801
11256	0.0087
11258	0.01006
11260	0.01047
11262	0.01145
11264	0.0098
11266	0.00804
11268	0.00951
11270	0.00963
11272	0.00944
11274	0.00997
11276	0.01126
11278	0.01162
11280	0.0114
11282	0.01191
11284	0.01273
11286	0.01322
11288	0.01459
11290	0.01416
11292	0.01267
11294	0.01199
11296	0.01152
11298	0.01054
11300	0.00994
11302	0.00907
11304	0.00791
11306	0.00814
11308	0.00753
11310	0.00864
11312	0.00728
11314	0.00621
11316	0.00595
11318	0.00532
11320	0.00594
11322	0.0053
11324	0.00463
11326	0.00396
11328	0.00414
11330	0.00422
11332	0.00247
11334	0.00202
11336	0.00143
11338	-7.54019E-4
11340	-4.47874E-4
11342	-0.00165
11344	-0.00152
11346	-7.91436E-4
11348	-2.7229E-4
11350	-2.56145E-4
11352	-9.65999E-4
11354	-0.00139
11356	-0.00226
11358	-0.00218
11360	-0.00142
11362	-0.00145
11364	-8.26281E-4
11366	-8.89314E-4
11368	-0.00143
11370	-0.00215
11372	-0.00152
11374	-4.34445E-4
11376	-1.46477E-4
11378	-2.2251E-4
11380	8.94457E-4
11382	0.0012
11384	0.00158
11386	0.00219
11388	0.00322
11390	0.00361
11392	0.00321
11394	0.00348
11396	0.00383
11398	0.00276
11400	0.00174
11402	0.00281
11404	0.00251
11406	0.00173
11408	4.62999E-4
11410	-2.91034E-4
11412	2.37934E-4
11414	-1.22099E-4
11416	6.69868E-4
11418	-5.96164E-4
11420	-6.04197E-4
11422	-0.00135
11424	-0.00277
11426	-0.00266
11428	-0.00331
11430	-0.00403
11432	-0.00481
11434	-0.00425
11436	-0.00339
11438	-0.00332
11440	-0.00211
11442	-0.0012
11444	-0.00153
11446	-0.00117
11448	-8.82033E-4
11450	9.92584E-4
11452	9.382E-4
11454	0.00117
11456	0.00214
11458	0.00292
11460	0.00314
11462	0.00378
11464	0.00288
11466	0.00326
11468	0.00456
11470	0.00443
11472	0.00453
11474	0.00505
11476	0.00485
11478	0.00424
11480	0.00468
11482	0.00604
11484	0.00665
11486	0.00783
11488	0.00736
11490	0.0069
11492	0.00644
11494	0.00587
11496	0.0057
11498	0.00511
11500	0.00687
11502	0.00926
11504	0.01075
11506	0.01272
11508	0.01524
11510	0.01703
11512	0.01899
11514	0.02225
11516	0.0243
11518	0.02572
11520	0.02808
11522	0.03167
11524	0.03528
11526	0.03744
11528	0.03908
11530	0.03815
11532	0.03911
11534	0.04304
11536	0.05415
11538	0.07642
11540	0.11034
11542	0.15513
11544	0.20227
11546	0.24921
11548	0.29762
11550	0.34679
11552	0.39344
11554	0.43718
11556	0.47906
11558	0.51949
11560	0.53479
11562	0.51177
11564	0.47165
11566	0.42517
11568	0.37829
11570	0.33266
11572	0.2914
11574	0.25372
11576	0.21989
11578	0.19
11580	0.16331
11582	0.13991
11584	0.11875
11586	0.10135
11588	0.08544
11590	0.07124
11592	0.05836
11594	0.04763
11596	0.03875
11598	0.03053
11600	0.02473
11602	0.02031
11604	0.01559
11606	0.01241
11608	0.00913
11610	0.00661
11612	0.00459
11614	0.00289
11616	4.39067E-5
11618	-0.00148
11620	-0.00247
11622	-0.00314
11624	-0.00536
11626	-0.00747
11628	-0.00649
11630	-0.00486
11632	-0.00566
11634	-0.00568
11636	-0.00563
11638	-0.00639
11640	-0.00759
11642	-0.00758
11644	-0.00811
11646	-0.00921
11648	-0.00956
11650	-0.0087
11652	-0.00895
11654	-0.00861
11656	-0.00812
11658	-0.00964
11660	-0.01087
11662	-0.01004
11664	-0.00858
11666	-0.00888
11668	-0.01016
11670	-0.01056
11672	-0.00921
11674	-0.00814
11676	-0.00837
11678	-0.00862
11680	-0.00798
11682	-0.00734
11684	-0.00722
11686	-0.00737
11688	-0.00627
11690	-0.00523
11692	-0.00494
11694	-0.00484
11696	-0.00396
11698	-0.00305
11700	-0.0029
11702	-0.00398
11704	-0.00397
11706	-0.00399
11708	-0.00446
11710	-0.00318
11712	-0.0023
11714	-5.82474E-4
11716	-7.3362E-4
11718	-4.05765E-4
11720	-3.6991E-4
11722	-4.39056E-4
11724	0.00132
11726	0.00154
11728	0.00245
11730	0.00403
11732	0.00473
11734	0.00521
11736	0.00531
11738	0.00562
11740	0.00412
11742	0.00532
11744	0.00562
11746	0.00577
11748	0.00688
11750	0.00759
11752	0.00705
11754	0.00622
11756	0.00641
11758	0.00673
11760	0.00724
11762	0.00748
11764	0.00732
11766	0.00692
11768	0.00643
11770	0.006
11772	0.0054
11774	0.00412
11776	0.00389
11778	0.00426
11780	0.0044
11782	0.00404
11784	0.00423
11786	0.005
11788	0.00643
11790	0.00693
11792	0.00729
11794	0.00651
11796	0.00629
11798	0.00641
11800	0.00763
11802	0.00771
11804	0.00881
11806	0.01058
11808	0.01108
11810	0.01034
11812	0.00957
11814	0.00974
11816	0.00975
11818	0.01014
11820	0.00905
11822	0.00859
11824	0.00958
11826	0.0093
11828	0.00864
11830	0.00815
11832	0.00788
11834	0.00835
11836	0.00772
11838	0.00794
11840	0.00785
11842	0.00735
11844	0.00568
11846	0.00471
11848	0.00565
11850	0.00716
11852	0.00721
11854	0.00668
11856	0.00678
11858	0.00703
11860	0.00709
11862	0.00774
11864	0.00788
11866	0.00754
11868	0.00676
11870	0.00805
11872	0.00786
11874	0.00838
11876	0.00929
11878	0.00852
11880	0.00721
11882	0.00724
11884	0.00799
11886	0.00815
11888	0.00853
11890	0.00866
11892	0.00726
11894	0.00733
11896	0.00807
11898	0.00885
11900	0.00975
11902	0.00876
11904	0.00863
11906	0.00818
11908	0.00789
11910	0.00681
11912	0.00693
11914	0.00645
11916	0.00594
11918	0.00735
11920	0.00873
11922	0.00786
11924	0.00777
11926	0.00759
11928	0.00776
11930	0.00662
11932	0.00571
11934	0.00546
11936	0.00529
11938	0.00448
11940	0.00354
11942	0.00233
11944	0.00302
11946	0.00216
11948	0.00149
11950	0.00107
11952	9.70913E-4
11954	9.39183E-4
11956	-2.28547E-4
11958	-5.42764E-5
11960	3.09938E-5
11962	5.61264E-4
11964	7.94534E-4
11966	8.48805E-4
11968	7.67075E-4
11970	-1.95655E-4
11972	5.88615E-4
11974	0.00118
11976	-7.11844E-4
11978	-4.28574E-4
11980	-0.00152
11982	-0.00243
11984	-0.0026
11986	-0.00376
11988	-0.00243
11990	-0.001
11992	1.89067E-4
11994	7.64371E-5
11996	6.68807E-4
11998	0.00129
12000	0.00118
12002	0.00156
12004	4.67286E-4
12006	-2.34382E-6
12008	-2.32974E-4
12010	-8.60604E-4
12012	4.68766E-4
12014	0.00165
12016	0.00295
12018	0.00457
12020	0.00455
12022	0.00434
12024	0.00356
12026	0.00379
12028	0.00361
12030	0.00269
12032	0.00375
12034	0.00491
12036	0.0059
12038	0.00717
12040	0.00711
12042	0.00719
12044	0.00692
12046	0.0069
12048	0.0079
12050	0.0095
12052	0.0091
12054	0.00894
12056	0.01024
12058	0.01182
12060	0.01137
12062	0.00957
12064	0.01041
12066	0.01184
12068	0.01128
12070	0.00881
12072	0.00887
12074	0.00867
12076	0.00785
12078	0.00858
12080	0.00824
12082	0.00751
12084	0.00844
12086	0.00863
12088	0.00947
12090	0.01073
12092	0.01012
12094	0.00955
12096	0.00849
12098	0.00846
12100	0.00786
12102	0.0075
12104	0.00891
12106	0.0077
12108	0.00712
12110	0.00589
12112	0.00551
12114	0.00454
12116	0.00383
12118	0.00474
12120	0.00483
12122	0.00462
12124	0.00392
12126	0.00261
