time	cp
2	0.00845
4	0.00751
6	0.00638
8	0.00602
10	0.00589
12	0.00549
14	0.0049
16	0.00474
18	0.00368
20	0.00396
22	0.00451
24	0.00457
26	0.00485
28	0.00447
30	0.00487
32	0.00527
34	0.00609
36	0.0063
38	0.00587
40	0.00536
42	0.00493
44	0.00573
46	0.00636
48	0.00651
50	0.00556
52	0.00506
54	0.00534
56	0.00428
58	0.00334
60	0.00373
62	0.00333
64	0.00356
66	0.00308
68	0.00372
70	0.00456
72	0.00431
74	0.00415
76	0.00381
78	0.00336
80	0.00387
82	0.00412
84	0.00464
86	0.00473
88	0.00396
90	0.00433
92	0.00356
94	0.00287
96	0.00261
98	0.0016
100	0.00118
102	8.18202E-4
104	0.00174
106	0.00221
108	0.00207
110	0.0017
112	0.00119
114	6.70965E-4
116	9.53092E-4
118	7.71219E-4
120	3.23463E-5
122	-5.45266E-5
124	-0.00106
126	0.0358
128	0.28328
130	0.76406
132	1.35617
134	1.9747
136	2.56384
138	3.11146
140	3.60292
142	4.03862
144	4.41992
146	4.75685
148	5.04549
150	5.29389
152	5.50539
154	5.63263
156	5.48162
158	5.09968
160	4.61943
162	4.11878
164	3.63853
166	3.19541
168	2.79544
170	2.43924
172	2.12424
174	1.84962
176	1.61163
178	1.40588
180	1.22945
182	1.07794
184	0.94896
186	0.83728
188	0.74216
190	0.66097
192	0.59172
194	0.53073
196	0.47815
198	0.43296
200	0.3931
202	0.35781
204	0.32656
206	0.2997
208	0.2755
210	0.25432
212	0.23449
214	0.21587
216	0.19867
218	0.18416
220	0.17092
222	0.15868
224	0.14828
226	0.1387
228	0.13023
230	0.12181
232	0.11549
234	0.10948
236	0.10301
238	0.09773
240	0.09204
242	0.08798
244	0.08444
246	0.08219
248	0.07787
250	0.07473
252	0.07299
254	0.06956
256	0.06484
258	0.06053
260	0.05682
262	0.05449
264	0.05351
266	0.05171
268	0.04896
270	0.04622
272	0.04469
274	0.04413
276	0.04301
278	0.04159
280	0.03965
282	0.03823
284	0.03717
286	0.03629
288	0.03556
290	0.03406
292	0.03353
294	0.03219
296	0.03073
298	0.02932
300	0.02989
302	0.02941
304	0.02821
306	0.02686
308	0.02629
310	0.02643
312	0.02674
314	0.02619
316	0.02623
318	0.02529
320	0.02436
322	0.0242
324	0.02359
326	0.02258
328	0.02228
330	0.02215
332	0.02165
334	0.02096
336	0.01953
338	0.01903
340	0.01962
342	0.01897
344	0.01789
346	0.01736
348	0.0167
350	0.01676
352	0.01677
354	0.01635
356	0.01529
358	0.0136
360	0.01297
362	0.01333
364	0.01368
366	0.01395
368	0.01399
370	0.01383
372	0.01382
374	0.01432
376	0.01317
378	0.01326
380	0.0132
382	0.01342
384	0.01271
386	0.01224
388	0.01249
390	0.01194
392	0.01228
394	0.01221
396	0.01208
398	0.01251
400	0.01172
402	0.01072
404	0.01147
406	0.01168
408	0.01179
410	0.01117
412	0.01148
414	0.01146
416	0.00946
418	0.00921
420	0.00945
422	0.00933
424	0.00905
426	0.0092
428	0.00922
430	0.00893
432	0.00916
434	0.00837
436	0.00834
438	0.00801
440	0.00861
442	0.00817
444	0.00725
446	0.00619
448	0.00651
450	0.00657
452	0.00588
454	0.00556
456	0.00542
458	0.00597
460	0.00658
462	0.00628
464	0.00633
466	0.00588
468	0.00551
470	0.00569
472	0.00516
474	0.00467
476	0.00426
478	0.00387
480	0.00345
482	0.004
484	0.00471
486	0.00447
488	0.00516
490	0.00517
492	0.00436
494	0.00522
496	0.00621
498	0.00616
500	0.0048
502	0.00472
504	0.00414
506	0.00419
508	0.00342
510	0.00439
512	0.0042
514	0.00425
516	0.00397
518	0.00368
520	0.00208
522	0.00213
524	0.00273
526	0.00198
528	0.00147
530	0.00121
532	0.00113
534	7.90655E-4
536	0.00121
538	7.71909E-4
540	7.70036E-4
542	0.00145
544	0.00116
546	5.87417E-4
548	7.11544E-4
550	0.00122
552	0.00216
554	0.00179
556	0.00188
558	0.00195
560	0.0019
562	0.00104
564	9.41159E-4
566	4.62542E-4
568	1.53925E-4
570	-7.83691E-4
572	-0.00111
574	-0.00174
576	-0.00205
578	-0.00135
580	-0.00108
582	-0.00114
584	-0.00159
586	-4.74625E-4
588	-7.82419E-5
590	-9.98586E-5
592	-2.69475E-4
594	-7.54092E-4
596	-9.30709E-4
598	-4.50326E-4
600	-4.01942E-4
602	-3.67559E-4
604	-0.00105
606	-8.14792E-4
608	-8.53409E-4
610	1.30974E-4
612	3.14357E-4
614	4.32741E-4
616	3.96124E-4
618	1.96507E-4
620	8.99891E-4
622	7.74274E-4
624	6.45657E-4
626	-1.8996E-4
628	2.50424E-4
630	6.72536E-4
632	7.49377E-4
634	0.00137
636	0.00206
638	0.00182
640	0.00138
642	0.00156
644	0.00132
646	8.87267E-4
648	5.05109E-4
650	0.0012
652	0.00128
654	0.00161
656	8.12474E-4
658	-5.16843E-5
660	-0.00124
662	-0.00148
664	-3.2516E-4
666	-7.44319E-4
668	-4.03477E-4
670	3.12364E-4
672	5.54205E-4
674	9.03047E-4
676	9.54888E-4
678	0.00128
680	0.00152
682	2.41413E-4
684	-6.09746E-4
686	-1.19905E-4
688	-6.10633E-5
690	-2.63222E-4
692	-9.2138E-4
694	-0.00169
696	-0.00122
698	-0.00116
700	-3.01985E-4
702	-7.026E-4
704	-3.74215E-4
706	-3.35829E-4
708	-3.94436E-5
710	4.09942E-4
712	-4.12673E-4
714	-0.00114
716	-0.00104
718	-0.00125
720	-0.00112
722	-7.97453E-5
724	5.8864E-4
726	0.04453
728	0.31928
730	0.81325
732	1.40113
734	2.00319
736	2.57705
738	3.10391
740	3.58106
742	4.0025
744	4.37369
746	4.69169
748	4.97078
750	5.20708
752	5.41279
754	5.53881
756	5.40795
758	5.04381
760	4.57767
762	4.08698
764	3.6141
766	3.1766
768	2.78129
770	2.42885
772	2.11814
774	1.84564
776	1.6085
778	1.40386
780	1.22769
782	1.07762
784	0.94933
786	0.83976
788	0.74447
790	0.66319
792	0.59443
794	0.5348
796	0.48241
798	0.4378
800	0.39793
802	0.36213
804	0.33137
806	0.30486
808	0.28065
810	0.25883
812	0.23954
814	0.22108
816	0.20467
818	0.19034
820	0.17739
822	0.16498
824	0.15362
826	0.14331
828	0.13361
830	0.12446
832	0.11519
834	0.10825
836	0.10107
838	0.09473
840	0.08997
842	0.08545
844	0.08054
846	0.07596
848	0.07149
850	0.06753
852	0.06561
854	0.06312
856	0.06033
858	0.05807
860	0.05617
862	0.05398
864	0.05137
866	0.04929
868	0.04751
870	0.04601
872	0.04386
874	0.04216
876	0.04073
878	0.04024
880	0.039
882	0.03744
884	0.03666
886	0.03603
888	0.03527
890	0.03488
892	0.03345
894	0.03287
896	0.03201
898	0.0302
900	0.02971
902	0.02863
904	0.02753
906	0.02728
908	0.02638
910	0.02615
912	0.02505
914	0.02381
916	0.02392
918	0.02293
920	0.02349
922	0.02404
924	0.02323
926	0.02214
928	0.02204
930	0.02147
932	0.02163
934	0.02118
936	0.02178
938	0.0216
940	0.02151
942	0.02062
944	0.01983
946	0.01945
948	0.01875
950	0.01895
952	0.01974
954	0.01962
956	0.01803
958	0.01702
960	0.01669
962	0.01664
964	0.01575
966	0.01471
968	0.01473
970	0.0155
972	0.01582
974	0.01549
976	0.01591
978	0.01576
980	0.01575
982	0.01502
984	0.0152
986	0.01518
988	0.01546
990	0.01488
992	0.0145
994	0.01356
996	0.01457
998	0.01461
1000	0.01399
1002	0.0134
1004	0.01269
1006	0.01266
1008	0.01224
1010	0.01209
1012	0.01179
1014	0.01201
1016	0.01129
1018	0.01015
1020	0.01029
1022	0.01001
1024	0.00974
1026	0.01005
1028	0.0097
1030	0.00861
1032	0.00849
1034	0.0077
1036	0.00868
1038	0.00911
1040	0.00761
1042	0.00762
1044	0.00786
1046	0.00757
1048	0.00748
1050	0.00666
1052	0.00638
1054	0.00723
1056	0.00703
1058	0.00675
1060	0.00626
1062	0.00625
1064	0.00586
1066	0.00602
1068	0.00566
1070	0.00627
1072	0.0059
1074	0.00523
1076	0.00541
1078	0.00479
1080	0.00405
1082	0.00396
1084	0.00444
1086	0.00417
1088	0.00343
1090	0.00386
1092	0.00339
1094	0.00297
1096	0.00333
1098	0.00369
1100	0.00347
1102	0.00291
1104	0.00331
1106	0.00343
1108	0.00341
1110	0.00387
1112	0.00475
1114	0.0051
1116	0.00537
1118	0.00543
1120	0.00491
1122	0.00466
1124	0.0047
1126	0.00457
1128	0.00386
1130	0.00385
1132	0.00365
1134	0.00278
1136	0.00372
1138	0.00324
1140	0.00342
1142	0.00381
1144	0.00316
1146	0.00228
1148	0.00257
1150	0.00336
1152	0.0028
1154	0.003
1156	0.00284
1158	0.00207
1160	0.00163
1162	0.00248
1164	0.00314
1166	0.00291
1168	0.00325
1170	0.00217
1172	0.00265
1174	0.00176
1176	8.35172E-4
1178	0.00145
1180	0.00265
1182	0.00228
1184	0.00234
1186	0.00266
1188	0.00125
1190	9.75021E-4
1192	0.00181
1194	0.00259
1196	0.00308
1198	0.00222
1200	0.00155
1202	9.97321E-4
1204	0.00108
1206	0.00196
1208	0.00249
1210	0.0024
1212	0.00144
1214	7.3962E-4
1216	8.3517E-4
1218	0.00159
1220	0.00217
1222	0.00256
1224	0.00245
1226	0.00239
1228	0.00149
1230	0.00186
1232	0.00145
1234	7.68119E-4
1236	0.00112
1238	0.00161
1240	0.00162
1242	0.00122
1244	7.59869E-4
1246	4.18986E-7
1248	-6.83031E-4
1250	-6.45481E-4
1252	-4.97931E-4
1254	-8.16381E-4
1256	-8.94831E-4
1258	-0.001
1260	-7.32368E-5
1262	4.3306E-4
1264	4.31358E-4
1266	5.57655E-4
1268	8.62952E-4
1270	8.3025E-4
1272	6.86547E-4
1274	-2.01559E-5
1276	3.72141E-4
1278	-0.00133
1280	-0.00113
1282	-0.00122
1284	-7.73669E-4
1286	-1.24372E-4
1288	-8.85075E-4
1290	-0.00198
1292	-0.00163
1294	-0.0013
1296	-0.00148
1298	-0.00177
1300	-6.62291E-4
1302	6.00603E-6
1304	2.00303E-4
1306	7.93601E-4
1308	5.79898E-4
1310	-7.10805E-4
1312	-5.67508E-4
1314	-7.12103E-5
1316	-1.98913E-4
1318	-9.77616E-4
1320	-5.98318E-4
1322	-8.05021E-4
1324	7.19276E-4
1326	0.02759
1328	0.25236
1330	0.70881
1332	1.27541
1334	1.86741
1336	2.43477
1338	2.95925
1340	3.42991
1342	3.84812
1344	4.214
1346	4.53342
1348	4.80983
1350	5.04895
1352	5.24917
1354	5.39301
1356	5.31035
1358	4.98254
1360	4.53816
1362	4.06069
1364	3.59591
1366	3.16406
1368	2.77092
1370	2.41955
1372	2.10937
1374	1.83775
1376	1.60189
1378	1.39688
1380	1.21985
1382	1.06949
1384	0.94087
1386	0.83064
1388	0.73523
1390	0.65336
1392	0.58447
1394	0.52533
1396	0.47309
1398	0.42816
1400	0.38869
1402	0.35358
1404	0.32345
1406	0.29719
1408	0.2715
1410	0.24969
1412	0.2302
1414	0.21223
1416	0.19603
1418	0.18279
1420	0.16953
1422	0.15679
1424	0.14525
1426	0.13534
1428	0.12662
1430	0.11776
1432	0.11023
1434	0.10379
1436	0.09814
1438	0.09206
1440	0.08764
1442	0.08256
1444	0.07885
1446	0.07548
1448	0.07092
1450	0.06733
1452	0.06531
1454	0.06291
1456	0.05975
1458	0.05777
1460	0.05612
1462	0.05406
1464	0.05166
1466	0.04934
1468	0.04758
1470	0.04576
1472	0.04367
1474	0.04205
1476	0.04047
1478	0.03946
1480	0.03918
1482	0.0376
1484	0.0367
1486	0.03604
1488	0.03487
1490	0.03358
1492	0.03271
1494	0.03139
1496	0.03137
1498	0.02988
1500	0.02859
1502	0.0271
1504	0.02656
1506	0.02671
1508	0.02659
1510	0.02525
1512	0.02457
1514	0.02421
1516	0.02398
1518	0.02289
1520	0.02258
1522	0.02295
1524	0.02266
1526	0.02293
1528	0.02477
1530	0.02481
1532	0.02271
1534	0.02153
1536	0.02039
1538	0.02038
1540	0.02063
1542	0.02
1544	0.0198
1546	0.01865
1548	0.01788
1550	0.01782
1552	0.01673
1554	0.01718
1556	0.0173
1558	0.01651
1560	0.01612
1562	0.01573
1564	0.01411
1566	0.0149
1568	0.01739
1570	0.01735
1572	0.01637
1574	0.01529
1576	0.01461
1578	0.01416
1580	0.01341
1582	0.01358
1584	0.01317
1586	0.01248
1588	0.01109
1590	0.01173
1592	0.0116
1594	0.01165
1596	0.01241
1598	0.01274
1600	0.01237
1602	0.0118
1604	0.01167
1606	0.01153
1608	0.0118
1610	0.01193
1612	0.01107
1614	0.01065
1616	0.01153
1618	0.01106
1620	0.0101
1622	0.00967
1624	0.00951
1626	0.00912
1628	0.01012
1630	0.00983
1632	0.00905
1634	0.0084
1636	0.00731
1638	0.00712
1640	0.00711
1642	0.00733
1644	0.00647
1646	0.00666
1648	0.00663
1650	0.00655
1652	0.0073
1654	0.00766
1656	0.00686
1658	0.00696
1660	0.00743
1662	0.00722
1664	0.00821
1666	0.00803
1668	0.00771
1670	0.00776
1672	0.00756
1674	0.00724
1676	0.00595
1678	0.00543
1680	0.00582
1682	0.00632
1684	0.00574
1686	0.00607
1688	0.00593
1690	0.0059
1692	0.0054
1694	0.0048
1696	0.00516
1698	0.00486
1700	0.00442
1702	0.00428
1704	0.00436
1706	0.0049
1708	0.0049
1710	0.0041
1712	0.00414
1714	0.00508
1716	0.00536
1718	0.00574
1720	0.0052
1722	0.00549
1724	0.00631
1726	0.00558
1728	0.00543
1730	0.00503
1732	0.00494
1734	0.00465
1736	0.00355
1738	0.00319
1740	0.00367
1742	0.00358
1744	0.00409
1746	0.00405
1748	0.0042
1750	0.00456
1752	0.00327
1754	0.00299
1756	0.00313
1758	0.00285
1760	0.00265
1762	0.00284
1764	0.00217
1766	0.00187
1768	0.00154
1770	0.00214
1772	0.00144
1774	0.00168
1776	0.00217
1778	0.00217
1780	0.00174
1782	0.00135
1784	0.00338
1786	0.00395
1788	0.00388
1790	0.00368
1792	0.00319
1794	0.00313
1796	0.00289
1798	0.00247
1800	0.0027
1802	0.00271
1804	0.00229
1806	0.00166
1808	0.00151
1810	0.00132
1812	8.78464E-4
1814	0.0016
1816	0.00168
1818	0.00128
1820	0.00122
1822	0.00109
1824	0.00167
1826	0.00196
1828	8.96067E-4
1830	5.26177E-4
1832	6.54288E-4
1834	1.40398E-4
1836	-2.35492E-4
1838	-0.00122
1840	-8.62271E-4
1842	4.10839E-4
1844	0.00139
1846	0.0019
1848	0.00206
1850	0.00209
1852	0.00127
1854	5.85501E-4
1856	5.90611E-4
1858	9.47721E-4
1860	3.67832E-4
1862	-5.84058E-4
1864	-0.00122
1866	-0.00148
1868	-0.0018
1870	-0.00136
1872	-6.24507E-4
1874	-0.00139
1876	-0.00188
1878	-0.00118
1880	-0.00148
1882	-9.47955E-4
1884	-0.00189
1886	-0.00138
1888	-5.94592E-4
1890	-8.57469E-4
1892	-0.00159
1894	-0.00162
1896	-0.00121
1898	-0.00116
1900	-0.00149
1902	-2.69731E-4
1904	4.64392E-4
1906	5.67515E-4
1908	5.03639E-4
1910	8.17762E-4
1912	8.05885E-4
1914	-1.49992E-4
1916	-6.82869E-4
1918	-0.00117
1920	-0.00114
1922	-0.00204
1924	-0.00207
1926	0.01724
1928	0.21332
1930	0.64637
1932	1.19277
1934	1.77112
1936	2.33001
1938	2.84784
1940	3.3124
1942	3.72461
1944	4.0873
1946	4.40319
1948	4.67662
1950	4.91148
1952	5.11287
1954	5.26497
1956	5.21116
1958	4.90302
1960	4.4727
1962	4.00532
1964	3.54784
1966	3.12138
1968	2.73487
1970	2.38798
1972	2.08051
1974	1.81174
1976	1.57836
1978	1.37762
1980	1.20517
1982	1.05689
1984	0.92926
1986	0.81999
1988	0.72592
1990	0.64741
1992	0.57928
1994	0.51992
1996	0.46837
1998	0.42427
2000	0.38594
2002	0.35154
2004	0.32074
2006	0.29326
2008	0.26892
2010	0.24701
2012	0.22841
2014	0.21106
2016	0.19495
2018	0.17947
2020	0.16684
2022	0.15481
2024	0.14382
2026	0.13241
2028	0.12318
2030	0.11577
2032	0.10869
2034	0.10153
2036	0.09502
2038	0.08929
2040	0.08467
2042	0.07937
2044	0.0746
2046	0.07133
2048	0.06843
2050	0.06549
2052	0.06224
2054	0.05921
2056	0.05617
2058	0.05359
2060	0.05179
2062	0.05001
2064	0.04825
2066	0.04721
2068	0.04623
2070	0.0429
2072	0.04089
2074	0.03948
2076	0.03858
2078	0.03704
2080	0.03494
2082	0.03326
2084	0.03228
2086	0.03078
2088	0.02949
2090	0.02862
2092	0.02881
2094	0.02911
2096	0.02877
2098	0.02892
2100	0.02844
2102	0.02588
2104	0.02468
2106	0.02342
2108	0.02326
2110	0.02386
2112	0.02294
2114	0.02128
2116	0.02099
2118	0.02094
2120	0.02062
2122	0.02137
2124	0.02051
2126	0.02021
2128	0.02014
2130	0.02004
2132	0.02108
2134	0.02023
2136	0.01941
2138	0.01847
2140	0.01737
2142	0.01597
2144	0.01579
2146	0.01526
2148	0.01473
2150	0.01364
2152	0.01205
2154	0.01259
2156	0.01294
2158	0.01318
2160	0.01385
2162	0.01365
2164	0.01375
2166	0.01399
2168	0.01326
2170	0.01248
2172	0.01216
2174	0.01174
2176	0.01191
2178	0.01156
2180	0.01135
2182	0.01144
2184	0.01139
2186	0.01062
2188	0.0104
2190	0.00985
2192	0.00992
2194	0.0099
2196	0.00925
2198	0.00992
2200	0.00995
2202	0.00981
2204	0.00936
2206	0.00982
2208	0.01005
2210	0.00936
2212	0.00902
2214	0.00922
2216	0.00891
2218	0.00828
2220	0.00744
2222	0.00741
2224	0.0083
2226	0.00786
2228	0.00736
2230	0.0078
2232	0.0077
2234	0.00682
2236	0.00685
2238	0.00685
2240	0.00684
2242	0.00681
2244	0.00561
2246	0.0054
2248	0.0064
2250	0.00737
2252	0.00711
2254	0.00697
2256	0.00719
2258	0.00634
2260	0.00539
2262	0.00501
2264	0.0042
2266	0.0054
2268	0.00624
2270	0.00608
2272	0.00629
2274	0.00565
2276	0.00538
2278	0.0061
2280	0.00585
2282	0.0059
2284	0.00553
2286	0.00481
2288	0.00459
2290	0.00486
2292	0.00474
2294	0.00275
2296	0.00182
2298	0.00248
2300	0.0026
2302	0.00367
2304	0.00212
2306	0.00158
2308	0.00154
2310	0.00205
2312	0.00171
2314	6.60901E-4
2316	8.3226E-4
2318	0.00162
2320	0.00118
2322	5.67336E-4
2324	0.00171
2326	0.00168
2328	0.00194
2330	0.0025
2332	0.00163
2334	0.00213
2336	0.00162
2338	9.48206E-4
2340	0.00148
2342	0.00165
2344	0.0024
2346	0.00328
2348	0.00281
2350	0.00361
2352	0.00218
2354	0.00177
2356	0.00133
2358	0.0011
2360	3.15152E-4
2362	5.5951E-4
2364	0.00135
2366	0.00172
2368	3.48587E-4
2370	3.07945E-4
2372	0.00162
2374	0.00258
2376	0.00153
2378	5.87508E-4
2380	-3.76735E-4
2382	-6.29782E-5
2384	5.49779E-4
2386	3.72536E-4
2388	2.63293E-4
2390	-7.0395E-4
2392	-0.00197
2394	-0.00237
2396	-0.00161
2398	-0.00138
2400	-9.94164E-4
2402	-6.68407E-4
2404	-2.9165E-4
2406	-3.57893E-4
2408	-7.86136E-4
2410	-7.10379E-4
2412	-7.21622E-4
2414	-0.00106
2416	-0.00101
2418	-0.00102
2420	-0.00127
2422	-0.00148
2424	-8.27079E-4
2426	2.13678E-4
2428	-1.28565E-4
2430	3.37192E-4
2432	5.63949E-4
2434	0.00103
2436	0.00218
2438	0.00185
2440	3.73977E-4
2442	-9.70983E-4
2444	-9.12886E-4
2446	7.21211E-4
2448	4.84308E-4
2450	-2.85958E-5
2452	-4.37499E-4
2454	-0.00152
2456	-4.96306E-4
2458	-9.04209E-4
2460	-0.00114
2462	-7.21016E-4
2464	-0.00189
2466	-0.00221
2468	-6.02726E-4
2470	-6.22629E-4
2472	-7.21532E-4
2474	-9.61436E-4
2476	-0.00105
2478	-0.00208
2480	-0.00228
2482	-0.00188
2484	-0.00184
2486	-0.00151
2488	-4.87759E-4
2490	8.48338E-4
2492	0.00158
2494	0.00173
2496	6.43628E-4
2498	2.63725E-4
2500	-4.49179E-4
2502	-8.46082E-4
2504	-5.93985E-4
2506	-3.78889E-4
2508	-9.37792E-4
2510	-9.42695E-4
2512	-5.57017E-4
2514	-8.43339E-4
2516	-0.00219
2518	-0.00172
2520	-0.00213
2522	-0.00239
2524	-0.0028
2526	0.01092
2528	0.18253
2530	0.59074
2532	1.12053
2534	1.68397
2536	2.23072
2538	2.737
2540	3.19389
2542	3.60051
2544	3.95861
2546	4.27112
2548	4.5438
2550	4.77848
2552	4.97785
2554	5.1328
2556	5.11014
2558	4.83365
2560	4.42812
2562	3.97631
2564	3.52751
2566	3.10694
2568	2.72336
2570	2.37983
2572	2.07612
2574	1.81049
2576	1.57856
2578	1.37587
2580	1.20234
2582	1.05345
2584	0.92511
2586	0.81451
2588	0.72097
2590	0.64287
2592	0.57442
2594	0.51528
2596	0.46381
2598	0.41919
2600	0.3806
2602	0.34612
2604	0.31609
2606	0.28808
2608	0.26448
2610	0.243
2612	0.22428
2614	0.20749
2616	0.19108
2618	0.17653
2620	0.16381
2622	0.15153
2624	0.14066
2626	0.13055
2628	0.12143
2630	0.11397
2632	0.10817
2634	0.10189
2636	0.09528
2638	0.08968
2640	0.08452
2642	0.08034
2644	0.07651
2646	0.07373
2648	0.07064
2650	0.06791
2652	0.06494
2654	0.06207
2656	0.05858
2658	0.05495
2660	0.05183
2662	0.04972
2664	0.04721
2666	0.04559
2668	0.04406
2670	0.04239
2672	0.04062
2674	0.03801
2676	0.0369
2678	0.0368
2680	0.03534
2682	0.03558
2684	0.03505
2686	0.03372
2688	0.03145
2690	0.03063
2692	0.03069
2694	0.03002
2696	0.02882
2698	0.02662
2700	0.02486
2702	0.02421
2704	0.02427
2706	0.02449
2708	0.02401
2710	0.02328
2712	0.02281
2714	0.02205
2716	0.02145
2718	0.02104
2720	0.02006
2722	0.01899
2724	0.0182
2726	0.0177
2728	0.01707
2730	0.01719
2732	0.01762
2734	0.0182
2736	0.01852
2738	0.01823
2740	0.01683
2742	0.01596
2744	0.01606
2746	0.01615
2748	0.01645
2750	0.01627
2752	0.01558
2754	0.0145
2756	0.01414
2758	0.0142
2760	0.01452
2762	0.01412
2764	0.01383
2766	0.01448
2768	0.01383
2770	0.01296
2772	0.01205
2774	0.01158
2776	0.01265
2778	0.01302
2780	0.01401
2782	0.01312
2784	0.01219
2786	0.012
2788	0.01256
2790	0.01144
2792	0.01016
2794	0.00951
2796	0.01022
2798	0.01075
2800	0.01063
2802	0.01032
2804	0.01022
2806	0.00966
2808	0.00914
2810	0.00985
2812	0.01015
2814	0.01042
2816	0.00931
2818	0.00914
2820	0.00885
2822	0.00783
2824	0.00736
2826	0.00721
2828	0.00765
2830	0.00746
2832	0.00621
2834	0.00477
2836	0.00502
2838	0.00538
2840	0.00632
2842	0.00689
2844	0.00778
2846	0.00761
2848	0.00681
2850	0.00681
2852	0.00561
2854	0.0056
2856	0.00459
2858	0.00461
2860	0.00502
2862	0.00443
2864	0.0036
2866	0.00305
2868	0.00308
2870	0.00343
2872	0.00393
2874	0.00357
2876	0.00291
2878	0.00243
2880	0.0019
2882	0.003
2884	0.00303
2886	0.003
2888	0.00383
2890	0.00391
2892	0.00299
2894	0.00294
2896	0.00379
2898	0.0041
2900	0.00339
2902	0.00416
2904	0.00467
2906	0.00427
2908	0.00428
2910	0.00336
2912	0.00273
2914	0.00317
2916	0.00292
2918	0.00314
2920	0.00359
2922	0.00338
2924	0.00355
2926	0.00198
2928	0.00165
2930	0.00148
2932	0.00146
2934	0.0014
2936	0.0027
2938	0.00376
2940	0.00395
2942	0.00349
2944	0.0021
2946	0.00198
2948	0.00217
2950	0.0033
2952	0.00339
2954	0.00255
2956	9.43769E-4
2958	-1.57508E-4
2960	-8.47862E-5
2962	-2.01064E-4
2964	-7.43417E-5
2966	0.00152
2968	0.00173
2970	6.57825E-4
2972	8.81547E-4
2974	4.7327E-4
2976	-4.39008E-4
2978	-8.12859E-5
2980	1.67436E-4
2982	0.00153
2984	9.90881E-4
2986	9.10603E-4
2988	0.00164
2990	8.13048E-4
2992	0.00104
2994	0.00196
2996	0.00163
2998	2.83937E-4
3000	2.8659E-5
3002	6.93381E-4
3004	3.19104E-4
3006	-5.21174E-4
3008	-0.00138
3010	5.3727E-4
3012	5.82993E-4
3014	7.97148E-5
3016	2.64437E-4
3018	2.58159E-4
3020	4.31882E-4
3022	-7.82396E-4
3024	-0.00122
3026	-0.00102
3028	1.61771E-4
3030	1.57493E-4
3032	0.00171
3034	0.00191
3036	0.00167
3038	0.00117
3040	-4.38896E-4
3042	-5.61174E-4
3044	-2.28451E-4
3046	2.86271E-4
3048	0.0013
3050	2.18715E-4
3052	-3.77562E-4
3054	2.9216E-4
3056	3.05882E-4
3058	-3.84395E-4
3060	-4.03673E-4
3062	3.0049E-5
3064	2.04771E-4
3066	-7.29506E-4
3068	-9.38605E-4
3070	-7.10344E-4
3072	-0.00124
3074	-0.00113
3076	-7.11563E-4
3078	-9.95303E-4
3080	-5.94042E-4
3082	4.12179E-5
3084	-4.84522E-4
3086	-6.21261E-4
3088	-0.00115
3090	-9.05741E-4
3092	-7.7248E-4
3094	-0.00121
3096	-8.22959E-4
3098	6.8301E-5
3100	6.00561E-4
3102	9.91822E-4
3104	9.22082E-4
3106	6.54343E-4
3108	7.66029E-5
3110	4.64863E-4
3112	0.00148
3114	0.00127
3116	7.75644E-4
3118	-3.82095E-4
3120	-0.00135
3122	-0.00139
3124	-0.00125
3126	0.00692
3128	0.14793
3130	0.52538
3132	1.03549
3134	1.58348
3136	2.11832
3138	2.61452
3140	3.06657
3142	3.47007
3144	3.82715
3146	4.1388
3148	4.40727
3150	4.63709
3152	4.83264
3154	4.99183
3156	4.99504
3158	4.74109
3160	4.34689
3162	3.9045
3164	3.46458
3166	3.05161
3168	2.67598
3170	2.33764
3172	2.03841
3174	1.77579
3176	1.54526
3178	1.34657
3180	1.17617
3182	1.02994
3184	0.90527
3186	0.79969
3188	0.70913
3190	0.63107
3192	0.56274
3194	0.50376
3196	0.4536
3198	0.40957
3200	0.37108
3202	0.33726
3204	0.30779
3206	0.28127
3208	0.25804
3210	0.23681
3212	0.21721
3214	0.19994
3216	0.18433
3218	0.1701
3220	0.15783
3222	0.14574
3224	0.13647
3226	0.12779
3228	0.11933
3230	0.11189
3232	0.10485
3234	0.09849
3236	0.09266
3238	0.08639
3240	0.0816
3242	0.07717
3244	0.07299
3246	0.06898
3248	0.06677
3250	0.06381
3252	0.05936
3254	0.05602
3256	0.05339
3258	0.05172
3260	0.05032
3262	0.04761
3264	0.04558
3266	0.04359
3268	0.04146
3270	0.03844
3272	0.03717
3274	0.03665
3276	0.03541
3278	0.03442
3280	0.03312
3282	0.03114
3284	0.02995
3286	0.02948
3288	0.02819
3290	0.02733
3292	0.02601
3294	0.02504
3296	0.02388
3298	0.02241
3300	0.02294
3302	0.02267
3304	0.02176
3306	0.02053
3308	0.01995
3310	0.02035
3312	0.02065
3314	0.02127
3316	0.02004
3318	0.01916
3320	0.01911
3322	0.01816
3324	0.01717
3326	0.01626
3328	0.01654
3330	0.01674
3332	0.01634
3334	0.01631
3336	0.01634
3338	0.01547
3340	0.01489
3342	0.01494
3344	0.01415
3346	0.01408
3348	0.01269
3350	0.01186
3352	0.01117
3354	0.01078
3356	0.01071
3358	0.01251
3360	0.01341
3362	0.01193
3364	0.01197
3366	0.01195
3368	0.01209
3370	0.01289
3372	0.01263
3374	0.01171
3376	0.01137
3378	0.01115
3380	0.01082
3382	0.01081
3384	0.00994
3386	0.00931
3388	0.00931
3390	0.00866
3392	0.00787
3394	0.00758
3396	0.00727
3398	0.0072
3400	0.00709
3402	0.00645
3404	0.00536
3406	0.00647
3408	0.00743
3410	0.0075
3412	0.00688
3414	0.0065
3416	0.00559
3418	0.00482
3420	0.00457
3422	0.00484
3424	0.00571
3426	0.00619
3428	0.00626
3430	0.00626
3432	0.00607
3434	0.00563
3436	0.00485
3438	0.00377
3440	0.00447
3442	0.00496
3444	0.00574
3446	0.00543
3448	0.00542
3450	0.00464
3452	0.00484
3454	0.00477
3456	0.00523
3458	0.00593
3460	0.00562
3462	0.00427
3464	0.00487
3466	0.00499
3468	0.00442
3470	0.00425
3472	0.00356
3474	0.0042
3476	0.00461
3478	0.00334
3480	0.00293
3482	0.00249
3484	0.00206
3486	0.00175
3488	0.00244
3490	0.00295
3492	0.00363
3494	0.00445
3496	0.00447
3498	0.00482
3500	0.00403
3502	0.00392
3504	0.00448
3506	0.00497
3508	0.00436
3510	0.00408
3512	0.00331
3514	0.00283
3516	0.00228
3518	0.00186
3520	0.00148
3522	6.71671E-4
3524	2.57626E-4
3526	-2.71418E-4
3528	4.52537E-4
3530	9.19493E-4
3532	9.57448E-4
3534	0.00129
3536	1.64359E-4
3538	2.68315E-4
3540	0.00201
3542	0.00284
3544	0.00298
3546	0.00165
3548	0.00104
3550	5.73048E-4
3552	-2.24997E-4
3554	3.49586E-5
3556	4.56914E-4
3558	5.9687E-4
3560	-2.04175E-4
3562	6.45781E-4
3564	0.00115
3566	0.00111
3568	8.15647E-4
3570	0.00108
3572	0.0013
3574	2.97514E-4
3576	5.18469E-4
3578	0.00112
3580	0.00171
3582	0.00111
3584	5.83291E-4
3586	6.75247E-4
3588	3.88202E-4
3590	0.00116
3592	6.22113E-4
3594	5.90069E-4
3596	-4.09759E-5
3598	-8.0802E-4
3600	5.94935E-4
3602	0.00131
3604	0.00117
3606	4.87802E-4
3608	-2.24285E-6
3610	-3.27287E-4
3612	-2.95332E-4
3614	-3.90376E-4
3616	-0.00101
3618	-0.00128
3620	-0.00121
3622	-7.82554E-4
3624	-7.50599E-4
3626	-5.66192E-4
3628	-7.73559E-4
3630	-7.63926E-4
3632	-4.57292E-4
3634	-9.47659E-4
3636	-5.55026E-4
3638	-6.63393E-4
3640	-0.00104
3642	-6.93127E-4
3644	-5.74494E-4
3646	-5.59861E-4
3648	8.34772E-4
3650	-0.00126
3652	-0.00189
3654	-8.51329E-4
3656	-2.62696E-4
3658	-4.34063E-4
3660	2.3257E-4
3662	-4.13797E-4
3664	-9.67164E-4
3666	-0.00249
3668	-0.00329
3670	-0.00373
3672	-0.00327
3674	-0.00242
3676	-0.00209
3678	-0.00187
3680	-0.00207
3682	-0.00229
3684	-0.0017
3686	-5.492E-4
3688	-2.22567E-4
3690	-3.50934E-4
3692	2.16699E-4
3694	-1.21668E-4
3696	-1.06991E-4
3698	-7.05905E-4
3700	-6.88191E-5
3702	-8.57333E-5
3704	-3.26475E-5
3706	8.04382E-5
3708	-1.2476E-5
3710	-9.3439E-4
3712	-0.00189
3714	-0.00259
3716	-0.00171
3718	-0.00145
3720	-0.00189
3722	-0.00241
3724	-0.00147
3726	0.0042
3728	0.12099
3730	0.47124
3732	0.95851
3734	1.49244
3736	2.01807
3738	2.51164
3740	2.96039
3742	3.35823
3744	3.70965
3746	4.0162
3748	4.28381
3750	4.51391
3752	4.71104
3754	4.87347
3756	4.90265
3758	4.67696
3760	4.30172
3762	3.87103
3764	3.4389
3766	3.03238
3768	2.65877
3770	2.32377
3772	2.02652
3774	1.76475
3776	1.53742
3778	1.34039
3780	1.17094
3782	1.02459
3784	0.90003
3786	0.79298
3788	0.70199
3790	0.62371
3792	0.55621
3794	0.49868
3796	0.44778
3798	0.40463
3800	0.36713
3802	0.33486
3804	0.3059
3806	0.27829
3808	0.25468
3810	0.23433
3812	0.21566
3814	0.19842
3816	0.18287
3818	0.16868
3820	0.15716
3822	0.14609
3824	0.13696
3826	0.12706
3828	0.11869
3830	0.11101
3832	0.10381
3834	0.09653
3836	0.09056
3838	0.08613
3840	0.0815
3842	0.07731
3844	0.07272
3846	0.06791
3848	0.06435
3850	0.06135
3852	0.05778
3854	0.05475
3856	0.05254
3858	0.05021
3860	0.04825
3862	0.0465
3864	0.04519
3866	0.04405
3868	0.04274
3870	0.03971
3872	0.03728
3874	0.0367
3876	0.03495
3878	0.03354
3880	0.03202
3882	0.03184
3884	0.0311
3886	0.02927
3888	0.02813
3890	0.0271
3892	0.02677
3894	0.0265
3896	0.02424
3898	0.02288
3900	0.0223
3902	0.0216
3904	0.02026
3906	0.01985
3908	0.01971
3910	0.01896
3912	0.01832
3914	0.0185
3916	0.01945
3918	0.01903
3920	0.01861
3922	0.01798
3924	0.01751
3926	0.01795
3928	0.01783
3930	0.01667
3932	0.01582
3934	0.01635
3936	0.01637
3938	0.01657
3940	0.01555
3942	0.01536
3944	0.01575
3946	0.01525
3948	0.01439
3950	0.01421
3952	0.01338
3954	0.01246
3956	0.01214
3958	0.01216
3960	0.01137
3962	0.0108
3964	0.01157
3966	0.01179
3968	0.0117
3970	0.01185
3972	0.01119
3974	0.01037
3976	0.01041
3978	0.01017
3980	0.00925
3982	0.00836
3984	0.00899
3986	0.0096
3988	0.01065
3990	0.01029
3992	0.00983
3994	0.00959
3996	0.0096
3998	0.00874
4000	0.00867
4002	0.00884
4004	0.00943
4006	0.0085
4008	0.00829
4010	0.00853
4012	0.00905
4014	0.00852
4016	0.00868
4018	0.00922
4020	0.00892
4022	0.00878
4024	0.00799
4026	0.00788
4028	0.00784
4030	0.00701
4032	0.00628
4034	0.00629
4036	0.00643
4038	0.00559
4040	0.00458
4042	0.00412
4044	0.00443
4046	0.00472
4048	0.00474
4050	0.00455
4052	0.00377
4054	0.0042
4056	0.00474
4058	0.00352
4060	0.00345
4062	0.00371
4064	0.0046
4066	0.00494
4068	0.00396
4070	0.00429
4072	0.0037
4074	0.0034
4076	0.00251
4078	0.00235
4080	0.00235
4082	0.00303
4084	0.00292
4086	0.00383
4088	0.00291
4090	0.0032
4092	0.0045
4094	0.00349
4096	0.00336
4098	0.00378
4100	0.00339
4102	0.00147
4104	0.00172
4106	0.00213
4108	0.00243
4110	0.00178
4112	0.00162
4114	0.00201
4116	0.00191
4118	0.00217
4120	0.00146
4122	6.47361E-4
4124	3.22523E-4
4126	0.00105
4128	0.00169
4130	0.0019
4132	0.00278
4134	0.00336
4136	0.00308
4138	0.00226
4140	0.00289
4142	0.00279
4144	0.00292
4146	0.00219
4148	0.00138
4150	0.00115
4152	0.00106
4154	0.00105
4156	0.00139
4158	9.4827E-4
4160	5.46432E-4
4162	2.26593E-4
4164	5.73755E-4
4166	0.00113
4168	0.00187
4170	9.4024E-4
4172	2.42402E-4
4174	1.58563E-4
4176	-2.67275E-4
4178	-9.79114E-4
4180	-0.00154
4182	-0.00107
4184	-6.36409E-4
4186	-6.53027E-4
4188	-6.90645E-4
4190	-8.86263E-4
4192	-9.79881E-4
4194	-0.00106
4196	-5.55117E-4
4198	-7.86735E-4
4200	-8.93353E-4
4202	-0.00165
4204	-0.00208
4206	-6.70208E-4
4208	1.19174E-4
4210	1.90556E-4
4212	-1.17062E-4
4214	7.93201E-5
4216	-7.15298E-4
4218	-8.19161E-5
4220	-3.11534E-4
4222	-4.38152E-4
4224	-0.00134
4226	-0.00107
4228	-4.53007E-4
4230	1.28375E-4
4232	5.25757E-4
4234	6.27139E-4
4236	0.00129
4238	0.00126
4240	0.00108
4242	9.02667E-4
4244	-3.03951E-4
4246	-8.45569E-4
4248	-6.55187E-4
4250	-6.27806E-4
4252	-3.88703E-4
4254	4.98006E-4
4256	0.00102
4258	1.93423E-4
4260	-0.00121
4262	-0.00196
4264	-0.00183
4266	-0.00109
4268	-6.23035E-4
4270	1.57673E-4
4272	-4.07619E-4
4274	-0.00121
4276	-7.28202E-4
4278	-0.00149
4280	-0.00263
4282	-0.00174
4284	-0.00143
4286	-0.00108
4288	-8.99952E-4
4290	-2.50243E-4
4292	0.00107
4294	7.29174E-4
4296	2.78882E-4
4298	-3.2641E-4
4300	-5.56701E-4
4302	-8.80993E-4
4304	-9.29285E-4
4306	-9.60576E-4
4308	-0.00139
4310	-8.35159E-4
4312	-0.00155
4314	-0.00227
4316	-0.00235
4318	-0.0023
4320	-0.0013
4322	-3.67988E-4
4324	-6.30518E-4
4326	0.00162
4328	0.09324
4330	0.40896
4332	0.87547
4334	1.3965
4336	1.91242
4338	2.39491
4340	2.83518
4342	3.22978
4344	3.57947
4346	3.88513
4348	4.1475
4350	4.37287
4352	4.56744
4354	4.73214
4356	4.79006
4358	4.59656
4360	4.23931
4362	3.82147
4364	3.39831
4366	2.99741
4368	2.62976
4370	2.29886
4372	2.00405
4374	1.74591
4376	1.52098
4378	1.32479
4380	1.1557
4382	1.011
4384	0.88648
4386	0.78154
4388	0.69212
4390	0.61436
4392	0.54749
4394	0.49023
4396	0.44069
4398	0.39767
4400	0.36043
4402	0.32715
4404	0.29778
4406	0.27288
4408	0.24976
4410	0.2289
4412	0.20992
4414	0.19424
4416	0.17913
4418	0.16567
4420	0.15439
4422	0.14323
4424	0.13363
4426	0.12497
4428	0.11619
4430	0.10811
4432	0.1019
4434	0.09616
4436	0.09015
4438	0.08541
4440	0.08029
4442	0.07569
4444	0.07244
4446	0.06923
4448	0.06542
4450	0.06196
4452	0.05834
4454	0.0556
4456	0.05218
4458	0.04886
4460	0.04662
4462	0.04482
4464	0.04187
4466	0.03964
4468	0.03792
4470	0.03689
4472	0.03607
4474	0.03481
4476	0.03247
4478	0.03062
4480	0.02912
4482	0.02913
4484	0.02883
4486	0.02864
4488	0.02808
4490	0.02723
4492	0.02638
4494	0.02532
4496	0.02363
4498	0.02319
4500	0.02173
4502	0.02106
4504	0.02082
4506	0.02054
4508	0.01992
4510	0.01899
4512	0.01855
4514	0.01827
4516	0.01824
4518	0.01867
4520	0.01788
4522	0.01777
4524	0.0171
4526	0.01632
4528	0.01526
4530	0.01609
4532	0.01576
4534	0.01529
4536	0.0155
4538	0.01492
4540	0.01489
4542	0.01524
4544	0.01501
4546	0.01491
4548	0.015
4550	0.01408
4552	0.01321
4554	0.01351
4556	0.01189
4558	0.01175
4560	0.01168
4562	0.01005
4564	0.00914
4566	0.00908
4568	0.00965
4570	0.0091
4572	0.00927
4574	0.00976
4576	0.01077
4578	0.01036
4580	0.01001
4582	0.01008
4584	0.0107
4586	0.01069
4588	0.00997
4590	0.01001
4592	0.01053
4594	0.01068
4596	0.0099
4598	0.00987
4600	0.00965
4602	0.00835
4604	0.00807
4606	0.00764
4608	0.00711
4610	0.0065
4612	0.00686
4614	0.00759
4616	0.00741
4618	0.00739
4620	0.00747
4622	0.008
4624	0.00841
4626	0.00872
4628	0.00908
4630	0.00732
4632	0.00632
4634	0.00612
4636	0.0062
4638	0.0054
4640	0.00491
4642	0.00477
4644	0.00462
4646	0.00498
4648	0.00553
4650	0.00619
4652	0.00662
4654	0.00733
4656	0.00678
4658	0.0057
4660	0.00491
4662	0.00393
4664	0.00387
4666	0.00436
4668	0.00419
4670	0.00308
4672	0.00292
4674	0.00289
4676	0.00332
4678	0.00334
4680	0.00284
4682	0.00184
4684	0.00297
4686	0.00398
4688	0.00341
4690	0.00335
4692	0.00317
4694	0.00348
4696	0.0031
4698	0.00323
4700	0.00342
4702	0.00311
4704	0.00339
4706	0.00321
4708	0.00299
4710	0.00249
4712	0.00274
4714	0.00223
4716	0.00288
4718	0.00397
4720	0.00404
4722	0.00343
4724	0.00239
4726	0.00213
4728	0.00243
4730	0.00182
4732	0.00271
4734	0.00234
4736	0.0028
4738	0.00369
4740	0.00333
4742	0.00243
4744	0.00224
4746	0.00291
4748	0.00311
4750	0.00307
4752	0.00198
4754	0.00184
4756	0.00152
4758	0.00177
4760	0.00103
4762	-2.00658E-4
4764	-7.60891E-4
4766	-6.41124E-4
4768	-2.70357E-4
4770	-0.00157
4772	-0.00149
4774	-4.66056E-4
4776	-3.21289E-4
4778	-2.12522E-4
4780	-7.14755E-4
4782	-0.00108
4784	-8.0722E-4
4786	-5.26453E-4
4788	4.88314E-4
4790	3.10081E-4
4792	9.38848E-4
4794	0.00175
4796	0.00153
4798	0.00185
4800	5.80916E-4
4802	4.09683E-4
4804	-0.00129
4806	-0.00238
4808	-0.00194
4810	-0.00134
4812	1.85704E-4
4814	1.3926E-4
4816	1.48817E-4
4818	1.98374E-4
4820	-3.79069E-4
4822	-4.61512E-4
4824	-1.69552E-5
4826	-7.58398E-4
4828	-5.88841E-4
4830	-0.00187
4832	-0.00227
4834	-0.00204
4836	-0.00119
4838	-0.00108
4840	-0.00136
4842	-0.00251
4844	-0.00172
4846	-0.00167
4848	-0.0012
4850	-0.00109
4852	-0.00131
4854	-0.00166
4856	-0.00146
4858	-7.78488E-4
4860	-2.14932E-4
4862	-2.32375E-4
4864	7.99182E-4
4866	0.00177
4868	0.00191
4870	8.80853E-4
4872	1.8741E-4
4874	-4.39033E-4
4876	4.45523E-4
4878	-3.19198E-5
4880	-0.00146
4882	-0.00213
4884	-0.00182
4886	-0.00168
4888	-0.00217
4890	-0.00342
4892	-0.00395
4894	-0.00316
4896	-0.00257
4898	-0.00239
4900	-0.00189
4902	-0.00194
4904	-0.00107
4906	-0.00225
4908	-0.00267
4910	-0.00156
4912	-8.38372E-4
4914	-0.00144
4916	-0.00236
4918	-0.00277
4920	-0.00208
4922	-0.00201
4924	-0.00261
4926	-6.22141E-4
4928	0.07252
4930	0.36206
4932	0.80722
4934	1.31316
4936	1.81958
4938	2.29768
4940	2.73386
4942	3.1247
4944	3.46734
4946	3.76661
4948	4.02608
4950	4.252
4952	4.44731
4954	4.61297
4956	4.68401
4958	4.51641
4960	4.17908
4962	3.77431
4964	3.3591
4966	2.96593
4968	2.60377
4970	2.27718
4972	1.98542
4974	1.72906
4976	1.50601
4978	1.31226
4980	1.14526
4982	1.00127
4984	0.87796
4986	0.77425
4988	0.68499
4990	0.6078
4992	0.54218
4994	0.48459
4996	0.43576
4998	0.39323
5000	0.35627
5002	0.32323
5004	0.29455
5006	0.2694
5008	0.24735
5010	0.22747
5012	0.20933
5014	0.19282
5016	0.17842
5018	0.16597
5020	0.15306
5022	0.14148
5024	0.13118
5026	0.1222
5028	0.1139
5030	0.10621
5032	0.09759
5034	0.09172
5036	0.08709
5038	0.08304
5040	0.07811
5042	0.07333
5044	0.06857
5046	0.06549
5048	0.06183
5050	0.0586
5052	0.05557
5054	0.05298
5056	0.05024
5058	0.04679
5060	0.04484
5062	0.04308
5064	0.0403
5066	0.03917
5068	0.03726
5070	0.03611
5072	0.03552
5074	0.03384
5076	0.03257
5078	0.03182
5080	0.03021
5082	0.02962
5084	0.02886
5086	0.02731
5088	0.02549
5090	0.02554
5092	0.02531
5094	0.02379
5096	0.02264
5098	0.02174
5100	0.02072
5102	0.01977
5104	0.01931
5106	0.01803
5108	0.01686
5110	0.01723
5112	0.01795
5114	0.01677
5116	0.01663
5118	0.01719
5120	0.01731
5122	0.01654
5124	0.01684
5126	0.01663
5128	0.01568
5130	0.01515
5132	0.01421
5134	0.01328
5136	0.01355
5138	0.01492
5140	0.0129
5142	0.01184
5144	0.01097
5146	0.01224
5148	0.01236
5150	0.01266
5152	0.01247
5154	0.01199
5156	0.01154
5158	0.01156
5160	0.01145
5162	0.01253
5164	0.01319
5166	0.01285
5168	0.01245
5170	0.01208
5172	0.01179
5174	0.01068
5176	0.01091
5178	0.01036
5180	0.0098
5182	0.00919
5184	0.00907
5186	0.00933
5188	0.00873
5190	0.00901
5192	0.01028
5194	0.01032
5196	0.00921
5198	0.00944
5200	0.00957
5202	0.00935
5204	0.00794
5206	0.00787
5208	0.00833
5210	0.00884
5212	0.00796
5214	0.0076
5216	0.0069
5218	0.00601
5220	0.00637
5222	0.00628
5224	0.00647
5226	0.00617
5228	0.00616
5230	0.0062
5232	0.00567
5234	0.00656
5236	0.00684
5238	0.00706
5240	0.00606
5242	0.00522
5244	0.00462
5246	0.00572
5248	0.00606
5250	0.00532
5252	0.00441
5254	0.00396
5256	0.00429
5258	0.00457
5260	0.00359
5262	0.00414
5264	0.00302
5266	0.00352
5268	0.00435
5270	0.00329
5272	0.00139
5274	9.00526E-4
5276	0.0018
5278	0.00117
5280	9.33235E-4
5282	0.00153
5284	0.00262
5286	0.00301
5288	0.00223
5290	0.00337
5292	0.0037
5294	0.00338
5296	0.00331
5298	0.00311
5300	0.00359
5302	0.0022
5304	0.00138
5306	0.0014
5308	0.00135
5310	0.00186
5312	0.00303
5314	0.00341
5316	0.00356
5318	0.00323
5320	0.00319
5322	0.00272
5324	9.81767E-4
5326	9.53337E-4
5328	9.83906E-4
5330	0.00107
5332	9.23045E-4
5334	0.0016
5336	0.00185
5338	0.00157
5340	5.77324E-4
5342	-4.39106E-4
5344	-8.65366E-5
5346	5.18033E-4
5348	-2.96397E-4
5350	5.41172E-4
5352	6.95742E-4
5354	-7.36883E-5
5356	-1.71119E-4
5358	3.23451E-4
5360	2.90021E-4
5362	-4.1741E-4
5364	-9.5284E-4
5366	-7.8227E-4
5368	-5.76701E-4
5370	-5.11311E-5
5372	-3.35561E-4
5374	-1.32992E-4
5376	-3.10422E-4
5378	-0.00111
5380	-0.00114
5382	-2.38713E-4
5384	-9.95144E-4
5386	-0.00103
5388	-9.56004E-4
5390	-2.33435E-4
5392	-1.06865E-4
5394	-8.29295E-4
5396	-7.61726E-4
5398	-3.15156E-4
5400	-5.47586E-4
5402	-7.22017E-4
5404	7.8553E-5
5406	6.50123E-4
5408	0.00106
5410	0.00108
5412	5.47832E-4
5414	-5.63599E-4
5416	6.69709E-5
5418	-4.24594E-5
5420	3.81102E-5
5422	1.5468E-4
5424	6.7725E-4
5426	-9.61181E-4
5428	-0.00235
5430	-0.00153
5432	-9.04472E-4
5434	-0.00117
5436	-0.00147
5438	-0.00239
5440	-0.00184
5442	-0.00212
5444	-0.00296
5446	-0.00238
5448	-0.00211
5450	-0.00204
5452	-0.00157
5454	-0.0019
5456	-0.00287
5458	-0.00367
5460	-0.00354
5462	-0.0023
5464	-0.00232
5466	-0.00181
5468	-0.00124
5470	-0.0012
5472	-0.00162
5474	-0.00222
5476	-0.00216
5478	-0.00196
5480	-0.00151
5482	-3.56429E-4
5484	-4.27129E-4
5486	-3.65829E-4
5488	-7.48529E-4
5490	-0.00144
5492	-0.00288
5494	-0.00281
5496	-0.00265
5498	-0.00289
5500	-0.00316
5502	-0.00293
5504	-0.00315
5506	-0.0027
5508	-0.00247
5510	-0.00221
5512	-0.00255
5514	-0.00311
5516	-0.003
5518	-0.00239
5520	-0.0017
5522	-0.00169
5524	-0.0026
5526	-0.00211
5528	0.04893
5530	0.30205
5532	0.72394
5534	1.21233
5536	1.70837
5538	2.17834
5540	2.60743
5542	2.99244
5544	3.33559
5546	3.63531
5548	3.8972
5550	4.12071
5552	4.31266
5554	4.47374
5556	4.56917
5558	4.44221
5560	4.12985
5562	3.74039
5564	3.3359
5566	2.9476
5568	2.58808
5570	2.26241
5572	1.97306
5574	1.71932
5576	1.49853
5578	1.30677
5580	1.1399
5582	0.99645
5584	0.87518
5586	0.77035
5588	0.68078
5590	0.60189
5592	0.53524
5594	0.48051
5596	0.43145
5598	0.38778
5600	0.35129
5602	0.31985
5604	0.29181
5606	0.2669
5608	0.24492
5610	0.22436
5612	0.20656
5614	0.1906
5616	0.1763
5618	0.16305
5620	0.14992
5622	0.13966
5624	0.13028
5626	0.1212
5628	0.11198
5630	0.10428
5632	0.09676
5634	0.09069
5636	0.08517
5638	0.07907
5640	0.07389
5642	0.06908
5644	0.06473
5646	0.06226
5648	0.05913
5650	0.05519
5652	0.05189
5654	0.05051
5656	0.0494
5658	0.04791
5660	0.04638
5662	0.04493
5664	0.04223
5666	0.03955
5668	0.03775
5670	0.03634
5672	0.03493
5674	0.03401
5676	0.03231
5678	0.03109
5680	0.03037
5682	0.02883
5684	0.02864
5686	0.02689
5688	0.0259
5690	0.02455
5692	0.0236
5694	0.0231
5696	0.02332
5698	0.02224
5700	0.02121
5702	0.01967
5704	0.01966
5706	0.01825
5708	0.0179
5710	0.01758
5712	0.01709
5714	0.01754
5716	0.01735
5718	0.01715
5720	0.01603
5722	0.01551
5724	0.01484
5726	0.01489
5728	0.0156
5730	0.01505
5732	0.0143
5734	0.01445
5736	0.01381
5738	0.01365
5740	0.01366
5742	0.01304
5744	0.01318
5746	0.01315
5748	0.01149
5750	0.01108
5752	0.01079
5754	0.01103
5756	0.01171
5758	0.01092
5760	0.0109
5762	0.01028
5764	0.01032
5766	0.01035
5768	0.00885
5770	0.00827
5772	0.00961
5774	0.01018
5776	0.0097
5778	0.00952
5780	0.00908
5782	0.00798
5784	0.00784
5786	0.00802
5788	0.00799
5790	0.00752
5792	0.00814
5794	0.00943
5796	0.00951
5798	0.00958
5800	0.00914
5802	0.00783
5804	0.0076
5806	0.00744
5808	0.00705
5810	0.0066
5812	0.00678
5814	0.0072
5816	0.00718
5818	0.00633
5820	0.00687
5822	0.00637
5824	0.00621
5826	0.00656
5828	0.00675
5830	0.00654
5832	0.00629
5834	0.00552
5836	0.00494
5838	0.00477
5840	0.00455
5842	0.00408
5844	0.00348
5846	0.0032
5848	0.00388
5850	0.0034
5852	0.00309
5854	0.00321
5856	0.00293
5858	0.00247
5860	0.0036
5862	0.00412
5864	0.00393
5866	0.00488
5868	0.0052
5870	0.00551
5872	0.00546
5874	0.00507
5876	0.00505
5878	0.00505
5880	0.00468
5882	0.0035
5884	0.00184
5886	0.00203
5888	0.00179
5890	0.00197
5892	0.00172
5894	0.00175
5896	0.00258
5898	0.00145
5900	-1.76833E-4
5902	-6.76502E-4
5904	-1.91702E-5
5906	0.00103
5908	0.0014
5910	9.55824E-4
5912	0.00132
5914	0.00173
5916	0.00203
5918	0.00179
5920	0.00186
5922	0.00224
5924	0.00228
5926	0.00233
5928	0.00117
5930	3.56138E-4
5932	0.00103
5934	0.00137
5936	6.39132E-4
5938	-7.04537E-4
5940	-8.91206E-4
5942	-8.66874E-4
5944	-6.24543E-4
5946	-0.00144
5948	-0.00113
5950	-0.00137
5952	-0.00108
5954	-9.61886E-4
5956	-0.00155
5958	-0.0023
5960	-0.00249
5962	-0.00101
5964	9.27708E-5
5966	3.87102E-4
5968	8.05434E-4
5970	4.32765E-4
5972	-5.05904E-4
5974	-6.23572E-4
5976	-4.90241E-4
5978	-5.9591E-4
5980	-8.66578E-4
5982	-9.47247E-4
5984	-0.00139
5986	-0.00112
5988	-7.63253E-4
5990	-8.22921E-4
5992	-6.8659E-4
5994	-7.15099E-4
5996	-0.00157
5998	-0.00241
6000	-0.00211
6002	-0.00163
6004	-0.00183
6006	-0.0023
6008	-0.00255
6010	-0.0018
6012	-0.00137
6014	-0.00191
6016	-0.00228
6018	-0.00285
6020	-0.00309
6022	-0.00273
6024	-0.0025
6026	-0.00192
6028	-0.00163
6030	-0.00195
6032	-0.00158
6034	-0.00166
6036	-0.00203
6038	-0.00141
6040	-0.00149
6042	-5.71627E-4
6044	3.92184E-4
6046	2.86995E-4
6048	7.57807E-4
6050	3.7618E-5
6052	-4.29571E-4
6054	-6.33759E-4
6056	-0.00123
6058	-7.63137E-4
6060	-0.0021
6062	-0.00244
6064	-0.00217
6066	-0.00111
6068	-8.8926E-4
6070	-3.9532E-4
6072	-5.99381E-4
6074	-0.00149
6076	-0.00213
6078	-0.00254
6080	-0.00367
6082	-0.00361
6084	-0.00361
6086	-0.00274
6088	-0.00298
6090	-0.00366
6092	-0.00357
6094	-0.0024
6096	-8.71108E-4
6098	-2.70168E-4
6100	-4.43229E-4
6102	-0.00101
6104	-0.00155
6106	-0.00165
6108	-0.0023
6110	-0.00337
6112	-0.00333
6114	-0.00273
6116	-0.00304
6118	-0.0032
6120	-0.00244
6122	-0.00266
6124	-0.0029
6126	-0.00293
6128	0.03441
6130	0.25911
6132	0.65894
6134	1.13264
6136	1.619
6138	2.08387
6140	2.50857
6142	2.89021
6144	3.22606
6146	3.52282
6148	3.78148
6150	4.00654
6152	4.19622
6154	4.35783
6156	4.45949
6158	4.35766
6160	4.06518
6162	3.68918
6164	3.29267
6166	2.91099
6168	2.5591
6170	2.24005
6172	1.9554
6174	1.70503
6176	1.48416
6178	1.29259
6180	1.12806
6182	0.98644
6184	0.86447
6186	0.76071
6188	0.67261
6190	0.59618
6192	0.53191
6194	0.47638
6196	0.42845
6198	0.38622
6200	0.34972
6202	0.31771
6204	0.28973
6206	0.26441
6208	0.24284
6210	0.22257
6212	0.20342
6214	0.18691
6216	0.17229
6218	0.1589
6220	0.14755
6222	0.13611
6224	0.12584
6226	0.11835
6228	0.11083
6230	0.10279
6232	0.09599
6234	0.08961
6236	0.08356
6238	0.07897
6240	0.07426
6242	0.06948
6244	0.06523
6246	0.06143
6248	0.05928
6250	0.0561
6252	0.0532
6254	0.05046
6256	0.04877
6258	0.04702
6260	0.04473
6262	0.0427
6264	0.04046
6266	0.03802
6268	0.03572
6270	0.03423
6272	0.0324
6274	0.03152
6276	0.03048
6278	0.02916
6280	0.02831
6282	0.02764
6284	0.02746
6286	0.02652
6288	0.02566
6290	0.02397
6292	0.02321
6294	0.02212
6296	0.02171
6298	0.02106
6300	0.01859
6302	0.01761
6304	0.01782
6306	0.01756
6308	0.01745
6310	0.01694
6312	0.0163
6314	0.01519
6316	0.01547
6318	0.01481
6320	0.01422
6322	0.01431
6324	0.01487
6326	0.01539
6328	0.01508
6330	0.01501
6332	0.01462
6334	0.01275
6336	0.01216
6338	0.01192
6340	0.01082
6342	0.00985
6344	0.00961
6346	0.01021
6348	0.01061
6350	0.00968
6352	0.01055
6354	0.01097
6356	0.01051
6358	0.01013
6360	0.01079
6362	0.01125
6364	0.01102
6366	0.01053
6368	0.01042
6370	0.01122
6372	0.01047
6374	0.01
6376	0.01016
6378	0.00944
6380	0.00902
6382	0.00919
6384	0.00836
6386	0.00881
6388	0.00778
6390	0.00684
6392	0.00793
6394	0.00857
6396	0.00888
6398	0.00813
6400	0.00766
6402	0.00738
6404	0.0076
6406	0.00702
6408	0.00597
6410	0.0052
6412	0.00538
6414	0.00505
6416	0.0049
6418	0.00539
6420	0.00596
6422	0.00606
6424	0.00633
6426	0.0059
6428	0.00522
6430	0.00596
6432	0.00536
6434	0.00564
6436	0.00522
6438	0.00415
6440	0.00358
6442	0.00296
6444	0.00283
6446	0.00223
6448	0.00179
6450	0.00211
6452	0.00186
6454	0.00264
6456	0.00365
6458	0.00476
6460	0.0051
6462	0.00478
6464	0.00479
6466	0.00386
6468	0.00398
6470	0.00442
6472	0.00441
6474	0.00463
6476	0.00482
6478	0.00407
6480	0.0025
6482	0.00189
6484	0.00211
6486	0.00223
6488	0.0021
6490	0.00157
6492	0.00157
6494	0.00226
6496	0.00172
6498	1.78669E-4
6500	7.75574E-4
6502	7.95478E-4
6504	3.16383E-4
6506	4.06288E-4
6508	5.20192E-4
6510	7.88097E-4
6512	3.73001E-4
6514	0.0016
6516	0.00294
6518	0.00308
6520	0.00326
6522	0.00265
6524	0.00183
6526	0.00108
6528	0.00237
6530	0.00233
6532	0.00224
6534	0.00203
6536	0.00111
6538	7.28761E-4
6540	0.00111
6542	7.9857E-4
6544	5.79475E-4
6546	9.47379E-4
6548	2.96284E-4
6550	-2.58113E-5
6552	-5.32792E-4
6554	-3.29714E-4
6556	5.37363E-4
6558	0.00206
6560	0.00155
6562	8.89595E-4
6564	4.83672E-4
6566	0.00122
6568	0.00124
6570	0.00136
6572	1.69815E-5
6574	4.80588E-5
6576	7.41136E-4
6578	9.81213E-4
6580	0.00152
6582	5.64368E-4
6584	-1.64555E-4
6586	-3.76477E-4
6588	-0.00158
6590	-0.00212
6592	-0.0018
6594	-0.0016
6596	-9.05091E-4
6598	-7.80136E-5
6600	0.00106
6602	6.85141E-4
6604	0.00182
6606	0.00138
6608	7.84373E-4
6610	7.4445E-4
6612	-6.34724E-5
6614	-2.03951E-5
6616	6.52682E-4
6618	0.00138
6620	0.00204
6622	0.00102
6624	-3.74099E-4
6626	-0.00102
6628	-0.00179
6630	-0.00193
6632	-0.00229
6634	-0.00243
6636	-0.0026
6638	-0.00264
6640	-0.00236
6642	-0.00291
6644	-0.00211
6646	-0.00175
6648	-0.00175
6650	-0.00244
6652	-0.00252
6654	-0.00136
6656	-6.91015E-4
6658	3.37401E-5
6660	-3.22505E-4
6662	-4.23749E-4
6664	-2.20994E-4
6666	-7.30239E-4
6668	-0.00134
6670	-0.00214
6672	-0.00216
6674	-0.00218
6676	-0.00207
6678	-0.00252
6680	-0.0038
6682	-0.00355
6684	-0.00283
6686	-0.00295
6688	-0.0035
6690	-0.00368
6692	-0.00327
6694	-0.00309
6696	-0.00271
6698	-0.00245
6700	-0.00209
6702	-0.00165
6704	-0.00193
6706	-0.00113
6708	-0.00168
6710	-0.00162
6712	-0.0021
6714	-0.00162
6716	-0.00235
6718	-0.00263
6720	-0.00264
6722	-0.00309
6724	-0.00182
6726	-0.00229
6728	0.02234
6730	0.21435
6732	0.58985
6734	1.04797
6736	1.52113
6738	1.97191
6740	2.38999
6742	2.76684
6744	3.10347
6746	3.39928
6748	3.65575
6750	3.87551
6752	4.06338
6754	4.22272
6756	4.34018
6758	4.27578
6760	4.00791
6762	3.64766
6764	3.26203
6766	2.88744
6768	2.53877
6770	2.22214
6772	1.93955
6774	1.69036
6776	1.47215
6778	1.28287
6780	1.11853
6782	0.97816
6784	0.85624
6786	0.75132
6788	0.66305
6790	0.58856
6792	0.52441
6794	0.46919
6796	0.42124
6798	0.3793
6800	0.34254
6802	0.31089
6804	0.2827
6806	0.25831
6808	0.23657
6810	0.21796
6812	0.19988
6814	0.1839
6816	0.17006
6818	0.15686
6820	0.14576
6822	0.13475
6824	0.12416
6826	0.11512
6828	0.10678
6830	0.0981
6832	0.09093
6834	0.08506
6836	0.07895
6838	0.074
6840	0.06936
6842	0.0652
6844	0.0617
6846	0.05906
6848	0.05563
6850	0.05252
6852	0.04939
6854	0.04751
6856	0.04473
6858	0.04289
6860	0.04029
6862	0.03831
6864	0.03686
6866	0.03587
6868	0.03382
6870	0.03288
6872	0.03172
6874	0.02985
6876	0.02947
6878	0.02825
6880	0.02708
6882	0.02563
6884	0.02425
6886	0.02376
6888	0.02249
6890	0.02115
6892	0.02129
6894	0.02063
6896	0.01952
6898	0.0193
6900	0.01849
6902	0.01695
6904	0.01653
6906	0.01635
6908	0.01635
6910	0.01693
6912	0.01653
6914	0.01595
6916	0.01619
6918	0.01541
6920	0.01387
6922	0.01297
6924	0.01335
6926	0.01257
6928	0.01187
6930	0.01071
6932	0.01147
6934	0.01123
6936	0.01102
6938	0.01114
6940	0.01114
6942	0.01132
6944	0.01141
6946	0.01107
6948	0.01024
6950	0.00885
6952	0.00863
6954	0.00878
6956	0.00852
6958	0.00831
6960	0.00834
6962	0.00843
6964	0.00848
6966	0.00748
6968	0.00711
6970	0.00764
6972	0.00833
6974	0.00792
6976	0.0072
6978	0.00637
6980	0.00688
6982	0.00741
6984	0.00725
6986	0.006
6988	0.00575
6990	0.00712
6992	0.00829
6994	0.00877
6996	0.00891
6998	0.00848
7000	0.00777
7002	0.00743
7004	0.00609
7006	0.00604
7008	0.00585
7010	0.00585
7012	0.00561
7014	0.00503
7016	0.00495
7018	0.00528
7020	0.00589
7022	0.0057
7024	0.0054
7026	0.00547
7028	0.0052
7030	0.00452
7032	0.00509
7034	0.00455
7036	0.00394
7038	0.00325
7040	0.00365
7042	0.00396
7044	0.00325
7046	0.0024
7048	0.00237
7050	0.00262
7052	0.003
7054	0.00365
7056	0.00395
7058	0.00448
7060	0.00383
7062	0.00404
7064	0.00311
7066	0.00271
7068	0.00313
7070	0.00268
7072	0.0028
7074	0.00226
7076	0.00219
7078	0.00142
7080	0.0013
7082	0.0013
7084	5.62363E-4
7086	3.88949E-4
7088	-4.89465E-4
7090	-3.1888E-4
7092	3.74706E-4
7094	9.07292E-4
7096	0.00106
7098	6.72464E-4
7100	1.14049E-4
7102	-5.06365E-4
7104	-7.23779E-4
7106	7.68068E-5
7108	0.00105
7110	-8.10216E-5
7112	-5.75436E-4
7114	-1.4585E-4
7116	8.41736E-4
7118	0.00114
7120	7.73907E-4
7122	9.05493E-4
7124	0.0017
7126	0.00225
7128	0.00148
7130	4.65836E-4
7132	-2.94578E-4
7134	9.60081E-5
7136	5.35939E-5
7138	-5.4282E-4
7140	-0.00106
7142	-7.48649E-4
7144	-3.40063E-4
7146	-2.47477E-4
7148	-3.23891E-4
7150	-2.18305E-4
7152	6.5528E-4
7154	9.44866E-4
7156	9.27452E-4
7158	-6.93962E-4
7160	-2.97376E-4
7162	-5.94791E-4
7164	-9.16205E-4
7166	-6.22619E-4
7168	-2.46033E-4
7170	-2.86447E-4
7172	2.06138E-4
7174	6.80724E-4
7176	-1.3369E-4
7178	-2.40104E-4
7180	5.37482E-4
7182	-7.78933E-4
7184	-9.29347E-4
7186	-4.61761E-4
7188	-1.72175E-4
7190	-0.00106
7192	-0.00116
7194	-0.00105
7196	-0.00124
7198	-0.00135
7200	-6.1966E-4
7202	-3.75075E-4
7204	-0.00158
7206	-0.0012
7208	-8.34317E-4
7210	-9.54731E-4
7212	-0.00195
7214	-0.00152
7216	-0.00274
7218	-0.00269
7220	-0.00311
7222	-0.00289
7224	-0.00173
7226	-0.00153
7228	-0.00117
7230	-0.00139
7232	-0.00221
7234	-0.00309
7236	-0.00296
7238	-0.00263
7240	-0.00287
7242	-0.00195
7244	-9.59773E-4
7246	-0.00139
7248	-0.00187
7250	-0.00335
7252	-0.00374
7254	-0.00261
7256	-0.0024
7258	-0.00161
7260	-0.00196
7262	-0.00198
7264	-0.00194
7266	-0.00224
7268	-0.0028
7270	-0.0023
7272	-0.00282
7274	-0.00334
7276	-0.00354
7278	-0.00308
7280	-0.00397
7282	-0.00358
7284	-0.00335
7286	-0.00395
7288	-0.00388
7290	-0.00333
7292	-0.00191
7294	-0.00179
7296	-0.00223
7298	-0.00376
7300	-0.00397
7302	-0.00342
7304	-0.00352
7306	-0.00328
7308	-0.00124
7310	-4.52851E-4
7312	-0.00176
7314	-0.003
7316	-0.00363
7318	-0.0033
7320	-0.00299
7322	-0.0024
7324	-0.00356
7326	-0.00422
7328	0.01292
7330	0.17774
7332	0.53067
7334	0.97083
7336	1.43484
7338	1.88178
7340	2.2953
7342	2.66726
7344	2.99615
7346	3.28521
7348	3.53895
7350	3.76069
7352	3.95052
7354	4.11175
7356	4.23421
7358	4.19315
7360	3.94833
7362	3.60469
7364	3.2307
7366	2.8639
7368	2.52175
7370	2.2097
7372	1.93089
7374	1.68351
7376	1.46761
7378	1.27932
7380	1.11539
7382	0.97469
7384	0.85433
7386	0.75001
7388	0.662
7390	0.5875
7392	0.52269
7394	0.46711
7396	0.42008
7398	0.3793
7400	0.34317
7402	0.31038
7404	0.28305
7406	0.2579
7408	0.23562
7410	0.21677
7412	0.19931
7414	0.1837
7416	0.16885
7418	0.15567
7420	0.14453
7422	0.13433
7424	0.12411
7426	0.11473
7428	0.10676
7430	0.09898
7432	0.09223
7434	0.08504
7436	0.07922
7438	0.07263
7440	0.06772
7442	0.06414
7444	0.06064
7446	0.05717
7448	0.0534
7450	0.05074
7452	0.04732
7454	0.04466
7456	0.04226
7458	0.04058
7460	0.03854
7462	0.0371
7464	0.03577
7466	0.03493
7468	0.03271
7470	0.03134
7472	0.02987
7474	0.02898
7476	0.02788
7478	0.02665
7480	0.02605
7482	0.02531
7484	0.0249
7486	0.02435
7488	0.0228
7490	0.02082
7492	0.0204
7494	0.02089
7496	0.02091
7498	0.01969
7500	0.0178
7502	0.01631
7504	0.01551
7506	0.01529
7508	0.01547
7510	0.01467
7512	0.01456
7514	0.01487
7516	0.01453
7518	0.0132
7520	0.01295
7522	0.01274
7524	0.0114
7526	0.01038
7528	0.00998
7530	0.00993
7532	0.01057
7534	0.01032
7536	0.00942
7538	0.00905
7540	0.00889
7542	0.00906
7544	0.00874
7546	0.00877
7548	0.00792
7550	0.00794
7552	0.00821
7554	0.00771
7556	0.00757
7558	0.00784
7560	0.00782
7562	0.00776
7564	0.00782
7566	0.00703
7568	0.00786
7570	0.00792
7572	0.0061
7574	0.00564
7576	0.00563
7578	0.00546
7580	0.00582
7582	0.00702
7584	0.00698
7586	0.0061
7588	0.0058
7590	0.00613
7592	0.00528
7594	0.00529
7596	0.00549
7598	0.00513
7600	0.00521
7602	0.00638
7604	0.00645
7606	0.00569
7608	0.00467
7610	0.00446
7612	0.00464
7614	0.00407
7616	0.00351
7618	0.0026
7620	0.00217
7622	0.00341
7624	0.00352
7626	0.00432
7628	0.00536
7630	0.00461
7632	0.00368
7634	0.00273
7636	0.00267
7638	0.00327
7640	0.00253
7642	0.00291
7644	0.00308
7646	0.00299
7648	0.00398
7650	0.00352
7652	0.0016
7654	0.00139
7656	7.3705E-4
7658	7.08613E-4
7660	0.00162
7662	0.00183
7664	8.09305E-4
7666	8.65869E-4
7668	0.00192
7670	0.00146
7672	9.93561E-4
7674	0.00115
7676	6.77689E-4
7678	9.52253E-4
7680	6.88817E-4
7682	0.00138
7684	0.00179
7686	0.00122
7688	9.77073E-4
7690	0.00135
7692	0.00136
7694	0.00109
7696	1.19329E-4
7698	-2.22107E-4
7700	-4.46543E-4
7702	-0.00109
7704	-0.00189
7706	-0.0019
7708	-0.00209
7710	-0.00122
7712	-0.00135
7714	-0.00132
7716	-1.82031E-4
7718	6.45533E-4
7720	-5.29032E-5
7722	2.26608E-5
7724	8.08225E-4
7726	-8.61211E-4
7728	-0.00128
7730	-0.00151
7732	-8.06519E-4
7734	-4.56955E-4
7736	0.0011
7738	9.01173E-4
7740	1.47366E-5
7742	6.50301E-4
7744	0.00213
7746	0.00209
7748	0.00168
7750	0.00104
7752	8.4312E-4
7754	3.66844E-5
7756	-0.0016
7758	-0.0025
7760	-0.00261
7762	-0.00147
7764	-0.0018
7766	-0.00275
7768	-0.00341
7770	-0.00337
7772	-0.00313
7774	-0.00223
7776	-0.00187
7778	-0.00159
7780	-0.00167
7782	-0.00164
7784	-0.00175
7786	-0.0021
7788	-0.00203
7790	-0.00208
7792	-0.00193
7794	-0.003
7796	-0.00398
7798	-0.00376
7800	-0.00367
7802	-0.00314
7804	-0.00287
7806	-0.00213
7808	-0.00186
7810	-0.00193
7812	-0.00144
7814	-0.00183
7816	-0.00168
7818	-0.00194
7820	-0.00274
7822	-0.00382
7824	-0.00404
7826	-0.00476
7828	-0.00508
7830	-0.00453
7832	-0.0045
7834	-0.0048
7836	-0.00481
7838	-0.0047
7840	-0.00549
7842	-0.00515
7844	-0.00447
7846	-0.0036
7848	-0.00354
7850	-0.0047
7852	-0.00394
7854	-0.0026
7856	-0.00173
7858	-0.00212
7860	-0.00293
7862	-0.00281
7864	-0.00316
7866	-0.00395
7868	-0.00532
7870	-0.00575
7872	-0.00497
7874	-0.00367
7876	-0.00363
7878	-0.00412
7880	-0.00521
7882	-0.00633
7884	-0.00563
7886	-0.0044
7888	-0.00377
7890	-0.00355
7892	-0.00317
7894	-0.00341
7896	-0.00338
7898	-0.00372
7900	-0.00384
7902	-0.00349
7904	-0.00391
7906	-0.00446
7908	-0.00449
7910	-0.00475
7912	-0.00509
7914	-0.00521
7916	-0.00478
7918	-0.00429
7920	-0.00494
7922	-0.00547
7924	-0.00501
7926	-0.00473
7928	0.0061
7930	0.14368
7932	0.47034
7934	0.89475
7936	1.34497
7938	1.78377
7940	2.19124
7942	2.5609
7944	2.89106
7946	3.17981
7948	3.42832
7950	3.64602
7952	3.83352
7954	3.99511
7956	4.12214
7958	4.10089
7960	3.8717
7962	3.53943
7964	3.17364
7966	2.81417
7968	2.47735
7970	2.17017
7972	1.89482
7974	1.65129
7976	1.43834
7978	1.25254
7980	1.09192
7982	0.95553
7984	0.8378
7986	0.73587
7988	0.6484
7990	0.57385
7992	0.50997
7994	0.45582
7996	0.41047
7998	0.37004
8000	0.33416
8002	0.3028
8004	0.27551
8006	0.2526
8008	0.23122
8010	0.212
8012	0.19486
8014	0.17997
8016	0.16692
8018	0.15556
8020	0.14372
8022	0.13245
8024	0.12272
8026	0.11362
8028	0.1044
8030	0.09659
8032	0.08997
8034	0.08283
8036	0.07707
8038	0.07197
8040	0.06718
8042	0.06277
8044	0.05908
8046	0.05515
8048	0.05155
8050	0.04858
8052	0.04529
8054	0.0434
8056	0.04115
8058	0.03985
8060	0.0383
8062	0.03603
8064	0.03388
8066	0.03237
8068	0.03078
8070	0.02837
8072	0.02582
8074	0.02446
8076	0.02315
8078	0.02171
8080	0.0208
8082	0.0204
8084	0.02072
8086	0.0203
8088	0.01907
8090	0.01889
8092	0.01801
8094	0.01748
8096	0.01679
8098	0.01607
8100	0.01544
8102	0.01632
8104	0.01633
8106	0.01616
8108	0.01593
8110	0.01512
8112	0.01477
8114	0.01349
8116	0.01195
8118	0.01188
8120	0.01184
8122	0.01152
8124	0.01154
8126	0.01085
8128	0.01148
8130	0.01263
8132	0.01193
8134	0.01132
8136	0.00996
8138	0.00899
8140	0.00883
8142	0.00826
8144	0.00871
8146	0.00897
8148	0.00875
8150	0.00978
8152	0.0095
8154	0.00946
8156	0.00875
8158	0.00837
8160	0.00789
8162	0.00839
8164	0.00761
8166	0.00663
8168	0.0058
8170	0.00545
8172	0.00592
8174	0.00637
8176	0.00641
8178	0.00654
8180	0.00647
8182	0.00641
8184	0.00662
8186	0.00673
8188	0.00612
8190	0.00552
8192	0.00564
8194	0.00466
8196	0.0053
8198	0.00509
8200	0.00484
8202	0.00484
8204	0.00437
8206	0.00388
8208	0.00355
8210	0.00411
8212	0.00391
8214	0.00397
8216	0.00376
8218	0.0041
8220	0.00325
8222	0.00318
8224	0.00324
8226	0.0026
8228	0.00208
8230	0.00184
8232	0.00152
8234	0.00213
8236	0.0023
8238	0.00189
8240	0.00155
8242	0.00233
8244	0.00259
8246	0.00281
8248	0.00273
8250	0.00305
8252	0.00311
8254	0.00242
8256	0.00274
8258	0.0025
8260	0.00252
8262	0.00231
8264	0.00171
8266	0.00133
8268	9.39281E-4
8270	7.91846E-4
8272	-9.85886E-5
8274	-0.00129
8276	-0.00139
8278	-0.00102
8280	-4.75328E-4
8282	-0.00152
8284	-0.00114
8286	-0.00128
8288	-0.00219
8290	-0.00163
8292	-9.83937E-4
8294	-0.00107
8296	-0.00112
8298	-0.00213
8300	-0.00301
8302	-0.00276
8304	-0.00175
8306	-6.78981E-4
8308	-1.94416E-4
8310	-0.00189
8312	-0.0019
8314	-0.0016
8316	-0.00153
8318	-4.96591E-4
8320	-2.63026E-4
8322	9.5254E-4
8324	0.0013
8326	1.6267E-4
8328	2.49235E-4
8330	7.078E-4
8332	4.69365E-4
8334	9.8693E-4
8336	1.22495E-4
8338	-8.82939E-4
8340	-0.00128
8342	-0.00169
8344	-0.00282
8346	-0.0031
8348	-0.0027
8350	-0.00284
8352	-0.00261
8354	-0.00268
8356	-0.00353
8358	-0.00381
8360	-0.00305
8362	-0.00301
8364	-0.00375
8366	-0.00413
8368	-0.0046
8370	-0.00488
8372	-0.00555
8374	-0.00547
8376	-0.00509
8378	-0.00409
8380	-0.00348
8382	-0.00176
8384	-0.00128
8386	-0.00217
8388	-0.00329
8390	-0.00368
8392	-0.00409
8394	-0.00289
8396	-0.00251
8398	-0.00263
8400	-0.00389
8402	-0.00443
8404	-0.00451
8406	-0.00565
8408	-0.00575
8410	-0.0056
8412	-0.00571
8414	-0.00529
8416	-0.00595
8418	-0.00624
8420	-0.0062
8422	-0.00564
8424	-0.00509
8426	-0.00566
8428	-0.0058
8430	-0.00472
8432	-0.00469
8434	-0.00384
8436	-0.00248
8438	-0.00212
8440	-0.00316
8442	-0.00325
8444	-0.00409
8446	-0.00463
8448	-0.00465
8450	-0.00424
8452	-0.00429
8454	-0.00457
8456	-0.00589
8458	-0.00579
8460	-0.00597
8462	-0.00664
8464	-0.00594
8466	-0.00514
8468	-0.00513
8470	-0.00527
8472	-0.00435
8474	-0.00437
8476	-0.00509
8478	-0.00497
8480	-0.00459
8482	-0.00411
8484	-0.00349
8486	-0.00349
8488	-0.00395
8490	-0.0041
8492	-0.00422
8494	-0.00414
8496	-0.00493
8498	-0.00504
8500	-0.00418
8502	-0.00538
8504	-0.00607
8506	-0.00583
8508	-0.00582
8510	-0.00589
8512	-0.00581
8514	-0.00493
8516	-0.00471
8518	-0.00569
8520	-0.00562
8522	-0.005
8524	-0.00408
8526	-0.00425
8528	0.00294
8530	0.10965
8532	0.40939
8534	0.81401
8536	1.25322
8538	1.6847
8540	2.08772
8542	2.45416
8544	2.78133
8546	3.06846
8548	3.31852
8550	3.53335
8552	3.71972
8554	3.87977
8556	4.01216
8558	4.02332
8560	3.82613
8562	3.51306
8564	3.16023
8566	2.80691
8568	2.47406
8570	2.16939
8572	1.89559
8574	1.65404
8576	1.44179
8578	1.25465
8580	1.09358
8582	0.95566
8584	0.8356
8586	0.73357
8588	0.64629
8590	0.57237
8592	0.50848
8594	0.45328
8596	0.40631
8598	0.36496
8600	0.32973
8602	0.29779
8604	0.27017
8606	0.24641
8608	0.22501
8610	0.2067
8612	0.19078
8614	0.17581
8616	0.16227
8618	0.15002
8620	0.13831
8622	0.12782
8624	0.11797
8626	0.10923
8628	0.10076
8630	0.09294
8632	0.08629
8634	0.0788
8636	0.07329
8638	0.06865
8640	0.06303
8642	0.0587
8644	0.0552
8646	0.05179
8648	0.04892
8650	0.04604
8652	0.04403
8654	0.04106
8656	0.03734
8658	0.03525
8660	0.0337
8662	0.03155
8664	0.03016
8666	0.02885
8668	0.02739
8670	0.02747
8672	0.02619
8674	0.02448
8676	0.0229
8678	0.02175
8680	0.0211
8682	0.02113
8684	0.02148
8686	0.02096
8688	0.02088
8690	0.02022
8692	0.01848
8694	0.01825
8696	0.01814
8698	0.01779
8700	0.01695
8702	0.01613
8704	0.01533
8706	0.01461
8708	0.01401
8710	0.01382
8712	0.01353
8714	0.01288
8716	0.01252
8718	0.01184
8720	0.01165
8722	0.01151
8724	0.01185
8726	0.01212
8728	0.01083
8730	0.01089
8732	0.01074
8734	0.01
8736	0.00913
8738	0.00841
8740	0.00892
8742	0.00874
8744	0.0084
8746	0.00848
8748	0.00751
8750	0.00758
8752	0.00733
8754	0.00773
8756	0.00809
8758	0.00691
8760	0.00582
8762	0.0053
8764	0.0047
8766	0.00548
8768	0.00535
8770	0.00458
8772	0.00504
8774	0.00565
8776	0.00571
8778	0.00501
8780	0.00472
8782	0.00457
8784	0.00469
8786	0.00477
8788	0.00489
8790	0.00463
8792	0.00451
8794	0.00341
8796	0.0033
8798	0.00208
8800	0.00173
8802	0.00328
8804	0.00424
8806	0.00436
8808	0.00417
8810	0.00366
8812	0.00277
8814	0.00274
8816	0.00251
8818	0.00251
8820	0.00198
8822	7.37254E-4
8824	0.00125
8826	0.00164
8828	0.00198
8830	0.00182
8832	0.00231
8834	0.00212
8836	0.00116
8838	-3.93768E-5
8840	0.00104
8842	0.00121
8844	6.78762E-4
8846	7.71808E-4
8848	0.00129
8850	0.00123
8852	0.00141
8854	0.00139
8856	0.0013
8858	0.00136
8860	8.41131E-4
8862	-5.82273E-6
8864	-0.00133
8866	-0.00159
8868	-0.00245
8870	-0.00285
8872	-0.00249
8874	-0.0016
8876	-0.00169
8878	-0.00207
8880	-0.00106
8882	-0.00118
8884	-0.00136
8886	-0.00185
8888	-0.00171
8890	-8.76176E-4
8892	-0.00143
8894	-0.00133
8896	-0.00216
8898	-0.0025
8900	-0.00266
8902	-0.00315
8904	-0.00279
8906	-0.0025
8908	-0.00255
8910	-0.00192
8912	-0.00207
8914	-0.00205
8916	-0.00204
8918	-0.00208
8920	-0.00175
8922	-0.00218
8924	-0.00181
8926	-0.00228
8928	-0.00226
8930	-0.00231
8932	-0.00202
8934	-0.00233
8936	-0.00343
8938	-0.00341
8940	-0.00318
8942	-0.00295
8944	-0.00301
8946	-0.00288
8948	-0.00323
8950	-0.00411
8952	-0.0041
8954	-0.00444
8956	-0.0038
8958	-0.00319
8960	-0.00268
8962	-0.00299
8964	-0.0029
8966	-0.00315
8968	-0.00378
8970	-0.00355
8972	-0.00282
8974	-0.00308
8976	-0.00284
8978	-0.00241
8980	-0.00156
8982	-0.00181
8984	-0.00282
8986	-0.00394
8988	-0.0045
8990	-0.00378
8992	-0.00418
8994	-0.00433
8996	-0.0037
8998	-0.003
9000	-0.00249
9002	-0.00349
9004	-0.00416
9006	-0.00473
9008	-0.00401
9010	-0.00333
9012	-0.00401
9014	-0.00437
9016	-0.00498
9018	-0.00481
9020	-0.00514
9022	-0.0055
9024	-0.00497
9026	-0.00452
9028	-0.00442
9030	-0.00472
9032	-0.00387
9034	-0.0037
9036	-0.00424
9038	-0.00408
9040	-0.00484
9042	-0.00594
9044	-0.00559
9046	-0.00483
9048	-0.00546
9050	-0.00487
9052	-0.00548
9054	-0.00541
9056	-0.0047
9058	-0.00464
9060	-0.00504
9062	-0.00579
9064	-0.0066
9066	-0.00641
9068	-0.00611
9070	-0.00576
9072	-0.00546
9074	-0.00511
9076	-0.00422
9078	-0.00402
9080	-0.00429
9082	-0.00459
9084	-0.00571
9086	-0.00576
9088	-0.00604
9090	-0.0062
9092	-0.00623
9094	-0.00621
9096	-0.0067
9098	-0.00691
9100	-0.00738
9102	-0.00801
9104	-0.00766
9106	-0.00697
9108	-0.00632
9110	-0.00615
9112	-0.00717
9114	-0.00726
9116	-0.00656
9118	-0.00606
9120	-0.00567
9122	-0.00544
9124	-0.00493
9126	-0.0052
9128	-0.00206
9130	0.09051
9132	0.3702
9134	0.76263
9136	1.19121
9138	1.61473
9140	2.01224
9142	2.37405
9144	2.69321
9146	2.97476
9148	3.21979
9150	3.4334
9152	3.61866
9154	3.779
9156	3.9091
9158	3.93642
9160	3.7565
9162	3.45431
9164	3.10835
9166	2.76209
9168	2.4349
9170	2.13577
9172	1.86613
9174	1.62724
9176	1.41662
9178	1.23373
9180	1.0758
9182	0.94091
9184	0.82434
9186	0.72449
9188	0.6397
9190	0.56655
9192	0.5033
9194	0.44945
9196	0.4036
9198	0.36433
9200	0.32934
9202	0.29891
9204	0.2727
9206	0.24862
9208	0.22747
9210	0.20958
9212	0.19248
9214	0.17626
9216	0.16152
9218	0.14943
9220	0.13863
9222	0.12816
9224	0.11959
9226	0.11073
9228	0.10085
9230	0.09276
9232	0.08514
9234	0.07859
9236	0.0727
9238	0.06823
9240	0.06374
9242	0.0598
9244	0.05731
9246	0.05389
9248	0.0501
9250	0.04676
9252	0.04444
9254	0.041
9256	0.03888
9258	0.0369
9260	0.03403
9262	0.03114
9264	0.02957
9266	0.02861
9268	0.02687
9270	0.02521
9272	0.02383
9274	0.02167
9276	0.02026
9278	0.02016
9280	0.02029
9282	0.01943
9284	0.01831
9286	0.01744
9288	0.0163
9290	0.01528
9292	0.01376
9294	0.01337
9296	0.01397
9298	0.01468
9300	0.01424
9302	0.01368
9304	0.01319
9306	0.01266
9308	0.01232
9310	0.01257
9312	0.01275
9314	0.0118
9316	0.01166
9318	0.01069
9320	0.01121
9322	0.01193
9324	0.01131
9326	0.01133
9328	0.01083
9330	0.01051
9332	0.01114
9334	0.01063
9336	0.00921
9338	0.00948
9340	0.00964
9342	0.00906
9344	0.00808
9346	0.00832
9348	0.00757
9350	0.00786
9352	0.00686
9354	0.00707
9356	0.00649
9358	0.00673
9360	0.00677
9362	0.00698
9364	0.00647
9366	0.00626
9368	0.00612
9370	0.00515
9372	0.00573
9374	0.00524
9376	0.00471
9378	0.00553
9380	0.00564
9382	0.00471
9384	0.00442
9386	0.00463
9388	0.00361
9390	0.00402
9392	0.00454
9394	0.00321
9396	0.00273
9398	0.00281
9400	0.00173
9402	0.00144
9404	0.0013
9406	0.00161
9408	5.94572E-4
9410	4.47769E-4
9412	0.00111
9414	0.00256
9416	0.00322
9418	0.003
9420	0.00266
9422	0.00285
9424	0.00171
9426	0.00146
9428	0.00126
9430	5.73735E-4
9432	6.91932E-4
9434	0.00114
9436	0.00163
9438	0.00165
9440	0.00194
9442	6.87915E-4
9444	-1.66888E-4
9446	-7.44691E-4
9448	-3.78495E-4
9450	-2.07298E-4
9452	1.99899E-4
9454	-2.88905E-4
9456	-7.53708E-4
9458	-7.62511E-4
9460	-7.65315E-4
9462	-6.22118E-4
9464	-3.39921E-4
9466	-4.73725E-4
9468	-2.54528E-4
9470	-1.62331E-4
9472	-0.00161
9474	-0.00115
9476	-5.06741E-4
9478	-7.67545E-4
9480	-0.00121
9482	-0.0019
9484	-0.00166
9486	-0.00148
9488	-9.53561E-4
9490	-4.19365E-4
9492	-1.37168E-4
9494	-0.0013
9496	-0.00181
9498	-0.00175
9500	-0.00179
9502	-0.00257
9504	-0.00357
9506	-0.00364
9508	-0.00284
9510	-0.00303
9512	-0.00355
9514	-0.00369
9516	-0.00435
9518	-0.00502
9520	-0.00438
9522	-0.00462
9524	-0.00396
9526	-0.0043
9528	-0.00364
9530	-0.00341
9532	-0.00335
9534	-0.00279
9536	-0.0035
9538	-0.0039
9540	-0.00429
9542	-0.00416
9544	-0.00459
9546	-0.00429
9548	-0.0059
9550	-0.0068
9552	-0.00589
9554	-0.0054
9556	-0.00587
9558	-0.00549
9560	-0.00557
9562	-0.00522
9564	-0.0055
9566	-0.00538
9568	-0.00553
9570	-0.00596
9572	-0.00669
9574	-0.0061
9576	-0.00542
9578	-0.00588
9580	-0.00531
9582	-0.00543
9584	-0.00498
9586	-0.00538
9588	-0.00544
9590	-0.00455
9592	-0.00405
9594	-0.00537
9596	-0.00532
9598	-0.00427
9600	-0.00348
9602	-0.00415
9604	-0.00534
9606	-0.00564
9608	-0.00605
9610	-0.00718
9612	-0.00676
9614	-0.00582
9616	-0.00493
9618	-0.00447
9620	-0.00471
9622	-0.00468
9624	-0.00407
9626	-0.00365
9628	-0.00387
9630	-0.00463
9632	-0.00464
9634	-0.00457
9636	-0.00422
9638	-0.00493
9640	-0.00543
9642	-0.00524
9644	-0.00474
9646	-0.00475
9648	-0.00551
9650	-0.00646
9652	-0.00635
9654	-0.00719
9656	-0.00602
9658	-0.00592
9660	-0.0071
9662	-0.00726
9664	-0.0071
9666	-0.00646
9668	-0.00644
9670	-0.0061
9672	-0.00507
9674	-0.00516
9676	-0.00506
9678	-0.00526
9680	-0.00571
9682	-0.00698
9684	-0.00728
9686	-0.00686
9688	-0.00667
9690	-0.007
9692	-0.00683
9694	-0.00685
9696	-0.00644
9698	-0.00569
9700	-0.00654
9702	-0.00682
9704	-0.00705
9706	-0.00734
9708	-0.00695
9710	-0.00581
9712	-0.00589
9714	-0.00682
9716	-0.0073
9718	-0.00789
9720	-0.00779
9722	-0.00694
9724	-0.00584
9726	-0.00663
9728	-0.00551
9730	0.05846
9732	0.30449
9734	0.67505
9736	1.09221
9738	1.50735
9740	1.89855
9742	2.25741
9744	2.58022
9746	2.86394
9748	3.11077
9750	3.32372
9752	3.50924
9754	3.66804
9756	3.80317
9758	3.85464
9760	3.70676
9762	3.42499
9764	3.09041
9766	2.74974
9768	2.42631
9770	2.12844
9772	1.86142
9774	1.62277
9776	1.41188
9778	1.22911
9780	1.07083
9782	0.93386
9784	0.81705
9786	0.71583
9788	0.62935
9790	0.55604
9792	0.4929
9794	0.43977
9796	0.39382
9798	0.35451
9800	0.31905
9802	0.28827
9804	0.26068
9806	0.23863
9808	0.21717
9810	0.19787
9812	0.18115
9814	0.16831
9816	0.15383
9818	0.14102
9820	0.13053
9822	0.1203
9824	0.1101
9826	0.10203
9828	0.09524
9830	0.08763
9832	0.08267
9834	0.07711
9836	0.07113
9838	0.06619
9840	0.06175
9842	0.05815
9844	0.05371
9846	0.05041
9848	0.04654
9850	0.04371
9852	0.04086
9854	0.03782
9856	0.03553
9858	0.03401
9860	0.03239
9862	0.03062
9864	0.02809
9866	0.02744
9868	0.02704
9870	0.02644
9872	0.02553
9874	0.02423
9876	0.0235
9878	0.02202
9880	0.02099
9882	0.02021
9884	0.01939
9886	0.01864
9888	0.01761
9890	0.0172
9892	0.01662
9894	0.01625
9896	0.01467
9898	0.0147
9900	0.01366
9902	0.01161
9904	0.01051
9906	0.00981
9908	0.0099
9910	0.00996
9912	0.00978
9914	0.00963
9916	0.0094
9918	0.0096
9920	0.00949
9922	0.00901
9924	0.00894
9926	0.00811
9928	0.00782
9930	0.00768
9932	0.00719
9934	0.00712
9936	0.00702
9938	0.00709
9940	0.00768
9942	0.00739
9944	0.00619
9946	0.00624
9948	0.00624
9950	0.00564
9952	0.00559
9954	0.00567
9956	0.00598
9958	0.00615
9960	0.0059
9962	0.00505
9964	0.00455
9966	0.00502
9968	0.00605
9970	0.00502
9972	0.00389
9974	0.00367
9976	0.00415
9978	0.00425
9980	0.00414
9982	0.00356
9984	0.00286
9986	0.00217
9988	0.00146
9990	0.00196
9992	0.00219
9994	0.00113
9996	0.00123
9998	9.42088E-4
10000	0.00156
10002	0.00136
10004	0.00106
10006	0.0013
10008	8.25844E-4
10010	4.18795E-4
10012	3.43746E-4
10014	5.71697E-4
10016	0.00124
10018	0.00143
10020	0.0011
10022	3.69502E-4
10024	5.45453E-4
10026	-3.42596E-4
10028	-2.00645E-4
10030	-3.61694E-4
10032	7.29257E-4
10034	0.00106
10036	1.9716E-4
10038	-9.49889E-4
10040	-0.00146
10042	-6.61987E-4
10044	-2.45036E-4
10046	-2.89084E-4
10048	3.75867E-4
10050	-1.65182E-4
10052	-4.16231E-4
10054	-5.3628E-4
10056	-1.79329E-4
10058	-5.10378E-4
10060	-0.00101
10062	-0.0012
10064	-7.22524E-4
10066	-4.35573E-4
10068	-0.00181
10070	-0.00247
10072	-0.00288
10074	-0.00233
10076	-0.00274
10078	-0.00313
10080	-0.00283
10082	-0.00231
10084	-0.00163
10086	-0.00182
10088	-0.00177
10090	-0.00218
10092	-0.00279
10094	-0.00297
10096	-0.00187
10098	-0.002
10100	-0.00231
10102	-0.003
10104	-0.00297
10106	-0.00333
10108	-0.00349
10110	-0.00377
10112	-0.00311
10114	-0.00298
10116	-0.00277
10118	-0.00205
10120	-0.00239
10122	-0.0027
10124	-0.00438
10126	-0.00405
10128	-0.00432
10130	-0.00372
10132	-0.00419
10134	-0.0045
10136	-0.00409
10138	-0.00468
10140	-0.00553
10142	-0.00536
10144	-0.00445
10146	-0.00346
10148	-0.00338
10150	-0.00458
10152	-0.00402
10154	-0.00342
10156	-0.00369
10158	-0.00436
10160	-0.00411
10162	-0.00429
10164	-0.00453
10166	-0.00504
10168	-0.00466
10170	-0.0039
10172	-0.00341
10174	-0.00425
10176	-0.00372
10178	-0.00446
10180	-0.00511
10182	-0.00529
10184	-0.00537
10186	-0.00522
10188	-0.00461
10190	-0.00476
10192	-0.00504
10194	-0.00446
10196	-0.00372
10198	-0.00352
10200	-0.00325
10202	-0.00355
10204	-0.00373
10206	-0.00351
10208	-0.0033
10210	-0.00416
10212	-0.00471
10214	-0.00448
10216	-0.00413
10218	-0.00387
10220	-0.00436
10222	-0.00418
10224	-0.00424
10226	-0.00516
10228	-0.00533
10230	-0.00478
10232	-0.00483
10234	-0.00483
10236	-0.00513
10238	-0.00644
10240	-0.00685
10242	-0.00777
10244	-0.00754
10246	-0.00647
10248	-0.00651
10250	-0.0055
10252	-0.00477
10254	-0.00439
10256	-0.0043
10258	-0.00412
10260	-0.00445
10262	-0.00453
10264	-0.00564
10266	-0.00607
10268	-0.00496
10270	-0.00598
10272	-0.00657
10274	-0.00661
10276	-0.007
10278	-0.00668
10280	-0.00713
10282	-0.00767
10284	-0.00798
10286	-0.00757
10288	-0.00757
10290	-0.00847
10292	-0.00822
10294	-0.0081
10296	-0.00682
10298	-0.00624
10300	-0.00608
10302	-0.00601
10304	-0.00627
10306	-0.0066
10308	-0.00598
10310	-0.00544
10312	-0.00655
10314	-0.00578
10316	-0.00576
10318	-0.00641
10320	-0.00704
10322	-0.00717
10324	-0.00701
10326	-0.00765
10328	-0.00725
10330	0.04333
10332	0.26714
10334	0.62399
10336	1.03284
10338	1.44305
10340	1.8307
10342	2.18463
10344	2.49945
10346	2.77761
10348	3.02056
10350	3.23175
10352	3.41406
10354	3.57338
10356	3.70681
10358	3.77113
10360	3.64409
10362	3.37736
10364	3.0555
10366	2.7228
10368	2.40462
10370	2.113
10372	1.8485
10374	1.61163
10376	1.40262
10378	1.22119
10380	1.06303
10382	0.92766
10384	0.81149
10386	0.71217
10388	0.62698
10390	0.55419
10392	0.49094
10394	0.43626
10396	0.3901
10398	0.35011
10400	0.31389
10402	0.28313
10404	0.25647
10406	0.23331
10408	0.21246
10410	0.19416
10412	0.17847
10414	0.16389
10416	0.15069
10418	0.13888
10420	0.12792
10422	0.11734
10424	0.10852
10426	0.10108
10428	0.09334
10430	0.08635
10432	0.07975
10434	0.0732
10436	0.06788
10438	0.06256
10440	0.05768
10442	0.05365
10444	0.05102
10446	0.04785
10448	0.0434
10450	0.04007
10452	0.03794
10454	0.03559
10456	0.03319
10458	0.03167
10460	0.03032
10462	0.02887
10464	0.0274
10466	0.02609
10468	0.02443
10470	0.02316
10472	0.0215
10474	0.01897
10476	0.01759
10478	0.01617
10480	0.01578
10482	0.01415
10484	0.01379
10486	0.01295
10488	0.01289
10490	0.01297
10492	0.01338
10494	0.01295
10496	0.01024
10498	0.0101
10500	0.00966
10502	0.0092
10504	0.00975
10506	0.01008
10508	0.00988
10510	0.00948
10512	0.0078
10514	0.00697
10516	0.0069
10518	0.00695
10520	0.00641
10522	0.00563
10524	0.00551
10526	0.00616
10528	0.00609
10530	0.00588
10532	0.0055
10534	0.00535
10536	0.00607
10538	0.0057
10540	0.00471
10542	0.00506
10544	0.00431
10546	0.00455
10548	0.00358
10550	0.00249
10552	0.00312
10554	0.00362
10556	0.00325
10558	0.00225
10560	5.50697E-4
10562	7.46721E-4
10564	0.00177
10566	0.00294
10568	0.00265
10570	0.00261
10572	0.00279
10574	0.00333
10576	0.00351
10578	0.00272
10580	0.00156
10582	0.00131
10584	0.00186
10586	0.00164
10588	0.00167
10590	0.0012
10592	0.00171
10594	0.00127
10596	0.0014
10598	6.59153E-4
10600	5.61177E-4
10602	0.00111
10604	1.58225E-4
10606	-0.00122
10608	-0.00118
10610	-2.54704E-4
10612	-4.8468E-4
10614	5.14344E-4
10616	3.23368E-4
10618	-5.15608E-4
10620	-1.80584E-4
10622	-1.8556E-4
10624	-2.45536E-4
10626	2.77488E-4
10628	4.1512E-5
10630	4.94536E-4
10632	0.001
10634	5.78584E-4
10636	-5.40392E-4
10638	-0.00136
10640	-4.34344E-4
10642	-2.2632E-4
10644	-5.42296E-4
10646	-7.52272E-4
10648	3.90752E-4
10650	-8.02244E-5
10652	-8.242E-4
10654	-0.00111
10656	-0.00293
10658	-0.00284
10660	-0.00197
10662	-0.00334
10664	-0.00434
10666	-0.00417
10668	-0.00383
10670	-0.0036
10672	-0.00279
10674	-0.00186
10676	-0.00259
10678	-0.00274
10680	-0.00284
10682	-0.00226
10684	-0.00177
10686	-0.00229
10688	-0.00302
10690	-0.00355
10692	-0.00392
10694	-0.00279
10696	-0.00294
10698	-0.00324
10700	-0.00452
10702	-0.00414
10704	-0.00436
10706	-0.00381
10708	-0.00382
10710	-0.00408
10712	-0.00478
10714	-0.00426
10716	-0.003
10718	-0.00204
10720	-0.00237
10722	-0.0032
10724	-0.00412
10726	-0.00475
10728	-0.00407
10730	-0.00334
10732	-0.00422
10734	-0.00491
10736	-0.0049
10738	-0.00598
10740	-0.00586
10742	-0.00476
10744	-0.00323
10746	-0.00396
10748	-0.00391
10750	-0.0038
10752	-0.00325
10754	-0.00358
10756	-0.00345
10758	-0.00362
10760	-0.00372
10762	-0.00437
10764	-0.00488
10766	-0.00514
10768	-0.00501
10770	-0.00566
10772	-0.0055
10774	-0.00647
10776	-0.00665
10778	-0.00578
10780	-0.00551
10782	-0.00648
10784	-0.00689
10786	-0.00697
10788	-0.00619
10790	-0.00706
10792	-0.00671
10794	-0.00624
10796	-0.00525
10798	-0.00513
10800	-0.00491
10802	-0.00497
10804	-0.00477
10806	-0.00602
10808	-0.00648
10810	-0.00556
10812	-0.00547
10814	-0.00757
10816	-0.0078
10818	-0.00653
10820	-0.00485
10822	-0.0054
10824	-0.00528
10826	-0.00493
10828	-0.00465
10830	-0.00511
10832	-0.00444
10834	-0.0049
10836	-0.00574
10838	-0.00553
10840	-0.00605
10842	-0.00547
10844	-0.00593
10846	-0.00616
10848	-0.00658
10850	-0.00774
10852	-0.00812
10854	-0.00802
10856	-0.00759
10858	-0.00674
10860	-0.00633
10862	-0.00634
10864	-0.00621
10866	-0.007
10868	-0.00605
10870	-0.00537
10872	-0.00582
10874	-0.0063
10876	-0.0075
10878	-0.008
10880	-0.00794
10882	-0.00812
10884	-0.00861
10886	-0.00944
10888	-0.00932
10890	-0.00849
10892	-0.00838
10894	-0.00766
10896	-0.00648
10898	-0.00539
10900	-0.00495
10902	-0.0045
10904	-0.00445
10906	-0.00449
10908	-0.00494
10910	-0.00475
10912	-0.00442
10914	-0.00551
10916	-0.00583
10918	-0.00627
10920	-0.00709
10922	-0.00804
10924	-0.00897
10926	-0.00889
10928	-0.00718
10930	0.03004
10932	0.22928
10934	0.56883
10936	0.96532
10938	1.36622
10940	1.74572
10942	2.09205
10944	2.40436
10946	2.68021
10948	2.92478
10950	3.13563
10952	3.31845
10954	3.47406
10956	3.60581
10958	3.68185
10960	3.58194
10962	3.33339
10964	3.02078
10966	2.69389
10968	2.38007
10970	2.08996
10972	1.82789
10974	1.59253
10976	1.38595
10978	1.2064
10980	1.05119
10982	0.9166
10984	0.80108
10986	0.70115
10988	0.6157
10990	0.54307
10992	0.48055
10994	0.42724
10996	0.38217
10998	0.34252
11000	0.30925
11002	0.27921
11004	0.25349
11006	0.23059
11008	0.20971
11010	0.1906
11012	0.17459
11014	0.16103
11016	0.14884
11018	0.13657
11020	0.12592
11022	0.1158
11024	0.10624
11026	0.09783
11028	0.09071
11030	0.08281
11032	0.07532
11034	0.06897
11036	0.06415
11038	0.05885
11040	0.05416
11042	0.04976
11044	0.04644
11046	0.0431
11048	0.04068
11050	0.03824
11052	0.03567
11054	0.03279
11056	0.0307
11058	0.03016
11060	0.02879
11062	0.02719
11064	0.0259
11066	0.02424
11068	0.02144
11070	0.01809
11072	0.01776
11074	0.0174
11076	0.01563
11078	0.01456
11080	0.01271
11082	0.01153
11084	0.01124
11086	0.00945
11088	0.00894
11090	0.0094
11092	0.00945
11094	0.00988
11096	0.00821
11098	0.00886
11100	0.00961
11102	0.00904
11104	0.00933
11106	0.00887
11108	0.00827
11110	0.0072
11112	0.00671
11114	0.00626
11116	0.00541
11118	0.00449
11120	0.00367
11122	0.00379
11124	0.00475
11126	0.00366
11128	0.00319
11130	0.0025
11132	0.00314
11134	0.00307
11136	0.00299
11138	0.0025
11140	0.00209
11142	0.00166
11144	6.54276E-4
11146	-4.75932E-5
11148	-2.61462E-4
11150	3.01669E-4
11152	6.298E-4
11154	6.86931E-4
11156	6.15062E-4
11158	9.89193E-4
11160	0.00122
11162	0.00144
11164	0.00171
11166	0.00162
11168	0.00115
11170	0.00131
11172	0.00168
11174	5.27241E-4
11176	-1.87628E-4
11178	-1.91497E-4
11180	-7.28366E-4
11182	-0.00153
11184	-0.00141
11186	-3.68974E-4
11188	-6.52843E-4
11190	-0.00137
11192	-0.002
11194	-0.00268
11196	-0.00214
11198	-0.0022
11200	-0.00202
11202	-0.00214
11204	-0.00229
11206	-0.00149
11208	-0.00185
11210	-0.0016
11212	-0.00104
11214	-0.0012
11216	-0.00132
11218	-0.00128
11220	-0.00215
11222	-0.00373
11224	-0.0041
11226	-0.00442
11228	-0.00502
11230	-0.00462
11232	-0.00405
11234	-0.00339
11236	-0.00286
11238	-0.00293
11240	-0.00273
11242	-0.00347
11244	-0.00413
11246	-0.00422
11248	-0.00348
11250	-0.00323
11252	-0.00285
11254	-0.00249
11256	-0.00222
11258	-0.00295
11260	-0.00376
11262	-0.00392
11264	-0.00355
11266	-0.00507
11268	-0.00498
11270	-0.00398
11272	-0.00431
11274	-0.00561
11276	-0.00528
11278	-0.006
11280	-0.00647
11282	-0.00742
11284	-0.0079
11286	-0.00836
11288	-0.00776
11290	-0.00708
11292	-0.00627
11294	-0.00541
11296	-0.00488
11298	-0.00544
11300	-0.00558
11302	-0.00561
11304	-0.00592
11306	-0.00646
11308	-0.00625
11310	-0.00685
11312	-0.00736
11314	-0.00761
11316	-0.00817
11318	-0.00945
11320	-0.00907
11322	-0.00744
11324	-0.00823
11326	-0.00755
11328	-0.00583
11330	-0.00635
11332	-0.00678
11334	-0.00681
11336	-0.0069
11338	-0.00805
11340	-0.00783
11342	-0.00723
11344	-0.00744
11346	-0.00805
11348	-0.00789
11350	-0.00732
11352	-0.00739
11354	-0.00768
11356	-0.00769
11358	-0.00731
11360	-0.00686
11362	-0.00738
11364	-0.00816
11366	-0.00926
11368	-0.00869
11370	-0.00836
11372	-0.00868
11374	-0.00865
11376	-0.00913
11378	-0.00909
11380	-0.00793
11382	-0.00725
11384	-0.00669
11386	-0.00673
11388	-0.0062
11390	-0.00751
11392	-0.00856
11394	-0.0087
11396	-0.01006
11398	-0.00951
11400	-0.00977
11402	-0.00948
11404	-0.00805
11406	-0.00847
11408	-0.00907
11410	-0.00897
11412	-0.00869
11414	-0.00839
11416	-0.00925
11418	-0.00918
11420	-0.00811
11422	-0.0075
11424	-0.00781
11426	-0.00827
11428	-0.00894
11430	-0.00961
11432	-0.00972
11434	-0.0095
11436	-0.00943
11438	-0.00959
11440	-0.0097
11442	-0.00776
11444	-0.00635
11446	-0.00726
11448	-0.00823
11450	-0.00895
11452	-0.00828
11454	-0.00806
11456	-0.00837
11458	-0.00872
11460	-0.00882
11462	-0.00866
11464	-0.00813
11466	-0.0077
11468	-0.00786
11470	-0.00711
11472	-0.00767
11474	-0.00851
11476	-0.00928
11478	-0.00875
11480	-0.00903
11482	-0.00896
11484	-0.00837
11486	-0.0084
11488	-0.00827
11490	-0.00807
11492	-0.00806
11494	-0.00851
11496	-0.00879
11498	-0.01009
11500	-0.01035
11502	-0.00995
11504	-0.01042
11506	-0.0102
11508	-0.0087
11510	-0.008
11512	-0.00838
11514	-0.00836
11516	-0.00834
11518	-0.0088
11520	-0.00899
11522	-0.00901
11524	-0.00991
11526	-0.00981
11528	-0.0101
11530	0.01568
11532	0.18839
11534	0.50651
11536	0.88881
11538	1.28268
11540	1.65709
11542	2.00152
11544	2.30944
11546	2.58432
11548	2.82521
11550	3.03731
11552	3.21734
11554	3.37041
11556	3.50006
11558	3.5906
11560	3.51699
11562	3.28607
11564	2.98642
11566	2.6698
11568	2.3631
11570	2.07764
11572	1.81761
11574	1.58643
11576	1.38235
11578	1.20341
11580	1.04691
11582	0.91184
11584	0.79718
11586	0.69879
11588	0.61409
11590	0.5424
11592	0.48021
11594	0.42584
11596	0.38047
11598	0.34047
11600	0.30616
11602	0.2771
11604	0.25147
11606	0.22786
11608	0.20743
11610	0.19021
11612	0.17474
11614	0.16025
11616	0.14797
11618	0.13606
11620	0.12463
11622	0.11347
11624	0.10519
11626	0.09737
11628	0.09073
11630	0.08371
11632	0.0762
11634	0.07101
11636	0.06606
11638	0.06052
11640	0.05555
11642	0.05145
11644	0.04813
11646	0.04462
11648	0.04181
11650	0.03875
11652	0.03526
11654	0.03322
11656	0.0321
11658	0.0299
11660	0.02691
11662	0.02377
11664	0.02208
11666	0.02081
11668	0.01962
11670	0.01776
11672	0.01597
11674	0.0144
11676	0.01395
11678	0.01489
11680	0.01505
11682	0.01353
11684	0.01226
11686	0.01165
11688	0.01127
11690	0.01137
11692	0.01049
11694	0.0097
11696	0.00909
11698	0.00868
11700	0.0089
11702	0.00828
11704	0.00809
11706	0.00769
11708	0.00753
11710	0.00731
11712	0.00675
11714	0.00745
11716	0.0074
11718	0.00701
11720	0.00688
11722	0.00632
11724	0.00558
11726	0.00614
11728	0.00591
11730	0.00542
11732	0.00524
11734	0.00459
11736	0.00342
11738	0.00284
11740	0.00381
11742	0.00304
11744	0.00227
11746	0.00206
11748	0.00192
11750	4.45775E-4
11752	7.45878E-4
11754	2.2298E-4
11756	-4.34917E-4
11758	-6.56815E-4
11760	-5.69712E-4
11762	-0.00122
11764	-0.00104
11766	2.86595E-4
11768	0.00108
11770	0.00139
11772	0.00166
11774	0.0011
11776	7.41082E-5
11778	-0.00109
11780	-3.03687E-4
11782	-6.68584E-4
11784	-0.00143
11786	-0.0011
11788	-0.0011
11790	-0.00134
11792	-0.00124
11794	-0.0019
11796	-0.00117
11798	-0.00134
11800	-0.00113
11802	-3.27559E-4
11804	-5.34456E-4
11806	-0.00207
11808	-0.00222
11810	-0.00295
11812	-0.00316
11814	-0.00275
11816	-0.00261
11818	-0.00244
11820	-0.00283
11822	-0.00286
11824	-0.00299
11826	-0.0039
11828	-0.00344
11830	-0.00273
11832	-0.00387
11834	-0.00474
11836	-0.00492
11838	-0.00473
11840	-0.00435
11842	-0.00362
11844	-0.00417
11846	-0.00402
11848	-0.00495
11850	-0.00491
11852	-0.0048
11854	-0.00439
11856	-0.00522
11858	-0.00515
11860	-0.00465
11862	-0.00443
11864	-0.00473
11866	-0.00514
11868	-0.00559
11870	-0.00558
11872	-0.00543
11874	-0.00625
11876	-0.00728
11878	-0.00698
11880	-0.00631
11882	-0.00598
11884	-0.00677
11886	-0.00669
11888	-0.00597
11890	-0.0051
11892	-0.00543
11894	-0.00549
11896	-0.00506
11898	-0.00503
11900	-0.00527
11902	-0.00627
11904	-0.00554
11906	-0.00497
11908	-0.004
11910	-0.00463
11912	-0.00492
11914	-0.00508
11916	-0.00576
11918	-0.00624
11920	-0.0068
11922	-0.00728
11924	-0.00617
11926	-0.00515
11928	-0.00551
11930	-0.00647
11932	-0.00669
11934	-0.00712
11936	-0.00775
11938	-0.00953
11940	-0.00953
11942	-0.0087
11944	-0.00844
11946	-0.00915
11948	-0.00899
11950	-0.00823
11952	-0.00815
11954	-0.00866
11956	-0.00872
11958	-0.00882
11960	-0.00822
11962	-0.00849
11964	-0.00777
11966	-0.00771
11968	-0.00756
11970	-0.00707
11972	-0.00709
11974	-0.00686
11976	-0.00703
11978	-0.00725
11980	-0.0083
11982	-0.0086
11984	-0.00766
11986	-0.00708
11988	-0.0076
11990	-0.00761
11992	-0.00793
11994	-0.00777
11996	-0.00759
11998	-0.00708
12000	-0.00856
12002	-0.0085
12004	-0.00853
12006	-0.00862
12008	-0.00895
12010	-0.00836
12012	-0.00831
12014	-0.00941
12016	-0.01
12018	-0.01103
12020	-0.01139
12022	-0.0111
12024	-0.01029
12026	-0.01014
12028	-0.00973
12030	-0.00783
12032	-0.00785
12034	-0.00893
12036	-0.0092
12038	-0.00947
12040	-0.00964
12042	-0.01101
12044	-0.01156
12046	-0.01111
12048	-0.00983
12050	-0.00919
12052	-0.00994
12054	-0.00964
12056	-0.00875
12058	-0.00862
12060	-0.00903
12062	-0.00898
12064	-0.0092
12066	-0.00977
12068	-0.01042
12070	-0.01012
12072	-0.00932
12074	-0.00921
12076	-0.00999
12078	-0.01041
12080	-0.01083
12082	-0.01109
12084	-0.01066
12086	-0.01084
12088	-0.01148
12090	-0.01175
12092	-0.0104
12094	-0.00916
12096	-0.00889
12098	-0.00769
12100	-0.00735
12102	-0.00832
12104	-0.00911
12106	-0.00855
12108	-0.0086
12110	-0.00937
12112	-0.01065
12114	-0.01176
12116	-0.01086
12118	-0.00959
12120	-0.00961
12122	-0.00941
12124	-0.00979
