time	cp
2	-0.04086
4	-0.03929
6	-0.03872
8	-0.03829
10	-0.0367
12	-0.03515
14	-0.0345
16	-0.03366
18	-0.03259
20	-0.03194
22	-0.03135
24	-0.03044
26	-0.03034
28	-0.02919
30	-0.0277
32	-0.02793
34	-0.02839
36	-0.02882
38	-0.02936
40	-0.02819
42	-0.02701
44	-0.02649
46	-0.02683
48	-0.02714
50	-0.02535
52	-0.02486
54	-0.02426
56	-0.0229
58	-0.02193
60	-0.02125
62	-0.02033
64	-0.01915
66	-0.01845
68	-0.01912
70	-0.01944
72	-0.01994
74	-0.0198
76	-0.01851
78	-0.0178
80	-0.01701
82	-0.01582
84	-0.01446
86	-0.01336
88	-0.01149
90	-0.00976
92	-0.00862
94	-0.00815
96	-0.00749
98	-0.00871
100	-0.0082
102	-0.00685
104	-0.00628
106	-0.00556
108	-0.00548
110	-0.00528
112	-0.00374
114	-0.00387
116	-0.00401
118	-0.00264
120	-6.23423E-4
122	-1.37544E-4
124	-0.00162
126	-0.00964
128	-0.03499
130	-0.07031
132	-0.10799
134	-0.14997
136	-0.1944
138	-0.24084
140	-0.28876
142	-0.33733
144	-0.38602
146	-0.43178
148	-0.47398
150	-0.51271
152	-0.54872
154	-0.57231
156	-0.57165
158	-0.55324
160	-0.524
162	-0.48978
164	-0.45498
166	-0.42275
168	-0.39225
170	-0.36483
172	-0.34014
174	-0.31833
176	-0.29993
178	-0.28338
180	-0.26895
182	-0.2573
184	-0.24843
186	-0.241
188	-0.23342
190	-0.22675
192	-0.22086
194	-0.21465
196	-0.20936
198	-0.20507
200	-0.19994
202	-0.19485
204	-0.19154
206	-0.18927
208	-0.185
210	-0.18293
212	-0.18147
214	-0.18058
216	-0.17967
218	-0.17805
220	-0.17573
222	-0.174
224	-0.17064
226	-0.16818
228	-0.16531
230	-0.16224
232	-0.15872
234	-0.15758
236	-0.15647
238	-0.15594
240	-0.15554
242	-0.15379
244	-0.15195
246	-0.15142
248	-0.15188
250	-0.15164
252	-0.14968
254	-0.14896
256	-0.14765
258	-0.14604
260	-0.14371
262	-0.14122
264	-0.13993
266	-0.13976
268	-0.13819
270	-0.13786
272	-0.13656
274	-0.13474
276	-0.13354
278	-0.13399
280	-0.13349
282	-0.13277
284	-0.13149
286	-0.13035
288	-0.1291
290	-0.12872
292	-0.12791
294	-0.12684
296	-0.12629
298	-0.12638
300	-0.12631
302	-0.12562
304	-0.12529
306	-0.12512
308	-0.12406
310	-0.1226
312	-0.12196
314	-0.12134
316	-0.12027
318	-0.1199
320	-0.11892
322	-0.11797
324	-0.11713
326	-0.11648
328	-0.11538
330	-0.11351
332	-0.1126
334	-0.11206
336	-0.11227
338	-0.1116
340	-0.11094
342	-0.10991
344	-0.10773
346	-0.10631
348	-0.10612
350	-0.10551
352	-0.10559
354	-0.10502
356	-0.10515
358	-0.10469
360	-0.10449
362	-0.10234
364	-0.1012
366	-0.10037
368	-0.09829
370	-0.09649
372	-0.09559
374	-0.09461
376	-0.09361
378	-0.09148
380	-0.09051
382	-0.09066
384	-0.09079
386	-0.09022
388	-0.09044
390	-0.08982
392	-0.08899
394	-0.08896
396	-0.08782
398	-0.08714
400	-0.08664
402	-0.08559
404	-0.08494
406	-0.08417
408	-0.08237
410	-0.08134
412	-0.08018
414	-0.07984
416	-0.07898
418	-0.07868
420	-0.07783
422	-0.07646
424	-0.07526
426	-0.07561
428	-0.07629
430	-0.0756
432	-0.07577
434	-0.07535
436	-0.07425
438	-0.07303
440	-0.07256
442	-0.07306
444	-0.072
446	-0.07027
448	-0.06932
450	-0.06952
452	-0.06952
454	-0.07021
456	-0.0704
458	-0.07058
460	-0.06967
462	-0.06916
464	-0.06827
466	-0.06708
468	-0.06655
470	-0.06684
472	-0.0668
474	-0.0658
476	-0.06508
478	-0.06431
480	-0.06244
482	-0.06116
484	-0.06102
486	-0.05942
488	-0.05841
490	-0.05702
492	-0.05543
494	-0.0545
496	-0.05308
498	-0.05262
500	-0.05206
502	-0.05129
504	-0.05046
506	-0.04972
508	-0.04955
510	-0.04931
512	-0.0502
514	-0.05048
516	-0.04905
518	-0.04723
520	-0.04683
522	-0.04763
524	-0.04692
526	-0.04573
528	-0.04536
530	-0.04531
532	-0.04407
534	-0.04341
536	-0.044
538	-0.04402
540	-0.04328
542	-0.04224
544	-0.04132
546	-0.03984
548	-0.03904
550	-0.03919
552	-0.03913
554	-0.03926
556	-0.03789
558	-0.03712
560	-0.03754
562	-0.03673
564	-0.03623
566	-0.03543
568	-0.03558
570	-0.03373
572	-0.03204
574	-0.03148
576	-0.03107
578	-0.03117
580	-0.03067
582	-0.03022
584	-0.03077
586	-0.03014
588	-0.02916
590	-0.02835
592	-0.02717
594	-0.02714
596	-0.02592
598	-0.02443
600	-0.02335
602	-0.0225
604	-0.02154
606	-0.02018
608	-0.01962
610	-0.01987
612	-0.02077
614	-0.02146
616	-0.02049
618	-0.02054
620	-0.02007
622	-0.01986
624	-0.01938
626	-0.01936
628	-0.01859
630	-0.01699
632	-0.01517
634	-0.0136
636	-0.0122
638	-0.01077
640	-0.01013
642	-0.00935
644	-0.00891
646	-0.00887
648	-0.00729
650	-0.00695
652	-0.00647
654	-0.00678
656	-0.00712
658	-0.00764
660	-0.00674
662	-0.00612
664	-0.00695
666	-0.00703
668	-0.00628
670	-0.00512
672	-0.00531
674	-0.00523
676	-0.00431
678	-0.00377
680	-0.00259
682	-0.00199
684	-0.00259
686	-0.00356
688	-0.00343
690	-0.00178
692	-2.20159E-4
694	1.81543E-4
696	3.33246E-4
698	6.37948E-4
700	-4.06543E-4
702	-2.56131E-4
704	-3.44718E-4
706	-6.55306E-4
708	-0.00172
710	-0.00224
712	-0.00232
714	-0.00329
716	-0.00327
718	-0.00157
720	-0.00148
722	-0.00223
724	-0.00304
726	-0.01618
728	-0.04736
730	-0.08914
732	-0.1373
734	-0.18561
736	-0.22985
738	-0.27155
740	-0.30805
742	-0.34004
744	-0.36747
746	-0.39135
748	-0.41223
750	-0.43147
752	-0.44616
754	-0.45281
756	-0.44331
758	-0.42024
760	-0.3883
762	-0.35305
764	-0.31762
766	-0.28403
768	-0.25297
770	-0.22554
772	-0.20185
774	-0.18017
776	-0.16105
778	-0.14445
780	-0.13033
782	-0.11839
784	-0.10789
786	-0.09804
788	-0.08915
790	-0.08269
792	-0.07588
794	-0.07109
796	-0.06656
798	-0.06322
800	-0.05898
802	-0.05571
804	-0.0532
806	-0.05228
808	-0.05067
810	-0.04759
812	-0.04608
814	-0.0438
816	-0.04089
818	-0.03874
820	-0.03644
822	-0.03408
824	-0.03173
826	-0.02959
828	-0.02817
830	-0.02623
832	-0.02549
834	-0.02474
836	-0.02385
838	-0.02195
840	-0.02022
842	-0.0202
844	-0.01976
846	-0.01887
848	-0.0185
850	-0.01696
852	-0.01607
854	-0.01611
856	-0.01687
858	-0.01652
860	-0.01561
862	-0.01544
864	-0.01563
866	-0.01539
868	-0.01512
870	-0.01447
872	-0.0137
874	-0.01307
876	-0.01173
878	-0.01089
880	-0.01106
882	-0.01085
884	-0.01042
886	-0.01043
888	-0.00981
890	-0.00899
892	-0.00837
894	-0.00885
896	-0.00898
898	-0.01004
900	-0.01021
902	-0.00876
904	-0.00886
906	-0.00848
908	-0.00867
910	-0.00823
912	-0.0068
914	-0.00594
916	-0.00617
918	-0.00608
920	-0.00501
922	-0.00572
924	-0.00555
926	-0.00623
928	-0.00634
930	-0.00652
932	-0.00671
934	-0.00737
936	-0.00794
938	-0.0075
940	-0.00777
942	-0.00739
944	-0.00724
946	-0.00656
948	-0.00706
950	-0.00667
952	-0.00631
954	-0.00599
956	-0.00599
958	-0.0054
960	-0.00506
962	-0.0045
964	-0.0029
966	-0.00248
968	-0.00197
970	-0.00137
972	-0.0014
974	-0.00262
976	-0.00225
978	-0.00187
980	-0.00125
982	-0.00132
984	-0.0011
986	-0.00155
988	-0.00208
990	-0.00237
992	-0.00307
994	-0.00347
996	-0.00293
998	-0.00148
1000	-0.00149
1002	-0.00202
1004	-0.00122
1006	-3.99113E-4
1008	3.88597E-4
1010	-1.11693E-4
1012	-1.04984E-4
1014	0.00127
1016	0.00184
1018	0.00168
1020	7.50855E-4
1022	-2.31436E-4
1024	-0.00127
1026	-0.00111
1028	-0.00119
1030	-8.71597E-4
1032	-7.08888E-4
1034	-7.16178E-4
1036	-9.73468E-4
1038	-0.00122
1040	-0.00115
1042	-2.0034E-4
1044	-9.8663E-4
1046	-0.0014
1048	-0.00126
1050	-0.00115
1052	-0.00135
1054	8.91811E-6
1056	5.08628E-4
1058	4.92337E-4
1060	1.29047E-4
1062	7.12757E-4
1064	9.07466E-4
1066	0.00109
1068	0.00135
1070	0.00127
1072	0.00192
1074	0.0025
1076	0.00169
1078	0.00223
1080	0.00173
1082	0.00212
1084	0.00332
1086	0.00233
1088	0.00195
1090	0.00193
1092	0.00225
1094	0.0018
1096	0.00143
1098	0.00211
1100	0.00296
1102	0.00298
1104	0.00216
1106	0.00135
1108	0.00124
1110	0.00153
1112	0.00237
1114	0.00222
1116	0.00248
1118	0.00321
1120	0.00242
1122	-9.99549E-5
1124	-0.00134
1126	-0.00231
1128	-0.00401
1130	-0.00478
1132	-0.00448
1134	-0.00367
1136	-0.00325
1138	-0.00314
1140	-0.00277
1142	-0.00172
1144	-2.34149E-4
1146	9.57561E-4
1148	0.00222
1150	0.00241
1152	0.00195
1154	0.00294
1156	0.0036
1158	0.00322
1160	0.00213
1162	0.00177
1164	0.0016
1166	7.23657E-4
1168	-3.76336E-5
1170	-7.39924E-4
1172	-6.10214E-4
1174	2.05495E-4
1176	1.66205E-4
1178	3.48914E-4
1180	7.07624E-4
1182	7.14334E-4
1184	-8.73957E-4
1186	-0.00187
1188	-0.00197
1190	-0.00152
1192	-0.00154
1194	-0.00183
1196	-9.20699E-4
1198	-6.92989E-4
1200	-0.00214
1202	-0.00278
1204	-0.00238
1206	-9.13151E-4
1208	-1.46441E-4
1210	-6.36732E-4
1212	-6.7022E-5
1214	-5.17312E-4
1216	-8.56603E-4
1218	-0.00133
1220	-0.00163
1222	-0.00199
1224	-0.00186
1226	-0.00185
1228	-0.00185
1230	-0.00213
1232	-0.00212
1234	-0.0018
1236	-0.00168
1238	-0.00121
1240	-2.87087E-4
1242	9.91622E-4
1244	0.00229
1246	0.00363
1248	0.00229
1250	0.00175
1252	0.00224
1254	0.00154
1256	2.3559E-4
1258	5.55312E-5
1260	-6.67527E-4
1262	-0.0011
1264	-0.00151
1266	-0.00173
1268	-0.00148
1270	-6.35819E-4
1272	6.07122E-4
1274	6.11064E-4
1276	0.00218
1278	0.00181
1280	0.00249
1282	0.00156
1284	0.00108
1286	6.66714E-4
1288	6.74655E-4
1290	0.00139
1292	3.03538E-4
1294	-0.0012
1296	-4.69579E-4
1298	0.00107
1300	8.84305E-4
1302	5.70246E-4
1304	5.67188E-4
1306	0.00126
1308	0.0021
1310	0.0015
1312	0.00144
1314	0.00125
1316	0.00102
1318	-2.1221E-5
1320	-1.67279E-4
1322	3.91662E-4
1324	-3.10396E-4
1326	-0.00762
1328	-0.02973
1330	-0.06389
1332	-0.10386
1334	-0.14466
1336	-0.18326
1338	-0.21999
1340	-0.25303
1342	-0.28112
1344	-0.30428
1346	-0.32561
1348	-0.34418
1350	-0.35932
1352	-0.37152
1354	-0.37908
1356	-0.3746
1358	-0.35822
1360	-0.33393
1362	-0.3061
1364	-0.27819
1366	-0.25168
1368	-0.22759
1370	-0.2065
1372	-0.18699
1374	-0.17064
1376	-0.15653
1378	-0.14446
1380	-0.13384
1382	-0.12467
1384	-0.11537
1386	-0.10754
1388	-0.10113
1390	-0.09547
1392	-0.09037
1394	-0.08537
1396	-0.0804
1398	-0.07673
1400	-0.07416
1402	-0.07177
1404	-0.06908
1406	-0.06571
1408	-0.06192
1410	-0.05985
1412	-0.05948
1414	-0.05764
1416	-0.05607
1418	-0.05424
1420	-0.05216
1422	-0.0508
1424	-0.04995
1426	-0.04895
1428	-0.04824
1430	-0.04764
1432	-0.0472
1434	-0.04638
1436	-0.04511
1438	-0.04458
1440	-0.04492
1442	-0.04491
1444	-0.04497
1446	-0.04473
1448	-0.04512
1450	-0.04426
1452	-0.04213
1454	-0.04089
1456	-0.04017
1458	-0.03831
1460	-0.03705
1462	-0.03562
1464	-0.03537
1466	-0.03618
1468	-0.03699
1470	-0.03707
1472	-0.03698
1474	-0.03664
1476	-0.03492
1478	-0.03369
1480	-0.0336
1482	-0.03366
1484	-0.03353
1486	-0.03194
1488	-0.03053
1490	-0.03005
1492	-0.02977
1494	-0.03028
1496	-0.02928
1498	-0.02765
1500	-0.02671
1502	-0.02709
1504	-0.02686
1506	-0.02681
1508	-0.02599
1510	-0.02604
1512	-0.02607
1514	-0.02478
1516	-0.02374
1518	-0.02341
1520	-0.02291
1522	-0.0228
1524	-0.02277
1526	-0.02441
1528	-0.02496
1530	-0.02484
1532	-0.0252
1534	-0.02611
1536	-0.0263
1538	-0.02623
1540	-0.02661
1542	-0.02534
1544	-0.02357
1546	-0.02379
1548	-0.02343
1550	-0.0227
1552	-0.02211
1554	-0.02219
1556	-0.02197
1558	-0.0215
1560	-0.02133
1562	-0.02195
1564	-0.02108
1566	-0.0199
1568	-0.01893
1570	-0.01921
1572	-0.02013
1574	-0.02067
1576	-0.0207
1578	-0.01988
1580	-0.01897
1582	-0.01871
1584	-0.01818
1586	-0.01731
1588	-0.01708
1590	-0.01652
1592	-0.01648
1594	-0.01675
1596	-0.01659
1598	-0.01666
1600	-0.0165
1602	-0.01646
1604	-0.01568
1606	-0.01556
1608	-0.01519
1610	-0.01589
1612	-0.01541
1614	-0.01575
1616	-0.01657
1618	-0.01755
1620	-0.01728
1622	-0.01621
1624	-0.01536
1626	-0.0148
1628	-0.01471
1630	-0.01358
1632	-0.01341
1634	-0.01341
1636	-0.01287
1638	-0.01214
1640	-0.01118
1642	-0.01135
1644	-0.01093
1646	-0.00995
1648	-0.00929
1650	-0.00984
1652	-0.01058
1654	-0.01073
1656	-0.01066
1658	-0.01021
1660	-0.01036
1662	-0.01101
1664	-0.01078
1666	-0.00962
1668	-0.0086
1670	-0.00792
1672	-0.00728
1674	-0.00819
1676	-0.00837
1678	-0.00855
1680	-0.00758
1682	-0.00623
1684	-0.00616
1686	-0.00566
1688	-0.00517
1690	-0.00472
1692	-0.00471
1694	-0.00583
1696	-0.00555
1698	-0.00591
1700	-0.00535
1702	-0.00466
1704	-0.0047
1706	-0.00463
1708	-0.0036
1710	-0.00268
1712	-0.00269
1714	-0.00263
1716	-0.00171
1718	-0.00129
1720	-0.00135
1722	-0.00195
1724	-0.00279
1726	-0.00315
1728	-0.00358
1730	-0.00394
1732	-0.00337
1734	-0.00469
1736	-0.00552
1738	-0.00623
1740	-0.00672
1742	-0.00725
1744	-0.00668
1746	-0.00574
1748	-0.00549
1750	-0.00568
1752	-0.00529
1754	-0.00557
1756	-0.00531
1758	-0.0052
1760	-0.00447
1762	-0.00424
1764	-0.00426
1766	-0.00533
1768	-0.00563
1770	-0.00577
1772	-0.00491
1774	-0.00569
1776	-0.00578
1778	-0.00515
1780	-0.00477
1782	-0.00366
1784	-0.00392
1786	-0.00448
1788	-0.00553
1790	-0.00502
1792	-0.00481
1794	-0.00316
1796	-0.00297
1798	-0.00222
1800	-0.00188
1802	-0.0028
1804	-0.00332
1806	-0.00192
1808	-0.00175
1810	-0.00226
1812	-0.00242
1814	-0.00292
1816	-0.0033
1818	-0.0035
1820	-0.00327
1822	-0.00231
1824	-0.0019
1826	-0.0025
1828	-0.00155
1830	-0.00116
1832	-0.0012
1834	-0.00116
1836	-0.00146
1838	-0.00169
1840	-0.0014
1842	7.54732E-5
1844	-2.2529E-4
1846	-8.04053E-4
1848	-0.00172
1850	-0.00224
1852	-0.00186
1854	-0.00214
1856	-0.00158
1858	-6.4563E-4
1860	-0.00121
1862	-0.00131
1864	-0.00115
1866	-2.21682E-4
1868	2.93555E-4
1870	2.64792E-4
1872	4.19029E-4
1874	7.92266E-4
1876	7.08503E-4
1878	2.6574E-4
1880	-1.28023E-4
1882	-5.83786E-4
1884	-3.99586E-5
1886	7.38459E-4
1888	5.87877E-4
1890	8.10294E-4
1892	0.00109
1894	9.58129E-4
1896	4.85467E-5
1898	2.07964E-4
1900	5.92382E-4
1902	3.16799E-4
1904	4.12217E-4
1906	5.11634E-4
1908	4.98052E-4
1910	9.5847E-4
1912	7.61887E-4
1914	5.93305E-4
1916	0.00186
1918	0.00343
1920	0.0039
1922	0.00283
1924	0.00238
1926	-0.00199
1928	-0.01813
1930	-0.04111
1932	-0.06868
1934	-0.09669
1936	-0.12311
1938	-0.14791
1940	-0.16902
1942	-0.18779
1944	-0.20385
1946	-0.21872
1948	-0.2314
1950	-0.24259
1952	-0.25138
1954	-0.25648
1956	-0.25266
1958	-0.24004
1960	-0.22345
1962	-0.20336
1964	-0.18169
1966	-0.16175
1968	-0.14439
1970	-0.12773
1972	-0.11271
1974	-0.09926
1976	-0.0873
1978	-0.07674
1980	-0.06747
1982	-0.06045
1984	-0.05324
1986	-0.0469
1988	-0.04141
1990	-0.0375
1992	-0.03361
1994	-0.03112
1996	-0.02915
1998	-0.02759
2000	-0.02546
2002	-0.02346
2004	-0.02187
2006	-0.02002
2008	-0.01851
2010	-0.01631
2012	-0.01484
2014	-0.01341
2016	-0.01117
2018	-0.00913
2020	-0.00741
2022	-0.00532
2024	-0.00346
2026	-0.00282
2028	-0.00365
2030	-0.0042
2032	-0.00429
2034	-0.00406
2036	-0.00375
2038	-0.00284
2040	-0.00184
2042	-0.00185
2044	-0.00199
2046	-0.00251
2048	-0.00216
2050	-0.00112
2052	-3.66936E-4
2054	5.11972E-4
2056	0.00185
2058	0.00219
2060	0.00229
2062	0.0022
2064	0.00257
2066	0.00174
2068	0.00261
2070	0.00316
2072	0.00175
2074	0.00183
2076	0.00292
2078	0.00287
2080	0.00276
2082	0.00324
2084	0.00358
2086	0.00493
2088	0.00495
2090	0.004
2092	0.00411
2094	0.00303
2096	0.00284
2098	0.00348
2100	0.00366
2102	0.00399
2104	0.00502
2106	0.00544
2108	0.00581
2110	0.00506
2112	0.00437
2114	0.00473
2116	0.00461
2118	0.00432
2120	0.00498
2122	0.0054
2124	0.00622
2126	0.00599
2128	0.00632
2130	0.00699
2132	0.00602
2134	0.00417
2136	0.00364
2138	0.00491
2140	0.00627
2142	0.00548
2144	0.00436
2146	0.00498
2148	0.00523
2150	0.00479
2152	0.00358
2154	0.0033
2156	0.00159
2158	0.00146
2160	0.00101
2162	-1.87008E-4
2164	5.55899E-4
2166	8.16807E-4
2168	4.47715E-4
2170	9.01623E-4
2172	0.00131
2174	0.00189
2176	0.00218
2178	0.00288
2180	0.00262
2182	0.00181
2184	0.00197
2186	0.00133
2188	0.00126
2190	0.00311
2192	0.0033
2194	0.00357
2196	0.00382
2198	0.0042
2200	0.00491
2202	0.00496
2204	0.00507
2206	0.00607
2208	0.00665
2210	0.00548
2212	0.00476
2214	0.00534
2216	0.00567
2218	0.00565
2220	0.00387
2222	0.00287
2224	0.00184
2226	0.00139
2228	0.00148
2230	0.00178
2232	0.00166
2234	0.00205
2236	0.00226
2238	0.00229
2240	0.00223
2242	0.00156
2244	0.00165
2246	0.00234
2248	0.00137
2250	0.00129
2252	0.00255
2254	0.0046
2256	0.00488
2258	0.00385
2260	0.00392
2262	0.00563
2264	0.00711
2266	0.00768
2268	0.00853
2270	0.008
2272	0.00688
2274	0.00499
2276	0.00455
2278	0.00406
2280	0.00369
2282	0.00381
2284	0.00362
2286	0.00362
2288	0.00409
2290	0.00408
2292	0.00438
2294	0.0038
2296	0.00422
2298	0.00422
2300	0.00357
2302	0.00212
2304	0.002
2306	4.54351E-4
2308	4.74259E-4
2310	7.52167E-4
2312	0.00211
2314	0.0045
2316	0.00417
2318	0.00425
2320	0.00401
2322	0.00335
2324	0.00245
2326	9.16429E-4
2328	2.50337E-4
2330	-4.57755E-4
2332	8.88152E-4
2334	0.00108
2336	0.00138
2338	9.00876E-4
2340	0.00117
2342	6.84691E-4
2344	0.00223
2346	0.0026
2348	0.00124
2350	9.93322E-4
2352	7.0423E-4
2354	4.52138E-4
2356	3.63046E-4
2358	5.83953E-4
2360	5.75861E-4
2362	4.33769E-4
2364	-4.49323E-4
2366	5.35845E-5
2368	3.43492E-4
2370	3.354E-4
2372	-2.67705E-4
2374	-2.95316E-4
2376	-4.09271E-5
2378	7.54617E-5
2380	0.00107
2382	0.00154
2384	0.00292
2386	0.00474
2388	0.00507
2390	0.00411
2392	0.00403
2394	0.00388
2396	0.00227
2398	0.00145
2400	0.00131
2402	0.00233
2404	0.00294
2406	0.00257
2408	0.00202
2410	0.00201
2412	3.42072E-4
2414	-9.28539E-4
2416	-4.3815E-4
2418	-3.61761E-4
2420	-2.03726E-5
2422	7.07016E-4
2424	1.07405E-4
2426	3.67939E-5
2428	-5.66817E-4
2430	-1.67428E-4
2432	9.0896E-4
2434	6.82349E-4
2436	3.82738E-4
2438	0.00136
2440	0.00179
2442	0.00209
2444	0.00162
2446	0.00307
2448	0.0044
2450	0.00525
2452	0.00527
2454	0.00534
2456	0.00552
2458	0.0051
2460	0.00431
2462	0.00355
2464	0.00323
2466	0.00395
2468	0.00381
2470	0.00447
2472	0.0048
2474	0.00571
2476	0.00564
2478	0.00451
2480	0.00381
2482	0.0035
2484	0.00353
2486	0.00282
2488	0.00226
2490	0.0013
2492	2.57739E-4
2494	2.74616E-4
2496	-4.16507E-4
2498	-5.2563E-4
2500	-0.00108
2502	-9.95875E-4
2504	-3.23998E-4
2506	-3.16121E-4
2508	5.29756E-4
2510	4.41633E-4
2512	4.09518E-4
2514	0.00142
2516	0.00225
2518	0.00255
2520	0.00404
2522	0.00486
2524	0.00477
2526	9.8171E-4
2528	-0.01054
2530	-0.02935
2532	-0.05158
2534	-0.07345
2536	-0.09457
2538	-0.11532
2540	-0.13294
2542	-0.1485
2544	-0.16143
2546	-0.17377
2548	-0.1841
2550	-0.19246
2552	-0.19996
2554	-0.20374
2556	-0.20088
2558	-0.19019
2560	-0.17444
2562	-0.15672
2564	-0.13995
2566	-0.12427
2568	-0.10948
2570	-0.09628
2572	-0.08505
2574	-0.07442
2576	-0.06455
2578	-0.05555
2580	-0.0473
2582	-0.03967
2584	-0.03494
2586	-0.03022
2588	-0.02501
2590	-0.02133
2592	-0.01865
2594	-0.01701
2596	-0.0158
2598	-0.01405
2600	-0.01371
2602	-0.01394
2604	-0.01262
2606	-0.01148
2608	-0.0104
2610	-0.00967
2612	-0.00857
2614	-0.00786
2616	-0.00834
2618	-0.00687
2620	-0.00518
2622	-0.00384
2624	-0.00404
2626	-0.00373
2628	-0.00253
2630	-0.00123
2632	4.10251E-4
2634	0.00138
2636	0.00231
2638	0.00274
2640	0.00291
2642	0.00342
2644	0.00309
2646	0.00262
2648	0.0028
2650	0.00241
2652	0.0019
2654	0.0033
2656	0.00326
2658	0.00283
2660	0.00356
2662	0.00361
2664	0.00378
2666	0.00355
2668	0.00375
2670	0.00347
2672	0.00392
2674	0.00283
2676	0.00318
2678	0.00397
2680	0.00404
2682	0.00397
2684	0.00434
2686	0.00452
2688	0.00415
2690	0.00346
2692	0.00263
2694	0.00259
2696	0.00231
2698	0.00244
2700	0.00321
2702	0.00385
2704	0.00489
2706	0.00498
2708	0.00367
2710	0.00375
2712	0.00509
2714	0.00618
2716	0.00699
2718	0.00737
2720	0.00751
2722	0.00797
2724	0.00809
2726	0.00825
2728	0.0075
2730	0.00778
2732	0.00746
2734	0.00707
2736	0.00537
2738	0.00419
2740	0.00388
2742	0.00363
2744	0.00286
2746	0.00253
2748	0.00208
2750	0.00192
2752	0.00281
2754	0.0031
2756	0.00473
2758	0.0048
2760	0.00343
2762	0.00272
2764	0.00196
2766	0.0012
2768	0.00174
2770	0.00173
2772	0.00182
2774	0.00233
2776	0.00153
2778	0.00144
2780	0.0014
2782	9.21674E-4
2784	8.15507E-4
2786	9.7334E-4
2788	0.00187
2790	0.00298
2792	0.00391
2794	0.00478
2796	0.00515
2798	0.00434
2800	0.00405
2802	0.00332
2804	0.00335
2806	0.00218
2808	4.43504E-4
2810	2.30337E-4
2812	-2.68295E-5
2814	2.64004E-4
2816	0.00114
2818	8.4967E-4
2820	-1.81497E-4
2822	-0.00102
2824	-0.00163
2826	-0.00145
2828	-0.0013
2830	-0.00227
2832	-0.00268
2834	-0.00205
2836	-0.00144
2838	-0.00134
2840	-0.00123
2842	-0.00112
2844	-7.505E-4
2846	-5.06667E-4
2848	1.75166E-4
2850	0.00105
2852	0.00169
2854	0.00244
2856	0.00149
2858	0.0011
2860	9.96165E-4
2862	0.00102
2864	7.31831E-4
2866	-3.53362E-5
2868	-5.56503E-4
2870	-2.9267E-4
2872	0.00155
2874	0.00204
2876	0.00178
2878	0.00166
2880	0.00175
2882	0.00124
2884	0.00113
2886	0.00196
2888	0.00297
2890	0.00207
2892	0.00129
2894	-4.27673E-4
2896	-8.1384E-4
2898	-0.00163
2900	-0.00179
2902	-0.0017
2904	-0.00121
2906	-1.36746E-5
2908	-1.56841E-4
2910	-6.96008E-4
2912	-7.10175E-4
2914	-0.00134
2916	-0.0026
2918	-0.00287
2920	-0.00243
2922	-0.00223
2924	-0.00276
2926	-0.00383
2928	-0.00315
2930	-0.0027
2932	-0.00269
2934	-0.00162
2936	-0.0023
2938	-0.00318
2940	-0.00315
2942	-0.00212
2944	-6.16846E-4
2946	4.88987E-4
2948	0.00141
2950	0.00217
2952	0.00347
2954	0.00495
2956	0.00559
2958	0.00573
2960	0.00603
2962	0.0056
2964	0.00432
2966	0.00372
2968	0.00286
2970	0.00315
2972	0.00205
2974	0.00149
2976	4.78483E-4
2978	-2.96836E-5
2980	-1.2585E-4
2982	2.99983E-4
2984	-0.0011
2986	-0.00125
2988	-0.00131
2990	-0.0012
2992	-0.00132
2994	-0.00135
2996	-0.0014
2998	-0.0017
3000	-0.00174
3002	-0.00153
3004	-6.24853E-4
3006	5.5498E-4
3008	1.58127E-5
3010	1.61646E-4
3012	8.84789E-5
3014	0.0019
3016	0.0023
3018	0.00274
3020	0.00227
3022	0.00292
3024	0.00316
3026	0.00258
3028	0.00164
3030	3.94977E-4
3032	-0.00129
3034	-0.00141
3036	-0.0017
3038	-0.00178
3040	-0.0018
3042	-0.00272
3044	-0.00284
3046	-0.00275
3048	-0.00274
3050	-0.00225
3052	-0.003
3054	-0.0033
3056	-0.00365
3058	-0.00326
3060	-0.0029
3062	-0.00182
3064	-2.47861E-4
3066	2.79721E-5
3068	-1.86651E-4
3070	-3.82186E-4
3072	2.92794E-5
3074	7.08744E-4
3076	0.00146
3078	0.00142
3080	0.00118
3082	0.00126
3084	5.3707E-4
3086	0.0014
3088	0.00186
3090	8.16465E-4
3092	9.6193E-4
3094	0.00115
3096	0.00164
3098	6.11326E-4
3100	-7.02093E-5
3102	0.00132
3104	9.28721E-4
3106	1.18186E-4
3108	-4.98349E-4
3110	9.21161E-5
3112	-1.44419E-4
3114	3.08046E-4
3116	0.00144
3118	9.94977E-4
3120	5.58442E-4
3122	0.00142
3124	0.00256
3126	-2.58163E-4
3128	-0.01121
3130	-0.02894
3132	-0.04884
3134	-0.06925
3136	-0.08909
3138	-0.1073
3140	-0.12285
3142	-0.13668
3144	-0.14884
3146	-0.15955
3148	-0.16754
3150	-0.17422
3152	-0.17965
3154	-0.18341
3156	-0.1813
3158	-0.17122
3160	-0.15724
3162	-0.14196
3164	-0.12697
3166	-0.11184
3168	-0.09942
3170	-0.08776
3172	-0.07565
3174	-0.06547
3176	-0.05596
3178	-0.0479
3180	-0.04242
3182	-0.03727
3184	-0.03325
3186	-0.03047
3188	-0.02717
3190	-0.02414
3192	-0.02183
3194	-0.01996
3196	-0.01812
3198	-0.0166
3200	-0.01478
3202	-0.01244
3204	-0.01123
3206	-0.01027
3208	-0.00957
3210	-0.00946
3212	-0.00899
3214	-0.00884
3216	-0.0082
3218	-0.0077
3220	-0.00713
3222	-0.0072
3224	-0.0067
3226	-0.00721
3228	-0.00622
3230	-0.00524
3232	-0.00439
3234	-0.00295
3236	-0.00228
3238	-0.0024
3240	-0.00221
3242	-0.00266
3244	-0.00184
3246	-0.00139
3248	-7.16329E-4
3250	-0.00141
3252	-0.002
3254	-0.00215
3256	-0.00183
3258	-2.07108E-6
3260	9.8938E-4
3262	5.1832E-5
3264	-9.80716E-4
3266	-0.0012
3268	-0.00177
3270	-0.002
3272	-0.00261
3274	-0.00288
3276	-0.00333
3278	-0.00311
3280	-0.00294
3282	-0.0029
3284	-0.00296
3286	-0.00253
3288	-0.00127
3290	-3.22132E-4
3292	1.36961E-4
3294	-5.73947E-4
3296	-5.38854E-4
3298	2.19238E-4
3300	6.57331E-4
3302	8.70424E-4
3304	0.00171
3306	0.00127
3308	7.48702E-4
3310	5.47943E-5
3312	-6.53113E-4
3314	4.49796E-5
3316	6.00723E-5
3318	3.97165E-4
3320	-1.93742E-4
3322	-9.5965E-4
3324	-5.86557E-4
3326	-2.41465E-4
3328	-0.00105
3330	9.27208E-5
3332	1.20813E-4
3334	8.38906E-4
3336	0.00235
3338	0.00182
3340	0.00251
3342	0.00299
3344	0.0043
3346	0.00488
3348	0.00488
3350	0.00453
3352	0.00336
3354	0.00353
3356	0.00251
3358	0.0018
3360	0.00114
3362	5.63203E-4
3364	0.0015
3366	3.66388E-4
3368	-2.13519E-4
3370	-6.84426E-4
3372	-4.22334E-4
3374	5.98759E-4
3376	6.10852E-4
3378	-1.71056E-4
3380	-1.47963E-4
3382	-4.3987E-4
3384	-0.00189
3386	-0.00261
3388	-0.00333
3390	-0.00339
3392	-0.00273
3394	-9.13315E-4
3396	-9.65222E-4
3398	-2.25129E-4
3400	-0.00125
3402	-8.33944E-4
3404	-0.00182
3406	-0.00317
3408	-0.00307
3410	-0.00228
3412	-0.00219
3414	-0.00221
3416	-0.00168
3418	-0.00163
3420	-0.00222
3422	-0.00269
3424	-0.00174
3426	-0.00195
3428	-0.00224
3430	-0.00214
3432	-0.00293
3434	-0.00182
3436	-2.91369E-4
3438	1.95724E-4
3440	3.23816E-4
3442	4.67909E-4
3444	-1.92998E-4
3446	-4.31906E-4
3448	6.51869E-5
3450	-6.6472E-4
3452	-0.00225
3454	-0.00271
3456	-0.00143
3458	-2.1435E-4
3460	-4.21257E-4
3462	-0.00107
3464	-0.00105
3466	-0.00108
3468	-8.49887E-4
3470	1.71206E-4
3472	5.62299E-4
3474	4.02391E-4
3476	7.00484E-4
3478	-1.61423E-4
3480	-3.45331E-4
3482	1.27762E-4
3484	-1.35146E-4
3486	2.79471E-5
3488	0.00198
3490	0.00167
3492	0.00101
3494	-4.59682E-4
3496	-5.8959E-4
3498	-0.00104
3500	-0.00149
3502	-0.00146
3504	-0.00132
3506	-0.00146
3508	-0.00123
3510	-0.00152
3512	-0.0013
3514	-9.19756E-4
3516	2.73368E-5
3518	6.94429E-4
3520	4.18522E-4
3522	-5.00385E-4
3524	-2.51293E-4
3526	1.288E-4
3528	-2.13107E-4
3530	-5.49015E-4
3532	3.22078E-4
3534	0.00114
3536	0.00232
3538	0.00261
3540	0.00201
3542	0.00194
3544	0.00244
3546	0.00231
3548	0.00242
3550	0.00204
3552	0.00286
3554	0.00369
3556	0.00352
3558	0.0044
3560	0.00427
3562	0.00376
3564	0.00336
3566	0.00425
3568	0.00413
3570	0.00298
3572	0.00227
3574	0.00229
3576	0.0019
3578	0.00105
3580	4.69301E-4
3582	-6.74606E-4
3584	-0.00123
3586	-0.00129
3588	-8.10328E-4
3590	-0.0014
3592	-0.00166
3594	-0.00257
3596	-0.00337
3598	-0.00407
3600	-0.00394
3602	-0.00368
3604	-0.00334
3606	-0.0031
3608	-0.00335
3610	-0.00392
3612	-0.00379
3614	-0.00323
3616	-0.00193
3618	-5.96938E-4
3620	-7.37846E-4
3622	-0.00165
3624	-0.00154
3626	-5.33668E-4
3628	-6.23725E-4
3630	-8.88782E-4
3632	-7.54839E-4
3634	-0.00109
3636	-1.69953E-4
3638	1.4299E-4
3640	-2.7067E-5
3642	1.48876E-4
3644	2.43819E-4
3646	3.76177E-6
3648	-1.68295E-4
3650	-8.50352E-4
3652	-0.00102
3654	4.77533E-4
3656	8.25476E-4
3658	0.00139
3660	0.00154
3662	0.00143
3664	0.00124
3666	0.0012
3668	7.40134E-4
3670	5.87077E-4
3672	9.0902E-4
3674	8.74963E-4
3676	6.53906E-4
3678	0.00152
3680	0.00262
3682	0.0032
3684	0.00202
3686	0.0016
3688	0.00238
3690	0.0013
3692	9.80449E-4
3694	8.79392E-4
3696	0.00134
3698	2.58194E-4
3700	-6.30091E-4
3702	-5.58376E-4
3704	-3.20661E-4
3706	-0.00146
3708	-1.9123E-4
3710	9.58485E-4
3712	0.0012
3714	8.55915E-4
3716	0.00102
3718	0.00263
3720	0.00296
3722	0.00273
3724	0.00285
3726	7.31206E-4
3728	-0.00611
3730	-0.01795
3732	-0.03416
3734	-0.05167
3736	-0.06872
3738	-0.0842
3740	-0.09881
3742	-0.11129
3744	-0.12176
3746	-0.13071
3748	-0.13858
3750	-0.14429
3752	-0.14935
3754	-0.15347
3756	-0.15212
3758	-0.14335
3760	-0.13173
3762	-0.11788
3764	-0.10326
3766	-0.0908
3768	-0.07939
3770	-0.06968
3772	-0.06075
3774	-0.05262
3776	-0.04692
3778	-0.04415
3780	-0.03848
3782	-0.03357
3784	-0.02987
3786	-0.02838
3788	-0.02553
3790	-0.02372
3792	-0.02215
3794	-0.02016
3796	-0.01855
3798	-0.01618
3800	-0.01461
3802	-0.01369
3804	-0.01445
3806	-0.01473
3808	-0.01469
3810	-0.0148
3812	-0.01475
3814	-0.01415
3816	-0.01246
3818	-0.01001
3820	-0.00731
3822	-0.00629
3824	-0.0054
3826	-0.0039
3828	-0.00476
3830	-0.0057
3832	-0.00564
3834	-0.0057
3836	-0.00596
3838	-0.00535
3840	-0.00528
3842	-0.00472
3844	-0.00315
3846	-0.00172
3848	-0.00133
3850	-6.37315E-4
3852	-4.8173E-4
3854	8.51856E-4
3856	0.00111
3858	7.11027E-4
3860	6.14613E-4
3862	6.71198E-4
3864	7.42784E-4
3866	-1.10631E-4
3868	-0.00116
3870	-0.00156
3872	-0.00128
3874	-0.00145
3876	-0.0016
3878	-0.00116
3880	-0.00139
3882	-0.00234
3884	-0.00297
3886	-0.00362
3888	-0.00378
3890	-0.00313
3892	-0.00367
3894	-0.00375
3896	-0.00414
3898	-0.00361
3900	-0.00241
3902	-0.00111
3904	-8.02505E-4
3906	-0.00104
3908	-0.00146
3910	-0.00199
3912	-0.00218
3914	-0.00131
3916	4.87008E-4
3918	4.90593E-4
3920	0.00123
3922	7.99765E-4
3924	-2.0765E-4
3926	-9.08064E-4
3928	-9.21479E-4
3930	-0.00123
3932	-7.30308E-4
3934	0.00175
3936	0.00385
3938	0.004
3940	0.00388
3942	0.00434
3944	0.00357
3946	0.00347
3948	0.00291
3950	0.00321
3952	0.00459
3954	0.00505
3956	0.00447
3958	0.0035
3960	0.00366
3962	0.00272
3964	0.0024
3966	0.00172
3968	0.00186
3970	0.0014
3972	8.92403E-4
3974	7.27989E-4
3976	9.64574E-4
3978	1.7816E-4
3980	1.02745E-4
3982	-4.04669E-4
3984	-9.40834E-5
3986	-3.37498E-4
3988	7.94088E-4
3990	0.00274
3992	0.00327
3994	0.00249
3996	0.00156
3998	3.13015E-4
4000	5.01601E-4
4002	6.34186E-4
4004	3.40772E-4
4006	-6.60642E-4
4008	-6.24057E-4
4010	3.66529E-4
4012	4.44114E-4
4014	1.76998E-5
4016	-1.16715E-4
4018	9.10871E-4
4020	0.00195
4022	0.00276
4024	0.00288
4026	0.00172
4028	6.23799E-4
4030	-0.00146
4032	-0.00167
4034	-3.84445E-4
4036	-4.74859E-4
4038	-5.45274E-4
4040	-2.65688E-4
4042	-3.81103E-4
4044	3.13483E-4
4046	5.90685E-5
4048	-1.12346E-4
4050	-2.5176E-4
4052	-5.21175E-4
4054	3.04107E-5
4056	5.85996E-4
4058	8.52582E-4
4060	1.85167E-4
4062	6.57529E-5
4064	3.50338E-4
4066	3.19924E-4
4068	-1.0049E-4
4070	-5.10905E-4
4072	-9.43193E-5
4074	0.00106
4076	0.00147
4078	0.00153
4080	0.00109
4082	1.80608E-4
4084	3.57194E-4
4086	0.00134
4088	0.00134
4090	0.00197
4092	0.00348
4094	0.00379
4096	0.00328
4098	0.0037
4100	0.00464
4102	0.00449
4104	0.00415
4106	0.00268
4108	0.00213
4110	0.00232
4112	0.00173
4114	0.00182
4116	0.00234
4118	0.00232
4120	0.00244
4122	0.00247
4124	0.00278
4126	0.00241
4128	0.00126
4130	0.00179
4132	0.00191
4134	0.00259
4136	0.00383
4138	0.00448
4140	0.00427
4142	0.00432
4144	0.00427
4146	0.00455
4148	0.00428
4150	0.004
4152	0.00363
4154	0.0037
4156	0.00401
4158	0.00426
4160	0.00544
4162	0.00554
4164	0.00569
4166	0.00556
4168	0.00614
4170	0.00573
4172	0.00488
4174	0.00432
4176	0.00431
4178	0.00415
4180	0.00418
4182	0.00474
4184	0.00465
4186	0.00438
4188	0.00378
4190	0.00297
4192	0.00291
4194	0.00401
4196	0.00444
4198	0.00628
4200	0.00646
4202	0.00596
4204	0.00626
4206	0.0065
4208	0.00587
4210	0.00355
4212	0.00261
4214	0.00312
4216	0.00242
4218	0.00125
4220	0.00158
4222	0.001
4224	0.00161
4226	5.88799E-4
4228	5.49523E-4
4230	4.09246E-4
4232	-4.84031E-4
4234	-0.00115
4236	-5.41584E-4
4238	-1.62861E-4
4240	-5.04137E-4
4242	-6.24138E-5
4244	0.00176
4246	0.00206
4248	0.00186
4250	0.0029
4252	0.00251
4254	0.00209
4256	0.00137
4258	0.0021
4260	0.0029
4262	0.00433
4264	0.00485
4266	0.00449
4268	0.00481
4270	0.00406
4272	0.00201
4274	0.00184
4276	0.00233
4278	0.00223
4280	0.00225
4282	0.00249
4284	0.00228
4286	6.61657E-4
4288	4.56137E-4
4290	4.71617E-4
4292	-3.21903E-4
4294	-1.66423E-4
4296	-2.85942E-4
4298	5.02538E-4
4300	2.85018E-4
4302	8.47498E-4
4304	4.29779E-5
4306	-4.31542E-4
4308	2.23938E-4
4310	2.75418E-4
4312	-6.31102E-4
4314	-5.97622E-4
4316	-1.95142E-4
4318	0.00158
4320	0.00234
4322	0.00374
4324	0.00374
4326	0.00242
4328	0.00143
4330	-7.00849E-4
4332	-8.91461E-4
4334	-5.83074E-4
4336	-6.63686E-4
4338	-0.00136
4340	-0.00163
4342	-0.00304
4344	-0.00548
4346	-0.00905
4348	-0.01426
4350	-0.02201
4352	-0.03074
4354	-0.0385
4356	-0.04221
4358	-0.04128
4360	-0.03991
4362	-0.03667
4364	-0.03278
4366	-0.02902
4368	-0.02505
4370	-0.02259
4372	-0.01902
4374	-0.01575
4376	-0.01412
4378	-0.01337
4380	-0.01187
4382	-0.01072
4384	-0.00912
4386	-0.00737
4388	-0.00698
4390	-0.00598
4392	-0.00498
4394	-0.00388
4396	-0.00242
4398	-0.00127
4400	-7.08704E-4
4402	4.43257E-4
4404	0.00105
4406	0.00272
4408	0.0037
4410	0.00491
4412	0.00512
4414	0.00505
4416	0.00635
4418	0.00615
4420	0.00623
4422	0.00523
4424	0.00287
4426	0.00219
4428	0.00268
4430	0.00209
4432	0.00243
4434	0.00314
4436	0.00357
4438	0.00293
4440	0.00233
4442	0.00299
4444	0.00326
4446	0.00286
4448	0.00329
4450	0.00391
4452	0.00523
4454	0.00642
4456	0.00607
4458	0.00504
4460	0.00441
4462	0.00472
4464	0.00426
4466	0.00424
4468	0.0032
4470	0.00222
4472	0.00263
4474	0.00173
4476	0.00237
4478	0.00273
4480	0.00311
4482	0.00372
4484	0.00351
4486	0.00258
4488	0.0023
4490	0.00248
4492	0.0027
4494	0.00362
4496	0.00276
4498	0.0019
4500	0.00233
4502	0.00232
4504	0.00195
4506	0.00146
4508	0.00135
4510	0.00122
4512	0.00178
4514	0.00176
4516	0.00172
4518	0.00207
4520	0.00148
4522	0.00332
4524	0.00412
4526	0.00363
4528	0.00442
4530	0.00443
4532	0.00434
4534	0.00483
4536	0.00542
4538	0.00608
4540	0.00448
4542	0.00404
4544	0.00353
4546	0.00382
4548	0.00379
4550	0.0033
4552	0.00318
4554	0.00259
4556	0.00237
4558	0.00224
4560	0.00256
4562	0.00197
4564	0.00202
4566	0.00185
4568	0.0017
4570	0.00245
4572	0.00307
4574	0.00323
4576	0.00239
4578	6.83736E-4
4580	0.00103
4582	0.00178
4584	0.00161
4586	9.05041E-4
4588	4.21368E-4
4590	-5.34306E-4
4592	-8.7898E-4
4594	-9.71653E-4
4596	-6.67327E-4
4598	-3.00001E-4
4600	-3.71674E-4
4602	-4.70348E-4
4604	-8.40215E-5
4606	-2.44695E-4
4608	2.65631E-4
4610	-1.93042E-4
4612	-1.78716E-4
4614	0.00228
4616	0.00352
4618	0.00408
4620	0.00404
4622	0.00297
4624	0.00316
4626	0.00344
4628	0.0033
4630	0.0026
4632	0.00181
4634	9.26874E-4
4636	2.62003E-5
4638	-5.31473E-4
4640	-9.77147E-4
4642	-0.00207
4644	-0.00199
4646	-0.0018
4648	-0.00216
4650	-0.00142
4652	-0.0019
4654	-0.00166
4656	-7.72536E-4
4658	3.8079E-4
4660	0.00199
4662	0.00257
4664	0.00272
4666	0.00252
4668	0.00214
4670	0.00199
4672	0.00185
4674	0.00266
4676	0.00259
4678	0.00192
4680	0.00113
4682	0.00158
4684	0.00207
4686	0.00193
4688	0.00208
4690	0.00288
4692	0.00293
4694	0.00309
4696	0.00375
4698	0.00325
4700	0.00326
4702	0.00214
4704	0.00147
4706	9.88623E-4
4708	-8.15051E-4
4710	-0.00182
4712	-0.0022
4714	-0.00146
4716	-3.41745E-4
4718	-9.14419E-4
4720	-0.00157
4722	-7.80766E-4
4724	-0.001
4726	-0.00153
4728	-9.15787E-4
4730	-9.81461E-4
4732	-5.15134E-4
4734	-4.38079E-5
4736	-1.19482E-4
4738	-2.70155E-4
4740	8.97519E-4
4742	6.48875E-5
4744	-1.55744E-4
4746	3.17625E-4
4748	0.00139
4750	0.00265
4752	0.00221
4754	0.00121
4756	4.53469E-4
4758	6.98377E-5
4760	-0.00159
4762	-0.00236
4764	-0.00233
4766	-0.00377
4768	-0.00554
4770	-0.00646
4772	-0.00826
4774	-0.00924
4776	-0.00978
4778	-0.01031
4780	-0.01078
4782	-0.01015
4784	-0.00955
4786	-0.00621
4788	-0.00399
4790	-0.00361
4792	-0.00318
4794	-0.00108
4796	1.28444E-5
4798	1.42213E-4
4800	-6.10418E-4
4802	-0.00117
4804	-0.00164
4806	-0.0017
4808	-0.00246
4810	-0.00432
4812	-0.00524
4814	-0.00454
4816	-0.0042
4818	-0.00343
4820	-0.00304
4822	-0.00243
4824	-0.00252
4826	-0.00223
4828	-8.82619E-4
4830	-4.33657E-4
4832	-5.62695E-4
4834	-0.00133
4836	-0.00155
4838	-0.00197
4840	-0.00143
4842	-0.00144
4844	-2.30923E-4
4846	-1.02961E-4
4848	-6.67999E-4
4850	-7.42037E-4
4852	-5.56075E-4
4854	-7.93113E-4
4856	-0.00108
4858	-0.00178
4860	-0.00192
4862	-0.00201
4864	-9.32303E-4
4866	-4.83341E-4
4868	6.87621E-4
4870	8.36583E-4
4872	0.00108
4874	-2.34928E-5
4876	-5.75308E-5
4878	6.36431E-4
4880	0.00115
4882	5.19788E-4
4884	-7.21191E-4
4886	-3.15169E-4
4888	-1.87148E-4
4890	6.33874E-4
4892	3.70895E-4
4894	-1.84083E-4
4896	-2.97062E-4
4898	-2.4104E-4
4900	-1.68019E-4
4902	-7.14997E-4
4904	-0.00201
4906	-0.00241
4908	-0.00265
4910	-0.00319
4912	-0.00394
4914	-0.00413
4916	-0.00246
4918	-0.00102
4920	-9.25804E-4
4922	-8.11782E-4
4924	-9.19761E-4
4926	-0.00146
4928	-0.00365
4930	-0.00614
4932	-0.00687
4934	-0.00596
4936	-0.00654
4938	-0.00649
4940	-0.00682
4942	-0.00613
4944	-0.00668
4946	-0.00776
4948	-0.00945
4950	-0.01375
4952	-0.01816
4954	-0.02349
4956	-0.02641
4958	-0.02627
4960	-0.0244
4962	-0.02235
4964	-0.01984
4966	-0.01725
4968	-0.01474
4970	-0.01307
4972	-0.01106
4974	-0.00916
4976	-0.0091
4978	-0.00847
4980	-0.00733
4982	-0.00661
4984	-0.00673
4986	-0.00659
4988	-0.00616
4990	-0.0048
4992	-0.00377
4994	-0.00333
4996	-0.00289
4998	-0.00184
5000	-0.00144
5002	-0.00116
5004	6.06104E-4
5006	0.0019
5008	0.00243
5010	0.00133
5012	6.47658E-4
5014	7.74297E-4
5016	7.24935E-4
5018	9.19573E-4
5020	2.97393E-4
5022	-1.78838E-6
5024	6.59031E-4
5026	0.00105
5028	9.03669E-4
5030	0.00238
5032	0.00246
5034	0.00311
5036	0.00268
5038	0.00125
5040	-2.40417E-4
5042	-3.19598E-4
5044	-6.28779E-4
5046	-3.6796E-4
5048	0.00114
5050	0.00273
5052	0.00411
5054	0.00485
5056	0.00432
5058	0.00389
5060	0.00406
5062	0.00376
5064	0.00206
5066	0.00102
5068	9.0505E-4
5070	7.05869E-4
5072	-3.98312E-4
5074	2.29507E-4
5076	0.00153
5078	0.00242
5080	0.002
5082	0.00203
5084	0.0028
5086	0.00273
5088	0.00275
5090	0.00367
5092	0.00374
5094	0.00317
5096	0.00324
5098	0.00277
5100	0.00264
5102	0.00208
5104	0.00239
5106	0.0028
5108	0.00246
5110	0.00211
5112	0.0025
5114	0.00169
5116	0.00105
5118	1.91461E-4
5120	5.20407E-4
5122	7.89354E-4
5124	0.00219
5126	0.00308
5128	0.00289
5130	0.0031
5132	0.00332
5134	0.00182
5136	0.00106
5138	0.00323
5140	0.00329
5142	0.00384
5144	0.00313
5146	0.00261
5148	0.0021
5150	0.00152
5152	4.32552E-4
5154	-4.10501E-4
5156	-1.56555E-4
5158	3.97392E-4
5160	4.33339E-4
5162	-5.61715E-4
5164	6.32317E-5
5166	2.19178E-4
5168	0.0011
5170	0.00124
5172	-1.89982E-4
5174	4.49645E-5
5176	0.00151
5178	0.00196
5180	0.00249
5182	0.00286
5184	0.00255
5186	0.0011
5188	9.2059E-4
5190	0.00167
5192	6.09484E-4
5194	7.6343E-4
5196	0.00182
5198	0.00266
5200	0.00296
5202	0.00198
5204	0.0021
5206	0.00265
5208	0.00257
5210	0.00212
5212	0.00152
5214	0.00113
5216	9.00842E-4
5218	6.58789E-4
5220	0.00148
5222	8.68682E-4
5224	8.60629E-4
5226	2.12575E-4
5228	-6.52478E-4
5230	-6.31532E-4
5232	-6.54585E-4
5234	-4.06639E-4
5236	-1.89692E-4
5238	0.00111
5240	0.00187
5242	0.0025
5244	0.00273
5246	0.00272
5248	0.00264
5250	0.00198
5252	0.00159
5254	0.00157
5256	0.00222
5258	0.00203
5260	0.00235
5262	0.00298
5264	0.003
5266	0.00302
5268	0.00282
5270	0.00207
5272	0.00161
5274	0.00245
5276	0.00279
5278	0.00226
5280	0.00178
5282	9.87079E-4
5284	7.98026E-4
5286	0.0018
5288	0.00219
5290	0.00197
5292	0.00214
5294	0.00217
5296	0.00209
5298	0.00112
5300	0.00109
5302	0.00147
5304	0.00215
5306	0.00213
5308	4.98384E-4
5310	-9.63669E-4
5312	-2.36722E-4
5314	-6.67759E-5
5316	2.26171E-4
5318	4.44117E-4
5320	0.00103
5322	9.6501E-4
5324	4.26957E-4
5326	2.02904E-4
5328	4.5185E-4
5330	9.10797E-4
5332	0.00262
5334	0.0029
5336	0.00255
5338	0.00271
5340	0.00271
5342	0.00239
5344	9.14423E-4
5346	3.93692E-5
5348	2.82316E-4
5350	-4.29738E-4
5352	8.89209E-4
5354	0.00117
5356	8.69102E-4
5358	1.95049E-4
5360	3.52995E-4
5362	5.64942E-4
5364	7.00888E-4
5366	4.68348E-5
5368	-6.04219E-4
5370	-6.78272E-4
5372	-2.97325E-4
5374	-1.20379E-4
5376	4.20568E-4
5378	3.58514E-4
5380	6.30461E-4
5382	0.00132
5384	0.00191
5386	0.00159
5388	0.00125
5390	0.00118
5392	0.00194
5394	0.00251
5396	0.00224
5398	0.0012
5400	0.0013
5402	2.51873E-4
5404	5.6882E-4
5406	0.00166
5408	0.00182
5410	0.00192
5412	0.002
5414	0.00152
5416	8.70499E-4
5418	2.57446E-4
5420	-4.91608E-4
5422	7.83339E-4
5424	0.00125
5426	0.00166
5428	0.00116
5430	2.73125E-4
5432	1.46072E-4
5434	5.90181E-5
5436	7.96965E-4
5438	4.77569E-4
5440	6.76173E-4
5442	-9.22226E-5
5444	0.00105
5446	0.00152
5448	0.00153
5450	0.00101
5452	0.00138
5454	9.08403E-4
5456	0.00253
5458	0.00285
5460	0.002
5462	0.00122
5464	0.00169
5466	0.00206
5468	0.00252
5470	0.00312
5472	0.00311
5474	0.00308
5476	0.00257
5478	9.03654E-4
5480	-1.75742E-4
5482	4.94862E-4
5484	4.82467E-4
5486	-1.49929E-4
5488	-2.47325E-4
5490	5.02795E-5
5492	5.05884E-4
5494	-4.90512E-4
5496	-3.10908E-4
5498	8.63696E-4
5500	0.00116
5502	0.0015
5504	0.00216
5506	0.00348
5508	0.00482
5510	0.00524
5512	0.00403
5514	0.00387
5516	0.00385
5518	0.00409
5520	0.00384
5522	0.0026
5524	0.00279
5526	0.0025
5528	-1.82606E-4
5530	-0.00346
5532	-0.00601
5534	-0.0066
5536	-0.00697
5538	-0.00737
5540	-0.00692
5542	-0.00634
5544	-0.00589
5546	-0.00692
5548	-0.00841
5550	-0.01162
5552	-0.01582
5554	-0.02045
5556	-0.02404
5558	-0.02541
5560	-0.02515
5562	-0.02435
5564	-0.02167
5566	-0.01991
5568	-0.01798
5570	-0.01646
5572	-0.01423
5574	-0.01245
5576	-0.01008
5578	-0.00788
5580	-0.00739
5582	-0.00778
5584	-0.00821
5586	-0.0085
5588	-0.00902
5590	-0.00883
5592	-0.00808
5594	-0.00678
5596	-0.00626
5598	-0.00623
5600	-0.00621
5602	-0.00684
5604	-0.0074
5606	-0.00687
5608	-0.00755
5610	-0.00743
5612	-0.00654
5614	-0.00527
5616	-0.00541
5618	-0.00514
5620	-0.00397
5622	-0.00294
5624	-0.00208
5626	-0.00215
5628	-0.0024
5630	-0.00259
5632	-0.00315
5634	-0.00229
5636	-0.00211
5638	-0.0023
5640	-0.00117
5642	-0.00199
5644	-0.0024
5646	-0.00266
5648	-0.00293
5650	-0.00405
5652	-0.00509
5654	-0.00582
5656	-0.00562
5658	-0.00551
5660	-0.00474
5662	-0.0043
5664	-0.0041
5666	-0.00427
5668	-0.00549
5670	-0.00529
5672	-0.00567
5674	-0.00621
5676	-0.00689
5678	-0.0074
5680	-0.00702
5682	-0.00682
5684	-0.00675
5686	-0.00643
5688	-0.00738
5690	-0.00714
5692	-0.00623
5694	-0.00504
5696	-0.00424
5698	-0.00371
5700	-0.00367
5702	-0.00355
5704	-0.00369
5706	-0.00288
5708	-0.00251
5710	-0.00201
5712	-0.00144
5714	-0.00156
5716	-0.00203
5718	-0.00268
5720	-0.00253
5722	-0.00291
5724	-0.00336
5726	-0.00446
5728	-0.00579
5730	-0.00522
5732	-0.00492
5734	-0.00591
5736	-0.00635
5738	-0.00546
5740	-0.0048
5742	-0.00393
5744	-0.00449
5746	-0.00484
5748	-0.00463
5750	-0.00389
5752	-0.00454
5754	-0.00466
5756	-0.00495
5758	-0.00497
5760	-0.00536
5762	-0.00507
5764	-0.00468
5766	-0.00396
5768	-0.00436
5770	-0.00499
5772	-0.00576
5774	-0.00549
5776	-0.00446
5778	-0.00375
5780	-0.00278
5782	-0.00173
5784	-0.0013
5786	-0.00173
5788	-0.00186
5790	-0.00158
5792	-0.00114
5794	-0.00211
5796	-0.00196
5798	-0.00274
5800	-0.00437
5802	-0.0034
5804	-0.0032
5806	-0.00386
5808	-0.00422
5810	-0.00484
5812	-0.00456
5814	-0.00455
5816	-0.0044
5818	-0.0036
5820	-0.00288
5822	-0.00231
5824	-0.00228
5826	-0.00272
5828	-0.00224
5830	-0.00163
5832	-0.00241
5834	-0.0025
5836	-0.00131
5838	-0.00201
5840	-0.0031
5842	-0.00344
5844	-0.00375
5846	-0.00375
5848	-0.00359
5850	-0.00271
5852	-0.00208
5854	-0.00182
5856	-7.71606E-4
5858	-0.00108
5860	-4.9904E-4
5862	-7.63257E-4
5864	-5.85474E-4
5866	-3.64691E-4
5868	-6.74909E-4
5870	-0.00116
5872	-0.00163
5874	-0.00115
5876	-0.00197
5878	-0.00187
5880	-0.00218
5882	-0.00172
5884	-0.00234
5886	-0.00206
5888	-0.00111
5890	2.60704E-4
5892	6.36487E-4
5894	8.4827E-4
5896	2.15053E-4
5898	-1.54164E-4
5900	-9.06381E-4
5902	-0.00122
5904	-9.89816E-4
5906	-0.00245
5908	-0.00385
5910	-0.00524
5912	-0.00433
5914	-0.00314
5916	-0.00119
5918	0.00149
5920	0.00407
5922	0.00488
5924	0.00418
5926	0.00356
5928	0.00256
5930	0.00115
5932	-2.53854E-4
5934	-0.00143
5936	-0.00178
5938	-0.00237
5940	-0.00152
5942	-0.00108
5944	-3.24157E-4
5946	1.56263E-5
5948	-2.65908E-5
5950	2.44192E-4
5952	0.00177
5954	0.00265
5956	0.00214
5958	0.00134
5960	9.64107E-4
5962	-6.4411E-4
5964	-0.00134
5966	-0.00152
5968	-6.39761E-4
5970	-9.12978E-4
5972	-0.00155
5974	-0.00179
5976	-0.00247
5978	-0.00198
5980	-5.05064E-4
5982	8.64719E-4
5984	0.00115
5986	7.32285E-4
5988	5.01068E-4
5990	-6.10149E-4
5992	2.26634E-4
5994	-1.55384E-4
5996	-7.55003E-4
5998	-0.00185
6000	-0.00137
6002	-0.00175
6004	-0.00151
6006	-0.0016
6008	-0.0018
6010	-0.00116
6012	-2.06958E-4
6014	-5.77882E-7
6016	-4.66197E-4
6018	-0.00114
6020	-8.97436E-4
6022	-0.00122
6024	-1.63675E-4
6026	-5.23294E-4
6028	-8.18914E-4
6030	-8.68533E-4
6032	-0.00157
6034	-0.00176
6036	-0.00123
6038	-0.00112
6040	-0.00196
6042	-0.0021
6044	-0.00243
6046	-0.00352
6048	-0.00305
6050	-0.00268
6052	-0.00319
6054	-0.00368
6056	-0.00448
6058	-0.00505
6060	-0.00501
6062	-0.00368
6064	-0.00297
6066	-0.00288
6068	-0.00392
6070	-0.00424
6072	-0.00395
6074	-0.00383
6076	-0.00403
6078	-0.00194
6080	-7.70497E-4
6082	3.92945E-4
6084	0.00113
6086	4.93829E-4
6088	-2.04729E-4
6090	-4.62872E-5
6092	5.61155E-4
6094	0.00156
6096	0.00159
6098	-1.33519E-4
6100	-6.62077E-4
6102	-1.88636E-4
6104	-5.17194E-4
6106	-1.99752E-4
6108	1.9969E-4
6110	-1.70868E-4
6112	-3.33426E-4
6114	-9.83948E-7
6116	2.47458E-4
6118	-3.901E-4
6120	1.01342E-4
6122	0.00105
6124	0.00193
6126	0.00216
6128	9.6611E-4
6130	-7.96448E-4
6132	-0.0016
6134	-0.00283
6136	-0.00419
6138	-0.00461
6140	-0.00585
6142	-0.00691
6144	-0.00734
6146	-0.00823
6148	-0.00927
6150	-0.01134
6152	-0.01412
6154	-0.01787
6156	-0.01967
6158	-0.01932
6160	-0.01735
6162	-0.01515
6164	-0.01366
6166	-0.0132
6168	-0.01237
6170	-0.0113
6172	-0.00989
6174	-0.00921
6176	-0.00906
6178	-0.00887
6180	-0.00816
6182	-0.0071
6184	-0.00709
6186	-0.00716
6188	-0.00689
6190	-0.00707
6192	-0.00657
6194	-0.00698
6196	-0.00795
6198	-0.0075
6200	-0.00758
6202	-0.00712
6204	-0.00729
6206	-0.00794
6208	-0.00676
6210	-0.00502
6212	-0.00339
6214	-0.00136
6216	-3.87317E-4
6218	-0.00104
6220	-7.80817E-4
6222	-3.43567E-4
6224	-3.31317E-4
6226	-0.00182
6228	-0.00212
6230	-0.00234
6232	-0.00138
6234	-0.00128
6236	-0.00218
6238	-0.00424
6240	-0.00554
6242	-0.00601
6244	-0.00626
6246	-0.00509
6248	-0.00422
6250	-0.00448
6252	-0.00482
6254	-0.00384
6256	-0.00307
6258	-0.0028
6260	-0.00218
6262	-0.00186
6264	-8.10317E-4
6266	-1.01067E-4
6268	0.00102
6270	0.00111
6272	-4.30317E-4
6274	-5.55067E-4
6276	1.57183E-4
6278	8.25433E-4
6280	2.46683E-4
6282	-4.03066E-4
6284	1.83184E-4
6286	4.29434E-4
6288	5.24684E-4
6290	5.00934E-4
6292	1.51836E-5
6294	-1.65566E-4
6296	0.00104
6298	0.00146
6300	0.00131
6302	0.00157
6304	5.25684E-4
6306	4.46934E-4
6308	3.27184E-4
6310	9.57434E-4
6312	9.70684E-4
6314	4.33934E-4
6316	0.00111
6318	0.0018
6320	0.00222
6322	0.0018
6324	0.00147
6326	4.24434E-4
6328	1.66841E-5
6330	-1.68066E-4
6332	9.26184E-4
6334	0.00108
6336	1.77684E-4
6338	-5.52066E-4
6340	-5.85816E-4
6342	-0.00136
6344	-0.00259
6346	-0.00316
6348	-0.00367
6350	-0.0044
6352	-0.00286
6354	-0.00117
6356	-3.27816E-4
6358	5.73434E-4
6360	-4.71315E-4
6362	-0.00121
6364	-0.00217
6366	-0.00303
6368	-0.00267
6370	-0.00195
6372	-0.00159
6374	-8.33565E-4
6376	-2.65315E-4
6378	3.08935E-4
6380	9.71185E-4
6382	9.36435E-4
6384	5.18685E-4
6386	6.03935E-4
6388	5.56185E-4
6390	-2.23565E-4
6392	-8.65315E-4
6394	-0.00142
6396	-0.0011
6398	-0.00154
6400	-0.00184
6402	-0.00114
6404	-3.86815E-4
6406	-5.55649E-5
6408	-4.21315E-4
6410	-0.00196
6412	-0.00202
6414	-0.00227
6416	-0.00211
6418	-0.00197
6420	-0.0022
6422	-0.00236
6424	-0.00218
6426	-0.00197
6428	-0.00183
6430	-0.00103
6432	-0.00112
6434	-0.00159
6436	-0.00168
6438	-0.00134
6440	2.96686E-4
6442	0.00173
6444	0.00136
6446	0.001
6448	-1.88314E-4
6450	1.01936E-4
6452	8.46186E-4
6454	0.00182
6456	0.00354
6458	0.00385
6460	0.00375
6462	0.00457
6464	0.00548
6466	0.00526
6468	0.0052
6470	0.0047
6472	0.00327
6474	0.00343
6476	0.00351
6478	0.00358
6480	0.00356
6482	0.00315
6484	0.00204
6486	0.00129
6488	-4.03138E-5
6490	-5.07064E-4
6492	-9.64814E-4
6494	-0.00138
6496	-0.00111
6498	-0.00181
6500	-0.00241
6502	-0.0022
6504	-0.00185
6506	-0.00149
6508	-6.17814E-4
6510	-1.56564E-4
6512	-3.93135E-5
6514	0.00118
6516	7.50187E-4
6518	7.68437E-4
6520	0.00136
6522	0.00176
6524	0.00271
6526	0.00178
6528	0.00214
6530	0.00234
6532	0.00221
6534	0.00212
6536	0.0026
6538	0.00199
6540	0.00122
6542	0.00119
6544	7.41687E-4
6546	9.15937E-4
6548	0.00108
6550	9.47437E-4
6552	0.0013
6554	0.00174
6556	0.00132
6558	4.75914E-4
6560	-2.17978E-4
6562	-4.16871E-4
6564	-4.34763E-4
6566	-2.11656E-4
6568	-6.03548E-4
6570	-2.03441E-4
6572	7.70667E-4
6574	0.00113
6576	7.83881E-4
6578	0.00106
6580	0.0012
6582	0.00149
6584	7.92311E-4
6586	1.83419E-4
6588	-6.49474E-4
6590	-0.00161
6592	-0.0023
6594	-0.00143
6596	-3.15044E-4
6598	0.0011
6600	0.00193
6602	7.32278E-4
6604	5.33858E-5
6606	8.08493E-4
6608	0.00192
6610	0.00202
6612	0.00136
6614	0.00156
6616	0.00129
6618	8.59138E-4
6620	0.00115
6622	0.00107
6624	0.00157
6626	0.00108
6628	8.43471E-4
6630	7.59786E-4
6632	5.51005E-5
6634	-1.67585E-4
6636	2.3273E-4
6638	4.62045E-4
6640	-3.9164E-4
6642	-0.0014
6644	-0.00184
6646	-0.00214
6648	-9.1938E-4
6650	-9.90651E-5
6652	-4.5575E-4
6654	2.54565E-4
6656	5.4088E-4
6658	-4.69805E-4
6660	-4.3349E-4
6662	4.37824E-4
6664	7.33139E-4
6666	-1.15456E-5
6668	-1.81231E-4
6670	1.40842E-5
6672	-7.79601E-4
6674	-0.00289
6676	-0.00372
6678	-0.00353
6680	-0.00248
6682	-9.87026E-4
6684	6.06289E-4
6686	0.00183
6688	0.00217
6690	0.00227
6692	0.00247
6694	0.00354
6696	0.00348
6698	0.00335
6700	0.00257
6702	0.00173
6704	0.00182
6706	0.00147
6708	0.00184
6710	0.00138
6712	2.86575E-4
6714	-7.34485E-4
6716	-6.80545E-4
6718	-5.34605E-4
6720	-7.05665E-4
6722	-5.20725E-4
6724	-7.73785E-4
6726	-0.00138
6728	-0.00327
6730	-0.00494
6732	-0.00591
6734	-0.00543
6736	-0.00512
6738	-0.00524
6740	-0.0048
6742	-0.00541
6744	-0.00722
6746	-0.00918
6748	-0.00912
6750	-0.00989
6752	-0.01186
6754	-0.01375
6756	-0.01479
6758	-0.01435
6760	-0.01366
6762	-0.01318
6764	-0.01084
6766	-0.00963
6768	-0.01056
6770	-0.01173
6772	-0.01205
6774	-0.01242
6776	-0.01233
6778	-0.01071
6780	-0.01022
6782	-0.00939
6784	-0.0095
6786	-0.00916
6788	-0.0074
6790	-0.00574
6792	-0.00548
6794	-0.00458
6796	-0.00245
6798	-0.00172
6800	-0.00187
6802	-0.00211
6804	-0.00171
6806	-0.00169
6808	-0.00116
6810	-0.00123
6812	-6.70081E-4
6814	-5.7914E-4
6816	-8.002E-4
6818	-0.00217
6820	-0.0015
6822	-0.00106
6824	-0.00112
6826	-9.39498E-4
6828	-0.00132
6830	-3.2874E-4
6832	-5.90167E-4
6834	-4.20594E-4
6836	-6.81021E-4
6838	-0.00135
6840	-0.00195
6842	-0.00243
6844	-0.00208
6846	-0.00202
6848	-0.00249
6850	-0.00325
6852	-0.00395
6854	-0.00392
6856	-0.00408
6858	-0.00345
6860	-0.00294
6862	-0.00274
6864	-0.00167
6866	-3.17424E-4
6868	1.97149E-4
6870	-8.32779E-5
6872	-7.39705E-4
6874	-0.00146
6876	-0.00107
6878	-0.00122
6880	-9.92412E-4
6882	-2.78839E-4
6884	2.50734E-4
6886	0.00112
6888	7.2588E-4
6890	1.14532E-5
6892	-1.45974E-4
6894	-0.00143
6896	-0.00269
6898	-0.00234
6900	-0.00157
6902	-0.0011
6904	-6.84706E-4
6906	-0.00107
6908	-0.00236
6910	-0.0033
6912	-0.00383
6914	-0.0032
6916	-0.00324
6918	-0.00272
6920	-0.00226
6922	-0.00306
6924	-0.00296
6926	-0.00319
6928	-0.00242
6930	-0.0011
6932	-0.00103
6934	-0.00159
6936	-0.00108
6938	-9.14723E-4
6940	-0.00101
6942	-0.00134
6944	-5.91608E-4
6946	-0.00178
6948	-0.00191
6950	-0.0017
6952	-0.00137
6954	-0.00285
6956	-0.00335
6958	-0.00241
6960	-0.00238
6962	-0.00285
6964	-0.00264
6966	-0.0028
6968	-0.00235
6970	-3.43445E-4
6972	6.6826E-4
6974	0.00203
6976	9.71669E-4
6978	0.00114
6980	8.50079E-4
6982	-0.00118
6984	-0.00198
6986	-0.0022
6988	-0.00298
6990	-0.00321
6992	-0.002
6994	-0.00159
6996	-0.00252
6998	-0.00351
7000	-0.00498
7002	-0.00544
7004	-0.0048
7006	-0.0039
7008	-0.00332
7010	-0.00261
7012	-0.00107
7014	-2.16938E-4
7016	1.00767E-4
7018	4.11472E-4
7020	-2.19824E-4
7022	7.08812E-5
7024	3.24586E-4
7026	3.3291E-5
7028	-2.10042E-5
7030	5.21701E-4
7032	8.17406E-4
7034	7.2711E-4
7036	3.79815E-4
7038	8.55201E-5
7040	-1.28775E-4
7042	-6.80701E-5
7044	-0.00163
7046	-0.00242
7048	-0.00191
7050	-0.00142
7052	-0.00131
7054	-0.00186
7056	-0.00295
7058	-0.00193
7060	-0.00104
7062	-0.00165
7064	-6.23317E-4
7066	-9.66612E-4
7068	-0.00352
7070	-0.00511
7072	-0.00584
7074	-0.00623
7076	-0.00634
7078	-0.0064
7080	-0.00614
7082	-0.00654
7084	-0.00587
7086	-0.00499
7088	-0.00426
7090	-0.00304
7092	-0.00121
7094	7.10256E-4
7096	2.80961E-4
7098	0.00157
7100	0.00233
7102	0.00161
7104	-5.64219E-4
7106	-0.00201
7108	-0.00226
7110	-0.00161
7112	-0.00119
7114	-0.00153
7116	-0.00238
7118	-0.00229
7120	-0.00278
7122	-0.00439
7124	-0.0055
7126	-0.00546
7128	-0.00469
7130	-0.00522
7132	-0.00441
7134	-0.00383
7136	-0.00413
7138	-0.00417
7140	-0.00297
7142	-0.00247
7144	-0.00169
7146	-0.00226
7148	-0.00213
7150	-0.00158
7152	-4.66303E-4
7154	-0.00144
7156	-0.00187
7158	-0.00137
7160	-0.00121
7162	-4.10778E-4
7164	-1.04074E-4
7166	-1.32369E-4
7168	3.47336E-4
7170	5.67041E-4
7172	7.89746E-4
7174	0.00123
7176	0.00216
7178	0.00101
7180	0.00134
7182	0.0013
7184	0.00105
7186	9.0668E-4
7188	6.96385E-4
7190	-2.9691E-4
7192	1.44795E-4
7194	2.62499E-4
7196	6.70204E-4
7198	7.28909E-4
7200	0.00111
7202	0.0023
7204	0.00252
7206	0.00304
7208	0.00367
7210	0.00313
7212	0.00223
7214	0.00339
7216	0.00419
7218	0.00245
7220	0.00139
7222	0.00164
7224	0.00224
7226	0.00166
7228	7.39482E-4
7230	3.31187E-4
7232	-7.38108E-4
7234	-0.002
7236	-0.00115
7238	8.66006E-4
7240	0.00126
7242	0.00289
7244	0.00311
7246	0.00194
7248	0.0022
7250	0.0018
7252	0.00236
7254	0.00383
7256	0.00422
7258	0.0032
7260	0.0025
7262	0.00153
7264	0.001
7266	0.00106
7268	0.0012
7270	0.00102
7272	0.00118
7274	0.00133
7276	2.88095E-4
7278	-3.69733E-4
7280	-6.12561E-4
7282	-6.92388E-4
7284	-6.86216E-4
7286	-0.00114
7288	-3.97872E-4
7290	-3.157E-4
7292	-9.47528E-4
7294	-5.74356E-4
7296	2.35816E-4
7298	4.10988E-4
7300	-8.28399E-5
7302	-8.13668E-4
7304	-3.43496E-4
7306	-2.77324E-4
7308	-9.06152E-4
7310	-0.00134
7312	-0.00252
7314	-0.00193
7316	-0.00171
7318	-0.00112
7320	-3.54707E-4
7322	-3.06926E-4
7324	3.25854E-4
7326	4.85635E-4
7328	-0.00151
7330	-0.00474
7332	-0.00699
7334	-0.00685
7336	-0.00742
7338	-0.00795
7340	-0.00678
7342	-0.00629
7344	-0.00675
7346	-0.00625
7348	-0.00635
7350	-0.00759
7352	-0.009
7354	-0.01215
7356	-0.0148
7358	-0.01525
7360	-0.01429
7362	-0.01278
7364	-0.01166
7366	-0.01098
7368	-0.01104
7370	-0.01044
7372	-0.00879
7374	-0.00685
7376	-0.00482
7378	-0.004
7380	-0.00438
7382	-0.00297
7384	-0.00156
7386	-0.00152
7388	-0.0024
7390	-0.00396
7392	-0.00456
7394	-0.00364
7396	-0.00316
7398	-0.00227
7400	-0.00153
7402	-0.00132
7404	-0.00127
7406	-0.00126
7408	-0.00101
7410	-3.37519E-4
7412	-2.32762E-4
7414	-6.67004E-4
7416	-6.41246E-4
7418	-0.00106
7420	-6.06731E-4
7422	-4.14974E-4
7424	6.62784E-4
7426	0.00195
7428	0.00176
7430	0.00226
7432	0.00247
7434	0.00214
7436	0.00133
7438	4.90869E-5
7440	-7.03156E-4
7442	-2.64398E-4
7444	2.33596E-5
7446	-2.97883E-4
7448	-0.001
7450	-4.78368E-4
7452	5.7439E-4
7454	0.00104
7456	0.00172
7458	0.00157
7460	0.00119
7462	6.3166E-4
7464	-0.0012
7466	-0.0021
7468	-0.0023
7470	-0.00167
7472	-0.00164
7474	-0.00218
7476	-0.00369
7478	-0.00394
7480	-0.003
7482	-0.00249
7484	-0.00126
7486	-2.35854E-4
7488	2.0603E-5
7490	0.00158
7492	0.0023
7494	0.00321
7496	0.00387
7498	0.00263
7500	0.00139
7502	5.06803E-4
7504	2.7226E-4
7506	-7.79283E-4
7508	-5.81825E-4
7510	-2.84368E-4
7512	-0.00167
7514	-0.00199
7516	-0.0034
7518	-0.00404
7520	-0.00297
7522	-0.00238
7524	-0.00238
7526	-0.00185
7528	-0.00132
7530	-7.48797E-4
7532	-1.92339E-4
7534	-9.15882E-4
7536	-0.00227
7538	-0.00278
7540	-0.00254
7542	-0.00202
7544	-0.00131
7546	-0.00145
7548	-0.00141
7550	-0.00111
7552	-0.00129
7554	-0.00114
7556	-0.00142
7558	-0.0015
7560	-0.00158
7562	-0.0029
7564	-0.0027
7566	-0.00252
7568	-0.00297
7570	-0.00333
7572	-0.00412
7574	-0.00318
7576	-0.00292
7578	-0.00266
7580	-0.00235
7582	-0.00237
7584	-0.00283
7586	-0.00187
7588	-0.00153
7590	-0.00172
7592	-0.00153
7594	-0.00149
7596	-0.00213
7598	-0.00176
7600	-0.00198
7602	-0.00185
7604	-0.00329
7606	-0.00378
7608	-0.0034
7610	-0.00392
7612	-0.00362
7614	-0.00322
7616	-0.00246
7618	-0.00206
7620	-0.00102
7622	3.46233E-4
7624	8.9469E-4
7626	0.00122
7628	3.58604E-4
7630	-4.21939E-4
7632	-0.00103
7634	-0.00106
7636	-3.87567E-4
7638	-1.2611E-4
7640	6.12347E-4
7642	0.00163
7644	0.00147
7646	0.00131
7648	7.44176E-4
7650	1.85633E-4
7652	-1.3891E-4
7654	3.63547E-4
7656	6.18005E-4
7658	3.09462E-4
7660	-2.82081E-4
7662	-5.40624E-4
7664	-0.00113
7666	-0.00163
7668	-0.00112
7670	-0.00169
7672	-0.00135
7674	-0.0019
7676	-0.00251
7678	-0.00323
7680	-0.00448
7682	-0.00483
7684	-0.00498
7686	-0.00476
7688	-0.00461
7690	-0.00409
7692	-0.00378
7694	-0.00354
7696	-0.00269
7698	-0.00267
7700	-0.00196
7702	-0.00263
7704	-0.00322
7706	-0.00288
7708	-0.00297
7710	-0.00322
7712	-0.00341
7714	-0.00284
7716	-0.0035
7718	-0.00255
7720	-0.00153
7722	-0.00113
7724	-6.26452E-4
7726	5.15005E-4
7728	9.16462E-4
7730	0.00142
7732	7.49377E-4
7734	2.44834E-4
7736	5.21291E-4
7738	6.35748E-4
7740	1.77205E-4
7742	-2.26338E-4
7744	-1.0688E-4
7746	1.25577E-4
7748	4.20034E-4
7750	-1.23509E-4
7752	-2.69052E-4
7754	-2.59595E-4
7756	-9.03137E-4
7758	-5.9368E-4
7760	5.24777E-4
7762	8.03234E-4
7764	4.53691E-4
7766	0.00122
7768	0.00161
7770	9.92063E-4
7772	9.2452E-4
7774	6.42977E-4
7776	1.45434E-4
7778	6.65891E-4
7780	0.00181
7782	9.10806E-4
7784	1.13263E-4
7786	1.8372E-4
7788	9.82177E-4
7790	9.08634E-4
7792	3.63092E-4
7794	0.00173
7796	0.00262
7798	0.00277
7800	0.00194
7802	0.00199
7804	0.00258
7806	0.00246
7808	0.00222
7810	1.7585E-4
7812	-8.48701E-4
7814	-7.74252E-4
7816	-9.61804E-4
7818	-0.00181
7820	-0.00352
7822	-0.00339
7824	-0.0031
7826	-0.00327
7828	-0.0032
7830	-0.00309
7832	-0.00257
7834	-0.00173
7836	-0.00217
7838	-0.00241
7840	-6.76419E-4
7842	3.7503E-4
7844	2.06479E-4
7846	0.00226
7848	0.00259
7850	0.00211
7852	0.00251
7854	0.00158
7856	7.29171E-4
7858	-7.3238E-4
7860	-8.05931E-4
7862	-5.84483E-4
7864	1.71966E-4
7866	-2.94585E-4
7868	-0.00134
7870	-5.79688E-4
7872	-2.0239E-5
7874	-3.2979E-4
7876	-8.40655E-4
7878	-4.80383E-4
7880	0.00106
7882	0.00227
7884	0.00171
7886	7.54706E-4
7888	2.16978E-4
7890	0.0011
7892	0.00166
7894	0.00276
7896	0.00239
7898	7.69339E-4
7900	-8.14389E-4
7902	-0.00183
7904	-0.00246
7906	-0.00286
7908	-0.00316
7910	-0.00326
7912	-0.00271
7914	-0.00302
7916	-0.00342
7918	-0.0024
7920	-0.00209
7922	-0.00162
7924	-0.00134
7926	-0.00149
7928	-0.00316
7930	-0.00427
7932	-0.00581
7934	-0.00679
7936	-0.00696
7938	-0.00611
7940	-0.00561
7942	-0.00531
7944	-0.00403
7946	-0.00417
7948	-0.00494
7950	-0.00586
7952	-0.00645
7954	-0.00715
7956	-0.00711
7958	-0.00645
7960	-0.00502
7962	-0.00356
7964	-0.00296
7966	-0.00312
7968	-0.00308
7970	-0.00321
7972	-0.00246
7974	-0.00199
7976	-0.00223
7978	-0.00231
7980	-0.00139
7982	-0.00165
7984	-0.00228
7986	-0.00255
7988	-0.00301
7990	-0.00224
7992	-0.00249
7994	-8.66519E-4
7996	-1.99644E-4
7998	-8.47769E-4
8000	2.56107E-4
8002	4.39982E-4
8004	0.00139
8006	0.00153
8008	8.39607E-4
8010	0.0023
8012	0.00292
8014	0.00223
8016	0.00161
8018	0.0019
8020	0.00144
8022	0.00151
8024	0.00169
8026	0.00115
8028	9.54137E-4
8030	9.29958E-4
8032	0.00236
8034	0.00313
8036	0.00352
8038	0.00551
8040	0.00621
8042	0.00626
8044	0.00636
8046	0.00661
8048	0.00757
8050	0.0064
8052	0.00588
8054	0.00404
8056	0.00361
8058	0.00243
8060	0.00308
8062	0.0028
8064	0.00194
8066	0.00241
8068	0.00253
8070	0.00279
8072	0.00288
8074	0.00142
8076	8.13838E-4
8078	0.00146
8080	9.3148E-4
8082	0.00145
8084	0.00245
8086	0.00316
8088	0.00401
8090	0.00405
8092	0.00385
8094	0.00394
8096	0.00419
8098	0.00346
8100	0.00454
8102	0.00437
8104	0.00358
8106	0.00344
8108	0.00373
8110	0.00391
8112	0.00392
8114	0.00257
8116	0.00214
8118	0.00284
8120	0.00309
8122	0.00221
8124	0.00126
8126	6.23361E-4
8128	0.00134
8130	0.00141
8132	0.00135
8134	0.00208
8136	0.00289
8138	0.00349
8140	0.00348
8142	0.00326
8144	0.00344
8146	0.00284
8148	0.0028
8150	0.00261
8152	0.0022
8154	0.00339
8156	0.00429
8158	0.00445
8160	0.00439
8162	0.00254
8164	4.64958E-4
8166	-5.77221E-4
8168	2.39599E-4
8170	-3.6358E-4
8172	-9.35759E-4
8174	-8.25938E-4
8176	-0.00112
8178	-0.00215
8180	-0.00246
8182	-0.00246
8184	-0.00247
8186	-0.00395
8188	-0.00524
8190	-0.00517
8192	-0.00379
8194	-0.00261
8196	-0.00144
8198	-3.26087E-4
8200	4.98734E-4
8202	1.55547E-5
8204	9.53756E-5
8206	0.00232
8208	0.00237
8210	0.00114
8212	5.40659E-4
8214	7.7448E-4
8216	0.00137
8218	0.00161
8220	0.00121
8222	0.00249
8224	0.00412
8226	0.00377
8228	0.00296
8230	0.00365
8232	0.00398
8234	0.00438
8236	0.00469
8238	0.00444
8240	0.00499
8242	0.00574
8244	0.00589
8246	0.00476
8248	0.00511
8250	0.0057
8252	0.00551
8254	0.00548
8256	0.00455
8258	0.00441
8260	0.0046
8262	0.005
8264	0.00574
8266	0.00417
8268	0.00374
8270	0.00397
8272	0.00373
8274	0.00229
8276	9.39928E-4
8278	8.60749E-4
8280	0.00113
8282	0.00113
8284	0.001
8286	0.00158
8288	4.32853E-4
8290	2.67674E-4
8292	5.86495E-4
8294	-4.39684E-4
8296	-0.00154
8298	-0.00187
8300	-0.00252
8302	-4.57401E-4
8304	0.00162
8306	0.00298
8308	0.00407
8310	0.005
8312	0.00622
8314	0.00611
8316	0.00603
8318	0.00566
8320	0.00585
8322	0.00566
8324	0.00599
8326	0.00566
8328	0.00384
8330	0.00349
8332	0.00349
8334	0.00321
8336	0.00219
8338	0.00178
8340	0.00133
8342	0.00135
8344	5.42838E-4
8346	5.96659E-4
8348	0.00104
8350	0.00143
8352	0.0023
8354	0.00162
8356	0.00176
8358	0.00133
8360	-4.64595E-4
8362	-0.00185
8364	-0.00321
8366	-0.0039
8368	-0.00474
8370	-0.0054
8372	-0.00512
8374	-0.00385
8376	-0.00266
8378	-0.00174
8380	-0.00151
8382	-0.00126
8384	-0.0014
8386	-0.00262
8388	-0.00313
8390	-0.00276
8392	-0.00149
8394	-0.00119
8396	-6.96936E-4
8398	-4.53651E-4
8400	-6.68367E-4
8402	-9.86082E-4
8404	-0.00113
8406	-4.76513E-4
8408	0.00117
8410	0.00104
8412	5.1341E-5
8414	-9.39374E-4
8416	-5.4009E-4
8418	-1.51805E-4
8420	7.66479E-4
8422	1.53764E-4
8424	-0.00118
8426	-0.00143
8428	-5.48382E-4
8430	2.61902E-4
8432	-3.59864E-4
8434	-5.05882E-4
8436	-4.289E-4
8438	8.28082E-4
8440	0.0011
8442	2.58045E-4
8444	-4.29733E-5
8446	1.62008E-4
8448	-2.6701E-4
8450	2.97972E-4
8452	-2.25047E-4
8454	-6.28065E-4
8456	2.35917E-4
8458	8.76899E-4
8460	0.00143
8462	0.0015
8464	6.38437E-5
8466	-0.00117
8468	-0.00166
8470	-0.00127
8472	-4.5423E-4
8474	4.46752E-4
8476	0.00174
8478	0.00178
8480	0.00159
8482	0.00175
8484	0.00171
8486	0.00208
8488	0.00152
8490	9.88606E-4
8492	1.10588E-4
8494	-9.94308E-5
8496	1.25551E-4
8498	-6.80467E-4
8500	-0.00132
8502	-0.00133
8504	1.09423E-4
8506	0.00113
8508	0.00105
8510	0.00118
8512	0.00187
8514	0.00178
8516	0.0018
8518	0.00202
8520	0.00262
8522	0.0027
8524	0.00284
8526	0.00299
8528	0.00121
8530	-2.03456E-5
8532	-0.00192
8534	-0.00222
8536	-0.00111
8538	-0.00153
8540	-0.00223
8542	-0.00234
8544	-0.00277
8546	-0.00369
8548	-0.00445
8550	-0.00476
8552	-0.00725
8554	-0.01025
8556	-0.01178
8558	-0.01301
8560	-0.01154
8562	-0.00994
8564	-0.00941
8566	-0.0097
8568	-0.00996
8570	-0.00816
8572	-0.00573
8574	-0.00501
8576	-0.00447
8578	-0.0034
8580	-0.00423
8582	-0.00458
8584	-0.00506
8586	-0.00526
8588	-0.00576
8590	-0.00545
8592	-0.00412
8594	-0.00396
8596	-0.005
8598	-0.00458
8600	-0.00383
8602	-0.00299
8604	-0.00257
8606	-0.00175
8608	-0.00164
8610	-0.00155
8612	-0.00302
8614	-0.0036
8616	-0.00397
8618	-0.00372
8620	-0.00326
8622	-0.00285
8624	-0.00296
8626	-0.00237
8628	-0.00151
8630	-3.02938E-4
8632	-0.0016
8634	-0.00245
8636	-0.00241
8638	-0.00271
8640	-0.00162
8642	-3.72948E-4
8644	4.64623E-4
8646	6.50194E-4
8648	1.07653E-5
8650	-4.76664E-4
8652	-7.65093E-4
8654	-0.00268
8656	-0.00291
8658	-0.00203
8660	-0.00184
8662	-4.84238E-4
8664	2.85333E-4
8666	4.15904E-4
8668	5.51475E-4
8670	-2.39541E-5
8672	7.69617E-4
8674	3.90188E-4
8676	-5.46241E-4
8678	-3.0567E-4
8680	5.10901E-4
8682	-8.69528E-4
8684	-0.00207
8686	-0.00246
8688	-0.002
8690	-0.00126
8692	-9.39673E-4
8694	1.86898E-4
8696	8.46856E-6
8698	-0.00104
8700	-0.00234
8702	-0.00386
8704	-0.00443
8706	-0.00493
8708	-0.00501
8710	-0.00428
8712	-0.0047
8714	-0.00474
8716	-0.00473
8718	-0.00549
8720	-0.00514
8722	-0.00516
8724	-0.00314
8726	-0.00236
8728	-0.00183
8730	-0.00166
8732	-0.00161
8734	-0.00151
8736	-0.00142
8738	-0.00151
8740	-0.00242
8742	-0.00294
8744	-0.00252
8746	-0.00201
8748	-0.00207
8750	-0.00304
8752	-0.0025
8754	-0.00123
8756	-8.2648E-4
8758	-8.38496E-4
8760	-9.13513E-4
8762	-6.20529E-4
8764	-5.53545E-4
8766	-4.57562E-4
8768	-3.52578E-4
8770	-0.00113
8772	-0.00202
8774	-0.00248
8776	-0.00255
8778	-0.00338
8780	-0.00301
8782	-0.00249
8784	-0.00326
8786	-0.00433
8788	-0.00477
8790	-0.00434
8792	-0.00318
8794	-0.00224
8796	-0.00132
8798	-5.97824E-4
8800	-5.3684E-4
8802	0.00111
8804	7.42127E-4
8806	2.19111E-4
8808	-8.89054E-5
8810	-0.0017
8812	-9.80938E-4
8814	-0.00144
8816	-0.00285
8818	-0.00338
8820	-0.0028
8822	-0.00299
8824	-0.00333
8826	-0.00356
8828	-0.0028
8830	-0.00283
8832	-0.00256
8834	-0.00213
8836	-0.00143
8838	-0.00163
8840	-0.00233
8842	-0.0017
8844	-0.00308
8846	-0.00242
8848	-0.00218
8850	-0.00222
8852	-0.00167
8854	-0.00155
8856	-0.00129
8858	-0.00154
8860	-0.00249
8862	-0.00143
8864	9.21636E-4
8866	0.00216
8868	0.00271
8870	0.00242
8872	0.00267
8874	0.00195
8876	0.0018
8878	9.05522E-4
8880	3.05053E-5
8882	-3.49511E-4
8884	-0.00145
8886	-0.0023
8888	-0.00106
8890	3.86423E-4
8892	0.00268
8894	0.00481
8896	0.00564
8898	0.00525
8900	0.00476
8902	0.00344
8904	0.00141
8906	-4.27075E-5
8908	8.72762E-5
8910	0.0021
8912	0.00227
8914	0.00147
8916	0.00206
8918	0.0024
8920	0.00324
8922	0.00405
8924	0.00483
8926	0.0054
8928	0.00478
8930	0.0052
8932	0.00539
8934	0.00602
8936	0.00689
8938	0.00712
8940	0.0074
8942	0.00648
8944	0.00533
8946	0.0045
8948	0.00488
8950	0.00463
8952	0.00437
8954	0.00446
8956	0.00457
8958	0.00487
8960	0.00493
8962	0.00475
8964	0.00522
8966	0.00589
8968	0.00509
8970	0.00517
8972	0.00468
8974	0.00487
8976	0.0052
8978	0.00564
8980	0.00599
8982	0.00588
8984	0.00583
8986	0.00532
8988	0.00467
8990	0.00498
8992	0.00582
8994	0.00612
8996	0.00664
8998	0.00674
9000	0.00617
9002	0.00582
9004	0.00612
9006	0.00575
9008	0.00571
9010	0.00611
9012	0.00636
9014	0.0068
9016	0.00663
9018	0.00673
9020	0.00658
9022	0.00659
9024	0.00653
9026	0.00582
9028	0.00554
9030	0.00559
9032	0.00535
9034	0.00472
9036	0.00404
9038	0.00345
9040	0.00301
9042	0.00341
9044	0.00399
9046	0.00376
9048	0.00337
9050	0.00361
9052	0.00424
9054	0.00424
9056	0.00424
9058	0.00413
9060	0.00435
9062	0.00465
9064	0.00448
9066	0.00353
9068	0.00217
9070	0.00265
9072	0.00271
9074	0.00273
9076	0.00232
9078	0.00282
9080	0.0029
9082	0.00306
9084	0.00302
9086	0.00281
9088	0.00309
9090	0.00215
9092	8.00571E-4
9094	5.80203E-4
9096	6.53835E-4
9098	-0.00102
9100	-0.00114
9102	-0.00141
9104	-0.00113
9106	-0.00104
9108	9.96247E-5
9110	0.00119
9112	0.00168
9114	0.00159
9116	8.14151E-4
9118	1.18783E-4
9120	-1.69585E-4
9122	1.05046E-4
9124	0.00114
9126	6.7131E-4
9128	-1.28058E-4
9130	-9.88354E-4
9132	-0.0021
9134	-0.00303
9136	-0.00327
9138	-0.00243
9140	-0.00126
9142	-2.11439E-4
9144	-5.0612E-4
9146	-6.29801E-4
9148	-0.00211
9150	-0.00374
9152	-0.00578
9154	-0.00952
9156	-0.01154
9158	-0.01274
9160	-0.01349
9162	-0.0127
9164	-0.01157
9166	-0.01138
9168	-0.01142
9170	-0.01114
9172	-0.0118
9174	-0.01259
9176	-0.01287
9178	-0.01225
9180	-0.0116
9182	-0.00997
9184	-0.00859
9186	-0.00935
9188	-0.00941
9190	-0.00969
9192	-0.01035
9194	-0.0109
9196	-0.01178
9198	-0.01242
9200	-0.0129
9202	-0.01179
9204	-0.01093
9206	-0.00961
9208	-0.00892
9210	-0.00877
9212	-0.00842
9214	-0.00865
9216	-0.00838
9218	-0.00794
9220	-0.00815
9222	-0.00915
9224	-0.00888
9226	-0.00798
9228	-0.00762
9230	-0.0082
9232	-0.00954
9234	-0.01058
9236	-0.01093
9238	-0.01106
9240	-0.0112
9242	-0.01004
9244	-0.00856
9246	-0.00671
9248	-0.00467
9250	-0.00416
9252	-0.0028
9254	-0.00158
9256	-0.00127
9258	-8.49745E-4
9260	-0.00111
9262	-6.07428E-4
9264	-9.5977E-4
9266	-0.00152
9268	-0.00127
9270	-8.71882E-4
9272	-8.64871E-4
9274	-1.95859E-4
9276	-9.67848E-4
9278	-0.00166
9280	-0.00136
9282	-0.0021
9284	-0.00252
9286	-0.00262
9288	-0.00292
9290	-0.00235
9292	-0.00181
9294	-0.00157
9296	-0.00265
9298	-0.0032
9300	-0.00378
9302	-0.00468
9304	-0.00462
9306	-0.00387
9308	-0.00291
9310	-0.00214
9312	-0.0018
9314	-0.0033
9316	-0.00364
9318	-0.003
9320	-0.00261
9322	-0.00203
9324	-0.00167
9326	-0.00207
9328	-0.00307
9330	-0.00355
9332	-0.00332
9334	-0.00357
9336	-0.00323
9338	-0.00362
9340	-0.00362
9342	-0.00344
9344	-0.00281
9346	-0.00213
9348	-0.00252
9350	-0.00305
9352	-0.00249
9354	-0.00178
9356	-0.00249
9358	-0.00377
9360	-0.0038
9362	-0.00371
9364	-0.00477
9366	-0.004
9368	-0.00269
9370	-0.00236
9372	-0.00341
9374	-0.00317
9376	-0.00256
9378	-0.00326
9380	-0.00246
9382	-0.00148
9384	-0.00113
9386	-0.00146
9388	-0.0015
9390	-0.00104
9392	-0.00105
9394	-0.00133
9396	-0.00147
9398	-0.00259
9400	-0.00272
9402	-0.00296
9404	-0.00284
9406	-0.00273
9408	-0.0023
9410	-0.00225
9412	-0.00144
9414	-5.35063E-4
9416	-1.73052E-4
9418	-2.30041E-4
9420	8.61971E-4
9422	0.00204
9424	0.00265
9426	0.00228
9428	0.00223
9430	0.0026
9432	0.00318
9434	0.00255
9436	0.00185
9438	2.79073E-4
9440	-2.15915E-4
9442	-8.92904E-4
9444	-0.0016
9446	-0.00183
9448	-0.00192
9450	-0.00244
9452	-0.00271
9454	-0.00226
9456	-0.00208
9458	-0.00111
9460	-0.00139
9462	-0.00101
9464	-2.16779E-4
9466	-6.69768E-4
9468	-5.95756E-4
9470	-9.54745E-4
9472	-0.00181
9474	-0.00195
9476	-0.00143
9478	-0.00182
9480	-0.00288
9482	-0.00192
9484	-0.00124
9486	-0.0019
9488	-0.00211
9490	-0.00208
9492	-0.00255
9494	-0.00266
9496	-0.00238
9498	-9.29586E-4
9500	-7.50574E-4
9502	-1.86563E-4
9504	-0.00113
9506	-0.00226
9508	-0.00204
9510	-0.00193
9512	-0.00173
9514	-0.00208
9516	-0.0015
9518	-0.00126
9520	-9.39461E-4
9522	-0.00156
9524	-7.41438E-4
9526	-9.74426E-4
9528	-0.00166
9530	-0.00153
9532	2.00608E-4
9534	0.00168
9536	0.00137
9538	9.57642E-4
9540	0.00101
9542	7.94665E-4
9544	7.14676E-4
9546	-1.79313E-4
9548	-6.36301E-4
9550	-9.5629E-4
9552	-0.00144
9554	-0.00222
9556	-0.00187
9558	-0.00181
9560	-0.00141
9562	1.47778E-4
9564	0.00114
9566	0.0012
9568	3.68124E-5
9570	-8.71762E-5
9572	-5.97165E-4
9574	2.97847E-4
9576	0.0012
9578	3.43869E-4
9580	-6.31193E-5
9582	0.00111
9584	0.00207
9586	0.00191
9588	0.00227
9590	6.89938E-4
9592	-5.96051E-4
9594	-0.00248
9596	-0.00447
9598	-0.00488
9600	-0.00517
9602	-0.00553
9604	-0.00486
9606	-0.00515
9608	-0.00446
9610	-0.00372
9612	-0.00277
9614	-0.0028
9616	-0.0024
9618	-0.00278
9620	-0.00273
9622	-0.00199
9624	-0.00121
9626	2.67978E-6
9628	-4.46013E-5
9630	-2.30882E-4
9632	9.46836E-4
9634	0.00165
9636	0.00295
9638	0.0035
9640	0.00294
9642	0.00303
9644	0.00259
9646	4.25869E-4
9648	-8.19413E-4
9650	-0.00177
9652	-0.00196
9654	-0.00304
9656	-0.00318
9658	-0.00334
9660	-0.00409
9662	-0.00535
9664	-0.00513
9666	-0.0047
9668	-0.00413
9670	-0.00244
9672	-0.00119
9674	-8.95067E-4
9676	-4.09348E-4
9678	-3.67629E-4
9680	6.0409E-4
9682	0.00108
9684	4.60527E-4
9686	1.09365E-4
9688	4.37796E-4
9690	-7.87732E-5
9692	-2.52342E-4
9694	-6.86911E-4
9696	-4.1948E-4
9698	-5.20493E-5
9700	-1.66183E-5
9702	-2.16187E-4
9704	-0.00106
9706	-0.00174
9708	-0.00115
9710	-0.00168
9712	-0.00253
9714	-0.00241
9716	-0.0025
9718	-0.00217
9720	-0.00157
9722	-0.00133
9724	-5.66447E-4
9726	-6.95016E-4
9728	-0.00181
9730	-0.00276
9732	-0.00365
9734	-0.00515
9736	-0.0055
9738	-0.00504
9740	-0.0049
9742	-0.00347
9744	-0.0031
9746	-0.0033
9748	-0.00377
9750	-0.00601
9752	-0.00707
9754	-0.00863
9756	-0.00943
9758	-0.00903
9760	-0.00809
9762	-0.00803
9764	-0.0091
9766	-0.01067
9768	-0.00991
9770	-0.01041
9772	-0.00996
9774	-0.00814
9776	-0.0074
9778	-0.00775
9780	-0.00839
9782	-0.00936
9784	-0.01044
9786	-0.01154
9788	-0.01069
9790	-0.01009
9792	-0.00906
9794	-0.00837
9796	-0.00734
9798	-0.00632
9800	-0.00538
9802	-0.00521
9804	-0.00537
9806	-0.00672
9808	-0.00727
9810	-0.00648
9812	-0.00604
9814	-0.00535
9816	-0.00454
9818	-0.00404
9820	-0.00369
9822	-0.0031
9824	-0.00325
9826	-0.00348
9828	-0.00153
9830	-9.46806E-4
9832	-0.0014
9834	-0.00227
9836	-0.00302
9838	-0.00369
9840	-0.00498
9842	-0.00658
9844	-0.00679
9846	-0.00643
9848	-0.00617
9850	-0.00521
9852	-0.00528
9854	-0.00503
9856	-0.00546
9858	-0.00613
9860	-0.00624
9862	-0.00494
9864	-0.00332
9866	-0.00256
9868	-0.00137
9870	-0.00114
9872	-6.00789E-4
9874	-6.25693E-4
9876	-0.00119
9878	-0.00229
9880	-0.00226
9882	-0.00136
9884	-0.00186
9886	-0.00221
9888	-0.00244
9890	-0.00233
9892	-0.00305
9894	-0.00374
9896	-0.00406
9898	-0.00387
9900	-0.00412
9902	-0.00389
9904	-0.00283
9906	-0.00167
9908	-4.8306E-4
9910	-7.45964E-4
9912	-9.10868E-4
9914	-0.00117
9916	-3.42676E-4
9918	-6.3358E-4
9920	-7.69484E-4
9922	-1.11388E-4
9924	4.27085E-5
9926	5.80454E-6
9928	-9.00994E-5
9930	3.22997E-4
9932	7.20927E-5
9934	-7.76811E-4
9936	-0.00159
9938	-0.00209
9940	-0.00351
9942	-0.0039
9944	-0.00311
9946	-0.002
9948	-0.00115
9950	-9.72043E-4
9952	-4.22947E-4
9954	-3.49851E-4
9956	-0.00145
9958	-0.00183
9960	-0.00208
9962	-0.00206
9964	-0.00197
9966	-0.00253
9968	-0.00354
9970	-0.00462
9972	-0.00424
9974	-0.00324
9976	-0.00256
9978	-0.00221
9980	-0.00217
9982	-0.00136
9984	-0.0021
9986	-0.00119
9988	-9.48218E-4
9990	-7.85122E-4
9992	-0.0011
9994	-5.5993E-4
9996	8.10166E-4
9998	5.64262E-4
10000	9.17358E-4
10002	9.83454E-4
10004	-5.1645E-4
10006	-7.81353E-4
10008	-9.47257E-4
10010	-0.0022
10012	-0.0023
10014	-0.002
10016	-7.44873E-4
10018	-4.11777E-4
10020	-0.00145
10022	-0.002
10024	-0.0013
10026	-0.00165
10028	-0.00168
10030	-0.00166
10032	-0.00233
10034	-0.00265
10036	-0.00297
10038	-0.00414
10040	-0.00508
10042	-0.00463
10044	-0.00428
10046	-0.00412
10048	-0.0044
10050	-0.00366
10052	-0.00256
10054	-0.00229
10056	-0.00157
10058	-0.00223
10060	-0.00239
10062	-0.00182
10064	-0.0022
10066	-0.00174
10068	-0.00151
10070	-7.2928E-4
10072	1.30816E-4
10074	7.91219E-6
10076	-8.56992E-4
10078	-6.19896E-4
10080	-1.978E-4
10082	5.80296E-4
10084	1.43924E-5
10086	-4.25512E-4
10088	-2.51415E-4
10090	-3.69319E-4
10092	-3.46223E-4
10094	-0.00118
10096	-0.00184
10098	-0.00124
10100	4.38161E-4
10102	8.10257E-4
10104	1.35353E-4
10106	-7.90551E-4
10108	-0.00135
10110	-0.00138
10112	-0.0012
10114	-0.00134
10116	-2.28071E-4
10118	7.10253E-5
10120	7.76121E-4
10122	3.76217E-4
10124	-9.66687E-4
10126	-3.29591E-4
10128	3.90506E-4
10130	2.46016E-5
10132	-8.87302E-4
10134	-3.02206E-4
10136	1.8189E-4
10138	-2.05014E-4
10140	-0.00127
10142	-0.00105
10144	-7.06726E-4
10146	-0.00112
10148	-9.80534E-4
10150	-6.74438E-4
10152	-4.68342E-4
10154	-7.08246E-4
10156	-0.00163
10158	-0.00331
10160	-0.00344
10162	-0.00222
10164	-0.00254
10166	-0.00152
10168	-0.00118
10170	2.68523E-4
10172	0.00183
10174	0.0016
10176	0.00146
10178	0.00124
10180	0.001
10182	0.00207
10184	0.00269
10186	0.00228
10188	0.0018
10190	0.00194
10192	0.00215
10194	0.00184
10196	0.00176
10198	5.62633E-4
10200	5.35864E-6
10202	-2.65916E-4
10204	-3.1419E-4
10206	-4.17464E-4
10208	5.13261E-4
10210	2.46987E-4
10212	4.22713E-4
10214	4.19439E-4
10216	-0.00121
10218	-0.00241
10220	-0.00225
10222	-0.00309
10224	-0.00199
10226	-0.00159
10228	-0.00126
10230	-5.08756E-4
10232	8.9697E-4
10234	0.00149
10236	0.00141
10238	1.34147E-4
10240	1.03873E-4
10242	-2.64017E-5
10244	-0.0016
10246	-0.00208
10248	-0.00281
10250	-0.00401
10252	-0.00373
10254	-0.00397
10256	-0.0031
10258	-0.00199
10260	-0.00189
10262	-0.00227
10264	-0.00214
10266	-0.00125
10268	2.75364E-5
10270	-1.94098E-4
10272	-7.65732E-4
10274	-5.72365E-4
10276	-4.28999E-4
10278	-4.77633E-4
10280	-0.00114
10282	-0.00115
10284	3.09465E-4
10286	0.00134
10288	0.00204
10290	0.00132
10292	0.00113
10294	7.35295E-4
10296	3.03661E-4
10298	4.78027E-4
10300	0.00115
10302	0.00148
10304	6.43125E-4
10306	-2.80509E-4
10308	-1.16143E-4
10310	7.35223E-4
10312	0.00109
10314	5.73949E-4
10316	1.07307E-4
10318	3.66664E-4
10320	0.00104
10322	0.00166
10324	0.00279
10326	6.42095E-4
10328	-0.00161
10330	-0.00438
10332	-0.0074
10334	-0.01001
10336	-0.01099
10338	-0.01225
10340	-0.01304
10342	-0.01216
10344	-0.01135
10346	-0.01119
10348	-0.01001
10350	-0.01043
10352	-0.011
10354	-0.01123
10356	-0.01217
10358	-0.01308
10360	-0.0131
10362	-0.01274
10364	-0.01186
10366	-0.01291
10368	-0.01298
10370	-0.01259
10372	-0.01178
10374	-0.01256
10376	-0.01263
10378	-0.01317
10380	-0.01388
10382	-0.01336
10384	-0.01356
10386	-0.0136
10388	-0.01327
10390	-0.01321
10392	-0.01329
10394	-0.0122
10396	-0.01208
10398	-0.0115
10400	-0.01084
10402	-0.01091
10404	-0.01023
10406	-0.00976
10408	-0.00953
10410	-0.00937
10412	-0.01009
10414	-0.01076
10416	-0.00997
10418	-0.01015
10420	-0.01025
10422	-0.01041
10424	-0.01032
10426	-0.01038
10428	-0.01034
10430	-0.01064
10432	-0.01134
10434	-0.01187
10436	-0.0121
10438	-0.01227
10440	-0.01302
10442	-0.01293
10444	-0.01288
10446	-0.01121
10448	-0.00997
10450	-0.0099
10452	-0.01058
10454	-0.00966
10456	-0.00918
10458	-0.00894
10460	-0.00887
10462	-0.00818
10464	-0.00819
10466	-0.0084
10468	-0.0076
10470	-0.00759
10472	-0.00762
10474	-0.00814
10476	-0.00806
10478	-0.00835
10480	-0.0084
10482	-0.00785
10484	-0.00783
10486	-0.00729
10488	-0.00684
10490	-0.00568
10492	-0.00634
10494	-0.00634
10496	-0.00544
10498	-0.00371
10500	-0.00317
10502	-0.00222
10504	-0.00266
10506	-0.00261
10508	-0.00208
10510	-0.00246
10512	-0.00337
10514	-0.00267
10516	-0.00209
10518	-9.69276E-4
10520	-0.00115
10522	-7.78327E-4
10524	-0.00114
10526	-0.00116
10528	-2.2833E-4
10530	5.08335E-4
10532	3.17001E-4
10534	-6.89334E-4
10536	-0.00129
10538	-0.0017
10540	-0.00103
10542	-9.90671E-4
10544	-0.00234
10546	-0.00199
10548	-0.00158
10550	-0.00231
10552	-0.00263
10554	-0.00307
10556	-0.00352
10558	-0.00467
10560	-0.00507
10562	-0.0047
10564	-0.00482
10566	-0.00527
10568	-0.00566
10570	-0.00623
10572	-0.00588
10574	-0.0057
10576	-0.0043
10578	-0.00251
10580	-0.0018
10582	-0.00266
10584	-0.00233
10586	-0.00219
10588	-0.0025
10590	-0.00276
10592	-0.00298
10594	-0.00265
10596	-0.00261
10598	-0.00226
10600	-0.00188
10602	-0.00118
10604	-6.78037E-4
10606	5.56291E-5
10608	-1.34705E-4
10610	2.5796E-4
10612	8.41626E-4
10614	6.51292E-4
10616	2.39957E-4
10618	-7.34377E-4
10620	-0.00224
10622	-0.00183
10624	-0.0022
10626	-0.00246
10628	-0.00162
10630	-0.0023
10632	-0.00224
10634	-0.00197
10636	-0.00254
10638	-0.00291
10640	-0.00285
10642	-0.00379
10644	-0.00398
10646	-0.0039
10648	-0.00338
10650	-0.00282
10652	-0.00195
10654	-5.61396E-4
10656	5.62698E-5
10658	2.30935E-4
10660	1.40601E-4
10662	4.17267E-4
10664	1.07932E-4
10666	8.13598E-4
10668	0.00188
10670	0.00237
10672	0.00257
10674	0.00173
10676	0.00112
10678	7.61592E-4
10680	0.00165
10682	0.0015
10684	0.00236
10686	0.00222
10688	0.0019
10690	0.00158
10692	0.00135
10694	0.00176
10696	0.00136
10698	0.00175
10700	0.00167
10702	6.87579E-4
10704	8.43245E-4
10706	0.00277
10708	0.00268
10710	0.00282
10712	0.0033
10714	0.00284
10716	0.00254
10718	0.00171
10720	0.00168
10722	0.00207
10724	0.00211
10726	0.00126
10728	0.00259
10730	0.00354
10732	0.00333
10734	0.00331
10736	0.00217
10738	0.00151
10740	8.78226E-4
10742	2.23892E-4
10744	-5.74443E-4
10746	-0.00105
10748	-0.0015
10750	-0.00238
10752	-0.00192
10754	-0.0016
10756	-0.0014
10758	-0.00121
10760	-2.83118E-4
10762	0.00132
10764	0.00137
10766	0.0016
10768	0.00224
10770	0.00323
10772	0.00294
10774	0.00316
10776	0.00352
10778	0.00264
10780	0.00181
10782	0.00194
10784	0.0017
10786	0.00178
10788	0.00141
10790	-8.19133E-4
10792	-0.00236
10794	-0.00235
10796	-0.0036
10798	-0.00515
10800	-0.00557
10802	-0.0054
10804	-0.00454
10806	-0.00473
10808	-0.00493
10810	-0.00529
10812	-0.00546
10814	-0.00667
10816	-0.00688
10818	-0.00691
10820	-0.00605
10822	-0.00529
10824	-0.00432
10826	-0.00141
10828	3.93514E-4
10830	0.00102
10832	0.00209
10834	0.00265
10836	0.0023
10838	0.00206
10840	0.00154
10842	8.91733E-5
10844	9.68389E-5
10846	0.00131
10848	0.00194
10850	0.00329
10852	0.00385
10854	0.00487
10856	0.00398
10858	0.00375
10860	0.00425
10862	0.00412
10864	0.00371
10866	0.00293
10868	0.00215
10870	0.00252
10872	0.00259
10874	0.00237
10876	7.87958E-4
10878	3.57798E-5
10880	-2.77398E-4
10882	-2.28576E-4
10884	-5.25754E-4
10886	2.24067E-4
10888	-4.33111E-4
10890	-9.16289E-4
10892	-6.50467E-4
10894	-7.05645E-4
10896	-7.33823E-4
10898	-6.12001E-4
10900	3.87821E-4
10902	0.00124
10904	9.85465E-4
10906	7.46287E-4
10908	1.14109E-4
10910	7.97931E-4
10912	8.03752E-4
10914	0.00114
10916	0.00177
10918	0.00203
10920	0.00116
10922	0.00146
10924	0.00186
10926	0.00251
10928	0.00208
10930	1.2615E-4
10932	-8.63028E-4
10934	-0.00207
10936	-0.00293
10938	-0.00217
10940	-0.00108
10942	-0.0013
10944	-0.00254
10946	-0.0032
10948	-0.00388
10950	-0.00436
10952	-0.00595
10954	-0.00669
10956	-0.00802
10958	-0.00832
10960	-0.00598
10962	-0.00515
10964	-0.00348
10966	-0.00374
10968	-0.00489
10970	-0.00531
10972	-0.00656
10974	-0.00777
10976	-0.00798
10978	-0.00774
10980	-0.00778
10982	-0.00805
10984	-0.00638
10986	-0.00598
10988	-0.00632
10990	-0.0072
10992	-0.00665
10994	-0.00731
10996	-0.00839
10998	-0.00825
11000	-0.00821
11002	-0.00821
11004	-0.00878
11006	-0.00952
11008	-0.0095
11010	-0.00907
11012	-0.00839
11014	-0.00903
11016	-0.00832
11018	-0.00722
11020	-0.0066
11022	-0.00521
11024	-0.00402
11026	-0.00302
11028	-0.00278
11030	-0.00387
11032	-0.00349
11034	-0.00314
11036	-0.00337
11038	-0.00381
11040	-0.00469
11042	-0.00589
11044	-0.00742
11046	-0.00801
11048	-0.00866
11050	-0.00957
11052	-0.01008
11054	-0.00891
11056	-0.00863
11058	-0.00875
11060	-0.00808
11062	-0.00771
11064	-0.00712
11066	-0.00614
11068	-0.00604
11070	-0.0056
11072	-0.0043
11074	-0.00408
11076	-0.0042
11078	-0.00437
11080	-0.00459
11082	-0.00423
11084	-0.00388
11086	-0.00307
11088	-0.00316
11090	-0.00348
11092	-0.00289
11094	-0.00173
11096	-0.00136
11098	-0.00114
11100	-0.00126
11102	-0.00101
11104	-5.3312E-4
11106	-4.55104E-4
11108	-5.90088E-4
11110	4.09284E-5
11112	-3.60555E-5
11114	-0.00107
11116	-0.00128
11118	-0.00104
11120	-4.83991E-4
11122	3.77025E-4
11124	9.06041E-4
11126	0.00163
11128	0.00158
11130	2.31089E-4
11132	-7.88947E-5
11134	3.83121E-4
11136	5.56138E-4
11138	4.31536E-5
11140	0.00125
11142	0.00155
11144	0.00133
11146	7.52218E-4
11148	-1.50766E-4
11150	-4.17499E-5
11152	3.32266E-4
11154	0.00104
11156	6.71298E-4
11158	4.82314E-4
11160	0.00144
11162	6.33347E-4
11164	3.43363E-4
11166	-1.60621E-4
11168	-8.69605E-4
11170	-0.0016
11172	-0.00235
11174	-0.00329
11176	-0.00455
11178	-0.0046
11180	-0.00537
11182	-0.00567
11184	-0.00716
11186	-0.00838
11188	-0.00919
11190	-0.00943
11192	-0.00848
11194	-0.0078
11196	-0.00755
11198	-0.0068
11200	-0.0063
11202	-0.00487
11204	-0.00307
11206	-0.00218
11208	-0.00125
11210	1.28733E-4
11212	0.00112
11214	8.24765E-4
11216	-4.48219E-4
11218	-0.00307
11220	-0.00355
11222	-0.00381
11224	-0.00308
11226	-0.00352
11228	-0.00384
11230	-0.00394
11232	-0.00398
11234	-0.00227
11236	-0.00124
11238	-0.00201
11240	-0.00302
11242	-0.00364
11244	-0.00277
11246	-0.00184
11248	-0.00246
11250	-0.00287
11252	-0.00223
11254	-0.00169
11256	-0.00113
11258	-2.58881E-4
11260	0.00105
11262	0.00191
11264	0.00134
11266	3.14183E-4
11268	1.04199E-4
11270	4.46215E-4
11272	0.00125
11274	0.00107
11276	0.00169
11278	0.00177
11280	6.43296E-4
11282	0.00132
11284	5.61328E-4
11286	8.67344E-4
11288	9.5336E-4
11290	7.09376E-4
11292	7.77392E-4
11294	3.04084E-5
11296	5.34245E-5
11298	0.00151
11300	0.00308
11302	0.00346
11304	0.00286
11306	0.00263
11308	0.00182
11310	0.00187
11312	0.00319
11314	0.00463
11316	0.00463
11318	0.00441
11320	0.00445
11322	0.00382
11324	0.00211
11326	3.48666E-4
11328	-7.17318E-4
11330	-8.51302E-4
11332	-0.00163
11334	-0.00171
11336	-0.00192
11338	-0.00226
11340	-0.00344
11342	-0.00311
11344	-0.00232
11346	-0.00225
11348	-0.00269
11350	-0.00233
11352	-5.48125E-4
11354	-2.79109E-4
11356	0.0012
11358	0.00153
11360	0.0024
11362	0.00306
11364	0.00348
11366	0.00341
11368	0.0031
11370	0.00353
11372	0.00246
11374	0.00173
11376	0.00166
11378	9.35084E-4
11380	0.00127
11382	0.00152
11384	0.00117
11386	0.00166
11388	0.00174
11390	0.00179
11392	0.00274
11394	0.00231
11396	0.00171
11398	0.00121
11400	8.31261E-4
11402	1.57277E-4
11404	0.00102
11406	1.61309E-4
11408	-3.78675E-4
11410	-7.29659E-4
11412	-0.00189
11414	-0.00248
11416	-0.00145
11418	-0.00155
11420	-0.002
11422	-0.00249
11424	-0.00278
11426	-0.0034
11428	-0.00383
11430	-0.00373
11432	-0.00384
11434	-0.00396
11436	-0.00516
11438	-0.00466
11440	-0.00355
11442	-0.00337
11444	-0.00363
11446	-0.00428
11448	-0.00385
11450	-0.00348
11452	-0.00212
11454	-8.4306E-4
11456	-7.38575E-4
11458	-8.05091E-4
11460	-0.00133
11462	-7.18122E-4
11464	-4.00637E-4
11466	-4.49153E-4
11468	-1.6684E-6
11470	7.30816E-4
11472	0.0018
11474	0.00235
11476	0.00197
11478	0.00215
11480	0.00145
11482	-2.66277E-4
11484	-2.61793E-4
11486	-2.70308E-4
11488	-0.00105
11490	-0.00173
11492	-0.00177
11494	-0.00205
11496	-0.00154
11498	-6.13561E-4
11500	-5.58395E-4
11502	9.77708E-5
11504	4.35937E-4
11506	2.12102E-4
11508	5.83268E-4
11510	7.53434E-4
11512	3.886E-4
11514	5.19766E-4
11516	8.15931E-4
11518	9.40972E-5
11520	-7.93737E-4
11522	-9.58571E-4
11524	-0.00194
11526	-0.0024
11528	-0.00271
11530	-0.00529
11532	-0.00696
11534	-0.00749
11536	-0.00789
11538	-0.00753
11540	-0.00648
11542	-0.00543
11544	-0.0045
11546	-0.00301
11548	-0.00263
11550	-0.0034
11552	-0.00338
11554	-0.00504
11556	-0.00656
11558	-0.00667
11560	-0.00649
11562	-0.00539
11564	-0.00533
11566	-0.00657
11568	-0.00673
11570	-0.00763
11572	-0.00784
11574	-0.00815
11576	-0.0085
11578	-0.00908
11580	-0.00876
11582	-0.00804
11584	-0.0078
11586	-0.00791
11588	-0.00794
11590	-0.0074
11592	-0.00759
11594	-0.00714
11596	-0.00609
11598	-0.00634
11600	-0.0055
11602	-0.00504
11604	-0.00479
11606	-0.00525
11608	-0.0058
11610	-0.00684
11612	-0.00721
11614	-0.0064
11616	-0.00693
11618	-0.00641
11620	-0.00561
11622	-0.00514
11624	-0.00438
11626	-0.00442
11628	-0.0032
11630	-0.00298
11632	-0.00225
11634	-0.00133
11636	-0.00172
11638	1.62398E-4
11640	3.33695E-5
11642	-2.01659E-4
11644	-3.81687E-4
11646	-0.001
11648	-0.00255
11650	-0.00354
11652	-0.00501
11654	-0.00602
11656	-0.00632
11658	-0.00616
11660	-0.00487
11662	-0.00363
11664	-0.00468
11666	-0.0038
11668	-0.00358
11670	-0.00428
11672	-0.00431
11674	-0.00429
11676	-0.00506
11678	-0.00526
11680	-0.00536
11682	-0.00631
11684	-0.00556
11686	-0.00486
11688	-0.00521
11690	-0.00556
11692	-0.00506
11694	-0.00517
11696	-0.00463
11698	-0.00287
11700	-0.00216
11702	-0.00271
11704	-0.00359
11706	-0.00379
11708	-0.00333
11710	-0.00255
11712	-0.00267
11714	-0.00253
11716	-0.00208
11718	-0.00134
11720	-3.45765E-4
11722	6.93206E-4
11724	0.00196
11726	0.00233
11728	0.00238
11730	0.00386
11732	0.00507
11734	0.00473
11736	0.00298
11738	0.00292
11740	0.00274
11742	0.00323
11744	0.00318
11746	0.00364
11748	0.00321
11750	0.00152
11752	9.49781E-4
11754	0.00139
11756	9.59724E-4
11758	-7.52304E-4
11760	-0.00248
11762	-0.00276
11764	-0.00285
11766	-0.00348
11768	-0.00333
11770	-0.00388
11772	-0.00492
11774	-0.00495
11776	-0.00592
11778	-0.00451
11780	-0.00358
11782	-0.00318
11784	-0.00246
11786	-0.00222
11788	-0.00277
11790	-0.00323
11792	-0.00344
11794	-0.00297
11796	-0.00247
11798	-0.00267
11800	-0.00164
11802	-0.00141
11804	-0.0018
11806	-0.00256
11808	-0.00312
11810	-0.00326
11812	-0.00238
11814	-0.0028
11816	-0.00248
11818	-8.58155E-4
11820	-3.62184E-4
11822	-7.00212E-4
11824	0.00114
11826	0.00242
11828	0.00348
11830	0.00431
11832	0.0036
11834	0.00185
11836	0.0017
11838	0.00273
11840	0.00251
11842	0.00165
11844	0.00115
11846	5.26448E-4
11848	-5.58065E-6
11850	-4.54609E-4
11852	-7.46637E-4
11854	-0.00104
11856	-0.00209
11858	-0.00181
11860	-0.00134
11862	-3.59779E-4
11864	2.07192E-4
11866	0.0023
11868	0.00345
11870	0.00383
11872	0.00399
11874	0.00353
11876	0.00386
11878	0.00409
11880	0.00387
11882	0.00238
11884	0.00214
11886	0.00132
11888	0.00133
11890	9.79824E-4
11892	3.54795E-4
11894	6.57669E-5
11896	-3.43261E-4
11898	-8.1929E-4
11900	-0.00122
11902	-0.00176
11904	-0.00117
11906	-1.25403E-4
11908	5.84568E-4
11910	8.7054E-4
11912	0.00193
11914	0.00281
11916	0.00135
11918	6.42651E-6
11920	-7.30602E-4
11922	-0.00171
11924	-0.00247
11926	-0.00265
11928	-0.00336
11930	-0.0048
11932	-0.00564
11934	-0.00481
11936	-0.00495
11938	-0.00497
11940	-0.00551
11942	-0.00602
11944	-0.00634
11946	-0.00497
11948	-0.00361
11950	-0.00448
11952	-0.00402
11954	-0.0042
11956	-0.0044
11958	-0.00531
11960	-0.00492
11962	-0.00411
11964	-0.00277
11966	-0.00116
11968	-3.05283E-4
11970	-4.09311E-4
11972	-1.99339E-4
11974	-7.06368E-4
11976	-0.00185
11978	-0.00261
11980	-0.00186
11982	-0.002
11984	-3.7251E-4
11986	4.91449E-4
11988	9.47401E-4
11990	1.48353E-4
11992	2.99305E-4
11994	0.00118
11996	0.00104
11998	0.00104
12000	-3.05887E-4
12002	-0.00155
12004	-0.00213
12006	-0.00129
12008	-8.95079E-4
12010	-0.0012
12012	-0.00122
12014	-0.00111
12016	-0.00201
12018	-0.00243
12020	-0.00165
12022	-0.00213
12024	-0.00126
12026	-8.66511E-4
12028	-0.00132
12030	-6.53607E-4
12032	-6.05655E-4
12034	-0.0021
12036	-0.0022
12038	-0.00118
12040	-4.54847E-4
12042	-2.40895E-4
12044	-4.99425E-5
12046	5.83009E-4
12048	7.41961E-4
12050	1.67914E-4
12052	4.83866E-4
12054	0.00156
12056	0.00229
12058	0.00283
12060	0.00309
12062	0.00238
12064	0.00261
12066	0.00304
12068	0.00281
12070	0.00297
12072	0.0028
12074	0.00228
12076	0.00239
12078	0.00231
12080	0.00124
12082	3.4281E-4
12084	-0.0014
12086	-0.0028
12088	-0.00276
12090	-0.00364
12092	-0.00315
12094	-0.00227
12096	-8.81335E-4
12098	8.93011E-6
12100	-1.25805E-4
12102	-1.3454E-4
12104	-1.47275E-4
12106	8.9899E-4
12108	0.00204
12110	0.00226
12112	0.00167
12114	5.80051E-4
12116	8.12316E-4
12118	6.10581E-4
12120	8.33846E-4
12122	0.00132
12124	5.96376E-4
