time	cp
2	9.39072
4	9.39135
6	9.39153
8	9.392
10	9.39235
12	9.39348
14	9.39359
16	9.39469
18	9.39477
20	9.39409
22	9.39388
24	9.39399
26	9.39369
28	9.39403
30	9.39369
32	9.3937
34	9.39422
36	9.39464
38	9.39493
40	9.39502
42	9.39419
44	9.39476
46	9.39508
48	9.3951
50	9.39542
52	9.39452
54	9.39457
56	9.39466
58	9.39462
60	9.39545
62	9.39621
64	9.39657
66	9.39756
68	9.39739
70	9.39622
72	9.39603
74	9.39632
76	9.39602
78	9.39613
80	9.39663
82	9.39676
84	9.39697
86	9.39696
88	9.39703
90	9.39685
92	9.39732
94	9.39756
96	9.39833
98	9.39843
100	9.39794
102	9.39923
104	9.40236
106	9.40458
108	9.40417
110	9.40272
112	9.40192
114	9.40066
116	9.39852
118	9.39648
120	9.39469
122	9.3923
124	9.39023
126	9.38847
128	9.38763
130	9.38605
132	9.38529
134	9.38464
136	9.38474
138	9.38345
140	9.38284
142	9.38186
144	9.38108
146	9.38129
148	9.38019
150	9.38012
152	9.38124
154	9.38097
156	9.3807
158	9.38068
160	9.38076
162	9.37992
164	9.38062
166	9.38109
168	9.38095
170	9.38174
172	9.38273
174	9.38345
176	9.38316
178	9.38356
180	9.38358
182	9.38354
184	9.38478
186	9.38413
188	9.38404
190	9.38377
192	9.38452
194	9.38546
196	9.38492
198	9.38462
200	9.38551
202	9.38768
204	9.38789
206	9.38777
208	9.38773
210	9.38752
212	9.38731
214	9.3867
216	9.38656
218	9.38748
220	9.38816
222	9.38898
224	9.38996
226	9.39026
228	9.38875
230	9.38848
232	9.38977
234	9.39019
236	9.38932
238	9.38998
240	9.39039
242	9.39031
244	9.3911
246	9.39191
248	9.39219
250	9.39266
252	9.39302
254	9.39247
256	9.39217
258	9.39168
260	9.39196
262	9.39353
264	9.39278
266	9.39174
268	9.39295
270	9.39403
272	9.39475
274	9.39495
276	9.39544
278	9.39557
280	9.39556
282	9.39577
284	9.39574
286	9.39617
288	9.3971
290	9.39758
292	9.3966
294	9.39708
296	9.3979
298	9.39686
300	9.39646
302	9.39745
304	9.39772
306	9.39854
308	9.39904
310	9.39868
312	9.40038
314	9.40128
316	9.4021
318	9.40179
320	9.40149
322	9.4015
324	9.40158
326	9.40244
328	9.40253
330	9.40215
332	9.40254
334	9.40372
336	9.40361
338	9.40301
340	9.40267
342	9.40255
344	9.40356
346	9.40312
348	9.4022
350	9.40168
352	9.40327
354	9.40451
356	9.40413
358	9.40456
360	9.40499
362	9.40526
364	9.40583
366	9.40616
368	9.40642
370	9.40682
372	9.40753
374	9.40808
376	9.40783
378	9.40738
380	9.40764
382	9.40892
384	9.40927
386	9.40925
388	9.40853
390	9.40843
392	9.40875
394	9.40931
396	9.40879
398	9.40865
400	9.40849
402	9.40921
404	9.40907
406	9.40882
408	9.4087
410	9.40929
412	9.40884
414	9.40891
416	9.40919
418	9.40922
420	9.40888
422	9.4094
424	9.41015
426	9.41163
428	9.41167
430	9.41127
432	9.41173
434	9.41186
436	9.41171
438	9.4112
440	9.41109
442	9.41088
444	9.41131
446	9.41179
448	9.41203
450	9.4119
452	9.41146
454	9.41086
456	9.4101
458	9.4115
460	9.4126
462	9.41215
464	9.4131
466	9.41301
468	9.41319
470	9.41365
472	9.41409
474	9.41427
476	9.41519
478	9.41587
480	9.41615
482	9.41697
484	9.41722
486	9.4174
488	9.41752
490	9.4177
492	9.41826
494	9.41908
496	9.41956
498	9.41916
500	9.41964
502	9.42014
504	9.42104
506	9.42035
508	9.42055
510	9.42031
512	9.42076
514	9.42137
516	9.42233
518	9.42196
520	9.42228
522	9.42284
524	9.42262
526	9.42318
528	9.42402
530	9.42364
532	9.42344
534	9.42381
536	9.42258
538	9.42173
540	9.42241
542	9.42224
544	9.42214
546	9.42276
548	9.42288
550	9.42371
552	9.42434
554	9.42326
556	9.42376
558	9.42433
560	9.42458
562	9.42553
564	9.42583
566	9.42576
568	9.42547
570	9.42554
572	9.42554
574	9.42612
576	9.42646
578	9.42662
580	9.42677
582	9.42741
584	9.42766
586	9.42774
588	9.42845
590	9.42853
592	9.42955
594	9.43007
596	9.43022
598	9.42992
600	9.43027
602	9.43101
604	9.43031
606	9.42782
608	9.4282
610	9.43293
612	9.44012
614	9.44775
616	9.45554
618	9.4615
620	9.46439
622	9.46361
624	9.46194
626	9.4592
628	9.45637
630	9.45289
632	9.44971
634	9.44754
636	9.44535
638	9.44397
640	9.44278
642	9.44193
644	9.4392
646	9.43816
648	9.43793
650	9.43848
652	9.43744
654	9.43659
656	9.43683
658	9.43723
660	9.43759
662	9.43797
664	9.43853
666	9.43971
668	9.44058
670	9.44126
672	9.43915
674	9.43767
676	9.43722
678	9.43721
680	9.43746
682	9.43678
684	9.43773
686	9.43827
688	9.43805
690	9.43944
692	9.44036
694	9.43981
696	9.43928
698	9.44038
700	9.44125
702	9.44157
704	9.44125
706	9.44118
708	9.44102
710	9.44074
712	9.44032
714	9.4405
716	9.44096
718	9.44135
720	9.44207
722	9.44283
724	9.44209
726	9.44336
728	9.4436
730	9.44341
732	9.44356
734	9.44385
736	9.44349
738	9.44258
740	9.44386
742	9.44425
744	9.44373
746	9.4437
748	9.44444
750	9.44474
752	9.44498
754	9.4456
756	9.44539
758	9.44582
760	9.44552
762	9.44503
764	9.4453
766	9.44598
768	9.44694
770	9.44644
772	9.44702
774	9.44752
776	9.44692
778	9.44688
780	9.44798
782	9.44843
784	9.44851
786	9.44824
788	9.44862
790	9.44831
792	9.44845
794	9.45003
796	9.45022
798	9.4502
800	9.4502
802	9.44918
804	9.44972
806	9.44997
808	9.45117
810	9.45189
812	9.45149
814	9.45177
816	9.45158
818	9.45102
820	9.45078
822	9.45136
824	9.45234
826	9.45329
828	9.45265
830	9.45228
832	9.45195
834	9.45181
836	9.45234
838	9.45211
840	9.45257
842	9.45291
844	9.45314
846	9.45378
848	9.45341
850	9.45283
852	9.45328
854	9.45352
856	9.45443
858	9.45491
860	9.4567
862	9.45722
864	9.45767
866	9.45769
868	9.45702
870	9.45709
872	9.45638
874	9.45659
876	9.45697
878	9.45661
880	9.45722
882	9.45764
884	9.45734
886	9.45706
888	9.45736
890	9.45663
892	9.45535
894	9.45552
896	9.45628
898	9.45631
900	9.45729
902	9.45815
904	9.45822
906	9.45822
908	9.45845
910	9.45888
912	9.46011
914	9.46062
916	9.46044
918	9.46152
920	9.4619
922	9.4614
924	9.46118
926	9.46141
928	9.4616
930	9.46053
932	9.46085
934	9.46148
936	9.46227
938	9.46185
940	9.46158
942	9.46223
944	9.46311
946	9.46255
948	9.46274
950	9.46312
952	9.46324
954	9.46348
956	9.46418
958	9.46486
960	9.46333
962	9.46236
964	9.46327
966	9.46389
968	9.46421
970	9.46397
972	9.46479
974	9.46428
976	9.46472
978	9.46439
980	9.46386
982	9.46448
984	9.46512
986	9.46569
988	9.46637
990	9.46548
992	9.46569
994	9.46646
996	9.46657
998	9.46724
1000	9.46687
1002	9.46764
1004	9.46771
1006	9.46684
1008	9.46691
1010	9.47061
1012	9.47667
1014	9.48495
1016	9.49446
1018	9.5006
1020	9.50275
1022	9.50237
1024	9.50033
1026	9.4969
1028	9.49316
1030	9.49015
1032	9.48736
1034	9.48508
1036	9.48304
1038	9.48069
1040	9.47815
1042	9.4771
1044	9.47584
1046	9.47531
1048	9.47334
1050	9.47252
1052	9.4727
1054	9.47278
1056	9.47315
1058	9.47402
1060	9.47398
1062	9.47305
1064	9.47275
1066	9.4728
1068	9.472
1070	9.47232
1072	9.47334
1074	9.47373
1076	9.47361
1078	9.47379
1080	9.4736
1082	9.4728
1084	9.47363
1086	9.47411
1088	9.47484
1090	9.47413
1092	9.47357
1094	9.47378
1096	9.47442
1098	9.47396
1100	9.47409
1102	9.47518
1104	9.47574
1106	9.47631
1108	9.47697
1110	9.47739
1112	9.47739
1114	9.4769
1116	9.47595
1118	9.47626
1120	9.47635
1122	9.47619
1124	9.47666
1126	9.4766
1128	9.47574
1130	9.47637
1132	9.47684
1134	9.47711
1136	9.47646
1138	9.47672
1140	9.47775
1142	9.47827
1144	9.47869
1146	9.47871
1148	9.47832
1150	9.47733
1152	9.47775
1154	9.47807
1156	9.47823
1158	9.47836
1160	9.47849
1162	9.47941
1164	9.47908
1166	9.47974
1168	9.48112
1170	9.48096
1172	9.48101
1174	9.4801
1176	9.48055
1178	9.48044
1180	9.48171
1182	9.48214
1184	9.48154
1186	9.48155
1188	9.48218
1190	9.48275
1192	9.4833
1194	9.48299
1196	9.48237
1198	9.48204
1200	9.48277
1202	9.48327
1204	9.4827
1206	9.48278
1208	9.48364
1210	9.4838
1212	9.48394
1214	9.48438
1216	9.48503
1218	9.48525
1220	9.48523
1222	9.48425
1224	9.48351
1226	9.48278
1228	9.4835
1230	9.48445
1232	9.48476
1234	9.4848
1236	9.48477
1238	9.4849
1240	9.486
1242	9.48618
1244	9.48641
1246	9.48622
1248	9.48716
1250	9.48669
1252	9.48496
1254	9.48543
1256	9.48547
1258	9.48471
1260	9.48503
1262	9.48491
1264	9.4847
1266	9.4847
1268	9.48425
1270	9.48493
1272	9.48518
1274	9.4855
1276	9.48576
1278	9.48628
1280	9.48677
1282	9.4872
1284	9.48781
1286	9.48808
1288	9.48799
1290	9.48835
1292	9.48804
1294	9.48684
1296	9.48728
1298	9.48733
1300	9.48736
1302	9.48724
1304	9.48812
1306	9.48961
1308	9.49032
1310	9.49089
1312	9.49121
1314	9.4915
1316	9.49185
1318	9.49155
1320	9.4905
1322	9.49045
1324	9.4908
1326	9.49065
1328	9.49103
1330	9.49055
1332	9.49131
1334	9.49252
1336	9.49309
1338	9.49314
1340	9.49238
1342	9.49274
1344	9.49314
1346	9.49349
1348	9.49393
1350	9.49287
1352	9.49308
1354	9.49338
1356	9.49399
1358	9.49438
1360	9.49471
1362	9.49503
1364	9.49447
1366	9.49446
1368	9.49521
1370	9.49508
1372	9.49552
1374	9.4955
1376	9.49574
1378	9.49487
1380	9.49445
1382	9.49602
1384	9.49605
1386	9.49612
1388	9.49687
1390	9.49731
1392	9.4976
1394	9.49786
1396	9.49807
1398	9.49742
1400	9.49715
1402	9.49665
1404	9.49619
1406	9.49513
1408	9.49638
1410	9.49979
1412	9.50559
1414	9.51302
1416	9.52174
1418	9.528
1420	9.52999
1422	9.52996
1424	9.52891
1426	9.52664
1428	9.52459
1430	9.5217
1432	9.51807
1434	9.51559
1436	9.51431
1438	9.51286
1440	9.5109
1442	9.50943
1444	9.50866
1446	9.50653
1448	9.50568
1450	9.50665
1452	9.50593
1454	9.50415
1456	9.50308
1458	9.50239
1460	9.50258
1462	9.50261
1464	9.50203
1466	9.50198
1468	9.50276
1470	9.50295
1472	9.50303
1474	9.50308
1476	9.50315
1478	9.50275
1480	9.50368
1482	9.50368
1484	9.50449
1486	9.5037
1488	9.50317
1490	9.50221
1492	9.5022
1494	9.50319
1496	9.50313
1498	9.5033
1500	9.503
1502	9.50338
1504	9.50379
1506	9.50296
1508	9.50373
1510	9.50352
1512	9.50409
1514	9.50472
1516	9.50433
1518	9.5041
1520	9.50428
1522	9.50448
1524	9.50468
1526	9.50553
1528	9.50554
1530	9.5048
1532	9.50515
1534	9.50518
1536	9.50499
1538	9.50524
1540	9.50675
1542	9.50691
1544	9.50722
1546	9.50719
1548	9.50663
1550	9.50574
1552	9.50521
1554	9.50531
1556	9.50559
1558	9.50549
1560	9.50582
1562	9.50636
1564	9.50686
1566	9.50685
1568	9.50688
1570	9.50619
1572	9.50632
1574	9.50646
1576	9.50644
1578	9.5065
1580	9.50757
1582	9.50791
1584	9.50862
1586	9.50881
1588	9.50896
1590	9.50909
1592	9.50978
1594	9.50945
1596	9.50943
1598	9.51009
1600	9.50982
1602	9.51023
1604	9.51019
1606	9.51038
1608	9.51094
1610	9.51141
1612	9.5103
1614	9.51038
1616	9.51093
1618	9.51021
1620	9.51105
1622	9.51196
1624	9.51184
1626	9.51265
1628	9.51342
1630	9.51391
1632	9.51341
1634	9.51255
1636	9.5122
1638	9.512
1640	9.51256
1642	9.51292
1644	9.51407
1646	9.51414
1648	9.51327
1650	9.51325
1652	9.51441
1654	9.51439
1656	9.51411
1658	9.51373
1660	9.51328
1662	9.5139
1664	9.51425
1666	9.5153
1668	9.51532
1670	9.51522
1672	9.51513
1674	9.5153
1676	9.51556
1678	9.51695
1680	9.51588
1682	9.51558
1684	9.51638
1686	9.51725
1688	9.51705
1690	9.51643
1692	9.51628
1694	9.51533
1696	9.51473
1698	9.51484
1700	9.5161
1702	9.51642
1704	9.51621
1706	9.51647
1708	9.51731
1710	9.51843
1712	9.51917
1714	9.51935
1716	9.5203
1718	9.51937
1720	9.51968
1722	9.51921
1724	9.51932
1726	9.51952
1728	9.51883
1730	9.51862
1732	9.51924
1734	9.51923
1736	9.51978
1738	9.51938
1740	9.51968
1742	9.52021
1744	9.51983
1746	9.52029
1748	9.5205
1750	9.52159
1752	9.5213
1754	9.52039
1756	9.52054
1758	9.52048
1760	9.52066
1762	9.52096
1764	9.52141
1766	9.52147
1768	9.52132
1770	9.52152
1772	9.52195
1774	9.52154
1776	9.52104
1778	9.52061
1780	9.52128
1782	9.52105
1784	9.52191
1786	9.52277
1788	9.52226
1790	9.52305
1792	9.52358
1794	9.52374
1796	9.52324
1798	9.523
1800	9.52428
1802	9.52299
1804	9.52288
1806	9.52143
1808	9.52137
1810	9.52454
1812	9.53038
1814	9.53674
1816	9.54624
1818	9.55304
1820	9.55664
1822	9.55673
1824	9.55393
1826	9.55083
1828	9.54892
1830	9.54648
1832	9.54413
1834	9.54174
1836	9.53893
1838	9.5369
1840	9.53494
1842	9.53442
1844	9.53336
1846	9.53276
1848	9.53154
1850	9.53057
1852	9.52967
1854	9.52941
1856	9.52902
1858	9.52855
1860	9.52887
1862	9.52871
1864	9.52975
1866	9.53025
1868	9.53062
1870	9.52946
1872	9.52889
1874	9.52871
1876	9.52774
1878	9.52843
1880	9.5287
1882	9.52916
1884	9.52969
1886	9.52937
1888	9.52915
1890	9.52892
1892	9.52841
1894	9.52833
1896	9.52921
1898	9.53003
1900	9.53021
1902	9.53018
1904	9.53023
1906	9.53013
1908	9.53035
1910	9.53152
1912	9.53229
1914	9.53121
1916	9.53101
1918	9.5304
1920	9.53025
1922	9.53024
1924	9.53034
1926	9.53106
1928	9.53081
1930	9.53044
1932	9.53029
1934	9.53014
1936	9.53154
1938	9.53167
1940	9.53191
1942	9.53166
1944	9.53218
1946	9.53132
1948	9.53143
1950	9.53141
1952	9.53128
1954	9.53171
1956	9.53315
1958	9.53261
1960	9.53148
1962	9.5315
1964	9.53163
1966	9.53143
1968	9.53194
1970	9.53222
1972	9.53286
1974	9.53295
1976	9.53304
1978	9.53353
1980	9.5328
1982	9.53261
1984	9.5329
1986	9.53304
1988	9.53301
1990	9.53289
1992	9.53281
1994	9.53244
1996	9.53312
1998	9.5332
2000	9.53278
2002	9.53289
2004	9.53366
2006	9.53456
2008	9.53332
2010	9.53316
2012	9.53393
2014	9.53398
2016	9.53441
2018	9.53453
2020	9.53421
2022	9.5343
2024	9.53521
2026	9.5354
2028	9.53544
2030	9.53559
2032	9.53574
2034	9.53643
2036	9.53592
2038	9.53627
2040	9.53564
2042	9.53554
2044	9.53648
2046	9.53706
2048	9.53771
2050	9.5376
2052	9.53749
2054	9.53776
2056	9.53801
2058	9.53728
2060	9.53744
2062	9.53717
2064	9.53683
2066	9.53738
2068	9.53775
2070	9.53763
2072	9.5377
2074	9.53779
2076	9.53768
2078	9.53749
2080	9.53729
2082	9.53771
2084	9.538
2086	9.5375
2088	9.53812
2090	9.53815
2092	9.538
2094	9.53748
2096	9.53752
2098	9.53794
2100	9.53762
2102	9.53743
2104	9.5387
2106	9.53895
2108	9.53842
2110	9.53904
2112	9.54031
2114	9.5407
2116	9.54082
2118	9.54125
2120	9.54093
2122	9.54053
2124	9.54011
2126	9.53952
2128	9.54023
2130	9.54092
2132	9.54083
2134	9.54141
2136	9.54179
2138	9.5415
2140	9.54204
2142	9.54194
2144	9.54159
2146	9.54198
2148	9.54122
2150	9.54146
2152	9.54232
2154	9.54256
2156	9.54352
2158	9.54326
2160	9.54314
2162	9.54221
2164	9.54219
2166	9.54328
2168	9.54323
2170	9.54337
2172	9.54328
2174	9.54348
2176	9.54348
2178	9.54386
2180	9.54442
2182	9.54471
2184	9.54438
2186	9.54385
2188	9.54321
2190	9.54293
2192	9.54328
2194	9.54387
2196	9.54392
2198	9.54381
2200	9.54318
2202	9.54328
2204	9.54362
2206	9.54199
2208	9.54184
2210	9.54551
2212	9.55176
2214	9.55936
2216	9.56943
2218	9.57536
2220	9.57781
2222	9.57834
2224	9.5766
2226	9.574
2228	9.57209
2230	9.56876
2232	9.56596
2234	9.56327
2236	9.56119
2238	9.55909
2240	9.55763
2242	9.55569
2244	9.55373
2246	9.55167
2248	9.55151
2250	9.5517
2252	9.5503
2254	9.549
2256	9.54808
2258	9.54714
2260	9.54727
2262	9.54798
2264	9.54763
2266	9.5472
2268	9.54718
2270	9.54739
2272	9.54824
2274	9.5484
2276	9.54888
2278	9.54964
2280	9.54997
2282	9.54867
2284	9.54901
2286	9.54907
2288	9.54918
2290	9.54929
2292	9.54957
2294	9.55002
2296	9.5501
2298	9.55025
2300	9.55049
2302	9.54987
2304	9.54972
2306	9.55077
2308	9.5505
2310	9.5499
2312	9.54997
2314	9.55006
2316	9.54998
2318	9.54995
2320	9.54974
2322	9.55015
2324	9.55115
2326	9.55134
2328	9.5512
2330	9.5512
2332	9.55088
2334	9.55104
2336	9.55114
2338	9.55082
2340	9.55155
2342	9.55185
2344	9.55275
2346	9.55279
2348	9.5533
2350	9.55355
2352	9.5532
2354	9.55294
2356	9.55251
2358	9.55285
2360	9.55344
2362	9.55371
2364	9.55225
2366	9.55208
2368	9.55231
2370	9.55134
2372	9.55117
2374	9.55185
2376	9.55278
2378	9.55239
2380	9.55344
2382	9.55414
2384	9.55389
2386	9.55365
2388	9.5548
2390	9.55524
2392	9.55512
2394	9.55527
2396	9.55501
2398	9.55438
2400	9.5548
2402	9.55461
2404	9.55433
2406	9.55483
2408	9.55567
2410	9.55632
2412	9.55616
2414	9.55607
2416	9.55602
2418	9.556
2420	9.55638
2422	9.55569
2424	9.55606
2426	9.55689
2428	9.55681
2430	9.5563
2432	9.55682
2434	9.55693
2436	9.55643
2438	9.55584
2440	9.55507
2442	9.55595
2444	9.55583
2446	9.55491
2448	9.55508
2450	9.55593
2452	9.55635
2454	9.55655
2456	9.55628
2458	9.55695
2460	9.55658
2462	9.55713
2464	9.55754
2466	9.5576
2468	9.55803
2470	9.55711
2472	9.55655
2474	9.55687
2476	9.55724
2478	9.55801
2480	9.55932
2482	9.55942
2484	9.55869
2486	9.55926
2488	9.55907
2490	9.55913
2492	9.5593
2494	9.55825
2496	9.5577
2498	9.55842
2500	9.55897
2502	9.55909
2504	9.55857
2506	9.55873
2508	9.559
2510	9.5592
2512	9.55977
2514	9.56034
2516	9.56048
2518	9.5606
2520	9.56108
2522	9.5614
2524	9.56217
2526	9.56207
2528	9.56237
2530	9.56241
2532	9.56242
2534	9.56147
2536	9.56143
2538	9.56223
2540	9.56207
2542	9.56246
2544	9.56244
2546	9.56149
2548	9.56075
2550	9.56115
2552	9.56093
2554	9.56111
2556	9.56184
2558	9.56271
2560	9.56339
2562	9.56379
2564	9.56304
2566	9.56268
2568	9.56344
2570	9.56335
2572	9.56233
2574	9.56257
2576	9.56269
2578	9.56199
2580	9.56202
2582	9.56313
2584	9.56217
2586	9.56143
2588	9.56254
2590	9.56253
2592	9.56341
2594	9.56344
2596	9.56432
2598	9.56408
2600	9.56432
2602	9.5643
2604	9.56454
2606	9.5634
2608	9.56316
2610	9.56553
2612	9.57254
2614	9.57973
2616	9.58816
2618	9.59521
2620	9.59925
2622	9.59964
2624	9.59718
2626	9.59433
2628	9.59205
2630	9.58976
2632	9.58637
2634	9.58284
2636	9.58035
2638	9.57848
2640	9.57727
2642	9.5757
2644	9.5735
2646	9.57283
2648	9.57241
2650	9.57165
2652	9.57068
2654	9.56903
2656	9.56802
2658	9.56906
2660	9.56908
2662	9.56869
2664	9.56808
2666	9.5673
2668	9.56698
2670	9.56714
2672	9.56701
2674	9.56697
2676	9.56678
2678	9.56774
2680	9.56803
2682	9.56769
2684	9.56775
2686	9.56825
2688	9.5685
2690	9.56841
2692	9.56811
2694	9.56755
2696	9.56724
2698	9.56748
2700	9.56786
2702	9.56759
2704	9.56801
2706	9.56784
2708	9.56677
2710	9.56694
2712	9.568
2714	9.56814
2716	9.56785
2718	9.56752
2720	9.56772
2722	9.5675
2724	9.56831
2726	9.56861
2728	9.56921
2730	9.56963
2732	9.56991
2734	9.56996
2736	9.56969
2738	9.56812
2740	9.56784
2742	9.56834
2744	9.56842
2746	9.56881
2748	9.56996
2750	9.57046
2752	9.57041
2754	9.57002
2756	9.56956
2758	9.56935
2760	9.57041
2762	9.57047
2764	9.57098
2766	9.57084
2768	9.57108
2770	9.57155
2772	9.57195
2774	9.57095
2776	9.57122
2778	9.57156
2780	9.57136
2782	9.57112
2784	9.57114
2786	9.57087
2788	9.57078
2790	9.57062
2792	9.57062
2794	9.57017
2796	9.57043
2798	9.57118
2800	9.57113
2802	9.57173
2804	9.57196
2806	9.57232
2808	9.57249
2810	9.57385
2812	9.57364
2814	9.5737
2816	9.57343
2818	9.57393
2820	9.57276
2822	9.57295
2824	9.57259
2826	9.57175
2828	9.5718
2830	9.57218
2832	9.57247
2834	9.57193
2836	9.57169
2838	9.57232
2840	9.57277
2842	9.57338
2844	9.57356
2846	9.57323
2848	9.5727
2850	9.5728
2852	9.57381
2854	9.5741
2856	9.57374
2858	9.57391
2860	9.57358
2862	9.57291
2864	9.57271
2866	9.5737
2868	9.57377
2870	9.57439
2872	9.57475
2874	9.57531
2876	9.57582
2878	9.57472
2880	9.57431
2882	9.5749
2884	9.57446
2886	9.57531
2888	9.57499
2890	9.57514
2892	9.57551
2894	9.57532
2896	9.57523
2898	9.57486
2900	9.57459
2902	9.57496
2904	9.57522
2906	9.57517
2908	9.57488
2910	9.57425
2912	9.57505
2914	9.57567
2916	9.57521
2918	9.57542
2920	9.57603
2922	9.57631
2924	9.57688
2926	9.57732
2928	9.57752
2930	9.57752
2932	9.57784
2934	9.57769
2936	9.57722
2938	9.57816
2940	9.57834
2942	9.57808
2944	9.57811
2946	9.57853
2948	9.57818
2950	9.57838
2952	9.57785
2954	9.57765
2956	9.57789
2958	9.57834
2960	9.57887
2962	9.5785
2964	9.57788
2966	9.57799
2968	9.57737
2970	9.57758
2972	9.57789
2974	9.57946
2976	9.57976
2978	9.57908
2980	9.57925
2982	9.57831
2984	9.57818
2986	9.5783
2988	9.57804
2990	9.57802
2992	9.57919
2994	9.57925
2996	9.57875
2998	9.57886
3000	9.57923
3002	9.57901
3004	9.57927
3006	9.57986
3008	9.57775
3010	9.57844
3012	9.57879
3014	9.57981
3016	9.58216
3018	9.58344
3020	9.58632
3022	9.58876
3024	9.59078
3026	9.59193
3028	9.59348
3030	9.59476
3032	9.59445
3034	9.59385
3036	9.59315
3038	9.59233
3040	9.5916
3042	9.59019
3044	9.59001
3046	9.58953
3048	9.58908
3050	9.58783
3052	9.5869
3054	9.586
3056	9.58546
3058	9.58525
3060	9.58531
3062	9.5857
3064	9.58591
3066	9.58592
3068	9.58614
3070	9.58542
3072	9.58497
3074	9.58467
3076	9.58529
3078	9.58601
3080	9.58512
3082	9.58396
3084	9.58375
3086	9.5851
3088	9.58469
3090	9.58368
3092	9.58475
3094	9.58481
3096	9.58516
3098	9.5851
3100	9.58553
3102	9.58529
3104	9.58499
3106	9.58542
3108	9.58503
3110	9.58587
3112	9.58602
3114	9.58624
3116	9.58599
3118	9.58546
3120	9.58438
3122	9.58348
3124	9.58301
3126	9.58291
3128	9.5821
3130	9.58288
3132	9.58379
3134	9.58419
3136	9.58468
3138	9.58437
3140	9.5848
3142	9.58485
3144	9.58437
3146	9.5844
3148	9.58426
3150	9.58551
3152	9.58647
3154	9.58618
3156	9.58513
3158	9.5857
3160	9.58664
3162	9.58612
3164	9.58574
3166	9.58592
3168	9.58652
3170	9.58615
3172	9.58654
3174	9.5867
3176	9.58682
3178	9.58663
3180	9.58599
3182	9.58663
3184	9.58674
3186	9.58773
3188	9.5881
3190	9.58823
3192	9.58789
3194	9.58797
3196	9.58732
3198	9.58714
3200	9.58684
3202	9.58744
3204	9.58647
3206	9.58693
3208	9.58708
3210	9.58724
3212	9.58708
3214	9.5862
3216	9.58673
3218	9.58741
3220	9.5886
3222	9.58935
3224	9.58939
3226	9.58937
3228	9.58995
3230	9.58977
3232	9.58997
3234	9.58926
3236	9.58901
3238	9.58839
3240	9.5885
3242	9.5889
3244	9.58785
3246	9.58835
3248	9.58822
3250	9.58882
3252	9.58938
3254	9.58981
3256	9.59004
3258	9.58971
3260	9.58988
3262	9.58946
3264	9.58863
3266	9.58929
3268	9.58994
3270	9.59015
3272	9.59064
3274	9.5899
3276	9.59032
3278	9.59009
3280	9.5904
3282	9.58947
3284	9.59023
3286	9.59095
3288	9.58991
3290	9.58906
3292	9.58943
3294	9.58999
3296	9.59102
3298	9.59128
3300	9.59124
3302	9.59127
3304	9.5914
3306	9.59179
3308	9.59241
3310	9.59211
3312	9.59204
3314	9.59223
3316	9.59183
3318	9.59248
3320	9.59343
3322	9.59341
3324	9.59342
3326	9.59319
3328	9.59324
3330	9.59279
3332	9.59339
3334	9.59476
3336	9.59469
3338	9.59345
3340	9.59249
3342	9.59274
3344	9.59232
3346	9.59205
3348	9.5924
3350	9.59198
3352	9.59209
3354	9.59316
3356	9.59361
3358	9.59449
3360	9.59529
3362	9.59413
3364	9.59378
3366	9.59282
3368	9.59216
3370	9.59255
3372	9.59355
3374	9.59247
3376	9.59273
3378	9.59332
3380	9.59349
3382	9.59372
3384	9.59347
3386	9.59391
3388	9.59363
3390	9.59359
3392	9.5939
3394	9.59478
3396	9.59535
3398	9.59633
3400	9.59647
3402	9.59538
3404	9.59494
3406	9.59469
3408	9.59338
3410	9.59337
3412	9.59441
3414	9.59541
3416	9.59643
3418	9.59859
3420	9.60172
3422	9.60393
3424	9.60492
3426	9.60709
3428	9.60967
3430	9.6106
3432	9.61039
3434	9.60854
3436	9.60744
3438	9.60555
3440	9.60454
3442	9.60458
3444	9.60389
3446	9.60256
3448	9.60189
3450	9.6007
3452	9.59988
3454	9.59979
3456	9.59935
3458	9.59896
3460	9.5981
3462	9.59768
3464	9.59807
3466	9.59797
3468	9.59814
3470	9.59802
3472	9.59783
3474	9.59758
3476	9.59825
3478	9.59853
3480	9.59755
3482	9.59694
3484	9.59761
3486	9.59826
3488	9.59889
3490	9.59769
3492	9.59656
3494	9.5975
3496	9.59862
3498	9.59953
3500	9.59904
3502	9.59882
3504	9.59865
3506	9.59935
3508	9.59987
3510	9.5989
3512	9.59855
3514	9.59773
3516	9.59816
3518	9.59852
3520	9.59956
3522	9.59963
3524	9.59976
3526	9.59991
3528	9.59996
3530	9.60033
3532	9.59964
3534	9.5995
3536	9.59913
3538	9.59899
3540	9.59848
3542	9.59843
3544	9.59865
3546	9.59793
3548	9.59833
3550	9.59955
3552	9.59976
3554	9.60087
3556	9.60061
3558	9.60013
3560	9.59948
3562	9.59922
3564	9.59963
3566	9.59922
3568	9.59896
3570	9.59823
3572	9.59895
3574	9.60019
3576	9.60048
3578	9.60016
3580	9.60094
3582	9.60107
3584	9.60141
3586	9.60156
3588	9.6017
3590	9.60127
3592	9.60019
3594	9.60103
3596	9.6009
3598	9.60126
3600	9.60188
3602	9.60213
3604	9.60261
3606	9.60256
3608	9.60225
3610	9.60215
3612	9.60158
3614	9.60208
3616	9.60123
3618	9.60123
3620	9.60222
3622	9.60212
3624	9.60197
3626	9.60205
3628	9.6018
3630	9.60214
3632	9.602
3634	9.60208
3636	9.60309
3638	9.60301
3640	9.603
3642	9.60302
3644	9.60229
3646	9.60237
3648	9.60215
3650	9.6029
3652	9.60338
3654	9.60313
3656	9.60256
3658	9.60321
3660	9.60316
3662	9.60327
3664	9.60284
3666	9.6025
3668	9.60284
3670	9.60281
3672	9.60361
3674	9.6033
3676	9.60238
3678	9.60323
3680	9.60396
3682	9.60417
3684	9.60445
3686	9.60436
3688	9.60475
3690	9.60505
3692	9.60486
3694	9.60429
3696	9.60462
3698	9.60427
3700	9.60389
3702	9.60346
3704	9.60427
3706	9.60505
3708	9.6049
3710	9.6053
3712	9.60492
3714	9.60454
3716	9.60506
3718	9.60496
3720	9.60491
3722	9.60446
3724	9.6049
3726	9.60496
3728	9.60482
3730	9.60519
3732	9.6056
3734	9.60661
3736	9.60577
3738	9.60511
3740	9.60596
3742	9.60684
3744	9.60712
3746	9.60584
3748	9.6051
3750	9.60547
3752	9.60486
3754	9.60532
3756	9.60487
3758	9.60534
3760	9.60654
3762	9.60645
3764	9.60576
3766	9.60691
3768	9.60709
3770	9.60676
3772	9.60711
3774	9.60689
3776	9.60728
3778	9.60722
3780	9.60708
3782	9.60714
3784	9.60705
3786	9.60691
3788	9.60686
3790	9.60708
3792	9.60646
3794	9.60693
3796	9.60829
3798	9.60968
3800	9.6098
3802	9.60967
3804	9.60898
3806	9.60873
3808	9.60763
3810	9.60776
3812	9.60791
3814	9.60854
3816	9.61034
3818	9.61166
3820	9.61427
3822	9.61555
3824	9.61668
3826	9.61916
3828	9.62066
3830	9.62228
3832	9.62208
3834	9.62121
3836	9.62042
3838	9.61949
3840	9.61992
3842	9.61844
3844	9.61765
3846	9.61718
3848	9.61639
3850	9.61509
3852	9.61436
3854	9.61437
3856	9.61355
3858	9.61291
3860	9.61182
3862	9.61167
3864	9.61207
3866	9.61257
3868	9.61247
3870	9.6112
3872	9.61238
3874	9.61296
3876	9.61186
3878	9.61177
3880	9.61142
3882	9.61141
3884	9.61115
3886	9.61055
3888	9.61165
3890	9.61215
3892	9.61071
3894	9.61074
3896	9.6111
3898	9.61113
3900	9.61158
3902	9.61173
3904	9.61165
3906	9.61226
3908	9.61261
3910	9.6129
3912	9.61225
3914	9.61199
3916	9.61129
3918	9.61155
3920	9.61224
3922	9.61256
3924	9.61295
3926	9.61301
3928	9.61189
3930	9.61168
3932	9.6114
3934	9.61157
3936	9.61214
3938	9.61252
3940	9.61278
3942	9.61185
3944	9.61133
3946	9.61114
3948	9.61122
3950	9.61178
3952	9.61214
3954	9.61181
3956	9.61149
3958	9.61159
3960	9.61185
3962	9.61283
3964	9.6128
3966	9.61304
3968	9.61304
3970	9.61271
3972	9.61284
3974	9.61286
3976	9.61239
3978	9.61255
3980	9.61239
3982	9.61294
3984	9.61321
3986	9.61288
3988	9.61209
3990	9.61169
3992	9.61161
3994	9.61145
3996	9.61161
3998	9.6125
4000	9.61256
4002	9.61183
4004	9.61188
4006	9.61223
4008	9.61285
4010	9.61318
4012	9.6129
4014	9.61326
4016	9.61356
4018	9.61389
4020	9.61352
4022	9.61338
4024	9.61361
4026	9.61411
4028	9.6143
4030	9.6143
4032	9.61475
4034	9.61534
4036	9.61509
4038	9.61485
4040	9.61558
4042	9.61588
4044	9.61532
4046	9.61585
4048	9.61521
4050	9.61483
4052	9.61515
4054	9.6154
4056	9.61558
4058	9.61592
4060	9.6154
4062	9.61542
4064	9.61456
4066	9.61464
4068	9.61417
4070	9.61376
4072	9.6139
4074	9.61434
4076	9.61594
4078	9.61618
4080	9.61548
4082	9.61504
4084	9.61418
4086	9.61492
4088	9.61498
4090	9.61465
4092	9.6149
4094	9.61562
4096	9.61608
4098	9.61594
4100	9.6162
4102	9.61679
4104	9.61647
4106	9.61556
4108	9.61543
4110	9.61539
4112	9.61618
4114	9.61608
4116	9.61664
4118	9.61731
4120	9.61778
4122	9.61695
4124	9.61676
4126	9.61702
4128	9.61773
4130	9.61807
4132	9.61796
4134	9.61756
4136	9.61783
4138	9.61844
4140	9.61872
4142	9.61751
4144	9.61706
4146	9.61763
4148	9.61824
4150	9.61755
4152	9.61667
4154	9.61675
4156	9.61718
4158	9.61769
4160	9.61807
4162	9.61743
4164	9.61703
4166	9.61727
4168	9.61722
4170	9.61814
4172	9.61875
4174	9.61903
4176	9.61936
4178	9.61878
4180	9.61862
4182	9.61889
4184	9.61861
4186	9.61855
4188	9.61929
4190	9.61903
4192	9.61855
4194	9.61918
4196	9.61932
4198	9.61948
4200	9.619
4202	9.61955
4204	9.61942
4206	9.61837
4208	9.61716
4210	9.61689
4212	9.61838
4214	9.61975
4216	9.62101
4218	9.62379
4220	9.62487
4222	9.62641
4224	9.62737
4226	9.62964
4228	9.63242
4230	9.63287
4232	9.63318
4234	9.63259
4236	9.63144
4238	9.63005
4240	9.62987
4242	9.62915
4244	9.62819
4246	9.62692
4248	9.62531
4250	9.62521
4252	9.62463
4254	9.62335
4256	9.62311
4258	9.62219
4260	9.6221
4262	9.62134
4264	9.62137
4266	9.62169
4268	9.62124
4270	9.62107
4272	9.62119
4274	9.62159
4276	9.62096
4278	9.62111
4280	9.6212
4282	9.62143
4284	9.62127
4286	9.62202
4288	9.62184
4290	9.62186
4292	9.62144
4294	9.62153
4296	9.62211
4298	9.62165
4300	9.62185
4302	9.62197
4304	9.62211
4306	9.62279
4308	9.62219
4310	9.62154
4312	9.62112
4314	9.62123
4316	9.62007
4318	9.61959
4320	9.62002
4322	9.62019
4324	9.62073
4326	9.62069
4328	9.62035
4330	9.62062
4332	9.62067
4334	9.6208
4336	9.62108
4338	9.6206
4340	9.62061
4342	9.62076
4344	9.62109
4346	9.62133
4348	9.62179
4350	9.62209
4352	9.62188
4354	9.62305
4356	9.62279
4358	9.62329
4360	9.62317
4362	9.62233
4364	9.62163
4366	9.6213
4368	9.62249
4370	9.62318
4372	9.62312
4374	9.62355
4376	9.62383
4378	9.62347
4380	9.62403
4382	9.62391
4384	9.62456
4386	9.62438
4388	9.62439
4390	9.62408
4392	9.62489
4394	9.62526
4396	9.62476
4398	9.62543
4400	9.62506
4402	9.62511
4404	9.62473
4406	9.62453
4408	9.62425
4410	9.62338
4412	9.62257
4414	9.622
4416	9.62198
4418	9.62166
4420	9.62242
4422	9.62308
4424	9.62297
4426	9.62304
4428	9.6229
4430	9.62178
4432	9.62175
4434	9.62246
4436	9.62296
4438	9.62245
4440	9.62303
4442	9.62258
4444	9.62294
4446	9.62335
4448	9.62358
4450	9.62438
4452	9.62449
4454	9.62417
4456	9.62423
4458	9.6244
4460	9.62391
4462	9.62425
4464	9.62481
4466	9.62411
4468	9.62401
4470	9.62394
4472	9.62396
4474	9.62478
4476	9.62516
4478	9.62678
4480	9.62695
4482	9.62647
4484	9.62598
4486	9.62626
4488	9.62718
4490	9.62669
4492	9.62673
4494	9.62622
4496	9.6259
4498	9.62523
4500	9.62491
4502	9.62477
4504	9.62578
4506	9.62659
4508	9.62567
4510	9.62581
4512	9.62477
4514	9.62439
4516	9.62504
4518	9.6243
4520	9.62505
4522	9.62514
4524	9.62562
4526	9.62587
4528	9.62616
4530	9.62669
4532	9.62738
4534	9.62773
4536	9.62749
4538	9.62726
4540	9.627
4542	9.62698
4544	9.62736
4546	9.62644
4548	9.62593
4550	9.62612
4552	9.62551
4554	9.62529
4556	9.626
4558	9.62679
4560	9.62645
4562	9.62636
4564	9.62564
4566	9.62726
4568	9.62772
4570	9.62766
4572	9.62757
4574	9.62749
4576	9.62719
4578	9.62736
4580	9.62789
4582	9.62781
4584	9.62748
4586	9.62768
4588	9.62792
4590	9.62829
4592	9.62804
4594	9.6279
4596	9.62812
4598	9.62805
4600	9.62733
4602	9.62779
4604	9.62868
4606	9.62851
4608	9.62802
4610	9.62779
4612	9.62812
4614	9.62968
4616	9.63185
4618	9.63344
4620	9.63462
4622	9.63577
4624	9.63672
4626	9.63828
4628	9.64039
4630	9.64267
4632	9.64293
4634	9.64222
4636	9.64174
4638	9.64077
4640	9.6396
4642	9.63977
4644	9.63947
4646	9.63784
4648	9.63692
4650	9.63575
4652	9.63479
4654	9.6337
4656	9.63287
4658	9.63216
4660	9.63071
4662	9.62975
4664	9.62915
4666	9.62922
4668	9.62939
4670	9.62958
4672	9.63059
4674	9.6309
4676	9.6315
4678	9.6307
4680	9.63021
4682	9.63068
4684	9.63052
4686	9.62995
4688	9.62996
4690	9.62971
4692	9.6298
4694	9.63051
4696	9.63094
4698	9.63143
4700	9.63121
4702	9.63054
4704	9.62992
4706	9.63104
4708	9.63177
4710	9.63179
4712	9.63163
4714	9.63172
4716	9.63261
4718	9.63229
4720	9.63245
4722	9.63305
4724	9.63192
4726	9.6318
4728	9.63146
4730	9.63113
4732	9.63111
4734	9.63043
4736	9.63079
4738	9.63121
4740	9.63145
4742	9.63235
4744	9.63269
4746	9.63115
4748	9.62966
4750	9.62908
4752	9.62821
4754	9.62843
4756	9.62852
4758	9.62893
4760	9.62939
4762	9.6293
4764	9.62988
4766	9.63103
4768	9.63262
4770	9.63303
4772	9.63319
4774	9.63344
4776	9.63363
4778	9.63403
4780	9.63388
4782	9.6338
4784	9.63387
4786	9.6343
4788	9.63335
4790	9.63334
4792	9.63393
4794	9.63366
4796	9.63354
4798	9.63318
4800	9.63213
4802	9.63218
4804	9.63298
4806	9.63252
4808	9.63253
4810	9.6335
4812	9.63288
4814	9.6324
4816	9.63345
4818	9.63319
4820	9.63277
4822	9.63324
4824	9.63311
4826	9.63283
4828	9.63281
4830	9.6328
4832	9.63365
4834	9.63379
4836	9.63398
4838	9.63364
4840	9.63364
4842	9.63367
4844	9.6331
4846	9.63329
4848	9.63403
4850	9.63393
4852	9.63433
4854	9.63462
4856	9.63471
4858	9.63507
4860	9.63545
4862	9.63462
4864	9.63381
4866	9.63272
4868	9.63172
4870	9.63237
4872	9.63341
4874	9.63413
4876	9.63487
4878	9.63524
4880	9.63505
4882	9.6354
4884	9.63593
4886	9.63573
4888	9.6351
4890	9.6356
4892	9.63648
4894	9.63613
4896	9.63496
4898	9.63505
4900	9.63394
4902	9.63389
4904	9.63511
4906	9.63568
4908	9.63511
4910	9.63537
4912	9.63552
4914	9.63471
4916	9.63458
4918	9.63492
4920	9.63525
4922	9.63537
4924	9.63512
4926	9.63435
4928	9.63437
4930	9.63542
4932	9.63611
4934	9.63598
4936	9.63584
4938	9.63575
4940	9.63504
4942	9.6355
4944	9.63582
4946	9.63625
4948	9.63659
4950	9.6371
4952	9.63719
4954	9.63765
4956	9.63801
4958	9.63722
4960	9.6378
4962	9.63778
4964	9.63735
4966	9.63741
4968	9.63664
4970	9.63682
4972	9.63776
4974	9.63788
4976	9.6382
4978	9.63835
4980	9.63963
4982	9.63977
4984	9.63959
4986	9.63918
4988	9.63815
4990	9.63723
4992	9.63717
4994	9.63857
4996	9.63846
4998	9.63826
5000	9.63762
5002	9.63759
5004	9.63799
5006	9.63859
5008	9.63804
5010	9.63791
5012	9.63808
5014	9.63793
5016	9.63941
5018	9.64118
5020	9.64398
5022	9.64499
5024	9.64654
5026	9.6488
5028	9.6506
5030	9.65213
5032	9.65269
5034	9.65314
5036	9.65161
5038	9.65047
5040	9.64928
5042	9.64741
5044	9.64599
5046	9.64504
5048	9.64514
5050	9.64515
5052	9.64434
5054	9.64272
5056	9.64153
5058	9.64157
5060	9.64099
5062	9.64087
5064	9.64046
5066	9.63907
5068	9.63903
5070	9.63921
5072	9.63912
5074	9.63939
5076	9.63906
5078	9.63898
5080	9.63958
5082	9.64002
5084	9.64068
5086	9.64042
5088	9.64112
5090	9.64101
5092	9.64155
5094	9.64239
5096	9.64289
5098	9.64254
5100	9.64175
5102	9.64214
5104	9.64134
5106	9.6404
5108	9.63918
5110	9.63964
5112	9.63973
5114	9.63908
5116	9.63849
5118	9.6378
5120	9.6374
5122	9.63675
5124	9.63704
5126	9.63737
5128	9.63808
5130	9.63904
5132	9.63932
5134	9.63931
5136	9.63859
5138	9.63893
5140	9.63975
5142	9.64052
5144	9.64077
5146	9.64169
5148	9.64174
5150	9.6421
5152	9.64171
5154	9.6413
5156	9.64116
5158	9.64114
5160	9.64107
5162	9.6411
5164	9.64091
5166	9.64133
5168	9.64178
5170	9.64217
5172	9.64208
5174	9.64168
5176	9.64154
5178	9.64165
5180	9.64132
5182	9.64171
5184	9.64109
5186	9.64104
5188	9.64171
5190	9.6423
5192	9.64186
5194	9.64132
5196	9.64129
5198	9.64109
5200	9.64111
5202	9.6416
5204	9.6415
5206	9.64093
5208	9.64046
5210	9.64149
5212	9.64146
5214	9.6416
5216	9.64139
5218	9.6416
5220	9.64092
5222	9.6418
5224	9.64177
5226	9.64269
5228	9.64325
5230	9.64294
5232	9.64342
5234	9.64371
5236	9.64364
5238	9.64358
5240	9.64272
5242	9.64306
5244	9.64366
5246	9.64356
5248	9.64262
5250	9.6431
5252	9.64336
5254	9.64385
5256	9.64377
5258	9.64372
5260	9.64429
5262	9.64389
5264	9.64421
5266	9.64452
5268	9.64331
5270	9.64161
5272	9.64208
5274	9.64328
5276	9.64319
5278	9.64372
5280	9.64399
5282	9.64415
5284	9.64336
5286	9.64352
5288	9.64436
5290	9.64338
5292	9.64309
5294	9.64391
5296	9.6433
5298	9.64293
5300	9.64339
5302	9.64376
5304	9.64453
5306	9.64471
5308	9.64429
5310	9.64615
5312	9.6466
5314	9.64689
5316	9.64674
5318	9.64613
5320	9.64549
5322	9.64553
5324	9.64639
5326	9.6463
5328	9.6468
5330	9.64569
5332	9.64473
5334	9.64599
5336	9.64483
5338	9.64449
5340	9.64499
5342	9.64506
5344	9.64515
5346	9.64479
5348	9.6442
5350	9.64549
5352	9.64644
5354	9.64497
5356	9.64441
5358	9.64529
5360	9.64565
5362	9.6463
5364	9.64662
5366	9.64654
5368	9.64557
5370	9.64499
5372	9.64584
5374	9.64652
5376	9.64616
5378	9.64558
5380	9.64624
5382	9.64623
5384	9.64533
5386	9.64549
5388	9.64524
5390	9.64432
5392	9.64418
5394	9.64604
5396	9.64719
5398	9.64735
5400	9.64753
5402	9.64779
5404	9.64735
5406	9.64725
5408	9.64578
5410	9.64719
5412	9.65063
5414	9.6565
5416	9.66314
5418	9.67078
5420	9.67557
5422	9.67836
5424	9.6788
5426	9.67738
5428	9.67577
5430	9.67409
5432	9.671
5434	9.66761
5436	9.66391
5438	9.66143
5440	9.65957
5442	9.65802
5444	9.65566
5446	9.65411
5448	9.65289
5450	9.65288
5452	9.65214
5454	9.65076
5456	9.65044
5458	9.65119
5460	9.65058
5462	9.65064
5464	9.64996
5466	9.65004
5468	9.64991
5470	9.64887
5472	9.64924
5474	9.65038
5476	9.6502
5478	9.64982
5480	9.64922
5482	9.64979
5484	9.64937
5486	9.64973
5488	9.64921
5490	9.64859
5492	9.64886
5494	9.64937
5496	9.64939
5498	9.64927
5500	9.64906
5502	9.64924
5504	9.6496
5506	9.64936
5508	9.64857
5510	9.64864
5512	9.64907
5514	9.6496
5516	9.64997
5518	9.64981
5520	9.64978
5522	9.64998
5524	9.65009
5526	9.64999
5528	9.65013
5530	9.64964
5532	9.64954
5534	9.6499
5536	9.65049
5538	9.6515
5540	9.65059
5542	9.65039
5544	9.65121
5546	9.6501
5548	9.64963
5550	9.64973
5552	9.64927
5554	9.64908
5556	9.64941
5558	9.64913
5560	9.64929
5562	9.64903
5564	9.64959
5566	9.64997
5568	9.65031
5570	9.65054
5572	9.65081
5574	9.65055
5576	9.65011
5578	9.65018
5580	9.64999
5582	9.65006
5584	9.64963
5586	9.6501
5588	9.65098
5590	9.65114
5592	9.65074
5594	9.651
5596	9.65104
5598	9.65072
5600	9.65072
5602	9.6498
5604	9.64957
5606	9.6503
5608	9.64963
5610	9.65108
5612	9.65484
5614	9.66041
5616	9.66788
5618	9.676
5620	9.68188
5622	9.68459
5624	9.68317
5626	9.68027
5628	9.67696
5630	9.67475
5632	9.67219
5634	9.66894
5636	9.66646
5638	9.6643
5640	9.66262
5642	9.66052
5644	9.65854
5646	9.6571
5648	9.65617
5650	9.65409
5652	9.65379
5654	9.65297
5656	9.65256
5658	9.65244
5660	9.6522
5662	9.6525
5664	9.65253
5666	9.65211
5668	9.65164
5670	9.65128
5672	9.65152
5674	9.653
5676	9.65339
5678	9.65287
5680	9.65224
5682	9.65271
5684	9.65321
5686	9.65291
5688	9.65206
5690	9.65062
5692	9.65178
5694	9.65229
5696	9.65155
5698	9.65113
5700	9.65235
5702	9.65271
5704	9.65282
5706	9.65345
5708	9.65385
5710	9.65367
5712	9.65381
5714	9.65311
5716	9.65298
5718	9.65355
5720	9.65291
5722	9.65155
5724	9.6523
5726	9.65307
5728	9.65325
5730	9.6519
5732	9.65283
5734	9.65281
5736	9.6524
5738	9.65185
5740	9.65147
5742	9.65201
5744	9.65202
5746	9.65185
5748	9.65275
5750	9.65294
5752	9.65332
5754	9.6539
5756	9.65413
5758	9.6539
5760	9.65429
5762	9.65458
5764	9.65419
5766	9.65447
5768	9.65357
5770	9.65324
5772	9.65431
5774	9.6541
5776	9.6536
5778	9.65392
5780	9.65345
5782	9.65295
5784	9.65373
5786	9.65285
5788	9.65323
5790	9.65355
5792	9.65401
5794	9.65391
5796	9.65366
5798	9.65458
5800	9.65376
5802	9.65373
5804	9.65427
5806	9.65439
5808	9.65314
5810	9.65359
5812	9.65729
5814	9.6638
5816	9.6715
5818	9.67889
5820	9.68445
5822	9.68609
5824	9.68562
5826	9.68386
5828	9.68076
5830	9.67778
5832	9.67572
5834	9.67378
5836	9.67191
5838	9.66858
5840	9.66602
5842	9.66443
5844	9.66247
5846	9.66066
5848	9.66112
5850	9.66015
5852	9.65888
5854	9.65867
5856	9.65899
5858	9.65893
5860	9.65803
5862	9.65821
5864	9.6569
5866	9.65568
5868	9.65458
5870	9.65452
5872	9.65438
5874	9.65367
5876	9.65406
5878	9.65446
5880	9.6544
5882	9.65565
5884	9.65655
5886	9.65557
5888	9.65506
5890	9.65578
5892	9.65558
5894	9.6555
5896	9.65637
5898	9.65596
5900	9.65594
5902	9.65693
5904	9.65667
5906	9.65658
5908	9.65689
5910	9.65637
5912	9.65532
5914	9.65552
5916	9.6562
5918	9.65616
5920	9.65576
5922	9.65584
5924	9.65637
5926	9.65627
5928	9.65581
5930	9.65564
5932	9.65564
5934	9.65574
5936	9.65654
5938	9.65676
5940	9.65656
5942	9.65639
5944	9.65706
5946	9.65671
5948	9.65598
5950	9.65551
5952	9.65621
5954	9.65557
5956	9.656
5958	9.65602
5960	9.65621
5962	9.65622
5964	9.65665
5966	9.65649
5968	9.65625
5970	9.65576
5972	9.65661
5974	9.65688
5976	9.65631
5978	9.65581
5980	9.65589
5982	9.65604
5984	9.65696
5986	9.65768
5988	9.65619
5990	9.65569
5992	9.65627
5994	9.657
5996	9.65668
5998	9.65687
6000	9.6571
6002	9.65775
6004	9.6577
6006	9.6578
6008	9.657
6010	9.6575
6012	9.66114
6014	9.66665
6016	9.6734
6018	9.68121
6020	9.68673
6022	9.68877
6024	9.68767
6026	9.68536
6028	9.68379
6030	9.68183
6032	9.67934
6034	9.6758
6036	9.67307
6038	9.67149
6040	9.66853
6042	9.66528
6044	9.66296
6046	9.6615
6048	9.66048
6050	9.65942
6052	9.65845
6054	9.65837
6056	9.65817
6058	9.65703
6060	9.65846
6062	9.65886
6064	9.65919
6066	9.6588
6068	9.65904
6070	9.6595
6072	9.66008
6074	9.65991
6076	9.65886
6078	9.65911
6080	9.65872
6082	9.65888
6084	9.65922
6086	9.6596
6088	9.65996
6090	9.65946
6092	9.65885
6094	9.6579
6096	9.65782
6098	9.65808
6100	9.65866
6102	9.65834
6104	9.65853
6106	9.65858
6108	9.65916
6110	9.65838
6112	9.6579
6114	9.65747
6116	9.65808
6118	9.65832
6120	9.6592
6122	9.66
6124	9.66008
6126	9.65818
6128	9.65834
6130	9.6586
6132	9.65869
6134	9.65801
6136	9.65827
6138	9.65853
6140	9.65907
6142	9.65915
6144	9.65905
6146	9.6593
6148	9.65892
6150	9.65889
6152	9.65804
6154	9.65812
6156	9.65811
6158	9.65817
6160	9.65837
6162	9.6582
6164	9.65775
6166	9.65869
6168	9.65879
6170	9.65941
6172	9.65916
6174	9.65883
6176	9.65816
6178	9.65862
6180	9.65879
6182	9.65832
6184	9.65786
6186	9.6577
6188	9.65755
6190	9.65799
6192	9.65848
6194	9.65863
6196	9.65851
6198	9.65852
6200	9.65888
6202	9.65945
6204	9.65904
6206	9.65907
6208	9.65846
6210	9.65872
6212	9.66229
6214	9.66867
6216	9.67582
6218	9.68457
6220	9.69057
6222	9.69289
6224	9.69184
6226	9.68867
6228	9.68636
6230	9.68475
6232	9.68222
6234	9.67872
6236	9.67573
6238	9.6728
6240	9.66975
6242	9.66841
6244	9.66729
6246	9.6667
6248	9.66573
6250	9.66479
6252	9.66481
6254	9.66431
6256	9.6644
6258	9.66433
6260	9.66377
6262	9.66359
6264	9.66328
6266	9.66277
6268	9.66285
6270	9.66344
6272	9.66367
6274	9.66254
6276	9.66212
6278	9.66174
6280	9.66076
6282	9.66109
6284	9.66114
6286	9.66158
6288	9.66184
6290	9.66222
6292	9.66248
6294	9.66194
6296	9.66262
6298	9.662
6300	9.66144
6302	9.66166
6304	9.66191
6306	9.66174
6308	9.6619
6310	9.66228
6312	9.66227
6314	9.66212
6316	9.6619
6318	9.66191
6320	9.66135
6322	9.6616
6324	9.66217
6326	9.66176
6328	9.66123
6330	9.66154
6332	9.6614
6334	9.66173
6336	9.66225
6338	9.66244
6340	9.66172
6342	9.66119
6344	9.66061
6346	9.66076
6348	9.66104
6350	9.6618
6352	9.66133
6354	9.66158
6356	9.66218
6358	9.66155
6360	9.66084
6362	9.66238
6364	9.66245
6366	9.66241
6368	9.66196
6370	9.6625
6372	9.66293
6374	9.66274
6376	9.66278
6378	9.66257
6380	9.66305
6382	9.66346
6384	9.66286
6386	9.66281
6388	9.6624
6390	9.66239
6392	9.66222
6394	9.66288
6396	9.66351
6398	9.66353
6400	9.66235
6402	9.6616
6404	9.66061
6406	9.65981
6408	9.65748
6410	9.65741
6412	9.66135
6414	9.66877
6416	9.67735
6418	9.68675
6420	9.69396
6422	9.69663
6424	9.69626
6426	9.69384
6428	9.69162
6430	9.6888
6432	9.68488
6434	9.68234
6436	9.68006
6438	9.67832
6440	9.67623
6442	9.67482
6444	9.6728
6446	9.67208
6448	9.67077
6450	9.66707
6452	9.66427
6454	9.66231
6456	9.66069
6458	9.66162
6460	9.66217
6462	9.66329
6464	9.66356
6466	9.66437
6468	9.66526
6470	9.66615
6472	9.6663
6474	9.66617
6476	9.66609
6478	9.66647
6480	9.66692
6482	9.66625
6484	9.66603
6486	9.66555
6488	9.66574
6490	9.66633
6492	9.66582
6494	9.66514
6496	9.6646
6498	9.66498
6500	9.66561
6502	9.66652
6504	9.66703
6506	9.66682
6508	9.66754
6510	9.66707
6512	9.66636
6514	9.6667
6516	9.66581
6518	9.66517
6520	9.66555
6522	9.66546
6524	9.66534
6526	9.66516
6528	9.66524
6530	9.66544
6532	9.66435
6534	9.6647
6536	9.66532
6538	9.66547
6540	9.6656
6542	9.66516
6544	9.66493
6546	9.66587
6548	9.66643
6550	9.66583
6552	9.66517
6554	9.66522
6556	9.66545
6558	9.66523
6560	9.66529
6562	9.66527
6564	9.66635
6566	9.66652
6568	9.66676
6570	9.66581
6572	9.66577
6574	9.66548
6576	9.66639
6578	9.6661
6580	9.66628
6582	9.66647
6584	9.66629
6586	9.66595
6588	9.6655
6590	9.66555
6592	9.66604
6594	9.66594
6596	9.66572
6598	9.66553
6600	9.66522
6602	9.66471
6604	9.66501
6606	9.66526
6608	9.6651
6610	9.66451
6612	9.66426
6614	9.66443
6616	9.666
6618	9.66834
6620	9.67068
6622	9.67145
6624	9.67415
6626	9.67582
6628	9.67808
6630	9.68057
6632	9.68169
6634	9.68063
6636	9.67998
6638	9.67934
6640	9.67822
6642	9.67725
6644	9.67562
6646	9.67455
6648	9.67391
6650	9.67265
6652	9.67214
6654	9.6712
6656	9.67122
6658	9.67072
6660	9.66959
6662	9.66914
6664	9.66926
6666	9.66898
6668	9.66848
6670	9.66744
6672	9.66674
6674	9.6664
6676	9.6661
6678	9.66651
6680	9.66647
6682	9.66729
6684	9.6686
6686	9.66802
6688	9.66832
6690	9.66876
6692	9.6678
6694	9.66737
6696	9.66678
6698	9.66668
6700	9.66785
6702	9.6684
6704	9.66785
6706	9.66759
6708	9.66755
6710	9.66779
6712	9.66824
6714	9.66812
6716	9.66852
6718	9.66865
6720	9.66797
6722	9.66705
6724	9.66704
6726	9.66703
6728	9.66704
6730	9.66781
6732	9.66818
6734	9.66831
6736	9.66928
6738	9.66926
6740	9.66822
6742	9.66794
6744	9.66817
6746	9.66874
6748	9.66871
6750	9.66878
6752	9.66812
6754	9.66808
6756	9.66833
6758	9.66817
6760	9.668
6762	9.66792
6764	9.66816
6766	9.66838
6768	9.66826
6770	9.66792
6772	9.66807
6774	9.66712
6776	9.66743
6778	9.66712
6780	9.66689
6782	9.6678
6784	9.66789
6786	9.66805
6788	9.66833
6790	9.66918
6792	9.66957
6794	9.66864
6796	9.66896
6798	9.66837
6800	9.66793
6802	9.6677
6804	9.66807
6806	9.66828
6808	9.66751
6810	9.66701
6812	9.66792
6814	9.66902
6816	9.67
6818	9.67152
6820	9.6733
6822	9.67548
6824	9.67763
6826	9.67897
6828	9.68098
6830	9.68274
6832	9.68382
6834	9.68276
6836	9.68206
6838	9.68167
6840	9.68032
6842	9.67971
6844	9.67773
6846	9.67599
6848	9.67452
6850	9.67319
6852	9.67342
6854	9.67355
6856	9.67315
6858	9.67245
6860	9.67288
6862	9.67249
6864	9.67148
6866	9.67072
6868	9.67046
6870	9.67063
6872	9.67079
6874	9.67127
6876	9.67119
6878	9.6701
6880	9.67064
6882	9.67005
6884	9.67023
6886	9.67027
6888	9.67093
6890	9.67175
6892	9.67108
6894	9.67078
6896	9.67069
6898	9.66967
6900	9.67052
6902	9.6705
6904	9.67003
6906	9.67036
6908	9.66983
6910	9.66923
6912	9.6685
6914	9.66911
6916	9.66948
6918	9.6691
6920	9.67021
6922	9.67029
6924	9.66948
6926	9.66953
6928	9.67013
6930	9.66987
6932	9.66978
6934	9.67056
6936	9.67079
6938	9.67038
6940	9.66975
6942	9.67042
6944	9.67081
6946	9.67081
6948	9.6708
6950	9.67011
6952	9.66963
6954	9.66981
6956	9.6702
6958	9.67006
6960	9.67037
6962	9.66996
6964	9.67103
6966	9.67122
6968	9.66987
6970	9.66885
6972	9.66943
6974	9.66906
6976	9.67017
6978	9.66937
6980	9.66975
6982	9.67019
6984	9.67075
6986	9.67035
6988	9.66966
6990	9.67021
6992	9.67077
6994	9.67107
6996	9.66996
6998	9.6704
7000	9.66989
7002	9.66976
7004	9.66973
7006	9.67084
7008	9.66969
7010	9.66858
7012	9.66874
7014	9.66836
7016	9.67052
7018	9.67286
7020	9.67383
7022	9.67617
7024	9.67787
7026	9.67983
7028	9.68175
7030	9.68473
7032	9.68647
7034	9.68649
7036	9.6856
7038	9.68449
7040	9.68293
7042	9.68158
7044	9.67947
7046	9.67913
7048	9.67923
7050	9.67777
7052	9.67695
7054	9.67622
7056	9.67565
7058	9.67511
7060	9.67426
7062	9.67391
7064	9.6732
7066	9.67332
7068	9.67364
7070	9.67267
7072	9.67262
7074	9.67216
7076	9.67179
7078	9.67185
7080	9.67259
7082	9.67199
7084	9.67228
7086	9.67166
7088	9.67128
7090	9.67211
7092	9.6732
7094	9.67251
7096	9.67221
7098	9.67253
7100	9.67243
7102	9.67237
7104	9.67244
7106	9.67327
7108	9.67337
7110	9.67265
7112	9.67269
7114	9.67157
7116	9.67085
7118	9.67178
7120	9.67164
7122	9.67158
7124	9.6722
7126	9.67226
7128	9.67266
7130	9.67319
7132	9.67216
7134	9.67186
7136	9.67129
7138	9.67169
7140	9.6716
7142	9.67133
7144	9.67159
7146	9.67035
7148	9.67068
7150	9.67132
7152	9.67153
7154	9.67154
7156	9.67129
7158	9.67188
7160	9.67188
7162	9.67196
7164	9.67265
7166	9.67284
7168	9.67316
7170	9.6734
7172	9.67409
7174	9.67394
7176	9.67333
7178	9.67213
7180	9.67166
7182	9.67216
7184	9.67246
7186	9.67291
7188	9.67258
7190	9.6731
7192	9.67304
7194	9.67366
7196	9.67318
7198	9.67293
7200	9.67247
7202	9.67276
7204	9.67356
7206	9.67376
7208	9.67247
7210	9.67165
7212	9.67203
7214	9.67333
7216	9.67431
7218	9.67554
7220	9.67668
7222	9.67693
7224	9.67801
7226	9.6795
7228	9.68187
7230	9.68312
7232	9.68384
7234	9.68468
7236	9.68517
7238	9.68482
7240	9.68437
7242	9.68355
7244	9.68209
7246	9.68088
7248	9.67983
7250	9.67862
7252	9.67747
7254	9.67751
7256	9.67753
7258	9.67682
7260	9.67557
7262	9.67523
7264	9.67563
7266	9.67574
7268	9.67526
7270	9.67568
7272	9.67631
7274	9.67622
7276	9.67619
7278	9.67589
7280	9.67588
7282	9.67476
7284	9.67413
7286	9.67494
7288	9.67526
7290	9.67514
7292	9.67443
7294	9.67483
7296	9.67454
7298	9.6744
7300	9.67422
7302	9.67389
7304	9.67385
7306	9.67417
7308	9.67447
7310	9.67468
7312	9.67512
7314	9.67442
7316	9.67457
7318	9.67394
7320	9.6739
7322	9.67433
7324	9.67455
7326	9.6752
7328	9.67412
7330	9.67368
7332	9.67403
7334	9.6742
7336	9.67475
7338	9.67412
7340	9.67397
7342	9.6738
7344	9.67427
7346	9.67358
7348	9.67436
7350	9.67454
7352	9.6731
7354	9.67281
7356	9.67344
7358	9.6743
7360	9.67448
7362	9.67516
7364	9.67567
7366	9.67511
7368	9.67516
7370	9.67507
7372	9.67467
7374	9.67444
7376	9.6747
7378	9.67474
7380	9.67409
7382	9.67446
7384	9.67497
7386	9.67492
7388	9.6746
7390	9.67456
7392	9.67492
7394	9.67449
7396	9.67452
7398	9.67545
7400	9.67653
7402	9.67674
7404	9.67601
7406	9.67521
7408	9.67409
7410	9.67319
7412	9.67378
7414	9.67453
7416	9.67558
7418	9.67778
7420	9.67974
7422	9.68135
7424	9.68323
7426	9.6854
7428	9.68792
7430	9.68886
7432	9.68912
7434	9.68922
7436	9.68869
7438	9.68791
7440	9.68696
7442	9.68588
7444	9.68538
7446	9.68491
7448	9.68335
7450	9.68144
7452	9.68111
7454	9.68034
7456	9.67904
7458	9.67901
7460	9.67963
7462	9.6791
7464	9.67879
7466	9.67825
7468	9.67796
7470	9.67647
7472	9.67574
7474	9.67601
7476	9.67661
7478	9.67658
7480	9.67759
7482	9.67826
7484	9.67857
7486	9.67777
7488	9.67622
7490	9.67522
7492	9.67606
7494	9.67699
7496	9.67669
7498	9.67669
7500	9.67723
7502	9.67681
7504	9.67641
7506	9.6765
7508	9.67676
7510	9.67652
7512	9.67672
7514	9.67609
7516	9.67599
7518	9.67575
7520	9.67572
7522	9.67623
7524	9.67615
7526	9.67653
7528	9.67687
7530	9.67743
7532	9.6769
7534	9.67703
7536	9.67603
7538	9.67625
7540	9.67595
7542	9.67552
7544	9.6755
7546	9.6757
7548	9.67578
7550	9.67575
7552	9.67557
7554	9.6755
7556	9.67538
7558	9.67598
7560	9.67467
7562	9.67468
7564	9.67493
7566	9.67528
7568	9.67563
7570	9.67492
7572	9.67552
7574	9.67563
7576	9.67571
7578	9.67574
7580	9.67581
7582	9.67679
7584	9.67628
7586	9.67667
7588	9.67612
7590	9.67678
7592	9.67676
7594	9.67554
7596	9.6763
7598	9.67695
7600	9.67705
7602	9.67679
7604	9.6764
7606	9.67601
7608	9.67446
7610	9.67373
7612	9.67387
7614	9.67408
7616	9.67506
7618	9.67785
7620	9.68105
7622	9.68346
7624	9.68464
7626	9.68568
7628	9.68807
7630	9.69055
7632	9.69139
7634	9.691
7636	9.68922
7638	9.68845
7640	9.68722
7642	9.68608
7644	9.68528
7646	9.68466
7648	9.68358
7650	9.68272
7652	9.68116
7654	9.68125
7656	9.68175
7658	9.68017
7660	9.67905
7662	9.67968
7664	9.67935
7666	9.67912
7668	9.67825
7670	9.67786
7672	9.67784
7674	9.67789
7676	9.67854
7678	9.67811
7680	9.67779
7682	9.67831
7684	9.67844
7686	9.67803
7688	9.67768
7690	9.67708
7692	9.67761
7694	9.67818
7696	9.678
7698	9.6777
7700	9.67741
7702	9.67681
7704	9.67628
7706	9.67642
7708	9.67691
7710	9.6774
7712	9.67789
7714	9.67838
7716	9.67845
7718	9.67813
7720	9.67587
7722	9.67539
7724	9.67547
7726	9.67534
7728	9.67688
7730	9.6766
7732	9.67699
7734	9.67641
7736	9.67602
7738	9.67514
7740	9.67613
7742	9.6771
7744	9.67652
7746	9.6764
7748	9.6764
7750	9.67616
7752	9.67587
7754	9.67564
7756	9.67643
7758	9.67656
7760	9.6771
7762	9.67676
7764	9.67593
7766	9.67617
7768	9.67723
7770	9.67726
7772	9.67733
7774	9.67652
7776	9.67681
7778	9.67711
7780	9.67758
7782	9.6769
7784	9.67669
7786	9.67734
7788	9.67779
7790	9.67735
7792	9.67636
7794	9.67715
7796	9.67685
7798	9.67683
7800	9.67714
7802	9.6788
