time	cp
2	9.76783
4	9.76685
6	9.76626
8	9.76671
10	9.76596
12	9.76608
14	9.76642
16	9.76548
18	9.76467
20	9.76517
22	9.76436
24	9.76505
26	9.76428
28	9.76372
30	9.76367
32	9.76442
34	9.76553
36	9.76577
38	9.76548
40	9.76526
42	9.76571
44	9.76593
46	9.7656
48	9.76559
50	9.76553
52	9.76516
54	9.765
56	9.76535
58	9.76565
60	9.76568
62	9.76647
64	9.76688
66	9.76628
68	9.76649
70	9.76568
72	9.76512
74	9.76534
76	9.76603
78	9.76546
80	9.76512
82	9.76551
84	9.76692
86	9.76755
88	9.76753
90	9.76715
92	9.76691
94	9.76685
96	9.76671
98	9.76645
100	9.76575
102	9.76629
104	9.76612
106	9.76573
108	9.76544
110	9.76516
112	9.76551
114	9.76552
116	9.76608
118	9.76647
120	9.76527
122	9.76592
124	9.76624
126	9.7657
128	9.76597
130	9.76577
132	9.76498
134	9.76596
136	9.76581
138	9.76486
140	9.76523
142	9.76534
144	9.76571
146	9.76552
148	9.76538
150	9.76603
152	9.76628
154	9.76632
156	9.76663
158	9.76549
160	9.76554
162	9.7654
164	9.76687
166	9.76755
168	9.76731
170	9.76591
172	9.76558
174	9.76565
176	9.76597
178	9.76613
180	9.76607
182	9.76505
184	9.76481
186	9.76478
188	9.7647
190	9.76457
192	9.76424
194	9.7642
196	9.76439
198	9.76508
200	9.76531
202	9.76533
204	9.76559
206	9.76585
208	9.76499
210	9.76465
212	9.76448
214	9.76431
216	9.76543
218	9.76566
220	9.76544
222	9.76563
224	9.76647
226	9.76666
228	9.7672
230	9.76739
232	9.76778
234	9.76785
236	9.76699
238	9.76718
240	9.76672
242	9.76703
244	9.76678
246	9.7662
248	9.76643
250	9.76626
252	9.76624
254	9.7663
256	9.76601
258	9.76618
260	9.76584
262	9.76602
264	9.76646
266	9.7673
268	9.76704
270	9.76667
272	9.76716
274	9.76687
276	9.76593
278	9.76598
280	9.76612
282	9.76642
284	9.76675
286	9.76681
288	9.76694
290	9.76636
292	9.76589
294	9.7663
296	9.76635
298	9.7676
300	9.76713
302	9.76752
304	9.76734
306	9.76707
308	9.7666
310	9.76587
312	9.76634
314	9.76514
316	9.76497
318	9.76548
320	9.76604
322	9.76687
324	9.7675
326	9.76796
328	9.76835
330	9.76722
332	9.76641
334	9.76596
336	9.76569
338	9.7665
340	9.76647
342	9.76639
344	9.76666
346	9.76515
348	9.76546
350	9.76527
352	9.76603
354	9.76688
356	9.76673
358	9.76677
360	9.76709
362	9.76616
364	9.76553
366	9.76532
368	9.76572
370	9.76607
372	9.76606
374	9.76675
376	9.76689
378	9.7666
380	9.76651
382	9.76682
384	9.76615
386	9.76614
388	9.76654
390	9.76661
392	9.76626
394	9.76608
396	9.76572
398	9.76674
400	9.76653
402	9.76703
404	9.76709
406	9.76651
408	9.76669
410	9.76638
412	9.76606
414	9.766
416	9.76647
418	9.76512
420	9.76469
422	9.76564
424	9.76618
426	9.76673
428	9.7666
430	9.76674
432	9.76719
434	9.76707
436	9.76677
438	9.76627
440	9.7656
442	9.76663
444	9.76591
446	9.76559
448	9.76566
450	9.76563
452	9.76609
454	9.76685
456	9.76662
458	9.76634
460	9.76662
462	9.7671
464	9.76791
466	9.76731
468	9.76754
470	9.76632
472	9.76563
474	9.76566
476	9.76633
478	9.7662
480	9.76681
482	9.76706
484	9.76666
486	9.76744
488	9.7676
490	9.76714
492	9.76712
494	9.76706
496	9.76626
498	9.76708
500	9.76702
502	9.76668
504	9.76665
506	9.76596
508	9.76619
510	9.76686
512	9.76675
514	9.76615
516	9.76529
518	9.76547
520	9.76596
522	9.76563
524	9.76519
526	9.76613
528	9.76712
530	9.76713
532	9.76662
534	9.76627
536	9.76641
538	9.76688
540	9.76622
542	9.76613
544	9.76608
546	9.76564
548	9.76592
550	9.76634
552	9.76645
554	9.76669
556	9.76569
558	9.76584
560	9.76684
562	9.76665
564	9.76604
566	9.76654
568	9.76654
570	9.76651
572	9.76673
574	9.76632
576	9.7656
578	9.76606
580	9.76684
582	9.76729
584	9.76658
586	9.76582
588	9.76605
590	9.76596
592	9.76516
594	9.76537
596	9.76628
598	9.76676
600	9.76779
602	9.76789
604	9.76724
606	9.7656
608	9.76382
610	9.76373
612	9.76524
614	9.76813
616	9.77322
618	9.77683
620	9.77958
622	9.78107
624	9.77996
626	9.77816
628	9.77618
630	9.77539
632	9.77502
634	9.77454
636	9.77322
638	9.77243
640	9.77229
642	9.77149
644	9.77022
646	9.77011
648	9.76967
650	9.76912
652	9.76889
654	9.76827
656	9.76758
658	9.76762
660	9.76769
662	9.76753
664	9.76716
666	9.76678
668	9.76675
670	9.7667
672	9.76702
674	9.76648
676	9.76679
678	9.76699
680	9.76798
682	9.76868
684	9.76839
686	9.76942
688	9.76884
690	9.76808
692	9.76881
694	9.76884
696	9.76873
698	9.76899
700	9.76863
702	9.76834
704	9.76755
706	9.76813
708	9.76804
710	9.76845
712	9.76855
714	9.76821
716	9.76815
718	9.76781
720	9.76819
722	9.76901
724	9.76938
726	9.76897
728	9.76851
730	9.769
732	9.76844
734	9.76886
736	9.76984
738	9.76951
740	9.76928
742	9.7696
744	9.76882
746	9.76795
748	9.76733
750	9.7674
752	9.76795
754	9.76811
756	9.76764
758	9.76805
760	9.7689
762	9.76945
764	9.76896
766	9.76871
768	9.76864
770	9.76832
772	9.76823
774	9.76817
776	9.76841
778	9.76854
780	9.76911
782	9.76857
784	9.76897
786	9.76957
788	9.76961
790	9.76945
792	9.76903
794	9.76963
796	9.76996
798	9.76892
800	9.7688
802	9.76876
804	9.76849
806	9.76941
808	9.7701
810	9.76988
812	9.7698
814	9.77008
816	9.76965
818	9.76906
820	9.76889
822	9.76891
824	9.76911
826	9.76979
828	9.76941
830	9.76982
832	9.76973
834	9.7684
836	9.76878
838	9.76977
840	9.76996
842	9.76894
844	9.76896
846	9.76972
848	9.76937
850	9.7685
852	9.76954
854	9.77027
856	9.77011
858	9.77
860	9.76896
862	9.76909
864	9.76965
866	9.7692
868	9.76871
870	9.76876
872	9.76981
874	9.77056
876	9.77055
878	9.7706
880	9.77021
882	9.77037
884	9.77034
886	9.76954
888	9.76912
890	9.76863
892	9.76874
894	9.76896
896	9.77012
898	9.77093
900	9.77039
902	9.76971
904	9.77036
906	9.77135
908	9.77084
910	9.76991
912	9.76983
914	9.76982
916	9.77012
918	9.77005
920	9.76978
922	9.76976
924	9.77044
926	9.7707
928	9.77153
930	9.77148
932	9.77096
934	9.77079
936	9.77107
938	9.77022
940	9.77055
942	9.7711
944	9.77128
946	9.7713
948	9.77151
950	9.77235
952	9.77224
954	9.77159
956	9.77191
958	9.77154
960	9.77155
962	9.77253
964	9.77223
966	9.77138
968	9.7712
970	9.77177
972	9.77136
974	9.77107
976	9.77105
978	9.77039
980	9.7707
982	9.77172
984	9.77231
986	9.77224
988	9.77236
990	9.7727
992	9.77208
994	9.77174
996	9.77169
998	9.77151
1000	9.77124
1002	9.77133
1004	9.77112
1006	9.7682
1008	9.76685
1010	9.7681
1012	9.76998
1014	9.77288
1016	9.77818
1018	9.78286
1020	9.78563
1022	9.78708
1024	9.78622
1026	9.78465
1028	9.78279
1030	9.7805
1032	9.77959
1034	9.778
1036	9.7772
1038	9.77648
1040	9.77575
1042	9.77457
1044	9.77498
1046	9.77445
1048	9.77382
1050	9.77385
1052	9.77355
1054	9.77374
1056	9.7737
1058	9.77415
1060	9.77365
1062	9.77321
1064	9.77351
1066	9.77202
1068	9.77146
1070	9.77206
1072	9.77323
1074	9.77405
1076	9.77337
1078	9.77182
1080	9.77118
1082	9.77191
1084	9.77217
1086	9.77204
1088	9.77173
1090	9.77154
1092	9.77219
1094	9.77207
1096	9.77216
1098	9.77267
1100	9.77195
1102	9.77147
1104	9.77133
1106	9.77086
1108	9.77196
1110	9.77166
1112	9.77167
1114	9.77278
1116	9.77337
1118	9.77338
1120	9.77237
1122	9.77296
1124	9.77417
1126	9.77384
1128	9.77399
1130	9.77339
1132	9.77339
1134	9.7736
1136	9.77358
1138	9.77402
1140	9.77313
1142	9.77302
1144	9.77409
1146	9.77334
1148	9.77301
1150	9.77346
1152	9.77336
1154	9.77337
1156	9.77393
1158	9.77469
1160	9.77473
1162	9.77408
1164	9.77338
1166	9.77398
1168	9.77376
1170	9.77395
1172	9.77493
1174	9.77509
1176	9.77466
1178	9.77435
1180	9.7741
1182	9.77462
1184	9.77549
1186	9.77584
1188	9.77542
1190	9.77478
1192	9.77363
1194	9.77306
1196	9.7726
1198	9.77401
1200	9.77474
1202	9.77393
1204	9.77417
1206	9.77424
1208	9.77397
1210	9.77369
1212	9.77403
1214	9.7752
1216	9.77496
1218	9.77514
1220	9.77556
1222	9.77537
1224	9.77495
1226	9.77507
1228	9.77469
1230	9.77453
1232	9.7747
1234	9.77431
1236	9.77334
1238	9.77432
1240	9.7748
1242	9.77387
1244	9.77485
1246	9.77554
1248	9.775
1250	9.77461
1252	9.77519
1254	9.77475
1256	9.77355
1258	9.77365
1260	9.77416
1262	9.77371
1264	9.77364
1266	9.77415
1268	9.77488
1270	9.77485
1272	9.77576
1274	9.77596
1276	9.77433
1278	9.77445
1280	9.77419
1282	9.77383
1284	9.77382
1286	9.77479
1288	9.7752
1290	9.77482
1292	9.77512
1294	9.77507
1296	9.77505
1298	9.77542
1300	9.77539
1302	9.77519
1304	9.77549
1306	9.775
1308	9.77444
1310	9.77432
1312	9.77484
1314	9.77478
1316	9.774
1318	9.77342
1320	9.77412
1322	9.7751
1324	9.77533
1326	9.77489
1328	9.77425
1330	9.77468
1332	9.7752
1334	9.77543
1336	9.77554
1338	9.77491
1340	9.77485
1342	9.77491
1344	9.77552
1346	9.77505
1348	9.77492
1350	9.77512
1352	9.77522
1354	9.77568
1356	9.77584
1358	9.77566
1360	9.77569
1362	9.77607
1364	9.77653
1366	9.77674
1368	9.77638
1370	9.77662
1372	9.77643
1374	9.77554
1376	9.77603
1378	9.77578
1380	9.77522
1382	9.77562
1384	9.77548
1386	9.77505
1388	9.77495
1390	9.77515
1392	9.77528
1394	9.77564
1396	9.77579
1398	9.77657
1400	9.77703
1402	9.7766
1404	9.77683
1406	9.7748
1408	9.77231
1410	9.7721
1412	9.77295
1414	9.77697
1416	9.78272
1418	9.78746
1420	9.7907
1422	9.79124
1424	9.79043
1426	9.78936
1428	9.7874
1430	9.78621
1432	9.78531
1434	9.78431
1436	9.78314
1438	9.78146
1440	9.7807
1442	9.7805
1444	9.77966
1446	9.77909
1448	9.77875
1450	9.77748
1452	9.77692
1454	9.77685
1456	9.77683
1458	9.77696
1460	9.7771
1462	9.77624
1464	9.77592
1466	9.77616
1468	9.77642
1470	9.7769
1472	9.77675
1474	9.77702
1476	9.77712
1478	9.77707
1480	9.77649
1482	9.7771
1484	9.77769
1486	9.77792
1488	9.77766
1490	9.77713
1492	9.77611
1494	9.77657
1496	9.7772
1498	9.77679
1500	9.77684
1502	9.77732
1504	9.77756
1506	9.77786
1508	9.77808
1510	9.77867
1512	9.77824
1514	9.77827
1516	9.77738
1518	9.77751
1520	9.7781
1522	9.77846
1524	9.77878
1526	9.77824
1528	9.77752
1530	9.77706
1532	9.77733
1534	9.77806
1536	9.77801
1538	9.7783
1540	9.77806
1542	9.77715
1544	9.77717
1546	9.77679
1548	9.77655
1550	9.77596
1552	9.77561
1554	9.77651
1556	9.777
1558	9.77654
1560	9.777
1562	9.77753
1564	9.77692
1566	9.77688
1568	9.7762
1570	9.77623
1572	9.77617
1574	9.7761
1576	9.77624
1578	9.77661
1580	9.77693
1582	9.77726
1584	9.77805
1586	9.77762
1588	9.77821
1590	9.77837
1592	9.77968
1594	9.78062
1596	9.78035
1598	9.77939
1600	9.77872
1602	9.77911
1604	9.77876
1606	9.77838
1608	9.7793
1610	9.77854
1612	9.77797
1614	9.77851
1616	9.7796
1618	9.78003
1620	9.78001
1622	9.77911
1624	9.77857
1626	9.77811
1628	9.77898
1630	9.77906
1632	9.77923
1634	9.77898
1636	9.77848
1638	9.77846
1640	9.77891
1642	9.77909
1644	9.77904
1646	9.77876
1648	9.77949
1650	9.77982
1652	9.78053
1654	9.78016
1656	9.77936
1658	9.77952
1660	9.7792
1662	9.77925
1664	9.77881
1666	9.77881
1668	9.77893
1670	9.77888
1672	9.77886
1674	9.77972
1676	9.7799
1678	9.77872
1680	9.77859
1682	9.77969
1684	9.77982
1686	9.77904
1688	9.77874
1690	9.77936
1692	9.77877
1694	9.77931
1696	9.77879
1698	9.77808
1700	9.77928
1702	9.7794
1704	9.77815
1706	9.77886
1708	9.77905
1710	9.77899
1712	9.77907
1714	9.77879
1716	9.77889
1718	9.77844
1720	9.7781
1722	9.77896
1724	9.7787
1726	9.77878
1728	9.77879
1730	9.779
1732	9.77915
1734	9.77973
1736	9.77914
1738	9.77947
1740	9.77949
1742	9.77954
1744	9.78007
1746	9.77944
1748	9.77912
1750	9.77907
1752	9.77887
1754	9.77933
1756	9.77889
1758	9.77862
1760	9.77835
1762	9.7784
1764	9.77754
1766	9.77777
1768	9.77764
1770	9.77703
1772	9.77668
1774	9.77717
1776	9.77745
1778	9.77716
1780	9.77697
1782	9.77781
1784	9.77835
1786	9.77905
1788	9.77828
1790	9.77832
1792	9.779
1794	9.77933
1796	9.77837
1798	9.77759
1800	9.7781
1802	9.77882
1804	9.77816
1806	9.77514
1808	9.77249
1810	9.7729
1812	9.77459
1814	9.77767
1816	9.78409
1818	9.78827
1820	9.79031
1822	9.79171
1824	9.79167
1826	9.79049
1828	9.7894
1830	9.78873
1832	9.78758
1834	9.78649
1836	9.78534
1838	9.78395
1840	9.78282
1842	9.78187
1844	9.78084
1846	9.78018
1848	9.78024
1850	9.78065
1852	9.77981
1854	9.77889
1856	9.77851
1858	9.77756
1860	9.77727
1862	9.77743
1864	9.77779
1866	9.77834
1868	9.77811
1870	9.77822
1872	9.77815
1874	9.77797
1876	9.77768
1878	9.77772
1880	9.77724
1882	9.77769
1884	9.77766
1886	9.77746
1888	9.77687
1890	9.77691
1892	9.77756
1894	9.77868
1896	9.77755
1898	9.77715
1900	9.77737
1902	9.77763
1904	9.77716
1906	9.7783
1908	9.77837
1910	9.77822
1912	9.77699
1914	9.77701
1916	9.77726
1918	9.77762
1920	9.77698
1922	9.7761
1924	9.77593
1926	9.77624
1928	9.77679
1930	9.77685
1932	9.77683
1934	9.77703
1936	9.77714
1938	9.77697
1940	9.77593
1942	9.77595
1944	9.77633
1946	9.77587
1948	9.7762
1950	9.77637
1952	9.7764
1954	9.77658
1956	9.77637
1958	9.77663
1960	9.77647
1962	9.77622
1964	9.77677
1966	9.77711
1968	9.77736
1970	9.77782
1972	9.77652
1974	9.77597
1976	9.77479
1978	9.77448
1980	9.77459
1982	9.77495
1984	9.77449
1986	9.77412
1988	9.77498
1990	9.77465
1992	9.77421
1994	9.77471
1996	9.77462
1998	9.77456
2000	9.7749
2002	9.77444
2004	9.77478
2006	9.77462
2008	9.77476
2010	9.77567
2012	9.77548
2014	9.77487
2016	9.77357
2018	9.77322
2020	9.77247
2022	9.77235
2024	9.77318
2026	9.77398
2028	9.77462
2030	9.77461
2032	9.77469
2034	9.77398
2036	9.77346
2038	9.77222
2040	9.77251
2042	9.77383
2044	9.77436
2046	9.77425
2048	9.77387
2050	9.77361
2052	9.7733
2054	9.77275
2056	9.77239
2058	9.77343
2060	9.77419
2062	9.77428
2064	9.77426
2066	9.77459
2068	9.7742
2070	9.77464
2072	9.77433
2074	9.77354
2076	9.77287
2078	9.77292
2080	9.77291
2082	9.77353
2084	9.77342
2086	9.77343
2088	9.77421
2090	9.77396
2092	9.77321
2094	9.77211
2096	9.77187
2098	9.77236
2100	9.77301
2102	9.77319
2104	9.77373
2106	9.77295
2108	9.77237
2110	9.77315
2112	9.77302
2114	9.77234
2116	9.77336
2118	9.77341
2120	9.77293
2122	9.77289
2124	9.77266
2126	9.77229
2128	9.77216
2130	9.7719
2132	9.77212
2134	9.77173
2136	9.77205
2138	9.77141
2140	9.77069
2142	9.771
2144	9.77121
2146	9.77066
2148	9.77122
2150	9.77136
2152	9.77122
2154	9.77119
2156	9.77188
2158	9.77269
2160	9.77246
2162	9.77249
2164	9.77255
2166	9.77249
2168	9.77255
2170	9.7731
2172	9.77308
2174	9.77175
2176	9.77126
2178	9.77207
2180	9.77196
2182	9.77175
2184	9.77117
2186	9.77184
2188	9.77222
2190	9.77235
2192	9.77284
2194	9.77251
2196	9.77247
2198	9.77185
2200	9.77142
2202	9.77045
2204	9.77014
2206	9.76858
2208	9.76482
2210	9.76467
2212	9.7676
2214	9.77075
2216	9.77604
2218	9.78186
2220	9.78469
2222	9.78525
2224	9.78529
2226	9.78487
2228	9.78353
2230	9.7825
2232	9.78095
2234	9.77965
2236	9.77856
2238	9.77737
2240	9.77672
2242	9.77647
2244	9.7751
2246	9.77444
2248	9.77391
2250	9.7741
2252	9.77406
2254	9.77462
2256	9.77475
2258	9.77422
2260	9.77335
2262	9.77402
2264	9.77386
2266	9.77325
2268	9.77277
2270	9.77312
2272	9.77273
2274	9.77277
2276	9.77196
2278	9.77217
2280	9.77219
2282	9.77181
2284	9.77223
2286	9.77198
2288	9.77223
2290	9.77244
2292	9.77179
2294	9.77189
2296	9.77146
2298	9.77199
2300	9.77277
2302	9.77226
2304	9.7723
2306	9.77347
2308	9.77366
2310	9.7732
2312	9.77243
2314	9.77304
2316	9.77304
2318	9.77243
2320	9.7727
2322	9.77298
2324	9.77238
2326	9.7712
2328	9.77141
2330	9.77187
2332	9.77128
2334	9.77081
2336	9.77105
2338	9.77106
2340	9.77118
2342	9.77141
2344	9.77147
2346	9.77116
2348	9.77125
2350	9.77106
2352	9.77122
2354	9.77124
2356	9.77127
2358	9.77119
2360	9.77062
2362	9.77073
2364	9.77074
2366	9.77073
2368	9.77156
2370	9.77144
2372	9.77048
2374	9.77008
2376	9.77089
2378	9.77082
2380	9.77063
2382	9.77048
2384	9.77049
2386	9.7697
2388	9.76976
2390	9.7697
2392	9.76893
2394	9.76966
2396	9.77062
2398	9.77041
2400	9.76995
2402	9.76948
2404	9.76937
2406	9.76977
2408	9.7697
2410	9.76924
2412	9.76874
2414	9.7691
2416	9.76966
2418	9.77054
2420	9.77121
2422	9.77026
2424	9.76991
2426	9.77017
2428	9.77051
2430	9.76953
2432	9.76848
2434	9.76883
2436	9.76955
2438	9.76894
2440	9.7688
2442	9.7692
2444	9.76925
2446	9.76947
2448	9.76998
2450	9.76912
2452	9.76794
2454	9.76688
2456	9.76675
2458	9.76764
2460	9.76782
2462	9.76738
2464	9.76732
2466	9.76762
2468	9.76685
2470	9.76643
2472	9.76693
2474	9.76808
2476	9.76842
2478	9.76847
2480	9.76817
2482	9.76863
2484	9.76882
2486	9.76917
2488	9.7696
2490	9.76919
2492	9.76937
2494	9.76912
2496	9.7686
2498	9.76762
2500	9.76824
2502	9.76949
2504	9.76847
2506	9.76825
2508	9.7687
2510	9.76877
2512	9.76875
2514	9.76813
2516	9.76738
2518	9.76721
2520	9.76753
2522	9.76819
2524	9.76857
2526	9.7679
2528	9.76801
2530	9.76758
2532	9.76734
2534	9.76721
2536	9.76706
2538	9.76691
2540	9.76722
2542	9.76787
2544	9.76776
2546	9.76844
2548	9.76824
2550	9.76779
2552	9.76809
2554	9.76822
2556	9.76824
2558	9.7677
2560	9.76617
2562	9.76633
2564	9.76778
2566	9.76886
2568	9.76931
2570	9.76812
2572	9.7681
2574	9.76874
2576	9.76832
2578	9.76775
2580	9.76777
2582	9.76789
2584	9.76748
2586	9.76775
2588	9.76819
2590	9.76849
2592	9.76844
2594	9.76831
2596	9.76824
2598	9.76773
2600	9.76748
2602	9.76792
2604	9.76741
2606	9.76553
2608	9.76351
2610	9.76216
2612	9.76351
2614	9.76624
2616	9.77192
2618	9.77713
2620	9.7803
2622	9.78129
2624	9.78015
2626	9.77991
2628	9.77901
2630	9.77759
2632	9.77653
2634	9.77551
2636	9.77438
2638	9.77262
2640	9.77115
2642	9.77075
2644	9.77072
2646	9.77042
2648	9.76976
2650	9.76959
2652	9.77058
2654	9.77114
2656	9.77005
2658	9.76933
2660	9.76888
2662	9.76837
2664	9.76763
2666	9.76769
2668	9.76888
2670	9.76893
2672	9.76792
2674	9.76781
2676	9.76841
2678	9.76844
2680	9.76919
2682	9.76933
2684	9.76856
2686	9.76898
2688	9.76875
2690	9.76897
2692	9.76906
2694	9.76923
2696	9.76931
2698	9.76913
2700	9.76863
2702	9.76813
2704	9.76757
2706	9.768
2708	9.76877
2710	9.7693
2712	9.76906
2714	9.76769
2716	9.76732
2718	9.76705
2720	9.76749
2722	9.76815
2724	9.76809
2726	9.76781
2728	9.76767
2730	9.76795
2732	9.76814
2734	9.76692
2736	9.76798
2738	9.769
2740	9.76777
2742	9.76699
2744	9.76684
2746	9.76586
2748	9.76713
2750	9.76765
2752	9.76749
2754	9.76677
2756	9.76695
2758	9.76764
2760	9.76746
2762	9.76701
2764	9.76717
2766	9.76723
2768	9.76679
2770	9.76704
2772	9.76827
2774	9.76848
2776	9.76846
2778	9.76765
2780	9.76686
2782	9.76628
2784	9.76609
2786	9.76606
2788	9.76656
2790	9.76723
2792	9.76762
2794	9.76652
2796	9.76632
2798	9.76579
2800	9.76539
2802	9.76493
2804	9.76598
2806	9.76763
2808	9.76774
2810	9.76829
2812	9.76788
2814	9.76698
2816	9.76702
2818	9.76694
2820	9.76626
2822	9.76623
2824	9.76678
2826	9.76635
2828	9.76656
2830	9.76706
2832	9.76641
2834	9.76603
2836	9.76622
2838	9.76507
2840	9.76494
2842	9.76596
2844	9.76595
2846	9.76501
2848	9.76466
2850	9.76505
2852	9.76494
2854	9.7652
2856	9.76493
2858	9.76444
2860	9.76487
2862	9.76367
2864	9.76375
2866	9.764
2868	9.76381
2870	9.76304
2872	9.76375
2874	9.76352
2876	9.76335
2878	9.76407
2880	9.76434
2882	9.76497
2884	9.76479
2886	9.76542
2888	9.76543
2890	9.76572
2892	9.7655
2894	9.76514
2896	9.76468
2898	9.76529
2900	9.76544
2902	9.76554
2904	9.76531
2906	9.76437
2908	9.76448
2910	9.76483
2912	9.76578
2914	9.76502
2916	9.76455
2918	9.76393
2920	9.76362
2922	9.76419
2924	9.76408
2926	9.76483
2928	9.76491
2930	9.76413
2932	9.76435
2934	9.76374
2936	9.76382
2938	9.76305
2940	9.7623
2942	9.7618
2944	9.76287
2946	9.76333
2948	9.76331
2950	9.76296
2952	9.76313
2954	9.76317
2956	9.76335
2958	9.76434
2960	9.76445
2962	9.76419
2964	9.76389
2966	9.76352
2968	9.76341
2970	9.76393
2972	9.76408
2974	9.7652
2976	9.76429
2978	9.76383
2980	9.76396
2982	9.76341
2984	9.76305
2986	9.76347
2988	9.76397
2990	9.76326
2992	9.76299
2994	9.76335
2996	9.76351
2998	9.76369
3000	9.76319
3002	9.76324
3004	9.7637
3006	9.76338
3008	9.76128
3010	9.76
3012	9.75954
3014	9.76036
3016	9.76063
3018	9.76054
3020	9.76192
3022	9.7629
3024	9.76391
3026	9.76563
3028	9.76727
3030	9.7691
3032	9.76907
3034	9.76847
3036	9.76798
3038	9.76702
3040	9.76581
3042	9.76486
3044	9.76409
3046	9.76437
3048	9.76434
3050	9.76399
3052	9.76259
3054	9.76165
3056	9.76121
3058	9.7605
3060	9.76164
3062	9.76125
3064	9.76
3066	9.75951
3068	9.75924
3070	9.75938
3072	9.75926
3074	9.75944
3076	9.75834
3078	9.75886
3080	9.75959
3082	9.75904
3084	9.75836
3086	9.75922
3088	9.75921
3090	9.75979
3092	9.76065
3094	9.76151
3096	9.76168
3098	9.76097
3100	9.76119
3102	9.76094
3104	9.76184
3106	9.76273
3108	9.76269
3110	9.76313
3112	9.7628
3114	9.76324
3116	9.76317
3118	9.76391
3120	9.76475
3122	9.7644
3124	9.76345
3126	9.76299
3128	9.76341
3130	9.76392
3132	9.76426
3134	9.76433
3136	9.76416
3138	9.76312
3140	9.76291
3142	9.76397
3144	9.76357
3146	9.7635
3148	9.76373
3150	9.76403
3152	9.76431
3154	9.76384
3156	9.76343
3158	9.76319
3160	9.76338
3162	9.76354
3164	9.76322
3166	9.763
3168	9.76342
3170	9.76319
3172	9.76381
3174	9.76313
3176	9.76356
3178	9.76359
3180	9.76339
3182	9.76363
3184	9.76318
3186	9.76305
3188	9.76303
3190	9.76307
3192	9.76329
3194	9.76322
3196	9.76349
3198	9.76327
3200	9.76163
3202	9.76227
3204	9.76332
3206	9.76341
3208	9.76337
3210	9.76317
3212	9.76266
3214	9.76269
3216	9.76245
3218	9.76227
3220	9.76243
3222	9.76352
3224	9.76262
3226	9.76255
3228	9.76303
3230	9.76336
3232	9.7626
3234	9.76228
3236	9.76289
3238	9.76252
3240	9.76203
3242	9.76193
3244	9.76212
3246	9.76256
3248	9.76249
3250	9.76314
3252	9.76289
3254	9.76296
3256	9.76311
3258	9.76351
3260	9.7628
3262	9.76207
3264	9.76195
3266	9.76148
3268	9.762
3270	9.76239
3272	9.76146
3274	9.7614
3276	9.76165
3278	9.76247
3280	9.76178
3282	9.76108
3284	9.76158
3286	9.76115
3288	9.76152
3290	9.76169
3292	9.76186
3294	9.76159
3296	9.76228
3298	9.7624
3300	9.76191
3302	9.76129
3304	9.76142
3306	9.7612
3308	9.76032
3310	9.75997
3312	9.76075
3314	9.76079
3316	9.76077
3318	9.76038
3320	9.75968
3322	9.75985
3324	9.75979
3326	9.75916
3328	9.76012
3330	9.76055
3332	9.7604
3334	9.76033
3336	9.76069
3338	9.76088
3340	9.76071
3342	9.76118
3344	9.76126
3346	9.76016
3348	9.76031
3350	9.75997
3352	9.7596
3354	9.76065
3356	9.76042
3358	9.76025
3360	9.76071
3362	9.7614
3364	9.76135
3366	9.7603
3368	9.75979
3370	9.75962
3372	9.75945
3374	9.75844
3376	9.75926
3378	9.75948
3380	9.76028
3382	9.76115
3384	9.76031
3386	9.76079
3388	9.76052
3390	9.75991
3392	9.75968
3394	9.7597
3396	9.76039
3398	9.76004
3400	9.75881
3402	9.75802
3404	9.75871
3406	9.75935
3408	9.75753
3410	9.75611
3412	9.75614
3414	9.75662
3416	9.75807
3418	9.75795
3420	9.75847
3422	9.75925
3424	9.75994
3426	9.76173
3428	9.76418
3430	9.766
3432	9.76657
3434	9.7663
3436	9.76633
3438	9.76686
3440	9.7662
3442	9.76503
3444	9.76462
3446	9.76454
3448	9.76395
3450	9.76333
3452	9.76363
3454	9.76305
3456	9.76247
3458	9.76291
3460	9.76184
3462	9.76219
3464	9.762
3466	9.76114
3468	9.76182
3470	9.76145
3472	9.7607
3474	9.76129
3476	9.76215
3478	9.76277
3480	9.76199
3482	9.76252
3484	9.76244
3486	9.76095
3488	9.76171
3490	9.76168
3492	9.76163
3494	9.76094
3496	9.76087
3498	9.7606
3500	9.76009
3502	9.75942
3504	9.7598
3506	9.75948
3508	9.75969
3510	9.75904
3512	9.75886
3514	9.75928
3516	9.75991
3518	9.76013
3520	9.75999
3522	9.7605
3524	9.76091
3526	9.76033
3528	9.76006
3530	9.7599
3532	9.76003
3534	9.75979
3536	9.75909
3538	9.75958
3540	9.75978
3542	9.75936
3544	9.75938
3546	9.75964
3548	9.75996
3550	9.75981
3552	9.7608
3554	9.7604
3556	9.76007
3558	9.76028
3560	9.76053
3562	9.76082
3564	9.75961
3566	9.75963
3568	9.75991
3570	9.76032
3572	9.76077
3574	9.7604
3576	9.76005
3578	9.76039
3580	9.75985
3582	9.75936
3584	9.7596
3586	9.75948
3588	9.75884
3590	9.75953
3592	9.75978
3594	9.75968
3596	9.75999
3598	9.75911
3600	9.75865
3602	9.75996
3604	9.75992
3606	9.75987
3608	9.75991
3610	9.76027
3612	9.7604
3614	9.75905
3616	9.75978
3618	9.76017
3620	9.75986
3622	9.75949
3624	9.75934
3626	9.75967
3628	9.7593
3630	9.75882
3632	9.75897
3634	9.75781
3636	9.75802
3638	9.759
3640	9.75858
3642	9.75807
3644	9.75853
3646	9.7581
3648	9.75848
3650	9.75913
3652	9.75851
3654	9.75846
3656	9.75882
3658	9.75855
3660	9.75976
3662	9.75942
3664	9.75922
3666	9.75873
3668	9.75858
3670	9.75897
3672	9.7586
3674	9.75873
3676	9.75989
3678	9.76015
3680	9.75926
3682	9.75903
3684	9.75913
3686	9.75985
3688	9.76019
3690	9.76014
3692	9.75958
3694	9.75913
3696	9.75823
3698	9.75852
3700	9.75859
3702	9.75881
3704	9.75837
3706	9.757
3708	9.75746
3710	9.75824
3712	9.75835
3714	9.75848
3716	9.75852
3718	9.7582
3720	9.7581
3722	9.75722
3724	9.75725
3726	9.75729
3728	9.75739
3730	9.75737
3732	9.75709
3734	9.75787
3736	9.75788
3738	9.75815
3740	9.75855
3742	9.75837
3744	9.75787
3746	9.75769
3748	9.75733
3750	9.75711
3752	9.75776
3754	9.7568
3756	9.75628
3758	9.7561
3760	9.75621
3762	9.75638
3764	9.75682
3766	9.75698
3768	9.75733
3770	9.75747
3772	9.75661
3774	9.75593
3776	9.75671
3778	9.75693
3780	9.75686
3782	9.75693
3784	9.75715
3786	9.75683
3788	9.75746
3790	9.75734
3792	9.75546
3794	9.75573
3796	9.75581
3798	9.75648
3800	9.75642
3802	9.75563
3804	9.75542
3806	9.75493
3808	9.7534
3810	9.75222
3812	9.75211
3814	9.75267
3816	9.75333
3818	9.7541
3820	9.75509
3822	9.75671
3824	9.75793
3826	9.75952
3828	9.76301
3830	9.76541
3832	9.76628
3834	9.76629
3836	9.76609
3838	9.76516
3840	9.76489
3842	9.76477
3844	9.76422
3846	9.76324
3848	9.76333
3850	9.76277
3852	9.76233
3854	9.76155
3856	9.76107
3858	9.76003
3860	9.76024
3862	9.75999
3864	9.76037
3866	9.76075
3868	9.76068
3870	9.76032
3872	9.75936
3874	9.75925
3876	9.75951
3878	9.75855
3880	9.75822
3882	9.75893
3884	9.75934
3886	9.7587
3888	9.75883
3890	9.75998
3892	9.76024
3894	9.76039
3896	9.76029
3898	9.76064
3900	9.75933
3902	9.75956
3904	9.75965
3906	9.75939
3908	9.7599
3910	9.76061
3912	9.76061
3914	9.76153
3916	9.76013
3918	9.75845
3920	9.75864
3922	9.75895
3924	9.75873
3926	9.75904
3928	9.75929
3930	9.75945
3932	9.75933
3934	9.75912
3936	9.75962
3938	9.76019
3940	9.75884
3942	9.75882
3944	9.75921
3946	9.76053
3948	9.76038
3950	9.76023
3952	9.75916
3954	9.75868
3956	9.75857
3958	9.7577
3960	9.75775
3962	9.75762
3964	9.75771
3966	9.75884
3968	9.7584
3970	9.75813
3972	9.75798
3974	9.75784
3976	9.7584
3978	9.75892
3980	9.75919
3982	9.75862
3984	9.75779
3986	9.75867
3988	9.75939
3990	9.7595
3992	9.75916
3994	9.75882
3996	9.75873
3998	9.75848
4000	9.75784
4002	9.75745
4004	9.75771
4006	9.75739
4008	9.75701
4010	9.75751
4012	9.7572
4014	9.7565
4016	9.75632
4018	9.75698
4020	9.75788
4022	9.75893
4024	9.75924
4026	9.75912
4028	9.76012
4030	9.75965
4032	9.75839
4034	9.75747
4036	9.75798
4038	9.75774
4040	9.75788
4042	9.75746
4044	9.7575
4046	9.75697
4048	9.75662
4050	9.75707
4052	9.75707
4054	9.75708
4056	9.7574
4058	9.75734
4060	9.75737
4062	9.7579
4064	9.7579
4066	9.7575
4068	9.75741
4070	9.757
4072	9.75666
4074	9.75623
4076	9.75584
4078	9.75646
4080	9.75682
4082	9.75792
4084	9.75829
4086	9.75792
4088	9.75748
4090	9.75747
4092	9.75701
4094	9.75681
4096	9.75605
4098	9.75611
4100	9.7567
4102	9.75686
4104	9.75706
4106	9.75602
4108	9.75654
4110	9.7578
4112	9.75881
4114	9.75892
4116	9.75773
4118	9.75651
4120	9.75636
4122	9.75633
4124	9.75648
4126	9.75605
4128	9.75629
4130	9.75663
4132	9.75616
4134	9.75622
4136	9.75636
4138	9.75645
4140	9.75667
4142	9.75702
4144	9.75729
4146	9.75762
4148	9.75739
4150	9.75711
4152	9.75709
4154	9.75663
4156	9.75605
4158	9.75603
4160	9.75597
4162	9.75546
4164	9.75551
4166	9.75671
4168	9.75729
4170	9.75617
4172	9.75564
4174	9.7563
4176	9.75578
4178	9.75555
4180	9.75538
4182	9.75573
4184	9.75557
4186	9.75581
4188	9.75598
4190	9.75605
4192	9.75597
4194	9.75546
4196	9.75519
4198	9.75602
4200	9.75615
4202	9.75621
4204	9.75695
4206	9.75604
4208	9.75452
4210	9.75365
4212	9.75277
4214	9.75319
4216	9.75284
4218	9.75238
4220	9.75317
4222	9.75397
4224	9.75529
4226	9.75704
4228	9.75914
4230	9.76124
4232	9.76138
4234	9.76146
4236	9.7605
4238	9.76101
4240	9.76072
4242	9.76086
4244	9.76059
4246	9.76024
4248	9.76103
4250	9.75979
4252	9.75884
4254	9.75854
4256	9.75793
4258	9.7574
4260	9.75745
4262	9.75767
4264	9.7567
4266	9.75642
4268	9.75623
4270	9.75564
4272	9.7556
4274	9.7566
4276	9.75632
4278	9.75595
4280	9.75707
4282	9.75808
4284	9.75838
4286	9.75819
4288	9.75705
4290	9.7562
4292	9.7555
4294	9.75571
4296	9.75542
4298	9.75581
4300	9.7559
4302	9.75568
4304	9.75556
4306	9.75551
4308	9.75598
4310	9.75592
4312	9.75602
4314	9.75616
4316	9.75666
4318	9.75608
4320	9.75495
4322	9.7551
4324	9.75636
4326	9.75612
4328	9.75687
4330	9.75687
4332	9.7558
4334	9.75481
4336	9.75477
4338	9.75497
4340	9.7555
4342	9.7556
4344	9.75576
4346	9.75625
4348	9.75515
4350	9.75443
4352	9.75493
4354	9.75515
4356	9.75486
4358	9.75433
4360	9.75381
4362	9.75367
4364	9.7541
4366	9.7547
4368	9.75477
4370	9.75476
4372	9.75428
4374	9.75461
4376	9.75526
4378	9.75554
4380	9.75525
4382	9.75574
4384	9.75551
4386	9.75491
4388	9.75471
4390	9.7548
4392	9.75466
4394	9.75528
4396	9.75581
4398	9.75547
4400	9.75536
4402	9.75523
4404	9.75519
4406	9.75541
4408	9.7553
4410	9.75536
4412	9.75598
4414	9.75567
4416	9.75557
4418	9.75568
4420	9.75457
4422	9.75342
4424	9.7532
4426	9.75391
4428	9.75447
4430	9.75454
4432	9.75464
4434	9.75359
4436	9.75368
4438	9.7545
4440	9.755
4442	9.75366
4444	9.75269
4446	9.75311
4448	9.75379
4450	9.75433
4452	9.75382
4454	9.7538
4456	9.75489
4458	9.75473
4460	9.75473
4462	9.75417
4464	9.75364
4466	9.75314
4468	9.75323
4470	9.75325
4472	9.75311
4474	9.75367
4476	9.75453
4478	9.75503
4480	9.755
4482	9.75429
4484	9.75336
4486	9.75319
4488	9.75332
4490	9.75282
4492	9.75298
4494	9.75343
4496	9.75413
4498	9.75413
4500	9.75406
4502	9.75314
4504	9.75304
4506	9.75327
4508	9.75231
4510	9.75166
4512	9.75173
4514	9.75143
4516	9.75062
4518	9.75054
4520	9.74989
4522	9.74916
4524	9.75024
4526	9.74973
4528	9.74919
4530	9.74813
4532	9.74776
4534	9.74865
4536	9.74854
4538	9.7478
4540	9.74669
4542	9.74785
4544	9.74834
4546	9.74925
4548	9.74847
4550	9.74746
4552	9.74729
4554	9.74801
4556	9.74789
4558	9.74793
4560	9.74791
4562	9.74772
4564	9.7481
4566	9.7486
4568	9.74924
4570	9.74863
4572	9.74855
4574	9.74832
4576	9.74798
4578	9.74782
4580	9.74852
4582	9.74934
4584	9.74918
4586	9.74873
4588	9.74832
4590	9.7481
4592	9.74857
4594	9.74851
4596	9.74832
4598	9.74902
4600	9.74871
4602	9.74865
4604	9.74888
4606	9.74846
4608	9.74647
4610	9.74527
4612	9.74601
4614	9.74682
4616	9.74759
4618	9.74811
4620	9.74883
4622	9.7494
4624	9.7506
4626	9.75185
4628	9.75386
4630	9.75513
4632	9.75593
4634	9.75575
4636	9.7561
4638	9.756
4640	9.75572
4642	9.75586
4644	9.7554
4646	9.75443
4648	9.75465
4650	9.75381
4652	9.75312
4654	9.75365
4656	9.75246
4658	9.75242
4660	9.75284
4662	9.75276
4664	9.75251
4666	9.75222
4668	9.75254
4670	9.75277
4672	9.75267
4674	9.75199
4676	9.75172
4678	9.75263
4680	9.75252
4682	9.75252
4684	9.75243
4686	9.7527
4688	9.75283
4690	9.75239
4692	9.75265
4694	9.75319
4696	9.75259
4698	9.7528
4700	9.75366
4702	9.7536
4704	9.75329
4706	9.75328
4708	9.75351
4710	9.75347
4712	9.75313
4714	9.75301
4716	9.75284
4718	9.7528
4720	9.75316
4722	9.75308
4724	9.75433
4726	9.75397
4728	9.75361
4730	9.75356
4732	9.75502
4734	9.75447
4736	9.75392
4738	9.75334
4740	9.75235
4742	9.75149
4744	9.75115
4746	9.75141
4748	9.75195
4750	9.75186
4752	9.75197
4754	9.75189
4756	9.75287
4758	9.75209
4760	9.75172
4762	9.75238
4764	9.7522
4766	9.75224
4768	9.75227
4770	9.75208
4772	9.7528
4774	9.75252
4776	9.75319
4778	9.75317
4780	9.75318
4782	9.75254
4784	9.75184
4786	9.75139
4788	9.75149
4790	9.75288
4792	9.75306
4794	9.75269
4796	9.75257
4798	9.75186
4800	9.75241
4802	9.75275
4804	9.75286
4806	9.75224
4808	9.75173
4810	9.75132
4812	9.75146
4814	9.75087
4816	9.7511
4818	9.75047
4820	9.75085
4822	9.751
4824	9.75151
4826	9.75211
4828	9.75215
4830	9.75142
4832	9.75143
4834	9.75211
4836	9.7527
4838	9.75291
4840	9.75297
4842	9.75383
4844	9.75359
4846	9.75303
4848	9.75291
4850	9.75315
4852	9.75217
4854	9.75253
4856	9.75269
4858	9.7524
4860	9.75314
4862	9.75289
4864	9.75293
4866	9.75262
4868	9.75312
4870	9.7533
4872	9.75281
4874	9.75333
4876	9.75302
4878	9.7526
4880	9.75219
4882	9.75205
4884	9.75224
4886	9.75222
4888	9.75183
4890	9.75185
4892	9.75095
4894	9.75055
4896	9.75104
4898	9.75148
4900	9.75209
4902	9.75281
4904	9.75333
4906	9.75371
4908	9.75338
4910	9.75316
4912	9.7519
4914	9.75191
4916	9.7525
4918	9.75214
4920	9.75265
4922	9.75234
4924	9.75211
4926	9.75134
4928	9.75048
4930	9.75147
4932	9.75155
4934	9.75133
4936	9.75139
4938	9.75151
4940	9.75106
4942	9.75043
4944	9.75136
4946	9.75229
4948	9.75183
4950	9.75205
4952	9.75305
4954	9.75374
4956	9.75313
4958	9.75306
4960	9.75235
4962	9.7529
4964	9.7524
4966	9.75258
4968	9.75197
4970	9.75178
4972	9.75258
4974	9.75319
4976	9.7527
4978	9.75274
4980	9.75207
4982	9.75239
4984	9.7526
4986	9.75236
4988	9.75251
4990	9.75253
4992	9.75219
4994	9.75249
4996	9.75181
4998	9.75172
5000	9.75137
5002	9.75251
5004	9.75288
5006	9.75263
5008	9.75119
5010	9.74939
5012	9.74876
5014	9.74851
5016	9.74924
5018	9.75014
5020	9.75107
5022	9.75205
5024	9.75168
5026	9.75331
5028	9.75583
5030	9.7573
5032	9.75876
5034	9.75858
5036	9.75766
5038	9.75734
5040	9.75624
5042	9.75554
5044	9.75573
5046	9.75607
5048	9.75607
5050	9.75488
5052	9.75404
5054	9.75377
5056	9.75329
5058	9.75313
5060	9.75326
5062	9.7538
5064	9.75347
5066	9.75363
5068	9.75377
5070	9.75284
5072	9.75257
5074	9.75296
5076	9.753
5078	9.75386
5080	9.75302
5082	9.75236
5084	9.75159
5086	9.75112
5088	9.75208
5090	9.75322
5092	9.75328
5094	9.75304
5096	9.75342
5098	9.75314
5100	9.7527
5102	9.75186
5104	9.75144
5106	9.75128
5108	9.75188
5110	9.75307
5112	9.75378
5114	9.75291
5116	9.7521
5118	9.75256
5120	9.75322
5122	9.75316
5124	9.75327
5126	9.75266
5128	9.75235
5130	9.75185
5132	9.75184
5134	9.75162
5136	9.75196
5138	9.75193
5140	9.75093
5142	9.75062
5144	9.75204
5146	9.75228
5148	9.75219
5150	9.752
5152	9.75259
5154	9.75326
5156	9.75263
5158	9.753
5160	9.75274
5162	9.75245
5164	9.75313
5166	9.75237
5168	9.75204
5170	9.75171
5172	9.75225
5174	9.75312
5176	9.75313
5178	9.7526
5180	9.75244
5182	9.75308
5184	9.75271
5186	9.75254
5188	9.75208
5190	9.75204
5192	9.75252
5194	9.7521
5196	9.75161
5198	9.75185
5200	9.75179
5202	9.75158
5204	9.75195
5206	9.75271
5208	9.75267
5210	9.75135
5212	9.75017
5214	9.75061
5216	9.7513
5218	9.75116
5220	9.752
5222	9.75197
5224	9.75179
5226	9.7516
5228	9.75167
5230	9.7517
5232	9.7517
5234	9.75127
5236	9.75139
5238	9.75117
5240	9.75116
5242	9.75113
5244	9.75138
5246	9.75171
5248	9.75156
5250	9.75113
5252	9.75147
5254	9.7516
5256	9.75103
5258	9.75097
5260	9.75114
5262	9.75101
5264	9.75119
5266	9.7515
5268	9.75116
5270	9.75141
5272	9.75155
5274	9.75191
5276	9.75221
5278	9.75229
5280	9.75148
5282	9.75127
5284	9.75053
5286	9.7509
5288	9.75108
5290	9.75141
5292	9.75113
5294	9.75136
5296	9.75189
5298	9.75157
5300	9.75074
5302	9.75117
5304	9.75075
5306	9.75047
5308	9.75038
5310	9.75098
5312	9.75158
5314	9.75141
5316	9.75089
5318	9.75121
5320	9.75158
5322	9.75161
5324	9.75061
5326	9.75009
5328	9.75052
5330	9.75008
5332	9.75003
5334	9.75103
5336	9.75168
5338	9.75159
5340	9.7517
5342	9.75196
5344	9.75112
5346	9.75042
5348	9.75044
5350	9.75086
5352	9.75109
5354	9.7509
5356	9.75063
5358	9.75082
5360	9.75103
5362	9.75142
5364	9.75028
5366	9.7507
5368	9.75072
5370	9.75062
5372	9.74908
5374	9.74936
5376	9.74963
5378	9.74986
5380	9.75023
5382	9.75036
5384	9.7498
5386	9.75034
5388	9.75096
5390	9.7502
5392	9.75019
5394	9.74963
5396	9.74979
5398	9.7502
5400	9.7505
5402	9.75037
5404	9.75033
5406	9.74975
5408	9.74684
5410	9.74522
5412	9.74517
5414	9.74774
5416	9.75105
5418	9.75533
5420	9.76077
5422	9.76317
5424	9.76345
5426	9.76315
5428	9.76207
5430	9.75978
5432	9.75784
5434	9.7571
5436	9.75629
5438	9.75518
5440	9.75399
5442	9.75303
5444	9.75165
5446	9.75083
5448	9.75075
5450	9.75049
5452	9.75056
5454	9.75036
5456	9.7494
5458	9.74997
5460	9.75023
5462	9.75085
5464	9.74996
5466	9.75073
5468	9.75081
5470	9.75099
5472	9.75113
5474	9.75041
5476	9.75052
5478	9.75006
5480	9.75021
5482	9.7511
5484	9.7511
5486	9.75132
5488	9.75
5490	9.74935
5492	9.7497
5494	9.7494
5496	9.74917
5498	9.74977
5500	9.75005
5502	9.75058
5504	9.75088
5506	9.75031
5508	9.74998
5510	9.74928
5512	9.75057
5514	9.75117
5516	9.75097
5518	9.75137
5520	9.75114
5522	9.74977
5524	9.74901
5526	9.74975
5528	9.75006
5530	9.7498
5532	9.74968
5534	9.75072
5536	9.75049
5538	9.75022
5540	9.7511
5542	9.75096
5544	9.75133
5546	9.75132
5548	9.7508
5550	9.74988
5552	9.74915
5554	9.74881
5556	9.74908
5558	9.74986
5560	9.75012
5562	9.74958
5564	9.74851
5566	9.7476
5568	9.74776
5570	9.74828
5572	9.74842
5574	9.74817
5576	9.74823
5578	9.74797
5580	9.74821
5582	9.74879
5584	9.74886
5586	9.74861
5588	9.74711
5590	9.74757
5592	9.74821
5594	9.74914
5596	9.74969
5598	9.74873
5600	9.74724
5602	9.74758
5604	9.74818
5606	9.74714
5608	9.74437
5610	9.74335
5612	9.7433
5614	9.74498
5616	9.74888
5618	9.75396
5620	9.75813
5622	9.76143
5624	9.76119
5626	9.76047
5628	9.75958
5630	9.7574
5632	9.75562
5634	9.75404
5636	9.7535
5638	9.75284
5640	9.75169
5642	9.75102
5644	9.75058
5646	9.75106
5648	9.75223
5650	9.75339
5652	9.75296
5654	9.75241
5656	9.75213
5658	9.75229
5660	9.7511
5662	9.75007
5664	9.74904
5666	9.74965
5668	9.74973
5670	9.74942
5672	9.74876
5674	9.74815
5676	9.74812
5678	9.74756
5680	9.74708
5682	9.74748
5684	9.74687
5686	9.74635
5688	9.74645
5690	9.74621
5692	9.74623
5694	9.74544
5696	9.74542
5698	9.74622
5700	9.74652
5702	9.74626
5704	9.74584
5706	9.74577
5708	9.74567
5710	9.74544
5712	9.74524
5714	9.74477
5716	9.74431
5718	9.74467
5720	9.7453
5722	9.74521
5724	9.74492
5726	9.74509
5728	9.74517
5730	9.74569
5732	9.74617
5734	9.74689
5736	9.74665
5738	9.74707
5740	9.74719
5742	9.74708
5744	9.74797
5746	9.74699
5748	9.7474
5750	9.74765
5752	9.74788
5754	9.7475
5756	9.74834
5758	9.74834
5760	9.74858
5762	9.74762
5764	9.74863
5766	9.75028
5768	9.74967
5770	9.74933
5772	9.74986
5774	9.75002
5776	9.74884
5778	9.74871
5780	9.74998
5782	9.74943
5784	9.74933
5786	9.74925
5788	9.74858
5790	9.74841
5792	9.74852
5794	9.74869
5796	9.74845
5798	9.74929
5800	9.74895
5802	9.74806
5804	9.74841
5806	9.74773
5808	9.74497
5810	9.74359
5812	9.74352
5814	9.74538
5816	9.7488
5818	9.75518
5820	9.75985
5822	9.76187
5824	9.76265
5826	9.76254
5828	9.76147
5830	9.75991
5832	9.75748
5834	9.75632
5836	9.75598
5838	9.75509
5840	9.75424
5842	9.75377
5844	9.75254
5846	9.7512
5848	9.75109
5850	9.75004
5852	9.75003
5854	9.75032
5856	9.74939
5858	9.74886
5860	9.74892
5862	9.74862
5864	9.74833
5866	9.74964
5868	9.74991
5870	9.74934
5872	9.75002
5874	9.75054
5876	9.74998
5878	9.74962
5880	9.74986
5882	9.74998
5884	9.75006
5886	9.75074
5888	9.7506
5890	9.7502
5892	9.74981
5894	9.75018
5896	9.75034
5898	9.75062
5900	9.74998
5902	9.749
5904	9.74912
5906	9.74961
5908	9.74956
5910	9.74947
5912	9.74946
5914	9.74987
5916	9.75057
5918	9.75074
5920	9.7507
5922	9.75036
5924	9.75035
5926	9.75089
5928	9.75033
5930	9.75012
5932	9.75011
5934	9.74967
5936	9.74926
5938	9.74881
5940	9.74863
5942	9.74781
5944	9.74712
5946	9.74776
5948	9.74812
5950	9.7484
5952	9.74886
5954	9.74954
5956	9.74932
5958	9.74924
5960	9.74989
5962	9.74943
5964	9.74923
5966	9.7494
5968	9.74898
5970	9.749
5972	9.74864
5974	9.74858
5976	9.74886
5978	9.74917
5980	9.74869
5982	9.74871
5984	9.74881
5986	9.74993
5988	9.74907
5990	9.74787
5992	9.74807
5994	9.74779
5996	9.74744
5998	9.7472
6000	9.74758
6002	9.74929
6004	9.74917
6006	9.74822
6008	9.74614
6010	9.74498
6012	9.74528
6014	9.74716
6016	9.751
6018	9.75551
6020	9.76075
6022	9.76307
6024	9.76238
6026	9.76062
6028	9.75986
6030	9.75874
6032	9.7577
6034	9.75718
6036	9.75508
6038	9.75395
6040	9.75302
6042	9.75248
6044	9.75166
6046	9.75139
6048	9.75127
6050	9.75058
6052	9.75046
6054	9.75013
6056	9.74963
6058	9.74944
6060	9.7494
6062	9.74879
6064	9.74832
6066	9.74814
6068	9.74791
6070	9.74864
6072	9.74914
6074	9.74943
6076	9.74862
6078	9.74819
6080	9.74852
6082	9.74888
6084	9.74902
6086	9.74841
6088	9.74862
6090	9.74829
6092	9.74771
6094	9.74748
6096	9.74788
6098	9.74743
6100	9.74783
6102	9.7484
6104	9.74835
6106	9.74926
6108	9.74892
6110	9.74814
6112	9.74776
6114	9.74789
6116	9.74788
6118	9.74836
6120	9.74973
6122	9.74993
6124	9.74901
6126	9.74838
6128	9.74824
6130	9.74897
6132	9.74837
6134	9.7479
6136	9.74771
6138	9.74737
6140	9.74743
6142	9.74727
6144	9.74699
6146	9.74708
6148	9.74662
6150	9.74721
6152	9.7473
6154	9.74803
6156	9.74788
6158	9.74764
6160	9.74715
6162	9.74749
6164	9.74761
6166	9.74642
6168	9.74683
6170	9.74675
6172	9.74724
6174	9.74723
6176	9.7469
6178	9.74665
6180	9.74668
6182	9.74743
6184	9.74756
6186	9.74729
6188	9.74755
6190	9.74788
6192	9.74729
6194	9.74629
6196	9.7463
6198	9.74675
6200	9.74611
6202	9.74608
6204	9.74707
6206	9.74615
6208	9.74273
6210	9.74092
6212	9.74186
6214	9.74399
6216	9.74747
6218	9.75253
6220	9.75837
6222	9.76114
6224	9.76166
6226	9.76096
6228	9.75946
6230	9.75896
6232	9.75848
6234	9.75638
6236	9.75495
6238	9.75468
6240	9.75357
6242	9.75204
6244	9.75135
6246	9.7502
6248	9.74945
6250	9.74964
6252	9.74909
6254	9.74929
6256	9.74944
6258	9.74846
6260	9.74849
6262	9.74901
6264	9.74903
6266	9.74832
6268	9.74837
6270	9.74757
6272	9.74726
6274	9.74799
6276	9.74855
6278	9.74834
6280	9.74746
6282	9.7485
6284	9.74877
6286	9.74783
6288	9.74753
6290	9.74748
6292	9.74682
6294	9.74713
6296	9.7474
6298	9.74721
6300	9.74807
6302	9.74816
6304	9.74806
6306	9.7484
6308	9.74856
6310	9.74846
6312	9.74842
6314	9.74811
6316	9.74825
6318	9.74789
6320	9.74702
6322	9.74721
6324	9.74814
6326	9.74792
6328	9.74761
6330	9.74635
6332	9.74669
6334	9.747
6336	9.74794
6338	9.74838
6340	9.74803
6342	9.74866
6344	9.74833
6346	9.74767
6348	9.74785
6350	9.74803
6352	9.74878
6354	9.74803
6356	9.74675
6358	9.74612
6360	9.74676
6362	9.74726
6364	9.74682
6366	9.74726
6368	9.7469
6370	9.74654
6372	9.74689
6374	9.74661
6376	9.74694
6378	9.74633
6380	9.74562
6382	9.74542
6384	9.7445
6386	9.74552
6388	9.74578
6390	9.74614
6392	9.74553
6394	9.74589
6396	9.74593
6398	9.74605
6400	9.74531
6402	9.74605
6404	9.74569
6406	9.74582
6408	9.74283
6410	9.74043
6412	9.74017
6414	9.74264
6416	9.7465
6418	9.75108
6420	9.75585
6422	9.75906
6424	9.7602
6426	9.75987
6428	9.75905
6430	9.7573
6432	9.75665
6434	9.75545
6436	9.75394
6438	9.75282
6440	9.75188
6442	9.75091
6444	9.75008
6446	9.75025
6448	9.74951
6450	9.74826
6452	9.7481
6454	9.7474
6456	9.74687
6458	9.74592
6460	9.74623
6462	9.74647
6464	9.74724
6466	9.74787
6468	9.74768
6470	9.74759
6472	9.74687
6474	9.74633
6476	9.74593
6478	9.74677
6480	9.74672
6482	9.7467
6484	9.74654
6486	9.74694
6488	9.74765
6490	9.74766
6492	9.74694
6494	9.74704
6496	9.7478
6498	9.74783
6500	9.74775
6502	9.74764
6504	9.74725
6506	9.74669
6508	9.74709
6510	9.74769
6512	9.7481
6514	9.74708
6516	9.74723
6518	9.74706
6520	9.7458
6522	9.7463
6524	9.74694
6526	9.74656
6528	9.74678
6530	9.74742
6532	9.748
6534	9.7485
6536	9.74771
6538	9.74827
6540	9.7477
6542	9.74775
6544	9.74737
6546	9.74725
6548	9.74749
6550	9.74739
6552	9.74706
6554	9.74706
6556	9.74654
6558	9.74712
6560	9.74682
6562	9.7472
6564	9.74698
6566	9.74682
6568	9.74653
6570	9.74714
6572	9.74665
6574	9.74591
6576	9.74641
6578	9.74626
6580	9.74714
6582	9.74662
6584	9.7464
6586	9.74634
6588	9.74636
6590	9.74655
6592	9.74582
6594	9.74667
6596	9.74672
6598	9.74626
6600	9.74659
6602	9.74693
6604	9.74701
6606	9.74686
6608	9.7458
6610	9.74396
6612	9.74296
6614	9.74315
6616	9.74405
6618	9.74477
6620	9.74545
6622	9.74605
6624	9.74802
6626	9.74959
6628	9.7523
6630	9.75473
6632	9.75478
6634	9.75488
6636	9.75433
6638	9.75282
6640	9.7521
6642	9.75114
6644	9.74947
6646	9.74926
6648	9.74894
6650	9.74899
6652	9.74882
6654	9.74817
6656	9.74783
6658	9.74729
6660	9.74761
6662	9.74749
6664	9.74758
6666	9.74761
6668	9.74795
6670	9.74742
6672	9.74638
6674	9.74677
6676	9.74507
6678	9.74549
6680	9.74629
6682	9.74748
6684	9.74763
6686	9.74685
6688	9.74565
6690	9.74566
6692	9.74555
6694	9.74538
6696	9.74496
6698	9.74556
6700	9.7458
6702	9.74552
6704	9.74644
6706	9.7466
6708	9.74663
6710	9.74656
6712	9.74618
6714	9.74604
6716	9.74693
6718	9.7473
6720	9.74719
6722	9.74572
6724	9.74571
6726	9.74601
6728	9.7455
6730	9.74522
6732	9.74516
6734	9.74519
6736	9.74531
6738	9.74503
6740	9.74587
6742	9.74669
6744	9.74593
6746	9.74547
6748	9.74587
6750	9.74629
6752	9.74648
6754	9.74695
6756	9.74714
6758	9.74601
6760	9.74483
6762	9.74461
6764	9.74464
6766	9.74462
6768	9.74529
6770	9.7461
6772	9.74534
6774	9.74435
6776	9.74398
6778	9.74414
6780	9.74418
6782	9.74416
6784	9.7441
6786	9.74383
6788	9.74343
6790	9.74497
6792	9.74446
6794	9.74423
6796	9.74321
6798	9.74312
6800	9.74359
6802	9.74343
6804	9.74308
6806	9.74269
6808	9.74142
6810	9.74062
6812	9.74036
6814	9.74014
6816	9.73973
6818	9.74097
6820	9.74088
6822	9.74152
6824	9.74325
6826	9.74447
6828	9.74717
6830	9.74903
6832	9.74967
6834	9.75051
6836	9.75035
6838	9.74935
6840	9.74773
6842	9.74755
6844	9.74711
6846	9.74625
6848	9.74552
6850	9.74605
6852	9.74593
6854	9.74555
6856	9.74516
6858	9.74509
6860	9.74527
6862	9.74325
6864	9.74299
6866	9.74359
6868	9.74425
6870	9.74422
6872	9.74395
6874	9.74423
6876	9.74456
6878	9.74517
6880	9.74483
6882	9.7439
6884	9.74329
6886	9.74315
6888	9.74303
6890	9.74281
6892	9.7432
6894	9.74381
6896	9.74337
6898	9.74328
6900	9.74293
6902	9.74413
6904	9.74413
6906	9.74388
6908	9.74436
6910	9.74365
6912	9.74417
6914	9.74393
6916	9.74398
6918	9.74356
6920	9.74351
6922	9.74451
6924	9.74469
6926	9.74537
6928	9.74481
6930	9.74398
6932	9.74392
6934	9.74471
6936	9.74389
6938	9.74338
6940	9.74411
6942	9.74469
6944	9.74466
6946	9.74465
6948	9.74492
6950	9.74358
6952	9.74315
6954	9.74354
6956	9.74448
6958	9.74402
6960	9.74335
6962	9.74326
6964	9.74317
6966	9.74329
6968	9.74432
6970	9.74493
6972	9.74525
6974	9.74487
6976	9.74388
6978	9.74461
6980	9.7449
6982	9.74395
6984	9.74275
6986	9.74307
6988	9.74192
6990	9.74221
6992	9.74321
6994	9.74368
6996	9.74464
6998	9.74452
7000	9.7446
7002	9.74357
7004	9.74379
7006	9.74391
7008	9.74204
7010	9.74075
7012	9.74064
7014	9.74054
7016	9.73996
7018	9.74123
7020	9.74243
7022	9.74314
7024	9.74423
7026	9.74537
7028	9.74749
7030	9.74961
7032	9.75068
7034	9.75157
7036	9.75235
7038	9.75154
7040	9.75067
7042	9.75019
7044	9.74911
7046	9.74817
7048	9.74844
7050	9.7469
7052	9.74601
7054	9.74574
7056	9.74478
7058	9.74547
7060	9.74572
7062	9.74551
7064	9.74475
7066	9.74441
7068	9.74501
7070	9.74443
7072	9.74444
7074	9.74445
7076	9.7444
7078	9.74452
7080	9.74559
7082	9.74524
7084	9.74556
7086	9.74533
7088	9.74481
7090	9.74441
7092	9.74514
7094	9.745
7096	9.74495
7098	9.74517
7100	9.74511
7102	9.74503
7104	9.74466
7106	9.74449
7108	9.74457
7110	9.7454
7112	9.74475
7114	9.74469
7116	9.74403
7118	9.74476
7120	9.74524
7122	9.74544
7124	9.74505
7126	9.74513
7128	9.74491
7130	9.74485
7132	9.74539
7134	9.74525
7136	9.7449
7138	9.74527
7140	9.74511
7142	9.74511
7144	9.74434
7146	9.74402
7148	9.7442
7150	9.74395
7152	9.74355
7154	9.74379
7156	9.74518
7158	9.74505
7160	9.74466
7162	9.74419
7164	9.74378
7166	9.74387
7168	9.74411
7170	9.74452
7172	9.74533
7174	9.74503
7176	9.74486
7178	9.74476
7180	9.74474
7182	9.74465
7184	9.74443
7186	9.74396
7188	9.74429
7190	9.74333
7192	9.74361
7194	9.74319
7196	9.74396
7198	9.74368
7200	9.74429
7202	9.74414
7204	9.74391
7206	9.74385
7208	9.74238
7210	9.74048
7212	9.74016
7214	9.74039
7216	9.74018
7218	9.74133
7220	9.74314
7222	9.74373
7224	9.74374
7226	9.74459
7228	9.74751
7230	9.74904
7232	9.75008
7234	9.75047
7236	9.7504
7238	9.7505
7240	9.75015
7242	9.74959
7244	9.7491
7246	9.74865
7248	9.74799
7250	9.74658
7252	9.74528
7254	9.74526
7256	9.745
7258	9.7448
7260	9.74479
7262	9.74475
7264	9.74406
7266	9.74398
7268	9.74438
7270	9.74424
7272	9.74415
7274	9.74381
7276	9.74477
7278	9.74425
7280	9.74459
7282	9.74503
7284	9.7448
7286	9.74423
7288	9.74469
7290	9.74381
7292	9.74348
7294	9.7445
7296	9.74476
7298	9.74441
7300	9.74372
7302	9.74408
7304	9.74444
7306	9.74411
7308	9.7441
7310	9.7449
7312	9.74507
7314	9.74488
7316	9.74461
7318	9.74435
7320	9.74425
7322	9.7438
7324	9.7436
7326	9.74429
7328	9.74525
7330	9.74503
7332	9.7452
7334	9.7452
7336	9.74534
7338	9.74573
7340	9.74558
7342	9.74422
7344	9.74342
7346	9.74393
7348	9.74389
7350	9.74421
7352	9.74465
7354	9.74436
7356	9.74405
7358	9.7436
7360	9.74349
7362	9.74288
7364	9.74391
7366	9.74438
7368	9.74413
7370	9.74331
7372	9.74332
7374	9.74384
7376	9.74427
7378	9.74424
7380	9.74436
7382	9.7438
7384	9.74337
7386	9.74411
7388	9.74442
7390	9.74367
7392	9.74361
7394	9.74319
7396	9.74396
7398	9.74452
7400	9.74479
7402	9.74389
7404	9.74368
7406	9.74351
7408	9.74219
7410	9.74035
7412	9.7404
7414	9.74081
7416	9.74166
7418	9.74208
7420	9.74217
7422	9.7426
7424	9.74365
7426	9.74429
7428	9.74611
7430	9.74879
7432	9.75008
7434	9.7495
7436	9.74881
7438	9.74978
7440	9.7491
7442	9.7479
7444	9.74711
7446	9.74754
7448	9.74727
7450	9.74705
7452	9.74644
7454	9.74649
7456	9.74553
7458	9.74486
7460	9.74471
7462	9.74447
7464	9.74457
7466	9.74468
7468	9.74441
7470	9.74366
7472	9.74415
7474	9.74449
7476	9.74482
7478	9.74496
7480	9.74362
7482	9.74365
7484	9.7429
7486	9.74242
7488	9.74306
7490	9.7435
7492	9.7433
7494	9.74321
7496	9.74224
7498	9.74182
7500	9.74163
7502	9.74116
7504	9.74181
7506	9.74259
7508	9.74372
7510	9.74377
7512	9.7435
7514	9.74336
7516	9.74287
7518	9.74233
7520	9.74292
7522	9.74366
7524	9.74279
7526	9.74266
7528	9.74288
7530	9.74374
7532	9.74319
7534	9.74343
7536	9.74263
7538	9.74209
7540	9.74159
7542	9.74264
7544	9.74369
7546	9.74282
7548	9.74194
7550	9.74223
7552	9.74239
7554	9.74202
7556	9.74223
7558	9.74254
7560	9.74287
7562	9.74355
7564	9.74346
7566	9.74287
7568	9.74223
7570	9.74165
7572	9.74267
7574	9.74401
7576	9.74411
7578	9.74398
7580	9.74334
7582	9.74254
7584	9.74226
7586	9.74261
7588	9.74247
7590	9.74216
7592	9.7417
7594	9.74318
7596	9.74363
7598	9.74299
7600	9.74282
7602	9.74228
7604	9.7424
7606	9.74162
7608	9.74096
7610	9.73977
7612	9.73867
7614	9.73819
7616	9.7382
7618	9.73896
7620	9.74047
7622	9.74187
7624	9.74258
7626	9.74396
7628	9.7447
7630	9.74677
7632	9.74807
7634	9.74876
7636	9.74878
7638	9.74812
7640	9.7484
7642	9.74717
7644	9.74669
7646	9.74597
7648	9.74556
7650	9.74595
7652	9.74573
7654	9.74509
7656	9.74485
7658	9.74364
7660	9.74384
7662	9.74432
7664	9.74402
7666	9.74317
7668	9.7429
7670	9.74263
7672	9.7423
7674	9.74259
7676	9.74351
7678	9.74365
7680	9.74373
7682	9.74355
7684	9.74432
7686	9.74449
7688	9.74385
7690	9.74316
7692	9.74252
7694	9.74216
7696	9.7421
7698	9.74261
7700	9.74268
7702	9.74243
7704	9.74226
7706	9.74237
7708	9.74328
7710	9.74272
7712	9.74316
7714	9.74303
7716	9.74278
7718	9.74236
7720	9.74305
7722	9.74254
7724	9.74225
7726	9.74215
7728	9.74238
7730	9.7431
7732	9.74394
7734	9.74445
7736	9.74359
7738	9.74322
7740	9.74322
7742	9.74304
7744	9.74316
7746	9.74301
7748	9.7429
7750	9.74216
7752	9.74319
7754	9.7439
7756	9.74341
7758	9.74316
7760	9.74305
7762	9.74283
7764	9.74288
7766	9.74238
7768	9.74203
7770	9.74208
7772	9.74215
7774	9.74307
7776	9.74273
7778	9.74171
7780	9.74228
7782	9.74199
7784	9.74216
7786	9.74267
7788	9.74271
7790	9.74198
7792	9.7419
7794	9.74121
7796	9.7413
7798	9.74141
7800	9.74121
7802	9.74109
