time	cp
2	9.13034
4	9.13147
6	9.13336
8	9.135
10	9.13528
12	9.13526
14	9.13583
16	9.13587
18	9.13574
20	9.13633
22	9.13884
24	9.14106
26	9.14314
28	9.14404
30	9.14501
32	9.14437
34	9.14347
36	9.1429
38	9.14334
40	9.14327
42	9.14364
44	9.14811
46	9.15275
48	9.15569
50	9.15643
52	9.15616
54	9.15386
56	9.15125
58	9.15157
60	9.15337
62	9.15342
64	9.15558
66	9.15503
68	9.15164
70	9.14801
72	9.14768
74	9.15021
76	9.15303
78	9.15341
80	9.1512
82	9.15089
84	9.15273
86	9.15239
88	9.15072
90	9.14955
92	9.15111
94	9.14961
96	9.14489
98	9.14414
100	9.15099
102	9.15942
104	9.16268
106	9.1631
108	9.16229
110	9.16211
112	9.16452
114	9.16511
116	9.1654
118	9.16744
120	9.16755
122	9.16707
124	9.16604
126	9.16396
128	9.16306
130	9.16404
132	9.16524
134	9.16469
136	9.16391
138	9.16319
140	9.16247
142	9.16246
144	9.16332
146	9.16717
148	9.16942
150	9.17192
152	9.17369
154	9.17316
156	9.17172
158	9.17035
160	9.17042
162	9.17164
164	9.17283
166	9.17609
168	9.1776
170	9.17867
172	9.18015
174	9.18209
176	9.18262
178	9.18168
180	9.18185
182	9.18155
184	9.18161
186	9.18088
188	9.18161
190	9.18215
192	9.17961
194	9.17527
196	9.17336
198	9.17304
200	9.17188
202	9.17397
204	9.1769
206	9.17896
208	9.18151
210	9.18374
212	9.18441
214	9.18645
216	9.18794
218	9.1867
220	9.18703
222	9.1876
224	9.18844
226	9.1883
228	9.18977
230	9.19006
232	9.18802
234	9.18585
236	9.1873
238	9.19123
240	9.19486
242	9.19673
244	9.1967
246	9.19634
248	9.19305
250	9.18779
252	9.18456
254	9.18507
256	9.18992
258	9.19414
260	9.1955
262	9.19646
264	9.19842
266	9.19727
268	9.19397
270	9.19239
272	9.19216
274	9.19131
276	9.1913
278	9.19298
280	9.19444
282	9.19581
284	9.19634
286	9.19584
288	9.19766
290	9.19997
292	9.20222
294	9.2052
296	9.20632
298	9.20532
300	9.20434
302	9.2033
304	9.20128
306	9.19543
308	9.19027
310	9.18596
312	9.18292
314	9.18283
316	9.18283
318	9.18287
320	9.18393
322	9.18582
324	9.18986
326	9.19729
328	9.20087
330	9.20347
332	9.20328
334	9.20377
336	9.20483
338	9.2054
340	9.20595
342	9.20537
344	9.20549
346	9.205
348	9.20544
350	9.20561
352	9.20496
354	9.2045
356	9.20542
358	9.20825
360	9.21065
362	9.21204
364	9.21401
366	9.21546
368	9.21662
370	9.21771
372	9.2197
374	9.22127
376	9.22101
378	9.21886
380	9.21816
382	9.21946
384	9.21861
386	9.2173
388	9.21952
390	9.22366
392	9.22644
394	9.22743
396	9.22671
398	9.22526
400	9.22576
402	9.22379
404	9.22082
406	9.22022
408	9.22037
410	9.21968
412	9.2196
414	9.21795
416	9.21524
418	9.21253
420	9.21345
422	9.2175
424	9.21995
426	9.22067
428	9.22185
430	9.22279
432	9.22386
434	9.22482
436	9.22624
438	9.22735
440	9.22719
442	9.22485
444	9.22107
446	9.22036
448	9.22077
450	9.22186
452	9.22502
454	9.22963
456	9.2321
458	9.23276
460	9.23262
462	9.23262
464	9.2321
466	9.23083
468	9.23083
470	9.22883
472	9.22752
474	9.22765
476	9.22926
478	9.23226
480	9.23516
482	9.23615
484	9.23667
486	9.23728
488	9.23663
490	9.23528
492	9.23508
494	9.23512
496	9.23578
498	9.23768
500	9.24198
502	9.24477
504	9.24538
506	9.24486
508	9.2429
510	9.24082
512	9.23997
514	9.24088
516	9.24179
518	9.24399
520	9.246
522	9.24593
524	9.2441
526	9.24242
528	9.2403
530	9.23926
532	9.23776
534	9.23788
536	9.23836
538	9.24039
540	9.24183
542	9.24196
544	9.24018
546	9.23314
548	9.22811
550	9.22533
552	9.22461
554	9.22743
556	9.23056
558	9.2311
560	9.23098
562	9.23154
564	9.23358
566	9.24259
568	9.24868
570	9.24981
572	9.2479
574	9.2468
576	9.24438
578	9.24206
580	9.24042
582	9.24132
584	9.24383
586	9.24522
588	9.24718
590	9.2502
592	9.25107
594	9.25136
596	9.25081
598	9.25025
600	9.24938
602	9.24995
604	9.25127
606	9.2528
608	9.25496
610	9.25728
612	9.25883
614	9.25802
616	9.25425
618	9.25213
620	9.25139
622	9.25618
624	9.26012
626	9.26022
628	9.25914
630	9.25876
632	9.25981
634	9.25902
636	9.25691
638	9.25653
640	9.257
642	9.25754
644	9.25886
646	9.2588
648	9.25955
650	9.26047
652	9.26009
654	9.25851
656	9.25808
658	9.25753
660	9.25698
662	9.25733
664	9.25816
666	9.25945
668	9.25905
670	9.2584
672	9.25922
674	9.26094
676	9.26465
678	9.26635
680	9.26738
682	9.26725
684	9.26681
686	9.26517
688	9.26417
690	9.26344
692	9.26268
694	9.26354
696	9.2655
698	9.26642
700	9.26686
702	9.26715
704	9.26799
706	9.26819
708	9.26822
710	9.26913
712	9.2704
714	9.27074
716	9.27183
718	9.27159
720	9.27046
722	9.27078
724	9.2716
726	9.27207
728	9.27185
730	9.27146
732	9.27167
734	9.27092
736	9.27032
738	9.26797
740	9.2637
742	9.26106
744	9.26269
746	9.26749
748	9.272
750	9.27346
752	9.27344
754	9.27264
756	9.27329
758	9.2752
760	9.27886
762	9.28149
764	9.28161
766	9.28217
768	9.28378
770	9.28537
772	9.28427
774	9.28087
776	9.27892
778	9.27892
780	9.27897
782	9.27909
784	9.27673
786	9.2706
788	9.26568
790	9.26328
792	9.26266
794	9.26176
796	9.26265
798	9.26427
800	9.2622
802	9.25896
804	9.25811
806	9.26377
808	9.27083
810	9.27488
812	9.27548
814	9.27594
816	9.27704
818	9.28004
820	9.28201
822	9.28265
824	9.28182
826	9.28187
828	9.28327
830	9.28633
832	9.28881
834	9.28924
836	9.28857
838	9.28801
840	9.28808
842	9.28771
844	9.28782
846	9.28867
848	9.28904
850	9.28834
852	9.28896
854	9.28967
856	9.28956
858	9.28888
860	9.28931
862	9.28912
864	9.28816
866	9.28938
868	9.29185
870	9.29272
872	9.29144
874	9.28997
876	9.29091
878	9.29076
880	9.29028
882	9.28969
884	9.28824
886	9.28797
888	9.2878
890	9.28789
892	9.28779
894	9.28815
896	9.28895
898	9.2908
900	9.29324
902	9.29487
904	9.29667
906	9.29794
908	9.29872
910	9.29886
912	9.2981
914	9.29819
916	9.29902
918	9.29848
920	9.29695
922	9.29565
924	9.29466
926	9.29501
928	9.29582
930	9.29662
932	9.29616
934	9.29641
936	9.29639
938	9.29647
940	9.29721
942	9.29895
944	9.30101
946	9.30281
948	9.30273
950	9.3021
952	9.3004
954	9.29996
956	9.30325
958	9.30448
960	9.30383
962	9.30562
964	9.30678
966	9.30722
968	9.30619
970	9.30636
972	9.30606
974	9.30429
976	9.30295
978	9.30261
980	9.30324
982	9.30474
984	9.30565
986	9.30448
988	9.30399
990	9.30365
992	9.30456
994	9.30495
996	9.30608
998	9.30763
1000	9.30819
1002	9.30976
1004	9.30945
1006	9.31104
1008	9.31378
1010	9.31528
1012	9.31634
1014	9.31542
1016	9.31216
1018	9.30893
1020	9.30925
1022	9.30945
1024	9.30558
1026	9.29772
1028	9.29327
1030	9.29104
1032	9.29048
1034	9.29009
1036	9.28777
1038	9.2871
1040	9.28662
1042	9.288
1044	9.2921
1046	9.29982
1048	9.30587
1050	9.30876
1052	9.30863
1054	9.30967
1056	9.31023
1058	9.31103
1060	9.31294
1062	9.31344
1064	9.31486
1066	9.31648
1068	9.31667
1070	9.31589
1072	9.31492
1074	9.31419
1076	9.31295
1078	9.31195
1080	9.31017
1082	9.31026
1084	9.31145
1086	9.31303
1088	9.31356
1090	9.31319
1092	9.31265
1094	9.31207
1096	9.31248
1098	9.31242
1100	9.31175
1102	9.31109
1104	9.3097
1106	9.30917
1108	9.31038
1110	9.31263
1112	9.31458
1114	9.31626
1116	9.31712
1118	9.31754
1120	9.31654
1122	9.3175
1124	9.32028
1126	9.32055
1128	9.31835
1130	9.3174
1132	9.31658
1134	9.31622
1136	9.31667
1138	9.31617
1140	9.31577
1142	9.31721
1144	9.31893
1146	9.31907
1148	9.32015
1150	9.32257
1152	9.32435
1154	9.32518
1156	9.32599
1158	9.3249
1160	9.32279
1162	9.32039
1164	9.31703
1166	9.3144
1168	9.3145
1170	9.3173
1172	9.32134
1174	9.32399
1176	9.32568
1178	9.32695
1180	9.32741
1182	9.32584
1184	9.32539
1186	9.32536
1188	9.32657
1190	9.32738
1192	9.32856
1194	9.32884
1196	9.32781
1198	9.32402
1200	9.3214
1202	9.31908
1204	9.31726
1206	9.3167
1208	9.31793
1210	9.31943
1212	9.31735
1214	9.3148
1216	9.31394
1218	9.31954
1220	9.32801
1222	9.33686
1224	9.3415
1226	9.34152
1228	9.3381
1230	9.33431
1232	9.33133
1234	9.32896
1236	9.3277
1238	9.32726
1240	9.32617
1242	9.32492
1244	9.32574
1246	9.32695
1248	9.32842
1250	9.33066
1252	9.33345
1254	9.33387
1256	9.33386
1258	9.33424
1260	9.33451
1262	9.3335
1264	9.33026
1266	9.32282
1268	9.31755
1270	9.31576
1272	9.31572
1274	9.31748
1276	9.31824
1278	9.31807
1280	9.31751
1282	9.31764
1284	9.32017
1286	9.32687
1288	9.33294
1290	9.33599
1292	9.33541
1294	9.33341
1296	9.3298
1298	9.32643
1300	9.32518
1302	9.32625
1304	9.32894
1306	9.33161
1308	9.33457
1310	9.33862
1312	9.33998
1314	9.33831
1316	9.33779
1318	9.33718
1320	9.33689
1322	9.33732
1324	9.3365
1326	9.33663
1328	9.33748
1330	9.34066
1332	9.34195
1334	9.34168
1336	9.33991
1338	9.33962
1340	9.34009
1342	9.34047
1344	9.34117
1346	9.34449
1348	9.34674
1350	9.34729
1352	9.34557
1354	9.34291
1356	9.34183
1358	9.34248
1360	9.34141
1362	9.33852
1364	9.33762
1366	9.33799
1368	9.33725
1370	9.33798
1372	9.33879
1374	9.33975
1376	9.34191
1378	9.34366
1380	9.34449
1382	9.34304
1384	9.34029
1386	9.33803
1388	9.33865
1390	9.33835
1392	9.33703
1394	9.33828
1396	9.34002
1398	9.3396
1400	9.33919
1402	9.33947
1404	9.33966
1406	9.33975
1408	9.34089
1410	9.34161
1412	9.34087
1414	9.34082
1416	9.34259
1418	9.34379
1420	9.34529
1422	9.34614
1424	9.34707
1426	9.34722
1428	9.34671
1430	9.34785
1432	9.3503
1434	9.35214
1436	9.35214
1438	9.3508
1440	9.35032
1442	9.34857
1444	9.3468
1446	9.349
1448	9.35089
1450	9.35006
1452	9.34697
1454	9.34387
1456	9.34155
1458	9.34133
1460	9.34287
1462	9.3456
1464	9.34751
1466	9.3482
1468	9.34702
1470	9.34682
1472	9.34841
1474	9.35177
1476	9.35325
1478	9.3536
1480	9.35534
1482	9.35551
1484	9.35554
1486	9.35502
1488	9.35443
1490	9.35422
1492	9.3541
1494	9.35393
1496	9.35455
1498	9.3546
1500	9.3545
1502	9.35458
1504	9.3531
1506	9.34678
1508	9.34179
1510	9.34
1512	9.33945
1514	9.33761
1516	9.33723
1518	9.33801
1520	9.33826
1522	9.33742
1524	9.33965
1526	9.34733
1528	9.35077
1530	9.35105
1532	9.35192
1534	9.35173
1536	9.35126
1538	9.35044
1540	9.35172
1542	9.35291
1544	9.35415
1546	9.35559
1548	9.35546
1550	9.3532
1552	9.35106
1554	9.34994
1556	9.34811
1558	9.3458
1560	9.3441
1562	9.34554
1564	9.34859
1566	9.3519
1568	9.35497
1570	9.35657
1572	9.35826
1574	9.35929
1576	9.35902
1578	9.35773
1580	9.35701
1582	9.35647
1584	9.35499
1586	9.3534
1588	9.35226
1590	9.35202
1592	9.35199
1594	9.35228
1596	9.35488
1598	9.35816
1600	9.35857
1602	9.35659
1604	9.35597
1606	9.35641
1608	9.35854
1610	9.35957
1612	9.35779
1614	9.35607
1616	9.3548
1618	9.35518
1620	9.35739
1622	9.36077
1624	9.36501
1626	9.36617
1628	9.36486
1630	9.36322
1632	9.36232
1634	9.36473
1636	9.36702
1638	9.36805
1640	9.36682
1642	9.36574
1644	9.36497
1646	9.365
1648	9.36672
1650	9.3682
1652	9.36689
1654	9.36365
1656	9.36093
1658	9.3587
1660	9.35716
1662	9.35586
1664	9.35639
1666	9.36212
1668	9.36861
1670	9.37148
1672	9.37469
1674	9.3761
1676	9.37659
1678	9.37634
1680	9.37558
1682	9.37376
1684	9.37167
1686	9.36943
1688	9.36637
1690	9.36268
1692	9.3611
1694	9.36149
1696	9.36154
1698	9.36203
1700	9.36354
1702	9.36378
1704	9.36423
1706	9.36523
1708	9.36393
1710	9.36325
1712	9.3644
1714	9.36567
1716	9.36529
1718	9.36523
1720	9.364
1722	9.364
1724	9.36461
1726	9.365
1728	9.36621
1730	9.36582
1732	9.36636
1734	9.36828
1736	9.36792
1738	9.36613
1740	9.36758
1742	9.37064
1744	9.37096
1746	9.3658
1748	9.35922
1750	9.35607
1752	9.35498
1754	9.35423
1756	9.35306
1758	9.35298
1760	9.35142
1762	9.3493
1764	9.34841
1766	9.35495
1768	9.36134
1770	9.3649
1772	9.36526
1774	9.36518
1776	9.36674
1778	9.36863
1780	9.37018
1782	9.37023
1784	9.36861
1786	9.36836
1788	9.36828
1790	9.36713
1792	9.36543
1794	9.36489
1796	9.36402
1798	9.36201
1800	9.36224
1802	9.36324
1804	9.36165
1806	9.36237
1808	9.36472
1810	9.36371
1812	9.36621
1814	9.37031
1816	9.37162
1818	9.37358
1820	9.37539
1822	9.37544
1824	9.37429
1826	9.37411
1828	9.37576
1830	9.3772
1832	9.37951
1834	9.38002
1836	9.37798
1838	9.37873
1840	9.37932
1842	9.37853
1844	9.37555
1846	9.37247
1848	9.37058
1850	9.37048
1852	9.37116
1854	9.3747
1856	9.37788
1858	9.37972
1860	9.38151
1862	9.38242
1864	9.38246
1866	9.38114
1868	9.37944
1870	9.37795
1872	9.37754
1874	9.37713
1876	9.37608
1878	9.37626
1880	9.37729
1882	9.37771
1884	9.37769
1886	9.37698
1888	9.37675
1890	9.37687
1892	9.37635
1894	9.37616
1896	9.37609
1898	9.37477
1900	9.37396
1902	9.37287
1904	9.37211
1906	9.37237
1908	9.37413
1910	9.37801
1912	9.38137
1914	9.38246
1916	9.38201
1918	9.38179
1920	9.38355
1922	9.38517
1924	9.38635
1926	9.38669
1928	9.38628
1930	9.38449
1932	9.38338
1934	9.38182
1936	9.38012
1938	9.37963
1940	9.37975
1942	9.37969
1944	9.37984
1946	9.37979
1948	9.37953
1950	9.38154
1952	9.38166
1954	9.38069
1956	9.37862
1958	9.37658
1960	9.37633
1962	9.37643
1964	9.37759
1966	9.3808
1968	9.38133
1970	9.38165
1972	9.38191
1974	9.38204
1976	9.38121
1978	9.38126
1980	9.38104
1982	9.38144
1984	9.38047
1986	9.37452
1988	9.36854
1990	9.36546
1992	9.36442
1994	9.3637
1996	9.36388
1998	9.36384
2000	9.36383
2002	9.36344
2004	9.36505
2006	9.37198
2008	9.3761
2010	9.37353
2012	9.37131
2014	9.37303
2016	9.37707
2018	9.38215
2020	9.38618
2022	9.38513
2024	9.38384
2026	9.38176
2028	9.38046
2030	9.37959
2032	9.3814
2034	9.38446
2036	9.38612
2038	9.38733
2040	9.38816
2042	9.38883
2044	9.38816
2046	9.38705
2048	9.38891
2050	9.3911
2052	9.39216
2054	9.39272
2056	9.39243
2058	9.39096
2060	9.38969
2062	9.38822
2064	9.38717
2066	9.38626
2068	9.38432
2070	9.38497
2072	9.38859
2074	9.39093
2076	9.39121
2078	9.38838
2080	9.38673
2082	9.3847
2084	9.38259
2086	9.38184
2088	9.38097
2090	9.37946
2092	9.37821
2094	9.37785
2096	9.37871
2098	9.37981
2100	9.38173
2102	9.38326
2104	9.38545
2106	9.38881
2108	9.39233
2110	9.39445
2112	9.39417
2114	9.39264
2116	9.39219
2118	9.39085
2120	9.39321
2122	9.39619
2124	9.39328
2126	9.39044
2128	9.3911
2130	9.39175
2132	9.39255
2134	9.39342
2136	9.39248
2138	9.39135
2140	9.38997
2142	9.38936
2144	9.38925
2146	9.38965
2148	9.39189
2150	9.39286
2152	9.39209
2154	9.38962
2156	9.3862
2158	9.38151
2160	9.38217
2162	9.38222
2164	9.38101
2166	9.38311
2168	9.38568
2170	9.38673
2172	9.38872
2174	9.39274
2176	9.3971
2178	9.4004
2180	9.39913
2182	9.39475
2184	9.39131
2186	9.38894
2188	9.38957
2190	9.3904
2192	9.39116
2194	9.39226
2196	9.39222
2198	9.39384
2200	9.39532
2202	9.39498
2204	9.39578
2206	9.39656
2208	9.3978
2210	9.39767
2212	9.39774
2214	9.39774
2216	9.39798
2218	9.39812
2220	9.39731
2222	9.39594
2224	9.39315
2226	9.3861
2228	9.37897
2230	9.37556
2232	9.37376
2234	9.37219
2236	9.37202
2238	9.37191
2240	9.37184
2242	9.37284
2244	9.37572
2246	9.38359
2248	9.39094
2250	9.39384
2252	9.39518
2254	9.39363
2256	9.39107
2258	9.39136
2260	9.39368
2262	9.39535
2264	9.39698
2266	9.4002
2268	9.40167
2270	9.40276
2272	9.40314
2274	9.40166
2276	9.39808
2278	9.39445
2280	9.39024
2282	9.38741
2284	9.38537
2286	9.38429
2288	9.38335
2290	9.38341
2292	9.38503
2294	9.38733
2296	9.38876
2298	9.39125
2300	9.39375
2302	9.39565
2304	9.39814
2306	9.39725
2308	9.39623
2310	9.39527
2312	9.39497
2314	9.39548
2316	9.39631
2318	9.39566
2320	9.39496
2322	9.39417
2324	9.39213
2326	9.39115
2328	9.39346
2330	9.39725
2332	9.40072
2334	9.40215
2336	9.40153
2338	9.40029
2340	9.39846
2342	9.39606
2344	9.39617
2346	9.39773
2348	9.39716
2350	9.39704
2352	9.39717
2354	9.39749
2356	9.39752
2358	9.39654
2360	9.39691
2362	9.39813
2364	9.39933
2366	9.39825
2368	9.39778
2370	9.3983
2372	9.39855
2374	9.39843
2376	9.39866
2378	9.39916
2380	9.40069
2382	9.40264
2384	9.40296
2386	9.40259
2388	9.40172
2390	9.40029
2392	9.39928
2394	9.39884
2396	9.39767
2398	9.39815
2400	9.39927
2402	9.39972
2404	9.40029
2406	9.40203
2408	9.40195
2410	9.40043
2412	9.39837
2414	9.3963
2416	9.39471
2418	9.3925
2420	9.39312
2422	9.39595
2424	9.39899
2426	9.39898
2428	9.39778
2430	9.39671
2432	9.39818
2434	9.40073
2436	9.40409
2438	9.40669
2440	9.40829
2442	9.40962
2444	9.41122
2446	9.41009
2448	9.40626
2450	9.40582
2452	9.4069
2454	9.40462
2456	9.40316
2458	9.40355
2460	9.4051
2462	9.4048
2464	9.40368
2466	9.39671
2468	9.39103
2470	9.39
2472	9.39219
2474	9.39422
2476	9.39537
2478	9.39531
2480	9.39297
2482	9.39085
2484	9.38833
2486	9.3925
2488	9.3969
2490	9.39996
2492	9.40265
2494	9.40308
2496	9.40142
2498	9.40103
2500	9.4015
2502	9.40216
2504	9.40395
2506	9.40418
2508	9.40444
2510	9.40554
2512	9.40579
2514	9.40498
2516	9.40353
2518	9.40226
2520	9.40116
2522	9.40052
2524	9.40131
2526	9.40283
2528	9.40278
2530	9.4034
2532	9.4056
2534	9.40765
2536	9.4089
2538	9.40993
2540	9.41133
2542	9.41015
2544	9.40927
2546	9.40878
2548	9.40612
2550	9.40305
2552	9.40176
2554	9.40202
2556	9.40228
2558	9.40444
2560	9.40589
2562	9.40544
2564	9.40663
2566	9.40788
2568	9.4098
2570	9.41127
2572	9.4121
2574	9.41177
2576	9.41051
2578	9.40872
2580	9.40845
2582	9.40951
2584	9.40938
2586	9.40865
2588	9.40826
2590	9.40789
2592	9.40746
2594	9.40697
2596	9.40704
2598	9.40752
2600	9.40885
2602	9.40903
2604	9.40918
2606	9.40987
2608	9.4092
2610	9.40839
2612	9.40756
2614	9.40665
2616	9.40848
2618	9.41045
2620	9.41032
2622	9.40903
2624	9.40874
2626	9.40696
2628	9.40637
2630	9.4065
2632	9.40691
2634	9.40677
2636	9.40642
2638	9.40651
2640	9.4085
2642	9.41151
2644	9.41183
2646	9.41054
2648	9.40999
2650	9.41017
2652	9.41126
2654	9.41297
2656	9.41071
2658	9.40691
2660	9.40646
2662	9.40885
2664	9.41168
2666	9.41321
2668	9.4135
2670	9.41381
2672	9.41475
2674	9.4151
2676	9.41406
2678	9.41299
2680	9.41371
2682	9.41288
2684	9.41211
2686	9.41133
2688	9.41104
2690	9.4108
2692	9.41107
2694	9.41102
2696	9.41005
2698	9.40913
2700	9.40729
2702	9.40684
