time	cp
2	-0.00132
4	-2.77791E-4
6	-0.00175
8	-0.00171
10	-2.72056E-4
12	-5.11477E-4
14	-5.22899E-4
16	-1.3032E-4
18	-5.50742E-4
20	-0.00106
22	-1.29585E-4
24	-7.37006E-4
26	-1.39427E-4
28	7.82151E-4
30	3.4673E-4
32	-2.60692E-4
34	1.19887E-4
36	0.00128
38	0.00155
40	0.00105
42	0.0011
44	8.40779E-4
46	3.42358E-4
48	0.0017
50	0.00237
52	0.00113
54	2.61672E-4
56	2.12501E-5
58	3.19829E-4
60	3.46407E-4
62	2.24986E-4
64	-1.85436E-4
66	-0.00105
68	-7.05279E-4
70	8.62996E-5
72	-4.34122E-4
74	-4.19543E-4
76	-1.39648E-5
78	6.87614E-4
80	-5.78078E-5
82	-2.63229E-4
84	-5.76508E-5
86	-6.69072E-4
88	-0.00138
90	-0.00113
92	1.94663E-4
94	4.95242E-4
96	7.82022E-6
98	-3.91601E-4
100	2.16977E-4
102	-1.43444E-4
104	-1.88866E-4
106	-1.50287E-4
108	3.32291E-4
110	3.6787E-4
112	2.64448E-4
114	7.57027E-4
116	0.0025
118	0.00174
120	5.51762E-4
122	3.83408E-5
124	-0.00234
126	-0.00637
128	-0.01223
130	-0.02266
132	-0.03764
134	-0.05161
136	-0.05799
138	-0.05829
140	-0.05597
142	-0.0514
144	-0.04624
146	-0.0412
148	-0.03731
150	-0.03331
152	-0.02919
154	-0.02492
156	-0.02281
158	-0.02055
160	-0.01761
162	-0.0144
164	-0.01231
166	-0.0106
168	-0.00901
170	-0.00832
172	-0.00798
174	-0.00652
176	-0.00503
178	-0.00374
180	-0.00394
182	-0.00361
184	-0.00297
186	-0.00272
188	-0.0023
190	-0.00123
192	-2.01411E-4
194	-5.21513E-4
196	-2.9538E-4
198	-2.47248E-4
200	4.94885E-4
202	8.60018E-4
204	-3.9485E-4
206	-4.67169E-5
208	8.55416E-4
210	0.00156
212	0.00137
214	3.54814E-4
216	-0.00114
218	-9.98921E-4
220	-0.00137
222	-0.00282
224	-0.00263
226	-0.00215
228	-0.00143
230	-0.0015
232	-8.85992E-4
234	-4.49859E-4
236	-1.23727E-4
238	8.86406E-4
240	0.00166
242	0.00106
244	0.00107
246	8.11739E-4
248	4.47555E-5
250	-7.69228E-4
252	-0.00144
254	-6.97196E-4
256	-0.00167
258	-0.00192
260	-0.0015
262	-2.53131E-4
264	5.75885E-4
266	0.0014
268	8.44918E-4
270	1.17934E-4
272	2.1695E-4
274	-4.97034E-4
276	-5.40175E-5
278	-4.37001E-4
280	-3.77985E-4
282	-3.29688E-5
284	-5.47953E-4
286	4.91064E-4
288	6.10799E-5
290	-1.32727E-4
292	4.70588E-4
294	0.00114
296	6.19219E-4
298	2.03534E-4
300	-1.78151E-4
302	-5.30836E-4
304	-0.00121
306	-2.57206E-4
308	1.27109E-4
310	1.16424E-4
312	1.18739E-4
314	-7.58945E-4
316	-0.00116
318	-1.23315E-4
320	5.29E-4
322	1.17315E-4
324	-2.2937E-4
326	-4.91055E-4
328	-6.1574E-4
330	-2.86425E-4
332	4.27891E-4
334	7.71206E-4
336	0.0012
338	6.68864E-4
340	1.06409E-5
342	6.54418E-4
344	7.69195E-4
346	-8.40278E-5
348	-1.95251E-4
350	3.82526E-4
352	0.00105
354	0.00116
356	7.88858E-4
358	0.0016
360	0.00163
362	8.84189E-4
364	4.15966E-4
366	-3.76257E-4
368	-0.00161
370	-0.00123
372	-3.69253E-5
374	-4.95148E-4
376	-5.17371E-4
378	4.41406E-4
380	0.00122
382	2.5096E-4
384	-8.36263E-4
386	-8.15466E-4
388	-0.00138
390	-0.00123
392	-0.00182
394	-0.00191
396	-0.00177
398	-0.00247
400	-0.00329
402	-0.00287
404	-0.00251
406	-0.00283
408	-0.00269
410	-0.0011
412	-8.54141E-4
414	3.62576E-4
416	5.37294E-4
418	3.08011E-4
420	3.27285E-5
422	-1.42554E-4
424	-4.75837E-4
426	-1.0212E-4
428	-0.00121
430	-0.00174
432	-0.00194
434	-0.00131
436	-2.38698E-4
438	-6.25186E-4
440	-0.00158
442	-9.25161E-4
444	-0.0022
446	-0.00432
448	-0.00574
450	-0.00533
452	-0.00475
454	-0.00484
456	-0.00493
458	-0.00487
460	-0.00387
462	-0.00303
464	-0.00292
466	-0.00265
468	-0.00327
470	-0.00243
472	-0.00202
474	-0.00225
476	-0.00199
478	-0.00165
480	-0.00248
482	-0.00243
484	-0.00105
486	-8.5058E-4
488	-0.001
490	-6.02414E-4
492	7.34169E-4
494	6.44751E-4
496	0.00106
498	9.36917E-4
500	5.93499E-4
502	3.56082E-4
504	-4.00335E-4
506	7.72476E-5
508	4.9683E-4
510	6.53413E-4
512	1.77996E-4
514	4.75785E-5
516	-7.81839E-4
518	-2.66256E-4
520	-7.46733E-5
522	-0.00116
524	-0.00302
526	-0.01094
528	-0.02778
530	-0.0474
532	-0.06983
534	-0.09092
536	-0.10977
538	-0.12603
540	-0.14214
542	-0.15749
544	-0.16568
546	-0.16378
548	-0.15535
550	-0.14295
552	-0.13054
554	-0.1179
556	-0.10596
558	-0.09504
560	-0.08512
562	-0.07625
564	-0.06711
566	-0.05969
568	-0.05379
570	-0.048
572	-0.04328
574	-0.03896
576	-0.03487
578	-0.0321
580	-0.03025
582	-0.02782
584	-0.02584
586	-0.02431
588	-0.02271
590	-0.02117
592	-0.01929
594	-0.01663
596	-0.0156
598	-0.01504
600	-0.01432
602	-0.01311
604	-0.01226
606	-0.01264
608	-0.01162
610	-0.01062
612	-0.01033
614	-0.01043
616	-0.01053
618	-0.01045
620	-0.00932
622	-0.01021
624	-0.01075
626	-0.01013
628	-0.01029
630	-0.01118
632	-0.01144
634	-0.01131
636	-0.01137
638	-0.01123
640	-0.01161
642	-0.01188
644	-0.0113
646	-0.01005
648	-0.0084
650	-0.00789
652	-0.00795
654	-0.00813
656	-0.00738
658	-0.00666
660	-0.00699
662	-0.00679
664	-0.00744
666	-0.00663
668	-0.00521
670	-0.00527
672	-0.00462
674	-0.00489
676	-0.00507
678	-0.00421
680	-0.00496
682	-0.0045
684	-0.00254
686	-0.00282
688	-0.00275
690	-0.00288
692	-0.0017
694	-0.00357
696	-0.00445
698	-0.00377
700	-0.00212
702	-0.00166
704	-0.0017
706	-0.00288
708	-0.00253
710	-0.00191
712	-0.00296
714	-0.00223
716	-0.0024
718	-0.00203
720	-0.0017
722	-0.00257
724	-0.003
726	-0.00284
728	-0.00337
730	-0.0033
732	-0.0035
734	-0.00367
736	-0.00342
738	-0.00246
740	-0.00277
742	-0.00246
744	-0.00243
746	-0.00291
748	-0.00373
750	-0.00383
752	-0.00311
754	-0.00239
756	-0.00224
758	-0.00198
760	-8.19549E-4
762	-0.00116
764	-0.00163
766	-0.00183
768	-0.00136
770	-8.08054E-4
772	-9.59173E-4
774	-0.00138
776	-0.00198
778	-0.00198
780	-0.00197
782	-0.00128
784	-6.76893E-4
786	-8.04013E-4
788	-5.80133E-4
790	4.06747E-4
792	1.30627E-4
794	-4.42493E-4
796	-7.28613E-4
798	-0.00106
800	-6.48525E-5
802	6.60275E-5
804	-7.53092E-4
806	-2.31212E-4
808	-4.65332E-4
810	-0.00229
812	-0.00259
814	-0.00278
816	-0.00178
818	-0.0012
820	-9.52957E-4
822	-0.00187
824	-0.00105
826	-1.90292E-4
828	4.35596E-4
830	7.88484E-4
832	7.04372E-4
834	0.00141
836	-5.41852E-4
838	6.90366E-5
840	2.83925E-4
842	-7.1187E-5
844	-0.00108
846	-2.26411E-4
848	-7.82522E-4
850	-0.00159
852	-0.00174
854	-0.00217
856	-0.00246
858	-0.00349
860	-0.00349
862	-0.00188
864	-8.54974E-4
866	5.5853E-4
868	5.79034E-4
870	0.00102
872	7.45042E-4
874	0.00106
876	0.00119
878	8.83554E-4
880	-2.69942E-4
882	3.89562E-4
884	5.28066E-4
886	-1.6543E-4
888	2.86074E-4
890	-2.03422E-4
892	-0.001
894	-0.00147
896	-0.00114
898	-7.90406E-4
900	-5.66901E-4
902	-7.69397E-4
904	-0.00147
906	-6.90389E-4
908	-5.86885E-4
910	-8.89381E-4
912	3.82598E-4
914	8.02423E-4
916	2.28248E-4
918	2.53073E-4
920	-1.50102E-4
922	-0.00127
924	-0.00252
926	-0.01098
928	-0.02808
930	-0.04902
932	-0.07101
934	-0.09143
936	-0.11166
938	-0.13011
940	-0.14571
942	-0.15994
944	-0.16883
946	-0.16632
948	-0.1588
950	-0.14771
952	-0.13405
954	-0.1216
956	-0.10939
958	-0.09717
960	-0.08616
962	-0.07783
964	-0.07051
966	-0.06337
968	-0.05658
970	-0.05102
972	-0.04622
974	-0.04228
976	-0.03885
978	-0.03465
980	-0.03142
982	-0.02934
984	-0.02729
986	-0.02534
988	-0.0234
990	-0.02289
992	-0.0214
994	-0.01884
996	-0.01782
998	-0.01804
1000	-0.01761
1002	-0.01589
1004	-0.01426
1006	-0.01459
1008	-0.01289
1010	-0.0115
1012	-0.01107
1014	-0.0106
1016	-0.01005
1018	-0.0093
1020	-0.00828
1022	-0.00766
1024	-0.00701
1026	-0.00682
1028	-0.00699
1030	-0.00709
1032	-0.00685
1034	-0.00736
1036	-0.00832
1038	-0.0087
1040	-0.00802
1042	-0.00792
1044	-0.00778
1046	-0.00748
1048	-0.00931
1050	-0.0097
1052	-0.00918
1054	-0.00961
1056	-0.01019
1058	-0.0099
1060	-0.00899
1062	-0.00862
1064	-0.00888
1066	-0.00834
1068	-0.00686
1070	-0.00684
1072	-0.00651
1074	-0.00613
1076	-0.00545
1078	-0.00573
1080	-0.00608
1082	-0.00514
1084	-0.00479
1086	-0.00377
1088	-0.00534
1090	-0.00725
1092	-0.00653
1094	-0.0053
1096	-0.0037
1098	-0.0035
1100	-0.00394
1102	-0.00305
1104	-0.00361
1106	-0.00494
1108	-0.00461
1110	-0.00397
1112	-0.0042
1114	-0.00422
1116	-0.00412
1118	-0.00296
1120	-0.00205
1122	-0.00268
1124	-0.00251
1126	-0.00338
1128	-0.00359
1130	-0.00137
1132	-2.46865E-4
1134	-0.00131
1136	-0.00126
1138	-0.00106
1140	-0.00158
1142	-0.00204
1144	-0.00117
1146	-0.0011
1148	-0.00217
1150	-0.00318
1152	-0.00272
1154	-0.00189
1156	-0.00197
1158	-0.00205
1160	-0.0025
1162	-0.00235
1164	-0.00267
1166	-0.00326
1168	-0.00308
1170	-0.00401
1172	-0.00383
1174	-0.00349
1176	-0.00318
1178	-0.00103
1180	5.88369E-4
1182	5.40504E-4
1184	-5.45361E-4
1186	-5.19226E-4
1188	3.59085E-5
1190	-2.35957E-4
1192	-4.28822E-4
1194	-3.87687E-4
1196	-1.73552E-4
1198	-9.60418E-4
1200	-9.26283E-4
1202	-6.99148E-4
1204	5.92987E-4
1206	3.16122E-4
1208	1.08256E-4
1210	-1.06609E-4
1212	-1.54741E-5
1214	-6.18339E-4
1216	-5.27205E-4
1218	-3.4107E-4
1220	-9.17935E-4
1222	-9.858E-4
1224	-0.00143
1226	-0.0016
1228	-0.00197
1230	-0.00233
1232	-0.00161
1234	-4.30991E-4
1236	1.70143E-4
1238	6.10278E-4
1240	0.00124
1242	0.00105
1244	7.22682E-4
1246	9.25982E-4
1248	0.00207
1250	0.00207
1252	0.00223
1254	0.0021
1256	0.00139
1258	0.00179
1260	0.00121
1262	5.58205E-4
1264	-8.63642E-4
1266	-0.00106
1268	-7.15336E-4
1270	-1.02184E-4
1272	0.00105
1274	3.32122E-4
1276	-5.42725E-4
1278	-0.00104
1280	-5.96419E-4
1282	5.56733E-4
1284	7.83886E-4
1286	8.43039E-4
1288	0.00122
1290	-2.88655E-4
1292	-3.53502E-4
1294	1.23687E-4
1296	2.59163E-4
1298	3.0664E-4
1300	2.01171E-5
1302	0.00103
1304	5.55071E-4
1306	-2.24522E-5
1308	-7.02975E-4
1310	-1.76498E-4
1312	-6.73022E-4
1314	-0.00125
1316	-1.11068E-4
1318	7.24409E-4
1320	9.36886E-4
1322	-1.56373E-5
1324	-0.00134
1326	-0.0088
1328	-0.02491
1330	-0.04481
1332	-0.06628
1334	-0.0867
1336	-0.10521
1338	-0.12102
1340	-0.13629
1342	-0.14895
1344	-0.15818
1346	-0.15786
1348	-0.14959
1350	-0.13675
1352	-0.12526
1354	-0.11231
1356	-0.10009
1358	-0.08991
1360	-0.07982
1362	-0.07143
1364	-0.06349
1366	-0.05715
1368	-0.05127
1370	-0.04593
1372	-0.04147
1374	-0.03707
1376	-0.03427
1378	-0.03039
1380	-0.02791
1382	-0.02588
1384	-0.02439
1386	-0.02345
1388	-0.0216
1390	-0.01879
1392	-0.01702
1394	-0.01653
1396	-0.0146
1398	-0.01372
1400	-0.01448
1402	-0.01357
1404	-0.01149
1406	-0.01046
1408	-0.0108
1410	-0.01081
1412	-0.00909
1414	-0.00885
1416	-0.01076
1418	-0.01275
1420	-0.01421
1422	-0.01504
1424	-0.01612
1426	-0.01477
1428	-0.01392
1430	-0.01476
1432	-0.01462
1434	-0.01415
1436	-0.01512
1438	-0.01375
1440	-0.01315
1442	-0.0136
1444	-0.01351
1446	-0.01168
1448	-0.01164
1450	-0.01184
1452	-0.01219
1454	-0.01141
1456	-0.01006
1458	-0.00951
1460	-0.00985
1462	-0.00851
1464	-0.00726
1466	-0.00767
1468	-0.00699
1470	-0.00575
1472	-0.00506
1474	-0.00414
1476	-0.00345
1478	-0.00453
1480	-0.0049
1482	-0.00574
1484	-0.0056
1486	-0.00533
1488	-0.00608
1490	-0.00587
1492	-0.00534
1494	-0.00571
1496	-0.00569
1498	-0.00466
1500	-0.00509
1502	-0.00555
1504	-0.0053
1506	-0.00392
1508	-0.00317
1510	-0.00352
1512	-0.00234
1514	-0.00295
1516	-0.0047
1518	-0.00488
1520	-0.00565
1522	-0.00644
1524	-0.00616
1526	-0.00659
1528	-0.00809
1530	-0.00878
1532	-0.00842
1534	-0.00714
1536	-0.00703
1538	-0.0071
1540	-0.00659
1542	-0.00486
1544	-0.00463
1546	-0.00493
1548	-0.00576
1550	-0.0052
1552	-0.00401
1554	-0.00246
1556	-0.00284
1558	-0.0028
1560	-0.00332
1562	-0.0032
1564	-0.00253
1566	-0.0023
1568	-0.00207
1570	-0.00178
1572	-0.00204
1574	-0.00269
1576	-0.00293
1578	-0.00352
1580	-0.00215
1582	-0.002
1584	-0.00318
1586	-0.0024
1588	-0.00225
1590	-0.00215
1592	-0.00297
1594	-0.00199
1596	-9.90116E-4
1598	-0.00143
1600	-1.62843E-4
1602	-4.07063E-5
1604	0.00131
1606	0.0017
1608	4.81703E-4
1610	-3.1516E-4
1612	-0.00157
1614	-0.00186
1616	-0.00166
1618	-9.65614E-4
1620	-0.00126
1622	-6.64341E-4
1624	1.37796E-4
1626	-4.70068E-4
1628	-3.96685E-4
1630	-2.23119E-4
1632	-5.45553E-4
1634	-0.00192
1636	-0.002
1638	-0.00156
1640	-0.00153
1642	-0.00123
1644	-9.11159E-4
1646	-1.44593E-4
1648	-1.62027E-4
1650	-6.74617E-5
1652	-1.02896E-4
1654	-6.8333E-4
1656	4.02235E-4
1658	-5.23199E-4
1660	1.89367E-4
1662	5.61933E-4
1664	6.14984E-5
1666	-2.77936E-4
1668	-8.3437E-4
1670	-7.63804E-4
1672	1.30761E-4
1674	4.35327E-4
1676	4.75677E-4
1678	1.29843E-4
1680	0.00169
1682	0.00222
1684	0.00161
1686	0.00193
1688	0.00207
1690	0.00229
1692	0.00227
1694	0.00108
1696	0.00114
1698	5.85506E-4
1700	-7.40328E-4
1702	-5.07162E-4
1704	3.91005E-4
1706	-7.28829E-4
1708	-8.50663E-4
1710	-4.51497E-4
1712	-0.00148
1714	-0.00154
1716	-2.18998E-4
1718	-8.07832E-4
1720	-0.0018
1722	-0.00109
1724	-0.0014
1726	-0.00897
1728	-0.02594
1730	-0.04562
1732	-0.06581
1734	-0.08528
1736	-0.10318
1738	-0.11866
1740	-0.13383
1742	-0.14593
1744	-0.15375
1746	-0.15313
1748	-0.14474
1750	-0.13329
1752	-0.12124
1754	-0.10842
1756	-0.09784
1758	-0.08769
1760	-0.07814
1762	-0.06805
1764	-0.06001
1766	-0.05264
1768	-0.04698
1770	-0.04141
1772	-0.03675
1774	-0.03413
1776	-0.03043
1778	-0.02683
1780	-0.02386
1782	-0.02201
1784	-0.0202
1786	-0.01898
1788	-0.01892
1790	-0.01704
1792	-0.01537
1794	-0.01351
1796	-0.01277
1798	-0.01221
1800	-0.01273
1802	-0.01152
1804	-0.011
1806	-0.00887
1808	-0.00815
1810	-0.00739
1812	-0.00592
1814	-0.00491
1816	-0.00514
1818	-0.00508
1820	-0.00439
1822	-0.00378
1824	-0.00461
1826	-0.00538
1828	-0.00557
1830	-0.00515
1832	-0.00558
1834	-0.00484
1836	-0.00476
1838	-0.00518
1840	-0.00501
1842	-0.00479
1844	-0.00417
1846	-0.00399
1848	-0.00404
1850	-0.00435
1852	-0.00388
1854	-0.00338
1856	-0.00354
1858	-0.0033
1860	-0.00252
1862	-0.00332
1864	-0.00375
1866	-0.00358
1868	-0.00443
1870	-0.00394
1872	-0.00238
1874	-0.00314
1876	-0.00372
1878	-0.0039
1880	-0.00266
1882	-0.00306
1884	-0.00319
1886	-0.00235
1888	-0.00222
1890	-0.0026
1892	-0.0027
1894	-0.00135
1896	-0.00141
1898	-0.00213
1900	-0.00109
1902	-1.84166E-4
1904	3.25931E-4
1906	8.59028E-4
1908	-1.08875E-4
1910	3.27221E-4
1912	-5.1682E-5
1914	-0.00118
1916	-0.0019
1918	-0.00163
1920	-0.00256
1922	-0.00265
1924	-0.00198
1926	-0.00209
1928	-0.00105
1930	-9.17282E-4
1932	-7.8506E-4
1934	-0.0011
1936	-7.34616E-4
1938	5.09606E-4
1940	0.00114
1942	1.9105E-4
1944	-2.19728E-4
1946	-5.52506E-4
1948	-3.00284E-4
1950	-2.23062E-4
1952	-0.00189
1954	-0.00285
1956	-0.0029
1958	-0.00371
1960	-0.00446
1962	-0.00458
1964	-0.00324
1966	-0.00251
1968	-0.00253
1970	-0.0013
1972	-0.00203
1974	-0.00252
1976	-0.00244
1978	-0.00253
1980	-0.0025
1982	-0.00229
1984	-0.00206
1986	-0.00183
1988	-0.00184
1990	-0.00116
1992	-2.31469E-5
1994	0.00118
1996	0.0019
1998	0.00278
2000	0.00291
2002	0.00317
2004	0.00293
2006	0.00231
2008	0.00122
2010	-1.38277E-4
2012	-5.9318E-4
2014	-0.00109
2016	-0.00143
2018	-0.00186
2020	-4.24793E-4
2022	2.21304E-4
2024	3.324E-4
2026	8.42497E-4
2028	-0.00104
2030	-0.00154
2032	-0.00132
2034	-0.00178
2036	-0.0018
2038	-0.00223
2040	-0.00234
2042	-0.00277
2044	-0.00182
2046	-9.69536E-4
2048	-4.19439E-4
2050	-3.67343E-4
2052	-0.00117
2054	-5.14149E-4
2056	6.66948E-4
2058	3.20637E-4
2060	8.22337E-4
2062	0.00185
2064	0.0019
2066	0.00154
2068	6.97137E-4
2070	7.91837E-4
2072	3.05537E-4
2074	5.41237E-4
2076	7.18937E-4
2078	4.31637E-4
2080	1.25337E-4
2082	5.49037E-4
2084	-3.35262E-4
2086	-0.00157
2088	-0.00214
2090	-0.00128
2092	-2.23462E-4
2094	-2.79762E-4
2096	6.75938E-4
2098	2.15638E-4
2100	-5.93662E-4
2102	-7.22962E-4
2104	3.86738E-4
2106	8.929E-4
2108	9.62493E-4
2110	6.73085E-4
2112	5.20678E-4
2114	7.0227E-4
2116	4.08863E-4
2118	-6.95443E-5
2120	6.93048E-4
2122	0.00148
2124	0.00145
2126	-0.00589
2128	-0.02306
2130	-0.04128
2132	-0.06037
2134	-0.07801
2136	-0.09476
2138	-0.1088
2140	-0.12382
2142	-0.13734
2144	-0.14623
2146	-0.14538
2148	-0.13936
2150	-0.12941
2152	-0.11704
2154	-0.1048
2156	-0.09275
2158	-0.08256
2160	-0.0723
2162	-0.06327
2164	-0.05617
2166	-0.0514
2168	-0.04549
2170	-0.03865
2172	-0.0345
2174	-0.03125
2176	-0.02806
2178	-0.02673
2180	-0.02447
2182	-0.02256
2184	-0.02177
2186	-0.02055
2188	-0.0187
2190	-0.01763
2192	-0.01681
2194	-0.01551
2196	-0.0141
2198	-0.01284
2200	-0.01261
2202	-0.01172
2204	-0.01099
2206	-0.01014
2208	-0.00833
2210	-0.00828
2212	-0.00771
2214	-0.00781
2216	-0.00779
2218	-0.00793
2220	-0.00638
2222	-0.00627
2224	-0.00709
2226	-0.00677
2228	-0.0061
2230	-0.00416
2232	-0.00441
2234	-0.00534
2236	-0.00598
2238	-0.00537
2240	-0.00488
2242	-0.00489
2244	-0.00595
2246	-0.00628
2248	-0.00465
2250	-0.00417
2252	-0.00407
2254	-0.00435
2256	-0.00355
2258	-0.00412
2260	-0.00329
2262	-0.00418
2264	-0.00387
2266	-0.0024
2268	-0.00236
2270	-0.00408
2272	-0.00335
2274	-0.00364
2276	-0.0046
2278	-0.00398
2280	-0.00386
2282	-0.0033
2284	-0.00543
2286	-0.00563
2288	-0.0049
2290	-0.00365
2292	-0.00409
2294	-0.00554
2296	-0.00556
2298	-0.0053
2300	-0.0054
2302	-0.00464
2304	-0.00485
2306	-0.00496
2308	-0.0044
2310	-0.00367
2312	-0.00267
2314	-0.00217
2316	-0.00345
2318	-0.00339
2320	-0.00335
2322	-0.00397
2324	-0.00359
2326	-0.00342
2328	-0.00489
2330	-0.00565
2332	-0.00452
2334	-0.00448
2336	-0.00473
2338	-0.00393
2340	-0.00459
2342	-0.0054
2344	-0.00501
2346	-0.00431
2348	-0.00487
2350	-0.00536
2352	-0.00541
2354	-0.0058
2356	-0.00612
2358	-0.00514
2360	-0.00497
2362	-0.00671
2364	-0.00719
2366	-0.00593
2368	-0.00532
2370	-0.00485
2372	-0.00438
2374	-0.00474
2376	-0.00447
2378	-0.00361
2380	-0.00419
2382	-0.00568
2384	-0.00553
2386	-0.00575
2388	-0.0054
2390	-0.00395
2392	-0.00363
2394	-0.00407
2396	-0.00346
2398	-0.00214
2400	-0.00259
2402	-0.00261
2404	-0.00281
2406	-0.00379
2408	-0.00397
2410	-0.00389
2412	-0.00227
2414	-0.00279
2416	-0.00256
2418	-0.0022
2420	-6.60847E-4
2422	-0.00117
2424	-0.0015
2426	-0.00108
2428	-8.99548E-4
2430	-1.92231E-5
2432	-6.78984E-5
2434	1.57426E-4
2436	-6.39249E-4
2438	-5.03924E-4
2440	-3.16727E-4
2442	-9.11257E-4
2444	-2.37788E-4
2446	-0.00134
2448	-0.00127
2450	-0.0014
2452	-5.33911E-4
2454	-8.34414E-5
2456	-2.68972E-4
2458	-5.37503E-4
2460	-9.14033E-4
2462	-4.30564E-4
2464	6.79052E-5
2466	2.24374E-4
2468	0.00115
2470	5.13131E-5
2472	-1.37218E-4
2474	0.00195
2476	0.00143
2478	7.6019E-4
2480	0.0011
2482	4.97129E-4
2484	-0.00115
2486	-4.59932E-4
2488	-1.25495E-4
2490	-6.37115E-4
2492	1.94264E-4
2494	-1.84356E-4
2496	3.00024E-4
2498	-9.98597E-4
2500	-9.85217E-4
2502	-3.55837E-4
2504	-3.32458E-4
2506	-0.00192
2508	-0.00206
2510	-0.00132
2512	-9.50939E-4
2514	-0.00169
2516	-0.0026
2518	-0.00115
2520	-5.3742E-4
2522	-1.9704E-4
2524	-8.56661E-4
2526	-0.00555
2528	-0.01933
2530	-0.03734
2532	-0.05633
2534	-0.07447
2536	-0.09142
2538	-0.10537
2540	-0.1184
2542	-0.1304
2544	-0.13686
2546	-0.13758
2548	-0.13274
2550	-0.12312
2552	-0.11139
2554	-0.10077
2556	-0.08876
2558	-0.07862
2560	-0.07049
2562	-0.06206
2564	-0.05335
2566	-0.04797
2568	-0.04257
2570	-0.03725
2572	-0.03164
2574	-0.02684
2576	-0.02339
2578	-0.02101
2580	-0.01891
2582	-0.01753
2584	-0.01584
2586	-0.01417
2588	-0.01348
2590	-0.01276
2592	-0.01165
2594	-0.01074
2596	-0.01063
2598	-0.01093
2600	-0.01091
2602	-0.01098
2604	-0.00993
2606	-0.00869
2608	-0.00963
2610	-0.00981
2612	-0.00944
2614	-0.00866
2616	-0.00825
2618	-0.00859
2620	-0.00868
2622	-0.00774
2624	-0.00726
2626	-0.00762
2628	-0.00717
2630	-0.00752
2632	-0.00744
2634	-0.0062
2636	-0.00649
2638	-0.00637
2640	-0.00616
2642	-0.00719
2644	-0.00673
2646	-0.00589
2648	-0.00665
2650	-0.00536
2652	-0.00463
2654	-0.00593
2656	-0.00694
2658	-0.00685
2660	-0.00617
2662	-0.00521
2664	-0.00459
2666	-0.00483
2668	-0.00375
2670	-0.00359
2672	-0.00237
2674	-0.00186
2676	-0.00365
2678	-0.00435
2680	-0.00379
2682	-0.00293
2684	-0.00304
2686	-0.0027
2688	-0.00307
2690	-0.00346
2692	-0.0031
2694	-0.0022
2696	-0.00218
2698	-0.00175
2700	-0.00149
2702	-0.0017
2704	-0.00215
2706	-0.00208
2708	-0.00137
2710	-3.06911E-4
2712	-0.00106
2714	-0.00217
2716	-0.00278
2718	-0.00268
2720	-0.00387
2722	-0.00397
2724	-0.00293
2726	-0.00296
2728	-0.00355
2730	-0.00315
2732	-0.00295
2734	-0.00212
2736	-0.0027
2738	-0.00239
2740	-0.00225
2742	-0.00208
2744	-0.00274
2746	-0.0027
2748	-0.00284
2750	-0.0025
2752	-0.00158
2754	-0.00268
2756	-0.00308
2758	-0.00182
2760	-9.684E-4
2762	-3.25135E-4
2764	1.6713E-4
2766	0.00119
2768	0.00137
2770	8.02925E-4
2772	6.7819E-4
2774	1.12455E-4
2776	-1.72291E-4
2778	-6.05154E-4
2780	-8.23018E-4
2782	-0.00149
2784	-0.00132
2786	-0.00154
2788	-0.00128
2790	-0.00192
2792	-0.00274
2794	-0.00198
2796	-1.22924E-4
2798	-4.78787E-4
2800	-0.00183
2802	-0.00228
2804	-0.00327
2806	-0.00182
2808	-6.58104E-4
2810	-5.05967E-4
2812	-0.0022
2814	-0.00232
2816	-0.00175
2818	-0.00136
2820	-0.002
2822	-0.00265
2824	-0.00219
2826	-0.00182
2828	-0.0026
2830	-0.00266
2832	-0.0019
2834	-3.06956E-4
2836	-7.79554E-4
2838	-0.00117
2840	-0.00159
2842	-0.00213
2844	-0.00168
2846	-0.00249
2848	-0.00261
2850	-0.00185
2852	-0.00218
2854	-0.00346
2856	-0.00332
2858	-0.00253
2860	-0.00313
2862	-0.00214
2864	-0.00153
2866	-0.00204
2868	-0.00313
2870	-0.00337
2872	-0.00176
2874	-4.0588E-4
2876	-7.72787E-4
2878	-0.00154
2880	-0.00143
2882	-8.1351E-4
2884	-8.49417E-4
2886	-3.63324E-4
2888	-7.48232E-4
2890	-1.49139E-4
2892	0.00155
2894	7.34046E-4
2896	-8.12862E-4
2898	-0.00101
2900	-8.86676E-4
2902	5.01416E-4
2904	6.00509E-4
2906	0.00107
2908	0.00161
2910	0.00173
2912	6.41879E-4
2914	-3.80028E-4
2916	-6.21936E-4
2918	-7.16031E-4
2920	2.48377E-4
2922	4.18786E-4
2924	1.03194E-4
2926	-0.0033
2928	-0.01418
2930	-0.03172
2932	-0.04967
2934	-0.06694
2936	-0.0848
2938	-0.09906
2940	-0.11253
2942	-0.12436
2944	-0.1335
2946	-0.1349
2948	-0.12826
2950	-0.11785
2952	-0.10856
2954	-0.09727
2956	-0.08602
2958	-0.07623
2960	-0.06704
2962	-0.05866
2964	-0.05135
2966	-0.04445
2968	-0.03871
2970	-0.03363
2972	-0.02836
2974	-0.02435
2976	-0.02185
2978	-0.02029
2980	-0.01874
2982	-0.01742
2984	-0.01649
2986	-0.01472
2988	-0.0129
2990	-0.01211
2992	-0.01131
2994	-0.00977
2996	-0.00809
2998	-0.00797
3000	-0.00716
3002	-0.00642
3004	-0.00641
3006	-0.00554
3008	-0.00606
3010	-0.00632
3012	-0.00573
3014	-0.00527
3016	-0.00388
3018	-0.00377
3020	-0.00479
3022	-0.00338
3024	-0.00434
3026	-0.00418
3028	-0.00371
3030	-0.00416
3032	-0.00475
3034	-0.00454
3036	-0.00422
3038	-0.00311
3040	-0.00251
3042	-0.00275
3044	-0.00384
3046	-0.00301
3048	-0.00292
3050	-0.00386
3052	-0.00354
3054	-0.00237
3056	-0.0019
3058	-0.00202
3060	-0.00172
3062	-0.00147
3064	-9.96674E-4
3066	-0.00165
3068	-0.00172
3070	-0.00105
3072	-9.79388E-5
3074	6.9745E-5
3076	0.00133
3078	0.00124
3080	7.92796E-4
3082	3.8048E-4
3084	6.41164E-4
3086	-1.19152E-4
3088	-0.00158
3090	-0.00255
3092	-0.00263
3094	-0.00308
3096	-0.00293
3098	-0.00192
3100	-0.00286
3102	-0.00291
3104	-0.00211
3106	-0.00344
3108	-0.00234
3110	-0.00186
3112	-0.00114
3114	-0.00102
3116	-0.00152
3118	-0.00189
3120	-0.00176
3122	-6.07249E-4
3124	3.05315E-4
3126	0.001
3128	4.33443E-4
3130	6.80007E-4
3132	8.92571E-4
3134	1.67136E-4
3136	-3.023E-4
3138	-4.37736E-4
3140	-0.00155
3142	-0.00295
3144	-0.00274
3146	-0.00258
3148	-0.00305
3150	-0.00207
3152	-0.0028
3154	-0.00217
3156	-0.00184
3158	-0.00261
3160	-0.00211
3162	-0.00267
3164	-0.00237
3166	-0.00238
3168	-0.00195
3170	1.66802E-4
3172	-4.71471E-5
3174	2.24904E-4
3176	-5.50445E-5
3178	-8.86993E-4
3180	-0.0017
3182	-0.00221
3184	-0.00175
3186	-0.00163
3188	-3.09737E-4
3190	6.30315E-4
3192	-6.11634E-4
3194	-7.43583E-4
3196	-8.07532E-4
3198	-4.3948E-4
3200	-9.26429E-4
3202	7.06223E-5
3204	0.00131
3206	9.20962E-4
3208	4.83807E-5
3210	9.328E-4
3212	-4.47817E-5
3214	-0.00131
3216	-9.49944E-4
3218	-7.90525E-4
3220	-8.56106E-4
3222	-6.37688E-4
3224	1.34731E-4
3226	8.01501E-5
3228	9.52569E-4
3230	0.00126
3232	0.00226
3234	0.00135
3236	6.63244E-4
3238	0.00236
3240	0.00357
3242	0.00152
3244	0.00138
3246	0.0017
3248	9.14757E-4
3250	6.85176E-4
3252	6.25639E-4
3254	2.0487E-4
3256	-2.74899E-4
3258	-2.98668E-4
3260	8.47562E-4
3262	8.29793E-4
3264	7.49024E-4
3266	8.61255E-4
3268	7.76486E-4
3270	-1.88284E-4
3272	-5.73053E-4
3274	-0.00114
3276	-0.00194
3278	-0.00123
3280	-3.7913E-4
3282	-3.83899E-4
3284	-9.55668E-4
3286	-8.09437E-4
3288	1.95794E-4
3290	7.95025E-4
3292	0.00113
3294	0.0013
3296	0.00106
3298	3.66948E-4
3300	-0.00107
3302	-9.86059E-4
3304	-4.0795E-4
3306	-6.67842E-4
3308	-6.12734E-4
3310	-0.00129
3312	-8.69517E-4
3314	-2.9409E-5
3316	4.31699E-4
3318	9.03808E-4
3320	2.09159E-5
3322	4.06024E-4
3324	3.09132E-4
3326	-0.00451
3328	-0.01632
3330	-0.03152
3332	-0.04863
3334	-0.06648
3336	-0.08179
3338	-0.0945
3340	-0.10626
3342	-0.11625
3344	-0.12501
3346	-0.12773
3348	-0.1223
3350	-0.11271
3352	-0.1032
3354	-0.09359
3356	-0.08295
3358	-0.0712
3360	-0.06259
3362	-0.0549
3364	-0.04815
3366	-0.04214
3368	-0.03807
3370	-0.03413
3372	-0.02957
3374	-0.02636
3376	-0.02436
3378	-0.02074
3380	-0.01713
3382	-0.01429
3384	-0.0128
3386	-0.01173
3388	-0.01091
3390	-0.01027
3392	-0.01002
3394	-0.01007
3396	-0.00909
3398	-0.00693
3400	-0.00534
3402	-0.00529
3404	-0.00562
3406	-0.0053
3408	-0.00508
3410	-0.00542
3412	-0.00431
3414	-0.00329
3416	-0.00204
3418	-0.00169
3420	-0.00238
3422	-0.00247
3424	-0.00199
3426	-0.00275
3428	-0.00423
3430	-0.00561
3432	-0.00521
3434	-0.00507
3436	-0.00495
3438	-0.00486
3440	-0.00494
3442	-0.00436
3444	-0.00452
3446	-0.0045
3448	-0.00389
3450	-0.00292
3452	-0.00275
3454	-0.00321
3456	-0.00282
3458	-0.00173
3460	-0.00282
3462	-0.00421
3464	-0.005
3466	-0.00456
3468	-0.00243
3470	-0.00239
3472	-0.0028
3474	-0.0025
3476	-0.00243
3478	-0.00173
3480	7.50088E-5
3482	8.14838E-6
3484	-5.13712E-4
3486	-2.01572E-4
3488	2.57567E-4
3490	3.57707E-4
3492	0.0017
3494	0.0031
3496	0.0039
3498	0.00412
3500	0.00333
3502	0.00413
3504	0.0057
3506	0.00544
3508	0.00456
3510	0.00357
3512	0.00292
3514	0.00237
3516	0.00151
3518	0.0017
3520	0.00154
3522	2.80314E-4
3524	1.52901E-4
3526	0.00102
3528	0.00117
3530	-6.18338E-4
3532	-0.00151
3534	-0.00178
3536	-0.00239
3538	-0.0028
3540	-0.00295
3542	-0.00412
3544	-0.00452
3546	-0.00467
3548	-0.00522
3550	-0.00452
3552	-0.00352
3554	-0.00295
3556	-0.00284
3558	-0.00305
3560	-0.00237
3562	-0.00287
3564	-0.00322
3566	-0.00258
3568	-0.0012
3570	-0.00138
3572	-1.69024E-4
3574	8.48933E-5
3576	0.00109
3578	8.80728E-4
3580	9.43645E-4
3582	0.00158
3584	0.00248
3586	0.00117
3588	0.00164
3590	9.28783E-4
3592	-2.51354E-4
3594	-6.8549E-4
3596	8.72373E-4
3598	1.28236E-4
3600	0.00125
3602	0.00162
3604	0.00126
3606	5.01689E-4
3608	3.59552E-4
3610	4.75415E-4
3612	5.34279E-4
3614	6.53142E-4
3616	0.00238
3618	0.00229
3620	0.0023
3622	0.00218
3624	0.00199
3626	0.00129
3628	8.21184E-4
3630	0.00129
3632	5.89911E-4
3634	0.00185
3636	0.00241
3638	0.00242
3640	0.0028
3642	0.00257
3644	0.00202
3646	0.00284
3648	0.00208
3650	0.00238
3652	0.00261
3654	0.00357
3656	0.00387
3658	0.00286
3660	0.00256
3662	0.00134
3664	-2.07782E-4
3666	0.00115
3668	1.1773E-4
3670	1.65987E-4
3672	0.00131
3674	0.00103
3676	0.00196
3678	0.00117
3680	0.00104
3682	0.00102
3684	8.57407E-4
3686	6.69609E-4
3688	-3.81889E-5
3690	-8.21987E-4
3692	-0.00169
3694	-0.00236
3696	-0.00343
3698	-0.00298
3700	-0.00205
3702	-0.00143
3704	-0.00167
3706	-0.00214
3708	-0.00222
3710	-0.00304
3712	-0.00215
3714	-0.00154
3716	-7.10357E-4
3718	1.27845E-4
3720	-8.20953E-4
3722	1.8825E-4
3724	-8.70548E-4
3726	-0.00446
3728	-0.0155
3730	-0.02962
3732	-0.04666
3734	-0.06313
3736	-0.07719
3738	-0.08916
3740	-0.10048
3742	-0.11138
3744	-0.11964
3746	-0.12123
3748	-0.11576
3750	-0.10743
3752	-0.09765
3754	-0.08741
3756	-0.07738
3758	-0.06784
3760	-0.05952
3762	-0.05291
3764	-0.04521
3766	-0.03889
3768	-0.03426
3770	-0.03001
3772	-0.02635
3774	-0.02282
3776	-0.02036
3778	-0.01879
3780	-0.01768
3782	-0.01602
3784	-0.01433
3786	-0.01391
3788	-0.01327
3790	-0.01359
3792	-0.01258
3794	-0.0111
3796	-0.01067
3798	-0.00924
3800	-0.00915
3802	-0.00944
3804	-0.00932
3806	-0.00979
3808	-0.00952
3810	-0.00724
3812	-0.00651
3814	-0.00592
3816	-0.0054
3818	-0.00539
3820	-0.00653
3822	-0.00632
3824	-0.00577
3826	-0.0043
3828	-0.00303
3830	-0.00354
3832	-0.00489
3834	-0.00411
3836	-0.00271
3838	-0.00209
3840	-0.0019
3842	-0.00185
3844	-0.00238
3846	-0.00184
3848	-0.00191
3850	-0.00202
3852	-0.00285
3854	-0.00281
3856	-0.00304
3858	-0.00232
3860	-0.002
3862	-0.00114
3864	4.03549E-4
3866	2.2635E-4
3868	9.5015E-4
3870	2.82951E-4
3872	-0.0013
3874	-0.00213
3876	-0.00144
3878	-5.08152E-4
3880	-0.0017
3882	-0.002
3884	-0.00241
3886	-0.00126
3888	-0.00199
3890	-0.00374
3892	-0.00359
3894	-0.00346
3896	-0.00485
3898	-0.00559
3900	-0.00605
3902	-0.00577
3904	-0.00513
3906	-0.00351
3908	-0.00456
3910	-0.0048
3912	-0.00561
3914	-0.00555
3916	-0.00531
3918	-0.00449
3920	-0.00441
3922	-0.00578
3924	-0.00799
3926	-0.00846
3928	-0.0073
3930	-0.00731
3932	-0.00659
3934	-0.00693
3936	-0.00741
3938	-0.00653
3940	-0.00527
3942	-0.0041
3944	-0.00305
3946	-0.00279
3948	-0.00291
3950	-0.00319
3952	-0.00379
3954	-0.00251
3956	-6.99464E-4
3958	4.19006E-4
3960	0.00102
3962	5.24946E-4
3964	1.60417E-4
3966	-2.72113E-4
3968	-5.93643E-4
3970	-5.43228E-4
3972	3.73302E-4
3974	2.16832E-4
3976	3.61362E-4
3978	6.49892E-4
3980	9.77422E-4
3982	3.13952E-4
3984	4.78481E-4
3986	-2.08989E-4
3988	-2.56459E-4
3990	-4.99289E-5
3992	5.9601E-5
3994	4.25131E-4
3996	9.41661E-4
3998	6.29191E-4
4000	0.00199
4002	0.00237
4004	0.00149
4006	0.00272
4008	0.00256
4010	0.0031
4012	0.00339
4014	0.00388
4016	0.00385
4018	0.0029
4020	0.00156
4022	0.00146
4024	4.37246E-4
4026	4.75727E-4
4028	8.72085E-5
4030	-5.4631E-4
4032	-0.00131
4034	-0.00142
4036	-9.13866E-4
4038	-2.87384E-4
4040	-8.60903E-4
4042	-9.71421E-4
4044	-7.8194E-4
4046	-1.56458E-4
4048	3.96023E-4
4050	-1.58496E-4
4052	-0.00169
4054	-0.00218
4056	-0.00203
4058	-8.0057E-4
4060	-1.10883E-5
4062	3.52393E-4
4064	-4.02125E-4
4066	-4.83287E-4
4068	0.00127
4070	9.11815E-4
4072	7.83866E-4
4074	6.84917E-4
4076	1.63969E-4
4078	0.00163
4080	0.00224
4082	0.00141
4084	0.0011
4086	0.00113
4088	7.72759E-5
4090	4.62327E-4
4092	0.0014
4094	0.00102
4096	-8.45192E-5
4098	-3.09468E-4
4100	-0.00175
4102	-0.00149
4104	-9.96314E-4
4106	3.18737E-4
4108	9.40788E-4
4110	2.35839E-4
4112	0.00153
4114	0.00313
4116	0.00245
4118	0.0022
4120	0.00104
4122	-3.73214E-4
4124	4.31025E-4
4126	-0.00164
4128	-0.01264
4130	-0.0272
4132	-0.04196
4134	-0.05741
4136	-0.07136
4138	-0.08402
4140	-0.09614
4142	-0.10547
4144	-0.11346
4146	-0.11488
4148	-0.11002
4150	-0.10119
4152	-0.09225
4154	-0.08385
4156	-0.07443
4158	-0.06456
4160	-0.0556
4162	-0.04853
4164	-0.0433
4166	-0.03896
4168	-0.03493
4170	-0.0304
4172	-0.0265
4174	-0.02382
4176	-0.01985
4178	-0.01663
4180	-0.01404
4182	-0.0116
4184	-0.01125
4186	-0.01178
4188	-0.01136
4190	-0.01044
4192	-0.01005
4194	-0.00967
4196	-0.00909
4198	-0.00948
4200	-0.00905
4202	-0.00765
4204	-0.00599
4206	-0.00469
4208	-0.00519
4210	-0.0054
4212	-0.00647
4214	-0.00582
4216	-0.00518
4218	-0.00466
4220	-0.00454
4222	-0.00421
4224	-0.00363
4226	-0.00266
4228	-0.00237
4230	-0.00265
4232	-4.20847E-4
4234	-0.00155
4236	-0.00265
4238	-0.00257
4240	-0.00296
4242	-0.00206
4244	-0.00127
4246	-0.0019
4248	-0.002
4250	-7.63078E-4
4252	-9.97548E-4
4254	-0.00165
4256	-0.00108
4258	-4.89048E-4
4260	0.00131
4262	5.39619E-4
4264	-0.00102
4266	-0.00156
4268	-0.00187
4270	-0.00108
4272	-4.61715E-4
4274	-0.00182
4276	-0.00264
4278	-0.00131
4280	-0.00134
4282	-7.88048E-4
4284	-0.00169
4286	-0.00256
4288	-0.00192
4290	-0.00173
4292	-0.00199
4294	-0.00199
4296	-0.00128
4298	-0.00182
4300	-0.0017
4302	-4.94716E-4
4304	1.29346E-4
4306	2.5197E-4
4308	1.64594E-4
4310	-0.00108
4312	-0.0014
4314	-5.89534E-4
4316	-3.4991E-4
4318	-6.62286E-4
4320	-5.48662E-4
4322	-5.64038E-4
4324	-9.22414E-4
4326	-6.52791E-4
4328	-6.46167E-4
4330	-3.02543E-4
4332	5.30081E-4
4334	7.58705E-4
4336	2.57329E-4
4338	-4.09047E-4
4340	-0.00104
4342	-8.73799E-4
4344	-7.39175E-4
4346	-0.00228
4348	-0.00194
4350	-0.00233
4352	-0.00199
4354	-8.41246E-4
4356	-2.30194E-4
4358	-6.21143E-4
4360	-5.29092E-4
4362	1.74959E-4
4364	6.2701E-4
4366	2.53062E-4
4368	-7.78871E-5
4370	-6.33836E-4
4372	3.2153E-6
4374	1.03267E-4
4376	-5.46682E-4
4378	-0.00172
4380	-0.00118
4382	-5.48529E-4
4384	-0.00105
4386	4.99574E-4
4388	0.0011
4390	-8.12324E-4
4392	-0.00156
4394	-0.00198
4396	-0.00195
4398	-7.63119E-4
4400	-8.98542E-4
4402	-0.00125
4404	-0.00142
4406	-2.49106E-4
4408	-1.67961E-4
4410	-5.63815E-4
4412	-0.001
4414	-0.00102
4416	-8.0938E-4
4418	8.75766E-4
4420	9.47911E-4
4422	-0.00107
4424	-0.0023
4426	-0.00183
4428	-0.00148
4430	-0.00348
4432	-0.00276
4434	-0.00236
4436	-0.00289
4438	-0.0038
4440	-0.00415
4442	-0.00287
4444	-0.00205
4446	-0.00193
4448	-0.00159
4450	-0.00153
4452	-0.00239
4454	-0.00242
4456	-0.00268
4458	-0.00222
4460	-0.00185
4462	-0.00183
4464	-0.00242
4466	-0.00235
4468	-9.98537E-4
4470	5.57536E-4
4472	-8.05391E-4
4474	-9.13319E-4
4476	-5.96246E-4
4478	-0.00101
4480	-8.441E-4
4482	-4.55027E-4
4484	-1.41954E-4
4486	-4.55881E-4
4488	3.01915E-5
4490	-6.61736E-4
4492	-7.18663E-4
4494	-8.2159E-4
4496	-9.13282E-5
4498	1.81308E-4
4500	2.61945E-4
4502	0.00111
4504	0.00175
4506	0.00254
4508	0.00229
4510	0.00111
4512	-1.65236E-4
4514	2.584E-4
4516	4.71037E-4
4518	5.60673E-4
4520	3.7931E-4
4522	6.90946E-4
4524	3.26583E-4
4526	-0.00245
4528	-0.01274
4530	-0.02693
4532	-0.04192
4534	-0.05677
4536	-0.07094
4538	-0.08397
4540	-0.09442
4542	-0.10455
4544	-0.11257
4546	-0.1154
4548	-0.11129
4550	-0.10424
4552	-0.09432
4554	-0.0852
4556	-0.07609
4558	-0.0679
4560	-0.06127
4562	-0.05426
4564	-0.04711
4566	-0.04104
4568	-0.0368
4570	-0.03292
4572	-0.02995
4574	-0.02701
4576	-0.0232
4578	-0.02037
4580	-0.0194
4582	-0.01743
4584	-0.01673
4586	-0.01568
4588	-0.01435
4590	-0.01175
4592	-0.01101
4594	-0.00867
4596	-0.00697
4598	-0.00581
4600	-0.0044
4602	-0.00412
4604	-0.00443
4606	-0.00324
4608	-0.00261
4610	-0.00306
4612	-0.00339
4614	-0.00281
4616	-0.00315
4618	-0.00338
4620	-0.00358
4622	-0.00418
4624	-0.0042
4626	-0.00481
4628	-0.00528
4630	-0.005
4632	-0.00415
4634	-0.0038
4636	-0.00432
4638	-0.0048
4640	-0.00427
4642	-0.00391
4644	-0.0036
4646	-0.00434
4648	-0.0039
4650	-0.00381
4652	-0.00307
4654	-0.00323
4656	-0.00308
4658	-0.0029
4660	-0.00172
4662	-5.7385E-4
4664	-4.66278E-4
4666	-2.59705E-4
4668	-3.47132E-4
4670	-5.4456E-4
4672	-0.00117
4674	-0.00237
4676	-0.00223
4678	-0.0024
4680	-0.00168
4682	-0.00212
4684	-0.00258
4686	-0.00161
4688	-0.00118
4690	-0.00124
4692	-0.00148
4694	-0.0014
4696	-0.00115
4698	-0.00124
4700	-4.96628E-4
4702	-1.58346E-4
4704	3.02936E-4
4706	0.00102
4708	0.00169
4710	-1.52218E-4
4712	-9.57936E-4
4714	-6.93653E-4
4716	3.36286E-5
4718	3.91911E-4
4720	-8.65807E-4
4722	-0.00141
4724	-0.00238
4726	-0.0018
4728	-2.78679E-4
4730	-0.00118
4732	-0.00239
4734	-0.0025
4736	-0.00234
4738	-0.00326
4740	-0.0044
4742	-0.0041
4744	-0.00268
4746	-0.00203
4748	-0.00249
4750	-0.00221
4752	-0.00282
4754	-0.00206
4756	-0.00173
4758	-0.00277
4760	-0.00362
4762	-0.00324
4764	-0.00385
4766	-0.00408
4768	-0.00276
4770	-0.00283
4772	-0.00235
4774	-0.00116
4776	-6.29729E-4
4778	1.36749E-4
4780	0.0011
4782	0.00108
4784	-2.03458E-4
4786	-1.35706E-4
4788	-4.56953E-4
4790	-0.00156
4792	-0.00389
4794	-0.00447
4796	-0.0034
4798	-0.00292
4800	-0.00353
4802	-0.00338
4804	-0.00324
4806	-0.00266
4808	-0.00307
4810	-0.00456
4812	-0.00717
4814	-0.00772
4816	-0.00652
4818	-0.00624
4820	-0.0068
4822	-0.00689
4824	-0.00587
4826	-0.00586
4828	-0.00606
4830	-0.00488
4832	-0.00501
4834	-0.00514
4836	-0.00617
4838	-0.00616
4840	-0.00658
4842	-0.00579
4844	-0.00468
4846	-0.00535
4848	-0.0056
4850	-0.00731
4852	-0.00815
4854	-0.00908
4856	-0.00875
4858	-0.00792
4860	-0.00743
4862	-0.00828
4864	-0.00717
4866	-0.00528
4868	-0.0041
4870	-0.00313
4872	-0.0027
4874	-0.00327
4876	-0.0037
4878	-0.00318
4880	-0.00313
4882	-0.00299
4884	-0.00228
4886	-0.00271
4888	-0.00254
4890	-0.0023
4892	-0.00123
4894	-7.4488E-4
4896	-5.42111E-4
4898	-7.42341E-4
4900	1.06428E-4
4902	0.00116
4904	0.00168
4906	0.00144
4908	0.00124
4910	4.93274E-4
4912	-5.07956E-4
4914	-7.64187E-4
4916	2.05822E-5
4918	2.21352E-4
4920	-9.10879E-4
4922	1.7089E-4
4924	-9.60341E-4
4926	-0.00329
4928	-0.01288
4930	-0.0253
4932	-0.04075
4934	-0.05618
4936	-0.0699
4938	-0.08197
4940	-0.09369
4942	-0.10474
4944	-0.11322
4946	-0.11521
4948	-0.10849
4950	-0.10103
4952	-0.09341
4954	-0.08343
4956	-0.0745
4958	-0.06618
4960	-0.05798
4962	-0.04975
4964	-0.04413
4966	-0.03837
4968	-0.03347
4970	-0.03001
4972	-0.02593
4974	-0.02336
4976	-0.0213
4978	-0.01887
4980	-0.0173
4982	-0.01573
4984	-0.01361
4986	-0.01223
4988	-0.01154
4990	-0.01049
4992	-0.00967
4994	-0.01056
4996	-0.00919
4998	-0.00935
5000	-0.00956
5002	-0.00916
5004	-0.00838
5006	-0.00688
5008	-0.00574
5010	-0.0057
5012	-0.00549
5014	-0.00499
5016	-0.00456
5018	-0.00541
5020	-0.00676
5022	-0.00661
5024	-0.00615
5026	-0.00629
5028	-0.00692
5030	-0.00666
5032	-0.006
5034	-0.00562
5036	-0.00542
5038	-0.00479
5040	-0.00554
5042	-0.00488
5044	-0.00543
5046	-0.00518
5048	-0.00555
5050	-0.00493
5052	-0.00454
5054	-0.00429
5056	-0.00376
5058	-0.00343
5060	-0.00341
5062	-0.00257
5064	-0.00128
5066	-5.10188E-5
5068	-7.45771E-5
5070	-0.00139
5072	-0.00322
5074	-0.00265
5076	-0.00163
5078	-0.0011
5080	-5.67552E-4
5082	-7.9354E-4
5084	-0.00166
5086	-0.00206
5088	-0.00164
5090	-0.0012
5092	-0.00111
5094	-6.18472E-4
5096	-0.00111
5098	-0.00179
5100	-0.00293
5102	-0.00133
5104	-6.83414E-4
5106	-0.00153
5108	-0.00204
5110	-1.5538E-4
5112	-9.73687E-5
5114	-9.84357E-4
5116	-7.52222E-4
5118	-6.6956E-4
5120	-4.30899E-4
5122	6.81762E-4
5124	0.00115
5126	1.90837E-5
5128	-4.88255E-4
5130	-8.00594E-4
5132	-0.00139
5134	-0.00178
5136	-0.00169
5138	-0.0025
5140	-0.00276
5142	-0.00254
5144	-0.00425
5146	-0.00411
5148	-0.00323
5150	-0.00377
5152	-0.00457
5154	-0.00547
5156	-0.00598
5158	-0.00465
5160	-0.0044
5162	-0.00277
5164	-0.00306
5166	-0.00397
5168	-0.00396
5170	-0.00406
5172	-0.00431
5174	-0.00422
5176	-0.00438
5178	-0.00472
5180	-0.00557
5182	-0.00497
5184	-0.00481
5186	-0.00432
5188	-0.00416
5190	-0.00396
5192	-0.00423
5194	-0.00351
5196	-0.00275
5198	-0.00203
5200	-0.00136
5202	-6.61742E-4
5204	-6.64731E-4
5206	-0.00103
5208	-0.00176
5210	-0.00209
5212	-8.56316E-4
5214	6.39828E-5
5216	-8.37718E-4
5218	-9.73419E-4
5220	-5.9412E-4
5222	8.41795E-5
5224	-3.92521E-4
5226	-9.11222E-4
5228	1.40077E-4
5230	4.62376E-4
5232	3.53675E-4
5234	2.85975E-4
5236	-5.47261E-5
5238	-8.40427E-4
5240	-7.26128E-4
5242	-4.65829E-4
5244	-9.93529E-4
5246	-4.3023E-4
5248	-4.70931E-4
5250	-0.00134
5252	-0.00208
5254	-0.00305
5256	-0.00333
5258	-0.00337
5260	-0.00334
5262	-0.00199
5264	-0.00106
5266	-0.00145
5268	-9.87996E-4
5270	-3.22164E-4
5272	-2.79332E-4
5274	-0.00135
5276	-7.27668E-4
5278	4.84164E-4
5280	-2.53004E-4
5282	-7.95173E-4
5284	-8.17341E-4
5286	-0.00189
5288	-0.00172
5290	-0.00154
5292	-0.00142
5294	1.11819E-4
5296	7.52651E-4
5298	0.00112
5300	6.46315E-4
5302	1.33146E-4
5304	-2.41022E-4
5306	-9.7519E-4
5308	-7.08866E-4
5310	-4.328E-4
5312	-7.16735E-4
5314	-8.91669E-4
5316	2.03962E-5
5318	2.90462E-4
5320	1.80527E-4
5322	5.63593E-4
5324	4.18658E-4
5326	-0.00253
5328	-0.01047
5330	-0.02389
5332	-0.03868
5334	-0.0529
5336	-0.06544
5338	-0.07612
5340	-0.08714
5342	-0.09743
5344	-0.10433
5346	-0.10774
5348	-0.10351
5350	-0.09704
5352	-0.08866
5354	-0.07957
5356	-0.07055
5358	-0.06272
5360	-0.05543
5362	-0.04887
5364	-0.04363
5366	-0.03692
5368	-0.03255
5370	-0.02968
5372	-0.02646
5374	-0.02343
5376	-0.02056
5378	-0.01897
5380	-0.01805
5382	-0.0154
5384	-0.01252
5386	-0.0106
5388	-0.01057
5390	-0.01017
5392	-0.00898
5394	-0.00756
5396	-0.00794
5398	-0.00655
5400	-0.00475
5402	-0.00496
5404	-0.00482
5406	-0.00424
5408	-0.00475
5410	-0.0043
5412	-0.00395
5414	-0.00368
5416	-0.00325
5418	-0.00304
5420	-0.00326
5422	-0.00363
5424	-0.0046
5426	-0.00299
5428	-0.0022
5430	-0.00204
5432	-0.00175
5434	-0.00168
5436	-0.00262
5438	-0.00238
5440	-0.00177
5442	-0.00163
5444	-0.00145
5446	-0.00214
5448	-0.00293
5450	-0.00281
5452	-0.00197
5454	-0.00201
5456	-0.00175
5458	-0.00189
5460	-0.00189
5462	-0.00192
5464	-0.0017
5466	-3.95972E-4
5468	5.14503E-6
5470	1.67262E-4
5472	-1.43621E-4
5474	-1.02504E-4
5476	-3.01388E-4
5478	-3.48271E-4
5480	-2.22154E-4
5482	-5.7037E-5
5484	-2.9292E-4
5486	-0.00105
5488	-0.00303
5490	-0.00312
5492	-0.00405
5494	-0.00416
5496	-0.00389
5498	-0.0035
5500	-0.00368
5502	-0.00418
5504	-0.00303
5506	-0.00173
5508	-0.00161
5510	-0.00255
5512	-0.002
5514	-9.00852E-4
5516	-0.00149
5518	-0.00216
5520	-0.00137
5522	-0.00117
5524	-9.97325E-4
5526	-0.00104
5528	-7.61114E-4
5530	-0.00102
5532	-4.88903E-4
5534	0.00101
5536	9.19308E-4
5538	4.66414E-4
5540	-1.13481E-4
5542	-3.99375E-4
5544	8.8973E-4
5546	8.95835E-4
5548	-0.00123
5550	-0.00163
5552	-0.00124
5554	-9.82514E-4
5556	-0.00202
5558	-0.00179
5560	-0.0019
5562	-0.00103
5564	4.7607E-4
5566	6.36187E-4
5568	-5.15696E-4
5570	1.9842E-4
5572	8.52537E-4
5574	6.67654E-4
5576	4.30771E-4
5578	6.18888E-4
5580	0.00216
5582	0.00202
5584	0.0012
5586	5.75355E-4
5588	-1.16528E-4
5590	3.13589E-4
5592	0.00149
5594	6.42823E-4
5596	1.04939E-4
5598	-5.54944E-4
5600	-4.03827E-4
5602	-9.3771E-4
5604	-0.00143
5606	-0.00153
5608	-0.0011
5610	-0.00107
5612	-0.00121
5614	-7.12009E-4
5616	4.05108E-4
5618	-5.57752E-5
5620	5.97342E-4
5622	1.46459E-4
5624	-9.60425E-4
5626	-4.91308E-4
5628	0.00106
5630	9.65926E-4
5632	7.97043E-4
5634	0.00211
5636	0.00266
5638	0.00201
5640	0.00315
5642	0.00172
5644	-2.6805E-4
5646	1.16173E-4
5648	8.33395E-4
5650	2.24617E-4
5652	-0.00116
5654	-0.00119
5656	-6.43716E-4
5658	-1.46493E-4
5660	-2.85271E-4
5662	5.25951E-4
5664	5.87174E-4
5666	-4.22604E-4
5668	9.20618E-4
5670	8.46841E-4
5672	1.84063E-4
5674	-3.97148E-5
5676	0.00126
5678	4.4173E-4
5680	-7.05048E-4
5682	-0.00101
5684	-0.00109
5686	-4.49381E-4
5688	-4.43159E-4
5690	-6.87571E-4
5692	4.81631E-4
5694	4.38336E-5
5696	-2.06964E-4
5698	-6.48762E-4
5700	3.53441E-4
5702	4.51643E-4
5704	-0.00113
5706	-8.30952E-4
5708	-1.45749E-4
5710	8.63453E-4
5712	0.00127
5714	0.00128
5716	2.1306E-4
5718	8.62263E-4
5720	0.00106
5722	1.24668E-4
5724	-9.0813E-4
5726	-0.00256
5728	-0.00878
5730	-0.02202
5732	-0.03558
5734	-0.04868
5736	-0.06144
5738	-0.07223
5740	-0.08358
5742	-0.09446
5744	-0.10279
5746	-0.10475
5748	-0.0996
5750	-0.09258
5752	-0.08535
5754	-0.07726
5756	-0.06839
5758	-0.05966
5760	-0.05291
5762	-0.04815
5764	-0.04144
5766	-0.03446
5768	-0.03061
5770	-0.02737
5772	-0.02462
5774	-0.02219
5776	-0.01935
5778	-0.01633
5780	-0.01435
5782	-0.01298
5784	-0.0109
5786	-0.00846
5788	-0.00793
5790	-0.00718
5792	-0.00562
5794	-0.00464
5796	-0.00506
5798	-0.00531
5800	-0.00466
5802	-0.00459
5804	-0.00325
5806	-0.00301
5808	-0.00444
5810	-0.00406
5812	-0.00333
5814	-0.00245
5816	-0.00315
5818	-0.00292
5820	-0.0035
5822	-0.00381
5824	-0.00342
5826	-0.00282
5828	-0.00243
5830	-0.00293
5832	-0.00319
5834	-0.00334
5836	-0.0027
5838	-0.00113
5840	-6.14351E-4
5842	3.75845E-4
5844	0.0013
5846	7.68239E-4
5848	-6.14564E-4
5850	-4.17368E-4
5852	-0.00222
5854	-0.00219
5856	-0.00216
5858	-0.0028
5860	-0.00294
5862	-0.0034
5864	-0.00494
5866	-0.00364
5868	-0.00283
5870	-0.00331
5872	-0.00418
5874	-0.00361
5876	-0.00303
5878	-0.00384
5880	-0.00193
5882	-0.00168
5884	-0.00234
5886	-0.00227
5888	-0.00206
5890	-0.00166
5892	-0.00171
5894	-0.00173
5896	-0.00146
5898	-0.00186
5900	-4.91927E-4
5902	-3.61693E-4
5904	-6.8246E-4
5906	3.83774E-4
5908	-0.00101
5910	-0.00109
5912	-0.0012
5914	-0.001
5916	2.44943E-4
5918	7.28176E-4
5920	6.8941E-4
5922	6.63644E-4
5924	0.00102
5926	9.90111E-4
5928	5.33448E-5
5930	-7.00756E-5
5932	-5.33241E-4
5934	4.51594E-4
5936	0.00147
5938	8.46264E-4
5940	7.06098E-4
5942	0.00146
5944	9.34768E-4
5946	9.56027E-5
5948	-7.75563E-4
5950	-0.00103
5952	-1.68893E-4
5954	1.87942E-4
5956	9.57777E-4
5958	-7.42389E-4
5960	-0.00111
5962	-8.04719E-4
5964	-9.30884E-4
5966	-5.84049E-4
5968	3.10785E-4
5970	9.9662E-4
5972	-4.65545E-4
5974	4.3929E-4
5976	0.00177
5978	0.0014
5980	8.35804E-5
5982	-0.00142
5984	-0.00171
5986	-4.87548E-4
5988	-1.77924E-4
5990	8.17E-5
5992	7.36324E-4
5994	-7.94052E-4
5996	-9.57428E-4
5998	-0.00225
6000	-0.00372
6002	-0.00302
6004	-0.00267
6006	-0.00308
6008	-0.00392
6010	-0.00359
6012	-0.00222
6014	-0.00215
6016	-0.00274
6018	-0.00242
6020	-7.59941E-4
6022	0.00109
6024	0.00138
6026	9.67384E-4
6028	-1.70593E-4
6030	-0.00141
6032	-3.84548E-4
6034	0.00129
6036	0.00248
6038	0.00236
6040	0.00272
6042	0.0022
6044	3.30589E-4
6046	6.25612E-4
6048	7.09634E-4
6050	9.97657E-4
6052	3.0968E-4
6054	5.33703E-4
6056	0.0021
6058	0.0018
6060	0.00118
6062	6.75794E-4
6064	0.0014
6066	0.00197
6068	0.0014
6070	0.00126
6072	6.14798E-4
6074	1.68567E-4
6076	1.06336E-4
6078	3.42105E-4
6080	-1.00126E-4
6082	-1.74357E-4
6084	-2.14587E-4
6086	-2.78182E-5
6088	-0.00146
6090	-0.00304
6092	-0.00368
6094	-0.00365
6096	-0.00403
6098	-0.00439
6100	-0.00403
6102	-0.0031
6104	-0.00353
6106	-0.00242
6108	-0.00128
6110	-0.00164
6112	-0.00281
6114	-0.0027
6116	-0.00154
6118	-0.00135
6120	-0.00161
6122	-8.94123E-4
6124	-0.00142
6126	-0.00285
6128	-0.0099
6130	-0.02184
6132	-0.03569
6134	-0.04817
6136	-0.06047
6138	-0.07087
6140	-0.08118
6142	-0.09032
6144	-0.09755
6146	-0.09975
6148	-0.09553
6150	-0.08835
6152	-0.08052
6154	-0.07306
6156	-0.06518
6158	-0.05677
6160	-0.05123
6162	-0.04493
6164	-0.03926
6166	-0.03513
6168	-0.03024
6170	-0.02651
6172	-0.02418
6174	-0.02213
6176	-0.01969
6178	-0.01729
6180	-0.01533
6182	-0.01413
6184	-0.01233
6186	-0.01031
6188	-0.0097
6190	-0.00871
6192	-0.0074
6194	-0.00674
6196	-0.00557
6198	-0.00471
6200	-0.00361
6202	-0.00292
6204	-0.00174
6206	1.23466E-4
6208	9.00364E-4
6210	-5.67739E-4
6212	-1.55842E-4
6214	8.05578E-6
6216	-6.90504E-4
6218	-1.90239E-4
6220	3.14026E-4
6222	-2.73709E-4
6224	-0.00178
6226	-0.00184
6228	-0.00141
6230	-0.00145
6232	-0.00196
6234	-0.0019
6236	-0.00139
6238	-0.00183
6240	-0.00128
6242	-0.00105
6244	-0.0024
6246	-0.0022
6248	-6.09265E-4
6250	6.02E-4
6252	1.09265E-4
6254	-4.1547E-4
6256	3.15795E-4
6258	1.0906E-4
6260	-0.00249
6262	-0.00142
6264	-6.63077E-5
6266	-2.83367E-4
6268	-6.11427E-4
6270	4.7513E-5
6272	-4.55468E-5
6274	6.47393E-4
6276	0.00124
6278	0.00144
6280	0.00216
6282	0.00119
6284	4.64095E-4
6286	0.00132
6288	7.99975E-4
6290	6.91915E-4
6292	8.54855E-4
6294	-1.82204E-4
6296	-0.00172
6298	3.65676E-4
6300	1.41616E-4
6302	-9.09443E-4
6304	-6.50322E-6
6306	-3.20563E-4
6308	-0.00148
6310	-0.0012
6312	-6.79773E-4
6314	-4.74542E-4
6316	-0.00127
6318	2.10919E-4
6320	-9.5985E-4
6322	-0.00166
6324	-8.45388E-4
6326	-9.61158E-4
6328	-0.00126
6330	-9.78696E-4
6332	-5.94465E-4
6334	-4.14234E-4
6336	-8.00344E-6
6338	-5.12773E-4
6340	-3.09542E-4
6342	-5.80311E-4
6344	9.49198E-5
6346	-3.13849E-4
6348	-3.67619E-4
6350	-0.0011
6352	-0.00197
6354	-0.00232
6356	-0.0026
6358	-0.00311
6360	-0.00239
6362	-0.00118
6364	-0.00153
6366	-0.00177
6368	-0.00206
6370	-0.00173
6372	-0.00174
6374	-0.00185
6376	-4.96897E-4
6378	3.28741E-4
6380	1.13793E-5
6382	-4.83982E-4
6384	5.59656E-4
6386	7.07294E-4
6388	-1.45068E-4
6390	-9.41429E-4
6392	-7.94791E-4
6394	-9.81153E-4
6396	-4.67515E-4
6398	-1.26876E-4
6400	-9.37238E-4
6402	-4.226E-4
6404	-5.95962E-4
6406	-0.0014
6408	-0.00135
6410	-0.00101
6412	-3.33112E-4
6414	7.32697E-4
6416	9.91506E-4
6418	0.00102
6420	0.00177
6422	0.00262
6424	0.00254
6426	0.00204
6428	0.00201
6430	0.00228
6432	0.00248
6434	0.00266
6436	8.69597E-4
6438	-8.80594E-4
6440	-1.44784E-4
6442	9.06025E-4
6444	5.05834E-4
6446	8.75643E-4
6448	8.74519E-5
6450	-0.00153
6452	-5.8293E-4
6454	1.16879E-4
6456	-5.32698E-4
6458	-2.08735E-4
6460	-3.5772E-5
6462	3.54191E-4
6464	0.00149
6466	6.89117E-4
6468	0.00108
6470	2.63043E-4
6472	-8.60994E-4
6474	-6.81031E-4
6476	1.34932E-4
6478	4.67895E-4
6480	1.55858E-4
6482	0.001
6484	-8.68216E-4
6486	-0.00149
6488	-0.00135
6490	-6.79327E-4
6492	-0.00184
6494	-0.00209
6496	-0.00127
6498	-4.80475E-4
6500	8.41487E-4
6502	6.03008E-5
6504	-5.22537E-4
6506	-0.00143
6508	7.68788E-4
6510	5.2595E-4
6512	5.00113E-4
6514	7.39275E-4
6516	3.69437E-4
6518	5.486E-4
6520	-3.44238E-4
6522	3.38924E-4
6524	0.00152
6526	-3.41751E-4
6528	-0.00709
6530	-0.01873
6532	-0.03163
6534	-0.04316
6536	-0.05456
6538	-0.06634
6540	-0.0759
6542	-0.08543
6544	-0.09106
6546	-0.09477
6548	-0.09339
6550	-0.0871
6552	-0.07982
6554	-0.07138
6556	-0.06359
6558	-0.0566
6560	-0.05003
6562	-0.04381
6564	-0.03807
6566	-0.03321
6568	-0.02961
6570	-0.02591
6572	-0.02162
6574	-0.01923
6576	-0.01768
6578	-0.01527
6580	-0.01448
6582	-0.01316
6584	-0.01209
6586	-0.01122
6588	-0.01064
6590	-0.0101
6592	-0.00904
6594	-0.0086
6596	-0.00773
6598	-0.0078
6600	-0.00745
6602	-0.00664
6604	-0.00597
6606	-0.00579
6608	-0.0049
6610	-0.00612
6612	-0.00735
6614	-0.00654
6616	-0.00635
6618	-0.00742
6620	-0.00692
6622	-0.00599
6624	-0.00565
6626	-0.00547
6628	-0.0051
6630	-0.00397
6632	-0.0035
6634	-0.00309
6636	-0.00355
6638	-0.00275
6640	-0.00187
6642	-0.00243
6644	-0.0019
6646	-0.0022
6648	-0.00258
6650	-0.00207
6652	-0.00179
6654	-8.08517E-5
6656	-7.1231E-4
6658	-0.00144
6660	-0.00124
6662	-4.83685E-4
6664	-4.84143E-4
6666	-0.00147
6668	-0.00184
6670	-0.0028
6672	-0.00162
6674	-0.00115
6676	-0.00176
6678	-0.00286
6680	-0.0012
6682	-2.10267E-4
6684	-2.37258E-5
6686	-3.83184E-4
6688	-0.00135
6690	-0.00134
6692	-0.0014
6694	-0.00199
6696	-0.00142
6698	-4.84934E-4
6700	2.29608E-4
6702	2.0315E-4
6704	-3.08308E-4
6706	2.41233E-4
6708	-3.87225E-4
6710	-0.00103
6712	-0.00161
6714	-7.626E-4
6716	-0.00141
6718	-6.08516E-4
6720	-1.75975E-4
6722	-4.48433E-4
6724	6.01109E-4
6726	1.59651E-4
6728	4.11192E-4
6730	5.81734E-4
6732	0.00115
6734	2.88818E-4
6736	-0.00127
6738	-0.00199
6740	-0.00172
6742	-0.00129
6744	-1.96474E-4
6746	2.69068E-4
6748	-4.2739E-4
6750	-8.41849E-4
6752	-0.00162
6754	-0.00121
6756	-0.00166
6758	-9.65682E-4
6760	-6.5614E-4
6762	-8.26598E-4
6764	1.94349E-6
6766	4.32485E-4
6768	3.26027E-4
6770	2.47569E-4
6772	-2.48896E-5
6774	1.33652E-4
6776	3.71194E-4
6778	-5.41264E-4
6780	-0.00178
6782	-7.86181E-4
6784	-3.34639E-4
6786	-1.52097E-4
6788	3.42444E-4
6790	-1.59191E-4
6792	4.34819E-4
6794	-9.81172E-4
6796	-0.00182
6798	-0.00233
6800	-0.00112
6802	-4.77133E-4
6804	-0.00176
6806	-0.00208
6808	-0.00238
6810	-0.00152
6812	-0.00154
6814	-0.00191
6816	-0.00115
6818	1.07944E-4
6820	-8.89046E-4
6822	-8.76036E-4
6824	-0.00143
6826	-0.00226
6828	-0.00186
6830	-6.60998E-4
6832	-7.41988E-4
6834	-0.00143
6836	1.45031E-4
6838	8.71551E-4
6840	7.13611E-4
6842	-4.28329E-4
6844	-0.00148
6846	-0.00256
6848	-0.00312
6850	-0.00122
6852	-3.45031E-4
6854	-0.00106
6856	-4.03911E-4
6858	-8.88851E-4
6860	-0.00152
6862	-1.20732E-4
6864	-5.10672E-4
6866	-5.17612E-4
6868	-4.43552E-4
6870	4.45074E-5
6872	-8.26433E-4
6874	-0.0012
6876	-2.57313E-4
6878	-4.55253E-4
6880	-0.00124
6882	-4.55134E-4
6884	1.27926E-4
6886	-0.00129
6888	-0.00148
6890	-0.00102
6892	-0.00135
6894	-0.00144
6896	7.50411E-4
6898	4.69163E-4
6900	-5.70085E-4
6902	-4.02333E-4
6904	-5.27581E-4
6906	2.43171E-4
6908	6.70923E-4
6910	0.00235
6912	0.0016
6914	-4.25821E-4
6916	6.93133E-6
6918	6.13683E-4
6920	4.26435E-4
6922	6.20187E-4
6924	0.00105
6926	-5.57309E-4
6928	-0.00658
6930	-0.01769
6932	-0.03142
6934	-0.04478
6936	-0.05595
6938	-0.06591
6940	-0.07597
6942	-0.08566
6944	-0.09182
6946	-0.09596
6948	-0.09338
6950	-0.08751
6952	-0.0799
6954	-0.07156
6956	-0.06415
6958	-0.05664
6960	-0.04984
6962	-0.04455
6964	-0.03909
6966	-0.03374
6968	-0.02925
6970	-0.02659
6972	-0.02345
6974	-0.02035
6976	-0.01744
6978	-0.01626
6980	-0.01507
6982	-0.0127
6984	-0.0118
6986	-0.01217
6988	-0.01043
6990	-0.00989
6992	-0.00869
6994	-0.00785
6996	-0.00869
6998	-0.00855
7000	-0.00769
7002	-0.00563
7004	-0.00521
7006	-0.00647
7008	-0.00509
7010	-0.0041
7012	-0.0048
7014	-0.00522
7016	-0.00488
7018	-0.00491
7020	-0.00401
7022	-0.00397
7024	-0.00331
7026	-0.00278
7028	-0.00198
7030	-4.90689E-4
7032	-1.52283E-6
7034	-0.00104
7036	-5.9919E-4
7038	-3.70233E-5
7040	-0.00124
7042	-0.00202
7044	-0.00167
7046	-7.57357E-4
7048	-4.45191E-4
7050	4.96976E-4
7052	9.45142E-4
7054	3.57309E-4
7056	-3.27525E-4
7058	-0.00118
7060	-0.00103
7062	-5.64025E-4
7064	-1.43859E-4
7066	1.61308E-4
7068	1.77474E-4
7070	2.87641E-4
7072	3.95807E-4
7074	0.00128
7076	7.4214E-4
7078	7.94307E-4
7080	4.72473E-4
7082	0.00206
7084	0.00204
7086	0.00214
7088	0.0017
7090	0.00187
7092	7.25472E-4
7094	0.00142
7096	0.00144
7098	-4.35028E-4
7100	-8.51862E-4
7102	4.33305E-4
7104	7.51471E-4
7106	2.96377E-5
7108	2.55804E-4
7110	5.88971E-4
7112	2.90137E-4
7114	3.09304E-4
7116	5.4847E-4
7118	7.53637E-4
7120	1.13803E-4
7122	-4.3603E-4
7124	-1.13864E-4
7126	1.29303E-4
7128	-8.08531E-4
7130	-1.93364E-4
7132	8.88022E-5
7134	-1.20031E-4
7136	-6.99865E-4
7138	-2.36698E-4
7140	-4.49532E-4
7142	-0.00114
7144	-6.93199E-4
7146	7.14968E-4
7148	4.94134E-4
7150	0.00144
7152	0.00222
7154	0.00115
7156	0.00126
7158	0.0016
7160	0.00174
7162	-1.947E-4
7164	-0.00118
7166	-9.23367E-4
7168	-5.61201E-4
7170	6.40966E-4
7172	0.00123
7174	7.52299E-4
7176	-7.64535E-4
7178	-7.59368E-4
7180	1.39798E-4
7182	7.89647E-5
7184	5.00131E-4
7186	4.15298E-4
7188	-4.73536E-4
7190	-8.94369E-4
7192	-0.00206
7194	-0.00158
7196	-0.00214
7198	-0.00306
7200	-0.00245
7202	-0.00227
7204	-0.00206
7206	-0.00207
7208	-0.00221
7210	-6.23704E-4
7212	-6.34538E-4
7214	-0.00123
7216	-0.00175
7218	-0.00144
7220	-8.72872E-4
7222	-0.00174
7224	-0.00337
7226	-0.0032
7228	-0.00239
7230	-0.00216
7232	-0.00214
7234	-9.14706E-4
7236	-8.2454E-4
7238	-8.38373E-4
7240	-0.00129
7242	-0.00118
7244	-9.31874E-4
7246	-6.74707E-4
7248	1.07459E-4
7250	-0.00107
7252	-0.00181
7254	-3.65041E-4
7256	1.10125E-4
7258	-0.00165
7260	-0.00238
7262	-3.28375E-4
7264	9.90791E-4
7266	0.00186
7268	0.00215
7270	0.00235
7272	0.00145
7274	4.41559E-4
7276	-1.57375E-4
7278	8.6669E-4
7280	0.00219
7282	0.00211
7284	0.00168
7286	0.0014
7288	8.18018E-4
7290	0.00133
7292	0.00181
7294	9.55215E-4
7296	9.8728E-4
7298	2.95346E-4
7300	-0.00117
7302	-0.00292
7304	-0.0034
7306	-0.00439
7308	-0.0029
7310	-0.0024
7312	-0.00273
7314	-0.00162
7316	-0.00113
7318	1.19747E-4
7320	4.58282E-4
7322	-7.57183E-4
7324	-6.14648E-4
7326	-0.00171
7328	-0.00772
7330	-0.01754
7332	-0.02915
7334	-0.04133
7336	-0.05245
7338	-0.06265
7340	-0.07231
7342	-0.08062
7344	-0.08865
7346	-0.09294
7348	-0.0895
7350	-0.0822
7352	-0.0736
7354	-0.06574
7356	-0.05855
7358	-0.05259
7360	-0.04715
7362	-0.04077
7364	-0.03452
7366	-0.02928
7368	-0.02586
7370	-0.02227
7372	-0.02059
7374	-0.01809
7376	-0.01472
7378	-0.01191
7380	-0.00981
7382	-0.00801
7384	-0.00748
7386	-0.00621
7388	-0.00534
7390	-0.00444
7392	-0.00297
7394	-0.00312
7396	-0.00257
7398	-0.00236
7400	-0.00202
7402	-0.00218
7404	-0.00209
7406	-0.00208
7408	-0.00318
7410	-0.00274
7412	-0.00311
7414	-0.00185
7416	-4.19056E-4
7418	-2.97586E-4
7420	-7.43116E-4
7422	-8.04646E-4
7424	-0.00106
7426	-0.00231
7428	-0.00159
7430	-0.00161
7432	-0.00181
7434	-0.00201
7436	-0.00242
7438	-0.00252
7440	-0.00202
7442	-0.00241
7444	-0.00248
7446	-0.0027
7448	-0.00379
7450	-0.00187
7452	5.21406E-4
7454	6.42876E-4
7456	4.30346E-4
7458	0.00183
7460	0.00259
7462	0.00309
7464	0.00331
7466	0.00269
7468	0.00315
7470	0.00166
7472	0.00126
7474	0.0012
7476	7.60017E-4
7478	-0.00162
7480	-0.00144
7482	1.07171E-4
7484	-6.20778E-4
7486	-0.00169
7488	-7.01675E-4
7490	-0.00168
7492	-0.00171
7494	-5.50521E-4
7496	-0.00129
7498	-0.00205
7500	-0.00231
7502	-0.00177
7504	-0.00178
7506	-0.00143
7508	-5.33776E-4
7510	5.89104E-4
7512	0.00171
7514	0.00145
7516	5.33746E-4
7518	-1.60374E-4
7520	1.58507E-4
7522	2.50387E-4
7524	-8.55733E-4
7526	1.31148E-4
7528	8.73028E-4
7530	6.91909E-4
7532	8.57789E-4
7534	6.6567E-4
7536	-5.6845E-4
7538	-0.00113
7540	-6.33689E-4
7542	-3.14809E-4
7544	-0.00183
7546	-0.00137
7548	-0.00102
7550	-0.00114
7552	-0.00206
7554	-0.00132
7556	-0.00233
7558	-0.00282
7560	-0.00211
7562	-0.00226
7564	-0.00236
7566	-0.00293
7568	-0.00358
7570	-0.00346
7572	-0.00349
7574	-0.00309
7576	-0.0029
7578	-0.00167
7580	-6.98721E-4
7582	-0.00147
7584	-0.00214
7586	-2.98106E-4
7588	-0.00112
7590	-0.00135
7592	4.3651E-4
7594	-0.00102
7596	-0.00219
7598	-0.00199
7600	-0.00226
7602	-0.00135
7604	-0.00143
7606	-0.00195
7608	-0.00248
7610	-0.00112
7612	-0.00102
7614	-3.66697E-4
7616	9.52521E-4
7618	0.0016
7620	0.00177
7622	0.00229
7624	0.00211
7626	8.16083E-5
7628	-6.65174E-4
7630	7.60043E-4
7632	8.04261E-4
7634	-0.00119
7636	-3.44304E-4
7638	-9.12087E-4
7640	-3.92869E-4
7642	1.42348E-4
7644	9.08566E-4
7646	0.00101
7648	4.16001E-4
7650	0.0016
7652	0.00258
7654	0.00297
7656	0.0015
7658	3.40299E-4
7660	3.22007E-5
7662	-8.31897E-4
7664	-0.00104
7666	-3.98093E-4
7668	-0.00112
7670	-5.64289E-4
7672	-1.23387E-4
7674	-2.09485E-4
7676	-7.78582E-4
7678	-0.0017
7680	-0.00259
7682	-0.00203
7684	-6.31974E-4
7686	-0.00107
7688	-1.6117E-4
7690	-6.14268E-4
7692	-8.79366E-4
7694	4.42537E-4
7696	-0.001
7698	-7.54902E-4
7700	8.53184E-4
7702	0.00189
7704	0.00203
7706	9.0744E-4
7708	8.4526E-5
7710	-2.72388E-4
7712	-6.43029E-5
7714	6.24783E-4
7716	-6.91318E-5
7718	1.87954E-4
7720	0.00104
7722	3.07125E-4
7724	-5.07895E-5
7726	-0.00163
7728	-0.00596
7730	-0.01399
7732	-0.02607
7734	-0.03721
7736	-0.04778
7738	-0.05767
7740	-0.06678
7742	-0.07561
7744	-0.08147
7746	-0.08586
7748	-0.08531
7750	-0.08002
7752	-0.07455
7754	-0.06638
7756	-0.05793
7758	-0.05171
7760	-0.04473
7762	-0.03936
7764	-0.03437
7766	-0.03046
7768	-0.02734
7770	-0.0249
7772	-0.02275
7774	-0.01872
7776	-0.01613
7778	-0.0144
7780	-0.01331
7782	-0.01274
7784	-0.01244
7786	-0.00964
7788	-0.0085
7790	-0.00748
7792	-0.00749
7794	-0.00742
7796	-0.00563
7798	-0.00397
7800	-0.00472
7802	-0.00432
7804	-0.0044
7806	-0.0036
7808	-0.00247
7810	-0.00237
7812	-0.00144
7814	-0.0011
7816	-0.00165
7818	-0.00124
7820	-0.00101
7822	-0.00155
7824	-0.00148
7826	-0.00307
7828	-0.00326
7830	-0.00237
7832	-0.00231
7834	-0.00167
7836	-0.00159
7838	-0.00204
7840	-0.00249
7842	-0.00284
7844	-0.00398
7846	-0.00283
7848	-0.00164
7850	-0.0021
7852	-0.00273
7854	-0.00145
7856	-0.00128
7858	-0.00228
7860	-0.00114
7862	-0.00135
7864	-0.00143
7866	-0.0011
7868	-0.00124
7870	-0.00131
7872	-2.49904E-4
7874	4.21301E-4
7876	7.07506E-4
7878	0.00113
7880	8.23917E-4
7882	-3.16878E-4
7884	-5.39673E-4
7886	-5.1468E-5
7888	1.81748E-4
7890	8.16879E-5
7892	8.51628E-4
7894	9.93568E-4
7896	-7.17491E-4
7898	-7.45551E-4
7900	-8.61611E-4
7902	-9.25671E-4
7904	-8.08731E-4
7906	-9.8979E-4
7908	-0.00186
7910	-0.00257
7912	-0.00256
7914	-0.0016
7916	-0.00197
7918	-8.3149E-5
7920	1.83791E-4
7922	-6.22269E-4
7924	-2.70328E-4
7926	-4.90388E-4
7928	-0.00118
7930	-0.00146
7932	-0.00105
7934	6.53728E-5
7936	3.65948E-4
7938	-0.00121
7940	-0.00133
7942	-0.00226
7944	-0.00287
7946	-0.00222
7948	-0.00291
7950	-0.00289
7952	-0.00273
7954	-0.00215
7956	-0.00245
7958	-0.00301
7960	-0.00246
7962	-0.00266
7964	-0.00194
7966	-4.57231E-4
7968	-9.4971E-4
7970	-0.00202
7972	-0.00133
7974	-5.15146E-4
7976	-1.26624E-4
7978	-0.00102
7980	-1.48582E-4
7982	4.29399E-5
7984	-2.43821E-4
7986	7.13119E-4
7988	0.00136
7990	0.00162
7992	0.00214
7994	0.00199
7996	0.0013
7998	7.63761E-4
8000	6.07701E-4
8002	0.00188
8004	0.00189
8006	5.2141E-7
8008	-5.55384E-5
8010	2.57402E-4
8012	-5.70658E-4
8014	-1.97718E-4
8016	-0.00121
8018	-9.50837E-4
8020	-8.2897E-5
8022	4.22043E-4
8024	4.39834E-5
8026	-4.01076E-4
8028	-6.34136E-4
8030	6.27804E-4
8032	0.00102
8034	0.00103
8036	4.31E-4
8038	1.03667E-4
8040	8.85334E-4
8042	8.18E-4
8044	9.68667E-4
8046	0.00149
8048	0.00157
8050	0.00109
8052	0.00119
8054	2.90011E-5
8056	-3.11332E-4
8058	-5.63665E-4
8060	-0.00199
8062	-0.00349
8064	-0.00319
8066	-0.00392
8068	-0.00378
8070	-0.00378
8072	-0.00214
8074	-0.00154
8076	-0.00167
8078	-0.00185
8080	2.10202E-5
8082	0.00144
8084	2.04967E-4
8086	6.0444E-4
8088	0.00128
8090	-3.61296E-6
8092	5.7686E-4
8094	4.39334E-4
8096	-2.75193E-4
8098	-7.16719E-4
8100	2.77539E-5
8102	1.68227E-4
8104	5.07006E-5
8106	-0.00108
8108	-0.00156
8110	-0.00105
8112	-3.54406E-4
8114	5.40675E-5
8116	5.33541E-4
8118	7.60142E-5
8120	7.37488E-4
8122	5.46961E-4
8124	5.01434E-4
8126	2.23908E-4
8128	-0.00351
8130	-0.01266
8132	-0.0244
8134	-0.0365
8136	-0.04768
8138	-0.05762
8140	-0.06722
8142	-0.07458
8144	-0.08149
8146	-0.08606
8148	-0.08551
8150	-0.08051
8152	-0.07418
8154	-0.06689
8156	-0.05865
8158	-0.05191
8160	-0.04579
8162	-0.03961
8164	-0.03264
8166	-0.02787
8168	-0.02515
8170	-0.02069
8172	-0.01857
8174	-0.017
8176	-0.01577
8178	-0.01416
8180	-0.01265
8182	-0.01025
8184	-0.00843
8186	-0.00861
8188	-0.00722
8190	-0.00578
8192	-0.00586
8194	-0.00488
8196	-0.00398
8198	-0.00346
8200	-0.00276
8202	-0.00101
8204	-0.00144
8206	-9.47289E-4
8208	-3.63653E-4
8210	-0.00108
8212	-0.00148
8214	-7.05746E-4
8216	-0.00195
8218	-0.00237
8220	-0.00386
8222	-0.00292
8224	-0.00251
8226	-0.00201
8228	-0.00286
8230	-0.00261
8232	-0.00281
8234	-0.00359
8236	-0.00275
8238	-0.00208
8240	-0.00189
8242	-0.00131
8244	-0.00252
8246	-0.00158
8248	-3.58706E-4
8250	-1.8398E-4
8252	-2.03253E-4
8254	6.54732E-5
8256	2.722E-4
8258	1.50926E-4
8260	-0.00138
8262	-5.2162E-4
8264	-5.16894E-4
8266	-7.38167E-4
8268	-1.10441E-4
8270	6.56286E-4
8272	3.39313E-4
8274	1.32989E-4
8276	-2.66336E-4
8278	-3.05661E-4
8280	-9.21985E-4
8282	-0.00122
8284	-0.001
8286	-0.00154
8288	-0.00247
8290	-0.00253
8292	-0.00172
8294	-0.00162
8296	-0.00305
8298	-0.00253
8300	-0.00202
8302	-0.00157
8304	-0.00244
8306	-0.00232
8308	2.36468E-4
8310	8.45144E-4
8312	-6.81181E-4
8314	-5.25506E-4
8316	-9.1483E-4
8318	-0.00194
8320	-3.8048E-4
8322	6.76195E-4
8324	-3.73129E-4
8326	-6.36454E-4
8328	4.06221E-4
8330	-1.35104E-4
8332	-6.19428E-4
8334	-9.62753E-4
8336	-5.73078E-4
8338	-7.00402E-4
8340	1.00273E-4
8342	3.40948E-4
8344	3.08623E-4
8346	9.32987E-5
8348	-2.18026E-4
8350	3.66649E-4
8352	-2.59675E-4
8354	-0.00107
8356	-8.53249E-5
8358	7.4035E-4
8360	0.00162
8362	7.42701E-4
8364	7.33762E-5
8366	2.50592E-4
8368	5.07994E-4
8370	0.00131
8372	0.00161
8374	0.00183
8376	0.0016
8378	0.0012
8380	0.00141
8382	8.27806E-4
8384	0.00203
8386	0.00295
8388	0.00209
8390	0.00219
8392	0.00188
8394	0.00183
8396	0.00138
8398	7.11021E-4
8400	6.74231E-5
8402	0.00112
8404	9.61227E-4
8406	6.73629E-4
8408	0.00131
8410	0.00169
8412	9.15834E-4
8414	-5.08388E-4
8416	-9.94251E-4
8418	-8.55114E-4
8420	-2.39775E-5
8422	8.70159E-4
8424	1.98296E-4
8426	-4.18567E-4
8428	3.05702E-5
8430	-2.60293E-4
8432	-5.53156E-4
8434	-0.00142
8436	-0.00178
8438	-0.00161
8440	-0.00111
8442	-0.00192
8444	-0.00159
8446	-5.29198E-4
8448	-1.22061E-4
8450	-7.94924E-4
8452	-9.48787E-4
8454	-6.0565E-4
8456	-0.00107
8458	-0.00215
8460	-6.66239E-4
8462	-0.0011
8464	-0.0012
8466	-0.00232
8468	-7.52594E-4
8470	-8.81338E-4
8472	-7.69082E-4
8474	-0.00193
8476	-0.0014
8478	-2.85312E-4
8480	5.97944E-4
8482	6.64201E-4
8484	4.16457E-4
8486	-1.08286E-4
8488	-2.6103E-4
8490	9.92227E-4
8492	5.16483E-4
8494	-0.00138
8496	-0.00143
8498	-0.00132
8500	-0.00114
8502	-9.38235E-4
8504	-8.46978E-4
8506	-2.38722E-4
8508	-8.05465E-4
8510	-5.87853E-4
8512	-6.87383E-4
8514	3.20872E-5
8516	3.05557E-4
8518	3.75027E-4
8520	-0.00128
8522	-0.00162
8524	-0.00262
8526	-0.00205
8528	-0.00396
8530	-0.01306
8532	-0.02347
8534	-0.03396
8536	-0.04484
8538	-0.05301
8540	-0.06158
8542	-0.06977
8544	-0.07554
8546	-0.0796
8548	-0.07783
8550	-0.07278
8552	-0.06639
8554	-0.06008
8556	-0.05445
8558	-0.0477
8560	-0.04217
8562	-0.03877
8564	-0.03484
8566	-0.0304
8568	-0.02648
8570	-0.02339
8572	-0.0213
8574	-0.01839
8576	-0.01692
8578	-0.01578
8580	-0.01387
8582	-0.01303
8584	-0.01216
8586	-0.0107
8588	-0.00983
8590	-0.00898
8592	-0.00787
8594	-0.00798
8596	-0.00524
8598	-0.00562
8600	-0.00584
8602	-0.0036
8604	-0.00372
8606	-0.00376
8608	-0.00342
8610	-0.00285
8612	-0.00252
8614	-0.00331
8616	-0.00218
8618	-0.00134
8620	-0.00185
8622	-7.74424E-4
8624	8.1781E-5
8626	-4.93014E-4
8628	9.91914E-5
8630	0.00103
8632	6.68602E-4
8634	-2.22193E-4
8636	3.46012E-4
8638	9.59217E-4
8640	9.48422E-4
8642	4.76628E-4
8644	5.64833E-4
8646	-3.10962E-4
8648	-5.53757E-4
8650	-4.05518E-5
8652	-2.87347E-4
8654	-3.27588E-4
8656	3.46934E-4
8658	-5.32545E-4
8660	-3.61024E-4
8662	-8.10502E-4
8664	-0.00268
8666	-0.00269
8668	-0.00232
8670	-0.00204
8672	-0.00207
8674	-0.00157
8676	-0.00131
8678	-0.00154
8680	-0.00271
8682	-0.00191
8684	-0.00169
8686	-0.00129
8688	-0.00132
8690	-8.48202E-4
8692	-0.00193
8694	-0.00315
8696	-0.00304
8698	-0.00145
8700	-1.62595E-4
8702	7.83088E-5
8704	-7.99562E-5
8706	-5.49221E-4
8708	-0.00165
8710	-0.00152
8712	-0.0017
8714	-0.00195
8716	-0.00185
8718	-0.00185
8720	-0.00185
8722	-0.0012
8724	-0.00122
8726	-0.0016
8728	-9.33135E-4
8730	-2.974E-4
8732	-0.00111
8734	-2.4093E-4
8736	4.42805E-4
8738	-4.8746E-4
8740	3.45275E-4
8742	8.3601E-4
8744	4.66745E-4
8746	-7.3252E-4
8748	-0.00108
8750	-7.99003E-4
8752	-0.00171
8754	-0.00146
8756	-0.00187
8758	-0.00194
8760	-0.00192
8762	-0.00182
8764	-0.00163
8766	-9.59482E-4
8768	-3.81541E-4
8770	-6.53601E-4
8772	-3.53661E-4
8774	-2.7208E-6
8776	-4.24781E-4
8778	-8.0884E-4
8780	-0.00122
8782	-9.49599E-5
8784	1.6598E-4
8786	1.20921E-4
8788	3.01861E-4
8790	-7.23199E-4
8792	-0.00104
8794	-0.00103
8796	-0.00185
8798	-0.00194
8800	-0.00103
8802	-0.00129
8804	-0.00208
8806	-0.00108
8808	-9.38737E-4
8810	-0.00131
8812	-0.00122
8814	-0.0014
8816	-0.00123
8818	-5.72036E-4
8820	-1.67096E-4
8822	-8.24155E-4
8824	-0.00182
8826	-6.50275E-4
8828	3.21665E-4
8830	2.63605E-4
8832	-1.84543E-5
8834	-5.85514E-4
8836	-0.00241
8838	-0.0031
8840	-0.00277
8842	-0.00333
8844	-0.00331
8846	-0.00387
8848	-0.0037
8850	-0.00291
8852	-0.00127
8854	-7.98133E-4
8856	-0.00148
8858	-0.00165
8860	-0.00118
8862	-0.00127
8864	-5.71877E-4
8866	-7.18256E-5
8868	6.57226E-4
8870	8.18277E-4
8872	3.66328E-4
8874	8.9938E-4
8876	0.00129
8878	4.74822E-5
8880	2.56533E-4
8882	5.80585E-4
8884	-8.41364E-4
8886	-0.00129
8888	-8.31261E-4
8890	-0.00141
8892	-5.59629E-4
8894	-4.97648E-4
8896	-0.00117
8898	-0.00116
8900	-0.00113
8902	-3.96724E-4
8904	-1.23742E-4
8906	5.74239E-4
8908	2.5122E-4
8910	6.12005E-5
8912	-7.72818E-4
8914	4.60163E-4
8916	6.79144E-4
8918	1.03125E-4
8920	-7.88894E-4
8922	-0.00102
8924	7.50677E-5
8926	8.60487E-5
8928	-0.00351
8930	-0.01176
8932	-0.02198
8934	-0.03248
8936	-0.04242
8938	-0.05044
8940	-0.05896
8942	-0.06709
8944	-0.07369
8946	-0.07697
8948	-0.07645
8950	-0.07271
8952	-0.06562
8954	-0.05901
8956	-0.05412
8958	-0.04871
8960	-0.0436
8962	-0.03726
8964	-0.03198
8966	-0.02758
8968	-0.02453
8970	-0.02202
8972	-0.01886
8974	-0.01652
8976	-0.01391
8978	-0.01363
8980	-0.01319
8982	-0.01181
8984	-0.01197
8986	-0.0105
8988	-0.00954
8990	-0.00916
8992	-0.00888
8994	-0.00778
8996	-0.00697
8998	-0.00614
9000	-0.00468
9002	-0.00376
9004	-0.0042
9006	-0.00441
9008	-0.00454
9010	-0.00338
9012	-0.00241
9014	-0.00276
9016	-0.00164
9018	-8.30903E-4
9020	-1.62675E-4
9022	-2.92448E-4
9024	-4.49221E-4
9026	-8.67993E-4
9028	-5.77658E-5
9030	-2.18538E-4
9032	-8.29311E-4
9034	-0.00263
9036	-0.00306
9038	-7.38522E-4
9040	-4.59682E-4
9042	-0.00221
9044	-0.00227
9046	-8.66161E-4
9048	-0.00145
9050	-0.0025
9052	-0.00227
9054	-4.35801E-4
9056	3.12039E-4
9058	0.00132
9060	0.00108
9062	8.00559E-4
9064	7.14399E-4
9066	5.37239E-4
9068	4.67079E-4
9070	-2.59081E-4
9072	-9.10241E-4
9074	-9.48401E-4
9076	3.27439E-4
9078	-2.63721E-4
9080	-9.35881E-4
9082	1.96959E-4
9084	3.10098E-5
9086	6.24529E-4
9088	1.31048E-4
9090	3.04566E-4
9092	-2.91471E-6
9094	1.76604E-4
9096	9.1123E-5
9098	-1.47358E-4
9100	-9.43839E-4
9102	-8.6732E-4
9104	-1.27801E-4
9106	1.23717E-4
9108	7.41236E-4
9110	0.00115
9112	4.48274E-4
9114	-0.00103
9116	-0.00236
9118	-0.00261
9120	-0.0032
9122	-0.00448
9124	-0.00342
9126	-0.0022
9128	-0.00137
9130	-0.0012
9132	1.33292E-4
9134	-7.97511E-4
9136	-0.00203
9138	-0.00121
9140	-9.46921E-4
9142	-0.00112
9144	-0.00163
9146	-0.00104
9148	-0.00181
9150	-0.0025
9152	-0.0017
9154	-0.00138
9156	5.78652E-4
9158	-1.98151E-4
9160	-7.82954E-4
9162	-4.11758E-4
9164	1.88439E-4
9166	7.62636E-4
9168	8.91832E-4
9170	7.92029E-4
9172	3.85226E-4
9174	-3.34578E-4
9176	-1.97381E-4
9178	-9.31842E-5
9180	1.39099E-4
9182	3.86774E-4
9184	6.52449E-4
9186	5.72125E-4
9188	-1.652E-4
9190	-4.08525E-4
9192	3.81504E-5
9194	-4.78174E-4
9196	-5.57499E-4
9198	-3.47824E-4
9200	-4.51148E-4
9202	-8.37473E-4
9204	3.46202E-4
9206	5.12877E-4
9208	6.09553E-4
9210	0.00165
9212	0.00146
9214	0.00101
9216	4.16254E-4
9218	1.14929E-4
9220	1.58604E-4
9222	8.6428E-4
9224	0.00164
9226	0.00224
9228	0.00179
9230	0.00123
9232	-8.98564E-5
9234	-7.72788E-4
9236	-4.16719E-4
9238	2.7035E-4
9240	2.02418E-4
9242	4.76487E-4
9244	0.00118
9246	0.00142
9248	7.35693E-4
9250	0.00139
9252	0.00161
9254	4.58899E-4
9256	0.00176
9258	0.00193
9260	0.00137
9262	3.54173E-4
9264	8.83242E-4
9266	0.00346
9268	0.00271
9270	0.00104
9272	0.00232
9274	0.00249
9276	0.00256
9278	0.00211
9280	8.6216E-4
9282	-4.53017E-5
9284	-5.66763E-4
9286	2.67758E-5
9288	1.45315E-4
9290	-6.67147E-4
9292	-0.0015
9294	-4.59069E-4
9296	-0.00112
9298	-0.00233
9300	-0.00207
9302	-0.00203
9304	-0.00221
9306	-0.00125
9308	-0.00176
9310	-0.00286
9312	-0.00264
9314	-0.00141
9316	-0.00147
9318	-0.00117
9320	-0.00156
9322	-0.00238
9324	-0.00217
9326	-0.0033
9328	-0.00614
9330	-0.01292
9332	-0.02227
9334	-0.03233
9336	-0.04309
9338	-0.05133
9340	-0.05844
9342	-0.06567
9344	-0.07065
9346	-0.07535
9348	-0.07538
9350	-0.07016
9352	-0.06357
9354	-0.05703
9356	-0.0506
9358	-0.04454
9360	-0.03838
9362	-0.03285
9364	-0.02995
9366	-0.02632
9368	-0.02363
9370	-0.021
9372	-0.01763
9374	-0.01456
9376	-0.0125
9378	-0.01146
9380	-0.01144
9382	-0.01017
9384	-0.00883
9386	-0.00764
9388	-0.00583
9390	-0.005
9392	-0.0041
9394	-0.0031
9396	-0.00227
9398	-0.00202
9400	-0.00198
9402	-0.00141
9404	-0.00159
9406	-0.00185
9408	-0.00256
9410	-0.00227
9412	-9.96192E-4
9414	-8.5191E-4
9416	-0.00111
9418	-2.91144E-4
9420	3.9227E-4
9422	4.17684E-4
9424	-7.24902E-4
9426	-4.98487E-4
9428	-6.07325E-6
9430	0.00115
9432	0.00117
9434	4.33169E-4
9436	-1.61416E-4
9438	6.48998E-4
9440	1.18412E-4
9442	4.40826E-4
9444	-3.8076E-4
9446	-0.00134
9448	-0.00116
9450	-1.48517E-4
9452	-0.00166
9454	-0.00118
9456	-0.00135
9458	-8.4686E-4
9460	-0.00114
9462	-0.00157
9464	-0.00254
9466	-0.00179
9468	-0.00123
9470	-0.00236
9472	-0.00179
9474	-0.00121
9476	-0.00204
9478	-0.0017
9480	-5.34304E-4
9482	-0.00107
9484	-0.00133
9486	-1.67062E-4
9488	1.53352E-4
9490	-0.00225
9492	-0.00249
9494	-0.00249
9496	-0.00145
9498	-0.00156
9500	-1.33162E-4
9502	5.05252E-4
9504	-8.43341E-5
9506	0.00114
9508	0.00185
9510	8.62908E-4
9512	-2.45677E-4
9514	-0.00132
9516	-0.00127
9518	-0.00168
9520	-0.00141
9522	-0.00169
9524	-9.31322E-4
9526	-0.00107
9528	-4.04407E-4
9530	-0.00214
9532	-0.00289
9534	-0.00195
9536	-7.01577E-4
9538	-0.0017
9540	-0.00213
9542	-6.28704E-4
9544	-0.00168
9546	-0.00194
9548	-0.00166
9550	-0.0017
9552	-0.00107
9554	-7.54959E-4
9556	-2.37001E-4
9558	-7.73044E-4
9560	2.99914E-4
9562	2.46087E-4
9564	-4.30964E-4
9566	1.15985E-4
9568	-7.0667E-6
9570	-5.93118E-4
9572	-5.27169E-4
9574	-3.56221E-4
9576	9.97281E-5
9578	-4.25323E-4
9580	9.55626E-4
9582	2.33574E-4
9584	-6.1477E-5
9586	-4.91528E-4
9588	-3.9158E-4
9590	-3.49631E-4
9592	-7.96822E-5
9594	-5.07733E-4
9596	4.09215E-4
9598	5.31639E-5
9600	-0.00112
9602	-0.00142
9604	-1.699E-5
9606	-8.00412E-5
9608	-4.20925E-5
9610	6.68464E-4
9612	0.00128
9614	4.80054E-4
9616	-0.00142
9618	-0.00111
9620	-0.00111
9622	-9.30767E-4
9624	-7.08972E-4
9626	-1.93177E-4
9628	-0.0013
9630	-0.00232
9632	-0.00261
9634	-0.00222
9636	-0.00204
9638	-0.00124
9640	6.63864E-5
9642	2.30181E-4
9644	3.26976E-4
9646	0.00137
9648	0.00195
9650	0.00124
9652	5.14155E-4
9654	8.8195E-4
9656	0.00221
9658	0.0026
9660	0.00124
9662	2.50061E-4
9664	-3.54537E-4
9666	2.63864E-4
9668	-4.70734E-4
9670	-4.52332E-4
9672	5.9007E-4
9674	1.53472E-4
9676	-0.00132
9678	-0.00156
9680	-0.00141
9682	-0.00118
9684	-0.00253
9686	-0.00318
9688	-0.00249
9690	-0.00158
9692	-0.0011
9694	-0.00109
9696	-8.21078E-5
9698	-4.37706E-4
9700	-0.00197
9702	-8.29902E-4
9704	-6.075E-4
9706	-0.00111
9708	2.51388E-4
9710	-1.65501E-4
9712	-9.03888E-5
9714	-1.43277E-4
9716	-8.01652E-5
9718	-1.94053E-4
9720	-2.58942E-4
9722	-7.5783E-4
9724	-0.00109
9726	-0.00189
9728	-0.0033
9730	-0.01044
9732	-0.01962
9734	-0.03074
9736	-0.04016
9738	-0.04808
9740	-0.05602
9742	-0.06483
9744	-0.07176
9746	-0.07544
9748	-0.07442
9750	-0.06941
9752	-0.06313
9754	-0.05627
9756	-0.04997
9758	-0.04388
9760	-0.03908
9762	-0.03375
9764	-0.03021
9766	-0.02672
9768	-0.02329
9770	-0.01848
9772	-0.01561
9774	-0.01396
9776	-0.01228
9778	-0.01068
9780	-0.00823
9782	-0.00732
9784	-0.00645
9786	-0.00554
9788	-0.00593
9790	-0.00593
9792	-0.00457
9794	-0.00435
9796	-0.00355
9798	-0.00335
9800	-0.00307
9802	-0.00225
9804	-0.00133
9806	-6.62889E-4
9808	1.47949E-4
9810	-8.42126E-5
9812	5.95626E-4
9814	-8.35362E-5
9816	-4.32698E-4
9818	-4.0386E-4
9820	-0.00197
9822	-0.0012
9824	-7.33453E-5
9826	-0.00101
9828	-0.00291
9830	-0.00528
9832	-0.00612
9834	-0.00653
9836	-0.00612
9838	-0.00668
9840	-0.00763
9842	-0.0086
9844	-0.00808
9846	-0.00767
9848	-0.00782
9850	-0.00656
9852	-0.00491
9854	-0.0046
9856	-0.00409
9858	-0.00341
9860	-0.00353
9862	-0.00451
9864	-0.00361
9866	-0.00348
9868	-0.00354
9870	-0.00341
9872	-0.00302
9874	-0.00338
9876	-0.00388
9878	-0.00321
9880	-0.00239
9882	-0.00205
9884	-6.34434E-4
9886	-4.46244E-4
9888	-0.00173
9890	-0.00266
9892	-0.00186
9894	-2.7848E-4
9896	-2.24468E-4
9898	-0.00114
9900	-8.41231E-4
9902	-0.00142
9904	-5.80995E-4
9906	-2.45377E-4
9908	0.001
9910	7.1386E-4
9912	3.92478E-4
9914	-2.89904E-4
9916	-3.86286E-4
9918	-6.63667E-4
9920	-0.00108
9922	-0.00109
9924	-8.56813E-4
9926	-1.91195E-4
9928	-3.49576E-4
9930	-7.29958E-4
9932	0.00105
9934	1.23278E-4
9936	-0.00168
9938	-0.0016
9940	-0.00132
9942	-0.0012
9944	-0.00116
9946	2.31884E-4
9948	0.00216
9950	0.00128
9952	0.00109
9954	9.31175E-4
9956	0.00148
9958	0.00207
9960	0.00119
9962	0.00162
9964	0.00249
9966	0.00227
9968	0.00191
9970	0.00294
9972	0.00205
9974	8.45902E-4
9976	0.0013
9978	0.00138
9980	3.5562E-4
9982	-9.90808E-4
9984	-0.00202
9986	-4.32662E-4
9988	-8.8909E-4
9990	-0.00172
9992	-0.00115
9994	9.70341E-5
9996	3.75726E-5
9998	-4.12889E-4
10000	-6.6235E-4
10002	-0.00209
10004	-0.00224
10006	-0.00208
10008	-0.00193
10010	-0.00129
10012	-0.00119
10014	-0.00143
10016	-0.00169
10018	-0.00147
10020	-9.58965E-4
10022	-0.00218
10024	-0.00303
10026	-0.00224
10028	-7.7081E-4
10030	6.64728E-4
10032	0.00101
10034	7.62805E-4
10036	-2.15656E-4
10038	0.00129
10040	0.00119
10042	5.99445E-4
10044	5.11861E-4
10046	0.00154
10048	0.00158
10050	0.00117
10052	9.55525E-4
10054	7.70941E-4
10056	4.59357E-4
10058	5.67773E-4
10060	4.89189E-4
10062	0.00154
10064	0.00135
10066	0.00156
10068	0.00116
10070	-9.47732E-4
10072	-0.00102
10074	-9.769E-4
10076	-5.80484E-4
10078	-0.00143
10080	-6.81652E-4
10082	0.00164
10084	9.2218E-4
10086	-0.00132
10088	-0.00178
10090	-9.53697E-4
10092	-0.00101
10094	-0.00167
10096	-0.00125
10098	-0.00132
10100	-0.00115
10102	-0.00165
10104	-9.80591E-4
10106	-4.86158E-6
10108	-1.26132E-4
10110	7.83597E-4
10112	0.00126
10114	9.15056E-4
10116	0.00113
10118	3.48515E-4
10120	6.21245E-4
10122	0.00154
10124	9.35704E-4
10126	-1.55567E-4
10128	-0.00179
10130	-0.0072
10132	-0.01686
10134	-0.02773
10136	-0.03768
10138	-0.04633
10140	-0.0542
10142	-0.0593
10144	-0.06496
10146	-0.07061
10148	-0.07135
10150	-0.06739
10152	-0.06092
10154	-0.0539
10156	-0.04847
10158	-0.04183
10160	-0.03742
10162	-0.03277
10164	-0.02844
10166	-0.02519
10168	-0.02183
10170	-0.01906
10172	-0.01817
10174	-0.01672
10176	-0.01378
10178	-0.0116
10180	-0.01006
10182	-0.00936
10184	-0.00881
10186	-0.00865
10188	-0.00822
10190	-0.00736
10192	-0.00573
10194	-0.0057
10196	-0.00628
10198	-0.00551
10200	-0.00566
10202	-0.00575
10204	-0.00567
10206	-0.0058
10208	-0.00585
10210	-0.00424
10212	-0.00347
10214	-0.0029
10216	-0.00326
10218	-0.00445
10220	-0.00522
10222	-0.00494
10224	-0.00427
10226	-0.0032
10228	-0.00265
10230	-0.00214
10232	-0.00252
10234	-0.00265
10236	-0.00352
10238	-0.00352
10240	-0.00265
10242	-0.00398
10244	-0.00288
10246	-0.00151
10248	-0.00119
10250	-0.0017
10252	-0.00264
10254	-0.00252
10256	-0.0021
10258	-0.00133
10260	-0.00122
10262	-6.94214E-4
10264	-7.55393E-4
10266	-0.00107
10268	-1.97752E-4
10270	-0.00112
10272	-0.00266
10274	-0.00225
10276	-0.001
10278	-0.00171
10280	-6.13992E-4
10282	3.06393E-4
10284	0.00118
10286	0.00131
10288	9.03547E-4
10290	2.45931E-4
10292	-3.64684E-4
10294	8.69701E-4
10296	0.00204
10298	0.00191
10300	0.00204
10302	0.00165
10304	0.00109
10306	0.00107
10308	8.64394E-4
10310	6.57782E-5
10312	3.21629E-5
10314	-0.00111
10316	-0.00135
10318	7.1317E-5
10320	-5.58298E-4
10322	-1.98914E-4
10324	-1.74529E-4
10326	1.18633E-4
10328	5.71249E-4
10330	-4.00135E-4
10332	-5.8352E-4
10334	7.46096E-4
10336	0.00143
10338	0.00184
10340	0.00245
10342	0.00283
10344	0.00204
10346	8.0779E-4
10348	0.00163
10350	6.01021E-4
10352	8.94637E-4
10354	5.23253E-4
10356	3.18686E-5
10358	-9.48516E-4
10360	-1.399E-4
10362	9.09716E-4
10364	3.72331E-4
10366	-4.38053E-4
10368	7.63563E-4
10370	0.00117
10372	-6.12206E-4
10374	-0.00109
10376	-3.82831E-4
10378	6.04374E-4
10380	-2.2742E-4
10382	-0.00151
10384	-0.00191
10386	-0.00255
10388	-0.00125
10390	-9.62392E-4
10392	-0.00189
10394	-0.00169
10396	-0.00121
10398	-0.00118
10400	-0.00215
10402	-5.96159E-4
10404	-3.77954E-4
10406	-0.00219
10408	-0.00249
10410	-0.00219
10412	-0.00164
10414	-0.00179
10416	-0.0017
10418	-0.00148
10420	-0.00239
10422	-0.0029
10424	-0.00256
10426	-0.00205
10428	-0.00242
10430	-0.00247
10432	-0.00195
10434	-0.00194
10436	-0.00206
10438	-0.00265
10440	-0.00306
10442	-0.00302
10444	-0.00308
10446	-0.00224
10448	-0.00108
10450	1.39903E-4
10452	9.35182E-5
10454	4.35134E-4
10456	0.00103
10458	0.00157
10460	9.5898E-4
10462	9.00596E-4
10464	0.00138
10466	4.70827E-4
10468	4.46442E-4
10470	3.02411E-4
10472	-6.10361E-5
10474	-4.37483E-4
10476	-8.26931E-4
10478	-7.21378E-4
10480	-2.81826E-4
10482	-3.08273E-4
10484	-7.4272E-4
10486	-0.00194
10488	-0.00251
10490	-0.0015
10492	2.3449E-4
10494	6.53043E-4
10496	4.93596E-4
10498	1.78148E-4
10500	2.62701E-4
10502	9.82254E-4
10504	7.31806E-4
10506	3.64359E-4
10508	7.55912E-4
10510	-1.85536E-4
10512	-0.00187
10514	-0.00101
10516	5.15122E-4
10518	0.00136
10520	0.00175
10522	0.00208
10524	0.00174
10526	0.0013
10528	5.85676E-4
10530	-0.00472
10532	-0.01489
10534	-0.0253
10536	-0.03407
10538	-0.04342
10540	-0.05152
10542	-0.0568
10544	-0.06278
10546	-0.06833
10548	-0.0706
10550	-0.06713
10552	-0.06102
10554	-0.05629
10556	-0.05179
10558	-0.04585
10560	-0.04023
10562	-0.03449
10564	-0.02928
10566	-0.02609
10568	-0.0225
10570	-0.01941
10572	-0.01696
10574	-0.01576
10576	-0.0144
10578	-0.01165
10580	-0.01014
10582	-0.00834
10584	-0.00665
10586	-0.00632
10588	-0.00635
10590	-0.00537
10592	-0.00548
10594	-0.00433
10596	-0.00361
10598	-0.00346
10600	-0.00315
10602	-0.00279
10604	-0.00274
10606	-0.0021
10608	-0.00197
10610	-3.74431E-4
10612	1.55501E-4
10614	-4.87878E-4
10616	-7.52778E-4
10618	-5.68678E-4
10620	2.02422E-4
10622	-3.85478E-4
10624	-0.00129
10626	-0.00206
10628	-0.00257
10630	-0.00322
10632	-0.00218
10634	-0.00121
10636	-0.00104
10638	-0.00162
10640	-0.00322
10642	-0.00275
10644	-0.00218
10646	-0.00167
10648	-0.00161
10650	-0.00269
10652	-0.00267
10654	-0.00186
10656	-9.5278E-4
10658	1.6632E-4
10660	0.00121
10662	0.00133
10664	9.64405E-4
10666	0.0013
10668	0.0014
10670	9.98772E-4
10672	-4.24384E-5
10674	4.43508E-5
10676	2.0314E-4
10678	4.98929E-4
10680	0.00111
10682	5.07795E-7
10684	-1.48703E-4
10686	4.44086E-4
10688	-2.28124E-4
10690	-7.39335E-4
10692	-1.00546E-4
10694	-0.00101
10696	-4.06968E-4
10698	2.44822E-4
10700	0.0011
10702	0.0013
10704	4.61189E-4
10706	-3.48021E-4
10708	1.37715E-4
10710	9.29787E-4
10712	0.0016
10714	0.00141
10716	3.80001E-4
10718	2.01072E-4
10720	4.36143E-4
10722	1.24215E-4
10724	-0.00135
10726	-0.00169
10728	-0.00137
10730	-0.00187
10732	-0.00208
10734	-6.99357E-4
10736	-9.09286E-4
10738	-0.00316
10740	-0.00362
10742	-0.00156
10744	-0.00118
10746	-6.79292E-5
10748	-2.94858E-4
10750	2.43213E-4
10752	3.04285E-4
10754	3.41356E-4
10756	-7.90056E-4
10758	-0.00206
10760	-0.00293
10762	-0.00263
10764	-0.00149
10766	1.31318E-4
10768	-0.00123
10770	-0.00165
10772	-6.57057E-4
10774	8.28818E-4
10776	0.0013
10778	-3.03432E-4
10780	0.00129
10782	0.00225
10784	6.60192E-4
10786	2.62067E-4
10788	0.00102
10790	6.43817E-4
10792	4.48691E-4
10794	-3.41434E-4
10796	2.36441E-4
10798	4.32316E-4
10800	-1.27809E-4
10802	5.83066E-4
10804	4.46486E-4
10806	7.61347E-4
10808	3.28207E-4
10810	-3.54932E-4
10812	-0.00101
10814	-0.00107
10816	-6.4735E-4
10818	1.1351E-4
10820	3.98371E-4
10822	4.20231E-4
10824	0.0019
10826	0.0031
10828	0.00212
10830	0.00176
10832	0.00146
10834	-3.75605E-4
10836	-9.75745E-4
10838	-5.64884E-4
10840	-9.46023E-4
10842	1.36837E-4
10844	1.94698E-4
10846	-7.95442E-4
10848	-0.00152
10850	-0.0016
10852	-0.00144
10854	-7.69928E-4
10856	2.70247E-4
10858	-3.46578E-4
10860	-0.0012
10862	-0.00153
10864	-0.00176
10866	-0.0015
10868	-0.00137
10870	-0.00148
10872	-0.00133
10874	-8.72179E-4
10876	-8.15005E-4
10878	-0.00118
10880	-2.92655E-4
10882	1.9852E-4
10884	0.00121
10886	0.00131
10888	3.77045E-4
10890	9.54219E-4
10892	0.00186
10894	0.0013
10896	-2.44256E-4
10898	9.29188E-5
10900	-2.86675E-4
10902	-0.0016
10904	-0.00241
10906	-0.00224
10908	-0.00157
10910	-0.00211
10912	-0.00206
10914	-0.00136
10916	-4.67457E-4
10918	-4.94555E-4
10920	0.00122
10922	0.00151
10924	4.54152E-4
10926	9.37055E-4
10928	4.41957E-4
10930	-0.00593
10932	-0.01556
10934	-0.02475
10936	-0.03411
10938	-0.04257
10940	-0.05102
10942	-0.05729
10944	-0.06292
10946	-0.06625
10948	-0.06699
10950	-0.06379
10952	-0.05902
10954	-0.05315
10956	-0.04733
10958	-0.04191
10960	-0.0369
10962	-0.03223
10964	-0.02817
10966	-0.02502
10968	-0.02107
10970	-0.01819
10972	-0.01687
10974	-0.01543
10976	-0.01396
10978	-0.012
10980	-0.01028
10982	-0.00919
10984	-0.00805
10986	-0.00762
10988	-0.00662
10990	-0.00716
10992	-0.00701
10994	-0.00734
10996	-0.00749
10998	-0.0058
11000	-0.00473
11002	-0.0031
11004	-0.00255
11006	-0.00234
11008	-0.00278
11010	-0.00303
11012	-0.00358
11014	-0.00414
11016	-0.0028
11018	-0.00144
11020	-0.0019
11022	-0.0028
11024	-0.00362
11026	-0.00333
11028	-0.00316
11030	-0.00264
11032	-0.00189
11034	-0.00173
11036	-0.00286
11038	-0.00349
11040	-0.0034
11042	-0.00265
11044	-0.00242
11046	-0.0015
11048	-6.50315E-4
11050	-0.00139
11052	-0.00129
11054	-3.01595E-4
11056	-2.30688E-4
11058	-0.00152
11060	-0.00199
11062	-0.00237
11064	-0.00153
11066	-0.00154
11068	-0.00167
11070	-6.39341E-4
11072	-1.90435E-4
11074	-7.27528E-4
11076	-0.0015
11078	-0.0012
11080	-9.89808E-4
11082	-0.00133
11084	-8.35994E-4
11086	-0.00129
11088	-0.00171
11090	-2.15274E-4
11092	7.52632E-4
11094	-3.22461E-4
11096	-0.00129
11098	-0.00147
11100	-2.08741E-4
11102	5.66166E-4
11104	7.24072E-4
11106	0.00109
11108	5.94886E-4
11110	0.00144
11112	0.00267
11114	0.00255
11116	0.00228
11118	0.00287
11120	0.00334
11122	0.00385
11124	0.00288
11126	0.0037
11128	0.00326
11130	0.00128
11132	1.84766E-4
11134	-4.50327E-4
11136	-7.67421E-4
11138	2.91486E-4
11140	4.62393E-4
11142	0.00126
11144	-1.42794E-4
11146	-0.00144
11148	-6.94981E-4
11150	-5.28074E-4
11152	-9.53167E-4
11154	-8.67261E-4
11156	-0.0014
11158	-0.00189
11160	-4.66541E-4
11162	-0.00119
11164	-7.26727E-4
11166	-2.48821E-4
11168	-3.73914E-4
11170	-0.00143
11172	-0.00164
11174	-0.00122
11176	-9.74287E-4
11178	-0.00117
11180	-0.00202
11182	-0.00183
11184	-3.1766E-4
11186	-3.04754E-4
11188	1.31153E-4
11190	0.00134
11192	0.00176
11194	0.00108
11196	0.0014
11198	0.00131
11200	0.00121
11202	0.0011
11204	8.97406E-4
11206	0.00152
11208	0.0026
11210	0.0025
11212	0.00244
11214	0.00218
11216	0.00282
11218	0.00373
11220	0.00273
11222	0.00218
11224	0.00268
11226	0.00306
11228	0.00204
11230	0.0014
11232	0.0017
11234	0.00169
11236	0.00141
11238	0.00145
11240	0.00204
11242	0.00107
11244	4.9854E-4
11246	0.00138
11248	0.00186
11250	0.00172
11252	0.00193
11254	0.00109
11256	7.1798E-4
11258	7.02887E-4
11260	8.01793E-4
11262	0.00128
11264	0.00102
11266	0.00207
11268	0.00237
11270	0.00173
11272	0.00156
11274	0.00179
11276	0.00112
11278	0.00108
11280	7.4886E-4
11282	1.27037E-4
11284	-2.9045E-4
11286	2.06063E-4
11288	-1.73425E-4
11290	2.00088E-4
11292	4.70601E-4
11294	8.11327E-6
11296	-6.61374E-4
11298	-7.18861E-4
11300	-7.32349E-4
11302	-5.04836E-4
11304	2.78676E-4
11306	9.20189E-4
11308	0.00145
11310	0.00161
11312	0.00124
11314	6.9424E-4
11316	0.00113
11318	0.00193
11320	0.00241
11322	0.00199
11324	0.00206
11326	0.0024
11328	4.58281E-5
11330	-0.00532
11332	-0.01326
11334	-0.02311
11336	-0.03319
11338	-0.04064
11340	-0.04714
11342	-0.05494
11344	-0.06093
11346	-0.06628
11348	-0.06865
11350	-0.06441
11352	-0.05853
11354	-0.05334
11356	-0.04654
11358	-0.04067
11360	-0.03668
11362	-0.03233
11364	-0.02732
11366	-0.0223
11368	-0.01844
11370	-0.01547
11372	-0.01286
11374	-0.01053
11376	-0.00742
11378	-0.00717
11380	-0.00677
11382	-0.00537
11384	-0.00476
11386	-0.00354
11388	-0.00319
11390	-0.00355
11392	-0.00301
11394	-0.00309
11396	-0.0026
11398	-0.00281
11400	-0.00181
11402	-0.00134
11404	-0.00123
11406	-0.00213
11408	-0.00107
11410	-1.28946E-4
11412	-3.38686E-4
11414	-0.00108
11416	-0.00109
11418	-0.00162
11420	-0.00295
11422	-0.00341
11424	-0.00215
11426	-0.00141
11428	-0.00222
11430	-0.00209
11432	-0.00187
11434	-2.42546E-5
11436	2.26449E-4
11438	-5.84847E-4
11440	-7.83143E-4
11442	-0.00119
11444	-0.0028
11446	-0.00312
11448	-0.00192
11450	-0.00112
11452	-0.0019
11454	-0.00203
11456	-0.00203
11458	-0.00303
11460	-0.0032
11462	-0.00218
11464	-0.00102
11466	-7.06991E-4
11468	-1.99287E-4
11470	-3.91583E-4
11472	-0.00121
11474	-0.00226
11476	-0.00302
11478	-0.00275
11480	-0.00198
11482	-0.00171
11484	-0.0012
11486	-0.00108
11488	-6.48071E-4
11490	-4.67293E-4
11492	-2.23515E-4
11494	3.08263E-4
11496	3.68041E-4
11498	0.00164
11500	0.00192
11502	0.00232
11504	0.00263
11506	0.00324
11508	0.00295
11510	0.00255
11512	0.00324
11514	0.00308
11516	0.00197
11518	0.00272
11520	0.00298
11522	0.00164
11524	0.00161
11526	0.0017
11528	0.00109
11530	0.00135
11532	0.00155
11534	0.00216
11536	0.00286
11538	0.00278
11540	0.00199
11542	0.00266
11544	0.00397
11546	0.00275
11548	0.00186
11550	0.00161
11552	6.28456E-4
11554	-4.74698E-5
11556	-6.03396E-4
11558	-4.91321E-4
11560	-6.86247E-4
11562	-9.35173E-4
11564	-7.92099E-4
11566	-0.00136
11568	-0.00312
11570	-0.00344
11572	-0.00277
11574	-0.0017
11576	-0.00187
11578	-0.00225
11580	-0.00252
11582	-0.00254
11584	-7.78869E-4
11586	-6.23869E-4
11588	-0.00153
11590	-0.00109
11592	-8.50869E-4
11594	-0.0012
11596	-0.00138
11598	-4.18869E-4
11600	-4.93869E-4
11602	-3.77869E-4
11604	-3.40869E-4
11606	8.30131E-4
11608	3.59131E-4
11610	-0.00103
11612	-0.00144
11614	-1.44869E-4
11616	-4.25802E-4
11618	2.71975E-4
11620	3.03753E-4
11622	-6.75469E-4
11624	-8.09692E-4
11626	5.20861E-5
11628	-7.21362E-5
11630	4.61641E-4
11632	7.58419E-4
11634	4.44197E-4
11636	1.57974E-4
11638	-7.04248E-4
11640	-0.00145
11642	-0.00217
11644	-0.00313
11646	-0.00259
11648	-0.00188
11650	-0.0011
11652	-0.00146
11654	-0.0014
11656	-0.0013
11658	-6.89471E-4
11660	4.69307E-4
11662	7.24084E-4
11664	-1.61677E-4
11666	-8.42459E-4
11668	1.1476E-4
11670	-4.58022E-4
11672	-0.00208
11674	-0.00244
11676	-0.00271
11678	-0.00254
11680	-0.00195
11682	-0.00222
11684	-0.00113
11686	-0.00125
11688	-8.37057E-4
11690	-3.51838E-4
11692	-7.8162E-4
11694	-8.54401E-4
11696	-0.00148
11698	-2.73965E-4
11700	-6.19746E-4
11702	-5.80528E-4
11704	-5.74309E-4
11706	1.06909E-4
11708	1.68127E-4
11710	-3.86654E-4
11712	-4.72207E-4
11714	-3.56972E-4
11716	-2.68737E-4
11718	4.12498E-4
11720	0.00122
11722	0.00195
11724	0.00153
11726	0.00113
11728	-0.00175
11730	-0.0075
11732	-0.01588
11734	-0.02413
11736	-0.0337
11738	-0.04127
11740	-0.04828
11742	-0.05444
11744	-0.05844
11746	-0.06086
11748	-0.06321
11750	-0.06203
11752	-0.0557
11754	-0.04992
11756	-0.04393
11758	-0.03891
11760	-0.03454
11762	-0.02955
11764	-0.02655
11766	-0.02349
11768	-0.02076
11770	-0.01827
11772	-0.01613
11774	-0.01573
11776	-0.01552
11778	-0.01332
11780	-0.0108
11782	-0.00873
11784	-0.00715
11786	-0.0067
11788	-0.00737
11790	-0.0061
11792	-0.00601
11794	-0.00601
11796	-0.00646
11798	-0.00701
11800	-0.00608
11802	-0.00445
11804	-0.00437
11806	-0.00328
11808	-0.00234
11810	-0.00168
11812	-0.00172
11814	-0.00239
11816	-0.00183
11818	-0.00198
11820	-0.00151
11822	-9.35396E-4
11824	-0.00104
11826	-0.00179
11828	-0.00127
11830	-0.00172
11832	-0.00137
11834	-0.00123
11836	3.91899E-4
11838	6.77226E-4
11840	6.99554E-4
11842	0.00157
11844	0.00158
11846	6.57538E-4
11848	5.43865E-4
11850	-1.32807E-4
11852	-5.35479E-4
11854	3.95849E-4
11856	5.91797E-4
11858	0.00157
11860	0.0027
11862	0.00154
11864	0.0019
11866	0.00202
11868	0.00206
11870	0.00211
11872	0.00115
11874	0.00141
11876	0.0014
11878	4.25831E-4
11880	8.38834E-4
11882	5.91837E-4
11884	1.8084E-4
11886	0.00102
11888	9.35847E-4
11890	-1.9215E-4
11892	-5.21473E-5
11894	9.38856E-4
11896	9.43859E-4
11898	-3.84138E-4
11900	-5.47135E-4
11902	-9.63132E-4
11904	4.53871E-4
11906	0.00143
11908	9.03877E-4
11910	-8.3412E-4
11912	-6.85117E-4
11914	-8.84113E-4
11916	-0.00117
11918	-7.53107E-4
11920	-3.54104E-4
11922	-2.36101E-4
11924	-3.19098E-4
11926	-0.00122
11928	-0.00166
11930	-0.00206
11932	-0.00129
11934	-4.75083E-4
11936	-3.1908E-4
11938	-0.00137
11940	-7.74073E-4
11942	-5.3307E-4
11944	-1.83067E-4
11946	-0.00117
11948	-5.29061E-4
11950	-2.93058E-4
11952	-7.86023E-4
11954	-7.44347E-4
11956	2.61328E-4
11958	5.30031E-5
11960	0.00125
11962	0.00129
11964	0.00114
11966	0.00159
11968	0.0014
11970	0.00131
11972	0.00118
11974	0.00191
11976	6.88081E-4
11978	6.42756E-4
11980	0.00117
11982	0.00183
11984	0.0017
11986	8.02457E-4
11988	7.36132E-4
11990	8.78808E-4
11992	0.00155
11994	0.00258
11996	0.00208
11998	0.00246
12000	0.00281
12002	0.00185
12004	9.49467E-4
12006	-0.00112
12008	-0.00202
12010	-0.00129
12012	-8.38689E-4
12014	-4.59478E-4
12016	-0.00137
12018	-0.00165
12020	-0.00224
12022	-0.00235
12024	-0.00183
12026	-2.14213E-4
12028	9.19998E-4
12030	-3.35791E-4
12032	-5.9158E-4
12034	1.13631E-4
12036	-9.56158E-4
12038	-0.00135
12040	-2.32736E-4
12042	-2.63525E-4
12044	-1.64314E-4
12046	-2.38103E-4
12048	2.4661E-4
12050	-2.78351E-5
12052	-6.0428E-4
12054	0.00111
12056	0.00234
12058	6.54386E-4
12060	0.00102
12062	0.00143
12064	3.42052E-4
12066	-5.02392E-4
12068	-7.17837E-4
12070	-6.94282E-4
12072	-1.97262E-5
12074	5.95829E-4
12076	0.00106
12078	0.00156
12080	0.00176
12082	0.00165
12084	0.00223
12086	0.00325
12088	0.00331
12090	0.00342
12092	0.00392
12094	0.00371
12096	0.00322
12098	0.00268
12100	0.00144
12102	0.00117
12104	4.00034E-4
12106	6.84946E-4
12108	9.71858E-4
12110	-1.9123E-4
12112	-7.51318E-4
12114	-9.59406E-4
12116	-0.0015
12118	-0.00171
12120	-0.00184
12122	-6.52758E-4
12124	3.92154E-4
12126	-2.89337E-5
12128	-2.93022E-4
12130	-0.00443
12132	-0.01331
12134	-0.0223
12136	-0.03023
12138	-0.03859
12140	-0.04562
12142	-0.05171
12144	-0.05652
12146	-0.06138
12148	-0.06294
12150	-0.05906
12152	-0.0529
12154	-0.04624
12156	-0.04036
12158	-0.03545
12160	-0.03144
12162	-0.02695
12164	-0.02275
12166	-0.01999
12168	-0.01705
12170	-0.01445
12172	-0.01291
12174	-0.01121
12176	-0.00809
12178	-0.00612
12180	-0.00603
12182	-0.00552
12184	-0.00354
12186	-0.00203
12188	-0.00226
12190	-0.00167
12192	-4.32254E-4
12194	-1.91712E-4
12196	7.70831E-4
12198	8.66373E-4
12200	-1.75085E-4
12202	-0.00114
12204	-2.4E-4
12206	-5.55458E-4
12208	-7.36916E-4
12210	-0.0018
12212	-9.64831E-4
12214	6.8711E-5
12216	4.19253E-4
12218	4.55796E-4
12220	0.00107
12222	3.8788E-4
12224	6.78422E-4
12226	-1.66035E-4
12228	-0.00131
12230	-2.77951E-4
12232	1.94592E-4
12234	2.23134E-4
12236	-4.74324E-4
12238	-9.22782E-4
12240	-7.97239E-4
12242	-0.00147
12244	-0.00152
12246	6.53875E-5
12248	4.59298E-5
12250	-6.01528E-4
12252	-2.75986E-4
12254	2.28557E-4
12256	1.33099E-4
12258	-3.13589E-5
12260	-3.71817E-4
12262	-9.48274E-4
12264	-1.74732E-4
12266	1.5481E-4
12268	3.73353E-4
12270	1.74895E-4
12272	1.94437E-4
12274	6.34979E-4
12276	1.95217E-5
12278	-2.31936E-4
12280	5.95606E-4
12282	-0.00104
12284	-0.00173
12286	-0.00161
12288	-0.00149
12290	-0.00224
12292	-0.00222
12294	-0.00142
12296	-0.00133
12298	-0.00156
12300	-0.00156
12302	-0.00228
12304	-0.00147
12306	-0.00103
12308	-0.00108
12310	4.2974E-4
12312	0.001
12314	0.00101
12316	8.63672E-5
12318	4.2491E-4
12320	6.34518E-5
12322	2.77994E-4
12324	0.00157
12326	0.00163
12328	1.93621E-4
12330	-1.24837E-4
12332	-5.51295E-4
12334	-1.24752E-4
12336	5.5379E-4
12338	6.91332E-4
12340	4.53875E-4
12342	-7.64583E-4
12344	-9.36041E-4
12346	-0.00111
12348	-6.93956E-4
12350	-5.47414E-4
12352	-5.64872E-4
12354	-6.05329E-4
12356	-6.45787E-4
12358	-0.00135
12360	-0.00193
12362	-2.5516E-4
12364	2.84382E-4
12366	6.18924E-4
12368	0.00139
12370	-2.85991E-4
12372	-0.00189
12374	-0.00251
12376	-0.00108
12378	1.21178E-4
12380	0.00176
12382	0.00123
12384	-2.96195E-4
12386	-9.01653E-4
12388	-5.71107E-5
12390	-1.55685E-5
12392	-1.85026E-4
12394	2.25161E-5
12396	4.51058E-4
12398	6.35601E-4
12400	0.00139
12402	0.00252
12404	0.00301
12406	0.00148
12408	4.69312E-4
12410	-0.00113
12412	-5.88603E-4
12414	-5.56061E-4
12416	-0.00102
12418	-9.71977E-4
12420	2.10566E-4
12422	3.51108E-4
12424	-3.8835E-4
12426	-7.94807E-4
12428	3.73483E-6
12430	4.40347E-4
12432	3.00977E-4
12434	-1.27392E-4
12436	-3.83762E-4
12438	-4.81317E-5
12440	-2.95501E-4
12442	4.15129E-4
12444	2.89759E-4
12446	-2.8161E-4
12448	-0.00129
12450	-4.8435E-4
12452	-0.00103
12454	-7.70089E-4
12456	-8.21459E-4
12458	1.01715E-5
12460	6.42802E-4
12462	7.04321E-5
12464	-0.00156
12466	-0.00147
12468	-0.0018
12470	-0.00229
12472	-0.00227
12474	-0.00141
12476	-0.00103
12478	4.3874E-4
12480	0.00141
12482	0.00133
12484	0.00107
12486	1.40425E-5
12488	-6.9882E-5
12490	-1.67806E-4
12492	5.34269E-4
12494	6.51345E-4
12496	2.0442E-4
12498	-0.00102
12500	-0.00217
12502	-0.00142
12504	-8.06278E-4
12506	-4.95202E-4
12508	-4.45127E-4
12510	-3.02051E-4
12512	-1.30976E-4
12514	-2.319E-4
12516	-5.80825E-4
12518	-1.64749E-4
12520	9.38326E-4
12522	5.64402E-4
12524	-0.00201
