time	cp
2	0.15245
4	0.14542
6	0.13808
8	0.13063
10	0.12426
12	0.11735
14	0.11105
16	0.10429
18	0.09757
20	0.09137
22	0.08471
24	0.07868
26	0.0729
28	0.06633
30	0.05924
32	0.05349
34	0.04786
36	0.04167
38	0.03526
40	0.02892
42	0.02263
44	0.01527
46	0.00699
48	8.86032E-4
50	-0.0036
52	-0.00328
54	-0.0031
56	-0.00344
58	-0.00469
60	-0.0047
62	-0.0035
64	-0.00233
66	-0.00135
68	-4.74972E-4
70	3.54537E-4
72	4.3045E-5
74	1.21553E-4
76	3.04062E-4
78	-4.8143E-4
80	-0.00146
82	-8.20413E-4
84	5.25095E-4
86	-0.00108
88	-0.00245
90	-0.00225
92	-0.00165
94	-0.00174
96	-4.41855E-4
98	6.10654E-4
100	4.62162E-4
102	1.1567E-4
104	-0.00109
106	-0.00208
108	-0.00214
110	-0.00217
112	-0.0024
114	-0.00255
116	-0.00158
118	-7.58263E-4
120	6.72245E-4
122	-2.32462E-5
124	-1.40738E-4
126	0.0046
128	0.04625
130	0.13429
132	0.24427
134	0.35784
136	0.43474
138	0.45567
140	0.44267
142	0.41279
144	0.37532
146	0.3362
148	0.29826
150	0.26331
152	0.23167
154	0.2028
156	0.17779
158	0.15436
160	0.13451
162	0.1182
164	0.10429
166	0.09202
168	0.08191
170	0.0721
172	0.06329
174	0.05553
176	0.04893
178	0.04519
180	0.04075
182	0.0363
184	0.03321
186	0.03039
188	0.02806
190	0.0254
192	0.02351
194	0.02288
196	0.02253
198	0.0213
200	0.02023
202	0.01952
204	0.01652
206	0.01488
208	0.01341
210	0.01202
212	0.01124
214	0.0117
216	0.01083
218	0.00949
220	0.00978
222	0.01022
224	0.00979
226	0.00968
228	0.00892
230	0.00846
232	0.00743
234	0.00709
236	0.00675
238	0.00647
240	0.00664
242	0.00568
244	0.0045
246	0.0051
248	0.00576
250	0.00522
252	0.00524
254	0.00483
256	0.0051
258	0.00566
260	0.00552
262	0.00531
264	0.00463
266	0.00327
268	0.00265
270	0.00189
272	9.0488E-4
274	7.35389E-4
276	6.24897E-4
278	0.00133
280	0.00217
282	0.00282
284	0.00289
286	0.00142
288	0.00143
290	9.89455E-4
292	7.20964E-4
294	2.59472E-4
296	-6.5902E-4
298	-3.98511E-4
300	7.69971E-5
302	-4.61495E-4
304	-0.00198
306	-0.00246
308	-0.00142
310	-0.002
312	-0.00347
314	-0.00399
316	-0.0035
318	-0.00377
320	-0.00509
322	-0.00643
324	-0.00668
326	-0.00683
328	-0.0058
330	-0.00582
332	-0.00602
334	-0.00618
336	-0.00628
338	-0.00536
340	-0.00455
342	-0.00383
344	-0.00304
346	-0.00255
348	-0.00285
350	-0.00264
352	-0.00229
354	-0.00214
356	-0.00194
358	-4.88261E-4
360	-4.96752E-4
362	-3.40244E-4
364	0.00167
366	0.0029
368	0.00371
370	0.00403
372	0.0042
374	0.00392
376	0.00481
378	0.00615
380	0.00706
382	0.0077
384	0.00831
386	0.00794
388	0.00874
390	0.00862
392	0.00994
394	0.00997
396	0.00845
398	0.00837
400	0.00905
402	0.00894
404	0.00868
406	0.00763
408	0.00623
410	0.00567
412	0.00496
414	0.00571
416	0.00611
418	0.00525
420	0.00442
422	0.00431
424	0.00402
426	0.00368
428	0.00322
430	0.00152
432	5.48548E-4
434	7.07057E-4
436	2.36565E-4
438	-0.00162
440	-0.00274
442	-0.00192
444	-0.00112
446	-8.94893E-4
448	-9.00385E-4
450	-0.0014
452	-0.00205
454	-0.00201
456	-0.00181
458	-0.002
460	-0.00268
462	-0.00311
464	-0.00389
466	-0.00372
468	-0.00292
470	-0.00329
472	-0.00352
474	-0.00291
476	-0.00288
478	-0.00194
480	-0.00161
482	-0.0019
484	-0.00238
486	-0.00165
488	-6.00609E-4
490	-0.00124
492	-4.05522E-4
494	-2.51478E-4
496	1.48566E-4
498	9.7361E-4
500	3.69654E-4
502	-9.40302E-4
504	-0.00145
506	-0.00217
508	-0.00132
510	-6.22127E-4
512	-8.01083E-4
514	-0.00159
516	-0.00144
518	-9.00952E-4
520	-0.00162
522	-5.67864E-4
524	-2.1182E-4
526	0.01037
528	0.06911
530	0.1652
532	0.27764
534	0.39281
536	0.5035
538	0.60586
540	0.69981
542	0.78561
544	0.85778
546	0.88151
548	0.85118
550	0.79196
552	0.72011
554	0.64348
556	0.56927
558	0.50088
560	0.43822
562	0.38329
564	0.33464
566	0.29198
568	0.25523
570	0.22188
572	0.19313
574	0.16952
576	0.14957
578	0.1321
580	0.11756
582	0.10543
584	0.09556
586	0.08478
588	0.07571
590	0.06763
592	0.06048
594	0.05575
596	0.05188
598	0.0482
600	0.04417
602	0.03894
604	0.03534
606	0.03223
608	0.0302
610	0.02746
612	0.0248
614	0.02347
616	0.02129
618	0.01852
620	0.01614
622	0.01421
624	0.01272
626	0.01086
628	0.00932
630	0.00745
632	0.00556
634	0.00419
636	0.00427
638	0.00264
640	0.00179
642	0.00103
644	8.95159E-5
646	2.18695E-4
648	2.13875E-4
650	-2.19946E-4
652	-0.00183
654	-0.00259
656	-0.00117
658	-0.00153
660	-0.00177
662	-0.00182
664	-0.00268
666	-0.00371
668	-0.00456
670	-0.00561
672	-0.0057
674	-0.00574
676	-0.00592
678	-0.00533
680	-0.00693
682	-0.00802
684	-0.00779
686	-0.008
688	-0.00872
690	-0.00979
692	-0.0093
694	-0.01001
696	-0.0104
698	-0.00963
700	-0.00889
702	-0.00715
704	-0.00655
706	-0.00673
708	-0.00595
710	-0.0056
712	-0.00624
714	-0.00606
716	-0.00529
718	-0.00509
720	-0.00445
722	-0.00486
724	-0.00558
726	-0.00461
728	-0.0032
730	-0.00303
732	-0.00299
734	-0.00294
736	-0.00259
738	-0.00207
740	-0.00221
742	-0.00293
744	-0.00269
746	-0.00246
748	-0.00156
750	-8.52485E-4
752	-0.00116
754	-0.00128
756	-0.00155
758	-0.00107
760	-0.00111
762	-7.66577E-4
764	-2.01759E-4
766	-0.00126
768	-0.00284
770	-0.00475
772	-0.00538
774	-0.00546
776	-0.00437
778	-0.00428
780	-0.00304
782	-0.00169
784	-0.00121
786	-0.00162
788	-0.00252
790	-0.00343
792	-0.00226
794	-0.00191
796	-0.00244
798	-0.00359
800	-0.00289
802	-0.00202
804	-9.67985E-4
806	-4.71649E-4
808	-1.73128E-5
810	3.39023E-4
812	9.03597E-5
814	6.96027E-7
816	0.00104
818	0.00126
820	0.00236
822	0.00313
824	0.00318
826	0.00282
828	0.00277
830	0.00376
832	0.00213
834	0.00171
836	0.0018
838	0.00188
840	0.00142
842	0.00134
844	9.77962E-4
846	-5.36457E-4
848	-0.00169
850	-0.00108
852	-4.81712E-4
854	-0.00123
856	-0.00171
858	-0.00209
860	-0.00153
862	-9.64804E-4
864	-9.40227E-4
866	-0.00224
868	-0.00267
870	-0.00319
872	-0.00237
874	-5.8237E-4
876	3.06001E-4
878	6.33727E-5
880	5.77744E-4
882	-1.69884E-4
884	-0.00103
886	-0.00147
888	-1.2477E-4
890	-9.53989E-5
892	1.45972E-4
894	0.00125
896	0.00279
898	0.00321
900	0.00248
902	0.00161
904	5.34201E-4
906	1.49572E-4
908	1.79944E-4
910	-8.48685E-4
912	-0.00146
914	-0.00332
916	-0.00554
918	-0.0068
920	-0.00693
922	-0.00706
924	-0.00823
926	0.00129
928	0.05991
930	0.1595
932	0.27861
934	0.40165
936	0.51886
938	0.62786
940	0.72818
942	0.81798
944	0.89391
946	0.92402
948	0.89598
950	0.83458
952	0.75848
954	0.67958
956	0.60254
958	0.53017
960	0.46524
962	0.40733
964	0.35516
966	0.30907
968	0.26967
970	0.23628
972	0.20755
974	0.1823
976	0.15908
978	0.13949
980	0.12352
982	0.11095
984	0.10021
986	0.09052
988	0.08169
990	0.07418
992	0.06804
994	0.06215
996	0.05617
998	0.05163
1000	0.04788
1002	0.04402
1004	0.04053
1006	0.03799
1008	0.03488
1010	0.03286
1012	0.02988
1014	0.02636
1016	0.0241
1018	0.02217
1020	0.02013
1022	0.0181
1024	0.01737
1026	0.01522
1028	0.01365
1030	0.01372
1032	0.01334
1034	0.01267
1036	0.01105
1038	0.01002
1040	0.00966
1042	0.00853
1044	0.00685
1046	0.00563
1048	0.00555
1050	0.00386
1052	0.0021
1054	6.74241E-4
1056	-2.30309E-4
1058	-8.88859E-4
1060	-0.00145
1062	-0.00141
1064	-0.001
1066	-2.67058E-4
1068	-3.16082E-5
1070	-1.21158E-4
1072	-9.88708E-4
1074	-5.0258E-5
1076	2.8192E-5
1078	-0.00113
1080	-7.63908E-4
1082	-0.00123
1084	-5.81008E-4
1086	1.30442E-4
1088	4.28892E-4
1090	2.58342E-4
1092	-1.42207E-4
1094	-8.48757E-4
1096	-0.00158
1098	-0.00129
1100	-8.95407E-4
1102	-1.62111E-4
1104	8.89553E-4
1106	9.12217E-4
1108	3.41881E-4
1110	0.0023
1112	0.00281
1114	0.00335
1116	0.00298
1118	0.00305
1120	0.0029
1122	0.00314
1124	0.00394
1126	0.00386
1128	0.00238
1130	0.00103
1132	-2.41494E-5
1134	3.12515E-4
1136	7.69179E-4
1138	5.95843E-4
1140	0.00121
1142	0.00142
1144	5.74835E-4
1146	2.66499E-4
1148	1.41163E-4
1150	-3.53899E-4
1152	-0.00126
1154	-0.0017
1156	-0.00243
1158	-0.00303
1160	-0.00232
1162	-0.0021
1164	-0.00227
1166	-0.00152
1168	-4.12403E-4
1170	-4.94903E-4
1172	7.55964E-5
1174	-1.26904E-4
1176	7.57596E-4
1178	-8.49048E-5
1180	3.60595E-4
1182	0.00116
1184	0.00152
1186	0.00168
1188	0.00291
1190	0.00298
1192	0.00239
1194	0.00238
1196	0.00189
1198	0.00221
1200	0.00249
1202	0.00174
1204	0.00143
1206	0.00228
1208	0.00329
1210	0.00455
1212	0.00505
1214	0.0049
1216	0.00422
1218	0.00283
1220	0.00225
1222	0.00111
1224	-8.91636E-7
1226	1.20744E-4
1228	-3.44621E-4
1230	-3.46986E-4
1232	6.0465E-4
1234	3.18285E-4
1236	-8.9608E-4
1238	-7.26444E-4
1240	2.96191E-4
1242	4.42826E-4
1244	-1.84538E-4
1246	1.38349E-4
1248	-5.06015E-4
1250	-0.00154
1252	-0.00106
1254	-6.66109E-4
1256	7.35267E-5
1258	5.12162E-4
1260	0.00213
1262	0.0025
1264	0.00259
1266	0.00326
1268	0.00264
1270	0.00356
1272	0.00421
1274	0.00293
1276	0.00242
1278	0.00284
1280	0.00368
1282	0.0028
1284	0.0014
1286	0.00222
1288	0.00237
1290	0.00199
1292	8.09966E-4
1294	-1.15758E-4
1296	5.60043E-4
1298	0.00152
1300	0.00141
1302	0.00148
1304	-1.25752E-4
1306	-3.77951E-4
1308	-0.00121
1310	-0.00137
1312	-0.00171
1314	-0.00213
1316	-0.00146
1318	-0.00152
1320	-0.00192
1322	-9.02543E-4
1324	-6.10742E-4
1326	0.0073
1328	0.06209
1330	0.16192
1332	0.28259
1334	0.40889
1336	0.52887
1338	0.63825
1340	0.73834
1342	0.8284
1344	0.90622
1346	0.9405
1348	0.9139
1350	0.85239
1352	0.77606
1354	0.69602
1356	0.61724
1358	0.5438
1360	0.4774
1362	0.41816
1364	0.36535
1366	0.31836
1368	0.27771
1370	0.24179
1372	0.21142
1374	0.18558
1376	0.16374
1378	0.14524
1380	0.12939
1382	0.11518
1384	0.10395
1386	0.09393
1388	0.08584
1390	0.07689
1392	0.07051
1394	0.0657
1396	0.06182
1398	0.05734
1400	0.05255
1402	0.04857
1404	0.0451
1406	0.04259
1408	0.03998
1410	0.03887
1412	0.03675
1414	0.03478
1416	0.03235
1418	0.02969
1420	0.02742
1422	0.0259
1424	0.02441
1426	0.02305
1428	0.02149
1430	0.02057
1432	0.01985
1434	0.01975
1436	0.01983
1438	0.01927
1440	0.01652
1442	0.01526
1444	0.01417
1446	0.01198
1448	0.00984
1450	0.00892
1452	0.00807
1454	0.00802
1456	0.00765
1458	0.00752
1460	0.00829
1462	0.00842
1464	0.0087
1466	0.00673
1468	0.00713
1470	0.00854
1472	0.00999
1474	0.00965
1476	0.00867
1478	0.00891
1480	0.00908
1482	0.00919
1484	0.00893
1486	0.0091
1488	0.00819
1490	0.00924
1492	0.00999
1494	0.00922
1496	0.00842
1498	0.00786
1500	0.00733
1502	0.00726
1504	0.00726
1506	0.00673
1508	0.00631
1510	0.00709
1512	0.00671
1514	0.00543
1516	0.00461
1518	0.00395
1520	0.00259
1522	3.21688E-4
1524	6.31095E-4
1526	7.10503E-4
1528	-2.91089E-4
1530	-4.10682E-4
1532	-0.0013
1534	-6.71951E-4
1536	-2.62802E-4
1538	6.05346E-4
1540	2.54945E-5
1542	-2.32357E-4
1544	-0.00115
1546	-0.0018
1548	-0.00143
1550	-3.98763E-4
1552	3.18385E-4
1554	-4.13466E-4
1556	1.99682E-4
1558	-7.71692E-5
1560	-0.00121
1562	-0.00163
1564	-9.22724E-4
1566	-5.55575E-4
1568	-0.00154
1570	-0.00158
1572	-4.7913E-4
1574	1.45019E-4
1576	-5.52833E-4
1578	-7.77685E-4
1580	-9.22098E-4
1582	-8.73246E-4
1584	-0.00174
1586	-0.00287
1588	-0.00406
1590	-0.004
1592	-0.00246
1594	-0.00139
1596	-0.00109
1598	-9.74431E-4
1600	-5.38579E-4
1602	2.47273E-4
1604	9.43125E-4
1606	0.00191
1608	0.00254
1610	0.00155
1612	0.00145
1614	0.00166
1616	3.95237E-4
1618	3.61089E-4
1620	0.00122
1622	0.00194
1624	0.00131
1626	0.00174
1628	0.00171
1630	0.00279
1632	0.00256
1634	0.00176
1636	0.0015
1638	8.55146E-4
1640	-6.915E-5
1642	-7.53446E-4
1644	-8.48742E-4
1646	-7.42037E-4
1648	-0.00119
1650	-0.00223
1652	-0.00287
1654	-0.003
1656	-0.00252
1658	-0.00195
1660	-0.00179
1662	-0.00288
1664	-0.00297
1666	-0.00286
1668	-0.00135
1670	-0.00188
1672	-0.00218
1674	-0.00299
1676	-0.00358
1678	-0.00478
1680	-0.00505
1682	-0.00548
1684	-0.00534
1686	-0.00542
1688	-0.00535
1690	-0.00593
1692	-0.00492
1694	-0.00427
1696	-0.00446
1698	-0.0037
1700	-0.00296
1702	-0.00214
1704	-0.00174
1706	-6.42152E-4
1708	-7.10967E-5
1710	-2.78042E-4
1712	-8.11987E-4
1714	-6.92932E-4
1716	-9.45877E-4
1718	-6.45822E-4
1720	-0.00143
1722	-0.0022
1724	-0.0026
1726	0.00325
1728	0.05217
1730	0.1495
1732	0.26989
1734	0.39545
1736	0.51322
1738	0.62377
1740	0.72492
1742	0.8162
1744	0.89584
1746	0.93364
1748	0.91117
1750	0.85205
1752	0.77539
1754	0.69508
1756	0.6167
1758	0.54422
1760	0.47762
1762	0.41691
1764	0.36192
1766	0.31437
1768	0.2737
1770	0.23858
1772	0.20806
1774	0.1813
1776	0.15842
1778	0.13843
1780	0.12137
1782	0.10597
1784	0.09441
1786	0.08436
1788	0.07453
1790	0.06691
1792	0.06042
1794	0.05395
1796	0.04766
1798	0.04405
1800	0.04075
1802	0.03671
1804	0.03347
1806	0.02997
1808	0.02716
1810	0.02442
1812	0.0229
1814	0.02032
1816	0.01779
1818	0.01653
1820	0.01526
1822	0.01368
1824	0.01303
1826	0.01266
1828	0.01173
1830	0.01094
1832	0.00966
1834	0.00756
1836	0.00558
1838	0.00305
1840	0.00196
1842	0.00241
1844	0.0026
1846	0.00189
1848	0.00109
1850	0.00226
1852	0.00231
1854	0.00287
1856	0.00326
1858	0.00185
1860	7.63491E-4
1862	5.26431E-4
1864	6.9537E-4
1866	-3.16673E-4
1868	-0.00184
1870	-0.00219
1872	-0.0016
1874	-0.0022
1876	-0.00168
1878	-0.0017
1880	-0.00175
1882	-0.00193
1884	-0.00199
1886	-0.00212
1888	-0.00237
1890	-0.00157
1892	-4.67625E-4
1894	-7.7739E-4
1896	-7.52156E-4
1898	-4.10921E-4
1900	-3.71687E-4
1902	2.26548E-4
1904	7.37782E-4
1906	0.00116
1908	0.0023
1910	0.00294
1912	0.00336
1914	0.00285
1916	0.0027
1918	0.00282
1920	0.00269
1922	0.00174
1924	0.00181
1926	0.00294
1928	0.0036
1930	0.00383
1932	0.00302
1934	0.00292
1936	8.47289E-4
1938	-6.53479E-4
1940	-0.00131
1942	-0.0012
1944	-0.00147
1946	-0.00236
1948	-0.00211
1950	-0.00154
1952	-9.84857E-4
1954	-5.61625E-4
1956	1.84607E-4
1958	-6.90161E-4
1960	-6.87929E-4
1962	4.96322E-4
1964	9.98556E-4
1966	0.00105
1968	0.00153
1970	0.00195
1972	0.00232
1974	0.00163
1976	-3.68596E-8
1978	-1.07802E-4
1980	-6.05679E-5
1982	1.81667E-4
1984	7.2901E-5
1986	5.43135E-4
1988	0.00137
1990	0.00205
1992	0.00158
1994	0.00225
1996	0.00262
1998	0.00278
2000	0.00291
2002	0.00198
2004	3.59246E-4
2006	2.148E-5
2008	-0.00184
2010	-0.00355
2012	-0.00344
2014	-0.00381
2016	-0.0041
2018	-0.00375
2020	-0.00317
2022	-0.00331
2024	-0.00315
2026	-0.00308
2028	-0.00254
2030	-0.00259
2032	-0.00235
2034	-0.00289
2036	-0.00248
2038	-0.00244
2040	-0.0032
2042	-0.00301
2044	-0.00293
2046	-0.0019
2048	-0.0017
2050	-0.00142
2052	-9.0432E-4
2054	-1.48325E-4
2056	-5.72331E-4
2058	-0.00112
2060	-0.00113
2062	-6.17767E-4
2064	7.67353E-4
2066	6.20473E-4
2068	1.14593E-4
2070	0.00144
2072	0.00219
2074	0.00198
2076	0.00375
2078	0.00443
2080	0.00399
2082	0.00364
2084	0.00431
2086	0.00477
2088	0.00374
2090	0.0032
2092	0.00425
2094	0.00452
2096	0.00491
2098	0.0047
2100	0.00233
2102	0.0013
2104	9.50751E-4
2106	-1.67124E-4
2108	-0.00109
2110	-8.23581E-4
2112	-0.00131
2114	-0.00138
2116	-0.00166
2118	-0.0015
2120	-0.00177
2122	-0.00159
2124	-9.41681E-4
2126	0.00308
2128	0.04927
2130	0.14513
2132	0.26498
2134	0.39057
2136	0.51032
2138	0.62288
2140	0.72484
2142	0.8151
2144	0.89482
2146	0.93799
2148	0.92052
2150	0.86389
2152	0.78784
2154	0.70778
2156	0.62875
2158	0.55468
2160	0.48741
2162	0.4257
2164	0.37062
2166	0.32178
2168	0.28016
2170	0.24547
2172	0.2155
2174	0.18998
2176	0.16714
2178	0.14787
2180	0.13109
2182	0.11638
2184	0.10387
2186	0.09356
2188	0.0835
2190	0.07619
2192	0.07022
2194	0.06352
2196	0.05692
2198	0.05166
2200	0.04834
2202	0.04426
2204	0.04089
2206	0.03799
2208	0.03506
2210	0.03233
2212	0.02975
2214	0.02754
2216	0.02598
2218	0.0245
2220	0.02276
2222	0.0216
2224	0.02003
2226	0.01848
2228	0.01685
2230	0.01574
2232	0.01465
2234	0.01347
2236	0.0127
2238	0.01252
2240	0.01163
2242	0.0115
2244	0.01109
2246	0.01141
2248	0.01099
2250	0.01013
2252	0.00943
2254	0.00793
2256	0.00695
2258	0.00709
2260	0.00693
2262	0.00659
2264	0.0065
2266	0.00602
2268	0.00565
2270	0.00517
2272	0.00479
2274	0.00656
2276	0.00687
2278	0.00625
2280	0.00641
2282	0.0056
2284	0.00454
2286	0.00292
2288	0.00175
2290	1.1745E-4
2292	-8.10739E-4
2294	-0.00122
2296	-0.00137
2298	-0.0016
2300	-8.04964E-5
2302	5.73314E-4
2304	6.68125E-4
2306	0.00187
2308	0.00254
2310	0.00199
2312	0.00114
2314	0.00221
2316	0.00294
2318	0.0041
2320	0.0045
2322	0.00515
2324	0.00445
2326	0.00351
2328	0.00166
2330	0.00137
2332	0.00163
2334	0.00144
2336	3.62096E-4
2338	-5.29094E-4
2340	-6.73283E-4
2342	-4.56472E-4
2344	8.77338E-4
2346	0.00103
2348	1.0396E-4
2350	-4.7323E-4
2352	-2.03419E-4
2354	0.00184
2356	0.00314
2358	0.00304
2360	0.00287
2362	0.00285
2364	0.00245
2366	0.00248
2368	0.00265
2370	0.00324
2372	0.00344
2374	0.00253
2376	0.00205
2378	0.00126
2380	0.00131
2382	0.00148
2384	0.0011
2386	0.00184
2388	0.00289
2390	0.00291
2392	0.00151
2394	0.00123
2396	5.74416E-4
2398	0.00123
2400	0.00141
2402	0.00114
2404	-4.94342E-4
2406	-0.00115
2408	-0.00119
2410	-0.00157
2412	-0.00128
2414	-8.94289E-4
2416	-5.01478E-4
2418	-0.00104
2420	-0.00243
2422	-0.00165
2424	-7.22352E-5
2426	-2.58425E-4
2428	-0.00135
2430	-0.00123
2432	-7.28993E-4
2434	-0.00116
2436	-9.89371E-4
2438	-0.00167
2440	-0.00177
2442	-0.00163
2444	-0.00164
2446	-0.00213
2448	-0.00435
2450	-0.0053
2452	-0.00482
2454	-0.00361
2456	-0.00277
2458	-0.00283
2460	-0.00332
2462	-0.00335
2464	-0.00286
2466	-0.00242
2468	-0.00159
2470	-4.5759E-4
2472	2.34221E-4
2474	8.80314E-5
2476	4.07842E-4
2478	-0.00128
2480	-0.001
2482	-3.48726E-4
2484	-0.00105
2486	-0.002
2488	-4.27515E-4
2490	6.60211E-4
2492	-6.78064E-4
2494	-0.00174
2496	-5.38612E-4
2498	-0.00123
2500	-0.00109
2502	-6.84349E-5
2504	-5.49709E-4
2506	-0.00182
2508	-0.00213
2510	-0.00211
2512	-0.00201
2514	-0.00141
2516	-9.39354E-4
2518	-0.00204
2520	-0.00191
2522	-0.0018
2524	-0.00127
2526	0.00197
2528	0.04623
2530	0.14023
2532	0.25869
2534	0.38491
2536	0.50723
2538	0.61985
2540	0.72177
2542	0.81408
2544	0.89525
2546	0.94068
2548	0.92401
2550	0.86768
2552	0.79175
2554	0.71049
2556	0.63128
2558	0.55646
2560	0.48827
2562	0.42731
2564	0.37391
2566	0.32692
2568	0.28447
2570	0.24809
2572	0.21729
2574	0.18999
2576	0.16657
2578	0.14635
2580	0.13
2582	0.11575
2584	0.10305
2586	0.09228
2588	0.08339
2590	0.07546
2592	0.06883
2594	0.0633
2596	0.05849
2598	0.0542
2600	0.05041
2602	0.04764
2604	0.04372
2606	0.03998
2608	0.03685
2610	0.0346
2612	0.03214
2614	0.0297
2616	0.02891
2618	0.02791
2620	0.02649
2622	0.02413
2624	0.02186
2626	0.02119
2628	0.02083
2630	0.01999
2632	0.01878
2634	0.01811
2636	0.01699
2638	0.01576
2640	0.01488
2642	0.01399
2644	0.0141
2646	0.01414
2648	0.01333
2650	0.01255
2652	0.01262
2654	0.01214
2656	0.01185
2658	0.01061
2660	0.01012
2662	0.01017
2664	0.01115
2666	0.01302
2668	0.01343
2670	0.0125
2672	0.01181
2674	0.01188
2676	0.01059
2678	0.01087
2680	0.00988
2682	0.00858
2684	0.00809
2686	0.00655
2688	0.00589
2690	0.00475
2692	0.00404
2694	0.00342
2696	0.00283
2698	0.00207
2700	0.00252
2702	0.0011
2704	7.82732E-4
2706	4.97088E-4
2708	5.46444E-4
2710	-7.152E-4
2712	-3.26843E-4
2714	4.48513E-4
2716	6.41869E-4
2718	0.00108
2720	0.00133
2722	4.45937E-4
2724	6.19294E-4
2726	1.3665E-4
2728	-8.32994E-4
2730	4.03362E-4
2732	6.93718E-4
2734	8.64074E-4
2736	0.00176
2738	0.00133
2740	7.75143E-4
2742	8.66499E-4
2744	0.00152
2746	0.00262
2748	0.0021
2750	0.00154
2752	9.4028E-4
2754	1.85636E-4
2756	8.61992E-4
2758	2.97348E-4
2760	-2.45296E-4
2762	-1.95939E-4
2764	-7.45583E-4
2766	-0.00112
2768	-6.73871E-4
2770	3.10485E-4
2772	7.24841E-4
2774	0.00152
2776	8.63554E-4
2778	8.7591E-4
2780	0.0015
2782	0.00132
2784	0.00115
2786	0.0016
2788	0.00222
2790	0.00229
2792	0.00227
2794	0.00245
2796	0.00242
2798	0.00297
2800	0.00226
2802	0.00219
2804	0.00251
2806	0.00139
2808	0.00122
2810	0.00174
2812	0.00258
2814	0.00292
2816	0.00244
2818	0.00221
2820	0.00274
2822	0.00302
2824	0.00237
2826	0.0023
2828	0.00207
2830	0.00111
2832	3.65526E-4
2834	-2.60118E-4
2836	-0.00109
2838	-6.24405E-4
2840	-0.00113
2842	-0.00176
2844	-0.00187
2846	-3.37981E-4
2848	9.37375E-4
2850	0.00104
2852	4.95088E-4
2854	-6.53556E-4
2856	-6.952E-4
2858	-1.60844E-4
2860	-3.49488E-4
2862	-6.31315E-5
2864	-7.63775E-4
2866	-0.00164
2868	-0.0023
2870	-0.00114
2872	-0.00196
2874	-0.00174
2876	-0.00139
2878	-0.00104
2880	-0.0011
2882	-5.87786E-4
2884	1.09004E-4
2886	-1.69206E-4
2888	-1.35416E-4
2890	-5.32625E-4
2892	-2.87835E-4
2894	-7.43045E-4
2896	-9.05255E-4
2898	-6.82464E-4
2900	-0.00113
2902	-0.00277
2904	-0.00306
2906	-0.00231
2908	-0.00175
2910	-9.67723E-4
2912	-7.38932E-4
2914	-9.28142E-4
2916	-0.00142
2918	-0.00124
2920	-0.00185
2922	-0.00155
2924	-0.00134
2926	0.00216
2928	0.04166
2930	0.13208
2932	0.25073
2934	0.37759
2936	0.50064
2938	0.61397
2940	0.7182
2942	0.81235
2944	0.89639
2946	0.94779
2948	0.93601
2950	0.88217
2952	0.80838
2954	0.7283
2956	0.64765
2958	0.57275
2960	0.50431
2962	0.44204
2964	0.38629
2966	0.33727
2968	0.29461
2970	0.25779
2972	0.22587
2974	0.19746
2976	0.17375
2978	0.15366
2980	0.13698
2982	0.12348
2984	0.11
2986	0.09889
2988	0.0886
2990	0.0799
2992	0.07395
2994	0.06763
2996	0.06258
2998	0.05803
3000	0.05529
3002	0.05169
3004	0.04884
3006	0.04642
3008	0.04323
3010	0.04024
3012	0.03903
3014	0.03682
3016	0.03329
3018	0.03143
3020	0.02959
3022	0.02804
3024	0.02683
3026	0.02536
3028	0.02303
3030	0.02208
3032	0.02137
3034	0.02175
3036	0.02083
3038	0.01974
3040	0.0185
3042	0.01732
3044	0.01555
3046	0.01356
3048	0.01265
3050	0.01217
3052	0.0115
3054	0.01015
3056	0.00995
3058	0.00996
3060	0.00929
3062	0.00847
3064	0.00665
3066	0.006
3068	0.00627
3070	0.0072
3072	0.00752
3074	0.00687
3076	0.00676
3078	0.00621
3080	0.0067
3082	0.00785
3084	0.00774
3086	0.00674
3088	0.00701
3090	0.00695
3092	0.00719
3094	0.00742
3096	0.00696
3098	0.00734
3100	0.00699
3102	0.00758
3104	0.00752
3106	0.00651
3108	0.0058
3110	0.00544
3112	0.00404
3114	0.0032
3116	0.00264
3118	0.00214
3120	0.00224
3122	0.00256
3124	0.00191
3126	0.00218
3128	0.00137
3130	8.90403E-4
3132	1.34275E-4
3134	-3.41852E-4
3136	-5.5298E-4
3138	-8.68108E-4
3140	-6.61235E-4
3142	-6.13629E-5
3144	-2.77491E-4
3146	-3.92618E-4
3148	6.25406E-6
3150	9.01264E-5
3152	0.00125
3154	0.00106
3156	9.92743E-4
3158	7.66743E-4
3160	2.08393E-4
3162	-0.00136
3164	-0.00139
3166	-0.00195
3168	-0.0022
3170	-0.0018
3172	-0.00162
3174	-8.36059E-4
3176	-3.09409E-4
3178	2.66241E-4
3180	0.00103
3182	6.40541E-4
3184	1.5819E-4
3186	-5.3116E-4
3188	-0.00141
3190	-0.00285
3192	-0.00261
3194	-0.00239
3196	-0.0023
3198	-0.0021
3200	-0.00287
3202	-0.00352
3204	-0.00326
3206	-0.00208
3208	-0.00106
3210	-7.27061E-5
3212	6.76816E-4
3214	-8.76617E-5
3216	-7.8014E-4
3218	-5.39617E-4
3220	1.77905E-4
3222	7.19427E-4
3224	7.22949E-4
3226	5.80471E-4
3228	1.59933E-5
3230	6.19515E-4
3232	6.23038E-4
3234	4.3756E-4
3236	-4.62918E-4
3238	-6.60396E-4
3240	-6.64874E-4
3242	-7.71352E-4
3244	-3.68829E-4
3246	2.92693E-4
3248	6.59215E-4
3250	0.00109
3252	9.25127E-4
3254	8.29272E-4
3256	3.12417E-4
3258	9.05627E-5
3260	9.44708E-4
3262	3.94853E-4
3264	-6.00113E-6
3266	-1.28856E-4
3268	-5.3871E-4
3270	-8.86565E-4
3272	8.05804E-5
3274	-2.64274E-4
3276	1.14871E-4
3278	5.13017E-4
3280	3.07162E-4
3282	6.40307E-4
3284	-5.36547E-4
3286	-5.68402E-4
3288	7.46744E-4
3290	0.00102
3292	-9.39657E-5
3294	-4.8682E-4
3296	5.51325E-4
3298	0.00133
3300	8.73691E-4
3302	4.60894E-4
3304	6.64097E-4
3306	0.00135
3308	9.68502E-4
3310	1.94705E-4
3312	3.93908E-4
3314	-1.48889E-4
3316	2.70314E-4
3318	0.00141
3320	2.01719E-4
3322	-0.0016
3324	-7.27875E-4
3326	6.63328E-4
3328	0.03614
3330	0.12365
3332	0.24038
3334	0.36721
3336	0.49185
3338	0.61006
3340	0.71687
3342	0.81363
3344	0.89944
3346	0.95468
3348	0.94737
3350	0.89588
3352	0.8213
3354	0.74077
3356	0.65922
3358	0.58226
3360	0.51235
3362	0.44759
3364	0.39057
3366	0.34065
3368	0.29708
3370	0.25961
3372	0.22653
3374	0.1991
3376	0.17605
3378	0.15668
3380	0.13848
3382	0.12417
3384	0.11281
3386	0.10188
3388	0.09207
3390	0.08387
3392	0.07712
3394	0.07174
3396	0.06595
3398	0.06219
3400	0.0587
3402	0.05476
3404	0.05186
3406	0.04799
3408	0.04439
3410	0.04164
3412	0.03813
3414	0.03578
3416	0.03296
3418	0.02909
3420	0.02706
3422	0.02398
3424	0.022
3426	0.02045
3428	0.01866
3430	0.01786
3432	0.01784
3434	0.01698
3436	0.01595
3438	0.01541
3440	0.01379
3442	0.01408
3444	0.01242
3446	0.01113
3448	0.01053
3450	0.0101
3452	0.00883
3454	0.00829
3456	0.00892
3458	0.00974
3460	0.01017
3462	0.0089
3464	0.00791
3466	0.0072
3468	0.00773
3470	0.00786
3472	0.008
3474	0.0096
3476	0.01102
3478	0.01079
3480	0.0095
3482	0.00867
3484	0.00948
3486	0.00911
3488	0.00877
3490	0.00873
3492	0.00888
3494	0.00886
3496	0.00859
3498	0.00776
3500	0.00708
3502	0.00672
3504	0.00694
3506	0.00719
3508	0.00675
3510	0.00598
3512	0.0053
3514	0.00507
3516	0.00486
3518	0.00568
3520	0.0053
3522	0.00497
3524	0.00559
3526	0.0049
3528	0.00389
3530	0.00403
3532	0.00406
3534	0.00505
3536	0.00651
3538	0.00574
3540	0.00577
3542	0.00518
3544	0.00516
3546	0.00546
3548	0.00611
3550	0.00438
3552	0.00409
3554	0.00432
3556	0.00326
3558	0.00324
3560	0.00326
3562	0.00349
3564	0.00408
3566	0.00476
3568	0.00401
3570	0.00315
3572	0.00377
3574	0.00483
3576	0.00483
3578	0.00482
3580	0.00553
3582	0.00454
3584	0.0035
3586	0.00301
3588	0.00308
3590	0.00337
3592	0.00306
3594	0.00235
3596	0.00268
3598	0.00349
3600	0.00208
3602	7.72514E-4
3604	4.97823E-4
3606	3.84132E-4
3608	0.00134
3610	7.15751E-4
3612	2.6906E-4
3614	-2.3631E-5
3616	2.80678E-4
3618	6.14987E-4
3620	7.49297E-4
3622	8.22606E-4
3624	0.00149
3626	0.00107
3628	1.11533E-4
3630	4.94843E-4
3632	0.00127
3634	0.00152
3636	0.00188
3638	4.97559E-4
3640	-3.82742E-5
3642	-5.86107E-4
3644	-3.04941E-4
3646	1.80226E-4
3648	-6.88607E-4
3650	-4.0844E-4
3652	-5.61273E-4
3654	-5.35107E-4
3656	-0.00137
3658	-0.00304
3660	-0.00348
3662	-0.00211
3664	-0.00235
3666	-0.0025
3668	-0.00307
3670	-0.0031
3672	-0.00222
3674	-0.00204
3676	-0.00138
3678	-0.00213
3680	-0.00182
3682	-9.56771E-4
3684	-3.1682E-4
3686	-3.5741E-4
3688	-0.00225
3690	-0.0027
3692	-0.0028
3694	-0.0028
3696	-0.00313
3698	-0.00291
3700	-0.00155
3702	-0.00154
3704	-0.00223
3706	-0.00136
3708	-0.00222
3710	-0.0016
3712	-0.00144
3714	-0.00112
3716	-6.35265E-4
3718	-5.08855E-4
3720	-7.45445E-4
3722	-0.00108
3724	6.13739E-5
3726	7.19784E-4
3728	0.03304
3730	0.12084
3732	0.23953
3734	0.36815
3736	0.49266
3738	0.61022
3740	0.71786
3742	0.81483
3744	0.90267
3746	0.96289
3748	0.9597
3750	0.90804
3752	0.83219
3754	0.75046
3756	0.66872
3758	0.59225
3760	0.52139
3762	0.45561
3764	0.39741
3766	0.34644
3768	0.30156
3770	0.26283
3772	0.22917
3774	0.2013
3776	0.17699
3778	0.15373
3780	0.13575
3782	0.12119
3784	0.10771
3786	0.09762
3788	0.08802
3790	0.0808
3792	0.07385
3794	0.06813
3796	0.06179
3798	0.05704
3800	0.05276
3802	0.04866
3804	0.04454
3806	0.04147
3808	0.03824
3810	0.03509
3812	0.03323
3814	0.03179
3816	0.0295
3818	0.0277
3820	0.02572
3822	0.02365
3824	0.02207
3826	0.02076
3828	0.01899
3830	0.01768
3832	0.01676
3834	0.01533
3836	0.01341
3838	0.01255
3840	0.01204
3842	0.0115
3844	0.01161
3846	0.0118
3848	0.01021
3850	0.00884
3852	0.00833
3854	0.0079
3856	0.00825
3858	0.0069
3860	0.00608
3862	0.00573
3864	0.0054
3866	0.00434
3868	0.00446
3870	0.00588
3872	0.00616
3874	0.00585
3876	0.00623
3878	0.00494
3880	0.00395
3882	0.00389
3884	0.00289
3886	0.002
3888	0.00253
3890	0.00302
3892	0.00432
3894	0.00413
3896	0.00323
3898	0.00207
3900	0.00213
3902	0.00284
3904	0.00218
3906	0.00256
3908	0.00252
3910	0.00178
3912	0.00203
3914	0.00151
3916	0.00107
3918	-7.86293E-4
3920	-0.00108
3922	-4.82164E-4
3924	2.16401E-4
3926	0.00111
3928	6.53531E-4
3930	2.52095E-4
3932	-1.7234E-4
3934	-5.26775E-4
3936	-5.2721E-4
3938	-8.74646E-4
3940	-5.25081E-4
3942	2.21484E-4
3944	-2.54951E-4
3946	7.66133E-5
3948	3.91781E-5
3950	8.35743E-4
3952	0.00116
3954	2.55872E-4
3956	-0.00104
3958	-4.91998E-4
3960	9.68567E-4
3962	5.82131E-4
3964	0.00108
3966	0.00229
3968	0.00151
3970	0.00135
3972	0.00151
3974	0.00342
3976	0.00412
3978	0.00392
3980	0.0034
3982	0.00291
3984	0.00304
3986	0.00376
3988	0.00356
3990	0.00289
3992	0.00282
3994	0.0033
3996	0.00339
3998	0.00221
4000	0.00291
4002	0.00284
4004	0.00232
4006	0.00222
4008	0.00198
4010	0.00115
4012	0.00125
4014	0.00195
4016	0.00263
4018	0.00166
4020	0.00162
4022	0.00198
4024	0.00275
4026	0.00356
4028	0.00286
4030	0.00327
4032	0.00402
4034	0.00452
4036	0.00486
4038	0.0045
4040	0.00293
4042	0.00342
4044	0.00362
4046	0.0031
4048	0.00225
4050	4.29558E-4
4052	-1.19968E-4
4054	-2.49495E-4
4056	-9.09022E-4
4058	-0.00178
4060	-0.00167
4062	-2.30602E-4
4064	-3.21129E-4
4066	-8.16923E-4
4068	-8.42918E-4
4070	3.93088E-4
4072	2.61094E-4
4074	8.76099E-4
4076	0.00205
4078	5.1111E-4
4080	2.54116E-4
4082	3.91213E-5
4084	1.30127E-4
4086	5.07132E-4
4088	5.21379E-5
4090	-4.60857E-4
4092	-6.25851E-4
4094	-9.14845E-4
4096	-0.00141
4098	-0.00146
4100	-0.00171
4102	-0.0016
4104	-0.00139
4106	-0.00214
4108	-9.99807E-4
4110	-0.0015
4112	-0.00199
4114	-0.00121
4116	-1.70408E-4
4118	4.12377E-4
4120	-4.18838E-4
4122	-8.67052E-4
4124	-5.43267E-4
4126	5.20519E-4
4128	0.02893
4130	0.11301
4132	0.23012
4134	0.35951
4136	0.4887
4138	0.60816
4140	0.7168
4142	0.8146
4144	0.90339
4146	0.96703
4148	0.9678
4150	0.91874
4152	0.84439
4154	0.76187
4156	0.67865
4158	0.59903
4160	0.5267
4162	0.4615
4164	0.40232
4166	0.35096
4168	0.30664
4170	0.26686
4172	0.23302
4174	0.20305
4176	0.17755
4178	0.1568
4180	0.13776
4182	0.12231
4184	0.11037
4186	0.09944
4188	0.09095
4190	0.08248
4192	0.07591
4194	0.06969
4196	0.06386
4198	0.05813
4200	0.054
4202	0.04901
4204	0.04436
4206	0.04047
4208	0.03626
4210	0.03333
4212	0.02989
4214	0.02736
4216	0.02514
4218	0.02488
4220	0.02413
4222	0.02268
4224	0.02106
4226	0.01933
4228	0.01788
4230	0.01744
4232	0.01659
4234	0.01559
4236	0.01507
4238	0.01357
4240	0.01192
4242	0.01172
4244	0.01048
4246	0.00949
4248	0.00786
4250	0.00796
4252	0.00855
4254	0.00808
4256	0.00749
4258	0.00654
4260	0.00608
4262	0.00732
4264	0.00788
4266	0.00646
4268	0.00542
4270	0.00594
4272	0.00615
4274	0.00449
4276	0.00504
4278	0.00509
4280	0.00437
4282	0.00421
4284	0.00477
4286	0.00349
4288	0.00297
4290	0.00339
4292	0.00388
4294	0.00318
4296	0.0034
4298	0.00452
4300	0.00432
4302	0.00386
4304	0.00389
4306	0.00343
4308	0.00276
4310	0.00261
4312	0.00263
4314	0.00249
4316	0.00112
4318	0.00142
4320	0.00248
4322	0.00225
4324	0.00281
4326	0.00243
4328	0.0011
4330	-6.0293E-4
4332	-3.91867E-4
4334	-2.16803E-4
4336	1.8526E-4
4338	5.79324E-4
4340	1.25387E-4
4342	-5.14549E-4
4344	-6.28486E-4
4346	-5.44422E-4
4348	-4.9359E-5
4350	-5.76296E-4
4352	-1.62232E-4
4354	0.00116
4356	9.61895E-4
4358	2.92958E-4
4360	-5.90978E-4
4362	2.89085E-4
4364	7.59149E-4
4366	4.17212E-4
4368	-5.64724E-4
4370	-0.00122
4372	-0.00145
4374	-0.00108
4376	-0.00112
4378	-5.44407E-4
4380	6.29656E-4
4382	2.2672E-4
4384	6.87831E-5
4386	-8.42153E-4
4388	-5.5309E-4
4390	-4.99027E-4
4392	-0.0012
4394	-0.00227
4396	-0.00333
4398	-0.00406
4400	-0.0028
4402	-0.00226
4404	-0.00259
4406	-0.00205
4408	-0.00158
4410	-5.50266E-4
4412	-4.25274E-4
4414	-2.69282E-4
4416	-0.00128
4418	-0.00134
4420	-0.00203
4422	-0.00281
4424	-0.00337
4426	-0.0037
4428	-0.00369
4430	-0.00424
4432	-0.00484
4434	-0.00476
4436	-0.00446
4438	-0.00437
4440	-0.00588
4442	-0.00454
4444	-0.00462
4446	-0.00549
4448	-0.00521
4450	-0.0054
4452	-0.00473
4454	-0.00451
4456	-0.00386
4458	-0.00457
4460	-0.00398
4462	-0.00458
4464	-0.00401
4466	-0.00311
4468	-0.00288
4470	-0.00304
4472	-0.00275
4474	-0.00285
4476	-0.00221
4478	-0.00146
4480	-0.00163
4482	-0.0018
4484	-0.00187
4486	-0.0022
4488	-0.0027
4490	-0.00225
4492	-0.00231
4494	-0.00154
4496	-6.19424E-4
4498	-8.03786E-4
4500	-4.01149E-4
4502	2.14489E-4
4504	-5.58737E-5
4506	6.40764E-4
4508	4.47401E-4
4510	-9.96119E-6
4512	-7.53237E-5
4514	4.63314E-4
4516	-4.11049E-4
4518	-2.54411E-4
4520	-8.98774E-4
4522	-0.00151
4524	-0.00129
4526	-0.00179
4528	0.02241
4530	0.10206
4532	0.21696
4534	0.34593
4536	0.47573
4538	0.59673
4540	0.70693
4542	0.80717
4544	0.89645
4546	0.9637
4548	0.97048
4550	0.92552
4552	0.85309
4554	0.76868
4556	0.68434
4558	0.60475
4560	0.53155
4562	0.46441
4564	0.40598
4566	0.35366
4568	0.3073
4570	0.2683
4572	0.23533
4574	0.20643
4576	0.17916
4578	0.15594
4580	0.13753
4582	0.12186
4584	0.1091
4586	0.09833
4588	0.08888
4590	0.07982
4592	0.07263
4594	0.06601
4596	0.0595
4598	0.05526
4600	0.05065
4602	0.04682
4604	0.043
4606	0.03896
4608	0.03556
4610	0.03259
4612	0.02975
4614	0.02781
4616	0.02554
4618	0.02249
4620	0.01974
4622	0.01751
4624	0.01684
4626	0.01591
4628	0.01391
4630	0.01328
4632	0.01273
4634	0.01159
4636	0.00964
4638	0.00768
4640	0.00613
4642	0.00558
4644	0.00421
4646	0.00264
4648	0.00294
4650	0.00276
4652	0.0022
4654	0.00236
4656	0.00176
4658	9.02926E-4
4660	0.00185
4662	4.81155E-4
4664	-5.3373E-4
4666	-0.00133
4668	-0.00196
4670	-0.00133
4672	-0.0018
4674	-0.00117
4676	-1.65043E-4
4678	-1.44928E-4
4680	-9.76813E-4
4682	-0.00123
4684	-9.00584E-4
4686	-0.00147
4688	-0.0011
4690	-7.4224E-4
4692	-4.22126E-4
4694	-1.52011E-4
4696	-4.38897E-4
4698	-0.00164
4700	-6.81667E-4
4702	-5.55553E-4
4704	-0.00116
4706	-0.0021
4708	-0.00205
4710	-0.00143
4712	-0.00215
4714	-0.00261
4716	-0.00295
4718	-0.0028
4720	-0.00291
4722	-0.0027
4724	-0.00197
4726	-0.00327
4728	-0.00411
4730	-0.00378
4732	-0.0028
4734	-0.00301
4736	-0.00231
4738	-0.0014
4740	-0.00118
4742	1.1174E-4
4744	-4.99146E-4
4746	-0.00162
4748	-0.00116
4750	4.11984E-5
4752	2.313E-6
4754	0.00103
4756	0.00106
4758	-2.48343E-4
4760	-3.79229E-4
4762	3.26886E-4
4764	4.81001E-4
4766	5.88115E-4
4768	1.7323E-4
4770	7.05345E-4
4772	0.00123
4774	0.00121
4776	-3.96312E-4
4778	-3.72197E-4
4780	5.62918E-4
4782	9.92032E-4
4784	-1.35853E-4
4786	-3.36738E-4
4788	0.00143
4790	0.00136
4792	5.17605E-4
4794	-4.3028E-4
4796	4.98347E-5
4798	4.56949E-4
4800	4.37064E-4
4802	3.40179E-4
4804	-9.87068E-5
4806	-5.78592E-4
4808	-2.26478E-4
4810	-6.53629E-5
4812	-1.51248E-4
4814	-1.70134E-4
4816	-1.23019E-4
4818	7.24096E-4
4820	7.8321E-4
4822	4.59325E-4
4824	-3.25561E-4
4826	-6.75446E-4
4828	-3.19331E-4
4830	0.00125
4832	0.00212
4834	0.00244
4836	0.002
4838	6.72419E-5
4840	2.29356E-4
4842	3.74471E-4
4844	1.09586E-4
4846	-1.973E-4
4848	-9.93185E-4
4850	-0.0018
4852	-0.00163
4854	-0.00127
4856	-0.00135
4858	-4.80612E-4
4860	-1.86497E-4
4862	-3.92383E-4
4864	-4.31268E-4
4866	9.52847E-4
4868	0.00241
4870	0.00235
4872	8.0519E-4
4874	2.88305E-4
4876	1.6842E-4
4878	-1.70049E-4
4880	-4.62733E-4
4882	-5.85416E-4
4884	-8.64099E-4
4886	-0.00182
4888	-0.00197
4890	-0.00344
4892	-0.00346
4894	-0.0023
4896	-0.00171
4898	-0.00161
4900	-0.0011
4902	-7.71249E-4
4904	-8.52932E-4
4906	-2.91616E-4
4908	-2.43299E-4
4910	-7.32982E-4
4912	-7.05666E-4
4914	-9.28349E-4
4916	1.35968E-4
4918	3.64284E-4
4920	-2.61399E-4
4922	-8.26082E-4
4924	-0.00187
4926	-0.00163
4928	0.02131
4930	0.09847
4932	0.21166
4934	0.34129
4936	0.46958
4938	0.58843
4940	0.6978
4942	0.79689
4944	0.88414
4946	0.95392
4948	0.9652
4950	0.92358
4952	0.85268
4954	0.77092
4956	0.6866
4958	0.6076
4960	0.53383
4962	0.46708
4964	0.40839
4966	0.35556
4968	0.30946
4970	0.26927
4972	0.23477
4974	0.20471
4976	0.17978
4978	0.15698
4980	0.13831
4982	0.12294
4984	0.11069
4986	0.09991
4988	0.08921
4990	0.07969
4992	0.0724
4994	0.06658
4996	0.05995
4998	0.05546
5000	0.05189
5002	0.0483
5004	0.04317
5006	0.03955
5008	0.03654
5010	0.03408
5012	0.03138
5014	0.02906
5016	0.02675
5018	0.02577
5020	0.02323
5022	0.02193
5024	0.02199
5026	0.02116
5028	0.01983
5030	0.01776
5032	0.01557
5034	0.0134
5036	0.01136
5038	0.01021
5040	0.00988
5042	0.00969
5044	0.00902
5046	0.00855
5048	0.00651
5050	0.00654
5052	0.00584
5054	0.00394
5056	0.00226
5058	9.97734E-4
5060	-1.1325E-4
5062	-5.21234E-4
5064	-4.39219E-4
5066	-0.00106
5068	-0.00119
5070	-0.00156
5072	-0.00211
5074	-0.00138
5076	-0.00188
5078	-0.0017
5080	-7.01398E-4
5082	2.73275E-4
5084	6.06948E-4
5086	5.56621E-4
5088	0.00142
5090	0.00126
5092	4.86394E-5
5094	5.29312E-4
5096	5.79852E-5
5098	-5.22342E-4
5100	-3.15669E-4
5102	4.50039E-5
5104	2.93677E-4
5106	6.4635E-4
5108	-8.29977E-4
5110	-6.38304E-4
5112	2.04368E-4
5114	0.00156
5116	0.00193
5118	0.00103
5120	0.0011
5122	0.00157
5124	0.00196
5126	8.01006E-4
5128	-0.0012
5130	5.15466E-5
5132	8.13317E-4
5134	0.00217
5136	0.00183
5138	0.00174
5140	5.45397E-4
5142	-7.25833E-4
5144	-0.00114
5146	1.64708E-4
5148	-6.85222E-5
5150	0.00108
5152	6.47018E-4
5154	3.10788E-4
5156	-2.06442E-4
5158	-6.63672E-4
5160	5.69099E-4
5162	5.47869E-4
5164	2.2925E-4
5166	4.73789E-4
5168	0.00142
5170	-3.91326E-5
5172	-2.63593E-4
5174	3.71946E-4
5176	1.01485E-4
5178	1.32024E-4
5180	4.40563E-4
5182	1.80102E-4
5184	-3.56359E-4
5186	1.3618E-4
5188	0.0013
5190	0.00136
5192	0.00188
5194	0.00169
5196	-7.9124E-5
5198	-0.00107
5200	-0.00103
5202	-2.41507E-4
5204	-0.00119
5206	-0.00138
5208	-0.00131
5210	3.8665E-4
5212	0.00125
5214	1.80075E-4
5216	-2.84771E-4
5218	-0.00104
5220	9.95387E-5
5222	8.69693E-4
5224	3.58479E-5
5226	5.97003E-4
5228	3.37157E-4
5230	5.98312E-4
5232	0.00127
5234	5.90621E-4
5236	-0.00109
5238	-7.6707E-4
5240	4.08492E-6
5242	0.00108
5244	-6.26058E-5
5246	-8.51451E-4
5248	-8.86297E-4
5250	-5.77142E-4
5252	-0.00181
5254	-0.00269
5256	-0.00248
5258	-0.00264
5260	-0.00245
5262	-0.00305
5264	-0.00282
5266	-0.0011
5268	1.44079E-4
5270	-8.46063E-5
5272	1.30708E-4
5274	6.10223E-5
5276	-6.98663E-4
5278	-8.14349E-4
5280	-7.46035E-4
5282	-0.0012
5284	-4.70406E-4
5286	-7.11092E-4
5288	-9.47778E-4
5290	-5.73463E-4
5292	-0.00102
5294	-4.60835E-4
5296	-8.3952E-4
5298	-0.0016
5300	-0.00172
5302	-0.00165
5304	-0.00199
5306	-0.00225
5308	-0.00284
5310	-0.00322
5312	-0.00269
5314	-0.00302
5316	-0.00346
5318	-0.00269
5320	-0.00202
5322	-0.00269
5324	-0.00277
5326	-0.00244
5328	0.01821
5330	0.09149
5332	0.20169
5334	0.32916
5336	0.45646
5338	0.57575
5340	0.68432
5342	0.78404
5344	0.87301
5346	0.94328
5348	0.95841
5350	0.91769
5352	0.84788
5354	0.76672
5356	0.68524
5358	0.60539
5360	0.53225
5362	0.4664
5364	0.40902
5366	0.35756
5368	0.31243
5370	0.27158
5372	0.23679
5374	0.20762
5376	0.18115
5378	0.16006
5380	0.14126
5382	0.12566
5384	0.11271
5386	0.10011
5388	0.08981
5390	0.08159
5392	0.07392
5394	0.06719
5396	0.06095
5398	0.05637
5400	0.05215
5402	0.04849
5404	0.04564
5406	0.04244
5408	0.03838
5410	0.03609
5412	0.03349
5414	0.03119
5416	0.02768
5418	0.02493
5420	0.02398
5422	0.02238
5424	0.0197
5426	0.01837
5428	0.01788
5430	0.01715
5432	0.01637
5434	0.01566
5436	0.01599
5438	0.01549
5440	0.0142
5442	0.01346
5444	0.01377
5446	0.01258
5448	0.01109
5450	0.01031
5452	0.00944
5454	0.00981
5456	0.00942
5458	0.00775
5460	0.0067
5462	0.00725
5464	0.00843
5466	0.00808
5468	0.00772
5470	0.0064
5472	0.00574
5474	0.00491
5476	0.00481
5478	0.00538
5480	0.00419
5482	0.00366
5484	0.00341
5486	0.00296
5488	0.00325
5490	0.00256
5492	0.00236
5494	0.00231
5496	0.00243
5498	0.00202
5500	0.00223
5502	0.00183
5504	9.08277E-4
5506	0.00169
5508	0.00112
5510	5.25448E-4
5512	3.55506E-4
5514	0.00133
5516	0.0016
5518	7.42677E-4
5520	-3.22659E-5
5522	9.11791E-4
5524	0.00127
5526	0.00112
5528	6.69963E-4
5530	2.6802E-4
5532	2.61077E-4
5534	-7.86608E-6
5536	-7.05809E-4
5538	-3.66752E-4
5540	-6.72695E-4
5542	-1.44638E-4
5544	5.7942E-4
5546	0.00215
5548	0.00286
5550	0.00304
5552	0.00378
5554	0.00422
5556	0.00301
5558	0.00168
5560	0.00167
5562	0.00165
5564	0.00177
5566	0.00155
5568	0.00186
5570	0.00163
5572	-1.53802E-4
5574	-0.00111
5576	-9.78655E-4
5578	-0.00134
5580	-0.00109
5582	-0.00117
5584	4.16386E-5
5586	0.00127
5588	6.51785E-4
5590	5.15359E-4
5592	4.35932E-4
5594	-1.03747E-4
5596	-2.80539E-5
5598	-1.65361E-4
5600	9.10332E-4
5602	-1.82975E-4
5604	-9.37282E-4
5606	-4.93589E-4
5608	5.58104E-4
5610	-7.72029E-5
5612	4.6349E-4
5614	-1.18169E-5
5616	1.93876E-4
5618	0.00104
5620	7.68262E-4
5622	5.49551E-5
5624	-2.63519E-5
5626	-3.36659E-4
5628	-5.38966E-4
5630	1.30727E-4
5632	-3.5858E-4
5634	-6.76887E-4
5636	3.69806E-4
5638	8.44991E-5
5640	-0.00101
5642	-0.00118
5644	-9.14198E-4
5646	4.90734E-4
5648	9.12666E-4
5650	1.20598E-4
5652	1.78531E-4
5654	2.19463E-4
5656	5.85395E-4
5658	3.95327E-4
5660	-5.26741E-4
5662	-8.30809E-4
5664	-0.00103
5666	-0.00161
5668	-0.00131
5670	-0.00133
5672	-9.55148E-4
5674	-6.02216E-4
5676	-6.04284E-4
5678	-0.00136
5680	-0.00121
5682	-7.19488E-4
5684	-6.74556E-4
5686	-5.65624E-4
5688	-0.00109
5690	6.81057E-4
5692	0.00177
5694	9.81079E-4
5696	7.9059E-4
5698	-1.16899E-4
5700	7.45612E-4
5702	6.80123E-4
5704	0.00152
5706	0.00195
5708	0.0016
5710	0.00139
5712	5.40678E-4
5714	-2.76811E-4
5716	-3.173E-4
5718	-2.74789E-4
5720	-0.00118
5722	-8.80767E-4
5724	-0.00111
5726	-0.00192
5728	0.0145
5730	0.08445
5732	0.19277
5734	0.31662
5736	0.44226
5738	0.56093
5740	0.67015
5742	0.76825
5744	0.85589
5746	0.9242
5748	0.94048
5750	0.9032
5752	0.83647
5754	0.75726
5756	0.67628
5758	0.59916
5760	0.52681
5762	0.46062
5764	0.40191
5766	0.34995
5768	0.30644
5770	0.26798
5772	0.23278
5774	0.20217
5776	0.17551
5778	0.15372
5780	0.1355
5782	0.12022
5784	0.10735
5786	0.09547
5788	0.08566
5790	0.07796
5792	0.07122
5794	0.06503
5796	0.0593
5798	0.05384
5800	0.04885
5802	0.04384
5804	0.0387
5806	0.03603
5808	0.03283
5810	0.03061
5812	0.02931
5814	0.02688
5816	0.02488
5818	0.023
5820	0.0211
5822	0.01872
5824	0.01754
5826	0.01658
5828	0.01534
5830	0.01376
5832	0.01352
5834	0.01407
5836	0.0128
5838	0.01204
5840	0.01148
5842	0.01039
5844	0.00875
5846	0.00813
5848	0.00634
5850	0.00726
5852	0.00823
5854	0.00904
5856	0.00874
5858	0.00652
5860	0.00644
5862	0.00638
5864	0.00667
5866	0.00711
5868	0.0075
5870	0.00646
5872	0.00639
5874	0.00611
5876	0.0069
5878	0.0063
5880	0.00589
5882	0.00545
5884	0.00446
5886	0.00419
5888	0.00422
5890	0.0044
5892	0.00485
5894	0.00466
5896	0.00346
5898	0.00318
5900	0.0034
5902	0.00203
5904	0.00156
5906	0.00112
5908	-4.66885E-5
5910	-7.95353E-4
5912	-0.0018
5914	-8.12682E-4
5916	-2.51347E-4
5918	4.96989E-4
5920	-5.76676E-4
5922	-4.9334E-4
5924	-1.98005E-4
5926	9.18331E-4
5928	5.36666E-4
5930	3.09002E-4
5932	-0.00144
5934	-0.00252
5936	-6.85992E-4
5938	-7.62656E-4
5940	-0.00133
5942	-0.00165
5944	-0.00183
5946	-0.00187
5948	-0.00104
5950	3.74356E-4
5952	0.00119
5954	0.00102
5956	3.33363E-4
5958	0.0013
5960	0.00196
5962	0.00157
5964	0.00264
5966	0.00371
5968	0.00402
5970	0.00403
5972	0.00267
5974	0.0016
5976	0.00214
5978	0.00192
5980	0.00113
5982	0.00124
5984	0.002
5986	0.00234
5988	0.0021
5990	0.00181
5992	0.00178
5994	0.00265
5996	0.00304
5998	0.00394
6000	0.00328
6002	0.00185
6004	0.00149
6006	0.00123
6008	0.00111
6010	0.00119
6012	6.45756E-4
6014	0.00161
6016	0.00132
6018	2.49763E-4
6020	-9.36902E-4
6022	-0.00128
6024	-0.00131
6026	-6.51212E-4
6028	5.00741E-4
6030	3.98694E-4
6032	4.49646E-4
6034	-5.77401E-4
6036	-0.00186
6038	-0.002
6040	-7.29543E-4
6042	-0.00107
6044	-0.00124
6046	-1.38685E-4
6048	-5.42733E-4
6050	-4.0578E-4
6052	4.70173E-4
6054	4.28125E-4
6056	1.51078E-4
6058	7.7003E-4
6060	0.00108
6062	9.46936E-4
6064	4.68888E-4
6066	-1.65159E-4
6068	-5.12065E-5
6070	-3.03254E-4
6072	1.45342E-4
6074	2.97234E-4
6076	-6.69874E-4
6078	-5.33982E-4
6080	-0.00114
6082	-6.33198E-4
6084	-9.63306E-4
6086	-0.00135
6088	-0.00201
6090	-0.00147
6092	-0.00156
6094	-0.00145
6096	-0.00175
6098	-0.00209
6100	-0.00205
6102	-0.00196
6104	-0.00204
6106	-0.00144
6108	-0.00215
6110	-0.00261
6112	-0.00265
6114	-0.00148
6116	-0.00194
6118	-0.0013
6120	-6.26132E-4
6122	-2.07109E-4
6124	-5.55087E-4
6126	-0.00235
6128	0.01103
6130	0.07617
6132	0.18116
6134	0.30399
6136	0.42858
6138	0.54616
6140	0.65339
6142	0.75102
6144	0.83912
6146	0.91198
6148	0.93431
6150	0.9005
6152	0.83551
6154	0.75798
6156	0.67874
6158	0.60082
6160	0.52814
6162	0.46393
6164	0.40591
6166	0.35384
6168	0.30807
6170	0.26911
6172	0.23512
6174	0.20391
6176	0.17877
6178	0.15735
6180	0.13929
6182	0.12432
6184	0.11015
6186	0.09751
6188	0.08794
6190	0.07919
6192	0.07126
6194	0.06412
6196	0.05815
6198	0.05348
6200	0.04902
6202	0.04494
6204	0.04028
6206	0.03659
6208	0.03334
6210	0.03019
6212	0.02835
6214	0.02561
6216	0.02361
6218	0.02228
6220	0.02067
6222	0.0193
6224	0.01838
6226	0.01691
6228	0.01645
6230	0.01557
6232	0.01455
6234	0.0141
6236	0.01311
6238	0.01163
6240	0.01016
6242	0.01058
6244	0.01025
6246	0.00892
6248	0.00704
6250	0.00479
6252	0.00373
6254	0.00528
6256	0.00504
6258	0.00362
6260	0.00292
6262	0.00295
6264	0.00372
6266	0.0038
6268	0.00348
6270	0.00249
6272	0.0031
6274	0.00285
6276	0.00283
6278	0.00186
6280	0.00156
6282	5.3042E-4
6284	4.40053E-4
6286	5.92687E-4
6288	-2.16796E-5
6290	3.44954E-4
6292	5.52588E-4
6294	1.86221E-4
6296	2.66855E-4
6298	8.98489E-4
6300	3.66122E-4
6302	-0.00136
6304	-0.00198
6306	-0.00167
6308	-0.00202
6310	-0.002
6312	-0.00191
6314	-0.00158
6316	-0.00107
6318	-2.88175E-4
6320	-3.95542E-4
6322	-0.00128
6324	-0.00104
6326	-0.00122
6328	-0.00181
6330	-0.00269
6332	-0.00272
6334	-0.00295
6336	-0.00317
6338	-0.00368
6340	-0.0034
6342	-0.0016
6344	-0.0013
6346	-6.50305E-4
6348	3.58329E-4
6350	0.00157
6352	6.64596E-4
6354	9.62298E-5
6356	-5.34137E-4
6358	-0.00184
6360	-0.00258
6362	-0.00246
6364	-0.00248
6366	-0.00274
6368	-0.00141
6370	-0.00229
6372	-0.0045
6374	-0.0046
6376	-0.00456
6378	-0.00481
6380	-0.00425
6382	-0.0037
6384	-0.00318
6386	-0.00365
6388	-0.00261
6390	-0.00251
6392	-0.0019
6394	-7.62098E-4
6396	-8.04642E-5
6398	-4.92831E-4
6400	1.58031E-5
6402	-1.03563E-4
6404	-0.00109
6406	-7.38296E-4
6408	-4.4719E-4
6410	-7.41143E-4
6412	5.69042E-5
6414	4.89515E-5
6416	-9.59001E-4
6418	-0.00223
6420	-0.00156
6422	-0.00204
6424	-0.00184
6426	-0.00186
6428	-0.00273
6430	-0.00212
6432	-0.00197
6434	-0.00157
6436	-9.69528E-4
6438	-8.69481E-4
6440	-0.00184
6442	-0.00171
6444	-0.00272
6446	-0.00265
6448	-0.00258
6450	-0.00403
6452	-0.00507
6454	-0.00528
6456	-0.00409
6458	-0.00385
6460	-0.00294
6462	-0.00167
6464	-0.00186
6466	-0.00115
6468	-0.00124
6470	-8.97052E-4
6472	-7.86804E-6
6474	-0.00116
6476	-0.00145
6478	-0.00276
6480	-0.00188
6482	-0.00133
6484	-0.00107
6486	-4.93584E-4
6488	-6.774E-4
6490	-0.00161
6492	-0.00169
6494	-0.00126
6496	-0.00142
6498	-0.00246
6500	-0.00129
6502	-8.31927E-4
6504	-0.00135
6506	-0.00136
6508	-0.00138
6510	-0.00315
6512	-0.004
6514	-0.00395
6516	-0.00291
6518	-0.00238
6520	-0.00214
6522	-0.00167
6524	-0.00192
6526	-0.00239
6528	0.0079
6530	0.06629
6532	0.16789
6534	0.28773
6536	0.41208
6538	0.52935
6540	0.63777
6542	0.73707
6544	0.82472
6546	0.89778
6548	0.92548
6550	0.89775
6552	0.8367
6554	0.76069
6556	0.68085
6558	0.60326
6560	0.5321
6562	0.46781
6564	0.40888
6566	0.35758
6568	0.312
6570	0.2724
6572	0.23757
6574	0.20796
6576	0.18257
6578	0.16089
6580	0.14238
6582	0.12573
6584	0.11208
6586	0.10025
6588	0.08978
6590	0.08222
6592	0.07522
6594	0.06774
6596	0.06194
6598	0.05807
6600	0.05418
6602	0.04987
6604	0.04622
6606	0.0428
6608	0.0392
6610	0.03659
6612	0.03306
6614	0.03081
6616	0.02844
6618	0.0269
6620	0.02598
6622	0.02412
6624	0.02268
6626	0.02097
6628	0.01876
6630	0.01635
6632	0.01554
6634	0.01433
6636	0.01304
6638	0.01292
6640	0.01186
6642	0.00963
6644	0.00926
6646	0.00978
6648	0.00964
6650	0.0093
6652	0.00904
6654	0.00826
6656	0.00753
6658	0.00586
6660	0.00583
6662	0.00596
6664	0.00458
6666	0.00436
6668	0.00395
6670	0.00467
6672	0.00522
6674	0.00562
6676	0.0059
6678	0.00527
6680	0.00501
6682	0.00525
6684	0.00655
6686	0.00676
6688	0.00604
6690	0.00536
6692	0.00416
6694	0.00413
6696	0.0036
6698	0.00435
6700	0.00318
6702	0.00345
6704	0.00227
6706	0.00183
6708	8.78167E-4
6710	8.31173E-4
6712	0.00157
6714	0.00194
6716	0.00174
6718	9.11199E-4
6720	0.00157
6722	0.00171
6724	9.74218E-4
6726	9.89225E-4
6728	0.00135
6730	0.00174
6732	0.00205
6734	0.0034
6736	0.00252
6738	0.00289
6740	0.00232
6742	0.00108
6744	0.00198
6746	0.00242
6748	0.00255
6750	0.00259
6752	0.00152
6754	7.15315E-4
6756	5.32322E-4
6758	-5.15672E-4
6760	-5.26654E-5
6762	9.43341E-4
6764	0.00169
6766	0.00178
6768	9.6536E-4
6770	8.93367E-4
6772	5.06373E-4
6774	5.8538E-4
6776	-3.89614E-4
6778	-0.00119
6780	-0.00162
6782	-8.04594E-4
6784	-4.51588E-4
6786	-0.00141
6788	-0.00106
6790	-0.00161
6792	-0.00162
6794	-8.3914E-4
6796	-0.00107
6798	-0.00116
6800	-4.60343E-4
6802	-2.06077E-4
6804	-3.74811E-4
6806	3.14544E-5
6808	3.8672E-4
6810	4.84986E-4
6812	5.92252E-4
6814	0.00114
6816	5.96783E-4
6818	6.78049E-4
6820	2.75315E-4
6822	-2.1642E-4
6824	4.73846E-4
6826	0.00102
6828	5.40378E-4
6830	-8.61357E-4
6832	-4.83091E-4
6834	-4.46825E-4
6836	-8.87559E-4
6838	-0.00108
6840	-0.00153
6842	-0.0024
6844	-0.00301
6846	-9.98987E-4
6848	2.33219E-4
6850	-5.82575E-4
6852	-4.1537E-4
6854	0.00161
6856	0.00193
6858	0.00154
6860	5.00454E-4
6862	2.2466E-4
6864	-0.00126
6866	-0.00118
6868	-4.68722E-4
6870	-0.00102
6872	-0.00107
6874	-0.00118
6876	-0.00134
6878	-0.00145
6880	-0.00167
6882	-0.00166
6884	-0.00215
6886	-0.0024
6888	-0.00187
6890	-0.00168
6892	-0.00174
6894	-0.00237
6896	-0.00186
6898	-0.00144
6900	-0.00161
6902	-4.32181E-4
6904	1.97933E-4
6906	4.80543E-8
6908	7.15163E-4
6910	0.00165
6912	0.00109
6914	2.10507E-4
6916	-4.43787E-5
6918	-0.00159
6920	-0.00157
6922	-0.00182
6924	-0.00159
6926	-0.00179
6928	0.00703
6930	0.06157
6932	0.161
6934	0.27977
6936	0.40163
6938	0.51879
6940	0.62593
6942	0.7237
6944	0.81156
6946	0.88494
6948	0.91631
6950	0.88958
6952	0.82939
6954	0.75381
6956	0.67493
6958	0.59922
6960	0.52771
6962	0.46345
6964	0.40407
6966	0.35279
6968	0.30816
6970	0.26817
6972	0.23413
6974	0.20333
6976	0.1778
6978	0.15663
6980	0.13838
6982	0.12175
6984	0.10819
6986	0.09661
6988	0.08664
6990	0.07808
6992	0.07055
6994	0.06428
6996	0.05788
6998	0.05295
7000	0.04925
7002	0.04451
7004	0.04126
7006	0.03779
7008	0.03354
7010	0.03033
7012	0.02813
7014	0.0263
7016	0.02312
7018	0.01965
7020	0.01876
7022	0.01832
7024	0.01762
7026	0.01718
7028	0.0156
7030	0.01332
7032	0.01142
7034	0.01095
7036	0.01009
7038	0.01022
7040	0.0086
7042	0.00712
7044	0.00688
7046	0.00631
7048	0.00566
7050	0.00489
7052	0.00365
7054	0.00311
7056	0.00453
7058	0.00414
7060	0.00258
7062	0.00143
7064	0.00214
7066	0.00278
7068	0.00157
7070	0.00156
7072	0.00238
7074	0.00175
7076	5.14629E-4
7078	0.00101
7080	0.00216
7082	0.00211
7084	7.16821E-4
7086	0.00119
7088	3.41418E-4
7090	-3.11284E-4
7092	-7.76986E-4
7094	-0.00111
7096	-5.36389E-4
7098	2.99909E-4
7100	-9.90793E-4
7102	-0.00166
7104	-0.00195
7106	-0.00209
7108	-0.00267
7110	-0.00254
7112	-0.00127
7114	-2.61705E-4
7116	-3.81407E-4
7118	-7.09109E-4
7120	-0.00166
7122	-0.00207
7124	-0.00165
7126	-0.0013
7128	-5.59618E-4
7130	4.2668E-4
7132	6.48979E-4
7134	7.52767E-5
7136	-7.41425E-4
7138	-5.24127E-4
7140	-0.00152
7142	-0.00238
7144	-0.00243
7146	-0.00195
7148	-0.00214
7150	-0.00147
7152	-0.00109
7154	-0.00168
7156	-0.00291
7158	-0.00263
7160	-0.00291
7162	-0.00259
7164	-0.00289
7166	-0.00313
7168	-0.00305
7170	-0.00229
7172	-0.00192
7174	-0.00168
7176	-0.00214
7178	-0.00283
7180	-0.00254
7182	-0.00271
7184	-0.00263
7186	-0.00357
7188	-0.00442
7190	-0.00466
7192	-0.00476
7194	-0.00462
7196	-0.00415
7198	-0.00416
7200	-0.0042
7202	-0.00486
7204	-0.00433
7206	-0.00454
7208	-0.0056
7210	-0.00473
7212	-0.00377
7214	-0.00316
7216	-0.00171
7218	-6.12198E-4
7220	6.50998E-5
7222	8.39398E-4
7224	5.90696E-4
7226	-7.30006E-4
7228	-0.00123
7230	-0.001
7232	-0.00112
7234	-0.00135
7236	-0.00121
7238	-3.59216E-4
7240	-0.00113
7242	-7.9862E-4
7244	-0.00121
7246	-0.00168
7248	-0.00229
7250	-0.00209
7252	-0.00168
7254	-0.00271
7256	-0.00335
7258	-0.00385
7260	-0.00344
7262	-0.0031
7264	-0.00415
7266	-0.00417
7268	-0.00341
7270	-0.00247
7272	-0.00222
7274	-0.002
7276	-0.00197
7278	-0.00261
7280	-0.00269
7282	-0.00314
7284	-0.00315
7286	-0.00324
7288	-0.00446
7290	-0.00409
7292	-0.00255
7294	-0.0022
7296	-0.00247
7298	-0.00163
7300	-0.00227
7302	-0.00301
7304	-0.00265
7306	-0.00287
7308	-0.00193
7310	-0.0016
7312	-0.00147
7314	-0.00178
7316	-0.0026
7318	-0.00292
7320	-0.0028
7322	-0.00211
7324	-0.00184
7326	-0.00307
7328	0.00373
7330	0.05346
7332	0.14766
7334	0.26539
7336	0.3878
7338	0.50393
7340	0.60936
7342	0.70488
7344	0.79231
7346	0.86829
7348	0.905
7350	0.88205
7352	0.8252
7354	0.75243
7356	0.67371
7358	0.59773
7360	0.52633
7362	0.46219
7364	0.40413
7366	0.35241
7368	0.30716
7370	0.26827
7372	0.23542
7374	0.20506
7376	0.17872
7378	0.15507
7380	0.13689
7382	0.12161
7384	0.10812
7386	0.09689
7388	0.08722
7390	0.07892
7392	0.07106
7394	0.06352
7396	0.05805
7398	0.05266
7400	0.04923
7402	0.0443
7404	0.04003
7406	0.03847
7408	0.03673
7410	0.0338
7412	0.03128
7414	0.02884
7416	0.0263
7418	0.0247
7420	0.02279
7422	0.02085
7424	0.01995
7426	0.01852
7428	0.01711
7430	0.01602
7432	0.01601
7434	0.01464
7436	0.01324
7438	0.01176
7440	0.01039
7442	0.01097
7444	0.01009
7446	0.00817
7448	0.00793
7450	0.00843
7452	0.00808
7454	0.00732
7456	0.00748
7458	0.00582
7460	0.00631
7462	0.00716
7464	0.00634
7466	0.00638
7468	0.00611
7470	0.00596
7472	0.00456
7474	0.0037
7476	0.00386
7478	0.00452
7480	0.0047
7482	0.0038
7484	0.00311
7486	0.00331
7488	0.00203
7490	0.00226
7492	0.00285
7494	0.00269
7496	0.00178
7498	8.70201E-4
7500	-4.0595E-4
7502	-0.00189
7504	-0.00117
7506	9.08595E-4
7508	5.60444E-4
7510	2.53292E-4
7512	7.00141E-4
7514	5.68989E-4
7516	-7.21625E-5
7518	4.21686E-4
7520	4.15534E-4
7522	7.38286E-6
7524	2.24231E-4
7526	4.0808E-4
7528	1.65928E-4
7530	0.00142
7532	0.00295
7534	0.00394
7536	0.00254
7538	0.00183
7540	0.00285
7542	0.00235
7544	0.0017
7546	0.00247
7548	0.00293
7550	0.00294
7552	0.00317
7554	0.00363
7556	0.00447
7558	0.0043
7560	0.00318
7562	0.00259
7564	0.00187
7566	0.00157
7568	0.00175
7570	0.00299
7572	0.00276
7574	0.00253
7576	0.00109
7578	0.00116
7580	0.00202
7582	0.00169
7584	0.00247
7586	0.00275
7588	0.00241
7590	0.00199
7592	0.00151
7594	0.00168
7596	0.00162
7598	0.002
7600	0.00139
7602	3.21321E-4
7604	-1.47831E-4
7606	3.78018E-4
7608	0.00132
7610	0.00132
7612	0.00203
7614	0.00285
7616	0.00221
7618	7.28109E-4
7620	7.89571E-5
7622	4.87806E-4
7624	3.17654E-4
7626	-6.35498E-4
7628	-8.81649E-4
7630	-6.79801E-4
7632	-0.00117
7634	4.98962E-5
7636	1.66745E-4
7638	4.92593E-4
7640	0.00105
7642	7.5129E-4
7644	-6.34861E-4
7646	-0.00206
7648	-0.00173
7650	-0.00173
7652	-0.00224
7654	-0.00205
7656	-2.36397E-4
7658	-5.09774E-4
7660	-0.00124
7662	-0.00121
7664	-0.00128
7666	-6.39282E-4
7668	5.64341E-4
7670	6.09964E-4
7672	8.91587E-4
7674	9.5721E-4
7676	6.02833E-4
7678	1.95456E-4
7680	-0.00153
7682	-0.00118
7684	2.03325E-4
7686	-1.93052E-4
7688	3.82571E-4
7690	6.33194E-4
7692	-7.12183E-4
7694	-0.00208
7696	-0.00316
7698	-0.00371
7700	-0.00267
7702	-0.00297
7704	-0.00263
7706	-0.00245
7708	-0.00141
7710	-0.00157
7712	-0.00127
7714	-6.53046E-4
7716	-0.00113
7718	-0.0018
7720	-0.00232
7722	-0.00183
7724	-0.00263
7726	-0.0031
7728	0.00136
7730	0.04666
7732	0.13888
7734	0.25316
7736	0.37165
7738	0.48652
7740	0.59334
7742	0.6909
7744	0.77936
7746	0.85411
7748	0.89333
7750	0.8765
7752	0.82138
7754	0.74882
7756	0.67131
7758	0.59582
7760	0.52573
7762	0.46282
7764	0.40449
7766	0.35165
7768	0.30623
7770	0.26715
7772	0.23254
7774	0.20277
7776	0.17716
7778	0.15598
7780	0.13654
7782	0.11935
7784	0.1063
7786	0.09501
7788	0.08448
7790	0.07551
7792	0.06808
7794	0.06156
7796	0.05575
7798	0.05043
7800	0.0459
7802	0.04229
7804	0.03919
7806	0.03555
7808	0.03259
7810	0.02982
7812	0.02736
7814	0.02598
7816	0.02547
7818	0.02348
7820	0.02121
7822	0.01936
7824	0.01793
7826	0.01641
7828	0.01461
7830	0.01327
7832	0.01202
7834	0.01141
7836	0.01027
7838	0.00884
7840	0.00891
7842	0.00899
7844	0.00809
7846	0.00744
7848	0.00714
7850	0.00643
7852	0.00589
7854	0.00496
7856	0.00412
7858	0.00389
7860	0.00385
7862	0.00411
7864	0.0041
7866	0.00283
7868	0.00141
7870	0.00153
7872	0.00176
7874	7.91931E-4
7876	0.00175
7878	0.00133
7880	1.77728E-4
7882	2.98326E-4
7884	6.79925E-4
7886	4.45524E-4
7888	0.00125
7890	0.00253
7892	0.00303
7894	0.00343
7896	0.00323
7898	0.00264
7900	0.00189
7902	0.00221
7904	0.00238
7906	0.00242
7908	0.00103
7910	3.52709E-4
7912	-6.69201E-6
7914	-4.40932E-5
7916	-0.0019
7918	-0.00241
7920	-0.00164
7922	-0.0023
7924	-0.00297
7926	-0.00236
7928	-0.00222
7930	-0.00163
7932	-4.45704E-4
7934	-3.24105E-4
7936	-0.00107
7938	-1.98908E-4
7940	-8.00309E-4
7942	-8.0471E-4
7944	-9.18112E-4
7946	-0.00118
7948	-0.00175
7950	-0.00197
7952	-0.00361
7954	-0.00367
7956	-0.00225
7958	-0.0022
7960	-0.00302
7962	-0.00218
7964	-0.00295
7966	-0.0023
7968	-8.57926E-4
7970	-2.64327E-4
7972	-1.07729E-4
7974	-9.9113E-4
7976	-0.00187
7978	-0.00205
7980	-0.00187
7982	-7.80735E-4
7984	-0.00115
7986	-0.00157
7988	-0.002
7990	-0.00143
7992	-4.87741E-4
7994	-3.66142E-4
7996	-4.71543E-4
7998	-0.00163
8000	-0.0026
8002	-0.00432
8004	-0.0033
8006	-0.00307
8008	-0.00335
8010	-0.00376
8012	-0.00375
8014	-0.00414
8016	-0.00301
8018	-0.00308
8020	-0.00312
8022	-0.00398
8024	-0.00313
8026	-0.00337
8028	-0.00298
8030	-0.0026
8032	-0.00158
8034	-0.00157
8036	-0.00161
8038	-0.00103
8040	-0.00131
8042	-0.00225
8044	-0.00298
8046	-0.00302
8048	-0.00408
8050	-0.00378
8052	-0.00165
8054	-0.00143
8056	-0.00126
8058	-0.0012
8060	-0.00137
8062	-0.00161
8064	-0.00214
8066	-0.0014
8068	-7.76746E-4
8070	-7.87541E-4
8072	-0.00146
8074	-0.00222
8076	-0.00185
8078	-0.00213
8080	-0.00288
8082	-0.00215
8084	-0.00126
8086	-0.0011
8088	-0.00214
8090	-0.00249
8092	-0.00239
8094	-0.00244
8096	-0.00209
8098	-0.00165
8100	-0.00231
8102	-0.0033
8104	-0.0033
8106	-0.00287
8108	-0.00338
8110	-0.00293
8112	-0.00294
8114	-0.00371
8116	-0.00369
8118	-0.00323
8120	-0.00316
8122	-0.00333
8124	-0.00372
8126	-0.00341
8128	-3.99978E-4
8130	0.03892
8132	0.12531
8134	0.23823
8136	0.35784
8138	0.47251
8140	0.57999
8142	0.67632
8144	0.7628
8146	0.83879
8148	0.88604
8150	0.87622
8152	0.82556
8154	0.75482
8156	0.67813
8158	0.60295
8160	0.53167
8162	0.46667
8164	0.40888
8166	0.35664
8168	0.31224
8170	0.27247
8172	0.2378
8174	0.20785
8176	0.18149
8178	0.15895
8180	0.13993
8182	0.12414
8184	0.11024
8186	0.09827
8188	0.08737
8190	0.07853
8192	0.07015
8194	0.064
8196	0.05848
8198	0.0547
8200	0.05018
8202	0.04705
8204	0.04384
8206	0.04005
8208	0.03709
8210	0.03559
8212	0.03271
8214	0.0287
8216	0.02611
8218	0.02446
8220	0.02241
8222	0.02062
8224	0.01945
8226	0.01721
8228	0.01643
8230	0.01576
8232	0.01485
8234	0.01357
8236	0.01298
8238	0.0118
8240	0.01073
8242	0.01081
8244	0.01141
8246	0.01196
8248	0.01146
8250	0.01054
8252	0.00888
8254	0.00824
8256	0.00808
8258	0.00799
8260	0.00815
8262	0.00802
8264	0.00746
8266	0.00588
8268	0.00469
8270	0.00453
8272	0.00506
8274	0.0044
8276	0.00546
8278	0.00601
8280	0.00493
8282	0.00364
8284	0.0041
8286	0.00421
8288	0.00409
8290	0.00391
8292	0.00385
8294	0.0037
8296	0.00331
8298	0.0037
8300	0.00356
8302	0.00298
8304	0.00401
8306	0.00404
8308	0.00242
8310	0.00305
8312	0.00365
8314	0.00348
8316	0.00141
8318	2.77425E-4
8320	1.24175E-4
8322	3.22925E-4
8324	-3.72325E-4
8326	-6.03576E-4
8328	-0.00185
8330	-0.00167
8332	-5.14326E-4
8334	-5.57578E-6
8336	-1.07826E-4
8338	-2.13076E-4
8340	6.7674E-5
8342	-6.98576E-4
8344	-4.25826E-4
8346	2.79924E-4
8348	-0.00123
8350	-0.001
8352	-6.78826E-4
8354	-2.92076E-4
8356	-6.55326E-4
8358	-3.10576E-4
8360	-9.88265E-5
8362	7.53923E-4
8364	-1.49327E-4
8366	-0.00155
8368	-0.00138
8370	-4.48077E-4
8372	-0.00128
8374	-0.00263
8376	-0.00258
8378	-0.00179
8380	-8.16327E-4
8382	-6.60577E-4
8384	-9.95827E-4
8386	-0.0011
8388	-0.00251
8390	-0.00272
8392	-0.00127
8394	-3.62078E-4
8396	-9.98328E-4
8398	-0.00236
8400	-0.00342
8402	-0.00303
8404	-0.00277
8406	-0.00158
8408	-0.00132
8410	-0.00194
8412	-0.00197
8414	-0.0015
8416	-0.00137
8418	-0.00146
8420	-0.00156
8422	-0.00161
8424	-8.71805E-4
8426	-0.00118
8428	-0.0012
8430	-0.0022
8432	-0.00173
8434	-0.00124
8436	-0.0022
8438	-0.00209
8440	-0.00169
8442	-0.00239
8444	-0.00273
8446	-0.0031
8448	-0.00128
8450	-0.00142
8452	-0.00179
8454	-0.00133
8456	8.44897E-4
8458	2.28129E-4
8460	-0.00111
8462	-0.00158
8464	-0.00159
8466	-0.00265
8468	-0.00288
8470	-0.00317
8472	-0.0023
8474	-0.00251
8476	-0.00219
8478	-0.00156
8480	-0.00212
8482	-0.00238
8484	-0.00259
8486	-0.00294
8488	-0.00302
8490	-0.00227
8492	-0.00267
8494	-0.00199
8496	-0.00235
8498	-0.00221
8500	-0.00227
8502	-0.00189
8504	-0.00133
8506	-8.81341E-4
8508	-0.00131
8510	-0.00191
8512	-0.00191
8514	-0.00176
8516	-0.00284
8518	-0.00271
8520	-0.00247
8522	-0.00361
8524	-0.00324
8526	-0.00377
8528	-0.00147
8530	0.03343
8532	0.11699
8534	0.22599
8536	0.34371
8538	0.45791
8540	0.56487
8542	0.66196
8544	0.74867
8546	0.82492
8548	0.87292
8550	0.86427
8552	0.81606
8554	0.74772
8556	0.67242
8558	0.5971
8560	0.52643
8562	0.46137
8564	0.40264
8566	0.35079
8568	0.30624
8570	0.26664
8572	0.2325
8574	0.20319
8576	0.17619
8578	0.15482
8580	0.136
8582	0.11979
8584	0.10644
8586	0.09507
8588	0.08639
8590	0.07712
8592	0.07049
8594	0.0637
8596	0.0565
8598	0.0513
8600	0.04646
8602	0.0425
8604	0.03881
8606	0.03507
8608	0.03228
8610	0.0302
8612	0.02915
8614	0.02771
8616	0.02568
8618	0.02309
8620	0.0216
8622	0.01876
8624	0.01529
8626	0.01306
8628	0.01158
8630	0.00998
8632	0.00982
8634	0.00977
8636	0.00781
8638	0.00644
8640	0.00644
8642	0.0057
8644	0.00554
8646	0.00512
8648	0.00546
8650	0.00627
8652	0.00486
8654	0.00327
8656	0.00281
8658	0.00329
8660	0.00211
8662	0.00212
8664	0.00202
8666	0.00197
8668	0.00307
8670	0.00257
8672	-3.66273E-5
8674	-5.5485E-5
8676	0.0016
8678	0.00122
8680	7.74942E-4
8682	-7.05916E-4
8684	-0.00193
8686	-0.00274
8688	-0.00311
8690	-0.00286
8692	-0.00365
8694	-0.00306
8696	-0.00165
8698	-0.00203
8700	-0.00274
8702	-0.00298
8704	-0.00297
8706	-0.00432
8708	-0.00476
8710	-0.00454
8712	-0.005
8714	-0.00455
8716	-0.00481
8718	-0.00521
8720	-0.00368
8722	-0.0029
8724	-0.0028
8726	-0.00354
8728	-0.00269
8730	-0.00286
8732	-0.00338
8734	-0.00255
8736	-0.00205
8738	-0.00259
8740	-0.00179
8742	-0.00217
8744	-0.00375
8746	-0.00413
8748	-0.00394
8750	-0.00394
8752	-0.00419
8754	-0.0042
8756	-0.00569
8758	-0.006
8760	-0.00559
8762	-0.00484
8764	-0.00541
8766	-0.0056
8768	-0.00495
8770	-0.0042
8772	-0.00472
8774	-0.00611
8776	-0.00528
8778	-0.00533
8780	-0.00553
8782	-0.00498
8784	-0.0048
8786	-0.00498
8788	-0.00584
8790	-0.00648
8792	-0.00758
8794	-0.00834
8796	-0.00698
8798	-0.00508
8800	-0.0054
8802	-0.00662
8804	-0.00714
8806	-0.00731
8808	-0.00661
8810	-0.0066
8812	-0.00706
8814	-0.00643
8816	-0.00643
8818	-0.00602
8820	-0.00519
8822	-0.00531
8824	-0.00421
8826	-0.00327
8828	-0.00375
8830	-0.00407
8832	-0.00493
8834	-0.00568
8836	-0.00568
8838	-0.00445
8840	-0.00417
8842	-0.00432
8844	-0.0049
8846	-0.00509
8848	-0.00483
8850	-0.00483
8852	-0.00512
8854	-0.00503
8856	-0.00525
8858	-0.00577
8860	-0.0051
8862	-0.00394
8864	-0.00405
8866	-0.00424
8868	-0.00367
8870	-0.00382
8872	-0.00357
8874	-0.003
8876	-0.00342
8878	-0.00367
8880	-0.00422
8882	-0.00404
8884	-0.00502
8886	-0.00628
8888	-0.00655
8890	-0.00555
8892	-0.00551
8894	-0.00514
8896	-0.00373
8898	-0.00301
8900	-0.00262
8902	-0.0015
8904	3.23291E-4
8906	-5.78415E-4
8908	-0.00167
8910	-0.00158
8912	-0.00215
8914	-0.00189
8916	-0.00189
8918	-0.00217
8920	-0.00242
8922	-0.00146
8924	-8.57769E-4
8926	-9.25475E-4
8928	0.00112
8930	0.03294
8932	0.11196
8934	0.2187
8936	0.33488
8938	0.44914
8940	0.556
8942	0.65191
8944	0.73754
8946	0.81438
8948	0.86602
8950	0.86143
8952	0.81587
8954	0.74977
8956	0.67462
8958	0.60034
8960	0.53068
8962	0.46596
8964	0.40804
8966	0.35593
8968	0.31046
8970	0.27039
8972	0.23671
8974	0.2072
8976	0.18085
8978	0.15754
8980	0.13825
8982	0.12154
8984	0.10832
8986	0.09708
8988	0.08669
8990	0.07724
8992	0.06943
8994	0.0649
8996	0.0596
8998	0.05487
9000	0.05054
9002	0.04605
9004	0.04092
9006	0.03716
9008	0.03491
9010	0.03105
9012	0.02881
9014	0.02653
9016	0.02369
9018	0.02195
9020	0.02059
9022	0.019
9024	0.01751
9026	0.0154
9028	0.01489
9030	0.01392
9032	0.0119
9034	0.01107
9036	0.01042
9038	0.0092
9040	0.00814
9042	0.00805
9044	0.00693
9046	0.00614
9048	0.00519
9050	0.00463
9052	0.00425
9054	0.0041
9056	0.00269
9058	0.00155
9060	0.00132
9062	9.29665E-4
9064	0.00108
9066	7.09285E-4
9068	6.98096E-4
9070	5.56906E-4
9072	5.07716E-4
9074	-2.44473E-4
9076	4.08337E-4
9078	0.00143
9080	8.24958E-4
9082	4.90768E-4
9084	-6.65422E-4
9086	-3.06115E-5
9088	-3.19801E-4
9090	-7.42991E-4
9092	-7.48181E-4
9094	-9.5737E-4
9096	-2.5256E-4
9098	-1.74958E-6
9100	-6.36939E-4
9102	-0.0019
9104	-0.00246
9106	-0.00306
9108	-0.00373
9110	-0.00438
9112	-0.00526
9114	-0.00485
9116	-0.00445
9118	-0.00398
9120	-0.00369
9122	-0.00405
9124	-0.00395
9126	-0.00297
9128	-0.00252
9130	-0.00272
9132	-0.0025
9134	-0.00157
9136	-0.00144
9138	-3.79543E-4
9140	7.75267E-4
9142	1.23077E-4
9144	-0.00166
9146	-0.00254
9148	-0.00334
9150	-0.00418
9152	-0.00427
9154	-0.00436
9156	-0.00444
9158	-0.00504
9160	-0.00512
9162	-0.00493
9164	-0.00492
9166	-0.00479
9168	-0.00346
9170	-0.00245
9172	-0.00215
9174	-0.00146
9176	-9.45147E-4
9178	-0.00154
9180	-7.42527E-4
9182	-6.96716E-4
9184	-0.00109
9186	-0.001
9188	-8.67285E-4
9190	-0.00165
9192	-0.0023
9194	-0.00322
9196	-0.0041
9198	-0.00436
9200	-0.00471
9202	-0.00348
9204	-0.00369
9206	-0.00383
9208	-0.00359
9210	-0.00352
9212	-0.00367
9214	-0.00215
9216	-0.00324
9218	-0.0039
9220	-0.0045
9222	-0.00402
9224	-0.004
9226	-0.004
9228	-0.00368
9230	-0.00399
9232	-0.00362
9234	-0.00312
9236	-0.00324
9238	-0.00316
9240	-0.00343
9242	-0.00324
9244	-0.00284
9246	-0.00202
9248	-0.00232
9250	-0.00327
9252	-0.00354
9254	-0.00314
9256	-0.00294
9258	-0.00228
9260	-0.002
9262	-0.00254
9264	-0.00286
9266	-0.00259
9268	-0.00222
9270	-0.00173
9272	-0.00224
9274	-0.00274
9276	-0.00245
9278	-0.00196
9280	-0.00149
9282	-8.12297E-4
9284	-0.0012
9286	-0.00149
9288	-0.00286
9290	-0.00349
9292	-0.00317
9294	-0.00223
9296	-0.00272
9298	-0.00297
9300	-0.00304
9302	-0.00321
9304	-0.00273
9306	-0.00274
9308	-0.00328
9310	-0.00358
9312	-0.00308
9314	-0.00333
9316	-0.00326
9318	-0.00291
9320	-0.00277
9322	-0.00331
9324	-0.00384
9326	-0.0025
9328	-0.00259
9330	0.02217
9332	0.09768
9334	0.20185
9336	0.31626
9338	0.42899
9340	0.53484
9342	0.6313
9344	0.7188
9346	0.79698
9348	0.85153
9350	0.85105
9352	0.80734
9354	0.74221
9356	0.66828
9358	0.59554
9360	0.52682
9362	0.46211
9364	0.40545
9366	0.35395
9368	0.30756
9370	0.26746
9372	0.23207
9374	0.20068
9376	0.17493
9378	0.15382
9380	0.13564
9382	0.12053
9384	0.10631
9386	0.09375
9388	0.08332
9390	0.07501
9392	0.0689
9394	0.06352
9396	0.05773
9398	0.05125
9400	0.04746
9402	0.04296
9404	0.03965
9406	0.03572
9408	0.03155
9410	0.02992
9412	0.02791
9414	0.02594
9416	0.02324
9418	0.02173
9420	0.02035
9422	0.01866
9424	0.01778
9426	0.01708
9428	0.01536
9430	0.01269
9432	0.00978
9434	0.00902
9436	0.00891
9438	0.00865
9440	0.00786
9442	0.00798
9444	0.00724
9446	0.0063
9448	0.00609
9450	0.00569
9452	0.0053
9454	0.00486
9456	0.00471
9458	0.00546
9460	0.00442
9462	0.00266
9464	6.11461E-4
9466	-6.69427E-4
9468	-1.92315E-4
9470	-2.00204E-4
9472	-2.43092E-4
9474	-3.1198E-4
9476	-2.11868E-4
9478	4.72434E-5
9480	9.03355E-4
9482	4.62467E-4
9484	-1.22421E-4
9486	7.66905E-5
9488	4.17802E-4
9490	7.58914E-4
9492	-7.19742E-5
9494	-0.00186
9496	-0.00147
9498	-1.34639E-4
9500	8.92473E-4
9502	0.00114
9504	5.47696E-4
9506	1.58808E-4
9508	-9.6608E-4
9510	-3.90968E-4
9512	7.21435E-5
9514	-6.69745E-4
9516	-4.0633E-5
9518	-7.65212E-5
9520	-0.00149
9522	-0.00115
9524	-0.00167
9526	-0.00245
9528	-0.00241
9530	-0.0024
9532	-0.00196
9534	-0.001
9536	-9.31515E-4
9538	-0.00111
9540	-1.89292E-4
9542	1.82003E-6
9544	-9.68068E-4
9546	-0.00186
9548	-0.00125
9550	-8.40733E-4
9552	-0.00127
9554	-0.00168
9556	-0.00254
9558	-0.00231
9560	-0.00127
9562	-0.00154
9564	-0.00204
9566	-0.00219
9568	-0.002
9570	-0.00257
9572	-0.00262
9574	-0.00255
9576	-0.00372
9578	-0.00302
9580	-0.00179
9582	-9.62945E-4
9584	-7.43833E-4
9586	-4.43721E-4
9588	-6.06609E-4
9590	-8.66498E-4
9592	-3.71386E-4
9594	-4.88274E-4
9596	-0.00117
9598	-0.00126
9600	3.06134E-6
9602	-7.42827E-4
9604	-0.00174
9606	-0.00107
9608	-9.99492E-4
9610	-0.002
9612	-0.00124
9614	-0.00169
9616	-0.00122
9618	-4.64933E-4
9620	-0.0011
9622	-0.00122
9624	-0.00142
9626	-0.00126
9628	-0.00217
9630	-0.0016
9632	-0.00111
9634	-0.00185
9636	-0.00219
9638	-0.00263
9640	-0.00234
9642	-0.00257
9644	-0.00287
9646	-0.00207
9648	-0.00263
9650	-0.00254
9652	-0.00112
9654	-0.00107
9656	-0.00143
9658	-0.00121
9660	-0.00189
9662	-0.00224
9664	-0.00243
9666	-0.00245
9668	-0.00224
9670	-0.00218
9672	-0.00178
9674	-0.00207
9676	-0.00181
9678	-0.00194
9680	-0.00226
9682	-0.00361
9684	-0.00432
9686	-0.00387
9688	-0.00312
9690	-0.00224
9692	-0.00214
9694	-0.00301
9696	-0.00385
9698	-0.0038
9700	-0.00359
9702	-0.00278
9704	-0.00218
9706	-0.00274
9708	-0.00222
9710	-0.00292
9712	-0.00343
9714	-0.00344
9716	-0.00253
9718	-0.00224
9720	-0.00193
9722	-0.00165
9724	-0.00258
9726	-0.00208
9728	-0.00148
9730	0.0215
9732	0.0935
9734	0.19604
9736	0.31001
9738	0.42427
9740	0.52879
9742	0.62337
9744	0.70832
9746	0.78534
9748	0.84455
9750	0.84903
9752	0.80699
9754	0.74096
9756	0.66776
9758	0.59483
9760	0.52435
9762	0.46018
9764	0.40222
9766	0.35127
9768	0.30585
9770	0.26693
9772	0.23328
9774	0.2034
9776	0.17873
9778	0.15677
9780	0.13718
9782	0.11995
9784	0.10579
9786	0.09398
9788	0.0837
9790	0.07526
9792	0.06807
9794	0.06095
9796	0.05416
9798	0.04987
9800	0.04477
9802	0.04084
9804	0.03685
9806	0.03255
9808	0.02966
9810	0.02673
9812	0.02502
9814	0.02386
9816	0.02141
9818	0.01897
9820	0.01765
9822	0.01566
9824	0.01335
9826	0.01207
9828	0.01041
9830	0.00978
9832	0.00828
9834	0.00746
9836	0.00799
9838	0.00643
9840	0.00501
9842	0.00362
9844	0.00246
9846	0.00204
9848	0.0018
9850	0.00231
9852	0.00212
9854	0.00178
9856	5.71967E-4
9858	-4.9728E-4
9860	-0.00108
9862	-3.29775E-4
9864	6.71978E-4
9866	9.7173E-4
9868	0.00108
9870	8.91236E-4
9872	-0.00159
9874	-0.00289
9876	-0.00244
9878	-0.00188
9880	-0.00295
9882	-0.00336
9884	-0.00359
9886	-0.0036
9888	-0.00446
9890	-0.00436
9892	-0.00355
9894	-0.00435
9896	-0.00563
9898	-0.0064
9900	-0.00662
9902	-0.00662
9904	-0.00664
9906	-0.00587
9908	-0.00533
9910	-0.00481
9912	-0.00501
9914	-0.00427
9916	-0.00336
9918	-0.00374
9920	-0.00416
9922	-0.00405
9924	-0.00448
9926	-0.00448
9928	-0.004
9930	-0.00395
9932	-0.00403
9934	-0.00443
9936	-0.00531
9938	-0.00523
9940	-0.00445
9942	-0.00357
9944	-0.00462
9946	-0.00408
9948	-0.00399
9950	-0.00416
9952	-0.00471
9954	-0.00476
9956	-0.0052
9958	-0.00503
9960	-0.00474
9962	-0.00484
9964	-0.00552
9966	-0.00447
9968	-0.00484
9970	-0.00506
9972	-0.00588
9974	-0.00672
9976	-0.00815
9978	-0.00896
9980	-0.00906
9982	-0.00835
9984	-0.00614
9986	-0.00661
9988	-0.00633
9990	-0.00603
9992	-0.00591
9994	-0.00572
9996	-0.00575
9998	-0.00546
10000	-0.00543
10002	-0.00479
10004	-0.00557
10006	-0.00653
10008	-0.0063
10010	-0.00502
10012	-0.0049
10014	-0.00519
10016	-0.00478
10018	-0.00484
10020	-0.00447
10022	-0.00475
10024	-0.00558
10026	-0.00501
10028	-0.00458
10030	-0.00476
10032	-0.00481
10034	-0.00512
10036	-0.00633
10038	-0.00501
10040	-0.0055
10042	-0.00507
10044	-0.00384
10046	-0.003
10048	-0.00281
10050	-0.0036
10052	-0.00379
10054	-0.00372
10056	-0.00268
10058	-0.00246
10060	-0.0031
10062	-0.00249
10064	-0.00235
10066	-0.00292
10068	-0.0025
10070	-0.00335
10072	-0.00403
10074	-0.00506
10076	-0.00634
10078	-0.00658
10080	-0.00542
10082	-0.00507
10084	-0.00468
10086	-0.00435
10088	-0.0034
10090	-0.0029
10092	-0.00255
10094	-0.00129
10096	-0.00212
10098	-0.00322
10100	-0.00353
10102	-0.00301
10104	-0.00409
10106	-0.00473
10108	-0.00479
10110	-0.00383
10112	-0.0035
10114	-0.0026
10116	-0.00347
10118	-0.00454
10120	-0.00469
10122	-0.00482
10124	-0.00379
10126	-0.00352
10128	-0.00248
10130	0.02003
10132	0.0911
10134	0.19269
10136	0.30663
10138	0.41783
10140	0.52138
10142	0.61796
10144	0.70429
10146	0.78079
10148	0.83765
10150	0.84443
10152	0.80479
10154	0.74148
10156	0.66878
10158	0.59553
10160	0.5263
10162	0.4632
10164	0.40469
10166	0.35295
10168	0.30908
10170	0.26942
10172	0.23503
10174	0.20526
10176	0.179
10178	0.15662
10180	0.1382
10182	0.1233
10184	0.10875
10186	0.09616
10188	0.08665
10190	0.07795
10192	0.07179
10194	0.06568
10196	0.05957
10198	0.05388
10200	0.04945
10202	0.04544
10204	0.04187
10206	0.03898
10208	0.03656
10210	0.03326
10212	0.03138
10214	0.03013
10216	0.02784
10218	0.02604
10220	0.02462
10222	0.02261
10224	0.02074
10226	0.01989
10228	0.01858
10230	0.01668
10232	0.01533
10234	0.01566
10236	0.01464
10238	0.01341
10240	0.01234
10242	0.01235
10244	0.01022
10246	0.0087
10248	0.00944
10250	0.00828
10252	0.008
10254	0.00774
10256	0.00685
10258	0.00475
10260	0.00397
10262	0.00373
10264	0.00281
10266	0.00244
10268	0.003
10270	0.00264
10272	0.0026
10274	0.00326
10276	0.0032
10278	0.00295
10280	0.00268
10282	0.00213
10284	0.00259
10286	0.00174
10288	0.00204
10290	0.00149
10292	0.00117
10294	0.00196
10296	0.00141
10298	2.94613E-4
10300	2.1818E-4
10302	-2.06253E-4
10304	-0.00194
10306	-0.00208
10308	-0.00131
10310	-4.45985E-4
10312	-6.77418E-4
10314	-0.00129
10316	-0.00127
10318	-0.00138
10320	-9.61151E-4
10322	-5.13584E-4
10324	-0.00122
10326	-7.1445E-4
10328	-0.0011
10330	-0.00136
10332	-0.00119
10334	-0.00194
10336	-0.00236
10338	-0.00225
10340	-3.56481E-4
10342	-1.73914E-4
10344	-3.04347E-4
10346	9.5622E-4
10348	5.67787E-4
10350	-1.16465E-5
10352	-2.0608E-4
10354	3.93487E-4
10356	-2.04946E-4
10358	-0.00116
10360	-4.46812E-4
10362	8.47551E-5
10364	6.85322E-4
10366	0.00121
10368	0.00168
10370	0.00208
10372	0.00172
10374	0.00197
10376	0.00209
10378	2.96291E-4
10380	-0.00145
10382	-0.00228
10384	-0.00251
10386	-0.00286
10388	-0.00395
10390	-0.00211
10392	-0.00193
10394	-0.00202
10396	-0.00174
10398	-0.00149
10400	-0.00157
10402	-9.67906E-4
10404	-0.00128
10406	-0.00167
10408	-0.00136
10410	-0.00142
10412	-0.00171
10414	-0.00135
10416	-9.90937E-4
10418	3.0463E-4
10420	5.90197E-4
10422	-1.03357E-4
10424	-4.84197E-4
10426	-1.89037E-4
10428	-1.10877E-4
10430	6.73283E-4
10432	7.66443E-4
10434	2.98603E-4
10436	-4.92236E-4
10438	-8.21076E-4
10440	-0.00154
10442	-0.00175
10444	-0.00281
10446	-0.00273
10448	-0.00223
10450	-0.00285
10452	-0.00212
10454	-0.00124
10456	-0.00246
10458	-0.00259
10460	-0.00151
10462	-0.00243
10464	-0.00238
10466	-0.00145
10468	-4.97674E-4
10470	-5.07296E-4
10472	-0.00147
10474	-0.00141
10476	-0.00231
10478	-0.00307
10480	-0.00234
10482	-0.00121
10484	-0.00106
10486	-8.68412E-4
10488	-0.00198
10490	-0.00252
10492	-0.00301
10494	-0.00339
10496	-0.00305
10498	-0.00334
10500	-0.00317
10502	-0.00317
10504	-0.00325
10506	-0.00272
10508	-0.00268
10510	-0.00332
10512	-0.00286
10514	-0.00261
10516	-0.00237
10518	-0.00244
10520	-0.00261
10522	-0.00327
10524	-0.00397
10526	-0.00493
10528	-0.00378
10530	0.0159
10532	0.08311
10534	0.18221
10536	0.29111
10538	0.40231
10540	0.50658
10542	0.60144
10544	0.68679
10546	0.76325
10548	0.82273
10550	0.83547
10552	0.80114
10554	0.74078
10556	0.66903
10558	0.5965
10560	0.5276
10562	0.46373
10564	0.40564
10566	0.35345
10568	0.30791
10570	0.26854
10572	0.23496
10574	0.20602
10576	0.17959
10578	0.15753
10580	0.13811
10582	0.12131
10584	0.1076
10586	0.09468
10588	0.08298
10590	0.0739
10592	0.06489
10594	0.05881
10596	0.05343
10598	0.04774
10600	0.04349
10602	0.04001
10604	0.03654
10606	0.03287
10608	0.02936
10610	0.0256
10612	0.02269
10614	0.02046
10616	0.01885
10618	0.01832
10620	0.01632
10622	0.01403
10624	0.01211
10626	0.01032
10628	0.00837
10630	0.00747
10632	0.00683
10634	0.00519
10636	0.0042
10638	0.00321
10640	0.00357
10642	0.00443
10644	0.00386
10646	0.00388
10648	0.0022
10650	0.00164
10652	3.48422E-4
10654	-1.88549E-4
10656	2.01481E-4
10658	-2.7749E-4
10660	-8.50461E-4
10662	-0.00103
10664	-0.00211
10666	-0.00182
10668	-0.00163
10670	-0.00236
10672	-0.0018
10674	-0.00112
10676	-7.8281E-4
10678	-0.00216
10680	-0.00196
10682	-0.00215
10684	-0.00279
10686	-0.00297
10688	-0.00331
10690	-0.00343
10692	-0.00252
10694	-0.00168
10696	-0.00111
10698	-7.91377E-4
10700	-0.00144
10702	-0.0016
10704	-0.00229
10706	-0.0031
10708	-0.0024
10710	-0.00287
10712	-0.0041
10714	-0.00347
10716	-0.0034
10718	-0.00245
10720	-0.00214
10722	-0.00147
10724	-0.00384
10726	-0.00446
10728	-0.00489
10730	-0.00433
10732	-0.00341
10734	-0.00263
10736	-0.0024
10738	-0.00184
10740	-0.00157
10742	-0.0024
10744	-0.00349
10746	-0.00408
10748	-0.0048
10750	-0.00496
10752	-0.00537
10754	-0.0062
10756	-0.00671
10758	-0.00684
10760	-0.00687
10762	-0.00675
10764	-0.00642
10766	-0.00595
10768	-0.00594
10770	-0.00603
10772	-0.00549
10774	-0.00454
10776	-0.00513
10778	-0.00602
10780	-0.0058
10782	-0.00585
10784	-0.00593
10786	-0.0055
10788	-0.0062
10790	-0.00612
10792	-0.00555
10794	-0.00549
10796	-0.00474
10798	-0.00432
10800	-0.00428
10802	-0.0045
10804	-0.00401
10806	-0.00397
10808	-0.00439
10810	-0.00356
10812	-0.00384
10814	-0.00399
10816	-0.00398
10818	-0.00352
10820	-0.00366
10822	-0.00396
10824	-0.00446
10826	-0.00382
10828	-0.00394
10830	-0.00426
10832	-0.0035
10834	-0.00265
10836	-0.00311
10838	-0.00308
10840	-0.00292
10842	-0.00357
10844	-0.00362
10846	-0.00355
10848	-0.00396
10850	-0.00372
10852	-0.00288
10854	-0.00277
10856	-0.00283
10858	-0.00298
10860	-0.00415
10862	-0.00574
10864	-0.00497
10866	-0.00358
10868	-0.00382
10870	-0.00301
10872	-0.00181
10874	-0.00196
10876	-0.00177
10878	-0.00178
10880	-0.00362
10882	-0.0041
10884	-0.00319
10886	-0.00272
10888	-0.00214
10890	-0.00229
10892	-0.00291
10894	-0.00361
10896	-0.00376
10898	-0.00363
10900	-0.00383
10902	-0.0032
10904	-0.00329
10906	-0.00423
10908	-0.00404
10910	-0.0033
10912	-0.00324
10914	-0.00459
10916	-0.00352
10918	-0.00306
10920	-0.00265
10922	-0.00161
10924	-0.00156
10926	-0.00238
10928	-0.00247
10930	0.01067
10932	0.07063
10934	0.16589
10936	0.27599
10938	0.38696
10940	0.48962
10942	0.58425
10944	0.67025
10946	0.74759
10948	0.81093
10950	0.8293
10952	0.79826
10954	0.7392
10956	0.66922
10958	0.59718
10960	0.52841
10962	0.46587
10964	0.40816
10966	0.35604
10968	0.31046
10970	0.27136
10972	0.23699
10974	0.20655
10976	0.17965
10978	0.15668
10980	0.13619
10982	0.11967
10984	0.1065
10986	0.0948
10988	0.08418
10990	0.07382
10992	0.06639
10994	0.0609
10996	0.05437
10998	0.04928
11000	0.04477
11002	0.04054
11004	0.03674
11006	0.03386
11008	0.03139
11010	0.02973
11012	0.02653
11014	0.0241
11016	0.02088
11018	0.01883
11020	0.01792
11022	0.01762
11024	0.01618
11026	0.01579
11028	0.01425
11030	0.01219
11032	0.01106
11034	0.011
11036	0.01084
11038	0.01038
11040	0.01032
11042	0.01037
11044	0.00938
11046	0.0071
11048	0.00611
11050	0.00601
11052	0.00574
11054	0.00479
11056	0.00441
11058	0.00435
11060	0.00371
11062	0.00236
11064	0.00265
11066	0.00309
11068	0.00344
11070	0.00258
11072	0.00215
11074	3.57389E-4
11076	6.01487E-4
11078	8.99586E-4
11080	0.00198
11082	0.00344
11084	0.00269
11086	0.00135
11088	1.13079E-4
11090	-0.00136
11092	-9.74724E-4
11094	-2.56625E-4
11096	-0.00117
11098	-0.002
11100	-0.00259
11102	-0.00254
11104	-0.00264
11106	-0.00243
11108	-0.00354
11110	-0.00381
11112	-0.00336
11114	-0.00259
11116	-0.00285
11118	-0.00424
11120	-0.00409
11122	-0.00331
11124	-0.00346
11126	-0.00408
11128	-0.00492
11130	-0.00479
11132	-0.00445
11134	-0.00438
11136	-0.00356
11138	-0.00303
11140	-0.00349
11142	-0.00386
11144	-0.00339
11146	-0.00236
11148	-0.00322
11150	-0.00321
11152	-0.0033
11154	-0.00417
11156	-0.00427
11158	-0.00429
11160	-0.00375
11162	-0.0024
11164	-0.00215
11166	-0.00243
11168	-0.00315
11170	-0.00262
11172	-0.00232
11174	-0.00301
11176	-0.00235
11178	-8.91485E-4
11180	-0.00102
11182	-0.00141
11184	-0.00153
11186	-0.00111
11188	-0.00181
11190	-0.00173
11192	-0.00161
11194	-9.89696E-4
11196	-0.00156
11198	-0.00265
11200	-0.00178
11202	-0.00167
11204	-0.0032
11206	-0.00338
11208	-0.00366
11210	-0.00249
11212	-0.00283
11214	-0.00339
11216	-0.00286
11218	-0.00151
11220	-0.00244
11222	-0.00302
11224	-0.0018
11226	-0.00185
11228	-0.00122
11230	-0.00187
11232	-0.00276
11234	-0.00238
11236	-0.00207
11238	-0.00138
11240	-0.00191
11242	-0.00184
11244	-9.75232E-4
11246	-0.00182
11248	-0.00282
11250	-0.00246
11252	-0.003
11254	-0.0029
11256	-0.00314
11258	-0.00277
11260	-0.00298
11262	-0.00215
11264	-0.00186
11266	-0.0018
11268	-0.00198
11270	-0.002
11272	-0.00307
11274	-0.0038
11276	-0.00394
11278	-0.00301
11280	-0.00383
11282	-0.00318
11284	-0.00326
11286	-0.00363
11288	-0.00332
11290	-0.0038
11292	-0.00331
11294	-0.0035
11296	-0.00352
11298	-0.00307
11300	-0.00276
11302	-0.00324
11304	-0.0029
11306	-0.003
11308	-0.00112
11310	4.27935E-4
11312	-1.42986E-4
11314	2.90935E-5
11316	6.59173E-4
11318	0.00149
11320	0.0016
11322	0.00211
11324	0.00198
11326	0.00187
11328	0.00168
11330	0.0122
11332	0.06634
11334	0.15875
11336	0.2668
11338	0.37704
11340	0.48112
11342	0.5755
11344	0.66046
11346	0.73649
11348	0.80099
11350	0.8218
11352	0.7921
11354	0.73453
11356	0.66482
11358	0.59445
11360	0.52661
11362	0.46328
11364	0.40557
11366	0.35421
11368	0.30944
11370	0.26872
11372	0.23442
11374	0.20501
11376	0.17876
11378	0.1557
11380	0.13641
11382	0.12026
11384	0.10593
11386	0.09456
11388	0.08414
11390	0.07511
11392	0.06798
11394	0.06102
11396	0.0551
11398	0.04962
11400	0.04567
11402	0.04182
11404	0.03805
11406	0.03494
11408	0.03159
11410	0.0284
11412	0.0266
11414	0.02442
11416	0.02256
11418	0.02094
11420	0.01855
11422	0.01655
11424	0.01497
11426	0.01319
11428	0.01143
11430	0.00931
11432	0.00787
11434	0.00657
11436	0.00487
11438	0.0043
11440	0.00514
11442	0.00431
11444	0.00334
11446	0.00251
11448	0.00171
11450	0.00199
11452	0.00193
11454	0.00121
11456	4.4311E-4
11458	6.8033E-5
11460	4.61956E-4
11462	0.00101
11464	0.00131
11466	1.36726E-4
11468	-0.00104
11470	-6.09428E-4
11472	-0.00116
11474	-0.00213
11476	-0.00325
11478	-0.00404
11480	-0.00406
11482	-0.00375
11484	-0.00369
11486	-0.00242
11488	-0.00261
11490	-0.00205
11492	-0.00273
11494	-0.00404
11496	-0.0039
11498	-0.00558
11500	-0.00515
11502	-0.00524
11504	-0.00513
11506	-0.00479
11508	-0.00488
11510	-0.00443
11512	-0.00465
11514	-0.00529
11516	-0.00382
11518	-0.00354
11520	-0.00374
11522	-0.00394
11524	-0.00361
11526	-0.00409
11528	-0.00543
11530	-0.0063
11532	-0.00631
11534	-0.00553
11536	-0.00676
11538	-0.00769
11540	-0.00763
11542	-0.0087
11544	-0.00949
11546	-0.01057
11548	-0.01083
11550	-0.01068
11552	-0.01093
11554	-0.01061
11556	-0.01097
11558	-0.01033
11560	-0.00973
11562	-0.00782
11564	-0.00645
11566	-0.00589
11568	-0.0056
11570	-0.00454
11572	-0.00427
11574	-0.00367
11576	-0.00396
11578	-0.00456
11580	-0.00541
11582	-0.00432
11584	-0.00467
11586	-0.00583
11588	-0.00463
11590	-0.00489
11592	-0.00464
11594	-0.00478
11596	-0.00543
11598	-0.00474
11600	-0.00404
11602	-0.00522
11604	-0.00381
11606	-0.00304
11608	-0.00405
11610	-0.00424
11612	-0.0045
11614	-0.00547
11616	-0.00601
11618	-0.00574
11620	-0.00509
11622	-0.00527
11624	-0.00568
11626	-0.00705
11628	-0.00821
11630	-0.00953
11632	-0.00896
11634	-0.00807
11636	-0.0077
11638	-0.00884
11640	-0.00889
11642	-0.00891
11644	-0.00978
11646	-0.01018
11648	-0.00926
11650	-0.00824
11652	-0.00786
11654	-0.00811
11656	-0.008
11658	-0.00856
11660	-0.00825
11662	-0.00744
11664	-0.007
11666	-0.00611
11668	-0.00373
11670	-0.00257
11672	-0.00239
11674	-0.00251
11676	-0.00201
11678	-0.00341
11680	-0.00432
11682	-0.00429
11684	-0.0046
11686	-0.00453
11688	-0.00465
11690	-0.00538
11692	-0.00536
11694	-0.00463
11696	-0.00426
11698	-0.004
11700	-0.00341
11702	-0.00395
11704	-0.00453
11706	-0.00444
11708	-0.0035
11710	-0.00384
11712	-0.00406
11714	-0.00365
11716	-0.0027
11718	-0.00382
11720	-0.0042
11722	-0.00558
11724	-0.00567
11726	-0.00583
11728	-0.00616
11730	0.00305
11732	0.05683
11734	0.14454
11736	0.24753
11738	0.35611
11740	0.4597
11742	0.55305
11744	0.63832
11746	0.71348
11748	0.77791
11750	0.80291
11752	0.777
11754	0.72415
11756	0.65833
11758	0.5902
11760	0.52478
11762	0.46203
11764	0.4045
11766	0.35247
11768	0.30592
11770	0.26552
11772	0.23117
11774	0.20078
11776	0.17581
11778	0.15414
11780	0.13461
11782	0.11695
11784	0.10334
11786	0.09146
11788	0.08141
11790	0.07318
11792	0.06535
11794	0.05796
11796	0.05317
11798	0.04823
11800	0.04356
11802	0.04005
11804	0.03601
11806	0.03228
11808	0.0295
11810	0.02756
11812	0.02538
11814	0.02433
11816	0.02172
11818	0.0179
11820	0.01614
11822	0.01548
11824	0.01396
11826	0.01337
11828	0.01229
11830	0.01122
11832	0.00956
11834	0.00881
11836	0.00793
11838	0.0066
11840	0.00448
11842	0.00474
11844	0.004
11846	0.00492
11848	0.00514
11850	0.00339
11852	0.00333
11854	0.00326
11856	0.00208
11858	0.00121
11860	0.00137
11862	0.00199
11864	0.00183
11866	0.00116
11868	9.05856E-4
11870	-7.53009E-4
11872	-0.00175
11874	-0.00206
11876	-0.00241
11878	-0.00218
11880	-0.00219
11882	-0.00318
11884	-0.00368
11886	-0.00309
11888	-0.00218
11890	-0.00216
11892	-0.00223
11894	-0.00278
11896	-0.00382
11898	-0.00326
11900	-0.00119
11902	-0.00149
11904	-0.00206
11906	-0.00317
11908	-0.00164
11910	-7.20304E-4
11912	-0.00225
11914	-0.00248
11916	-0.00293
11918	-0.00273
11920	-0.00278
11922	-0.00247
11924	-0.00305
11926	-0.00336
11928	-0.0028
11930	-0.00284
11932	-0.00296
11934	-0.00122
11936	-0.0017
11938	-0.00422
11940	-0.00481
11942	-0.00389
11944	-0.00284
11946	-0.00381
11948	-0.00445
11950	-0.00386
11952	-0.00388
11954	-0.00293
11956	-0.00278
11958	-0.00305
11960	-0.00391
11962	-0.00444
11964	-0.00522
11966	-0.00472
11968	-0.00374
11970	-0.00278
11972	-0.00206
11974	-0.00252
11976	-0.00231
11978	-0.00248
11980	-0.00185
11982	-0.00209
11984	-0.00236
11986	-0.00171
11988	-0.00178
11990	-0.00224
11992	-0.00345
11994	-0.00433
11996	-0.00454
11998	-0.00443
12000	-0.0045
12002	-0.00516
12004	-0.00535
12006	-0.00539
12008	-0.00457
12010	-0.00432
12012	-0.00382
12014	-0.00345
12016	-0.00263
12018	-0.00282
12020	-0.00362
12022	-0.00314
12024	-0.00318
12026	-0.00347
12028	-0.00412
12030	-0.00504
12032	-0.00493
12034	-0.00514
12036	-0.00422
12038	-0.00364
12040	-0.00321
12042	-0.00289
12044	-0.00321
12046	-0.00269
12048	-0.00251
12050	-0.0024
12052	-0.00283
12054	-0.00315
12056	-0.00263
12058	-0.0021
12060	-0.00134
12062	-0.00229
12064	-0.00186
12066	-9.23744E-4
12068	-6.62012E-4
12070	-2.94279E-4
12072	-0.00139
12074	-0.00325
12076	-0.00355
12078	-0.00264
12080	-0.0028
12082	-0.00352
12084	-0.00358
12086	-0.00334
12088	-0.00315
12090	-0.00292
12092	-0.00266
12094	-0.00214
12096	-0.00331
12098	-0.00418
12100	-0.00371
12102	-0.00471
12104	-0.00514
12106	-0.00472
12108	-0.00377
12110	-0.00346
12112	-0.00446
12114	-0.00375
12116	-0.00279
12118	-0.00223
12120	-0.00273
12122	-0.002
12124	-9.55363E-4
12126	-0.00175
12128	-0.00341
12130	0.00506
12132	0.05575
12134	0.14339
12136	0.24783
12138	0.35525
12140	0.45633
12142	0.54967
12144	0.63464
12146	0.71061
12148	0.77524
12150	0.80205
12152	0.77777
12154	0.72379
12156	0.65715
12158	0.58866
12160	0.52099
12162	0.45703
12164	0.39944
12166	0.34922
12168	0.30385
12170	0.26422
12172	0.22913
12174	0.19986
12176	0.17356
12178	0.15164
12180	0.13194
12182	0.11659
12184	0.1027
12186	0.09038
12188	0.07984
12190	0.07116
12192	0.06405
12194	0.05835
12196	0.05394
12198	0.04849
12200	0.04469
12202	0.04037
12204	0.03665
12206	0.0346
12208	0.03119
12210	0.02839
12212	0.02646
12214	0.02392
12216	0.0209
12218	0.01804
12220	0.01581
12222	0.01452
12224	0.01303
12226	0.01105
12228	0.01108
12230	0.00854
12232	0.00834
12234	0.00894
12236	0.00708
12238	0.00605
12240	0.00579
12242	0.00562
12244	0.00431
12246	0.00343
12248	0.00307
12250	0.00181
12252	-4.88769E-4
12254	-0.00154
12256	-0.00271
12258	-0.00247
12260	-0.00247
12262	-0.0031
12264	-0.00406
12266	-0.00596
12268	-0.00559
12270	-0.00485
12272	-0.00465
12274	-0.00392
12276	-0.00422
12278	-0.00543
12280	-0.00529
12282	-0.00589
12284	-0.00613
12286	-0.00537
12288	-0.00402
12290	-0.00378
12292	-0.00231
12294	-0.00239
12296	-0.00233
12298	-0.00278
12300	-0.00187
12302	-0.00298
12304	-0.00305
12306	-0.00245
12308	-0.00396
12310	-0.00506
12312	-0.00406
12314	-0.00344
12316	-0.00376
12318	-0.00347
12320	-0.00253
12322	-0.00219
12324	-0.00298
12326	-0.00335
12328	-0.00361
12330	-0.00394
12332	-0.004
12334	-0.00345
12336	-0.00418
12338	-0.00442
12340	-0.00458
12342	-0.00433
12344	-0.00559
12346	-0.00471
12348	-0.00416
12350	-0.00505
12352	-0.00605
12354	-0.00535
12356	-0.00627
12358	-0.00728
12360	-0.00741
12362	-0.00619
12364	-0.0064
12366	-0.00603
12368	-0.00647
12370	-0.00545
12372	-0.00497
12374	-0.0043
12376	-0.00514
12378	-0.00638
12380	-0.00604
12382	-0.00583
12384	-0.00552
12386	-0.0054
12388	-0.00497
12390	-0.00461
12392	-0.00422
12394	-0.0046
12396	-0.00465
12398	-0.00416
12400	-0.00433
12402	-0.00341
12404	-0.00257
12406	-0.00337
12408	-0.00357
12410	-0.00281
12412	-0.00285
12414	-0.00195
12416	-0.00154
12418	-0.00204
12420	-0.00304
12422	-0.00307
12424	-0.00452
12426	-0.00628
12428	-0.00642
12430	-0.00681
12432	-0.00648
12434	-0.00772
12436	-0.00784
12438	-0.00787
12440	-0.00761
12442	-0.00656
12444	-0.00551
12446	-0.00555
12448	-0.00574
12450	-0.00571
12452	-0.00494
12454	-0.00449
12456	-0.00541
12458	-0.00565
12460	-0.00611
12462	-0.00552
12464	-0.00448
12466	-0.00427
12468	-0.00496
12470	-0.00465
12472	-0.0041
12474	-0.00428
12476	-0.00348
12478	-0.0042
12480	-0.00502
12482	-0.00457
12484	-0.00443
12486	-0.00497
12488	-0.00385
12490	-0.00414
12492	-0.00443
12494	-0.00404
12496	-0.00518
12498	-0.00518
12500	-0.00436
12502	-0.00503
12504	-0.00455
12506	-0.00417
12508	-0.00343
12510	-0.00408
12512	-0.00515
12514	-0.00516
12516	-0.00415
12518	-0.00392
12520	-0.00251
12522	-0.00106
12524	-0.00186
