time	cp
2	4.70679
4	4.70778
6	4.70704
8	4.706
10	4.706
12	4.70672
14	4.70627
16	4.70573
18	4.70586
20	4.70563
22	4.70552
24	4.70565
26	4.70607
28	4.70589
30	4.70582
32	4.70516
34	4.70527
36	4.70611
38	4.7055
40	4.70495
42	4.705
44	4.70468
46	4.70575
48	4.70622
50	4.70566
52	4.70435
54	4.70416
56	4.70461
58	4.70465
60	4.70377
62	4.70476
64	4.70403
66	4.70109
68	4.6776
70	4.61856
72	4.54208
74	4.45904
76	4.37912
78	4.30503
80	4.23985
82	4.17968
84	4.12599
86	4.07903
88	4.03791
90	4.00104
92	3.97111
94	3.95087
96	3.96256
98	4.00988
100	4.07433
102	4.14211
104	4.20718
106	4.2678
108	4.32149
110	4.36918
112	4.41209
114	4.44931
116	4.48197
118	4.50993
120	4.53505
122	4.55601
124	4.57372
126	4.58921
128	4.60257
130	4.6138
132	4.62258
134	4.63013
136	4.63795
138	4.64588
140	4.6515
142	4.65559
144	4.66034
146	4.66413
148	4.66728
150	4.66963
152	4.67243
154	4.67429
156	4.6768
158	4.67856
160	4.6808
162	4.68194
164	4.68311
166	4.68556
168	4.68747
170	4.68914
172	4.69097
174	4.69204
176	4.69259
178	4.69314
180	4.69461
182	4.69536
184	4.6948
186	4.69406
188	4.69467
190	4.69462
192	4.69505
194	4.69646
196	4.69641
198	4.6967
200	4.69629
202	4.69582
204	4.69631
206	4.6978
208	4.69777
210	4.69794
212	4.69715
214	4.6974
216	4.69825
218	4.69733
220	4.69649
222	4.69596
224	4.69639
226	4.69654
228	4.69623
230	4.69653
232	4.69667
234	4.69747
236	4.69884
238	4.69902
240	4.69916
242	4.69928
244	4.70045
246	4.70059
248	4.69892
250	4.69894
252	4.69912
254	4.69924
256	4.6986
258	4.69682
260	4.69814
262	4.70025
264	4.70026
266	4.69948
268	4.69764
270	4.69936
272	4.70048
274	4.69928
276	4.69963
278	4.69938
280	4.69906
282	4.69877
284	4.69817
286	4.69831
288	4.69815
290	4.69878
292	4.69857
294	4.69873
296	4.69824
298	4.69834
300	4.69948
302	4.70036
304	4.70071
306	4.70026
308	4.69965
310	4.69953
312	4.69925
314	4.69882
316	4.6983
318	4.69828
320	4.69816
322	4.69829
324	4.69825
326	4.69751
328	4.697
330	4.69617
332	4.69543
334	4.69589
336	4.69735
338	4.69824
340	4.69875
342	4.69128
344	4.64711
346	4.57343
348	4.48836
350	4.40543
352	4.3281
354	4.25805
356	4.19523
358	4.13929
360	4.08991
362	4.04485
364	4.00543
366	3.97321
368	3.94487
370	3.92266
372	3.92995
374	3.97576
376	4.04075
378	4.11165
380	4.18005
382	4.24185
384	4.29869
386	4.34926
388	4.39318
390	4.43315
392	4.4676
394	4.49693
396	4.52306
398	4.54487
400	4.56377
402	4.58079
404	4.59464
406	4.6063
408	4.61631
410	4.62414
412	4.63144
414	4.63863
416	4.6446
418	4.65037
420	4.65427
422	4.65817
424	4.6614
426	4.66434
428	4.66792
430	4.67009
432	4.67249
434	4.67457
436	4.6758
438	4.67685
440	4.6788
442	4.68092
444	4.68285
446	4.68323
448	4.68479
450	4.68596
452	4.68658
454	4.68735
456	4.68851
458	4.68946
460	4.69028
462	4.69018
464	4.69009
466	4.69009
468	4.69241
470	4.69352
472	4.69349
474	4.6929
476	4.69313
478	4.6938
480	4.6933
482	4.69377
484	4.69399
486	4.69453
488	4.6942
490	4.69443
492	4.69407
494	4.69468
496	4.69431
498	4.69481
500	4.69401
502	4.69369
504	4.69533
506	4.69551
508	4.69495
510	4.6951
512	4.69356
514	4.69374
516	4.69417
518	4.69462
520	4.69524
522	4.69606
524	4.69595
526	4.69461
528	4.69502
530	4.69588
532	4.69563
534	4.69472
536	4.69644
538	4.69691
540	4.69599
542	4.69674
544	4.69763
546	4.69921
548	4.6992
550	4.69986
552	4.69884
554	4.69728
556	4.69723
558	4.69761
560	4.69712
562	4.6971
564	4.69628
566	4.69707
568	4.69761
570	4.69734
572	4.69656
574	4.69721
576	4.69648
578	4.69514
580	4.69528
582	4.69531
584	4.69542
586	4.69616
588	4.69634
590	4.69762
592	4.69754
594	4.69644
596	4.69689
598	4.69628
600	4.69619
602	4.69729
604	4.69728
606	4.697
608	4.69667
610	4.69612
612	4.69605
614	4.69703
616	4.69628
618	4.68931
620	4.6482
622	4.5736
624	4.48607
626	4.40036
628	4.32216
630	4.25006
632	4.18579
634	4.12775
636	4.07682
638	4.03237
640	3.99413
642	3.96201
644	3.93277
646	3.91158
648	3.91829
650	3.96494
652	4.03041
654	4.1016
656	4.16992
658	4.23378
660	4.29195
662	4.34358
664	4.38792
666	4.42752
668	4.46274
670	4.49104
672	4.51705
674	4.53909
676	4.55897
678	4.57563
680	4.59025
682	4.60306
684	4.61486
686	4.62276
688	4.63001
690	4.63685
692	4.6425
694	4.64786
696	4.65323
698	4.65622
700	4.65873
702	4.66209
704	4.66499
706	4.66777
708	4.67206
710	4.67368
712	4.67521
714	4.67788
716	4.67935
718	4.68051
720	4.68222
722	4.68288
724	4.68318
726	4.68327
728	4.68407
730	4.68537
732	4.68599
734	4.68646
736	4.68776
738	4.68939
740	4.68963
742	4.6909
744	4.69007
746	4.68989
748	4.68907
750	4.68977
752	4.69009
754	4.69143
756	4.69194
758	4.69156
760	4.69192
762	4.6919
764	4.69239
766	4.69275
768	4.69365
770	4.69242
772	4.69211
774	4.69124
776	4.69224
778	4.69318
780	4.69321
782	4.69534
784	4.69522
786	4.69418
788	4.69362
790	4.69382
792	4.69534
794	4.69641
796	4.69515
798	4.69534
800	4.69689
802	4.69545
804	4.69414
806	4.69605
808	4.69531
810	4.69473
812	4.69562
814	4.69533
816	4.69544
818	4.69544
820	4.69624
822	4.69666
824	4.69533
826	4.69525
828	4.69576
830	4.6959
832	4.69463
834	4.69399
836	4.69468
838	4.69495
840	4.69444
842	4.69388
844	4.69427
846	4.69474
848	4.69417
850	4.69341
852	4.69356
854	4.69201
856	4.69258
858	4.69393
860	4.69355
862	4.6939
864	4.69332
866	4.69391
868	4.69407
870	4.69409
872	4.69464
874	4.69288
876	4.6927
878	4.69334
880	4.69414
882	4.69325
884	4.69338
886	4.69394
888	4.69317
890	4.69231
892	4.69163
894	4.68588
896	4.6421
898	4.56657
900	4.48058
902	4.39762
904	4.31818
906	4.24385
908	4.17859
910	4.1218
912	4.07081
914	4.02511
916	3.98694
918	3.95256
920	3.92238
922	3.89885
924	3.90338
926	3.94655
928	4.01181
930	4.08367
932	4.15331
934	4.21765
936	4.27534
938	4.32801
940	4.37656
942	4.41889
944	4.45583
946	4.48562
948	4.51166
950	4.53381
952	4.55375
954	4.57051
956	4.58596
958	4.59861
960	4.60988
962	4.61857
964	4.62592
966	4.6322
968	4.63763
970	4.64307
972	4.64792
974	4.65253
976	4.65573
978	4.65876
980	4.66167
982	4.66426
984	4.66645
986	4.6689
988	4.67088
990	4.67388
992	4.67552
994	4.67676
996	4.6774
998	4.67857
1000	4.67879
1002	4.68051
1004	4.68107
1006	4.68243
1008	4.68341
1010	4.68458
1012	4.68531
1014	4.68662
1016	4.68821
1018	4.68789
1020	4.68732
1022	4.68784
1024	4.68888
1026	4.68897
1028	4.68974
1030	4.68908
1032	4.68733
1034	4.68686
1036	4.68689
1038	4.68888
1040	4.68934
1042	4.68855
1044	4.6885
1046	4.6891
1048	4.68933
1050	4.69013
1052	4.69003
1054	4.69086
1056	4.69018
1058	4.6898
1060	4.6909
1062	4.69106
1064	4.69114
1066	4.69257
1068	4.69244
1070	4.69236
1072	4.69196
1074	4.69142
1076	4.6909
1078	4.69147
1080	4.69238
1082	4.6925
1084	4.69252
1086	4.69285
1088	4.6926
1090	4.69178
1092	4.69158
1094	4.6922
1096	4.69253
1098	4.69274
1100	4.69199
1102	4.69211
1104	4.69151
1106	4.69035
1108	4.69028
1110	4.69001
1112	4.69078
1114	4.69117
1116	4.69152
1118	4.69199
1120	4.69163
1122	4.69173
1124	4.69208
1126	4.69148
1128	4.69173
1130	4.69359
1132	4.69332
1134	4.69062
1136	4.69046
1138	4.69104
1140	4.69134
1142	4.68904
1144	4.68942
1146	4.6909
1148	4.69149
1150	4.69194
1152	4.69241
1154	4.69251
1156	4.69278
1158	4.69193
1160	4.69193
1162	4.69102
1164	4.69226
1166	4.69239
1168	4.69176
1170	4.6869
1172	4.64976
1174	4.57716
1176	4.49145
1178	4.40414
1180	4.32156
1182	4.24766
1184	4.18166
1186	4.12202
1188	4.06962
1190	4.02296
1192	3.98368
1194	3.94963
1196	3.91819
1198	3.89294
1200	3.89126
1202	3.93066
1204	3.99379
1206	4.06455
1208	4.13608
1210	4.20344
1212	4.26372
1214	4.31899
1216	4.36658
1218	4.40834
1220	4.44499
1222	4.47725
1224	4.50616
1226	4.53026
1228	4.55041
1230	4.56695
1232	4.58073
1234	4.59509
1236	4.60642
1238	4.61619
1240	4.62476
1242	4.63013
1244	4.63626
1246	4.64224
1248	4.64745
1250	4.65221
1252	4.65554
1254	4.65863
1256	4.6612
1258	4.66506
1260	4.66628
1262	4.6666
1264	4.66884
1266	4.67059
1268	4.67148
1270	4.67272
1272	4.67418
1274	4.67674
1276	4.67808
1278	4.67973
1280	4.68182
1282	4.68268
1284	4.68248
1286	4.68284
1288	4.68341
1290	4.68426
1292	4.68354
1294	4.68287
1296	4.68388
1298	4.68499
1300	4.68723
1302	4.6892
1304	4.68979
1306	4.68911
1308	4.68794
1310	4.68742
1312	4.68843
1314	4.68905
1316	4.68808
1318	4.68967
1320	4.68962
1322	4.68909
1324	4.68888
1326	4.68917
1328	4.68895
1330	4.68868
1332	4.68892
1334	4.68931
1336	4.68899
1338	4.68856
1340	4.68931
1342	4.69054
1344	4.68986
1346	4.68971
1348	4.68969
1350	4.68775
1352	4.68903
1354	4.6893
1356	4.68969
1358	4.69011
1360	4.68985
1362	4.69023
1364	4.68983
1366	4.68939
1368	4.68904
1370	4.68973
1372	4.69001
1374	4.69021
1376	4.69005
1378	4.68941
1380	4.68892
1382	4.68897
1384	4.68956
1386	4.69053
1388	4.6914
1390	4.69245
1392	4.69261
1394	4.69231
1396	4.69197
1398	4.69208
1400	4.69126
1402	4.68966
1404	4.69023
1406	4.69134
1408	4.69184
1410	4.69278
1412	4.69247
1414	4.69067
1416	4.69054
1418	4.68952
1420	4.6904
1422	4.69061
1424	4.69036
1426	4.6895
1428	4.68989
1430	4.69024
1432	4.69058
1434	4.68937
1436	4.68961
1438	4.69041
1440	4.6893
1442	4.69041
1444	4.69035
1446	4.68579
1448	4.65033
1450	4.58211
1452	4.49938
1454	4.41192
1456	4.32901
1458	4.25529
1460	4.18814
1462	4.1277
1464	4.07335
1466	4.026
1468	3.98766
1470	3.9523
1472	3.92089
1474	3.89442
1476	3.88903
1478	3.92206
1480	3.97986
1482	4.04788
1484	4.11732
1486	4.18369
1488	4.24396
1490	4.29904
1492	4.34844
1494	4.39153
1496	4.42937
1498	4.46272
1500	4.49205
1502	4.517
1504	4.53931
1506	4.55694
1508	4.57234
1510	4.58505
1512	4.59519
1514	4.60528
1516	4.61504
1518	4.62338
1520	4.6301
1522	4.63462
1524	4.64081
1526	4.64658
1528	4.64946
1530	4.65247
1532	4.656
1534	4.65816
1536	4.66093
1538	4.66336
1540	4.66476
1542	4.66691
1544	4.66786
1546	4.66892
1548	4.6714
1550	4.6736
1552	4.6759
1554	4.67528
1556	4.67625
1558	4.67684
1560	4.677
1562	4.67997
1564	4.68237
1566	4.68229
1568	4.68275
1570	4.682
1572	4.68388
1574	4.68596
1576	4.68538
1578	4.68619
1580	4.68731
1582	4.68828
1584	4.68767
1586	4.68628
1588	4.68608
1590	4.68497
1592	4.68608
1594	4.68711
1596	4.68732
1598	4.68747
1600	4.68735
1602	4.68782
1604	4.68781
1606	4.68814
1608	4.68882
1610	4.68855
1612	4.68844
1614	4.68943
1616	4.6892
1618	4.68985
1620	4.68992
1622	4.68868
1624	4.68837
1626	4.68756
1628	4.68818
1630	4.68927
1632	4.68924
1634	4.68938
1636	4.6887
1638	4.68941
1640	4.68971
1642	4.69061
1644	4.68858
1646	4.68752
1648	4.68835
1650	4.68714
1652	4.68705
1654	4.68782
1656	4.68836
1658	4.68729
1660	4.68827
1662	4.68817
1664	4.68959
1666	4.69085
1668	4.68999
1670	4.68918
1672	4.68832
1674	4.6876
1676	4.68587
1678	4.68644
1680	4.6866
1682	4.68729
1684	4.68711
1686	4.68698
1688	4.68654
1690	4.68683
1692	4.68564
1694	4.68625
1696	4.68659
1698	4.68656
1700	4.68696
1702	4.68734
1704	4.68641
1706	4.68705
1708	4.6879
1710	4.68821
1712	4.68715
1714	4.68584
1716	4.68623
1718	4.68753
1720	4.68823
1722	4.68478
1724	4.65341
1726	4.58882
1728	4.50579
1730	4.41869
1732	4.33559
1734	4.25904
1736	4.19299
1738	4.13315
1740	4.07944
1742	4.03222
1744	3.99177
1746	3.95649
1748	3.92592
1750	3.90251
1752	3.89415
1754	3.91704
1756	3.9665
1758	4.03067
1760	4.09945
1762	4.16583
1764	4.22739
1766	4.28302
1768	4.33341
1770	4.37875
1772	4.41834
1774	4.45357
1776	4.48299
1778	4.50775
1780	4.53131
1782	4.55041
1784	4.56643
1786	4.57978
1788	4.59154
1790	4.6015
1792	4.61049
1794	4.6179
1796	4.62556
1798	4.63206
1800	4.63592
1802	4.64059
1804	4.64496
1806	4.64911
1808	4.6525
1810	4.65529
1812	4.65872
1814	4.66192
1816	4.66357
1818	4.66575
1820	4.66822
1822	4.66889
1824	4.66978
1826	4.67142
1828	4.67229
1830	4.67384
1832	4.67494
1834	4.67679
1836	4.67744
1838	4.6773
1840	4.6787
1842	4.68003
1844	4.67997
1846	4.67926
1848	4.68032
1850	4.68106
1852	4.68126
1854	4.68187
1856	4.68426
1858	4.68485
1860	4.68407
1862	4.68357
1864	4.68393
1866	4.68579
1868	4.6858
1870	4.68583
1872	4.68569
1874	4.68542
1876	4.6844
1878	4.68431
1880	4.68388
1882	4.68445
1884	4.68449
1886	4.68477
1888	4.68627
1890	4.68685
1892	4.68531
1894	4.68384
1896	4.68453
1898	4.68449
1900	4.68405
1902	4.68399
1904	4.6843
1906	4.68466
1908	4.68399
1910	4.68454
1912	4.68528
1914	4.68469
1916	4.68523
1918	4.68622
1920	4.68688
1922	4.68698
1924	4.68762
1926	4.68761
1928	4.68756
1930	4.68846
1932	4.68851
1934	4.68881
1936	4.68886
1938	4.68817
1940	4.68769
1942	4.68773
1944	4.68685
1946	4.68771
1948	4.68658
1950	4.68657
1952	4.68779
1954	4.68767
1956	4.6864
1958	4.68664
1960	4.68609
1962	4.68719
1964	4.68826
1966	4.68669
1968	4.68612
1970	4.68603
1972	4.68557
1974	4.6855
1976	4.68382
1978	4.68499
1980	4.68644
1982	4.68703
1984	4.68728
1986	4.68691
1988	4.68707
1990	4.68688
1992	4.68618
1994	4.68614
1996	4.68655
1998	4.68392
2000	4.65635
2002	4.59419
2004	4.51542
2006	4.43196
2008	4.35072
2010	4.27606
2012	4.20754
2014	4.14782
2016	4.09571
2018	4.04961
2020	4.00838
2022	3.9744
2024	3.94747
2026	3.9249
2028	3.91358
2030	3.92901
2032	3.96778
2034	4.0236
2036	4.086
2038	4.14769
2040	4.20754
2042	4.26345
2044	4.31351
2046	4.35794
2048	4.39818
2050	4.43312
2052	4.46456
2054	4.49223
2056	4.51675
2058	4.53697
2060	4.55396
2062	4.5685
2064	4.58202
2066	4.59338
2068	4.60214
2070	4.6104
2072	4.61806
2074	4.62496
2076	4.6311
2078	4.63637
2080	4.64077
2082	4.64421
2084	4.647
2086	4.65022
2088	4.654
2090	4.65715
2092	4.65972
2094	4.66091
2096	4.66274
2098	4.66527
2100	4.66758
2102	4.66977
2104	4.67267
2106	4.67381
2108	4.67405
2110	4.67513
2112	4.67711
2114	4.67733
2116	4.67665
2118	4.67696
2120	4.67796
2122	4.67754
2124	4.6774
2126	4.6787
2128	4.67999
2130	4.67962
2132	4.67907
2134	4.68062
2136	4.68098
2138	4.68041
2140	4.67965
2142	4.68023
2144	4.6808
2146	4.68162
2148	4.68085
2150	4.68132
2152	4.68248
2154	4.6829
2156	4.68378
2158	4.68351
2160	4.68382
2162	4.68529
2164	4.68584
2166	4.68616
2168	4.68568
2170	4.68405
2172	4.68342
2174	4.68352
2176	4.6843
2178	4.68452
2180	4.68507
2182	4.68492
2184	4.68499
2186	4.68549
2188	4.68523
2190	4.68601
2192	4.6852
2194	4.6841
2196	4.68354
2198	4.68369
2200	4.68555
2202	4.68523
2204	4.68455
2206	4.68479
2208	4.68422
2210	4.68356
2212	4.68431
2214	4.68328
2216	4.68307
2218	4.68358
2220	4.68463
2222	4.68415
2224	4.68433
2226	4.68375
2228	4.68307
2230	4.68255
2232	4.68308
2234	4.68254
2236	4.68192
2238	4.68253
2240	4.68422
2242	4.68439
2244	4.6845
2246	4.68446
2248	4.68451
2250	4.68539
2252	4.6849
2254	4.68434
2256	4.68421
2258	4.68429
2260	4.68352
2262	4.68433
2264	4.68451
2266	4.68433
2268	4.68404
2270	4.68473
2272	4.68558
2274	4.68407
2276	4.66064
2278	4.60475
2280	4.53174
2282	4.45216
2284	4.37484
2286	4.30394
2288	4.24069
2290	4.18668
2292	4.13993
2294	4.09926
2296	4.06711
2298	4.04164
2300	4.02032
2302	4.00514
2304	3.99689
2306	4.00486
2308	4.0268
2310	4.06147
2312	4.10359
2314	4.14945
2316	4.19695
2318	4.24341
2320	4.28894
2322	4.33023
2324	4.36757
2326	4.40106
2328	4.43155
2330	4.45932
2332	4.48463
2334	4.50557
2336	4.52538
2338	4.5435
2340	4.55886
2342	4.57089
2344	4.58139
2346	4.59131
2348	4.60095
2350	4.60967
2352	4.61653
2354	4.62367
2356	4.62809
2358	4.6321
2360	4.6382
2362	4.64225
2364	4.64445
2366	4.64731
2368	4.65028
2370	4.65333
2372	4.65599
2374	4.65674
2376	4.6598
2378	4.66287
2380	4.66416
2382	4.66609
2384	4.66812
2386	4.66885
2388	4.67004
2390	4.67205
2392	4.67289
2394	4.67363
2396	4.67335
2398	4.67321
2400	4.6731
2402	4.67382
2404	4.67413
2406	4.67518
2408	4.67745
2410	4.67872
2412	4.6794
2414	4.67949
2416	4.68061
2418	4.68132
2420	4.68048
2422	4.68003
2424	4.68002
2426	4.67978
2428	4.67972
2430	4.6798
2432	4.67958
2434	4.67939
2436	4.67973
2438	4.68163
2440	4.68374
2442	4.68375
2444	4.68344
2446	4.68361
2448	4.68382
2450	4.68215
2452	4.68084
2454	4.6796
2456	4.68074
2458	4.6811
2460	4.68095
2462	4.68103
2464	4.68049
2466	4.68112
2468	4.68157
2470	4.68194
2472	4.68016
2474	4.67976
2476	4.67989
2478	4.68078
2480	4.68178
2482	4.68255
2484	4.68314
2486	4.68194
2488	4.68204
2490	4.68114
2492	4.68074
2494	4.68006
2496	4.68087
2498	4.68002
2500	4.68041
2502	4.68138
2504	4.68194
2506	4.68269
2508	4.6825
2510	4.68157
2512	4.68121
2514	4.68114
2516	4.68219
2518	4.68283
2520	4.68252
2522	4.6819
2524	4.68112
2526	4.68122
2528	4.68141
2530	4.68061
2532	4.68119
2534	4.68154
2536	4.68104
2538	4.6824
2540	4.68222
2542	4.68225
2544	4.6821
2546	4.68226
2548	4.68254
2550	4.68142
2552	4.66588
2554	4.62292
2556	4.56293
2558	4.49611
2560	4.43026
2562	4.37148
2564	4.32168
2566	4.27964
2568	4.24451
2570	4.21828
2572	4.1976
2574	4.18235
2576	4.17216
2578	4.16786
2580	4.16782
2582	4.17271
2584	4.18507
2586	4.20425
2588	4.22807
2590	4.25157
2592	4.27631
2594	4.30055
2596	4.32493
2598	4.34907
2600	4.37238
2602	4.39483
2604	4.41608
2606	4.43612
2608	4.45455
2610	4.4724
2612	4.48898
2614	4.50342
2616	4.51739
2618	4.5307
2620	4.54228
2622	4.55362
2624	4.5647
2626	4.574
2628	4.5821
2630	4.58932
2632	4.59647
2634	4.60394
2636	4.61
2638	4.61551
2640	4.61986
2642	4.62383
2644	4.62786
2646	4.63246
2648	4.63602
2650	4.63972
2652	4.64312
2654	4.64595
2656	4.64855
2658	4.65129
2660	4.65382
2662	4.65506
2664	4.65642
2666	4.65817
2668	4.65948
2670	4.66086
2672	4.66201
2674	4.6621
2676	4.66369
2678	4.66632
2680	4.66766
2682	4.66821
2684	4.66836
2686	4.66903
2688	4.67021
2690	4.67125
2692	4.67256
2694	4.67377
2696	4.67453
2698	4.6749
2700	4.67651
2702	4.67729
2704	4.67684
2706	4.6771
2708	4.67769
2710	4.67809
2712	4.67852
2714	4.67786
2716	4.67757
2718	4.67815
2720	4.67736
2722	4.67626
2724	4.67676
2726	4.67684
2728	4.67579
2730	4.67627
2732	4.67725
2734	4.67768
2736	4.6777
2738	4.6788
2740	4.67835
2742	4.67854
2744	4.67823
2746	4.67859
2748	4.67881
2750	4.67889
2752	4.67897
2754	4.67819
2756	4.67832
2758	4.67725
2760	4.67766
2762	4.67755
2764	4.67684
2766	4.67799
2768	4.67874
2770	4.67933
2772	4.67852
2774	4.67791
2776	4.67687
2778	4.67707
2780	4.67863
2782	4.68015
2784	4.67956
2786	4.6801
2788	4.68001
2790	4.67958
2792	4.67876
2794	4.6784
2796	4.67808
2798	4.67814
2800	4.67762
2802	4.67835
2804	4.67917
2806	4.67993
2808	4.67973
2810	4.67842
2812	4.67823
2814	4.67788
2816	4.67876
2818	4.67945
2820	4.67814
2822	4.67691
2824	4.67719
2826	4.67694
2828	4.66699
2830	4.64364
2832	4.61039
2834	4.57085
2836	4.53206
2838	4.50074
2840	4.47353
2842	4.4507
2844	4.43468
2846	4.42424
2848	4.41704
2850	4.40999
2852	4.4062
2854	4.40611
2856	4.40781
2858	4.41149
2860	4.41708
2862	4.4253
2864	4.43358
2866	4.44219
2868	4.45064
2870	4.45845
2872	4.46707
2874	4.47715
2876	4.48637
2878	4.49442
2880	4.50221
2882	4.50976
2884	4.51794
2886	4.5257
2888	4.53515
2890	4.54579
2892	4.55501
2894	4.56362
2896	4.57136
2898	4.57696
2900	4.58334
2902	4.58966
2904	4.59599
2906	4.60123
2908	4.60669
2910	4.61191
2912	4.61622
2914	4.62151
2916	4.62572
2918	4.6299
2920	4.63289
2922	4.63418
2924	4.63711
2926	4.64098
2928	4.64314
2930	4.64441
2932	4.64568
2934	4.64792
2936	4.65009
2938	4.65102
2940	4.65347
2942	4.65663
2944	4.65774
2946	4.65749
2948	4.65727
2950	4.65725
2952	4.65863
2954	4.66067
2956	4.66166
2958	4.66149
2960	4.66198
2962	4.66202
2964	4.66232
2966	4.66237
2968	4.66373
2970	4.6646
2972	4.66445
2974	4.66603
2976	4.66701
2978	4.66766
2980	4.66738
2982	4.6678
2984	4.66847
2986	4.6689
2988	4.6695
2990	4.67063
2992	4.67058
2994	4.66951
2996	4.6693
2998	4.66988
3000	4.6697
3002	4.66935
3004	4.67046
3006	4.67058
3008	4.67045
3010	4.67151
3012	4.67045
3014	4.66914
3016	4.66943
3018	4.66974
3020	4.66974
3022	4.67087
3024	4.67034
3026	4.66991
3028	4.67116
3030	4.67334
3032	4.67389
3034	4.67385
3036	4.67407
3038	4.67342
3040	4.6734
3042	4.67317
3044	4.67218
3046	4.67229
3048	4.67182
3050	4.67388
3052	4.67303
3054	4.67085
3056	4.6704
3058	4.67078
3060	4.67118
3062	4.67151
3064	4.67029
3066	4.67044
3068	4.67296
3070	4.67286
3072	4.67148
3074	4.67134
3076	4.67126
3078	4.67085
3080	4.67122
3082	4.67212
3084	4.67264
3086	4.67314
3088	4.6735
3090	4.67329
3092	4.67292
3094	4.67181
3096	4.67307
3098	4.67424
3100	4.6731
3102	4.67202
3104	4.6683
3106	4.65944
3108	4.646
3110	4.6323
3112	4.61987
3114	4.60819
3116	4.59783
3118	4.59046
3120	4.58378
3122	4.57971
3124	4.57644
3126	4.57401
3128	4.57265
3130	4.57061
3132	4.56993
3134	4.57038
3136	4.57296
3138	4.57598
3140	4.57934
3142	4.58245
3144	4.58509
3146	4.58776
3148	4.59122
3150	4.5954
3152	4.59979
3154	4.603
3156	4.6068
3158	4.61069
3160	4.61336
3162	4.617
3164	4.6207
3166	4.62364
3168	4.62583
3170	4.62929
3172	4.63291
3174	4.63488
3176	4.63588
3178	4.63833
3180	4.64145
3182	4.64355
3184	4.64652
3186	4.64726
3188	4.64817
3190	4.64885
3192	4.649
3194	4.65117
3196	4.65382
3198	4.6553
3200	4.65662
3202	4.65865
3204	4.65974
3206	4.66005
3208	4.66022
3210	4.65997
3212	4.66104
3214	4.66181
3216	4.66245
3218	4.66329
3220	4.66345
3222	4.66389
3224	4.66388
3226	4.66262
3228	4.66227
3230	4.66234
3232	4.66241
3234	4.66228
3236	4.66297
3238	4.66314
3240	4.66195
3242	4.66319
3244	4.66484
3246	4.66439
3248	4.66524
3250	4.66596
3252	4.66633
3254	4.66723
3256	4.66899
3258	4.66757
3260	4.66763
3262	4.66675
3264	4.66566
3266	4.66581
3268	4.66695
3270	4.66798
3272	4.66875
3274	4.669
3276	4.66778
3278	4.66732
3280	4.66761
3282	4.66687
3284	4.66553
3286	4.6669
3288	4.66793
3290	4.66828
3292	4.66991
3294	4.6704
3296	4.6695
3298	4.66929
3300	4.66862
3302	4.66864
3304	4.66745
3306	4.66643
3308	4.66695
3310	4.66771
3312	4.668
3314	4.66801
3316	4.66893
3318	4.66827
3320	4.66798
3322	4.66714
3324	4.66794
3326	4.66878
3328	4.66922
3330	4.66826
3332	4.66741
3334	4.66743
3336	4.66752
3338	4.66727
3340	4.66707
3342	4.66777
3344	4.66761
3346	4.6666
3348	4.6657
3350	4.66542
3352	4.66601
3354	4.66701
3356	4.668
3358	4.66785
3360	4.66853
3362	4.66727
3364	4.66723
3366	4.66765
3368	4.66911
3370	4.66809
3372	4.66749
3374	4.66787
3376	4.66865
3378	4.66911
3380	4.66696
3382	4.66383
3384	4.65752
3386	4.65438
3388	4.65072
3390	4.64506
3392	4.63941
3394	4.63366
3396	4.631
3398	4.62821
3400	4.62695
3402	4.62379
3404	4.62229
3406	4.62205
3408	4.62304
3410	4.62265
3412	4.62424
3414	4.62544
3416	4.62646
3418	4.62798
3420	4.62926
3422	4.63044
3424	4.63093
3426	4.63263
3428	4.63407
3430	4.63603
3432	4.63934
3434	4.64138
3436	4.64253
3438	4.6432
3440	4.64534
3442	4.64759
3444	4.6471
3446	4.64738
3448	4.64827
3450	4.64988
3452	4.65188
3454	4.65202
3456	4.65356
3458	4.65558
3460	4.65719
3462	4.65711
3464	4.6568
3466	4.65701
3468	4.65702
3470	4.65814
3472	4.65927
3474	4.66057
3476	4.66043
3478	4.66108
3480	4.66165
3482	4.66161
3484	4.66101
3486	4.66047
3488	4.66125
3490	4.66264
3492	4.6637
3494	4.66352
3496	4.66426
3498	4.66519
3500	4.66571
3502	4.66538
3504	4.66645
3506	4.66619
3508	4.66538
3510	4.66615
3512	4.66667
3514	4.66665
3516	4.66652
3518	4.66699
3520	4.66503
3522	4.66443
3524	4.6651
3526	4.66574
3528	4.66707
3530	4.66766
3532	4.66841
3534	4.66851
3536	4.66838
3538	4.66734
3540	4.66775
3542	4.66725
3544	4.66619
3546	4.66711
3548	4.66716
3550	4.66607
3552	4.66645
3554	4.66703
3556	4.66676
3558	4.66421
3560	4.66502
3562	4.66586
3564	4.66646
3566	4.66731
3568	4.66763
3570	4.66692
3572	4.66676
3574	4.66713
3576	4.66777
3578	4.66848
3580	4.66726
3582	4.66695
3584	4.66629
3586	4.66628
3588	4.66758
3590	4.66748
3592	4.66585
3594	4.6663
3596	4.66527
3598	4.66441
3600	4.66516
3602	4.66584
3604	4.66667
3606	4.66604
3608	4.66575
3610	4.66571
3612	4.66553
3614	4.66478
3616	4.66638
3618	4.66685
3620	4.66663
3622	4.66619
3624	4.66616
3626	4.66758
3628	4.66822
3630	4.6679
3632	4.66747
3634	4.66693
3636	4.66636
3638	4.66684
3640	4.66692
3642	4.66757
3644	4.66769
3646	4.66694
3648	4.6659
3650	4.66509
3652	4.6655
3654	4.66541
3656	4.66291
3658	4.6598
3660	4.65871
3662	4.65458
3664	4.65171
3666	4.65054
3668	4.64933
3670	4.64751
3672	4.64684
3674	4.64423
3676	4.64091
3678	4.63976
3680	4.63846
3682	4.63766
3684	4.63827
3686	4.63991
3688	4.64195
3690	4.64216
3692	4.64258
3694	4.64239
3696	4.64209
3698	4.64271
3700	4.64298
3702	4.64358
3704	4.64549
3706	4.64553
3708	4.64517
3710	4.64668
3712	4.64751
3714	4.64956
3716	4.65144
3718	4.65336
3720	4.65394
3722	4.65413
3724	4.65493
3726	4.65512
3728	4.65603
3730	4.65602
3732	4.65734
3734	4.65805
3736	4.65889
3738	4.65966
3740	4.66117
3742	4.6625
3744	4.66186
3746	4.66186
3748	4.66049
3750	4.66089
3752	4.66228
3754	4.66085
3756	4.66003
3758	4.66056
3760	4.66179
3762	4.66272
3764	4.66341
3766	4.66361
3768	4.66279
3770	4.66357
3772	4.66352
3774	4.66317
3776	4.66393
3778	4.66444
3780	4.66504
3782	4.66629
3784	4.66561
3786	4.66625
3788	4.66672
3790	4.66611
3792	4.66618
3794	4.6656
3796	4.66483
3798	4.66414
3800	4.6648
3802	4.66447
3804	4.66493
3806	4.66531
3808	4.66569
3810	4.6657
3812	4.66582
3814	4.66536
3816	4.66535
3818	4.66599
3820	4.66734
3822	4.66694
3824	4.66628
3826	4.66613
3828	4.6646
3830	4.66348
3832	4.66323
3834	4.6631
3836	4.66392
3838	4.66348
3840	4.66318
3842	4.66519
3844	4.66649
3846	4.6664
3848	4.66563
3850	4.66429
3852	4.66442
3854	4.66392
3856	4.66432
3858	4.66521
3860	4.66592
3862	4.66652
3864	4.6654
3866	4.66554
3868	4.66598
3870	4.66662
3872	4.66628
3874	4.66645
3876	4.66651
3878	4.66606
3880	4.66624
3882	4.66732
3884	4.66631
3886	4.66617
3888	4.66594
3890	4.66475
3892	4.66495
3894	4.66549
3896	4.66658
3898	4.66661
3900	4.66566
3902	4.66513
3904	4.66514
3906	4.66511
3908	4.66513
3910	4.66566
3912	4.66628
3914	4.66544
3916	4.66666
3918	4.66639
3920	4.6658
3922	4.6663
3924	4.66615
3926	4.66631
3928	4.66642
3930	4.66455
3932	4.66294
3934	4.66029
3936	4.65847
3938	4.6568
3940	4.65457
3942	4.65459
3944	4.65244
3946	4.65043
3948	4.64756
3950	4.64711
3952	4.64597
3954	4.64371
3956	4.64319
3958	4.642
3960	4.64096
3962	4.64186
3964	4.64334
3966	4.64256
3968	4.64301
3970	4.64274
3972	4.64206
3974	4.64134
3976	4.64233
3978	4.64526
3980	4.64584
3982	4.64701
3984	4.64859
3986	4.65033
3988	4.65097
3990	4.65237
3992	4.65299
3994	4.65386
3996	4.65516
3998	4.65473
4000	4.65511
4002	4.65611
4004	4.65644
4006	4.65818
4008	4.65779
4010	4.65741
4012	4.65726
4014	4.65796
4016	4.65912
4018	4.65945
4020	4.65972
4022	4.66015
4024	4.66074
4026	4.66086
4028	4.66225
4030	4.66277
4032	4.6629
4034	4.66361
4036	4.66305
4038	4.66224
4040	4.66202
4042	4.66313
4044	4.66314
4046	4.66145
4048	4.66045
4050	4.66171
4052	4.66194
4054	4.66169
4056	4.66124
4058	4.66118
4060	4.66093
4062	4.66056
4064	4.66124
4066	4.66254
4068	4.66156
4070	4.66078
4072	4.66133
4074	4.6627
4076	4.66307
4078	4.66369
4080	4.66381
4082	4.66372
4084	4.66408
4086	4.66456
4088	4.66434
4090	4.66452
4092	4.66515
4094	4.66543
4096	4.66532
4098	4.66498
4100	4.66364
4102	4.66325
4104	4.66347
4106	4.66176
4108	4.66134
4110	4.66253
4112	4.66259
4114	4.66142
4116	4.66146
4118	4.66184
4120	4.6619
4122	4.66308
4124	4.6632
4126	4.66298
4128	4.6627
4130	4.66231
4132	4.66263
4134	4.66231
4136	4.66151
4138	4.66221
4140	4.663
4142	4.66388
4144	4.66496
4146	4.66413
4148	4.66336
4150	4.66344
4152	4.66444
4154	4.66571
4156	4.66469
4158	4.66342
4160	4.6628
4162	4.66341
4164	4.66281
4166	4.66288
4168	4.66406
4170	4.66467
4172	4.66307
4174	4.66251
4176	4.66307
4178	4.6629
4180	4.6624
4182	4.66266
4184	4.66204
4186	4.66232
4188	4.6623
4190	4.66233
4192	4.66142
4194	4.66247
4196	4.66343
4198	4.66383
4200	4.66373
4202	4.66314
4204	4.66367
4206	4.66395
4208	4.6627
4210	4.66111
4212	4.65919
4214	4.6561
4216	4.65589
4218	4.65456
4220	4.65346
4222	4.65346
4224	4.65083
4226	4.64778
4228	4.64645
4230	4.6449
4232	4.64473
4234	4.64409
4236	4.64323
4238	4.64349
4240	4.64431
4242	4.64565
4244	4.64688
4246	4.64629
4248	4.6456
4250	4.64568
4252	4.64658
4254	4.64672
4256	4.64694
4258	4.64733
4260	4.64839
4262	4.64874
4264	4.64815
4266	4.64856
4268	4.64933
4270	4.65115
4272	4.65161
4274	4.6513
4276	4.65213
4278	4.65213
4280	4.653
4282	4.6549
4284	4.65526
4286	4.65586
4288	4.65618
4290	4.65694
4292	4.65757
4294	4.65858
4296	4.65796
4298	4.65907
4300	4.65926
4302	4.65965
4304	4.66068
4306	4.66016
4308	4.65908
4310	4.65867
4312	4.6586
4314	4.65848
4316	4.66003
4318	4.66033
4320	4.66091
4322	4.66136
4324	4.66061
4326	4.66064
4328	4.66169
4330	4.66256
4332	4.663
4334	4.66291
4336	4.66244
4338	4.66306
4340	4.66321
4342	4.6621
4344	4.66136
4346	4.66056
4348	4.66029
4350	4.66223
4352	4.66136
4354	4.66123
4356	4.66119
4358	4.66086
4360	4.66173
4362	4.66197
4364	4.66098
4366	4.65946
4368	4.65987
4370	4.65984
4372	4.65824
4374	4.65876
4376	4.65888
4378	4.65905
4380	4.66035
4382	4.66015
4384	4.66078
4386	4.66139
4388	4.66089
4390	4.6609
4392	4.66157
4394	4.66188
4396	4.66275
4398	4.66323
4400	4.66203
4402	4.66131
4404	4.66055
4406	4.66135
4408	4.66116
4410	4.66049
4412	4.66076
4414	4.66202
4416	4.6625
4418	4.66143
4420	4.66229
4422	4.66233
4424	4.66179
4426	4.66176
4428	4.66123
4430	4.66139
4432	4.66143
4434	4.66101
4436	4.66101
4438	4.66018
4440	4.66091
4442	4.66165
4444	4.66264
4446	4.66275
4448	4.6617
4450	4.66118
4452	4.66125
4454	4.66114
4456	4.66096
4458	4.66076
4460	4.65979
4462	4.65937
4464	4.65966
4466	4.6603
4468	4.6617
4470	4.66234
4472	4.66136
4474	4.6615
4476	4.66215
4478	4.66284
4480	4.66221
4482	4.66182
4484	4.6605
4486	4.65761
4488	4.65661
4490	4.65588
4492	4.65214
4494	4.64889
4496	4.64811
4498	4.64883
4500	4.64671
4502	4.64564
4504	4.64452
4506	4.64338
4508	4.644
4510	4.64272
4512	4.64273
4514	4.64303
4516	4.64452
4518	4.64575
4520	4.6444
4522	4.64454
4524	4.64408
4526	4.64336
4528	4.64357
4530	4.64405
4532	4.64505
4534	4.64546
4536	4.6454
4538	4.64646
4540	4.64857
4542	4.64988
4544	4.64988
4546	4.65015
4548	4.65025
4550	4.65089
4552	4.65254
4554	4.65429
4556	4.65429
4558	4.65383
4560	4.65494
4562	4.65661
4564	4.65549
4566	4.65422
4568	4.65324
4570	4.65334
4572	4.65367
4574	4.65478
4576	4.6562
4578	4.65619
4580	4.65555
4582	4.65517
4584	4.65628
4586	4.65731
4588	4.6582
4590	4.65809
4592	4.65732
4594	4.65787
4596	4.65829
4598	4.65672
4600	4.65535
4602	4.65582
4604	4.65526
4606	4.65679
4608	4.65832
4610	4.65774
4612	4.65734
4614	4.65757
4616	4.65895
4618	4.6588
4620	4.65763
4622	4.65719
4624	4.65752
4626	4.65847
4628	4.65961
4630	4.65962
4632	4.65932
4634	4.65882
4636	4.6586
4638	4.65953
4640	4.65945
4642	4.65905
4644	4.65915
4646	4.65958
4648	4.65933
4650	4.65864
4652	4.65963
4654	4.65909
4656	4.65826
4658	4.65793
4660	4.65746
4662	4.65749
4664	4.65693
4666	4.65764
4668	4.65854
4670	4.65794
4672	4.65648
4674	4.65664
4676	4.65724
4678	4.65673
4680	4.65716
4682	4.65873
4684	4.65845
4686	4.65848
4688	4.65918
4690	4.65898
4692	4.65743
4694	4.65735
4696	4.65833
4698	4.65825
4700	4.65671
4702	4.65781
4704	4.66007
4706	4.65941
4708	4.65932
4710	4.65841
4712	4.65926
4714	4.66001
4716	4.66002
4718	4.65874
4720	4.65721
4722	4.65708
4724	4.65735
4726	4.6589
4728	4.65933
4730	4.65814
4732	4.65808
4734	4.65894
4736	4.6582
4738	4.65707
4740	4.65682
4742	4.65609
4744	4.6558
4746	4.65611
4748	4.65696
4750	4.65704
4752	4.65805
4754	4.65852
4756	4.65935
4758	4.65892
4760	4.65722
4762	4.65553
4764	4.65376
4766	4.65119
4768	4.64763
4770	4.6465
4772	4.64522
4774	4.64366
4776	4.6431
4778	4.64241
4780	4.64219
4782	4.64237
4784	4.64095
4786	4.63922
4788	4.6393
4790	4.64074
4792	4.64151
4794	4.64267
4796	4.64403
4798	4.64347
4800	4.64306
4802	4.64304
4804	4.64316
4806	4.64341
4808	4.64419
4810	4.64442
4812	4.64379
4814	4.64369
4816	4.64535
4818	4.64526
4820	4.64607
4822	4.64773
4824	4.64746
4826	4.6468
4828	4.64748
4830	4.64874
4832	4.64919
4834	4.64824
4836	4.6482
4838	4.65012
4840	4.65135
4842	4.65102
4844	4.65058
4846	4.65054
4848	4.65195
4850	4.65316
4852	4.65332
4854	4.6525
4856	4.65263
4858	4.65267
4860	4.65351
4862	4.65393
4864	4.65412
4866	4.65398
4868	4.65487
4870	4.65527
4872	4.65571
4874	4.65407
4876	4.65401
4878	4.65572
4880	4.6551
4882	4.65513
4884	4.65627
4886	4.65558
4888	4.65484
4890	4.65498
4892	4.65459
4894	4.65458
4896	4.65404
4898	4.6543
4900	4.65503
4902	4.65496
4904	4.65561
4906	4.65653
4908	4.65727
4910	4.65698
4912	4.65743
4914	4.65794
4916	4.65765
4918	4.65575
4920	4.65434
4922	4.65407
4924	4.65428
4926	4.65485
4928	4.65479
4930	4.65466
4932	4.65499
4934	4.65588
4936	4.65624
4938	4.65604
4940	4.6554
4942	4.65641
4944	4.65632
4946	4.65652
4948	4.65758
4950	4.658
4952	4.65745
4954	4.65708
4956	4.65641
4958	4.65623
4960	4.65492
4962	4.6558
4964	4.65568
4966	4.65447
4968	4.65354
4970	4.65416
4972	4.65447
4974	4.65454
4976	4.65383
4978	4.65255
4980	4.65275
4982	4.65514
4984	4.6559
4986	4.65487
4988	4.65556
4990	4.65503
4992	4.65468
4994	4.65486
4996	4.65518
4998	4.65513
5000	4.65471
5002	4.65488
5004	4.65605
5006	4.6574
5008	4.65631
5010	4.65643
5012	4.65652
5014	4.65702
5016	4.65566
5018	4.65582
5020	4.65569
5022	4.65488
5024	4.6548
5026	4.65627
5028	4.65645
5030	4.65598
5032	4.65619
5034	4.65606
5036	4.65513
5038	4.65296
5040	4.65105
5042	4.65052
5044	4.65074
5046	4.65113
5048	4.64846
5050	4.64622
5052	4.6449
5054	4.64166
5056	4.64028
5058	4.63843
5060	4.63778
5062	4.63792
5064	4.63619
5066	4.63621
5068	4.63611
5070	4.63713
5072	4.6384
5074	4.63878
5076	4.63941
5078	4.63961
5080	4.64037
5082	4.64166
5084	4.64241
5086	4.6433
5088	4.64318
5090	4.64305
5092	4.64297
5094	4.64393
5096	4.64494
5098	4.64586
5100	4.64605
5102	4.6465
5104	4.64771
5106	4.64714
5108	4.64647
5110	4.64783
5112	4.64853
5114	4.64844
5116	4.64825
5118	4.64791
5120	4.6478
5122	4.64854
5124	4.64837
5126	4.64886
5128	4.64945
5130	4.64878
5132	4.64886
5134	4.64981
5136	4.65036
5138	4.65099
5140	4.6521
5142	4.65278
5144	4.65251
5146	4.65179
5148	4.65157
5150	4.65217
5152	4.65319
5154	4.65271
5156	4.6525
5158	4.65183
5160	4.65134
5162	4.6512
5164	4.6513
5166	4.65057
5168	4.64967
5170	4.64909
5172	4.64974
5174	4.65044
5176	4.65017
5178	4.65084
5180	4.65237
5182	4.65336
5184	4.65329
5186	4.65278
5188	4.65262
5190	4.653
5192	4.654
5194	4.65414
5196	4.65284
5198	4.65177
5200	4.65193
5202	4.65153
5204	4.65123
5206	4.65108
5208	4.65211
5210	4.65225
5212	4.65191
5214	4.65149
5216	4.6514
5218	4.6511
5220	4.6519
5222	4.65081
5224	4.64977
5226	4.65027
5228	4.65049
5230	4.65092
5232	4.65124
5234	4.65298
5236	4.65391
5238	4.65521
5240	4.65499
5242	4.6551
5244	4.65424
5246	4.65407
5248	4.65346
5250	4.65423
5252	4.65332
5254	4.65182
5256	4.65226
5258	4.65277
5260	4.65268
5262	4.65361
5264	4.65481
5266	4.65446
5268	4.6526
5270	4.65263
5272	4.65265
5274	4.65144
5276	4.65146
5278	4.65201
5280	4.65149
5282	4.6521
5284	4.65177
5286	4.65128
5288	4.65241
5290	4.65321
5292	4.65356
5294	4.65247
5296	4.65371
5298	4.65335
5300	4.65268
5302	4.65349
5304	4.65423
5306	4.65384
5308	4.65418
5310	4.65334
5312	4.65094
5314	4.65009
5316	4.64875
5318	4.64497
5320	4.64376
5322	4.64263
5324	4.64007
5326	4.63859
5328	4.63828
5330	4.63782
5332	4.6375
5334	4.63599
5336	4.63315
5338	4.63292
5340	4.63451
5342	4.63555
5344	4.6369
5346	4.63689
5348	4.63656
5350	4.63692
5352	4.63689
5354	4.63721
5356	4.63674
5358	4.63705
5360	4.63858
5362	4.63964
5364	4.63867
5366	4.63883
5368	4.64011
5370	4.63905
5372	4.6395
5374	4.6401
5376	4.6403
5378	4.64001
5380	4.64107
5382	4.64307
5384	4.64341
5386	4.64385
5388	4.64459
5390	4.64411
5392	4.64387
5394	4.64388
5396	4.64408
5398	4.64361
5400	4.6453
5402	4.64725
5404	4.64706
5406	4.6482
5408	4.64773
5410	4.64599
5412	4.64565
5414	4.64613
5416	4.64572
5418	4.64717
5420	4.64704
5422	4.64767
5424	4.64846
5426	4.64827
5428	4.64823
5430	4.64769
5432	4.64904
5434	4.64897
5436	4.65023
5438	4.65063
5440	4.64961
5442	4.64881
5444	4.64858
5446	4.64885
5448	4.6487
5450	4.6502
5452	4.6502
5454	4.64981
5456	4.64942
5458	4.65046
5460	4.65044
5462	4.65019
5464	4.64982
5466	4.6488
5468	4.64886
5470	4.64899
5472	4.64817
5474	4.64717
5476	4.64733
5478	4.64848
5480	4.64794
5482	4.64826
5484	4.64952
5486	4.65025
5488	4.65114
5490	4.65139
5492	4.65051
5494	4.64978
5496	4.64931
5498	4.64828
5500	4.64821
5502	4.64801
5504	4.64836
5506	4.64865
5508	4.64916
5510	4.65036
5512	4.65102
5514	4.65101
5516	4.65039
5518	4.64934
5520	4.65054
5522	4.651
5524	4.65073
5526	4.64932
5528	4.64716
5530	4.64667
5532	4.64717
5534	4.64826
5536	4.64828
5538	4.65004
5540	4.65085
5542	4.65015
5544	4.64968
5546	4.64976
5548	4.64964
5550	4.64974
5552	4.6488
5554	4.64897
5556	4.65076
5558	4.65184
5560	4.65174
5562	4.65148
5564	4.65122
5566	4.6502
5568	4.64888
5570	4.64827
5572	4.64784
5574	4.64717
5576	4.64559
5578	4.647
5580	4.64788
5582	4.6473
5584	4.64864
5586	4.64881
5588	4.64871
5590	4.64799
5592	4.64609
5594	4.645
5596	4.64303
5598	4.64242
5600	4.64175
5602	4.63985
5604	4.63673
5606	4.63482
5608	4.63275
5610	4.63246
5612	4.63194
5614	4.6308
5616	4.63044
5618	4.63009
5620	4.63258
5622	4.63435
5624	4.63416
5626	4.63421
5628	4.63535
5630	4.63646
5632	4.636
5634	4.63575
5636	4.63586
5638	4.63525
5640	4.63479
5642	4.63483
5644	4.63605
5646	4.63754
5648	4.63769
5650	4.6374
5652	4.63728
5654	4.63832
5656	4.63872
5658	4.63952
5660	4.63945
5662	4.63877
5664	4.63903
5666	4.63976
5668	4.64023
5670	4.6405
5672	4.64131
5674	4.64311
5676	4.64259
5678	4.64179
5680	4.64241
5682	4.64302
5684	4.64297
5686	4.64339
5688	4.64304
5690	4.64281
5692	4.64522
5694	4.6456
5696	4.64593
5698	4.6446
5700	4.64388
5702	4.6446
5704	4.64412
5706	4.64381
5708	4.64556
5710	4.64623
5712	4.64584
5714	4.6464
5716	4.64598
5718	4.64633
5720	4.64644
5722	4.64505
5724	4.6433
5726	4.64392
5728	4.64509
5730	4.64526
5732	4.64574
5734	4.64447
5736	4.64394
5738	4.6447
5740	4.64633
5742	4.646
5744	4.64521
5746	4.64615
5748	4.64724
5750	4.64839
5752	4.64937
5754	4.64803
5756	4.64639
5758	4.64561
5760	4.64618
5762	4.6466
5764	4.64741
5766	4.64723
5768	4.64718
5770	4.64756
5772	4.64869
5774	4.64945
5776	4.64903
5778	4.64919
5780	4.64765
5782	4.64672
5784	4.64606
5786	4.64553
5788	4.64577
5790	4.64538
5792	4.64583
5794	4.6445
5796	4.6445
5798	4.64514
5800	4.64539
5802	4.64571
5804	4.64626
5806	4.64692
5808	4.64683
5810	4.64674
5812	4.6471
5814	4.64619
5816	4.64533
5818	4.6461
5820	4.64712
5822	4.64645
5824	4.64631
5826	4.64576
5828	4.64543
5830	4.64464
5832	4.6452
5834	4.64532
5836	4.64548
5838	4.64694
5840	4.64694
5842	4.64663
5844	4.6464
5846	4.6462
5848	4.64709
5850	4.64674
5852	4.64568
5854	4.64589
5856	4.6461
5858	4.64719
5860	4.64698
5862	4.64746
5864	4.64643
5866	4.64405
5868	4.64127
5870	4.63979
5872	4.63793
5874	4.63524
5876	4.63544
5878	4.63553
5880	4.63521
5882	4.63439
5884	4.63188
5886	4.63103
5888	4.63031
5890	4.63011
5892	4.63139
5894	4.63176
5896	4.63306
5898	4.63361
5900	4.63327
5902	4.63297
5904	4.63149
5906	4.63158
5908	4.63179
5910	4.63305
5912	4.63309
5914	4.63253
5916	4.63196
5918	4.63192
5920	4.63138
5922	4.63227
5924	4.63447
5926	4.63554
5928	4.63683
5930	4.63736
5932	4.63687
5934	4.63684
5936	4.63672
5938	4.63533
5940	4.63666
5942	4.63776
5944	4.63753
5946	4.63729
5948	4.63649
5950	4.63719
5952	4.63817
5954	4.63851
5956	4.63903
5958	4.63975
5960	4.63962
5962	4.63978
5964	4.64009
5966	4.64142
5968	4.64151
5970	4.64126
5972	4.64122
5974	4.64257
5976	4.64265
5978	4.64305
5980	4.64211
5982	4.64155
5984	4.6411
5986	4.64181
5988	4.64178
5990	4.64269
5992	4.64218
5994	4.64186
5996	4.64236
5998	4.64184
6000	4.64311
6002	4.64359
6004	4.64273
6006	4.64274
6008	4.64273
6010	4.642
6012	4.64146
6014	4.64109
6016	4.64222
6018	4.64254
6020	4.64395
6022	4.64494
6024	4.64421
6026	4.64349
6028	4.64286
6030	4.64364
6032	4.64421
6034	4.64397
6036	4.64402
6038	4.64316
6040	4.64297
6042	4.64347
6044	4.64257
6046	4.64299
6048	4.64309
6050	4.64317
6052	4.64393
6054	4.6441
6056	4.64333
6058	4.64281
6060	4.64335
6062	4.64384
6064	4.64383
6066	4.64305
6068	4.64317
6070	4.64282
6072	4.64526
6074	4.64617
6076	4.6443
6078	4.64269
6080	4.64379
6082	4.64461
6084	4.64494
6086	4.64522
6088	4.64571
6090	4.64524
6092	4.64486
6094	4.64444
6096	4.64455
6098	4.64408
6100	4.64428
6102	4.64454
6104	4.64446
6106	4.64357
6108	4.64223
6110	4.64254
6112	4.6422
6114	4.64117
6116	4.64117
6118	4.6415
6120	4.64271
6122	4.64343
6124	4.64309
6126	4.642
6128	4.64125
6130	4.64204
6132	4.64237
6134	4.64162
6136	4.6405
6138	4.6403
6140	4.63862
6142	4.63779
6144	4.63889
6146	4.63649
6148	4.63449
6150	4.63291
6152	4.63294
6154	4.63287
6156	4.63099
6158	4.62885
6160	4.62984
6162	4.62742
6164	4.62516
6166	4.62335
6168	4.62271
6170	4.62595
6172	4.6271
6174	4.62794
6176	4.62743
6178	4.62815
6180	4.62771
6182	4.62757
6184	4.62811
6186	4.62681
6188	4.62749
6190	4.62854
6192	4.62899
6194	4.62985
6196	4.63008
6198	4.631
6200	4.63074
6202	4.63148
6204	4.63189
6206	4.63162
6208	4.63068
6210	4.63201
6212	4.63164
6214	4.63116
6216	4.63222
6218	4.63291
6220	4.63225
6222	4.63244
6224	4.63392
6226	4.63538
6228	4.63557
6230	4.63477
6232	4.6346
6234	4.63514
6236	4.63563
6238	4.63591
6240	4.63716
6242	4.63725
6244	4.63722
6246	4.63638
6248	4.6361
6250	4.63634
6252	4.63644
6254	4.63741
6256	4.6377
6258	4.63749
6260	4.63665
6262	4.63661
6264	4.63743
6266	4.6377
6268	4.63782
6270	4.63664
6272	4.63775
6274	4.63782
6276	4.63752
6278	4.63858
6280	4.64016
6282	4.63881
6284	4.6382
6286	4.63939
6288	4.63898
6290	4.63976
6292	4.63953
6294	4.64064
6296	4.64087
6298	4.63859
6300	4.63868
6302	4.64062
6304	4.64141
6306	4.6413
6308	4.64122
6310	4.63968
6312	4.6383
6314	4.63721
6316	4.63783
6318	4.63792
6320	4.63918
6322	4.63962
6324	4.63851
6326	4.63799
6328	4.63867
6330	4.63999
6332	4.63979
6334	4.64026
6336	4.64048
6338	4.64
6340	4.64004
6342	4.64096
6344	4.64118
6346	4.64101
6348	4.63999
6350	4.63826
6352	4.63864
6354	4.63908
6356	4.63933
6358	4.64011
6360	4.64036
6362	4.6402
6364	4.64198
6366	4.6419
6368	4.6416
6370	4.64145
6372	4.64039
6374	4.63921
6376	4.63904
6378	4.6389
6380	4.63819
6382	4.63864
6384	4.638
6386	4.63715
6388	4.63807
6390	4.63707
6392	4.6371
6394	4.63729
6396	4.63701
6398	4.63684
6400	4.63661
6402	4.63663
6404	4.63644
6406	4.63622
6408	4.63708
6410	4.63832
6412	4.63913
