time	cp
2	4.76655
4	4.76499
6	4.76435
8	4.764
10	4.76351
12	4.76422
14	4.76438
16	4.76417
18	4.76439
20	4.76354
22	4.76244
24	4.76274
26	4.76229
28	4.76138
30	4.76227
32	4.76323
34	4.76377
36	4.76226
38	4.76081
40	4.76071
42	4.76017
44	4.7602
46	4.75981
48	4.75845
50	4.75915
52	4.75857
54	4.759
56	4.75952
58	4.75901
60	4.75833
62	4.75823
64	4.75921
66	4.75436
68	4.71735
70	4.64491
72	4.56251
74	4.48004
76	4.40323
78	4.33126
80	4.26644
82	4.21062
84	4.16102
86	4.11711
88	4.07973
90	4.0471
92	4.01774
94	3.99791
96	4.01735
98	4.07135
100	4.13669
102	4.20372
104	4.26785
106	4.32703
108	4.38108
110	4.42891
112	4.47085
114	4.50594
116	4.5385
118	4.56627
120	4.58752
122	4.60667
124	4.62401
126	4.63749
128	4.65021
130	4.66189
132	4.67209
134	4.68033
136	4.68702
138	4.69234
140	4.69873
142	4.70425
144	4.70865
146	4.71198
148	4.71565
150	4.71898
152	4.72088
154	4.72389
156	4.7257
158	4.72771
160	4.72973
162	4.73155
164	4.73146
166	4.73245
168	4.7345
170	4.73582
172	4.7368
174	4.73663
176	4.73812
178	4.73816
180	4.73832
182	4.73834
184	4.73921
186	4.74058
188	4.74066
190	4.73984
192	4.73865
194	4.74027
196	4.74135
198	4.7394
200	4.73923
202	4.73996
204	4.74003
206	4.73963
208	4.74007
210	4.74177
212	4.74108
214	4.74003
216	4.74148
218	4.74275
220	4.74205
222	4.7415
224	4.74188
226	4.74217
228	4.74199
230	4.74117
232	4.74046
234	4.74088
236	4.7419
238	4.74104
240	4.74048
242	4.74123
244	4.74255
246	4.74354
248	4.74345
250	4.74266
252	4.74267
254	4.74294
256	4.74249
258	4.74247
260	4.74185
262	4.74237
264	4.74169
266	4.74054
268	4.74127
270	4.74203
272	4.74151
274	4.74088
276	4.74157
278	4.7411
280	4.73969
282	4.73954
284	4.73867
286	4.73894
288	4.73897
290	4.73849
292	4.7396
294	4.73951
296	4.73892
298	4.73915
300	4.73805
302	4.73898
304	4.73975
306	4.73956
308	4.73713
310	4.73485
312	4.73572
314	4.73609
316	4.73633
318	4.73535
320	4.73354
322	4.73275
324	4.73515
326	4.73688
328	4.73734
330	4.7365
332	4.736
334	4.73627
336	4.73672
338	4.73753
340	4.73679
342	4.72537
344	4.67416
346	4.5973
348	4.51258
350	4.43028
352	4.35465
354	4.28587
356	4.2246
358	4.16982
360	4.12252
362	4.08192
364	4.04586
366	4.01426
368	3.98644
370	3.96766
372	3.98313
374	4.03437
376	4.09942
378	4.16806
380	4.23411
382	4.29457
384	4.34948
386	4.398
388	4.43967
390	4.47634
392	4.50825
394	4.53561
396	4.56061
398	4.58012
400	4.59752
402	4.61407
404	4.62619
406	4.63701
408	4.64743
410	4.65733
412	4.66497
414	4.67065
416	4.67635
418	4.68182
420	4.68644
422	4.68997
424	4.69316
426	4.69552
428	4.69757
430	4.70139
432	4.70433
434	4.70553
436	4.7078
438	4.71171
440	4.71288
442	4.71372
444	4.71627
446	4.71743
448	4.71899
450	4.71963
452	4.71966
454	4.72122
456	4.72146
458	4.72112
460	4.72023
462	4.72169
464	4.72098
466	4.7213
468	4.72151
470	4.7218
472	4.72274
474	4.72313
476	4.72219
478	4.7234
480	4.72598
482	4.72565
484	4.72586
486	4.72493
488	4.72527
490	4.72648
492	4.7271
494	4.72601
496	4.72847
498	4.72874
500	4.72615
502	4.72558
504	4.72493
506	4.72438
508	4.7237
510	4.72451
512	4.7256
514	4.7253
516	4.72483
518	4.72455
520	4.72548
522	4.7264
524	4.72613
526	4.72628
528	4.72574
530	4.72604
532	4.72579
534	4.72639
536	4.72569
538	4.72498
540	4.72578
542	4.72648
544	4.72568
546	4.72489
548	4.72341
550	4.72346
552	4.72534
554	4.72544
556	4.72387
558	4.72398
560	4.72427
562	4.72295
564	4.72314
566	4.72309
568	4.72252
570	4.72218
572	4.72243
574	4.72316
576	4.72407
578	4.72524
580	4.72458
582	4.72375
584	4.72387
586	4.72286
588	4.72222
590	4.72212
592	4.7208
594	4.72162
596	4.72133
598	4.7207
600	4.72089
602	4.72077
604	4.7219
606	4.72324
608	4.72292
610	4.72239
612	4.72224
614	4.72258
616	4.72246
618	4.71288
620	4.6661
622	4.59065
624	4.50859
626	4.42643
628	4.34997
630	4.28188
632	4.22136
634	4.16722
636	4.12014
638	4.08008
640	4.04254
642	4.00878
644	3.98056
646	3.95969
648	3.97156
650	4.01858
652	4.08317
654	4.15127
656	4.21616
658	4.27698
660	4.33186
662	4.38082
664	4.4234
666	4.45984
668	4.49269
670	4.52206
672	4.54594
674	4.56642
676	4.58481
678	4.60124
680	4.61617
682	4.627
684	4.63564
686	4.64438
688	4.65087
690	4.65651
692	4.66227
694	4.6676
696	4.67172
698	4.6768
700	4.6802
702	4.6836
704	4.68638
706	4.69003
708	4.69262
710	4.69458
712	4.69648
714	4.6977
716	4.69926
718	4.70056
720	4.70147
722	4.70249
724	4.70449
726	4.70509
728	4.7062
730	4.70673
732	4.70684
734	4.70838
736	4.70892
738	4.70864
740	4.70852
742	4.70782
744	4.70874
746	4.71116
748	4.7112
750	4.712
752	4.71214
754	4.71099
756	4.71106
758	4.71137
760	4.71203
762	4.71232
764	4.71273
766	4.71166
768	4.7112
770	4.71246
772	4.71467
774	4.71524
776	4.71462
778	4.71398
780	4.71452
782	4.71378
784	4.7133
786	4.7131
788	4.71402
790	4.71391
792	4.71426
794	4.71448
796	4.71371
798	4.71377
800	4.71439
802	4.71361
804	4.7145
806	4.71517
808	4.7148
810	4.71501
812	4.71528
814	4.71507
816	4.71513
818	4.71491
820	4.71455
822	4.71443
824	4.71375
826	4.71274
828	4.71173
830	4.71209
832	4.71235
834	4.71178
836	4.71231
838	4.71287
840	4.71169
842	4.71138
844	4.71178
846	4.7127
848	4.71332
850	4.71295
852	4.71238
854	4.71168
856	4.71192
858	4.71154
860	4.71123
862	4.71028
864	4.71055
866	4.71056
868	4.711
870	4.71099
872	4.71066
874	4.71091
876	4.71197
878	4.71086
880	4.71188
882	4.71285
884	4.71285
886	4.71162
888	4.71133
890	4.71088
892	4.71063
894	4.70272
896	4.65919
898	4.58607
900	4.50293
902	4.42206
904	4.34669
906	4.27783
908	4.21576
910	4.16022
912	4.11229
914	4.07089
916	4.03341
918	4.0017
920	3.97514
922	3.95403
924	3.9603
926	4.00158
928	4.06297
930	4.12944
932	4.19554
934	4.25595
936	4.31128
938	4.36071
940	4.40509
942	4.44397
944	4.47723
946	4.50755
948	4.53294
950	4.55427
952	4.5732
954	4.5894
956	4.60383
958	4.61559
960	4.62586
962	4.63447
964	4.64154
966	4.64712
968	4.65223
970	4.65748
972	4.66306
974	4.66644
976	4.66912
978	4.67306
980	4.67688
982	4.67907
984	4.68197
986	4.6842
988	4.68592
990	4.6872
992	4.69015
994	4.69164
996	4.69242
998	4.69203
1000	4.69288
1002	4.69382
1004	4.69482
1006	4.69624
1008	4.69772
1010	4.69947
1012	4.69969
1014	4.70176
1016	4.70236
1018	4.70187
1020	4.70168
1022	4.70282
1024	4.70299
1026	4.70312
1028	4.7027
1030	4.70265
1032	4.70197
1034	4.70245
1036	4.70306
1038	4.70229
1040	4.70293
1042	4.70404
1044	4.70324
1046	4.7042
1048	4.70524
1050	4.70625
1052	4.70652
1054	4.70467
1056	4.70313
1058	4.70332
1060	4.70408
1062	4.70438
1064	4.70484
1066	4.70476
1068	4.70513
1070	4.70511
1072	4.70449
1074	4.70528
1076	4.70693
1078	4.70685
1080	4.70649
1082	4.70624
1084	4.70503
1086	4.70493
1088	4.70482
1090	4.70525
1092	4.70524
1094	4.70491
1096	4.70539
1098	4.70473
1100	4.70372
1102	4.70478
1104	4.70546
1106	4.70499
1108	4.70503
1110	4.70464
1112	4.70432
1114	4.70468
1116	4.70423
1118	4.70433
1120	4.70556
1122	4.70489
1124	4.70432
1126	4.70519
1128	4.7062
1130	4.70562
1132	4.70543
1134	4.70595
1136	4.70523
1138	4.7049
1140	4.70561
1142	4.70447
1144	4.70337
1146	4.70261
1148	4.70412
1150	4.70477
1152	4.70411
1154	4.70399
1156	4.70483
1158	4.7047
1160	4.70304
1162	4.70342
1164	4.70379
1166	4.70427
1168	4.70345
1170	4.69745
1172	4.65733
1174	4.58714
1176	4.50693
1178	4.4274
1180	4.35072
1182	4.2803
1184	4.22062
1186	4.16638
1188	4.11701
1190	4.07444
1192	4.03829
1194	4.0066
1196	3.9802
1198	3.96015
1200	3.96196
1202	3.99703
1204	4.05202
1206	4.11747
1208	4.18348
1210	4.24363
1212	4.29899
1214	4.35011
1216	4.3947
1218	4.43281
1220	4.46647
1222	4.49657
1224	4.5214
1226	4.54372
1228	4.56282
1230	4.57897
1232	4.59259
1234	4.60521
1236	4.61553
1238	4.62395
1240	4.6322
1242	4.63946
1244	4.64567
1246	4.65085
1248	4.65507
1250	4.6585
1252	4.66298
1254	4.66806
1256	4.6726
1258	4.67433
1260	4.67435
1262	4.67582
1264	4.67934
1266	4.68189
1268	4.68326
1270	4.68605
1272	4.68691
1274	4.68773
1276	4.68765
1278	4.6879
1280	4.68802
1282	4.68914
1284	4.68972
1286	4.68999
1288	4.69153
1290	4.69451
1292	4.69472
1294	4.69478
1296	4.69495
1298	4.6958
1300	4.69719
1302	4.69786
1304	4.69865
1306	4.69777
1308	4.69775
1310	4.69711
1312	4.69722
1314	4.6982
1316	4.69823
1318	4.6982
1320	4.69858
1322	4.69897
1324	4.69908
1326	4.69993
1328	4.70077
1330	4.70129
1332	4.70013
1334	4.70055
1336	4.70088
1338	4.70047
1340	4.70039
1342	4.69881
1344	4.69884
1346	4.69914
1348	4.69876
1350	4.69783
1352	4.69872
1354	4.69846
1356	4.698
1358	4.69907
1360	4.69909
1362	4.69819
1364	4.6992
1366	4.69881
1368	4.69829
1370	4.6999
1372	4.70008
1374	4.69933
1376	4.70019
1378	4.70018
1380	4.69964
1382	4.69949
1384	4.69921
1386	4.69835
1388	4.69859
1390	4.69805
1392	4.69917
1394	4.69989
1396	4.70101
1398	4.70082
1400	4.70004
1402	4.69932
1404	4.69947
1406	4.70004
1408	4.70057
1410	4.70059
1412	4.70097
1414	4.70078
1416	4.70045
1418	4.70003
1420	4.69829
1422	4.69851
1424	4.69882
1426	4.69889
1428	4.69847
1430	4.69702
1432	4.69646
1434	4.69807
1436	4.6985
1438	4.69868
1440	4.69853
1442	4.70021
1444	4.70032
1446	4.6957
1448	4.65859
1450	4.59134
1452	4.5134
1454	4.43479
1456	4.361
1458	4.29342
1460	4.23243
1462	4.17682
1464	4.12959
1466	4.08934
1468	4.05492
1470	4.02336
1472	3.99556
1474	3.97419
1476	3.97123
1478	3.99948
1480	4.04712
1482	4.10705
1484	4.16791
1486	4.22656
1488	4.2801
1490	4.33024
1492	4.37646
1494	4.41657
1496	4.45101
1498	4.48145
1500	4.5094
1502	4.53186
1504	4.5513
1506	4.56804
1508	4.58205
1510	4.59517
1512	4.6075
1514	4.61719
1516	4.62606
1518	4.63303
1520	4.63961
1522	4.64486
1524	4.64868
1526	4.65275
1528	4.65716
1530	4.6607
1532	4.66329
1534	4.66623
1536	4.66898
1538	4.67224
1540	4.67416
1542	4.67636
1544	4.67956
1546	4.681
1548	4.6812
1550	4.68258
1552	4.68308
1554	4.68447
1556	4.68685
1558	4.68837
1560	4.68974
1562	4.68926
1564	4.68878
1566	4.6899
1568	4.69046
1570	4.69122
1572	4.69146
1574	4.69214
1576	4.6924
1578	4.69363
1580	4.69396
1582	4.69274
1584	4.69319
1586	4.69299
1588	4.69378
1590	4.6954
1592	4.69607
1594	4.69545
1596	4.69672
1598	4.69776
1600	4.69763
1602	4.69806
1604	4.69778
1606	4.6975
1608	4.69568
1610	4.6943
1612	4.69386
1614	4.69363
1616	4.69528
1618	4.69511
1620	4.69615
1622	4.69593
1624	4.69458
1626	4.69679
1628	4.69764
1630	4.69687
1632	4.69738
1634	4.69661
1636	4.6948
1638	4.69481
1640	4.69539
1642	4.69418
1644	4.69494
1646	4.69572
1648	4.69588
1650	4.69527
1652	4.69513
1654	4.69514
1656	4.69548
1658	4.69631
1660	4.69652
1662	4.69506
1664	4.69497
1666	4.69612
1668	4.6967
1670	4.69652
1672	4.69688
1674	4.69694
1676	4.69686
1678	4.69687
1680	4.69624
1682	4.6973
1684	4.69722
1686	4.69704
1688	4.69726
1690	4.69706
1692	4.69613
1694	4.69671
1696	4.69664
1698	4.69667
1700	4.697
1702	4.69618
1704	4.6959
1706	4.69634
1708	4.6957
1710	4.69457
1712	4.6948
1714	4.69477
1716	4.69471
1718	4.69524
1720	4.69513
1722	4.69366
1724	4.6659
1726	4.6074
1728	4.53518
1730	4.45794
1732	4.38379
1734	4.31571
1736	4.25673
1738	4.20479
1740	4.15951
1742	4.11985
1744	4.08592
1746	4.05755
1748	4.03263
1750	4.01364
1752	4.00606
1754	4.0193
1756	4.05137
1758	4.10027
1760	4.15417
1762	4.20856
1764	4.26145
1766	4.31046
1768	4.35332
1770	4.39254
1772	4.42761
1774	4.45799
1776	4.48468
1778	4.50875
1780	4.53087
1782	4.54948
1784	4.56482
1786	4.57969
1788	4.59309
1790	4.60466
1792	4.61498
1794	4.62392
1796	4.63183
1798	4.63758
1800	4.64318
1802	4.64714
1804	4.65186
1806	4.65614
1808	4.65825
1810	4.662
1812	4.66524
1814	4.66732
1816	4.66936
1818	4.67134
1820	4.6737
1822	4.67552
1824	4.67766
1826	4.67986
1828	4.68199
1830	4.68336
1832	4.68429
1834	4.68641
1836	4.68677
1838	4.68706
1840	4.68699
1842	4.68783
1844	4.68807
1846	4.68856
1848	4.68895
1850	4.69067
1852	4.69051
1854	4.69107
1856	4.69093
1858	4.69008
1860	4.69132
1862	4.69241
1864	4.69147
1866	4.69158
1868	4.69257
1870	4.69293
1872	4.69297
1874	4.69499
1876	4.69598
1878	4.69533
1880	4.69412
1882	4.69309
1884	4.69311
1886	4.69238
1888	4.69274
1890	4.69247
1892	4.69204
1894	4.69182
1896	4.69256
1898	4.6928
1900	4.69419
1902	4.69401
1904	4.69442
1906	4.69486
1908	4.69412
1910	4.69252
1912	4.69165
1914	4.69133
1916	4.6925
1918	4.69231
1920	4.69394
1922	4.69461
1924	4.69496
1926	4.6949
1928	4.69501
1930	4.69511
1932	4.69553
1934	4.69609
1936	4.69618
1938	4.69697
1940	4.69556
1942	4.69469
1944	4.69382
1946	4.69317
1948	4.69364
1950	4.69459
1952	4.69499
1954	4.6955
1956	4.69393
1958	4.69362
1960	4.69502
1962	4.69549
1964	4.69554
1966	4.69489
1968	4.6936
1970	4.69406
1972	4.69508
1974	4.69535
1976	4.69492
1978	4.69405
1980	4.69529
1982	4.69481
1984	4.6948
1986	4.69463
1988	4.69404
1990	4.69447
1992	4.69473
1994	4.69471
1996	4.69439
1998	4.69273
2000	4.66771
2002	4.61382
2004	4.54861
2006	4.47972
2008	4.41125
2010	4.35019
2012	4.2977
2014	4.24998
2016	4.20892
2018	4.17475
2020	4.14706
2022	4.12528
2024	4.10859
2026	4.09535
2028	4.09081
2030	4.09671
2032	4.1158
2034	4.14457
2036	4.17922
2038	4.21862
2040	4.25724
2042	4.2948
2044	4.33097
2046	4.36598
2048	4.39978
2050	4.42967
2052	4.45594
2054	4.48134
2056	4.50357
2058	4.52432
2060	4.54126
2062	4.55538
2064	4.56884
2066	4.58207
2068	4.59335
2070	4.60495
2072	4.6137
2074	4.6202
2076	4.62653
2078	4.63223
2080	4.63742
2082	4.6418
2084	4.64714
2086	4.65174
2088	4.65442
2090	4.65672
2092	4.65993
2094	4.66249
2096	4.66518
2098	4.66658
2100	4.66814
2102	4.67101
2104	4.67264
2106	4.67507
2108	4.6774
2110	4.67809
2112	4.67916
2114	4.6816
2116	4.68191
2118	4.68249
2120	4.68435
2122	4.68439
2124	4.68572
2126	4.68714
2128	4.68697
2130	4.68693
2132	4.68786
2134	4.68938
2136	4.69098
2138	4.69036
2140	4.6914
2142	4.69053
2144	4.69062
2146	4.69118
2148	4.69126
2150	4.6918
2152	4.69088
2154	4.69122
2156	4.69274
2158	4.69178
2160	4.69261
2162	4.69163
2164	4.69099
2166	4.69248
2168	4.69306
2170	4.69248
2172	4.6913
2174	4.69157
2176	4.69205
2178	4.69238
2180	4.69337
2182	4.69379
2184	4.69302
2186	4.69173
2188	4.69154
2190	4.69217
2192	4.69218
2194	4.69324
2196	4.69492
2198	4.69476
2200	4.6929
2202	4.69197
2204	4.69175
2206	4.69262
2208	4.69255
2210	4.69245
2212	4.69306
2214	4.69486
2216	4.69456
2218	4.69421
2220	4.69385
2222	4.69339
2224	4.69252
2226	4.6911
2228	4.69087
2230	4.69084
2232	4.69177
2234	4.69124
2236	4.69207
2238	4.692
2240	4.69257
2242	4.69268
2244	4.69222
2246	4.69266
2248	4.69305
2250	4.69343
2252	4.69209
2254	4.69066
2256	4.69215
2258	4.69359
2260	4.69443
2262	4.69494
2264	4.69459
2266	4.69346
2268	4.69341
2270	4.69397
2272	4.69478
2274	4.69125
2276	4.67271
2278	4.63453
2280	4.58426
2282	4.53004
2284	4.47605
2286	4.42689
2288	4.38498
2290	4.3483
2292	4.31926
2294	4.29787
2296	4.2806
2298	4.26911
2300	4.26162
2302	4.25883
2304	4.26009
2306	4.26527
2308	4.27626
2310	4.28877
2312	4.30374
2314	4.32182
2316	4.34017
2318	4.35955
2320	4.3767
2322	4.39563
2324	4.4129
2326	4.43154
2328	4.44799
2330	4.46503
2332	4.47947
2334	4.4943
2336	4.5094
2338	4.52244
2340	4.53382
2342	4.54527
2344	4.55668
2346	4.56626
2348	4.57494
2350	4.58487
2352	4.59373
2354	4.60134
2356	4.60836
2358	4.61482
2360	4.62256
2362	4.62824
2364	4.63344
2366	4.63847
2368	4.64232
2370	4.64457
2372	4.64799
2374	4.65091
2376	4.65547
2378	4.6583
2380	4.66024
2382	4.66211
2384	4.66317
2386	4.6665
2388	4.66849
2390	4.66915
2392	4.67193
2394	4.67377
2396	4.67535
2398	4.67683
2400	4.67629
2402	4.67614
2404	4.67689
2406	4.67974
2408	4.68123
2410	4.68118
2412	4.68051
2414	4.68062
2416	4.6812
2418	4.6826
2420	4.68348
2422	4.68415
2424	4.68559
2426	4.68643
2428	4.68821
2430	4.68982
2432	4.68953
2434	4.68937
2436	4.6905
2438	4.69161
2440	4.69042
2442	4.68878
2444	4.68812
2446	4.68748
2448	4.68682
2450	4.68711
2452	4.68801
2454	4.68933
2456	4.69023
2458	4.69018
2460	4.68905
2462	4.68809
2464	4.68834
2466	4.68883
2468	4.68889
2470	4.68972
2472	4.69189
2474	4.69172
2476	4.69198
2478	4.69212
2480	4.69324
2482	4.6921
2484	4.69045
2486	4.6903
2488	4.68973
2490	4.68949
2492	4.68967
2494	4.69038
2496	4.68957
2498	4.68877
2500	4.6883
2502	4.68939
2504	4.69055
2506	4.69093
2508	4.69081
2510	4.68999
2512	4.68973
2514	4.68932
2516	4.6887
2518	4.68893
2520	4.68965
2522	4.69045
2524	4.68961
2526	4.69156
2528	4.69066
2530	4.69029
2532	4.69166
2534	4.69079
2536	4.69238
2538	4.69343
2540	4.69212
2542	4.69161
2544	4.69127
2546	4.69165
2548	4.69226
2550	4.6912
2552	4.67988
2554	4.6575
2556	4.6285
2558	4.597
2560	4.56637
2562	4.5389
2564	4.51692
2566	4.49931
2568	4.48688
2570	4.47844
2572	4.47243
2574	4.46758
2576	4.46605
2578	4.46508
2580	4.46682
2582	4.47298
2584	4.48017
2586	4.48643
2588	4.49196
2590	4.49886
2592	4.50475
2594	4.51041
2596	4.51723
2598	4.52476
2600	4.53112
2602	4.53753
2604	4.54572
2606	4.5528
2608	4.55938
2610	4.56642
2612	4.57304
2614	4.58013
2616	4.5866
2618	4.59167
2620	4.59621
2622	4.60212
2624	4.60876
2626	4.61388
2628	4.61836
2630	4.62361
2632	4.62876
2634	4.63355
2636	4.63754
2638	4.64124
2640	4.64462
2642	4.64733
2644	4.65058
2646	4.65277
2648	4.65495
2650	4.6562
2652	4.65999
2654	4.66303
2656	4.66417
2658	4.66721
2660	4.6695
2662	4.67103
2664	4.66987
2666	4.67065
2668	4.67159
2670	4.66987
2672	4.66974
2674	4.67207
2676	4.67348
2678	4.67271
2680	4.67409
2682	4.67428
2684	4.67464
2686	4.67622
2688	4.67687
2690	4.67793
2692	4.67951
2694	4.67945
2696	4.67995
2698	4.67997
2700	4.68058
2702	4.68132
2704	4.68162
2706	4.68248
2708	4.68234
2710	4.68253
2712	4.68095
2714	4.6809
2716	4.68072
2718	4.68041
2720	4.68187
2722	4.68292
2724	4.68241
2726	4.6831
2728	4.6825
2730	4.68371
2732	4.68517
2734	4.68628
2736	4.68675
2738	4.68638
2740	4.68571
2742	4.68396
2744	4.68273
2746	4.68418
2748	4.68424
2750	4.6841
2752	4.68614
2754	4.68791
2756	4.68797
2758	4.68745
2760	4.68806
2762	4.68827
2764	4.68642
2766	4.68479
2768	4.68596
2770	4.68658
2772	4.68739
2774	4.68754
2776	4.68703
2778	4.68708
2780	4.68639
2782	4.68457
2784	4.68518
2786	4.68514
2788	4.68478
2790	4.68642
2792	4.68612
2794	4.68637
2796	4.68608
2798	4.68488
2800	4.68572
2802	4.68575
2804	4.68581
2806	4.68611
2808	4.68683
2810	4.68654
2812	4.68643
2814	4.68638
2816	4.68552
2818	4.6846
2820	4.68437
2822	4.68564
2824	4.68695
2826	4.68596
2828	4.68187
2830	4.67337
2832	4.66296
2834	4.65065
2836	4.63948
2838	4.63047
2840	4.62339
2842	4.61505
2844	4.61003
2846	4.60527
2848	4.60221
2850	4.60092
2852	4.59984
2854	4.59843
2856	4.59982
2858	4.60314
2860	4.60689
2862	4.60953
2864	4.61136
2866	4.61454
2868	4.61897
2870	4.62112
2872	4.62487
2874	4.62791
2876	4.6309
2878	4.63338
2880	4.63543
2882	4.63622
2884	4.63935
2886	4.64312
2888	4.64587
2890	4.64818
2892	4.65123
2894	4.65367
2896	4.65595
2898	4.65689
2900	4.65807
2902	4.66013
2904	4.66127
2906	4.66365
2908	4.66552
2910	4.6675
2912	4.67096
2914	4.67127
2916	4.67088
2918	4.67084
2920	4.6718
2922	4.67262
2924	4.67313
2926	4.67256
2928	4.67347
2930	4.67465
2932	4.67552
2934	4.6764
2936	4.6767
2938	4.6761
2940	4.67575
2942	4.67697
2944	4.67851
2946	4.67851
2948	4.67841
2950	4.67814
2952	4.67887
2954	4.67973
2956	4.67993
2958	4.68053
2960	4.68012
2962	4.68017
2964	4.68113
2966	4.68229
2968	4.6825
2970	4.68208
2972	4.68175
2974	4.68316
2976	4.68276
2978	4.6837
2980	4.68373
2982	4.68327
2984	4.68269
2986	4.68462
2988	4.68438
2990	4.68374
2992	4.68231
2994	4.68083
2996	4.68236
2998	4.68304
3000	4.68391
3002	4.68481
3004	4.68623
3006	4.68511
3008	4.68443
3010	4.68541
3012	4.68631
3014	4.68414
3016	4.68407
3018	4.6844
3020	4.68436
3022	4.68477
3024	4.68384
3026	4.68341
3028	4.68336
3030	4.68276
3032	4.68302
3034	4.68552
3036	4.68625
3038	4.68452
3040	4.68423
3042	4.68517
3044	4.68442
3046	4.68225
3048	4.6833
3050	4.68328
3052	4.6824
3054	4.6837
3056	4.68436
3058	4.68417
3060	4.68445
3062	4.68481
3064	4.68467
3066	4.68347
3068	4.68373
3070	4.68539
3072	4.68615
3074	4.68645
3076	4.68667
3078	4.68516
3080	4.68451
3082	4.68556
3084	4.68598
3086	4.68546
3088	4.68395
3090	4.68473
3092	4.68562
3094	4.68632
3096	4.68637
3098	4.68532
3100	4.6848
3102	4.68468
3104	4.68131
3106	4.67641
3108	4.6709
3110	4.6648
3112	4.66056
3114	4.65871
3116	4.65559
3118	4.65166
3120	4.64905
3122	4.64733
3124	4.646
3126	4.64502
3128	4.64518
3130	4.64511
3132	4.64547
3134	4.6485
3136	4.65038
3138	4.65189
3140	4.6531
3142	4.65511
3144	4.65729
3146	4.65859
3148	4.65917
3150	4.66003
3152	4.66053
3154	4.66205
3156	4.66384
3158	4.66417
3160	4.66483
3162	4.66597
3164	4.66683
3166	4.66953
3168	4.67122
3170	4.67154
3172	4.67338
3174	4.67408
3176	4.67462
3178	4.67485
3180	4.67687
3182	4.67688
3184	4.67668
3186	4.67807
3188	4.6777
3190	4.67739
3192	4.67907
3194	4.67812
3196	4.67817
3198	4.67875
3200	4.67948
3202	4.68032
3204	4.68248
3206	4.68138
3208	4.68095
3210	4.68049
3212	4.68026
3214	4.68118
3216	4.68117
3218	4.68046
3220	4.68078
3222	4.6822
3224	4.68143
3226	4.6813
3228	4.68139
3230	4.68029
3232	4.68204
3234	4.6815
3236	4.68158
3238	4.68241
3240	4.6827
3242	4.68318
3244	4.68228
3246	4.68185
3248	4.68195
3250	4.68172
3252	4.68213
3254	4.68227
3256	4.68234
3258	4.68374
3260	4.68433
3262	4.68395
3264	4.68457
3266	4.68398
3268	4.68348
3270	4.68405
3272	4.68385
3274	4.68369
3276	4.6833
3278	4.68311
3280	4.68362
3282	4.68425
3284	4.6845
3286	4.68486
3288	4.6853
3290	4.68711
3292	4.68842
3294	4.68837
3296	4.68764
3298	4.68715
3300	4.68772
3302	4.68708
3304	4.6868
3306	4.68598
3308	4.68583
3310	4.68557
3312	4.68429
3314	4.68356
3316	4.68241
3318	4.68226
3320	4.6822
3322	4.6825
3324	4.6835
3326	4.68351
3328	4.68457
3330	4.68595
3332	4.68437
3334	4.68392
3336	4.68367
3338	4.68363
3340	4.68375
3342	4.68271
3344	4.68314
3346	4.68295
3348	4.6844
3350	4.68579
3352	4.68582
3354	4.68674
3356	4.68614
3358	4.68606
3360	4.6856
3362	4.68503
3364	4.68489
3366	4.68527
3368	4.68508
3370	4.68483
3372	4.68537
3374	4.68633
3376	4.68729
3378	4.6861
3380	4.68386
3382	4.68007
3384	4.67513
3386	4.67063
3388	4.66712
3390	4.66584
3392	4.66289
3394	4.66051
3396	4.6588
3398	4.65665
3400	4.65697
3402	4.65725
3404	4.657
3406	4.65695
3408	4.65765
3410	4.65894
3412	4.6599
3414	4.6619
3416	4.66267
3418	4.66504
3420	4.66694
3422	4.66674
3424	4.66845
3426	4.66852
3428	4.67018
3430	4.67147
3432	4.67209
3434	4.67444
3436	4.6757
3438	4.67658
3440	4.67775
3442	4.67693
3444	4.67648
3446	4.676
3448	4.67636
3450	4.67796
3452	4.67793
3454	4.67889
3456	4.68025
3458	4.67897
3460	4.67924
3462	4.68033
3464	4.68016
3466	4.67938
3468	4.68017
3470	4.67997
3472	4.68042
3474	4.68132
3476	4.68085
3478	4.68114
3480	4.68238
3482	4.6825
3484	4.68213
3486	4.68275
3488	4.68311
3490	4.68392
3492	4.68289
3494	4.68239
3496	4.68394
3498	4.68328
3500	4.68256
3502	4.68305
3504	4.68393
3506	4.68313
3508	4.68387
3510	4.68382
3512	4.68368
3514	4.68371
3516	4.68405
3518	4.68447
3520	4.68257
3522	4.68142
3524	4.68128
3526	4.68348
3528	4.68312
3530	4.68455
3532	4.68498
3534	4.68414
3536	4.68506
3538	4.68422
3540	4.68363
3542	4.68356
3544	4.68397
3546	4.68452
3548	4.68511
3550	4.68374
3552	4.68467
3554	4.68617
3556	4.68615
3558	4.68533
3560	4.68306
3562	4.68374
3564	4.68537
3566	4.68375
3568	4.68333
3570	4.68509
3572	4.6858
3574	4.68434
3576	4.68478
3578	4.68659
3580	4.68645
3582	4.68512
3584	4.68444
3586	4.6849
3588	4.68413
3590	4.68364
3592	4.6834
3594	4.68339
3596	4.68383
3598	4.68332
3600	4.68306
3602	4.68308
3604	4.68299
3606	4.68261
3608	4.68427
3610	4.68549
3612	4.68518
3614	4.6853
3616	4.68536
3618	4.68473
3620	4.68474
3622	4.68451
3624	4.68449
3626	4.68609
3628	4.68516
3630	4.68568
3632	4.68564
3634	4.68594
3636	4.68538
3638	4.68486
3640	4.68505
3642	4.68399
3644	4.68436
3646	4.68437
3648	4.6844
3650	4.68461
3652	4.68465
3654	4.68431
3656	4.68299
3658	4.68063
3660	4.6795
3662	4.67701
3664	4.67517
3666	4.67188
3668	4.66902
3670	4.66639
3672	4.66582
3674	4.66491
3676	4.66345
3678	4.66229
3680	4.66174
3682	4.66145
3684	4.66214
3686	4.66336
3688	4.66401
3690	4.66585
3692	4.66693
3694	4.66898
3696	4.66955
3698	4.66971
3700	4.67202
3702	4.67395
3704	4.6746
3706	4.67598
3708	4.67671
3710	4.67957
3712	4.68148
3714	4.68253
3716	4.68115
3718	4.6805
3720	4.68027
3722	4.68028
3724	4.67999
3726	4.68047
3728	4.68005
3730	4.68058
3732	4.68123
3734	4.68053
3736	4.67999
3738	4.6804
3740	4.6807
3742	4.68147
3744	4.68247
3746	4.68205
3748	4.67969
3750	4.68055
3752	4.68106
3754	4.6813
3756	4.68208
3758	4.68304
3760	4.68456
3762	4.68536
3764	4.68444
3766	4.6845
3768	4.6843
3770	4.68291
3772	4.68208
3774	4.68228
3776	4.68292
3778	4.68324
3780	4.68348
3782	4.68334
3784	4.6838
3786	4.68299
3788	4.6822
3790	4.68309
3792	4.68352
3794	4.68211
3796	4.68041
3798	4.68023
3800	4.68136
3802	4.68369
3804	4.68414
3806	4.68354
3808	4.6836
3810	4.68397
3812	4.68161
3814	4.68037
3816	4.68135
3818	4.68252
3820	4.68357
3822	4.6838
3824	4.68396
3826	4.68555
3828	4.68496
3830	4.684
3832	4.68457
3834	4.68438
3836	4.68591
3838	4.68567
3840	4.68572
3842	4.68487
3844	4.6829
3846	4.68204
3848	4.68179
3850	4.682
3852	4.68383
3854	4.68439
3856	4.68605
3858	4.68623
3860	4.68474
3862	4.68469
3864	4.68609
3866	4.68622
3868	4.68555
3870	4.68515
3872	4.68587
3874	4.68568
3876	4.68385
3878	4.68237
3880	4.68236
3882	4.6839
3884	4.68571
3886	4.68463
3888	4.68508
3890	4.68578
3892	4.68586
3894	4.68556
3896	4.68645
3898	4.68406
3900	4.68462
3902	4.6857
3904	4.68484
3906	4.6856
3908	4.6847
3910	4.68456
3912	4.68455
3914	4.68489
3916	4.68435
3918	4.68477
3920	4.68493
3922	4.68534
3924	4.6857
3926	4.68687
3928	4.68581
3930	4.68377
3932	4.68339
3934	4.68181
3936	4.67814
3938	4.6761
3940	4.67386
3942	4.67183
3944	4.66774
3946	4.66689
3948	4.66602
3950	4.6635
3952	4.66251
3954	4.66186
3956	4.66219
3958	4.66106
3960	4.65984
3962	4.66176
3964	4.66472
3966	4.66788
3968	4.66976
3970	4.67112
3972	4.67155
3974	4.67408
3976	4.67633
3978	4.67751
3980	4.67888
3982	4.679
3984	4.67823
3986	4.67955
3988	4.68108
3990	4.68188
3992	4.68223
3994	4.6817
3996	4.68355
3998	4.68367
4000	4.68249
4002	4.6814
4004	4.68271
4006	4.6835
4008	4.68236
4010	4.68248
4012	4.68292
4014	4.68219
4016	4.68089
4018	4.67997
4020	4.68149
4022	4.6822
4024	4.68173
4026	4.68191
4028	4.68229
4030	4.68161
4032	4.68067
4034	4.68014
4036	4.68197
4038	4.68154
4040	4.68162
4042	4.68294
4044	4.68338
4046	4.6826
4048	4.68393
4050	4.68443
4052	4.68347
4054	4.68356
4056	4.68386
4058	4.68376
4060	4.68352
4062	4.68419
4064	4.68442
4066	4.68399
4068	4.68438
4070	4.68283
4072	4.68302
4074	4.68243
4076	4.68104
4078	4.68087
4080	4.68174
4082	4.68246
4084	4.68339
4086	4.68384
4088	4.68443
4090	4.68441
4092	4.68527
4094	4.68458
4096	4.68361
4098	4.6826
4100	4.68266
4102	4.68183
4104	4.68169
4106	4.68103
4108	4.68235
4110	4.68349
4112	4.68275
4114	4.683
4116	4.6845
4118	4.6845
4120	4.68393
4122	4.68408
4124	4.68332
4126	4.6827
4128	4.68221
4130	4.68025
4132	4.67868
4134	4.67836
4136	4.68042
4138	4.68117
4140	4.68105
4142	4.68106
4144	4.68344
4146	4.68409
4148	4.6842
4150	4.68453
4152	4.68368
4154	4.68457
4156	4.6864
4158	4.68687
4160	4.68635
4162	4.68515
4164	4.68342
4166	4.68291
4168	4.68445
4170	4.68406
4172	4.68343
4174	4.68267
4176	4.68231
4178	4.68258
4180	4.68195
4182	4.68252
4184	4.68134
4186	4.68031
4188	4.68067
4190	4.68208
4192	4.68383
4194	4.68413
4196	4.68426
4198	4.68285
4200	4.68239
4202	4.68329
4204	4.68481
4206	4.68428
4208	4.68267
4210	4.67896
4212	4.6768
4214	4.67498
4216	4.67405
4218	4.67262
4220	4.66967
4222	4.66761
4224	4.66526
4226	4.66526
4228	4.66473
4230	4.66388
4232	4.66346
4234	4.66421
4236	4.66501
4238	4.66601
4240	4.66846
4242	4.67009
4244	4.67242
4246	4.67413
4248	4.67733
4250	4.67875
4252	4.67842
4254	4.67978
4256	4.6813
4258	4.68134
4260	4.68314
4262	4.6822
4264	4.68072
4266	4.68139
4268	4.6823
4270	4.68143
4272	4.68062
4274	4.68056
4276	4.68047
4278	4.68082
4280	4.68244
4282	4.68306
4284	4.68229
4286	4.68257
4288	4.68211
4290	4.68141
4292	4.68243
4294	4.68317
4296	4.68292
4298	4.68457
4300	4.68489
4302	4.68453
4304	4.68538
4306	4.68455
4308	4.68296
4310	4.68278
4312	4.68368
4314	4.68183
4316	4.68199
4318	4.68031
4320	4.68104
4322	4.68186
4324	4.6816
4326	4.681
4328	4.68111
4330	4.68084
4332	4.6806
4334	4.68119
4336	4.68201
4338	4.68214
4340	4.6822
4342	4.68235
4344	4.68263
4346	4.68247
4348	4.68238
4350	4.68282
4352	4.68203
4354	4.68187
4356	4.68135
4358	4.68222
4360	4.68235
4362	4.68244
4364	4.68229
4366	4.68348
4368	4.68366
4370	4.68211
4372	4.68122
4374	4.6821
4376	4.68319
4378	4.68313
4380	4.68393
4382	4.68339
4384	4.68385
4386	4.68307
4388	4.68332
4390	4.68359
4392	4.68412
4394	4.68439
4396	4.68464
4398	4.68379
4400	4.6847
4402	4.6844
4404	4.68391
4406	4.6845
4408	4.68344
4410	4.68362
4412	4.68272
4414	4.68218
4416	4.68363
4418	4.68356
4420	4.68337
4422	4.68398
4424	4.68556
4426	4.68512
4428	4.68471
4430	4.68468
4432	4.68457
4434	4.683
4436	4.68322
4438	4.68441
4440	4.68359
4442	4.68438
4444	4.68485
4446	4.68345
4448	4.68492
4450	4.68546
4452	4.68484
4454	4.68429
4456	4.68367
4458	4.68345
4460	4.68295
4462	4.68397
4464	4.68476
4466	4.68366
4468	4.68306
4470	4.68216
4472	4.68248
4474	4.68376
4476	4.68341
4478	4.68261
4480	4.68243
4482	4.68294
4484	4.68244
4486	4.67973
4488	4.67532
4490	4.67254
4492	4.67076
4494	4.67138
4496	4.67057
4498	4.66813
4500	4.6678
4502	4.66535
4504	4.66408
4506	4.66457
4508	4.66444
4510	4.66408
4512	4.6659
4514	4.66796
4516	4.6707
4518	4.67276
4520	4.67256
4522	4.67425
4524	4.67622
4526	4.67642
4528	4.67578
4530	4.67608
4532	4.67623
4534	4.67622
4536	4.67777
4538	4.67971
4540	4.68237
4542	4.68188
4544	4.68099
4546	4.68086
4548	4.68063
4550	4.68022
4552	4.68074
4554	4.68067
4556	4.67989
4558	4.68123
4560	4.68069
4562	4.67981
4564	4.68044
4566	4.68235
4568	4.68385
4570	4.68373
4572	4.6829
4574	4.68338
4576	4.68276
4578	4.68181
4580	4.68217
4582	4.68222
4584	4.68195
4586	4.68111
4588	4.68155
4590	4.6837
4592	4.68402
4594	4.68286
4596	4.68058
4598	4.6813
4600	4.68223
4602	4.68365
4604	4.6836
4606	4.68397
4608	4.68417
4610	4.68347
4612	4.68318
4614	4.68394
4616	4.68332
4618	4.6834
4620	4.68414
4622	4.68281
4624	4.68019
4626	4.6809
4628	4.68282
4630	4.68225
4632	4.68266
4634	4.68272
4636	4.68295
4638	4.68094
4640	4.68052
4642	4.682
4644	4.68182
4646	4.68295
4648	4.68342
4650	4.68365
4652	4.68316
4654	4.68287
4656	4.68297
4658	4.68175
4660	4.68132
4662	4.68219
4664	4.68295
4666	4.6828
4668	4.68315
4670	4.68245
4672	4.6821
4674	4.6829
4676	4.68426
4678	4.68448
4680	4.68371
4682	4.68304
4684	4.68262
4686	4.68272
4688	4.68162
4690	4.6818
4692	4.68318
4694	4.68321
4696	4.68288
4698	4.68521
4700	4.68502
4702	4.68575
4704	4.68636
4706	4.68521
4708	4.6848
4710	4.68447
4712	4.68386
4714	4.68377
4716	4.6834
4718	4.68195
4720	4.6813
4722	4.68309
4724	4.68246
4726	4.68199
4728	4.68128
4730	4.68145
4732	4.68068
4734	4.68146
4736	4.68111
4738	4.68129
4740	4.68246
4742	4.68321
4744	4.68378
4746	4.68418
4748	4.6838
4750	4.68316
4752	4.68356
4754	4.68473
4756	4.68449
4758	4.68303
4760	4.68287
4762	4.6814
4764	4.6789
4766	4.67552
4768	4.67367
4770	4.672
4772	4.67043
4774	4.66669
4776	4.66608
4778	4.66689
4780	4.6653
4782	4.6653
4784	4.66517
4786	4.66613
4788	4.66486
4790	4.66674
4792	4.66893
4794	4.67038
4796	4.67282
4798	4.67582
4800	4.67676
4802	4.67809
4804	4.67875
4806	4.67777
4808	4.67816
4810	4.67913
4812	4.68151
4814	4.68286
4816	4.68198
4818	4.68361
4820	4.68389
4822	4.68391
4824	4.68347
4826	4.68385
4828	4.68471
4830	4.68417
4832	4.68342
4834	4.68152
4836	4.681
4838	4.68143
4840	4.68164
4842	4.68161
4844	4.68127
4846	4.68095
4848	4.67985
4850	4.68049
4852	4.6807
4854	4.6831
4856	4.68422
4858	4.6837
4860	4.68419
4862	4.68341
4864	4.68358
4866	4.68257
4868	4.68221
4870	4.68176
4872	4.68244
4874	4.68253
4876	4.68252
4878	4.68311
4880	4.68508
4882	4.68556
4884	4.68543
4886	4.6843
4888	4.685
4890	4.6834
4892	4.68316
4894	4.68405
4896	4.68392
4898	4.68318
4900	4.6837
4902	4.68355
4904	4.68304
4906	4.68163
4908	4.68214
4910	4.68379
4912	4.68361
4914	4.68222
4916	4.68168
4918	4.68365
4920	4.68358
4922	4.68245
4924	4.68274
4926	4.68358
4928	4.68518
4930	4.68464
4932	4.68465
4934	4.68406
4936	4.683
4938	4.68285
4940	4.68308
4942	4.68473
4944	4.68488
4946	4.68382
4948	4.68244
4950	4.68113
4952	4.68063
4954	4.68202
4956	4.68294
4958	4.68131
4960	4.68206
4962	4.68236
4964	4.68145
4966	4.68266
4968	4.68389
4970	4.68412
4972	4.68361
4974	4.68393
4976	4.68372
4978	4.68215
4980	4.68129
4982	4.68243
4984	4.68306
4986	4.68276
4988	4.68179
4990	4.68129
4992	4.68206
4994	4.68215
4996	4.68108
4998	4.681
5000	4.68199
5002	4.68216
5004	4.68286
5006	4.68285
5008	4.68393
5010	4.68364
5012	4.68292
5014	4.68345
5016	4.68305
5018	4.68308
5020	4.68342
5022	4.68332
5024	4.68375
5026	4.68412
5028	4.68463
5030	4.68471
5032	4.68504
5034	4.68501
5036	4.68445
5038	4.68132
5040	4.67741
5042	4.67424
5044	4.67418
5046	4.67289
5048	4.6714
5050	4.66959
5052	4.66816
5054	4.66706
5056	4.66597
5058	4.66626
5060	4.66428
5062	4.66596
5064	4.66644
5066	4.66749
5068	4.66942
5070	4.67253
5072	4.67459
5074	4.67528
5076	4.67671
5078	4.67692
5080	4.67788
5082	4.67838
5084	4.67854
5086	4.68046
5088	4.68074
5090	4.68185
5092	4.68311
5094	4.68288
5096	4.68126
5098	4.68172
5100	4.68246
5102	4.68153
5104	4.68109
5106	4.68241
5108	4.68298
5110	4.68434
5112	4.68373
5114	4.68189
5116	4.68225
5118	4.68295
5120	4.68223
5122	4.68159
5124	4.67974
5126	4.68047
5128	4.68269
5130	4.68316
5132	4.68325
5134	4.68316
5136	4.68195
5138	4.68161
5140	4.68175
5142	4.68135
5144	4.68182
5146	4.68104
5148	4.68178
5150	4.68228
5152	4.68344
5154	4.68373
5156	4.68194
5158	4.68167
5160	4.68113
5162	4.68045
5164	4.68027
5166	4.68106
5168	4.68253
5170	4.68289
5172	4.68292
5174	4.68318
5176	4.68161
5178	4.68164
5180	4.68195
5182	4.68103
5184	4.68134
5186	4.68177
5188	4.68255
5190	4.6829
5192	4.68116
5194	4.6798
5196	4.67992
5198	4.6794
5200	4.68028
5202	4.6814
5204	4.68353
5206	4.68531
5208	4.68522
5210	4.68314
5212	4.68138
5214	4.68166
5216	4.68212
5218	4.68187
5220	4.68252
5222	4.68381
5224	4.6851
5226	4.68282
5228	4.6811
5230	4.68113
5232	4.68197
5234	4.68152
5236	4.68115
5238	4.68159
5240	4.68166
5242	4.68297
5244	4.6829
5246	4.68391
5248	4.68359
5250	4.68354
5252	4.68397
5254	4.68324
5256	4.68252
5258	4.68091
5260	4.68288
5262	4.68311
5264	4.68238
5266	4.6831
5268	4.68434
5270	4.68425
5272	4.68302
5274	4.68357
5276	4.68413
5278	4.68445
5280	4.6848
5282	4.6843
5284	4.68393
5286	4.68439
5288	4.6836
5290	4.68334
5292	4.68274
5294	4.68229
5296	4.68257
5298	4.68264
5300	4.67998
5302	4.67937
5304	4.68031
5306	4.67978
5308	4.67865
5310	4.6782
5312	4.67918
5314	4.67902
5316	4.67714
5318	4.67653
5320	4.67444
5322	4.67213
5324	4.6696
5326	4.66849
5328	4.66881
5330	4.66897
5332	4.66801
5334	4.6665
5336	4.66601
5338	4.66515
5340	4.66488
5342	4.66723
5344	4.66731
5346	4.6682
5348	4.6709
5350	4.67241
5352	4.67399
5354	4.67519
5356	4.67661
5358	4.67912
5360	4.68044
5362	4.68067
5364	4.68087
5366	4.68082
5368	4.68102
5370	4.68084
5372	4.68183
5374	4.68095
5376	4.68042
5378	4.68131
5380	4.68128
5382	4.68047
5384	4.68053
5386	4.68094
5388	4.67996
5390	4.68065
5392	4.68186
5394	4.68158
5396	4.68112
5398	4.68101
5400	4.68156
5402	4.6817
5404	4.6821
5406	4.68271
5408	4.6825
5410	4.68183
5412	4.68171
5414	4.68229
5416	4.68184
5418	4.68078
5420	4.68038
5422	4.6816
5424	4.68261
5426	4.68366
5428	4.68318
5430	4.6811
5432	4.68161
5434	4.68168
5436	4.68306
5438	4.68403
5440	4.68414
5442	4.68406
5444	4.68485
5446	4.68549
5448	4.68354
5450	4.68127
5452	4.6807
5454	4.68241
5456	4.6813
5458	4.68068
5460	4.68191
5462	4.68311
5464	4.68275
5466	4.68276
5468	4.68397
5470	4.68458
5472	4.68405
5474	4.68398
5476	4.68254
5478	4.68276
5480	4.68336
5482	4.68331
5484	4.68168
5486	4.68118
5488	4.68213
5490	4.68341
5492	4.68419
5494	4.68572
5496	4.68564
5498	4.6838
5500	4.68198
5502	4.68222
5504	4.68356
5506	4.68418
5508	4.68411
5510	4.68555
5512	4.68605
5514	4.68554
5516	4.68323
5518	4.6814
5520	4.68223
5522	4.68134
5524	4.67946
5526	4.67936
5528	4.68014
5530	4.6818
5532	4.68211
5534	4.68295
5536	4.68268
5538	4.68235
5540	4.68228
5542	4.68339
5544	4.68544
5546	4.68532
5548	4.68574
5550	4.68567
5552	4.68433
5554	4.68527
5556	4.68625
5558	4.68517
5560	4.68512
5562	4.68529
5564	4.68309
5566	4.68221
5568	4.68307
5570	4.68312
5572	4.68358
5574	4.68378
5576	4.68342
5578	4.68336
5580	4.6835
5582	4.68343
5584	4.68378
5586	4.68197
5588	4.68118
5590	4.68063
5592	4.67655
5594	4.67449
5596	4.67427
5598	4.67288
5600	4.67108
5602	4.66958
5604	4.66917
5606	4.66866
5608	4.66901
5610	4.66777
5612	4.66627
5614	4.66561
5616	4.66519
5618	4.66606
5620	4.66823
5622	4.6706
5624	4.67273
5626	4.6744
5628	4.67523
5630	4.67658
5632	4.67903
5634	4.68208
5636	4.68315
5638	4.68203
5640	4.68181
5642	4.68177
5644	4.681
5646	4.67936
5648	4.67954
5650	4.68022
5652	4.68243
5654	4.6829
5656	4.68272
5658	4.68233
5660	4.68201
5662	4.68232
5664	4.68309
5666	4.68284
5668	4.68243
5670	4.68071
5672	4.68054
5674	4.68115
5676	4.68124
5678	4.68219
5680	4.68371
5682	4.68399
5684	4.68264
5686	4.68299
5688	4.68304
5690	4.68408
5692	4.68352
5694	4.68295
5696	4.68215
5698	4.68212
5700	4.68214
5702	4.68201
5704	4.68252
5706	4.68194
5708	4.68087
5710	4.68104
5712	4.68282
5714	4.68286
5716	4.68181
5718	4.68257
5720	4.68209
5722	4.68145
5724	4.68139
5726	4.68051
5728	4.67974
5730	4.68147
5732	4.68173
5734	4.68018
5736	4.68115
5738	4.682
5740	4.68231
5742	4.68206
5744	4.68181
5746	4.68273
5748	4.68274
5750	4.68355
5752	4.68221
5754	4.68059
5756	4.68161
5758	4.68345
5760	4.68403
5762	4.68369
5764	4.68264
5766	4.68301
5768	4.68315
5770	4.68273
5772	4.68331
5774	4.68418
5776	4.6831
5778	4.68277
5780	4.68327
5782	4.6845
5784	4.68503
5786	4.68442
5788	4.68493
5790	4.68638
5792	4.68473
5794	4.68339
5796	4.68307
5798	4.68246
5800	4.68401
5802	4.68494
5804	4.6842
5806	4.68301
5808	4.68352
5810	4.68293
5812	4.68186
5814	4.68326
5816	4.68219
5818	4.68209
5820	4.68101
5822	4.68018
5824	4.67999
5826	4.67985
5828	4.68103
5830	4.68093
5832	4.68137
5834	4.68264
5836	4.68321
5838	4.68375
5840	4.68378
5842	4.68417
5844	4.68472
5846	4.68563
5848	4.68429
5850	4.68343
5852	4.68301
5854	4.68199
5856	4.68299
5858	4.68295
5860	4.68299
5862	4.68357
5864	4.6824
5866	4.67965
5868	4.67735
5870	4.67422
5872	4.67261
5874	4.67096
5876	4.66904
5878	4.66853
5880	4.66903
5882	4.66777
5884	4.66695
5886	4.66589
5888	4.66634
5890	4.66568
5892	4.66566
5894	4.66792
5896	4.67169
5898	4.67382
5900	4.67433
5902	4.67583
5904	4.67809
5906	4.68048
5908	4.68097
5910	4.68142
5912	4.68078
5914	4.68084
5916	4.68039
5918	4.67932
5920	4.67976
5922	4.68216
5924	4.68369
5926	4.68389
5928	4.68281
5930	4.68196
5932	4.68003
5934	4.6794
5936	4.6798
5938	4.6816
5940	4.68114
5942	4.6799
5944	4.68076
5946	4.68072
5948	4.67953
5950	4.67822
5952	4.67963
5954	4.68021
5956	4.68061
5958	4.68054
5960	4.67939
5962	4.67961
5964	4.6806
5966	4.68093
5968	4.68103
5970	4.67996
5972	4.67985
5974	4.68122
5976	4.68134
5978	4.68178
5980	4.68171
5982	4.68086
5984	4.68197
5986	4.68236
5988	4.68197
5990	4.68096
5992	4.68176
5994	4.68331
5996	4.68466
5998	4.68455
6000	4.68257
6002	4.68243
6004	4.68304
6006	4.68363
6008	4.6842
6010	4.68403
6012	4.68297
6014	4.68096
6016	4.67955
6018	4.67947
6020	4.68027
6022	4.68234
6024	4.68157
6026	4.68039
6028	4.68163
6030	4.68264
6032	4.68319
6034	4.68296
6036	4.68222
6038	4.68274
6040	4.6833
6042	4.68248
6044	4.68307
6046	4.68514
6048	4.68528
6050	4.68439
6052	4.68446
6054	4.68391
6056	4.68267
6058	4.68246
6060	4.68164
6062	4.68278
6064	4.68258
6066	4.68149
6068	4.68189
6070	4.68222
6072	4.68157
6074	4.68142
6076	4.68122
6078	4.68242
6080	4.68369
6082	4.68447
6084	4.68488
6086	4.68526
6088	4.68639
6090	4.68695
6092	4.68688
6094	4.68482
6096	4.68308
6098	4.68255
6100	4.68284
6102	4.68321
6104	4.68175
6106	4.68136
6108	4.68138
6110	4.68276
6112	4.68297
6114	4.68195
6116	4.68087
6118	4.68036
6120	4.68081
6122	4.68124
6124	4.68306
6126	4.68421
6128	4.68343
6130	4.68287
6132	4.68236
6134	4.68303
6136	4.6837
6138	4.68307
6140	4.68311
6142	4.68167
6144	4.67923
6146	4.67706
6148	4.67608
6150	4.67453
6152	4.67194
6154	4.67051
6156	4.66899
6158	4.66665
6160	4.66569
6162	4.66563
6164	4.66496
6166	4.66442
6168	4.66426
6170	4.66533
6172	4.66745
6174	4.67049
6176	4.67226
6178	4.67338
6180	4.67614
6182	4.67686
6184	4.677
6186	4.67858
6188	4.67926
6190	4.67825
6192	4.6783
6194	4.67878
6196	4.67906
6198	4.67983
6200	4.6808
6202	4.67997
6204	4.67805
6206	4.67909
6208	4.68091
6210	4.68174
6212	4.6817
6214	4.68096
6216	4.68002
6218	4.68111
6220	4.68222
6222	4.68235
6224	4.68138
6226	4.68177
6228	4.68159
6230	4.68281
6232	4.68366
6234	4.68381
6236	4.68382
6238	4.68344
6240	4.68135
6242	4.67982
6244	4.6803
6246	4.68006
6248	4.67929
6250	4.68009
6252	4.67981
6254	4.68024
6256	4.67891
6258	4.67953
6260	4.68053
6262	4.68188
6264	4.68383
6266	4.68298
6268	4.68333
6270	4.68217
6272	4.68119
6274	4.68079
6276	4.68266
6278	4.68223
6280	4.67959
6282	4.67815
6284	4.67846
6286	4.6788
6288	4.67924
6290	4.68006
6292	4.67905
6294	4.68044
6296	4.68091
6298	4.68118
6300	4.68301
6302	4.68401
6304	4.68289
6306	4.68138
6308	4.68077
6310	4.68084
6312	4.68018
6314	4.6823
6316	4.68222
6318	4.68051
6320	4.68035
6322	4.68023
6324	4.68001
6326	4.68038
6328	4.67942
6330	4.68023
6332	4.68131
6334	4.68249
6336	4.68207
6338	4.6821
6340	4.68201
6342	4.68122
6344	4.67999
6346	4.67971
6348	4.6808
6350	4.68154
6352	4.68114
6354	4.67993
6356	4.67995
6358	4.68112
6360	4.68212
6362	4.6829
6364	4.68241
6366	4.68168
6368	4.68081
6370	4.68084
6372	4.68136
6374	4.67967
6376	4.67902
6378	4.67965
6380	4.67896
6382	4.6789
6384	4.67995
6386	4.6816
6388	4.68116
6390	4.68123
6392	4.68211
6394	4.68268
6396	4.68292
6398	4.68319
6400	4.68357
6402	4.68227
6404	4.68127
6406	4.68146
6408	4.68069
6410	4.68116
6412	4.68112
