time	cp
2	4.80769
4	4.80789
6	4.80758
8	4.80888
10	4.8091
12	4.80947
14	4.80973
16	4.80923
18	4.80832
20	4.80959
22	4.80964
24	4.81095
26	4.81143
28	4.81073
30	4.80924
32	4.80824
34	4.80821
36	4.80934
38	4.81003
40	4.80801
42	4.8088
44	4.8083
46	4.80946
48	4.80931
50	4.81016
52	4.81049
54	4.80923
56	4.80907
58	4.81071
60	4.8102
62	4.81017
64	4.81018
66	4.80031
68	4.75515
70	4.68222
72	4.59935
74	4.51434
76	4.43347
78	4.35899
80	4.29217
82	4.23325
84	4.18192
86	4.13488
88	4.09494
90	4.06102
92	4.03197
94	4.01739
96	4.04117
98	4.09392
100	4.16305
102	4.23554
104	4.30403
106	4.3658
108	4.42127
110	4.4721
112	4.51678
114	4.5567
116	4.5896
118	4.61811
120	4.64333
122	4.66525
124	4.68425
126	4.69897
128	4.71202
130	4.72333
132	4.73366
134	4.74205
136	4.74972
138	4.75714
140	4.76419
142	4.76925
144	4.7722
146	4.77467
148	4.77843
150	4.78247
152	4.78491
154	4.78629
156	4.78825
158	4.79081
160	4.794
162	4.79611
164	4.79692
166	4.79761
168	4.79913
170	4.79993
172	4.8016
174	4.80402
176	4.80472
178	4.80563
180	4.8064
182	4.80684
184	4.80809
186	4.80852
188	4.80823
190	4.80861
192	4.80835
194	4.80936
196	4.81104
198	4.81107
200	4.81066
202	4.81255
204	4.81149
206	4.81206
208	4.81205
210	4.81241
212	4.81272
214	4.81345
216	4.81484
218	4.81417
220	4.81332
222	4.81425
224	4.81428
226	4.81372
228	4.8147
230	4.8149
232	4.81411
234	4.81396
236	4.816
238	4.81567
240	4.81607
242	4.81772
244	4.81764
246	4.81734
248	4.81746
250	4.81627
252	4.81701
254	4.8183
256	4.81764
258	4.8178
260	4.81657
262	4.81654
264	4.81666
266	4.81697
268	4.81699
270	4.81723
272	4.81694
274	4.81607
276	4.81618
278	4.81647
280	4.81714
282	4.81676
284	4.81591
286	4.8164
288	4.81643
290	4.8171
292	4.81803
294	4.81723
296	4.81783
298	4.81727
300	4.81769
302	4.81625
304	4.81754
306	4.8169
308	4.81568
310	4.8174
312	4.81844
314	4.81855
316	4.81827
318	4.81704
320	4.81692
322	4.8171
324	4.81764
326	4.81779
328	4.81885
330	4.81904
332	4.81799
334	4.81798
336	4.81839
338	4.81916
340	4.81817
342	4.79643
344	4.73449
346	4.65224
348	4.56609
350	4.48249
352	4.40382
354	4.33202
356	4.26924
358	4.21453
360	4.16389
362	4.12295
364	4.08811
366	4.05592
368	4.02794
370	4.01319
372	4.03622
374	4.08873
376	4.15843
378	4.23041
380	4.29808
382	4.36398
384	4.42103
386	4.47051
388	4.51578
390	4.55521
392	4.58852
394	4.61937
396	4.64431
398	4.66684
400	4.68679
402	4.70104
404	4.71462
406	4.72624
408	4.73556
410	4.7462
412	4.75457
414	4.7606
416	4.76587
418	4.77126
420	4.7753
422	4.78013
424	4.78505
426	4.78809
428	4.7895
430	4.79119
432	4.79446
434	4.79729
436	4.79912
438	4.80087
440	4.80417
442	4.80511
444	4.80596
446	4.80748
448	4.80806
450	4.80803
452	4.81066
454	4.81106
456	4.8106
458	4.81153
460	4.81222
462	4.81345
464	4.81356
466	4.81557
468	4.81715
470	4.81632
472	4.81581
474	4.81567
476	4.81663
478	4.81714
480	4.81756
482	4.81944
484	4.81896
486	4.81889
488	4.81874
490	4.81885
492	4.81906
494	4.81987
496	4.81901
498	4.81961
500	4.81991
502	4.81973
504	4.818
506	4.81835
508	4.81907
510	4.8203
512	4.81961
514	4.81925
516	4.81969
518	4.82098
520	4.82148
522	4.82142
524	4.82096
526	4.82082
528	4.82061
530	4.82105
532	4.82265
534	4.82288
536	4.82187
538	4.82028
540	4.81991
542	4.8205
544	4.82106
546	4.82195
548	4.82235
550	4.82205
552	4.82246
554	4.82167
556	4.82334
558	4.82328
560	4.82218
562	4.8221
564	4.82269
566	4.82328
568	4.82367
570	4.82429
572	4.82482
574	4.82369
576	4.82475
578	4.82278
580	4.82157
582	4.82209
584	4.82271
586	4.82312
588	4.82268
590	4.82143
592	4.82247
594	4.82331
596	4.8232
598	4.8227
600	4.82279
602	4.82275
604	4.82296
606	4.82338
608	4.82475
610	4.82393
612	4.82424
614	4.82306
616	4.8216
618	4.80476
620	4.74689
622	4.66796
624	4.58254
626	4.49816
628	4.41831
630	4.34809
632	4.28326
634	4.2268
636	4.17676
638	4.13503
640	4.09933
642	4.06777
644	4.03973
646	4.02182
648	4.04067
650	4.09052
652	4.15548
654	4.22633
656	4.29756
658	4.36247
660	4.41792
662	4.46833
664	4.51411
666	4.55423
668	4.58937
670	4.61959
672	4.64735
674	4.6691
676	4.68724
678	4.70453
680	4.71804
682	4.73008
684	4.74068
686	4.75054
688	4.75679
690	4.76355
692	4.76828
694	4.77455
696	4.77866
698	4.78318
700	4.78833
702	4.7924
704	4.79599
706	4.79789
708	4.79915
710	4.80108
712	4.80296
714	4.80499
716	4.80471
718	4.80559
720	4.80759
722	4.80811
724	4.80954
726	4.81159
728	4.81235
730	4.81287
732	4.81352
734	4.81449
736	4.81587
738	4.81732
740	4.81785
742	4.81751
744	4.81666
746	4.81803
748	4.8191
750	4.81888
752	4.81941
754	4.82046
756	4.82132
758	4.8229
760	4.82234
762	4.82124
764	4.81958
766	4.81959
768	4.81993
770	4.82161
772	4.82349
774	4.82378
776	4.82287
778	4.82141
780	4.82236
782	4.82235
784	4.82165
786	4.82297
788	4.82221
790	4.82111
792	4.82154
794	4.82125
796	4.82177
798	4.82186
800	4.8227
802	4.82316
804	4.82241
806	4.82208
808	4.82156
810	4.82081
812	4.82021
814	4.81936
816	4.82018
818	4.82139
820	4.821
822	4.82251
824	4.82389
826	4.82294
828	4.82191
830	4.82232
832	4.82348
834	4.82348
836	4.82326
838	4.82364
840	4.82325
842	4.82402
844	4.82238
846	4.8226
848	4.82462
850	4.82376
852	4.82266
854	4.82291
856	4.82327
858	4.82294
860	4.82276
862	4.8234
864	4.8224
866	4.8222
868	4.8215
870	4.82029
872	4.82041
874	4.82162
876	4.8228
878	4.82327
880	4.82507
882	4.82446
884	4.82316
886	4.82179
888	4.82265
890	4.82421
892	4.82504
894	4.80747
896	4.7535
898	4.67566
900	4.59091
902	4.50564
904	4.4285
906	4.35818
908	4.29358
910	4.23791
912	4.18855
914	4.14454
916	4.10731
918	4.07652
920	4.04703
922	4.02625
924	4.04204
926	4.08862
928	4.15148
930	4.22097
932	4.28985
934	4.35338
936	4.41046
938	4.4614
940	4.50753
942	4.54885
944	4.58341
946	4.61446
948	4.64156
950	4.66562
952	4.68456
954	4.70134
956	4.71639
958	4.72995
960	4.74029
962	4.74962
964	4.75724
966	4.76414
968	4.77061
970	4.77484
972	4.77806
974	4.78134
976	4.78622
978	4.78981
980	4.7934
982	4.79592
984	4.7973
986	4.79951
988	4.80084
990	4.80201
992	4.80431
994	4.80611
996	4.80866
998	4.81058
1000	4.81107
1002	4.81065
1004	4.81087
1006	4.81212
1008	4.81149
1010	4.8133
1012	4.81472
1014	4.81657
1016	4.8163
1018	4.81687
1020	4.8176
1022	4.81752
1024	4.8191
1026	4.81964
1028	4.8189
1030	4.81912
1032	4.81839
1034	4.81785
1036	4.81759
1038	4.81818
1040	4.81873
1042	4.81734
1044	4.81855
1046	4.81937
1048	4.82088
1050	4.82218
1052	4.82252
1054	4.82283
1056	4.82391
1058	4.82407
1060	4.82381
1062	4.82438
1064	4.82346
1066	4.82334
1068	4.82269
1070	4.82152
1072	4.82171
1074	4.82111
1076	4.82067
1078	4.81989
1080	4.81964
1082	4.82077
1084	4.81992
1086	4.82096
1088	4.8216
1090	4.82256
1092	4.82151
1094	4.81952
1096	4.81979
1098	4.82168
1100	4.82277
1102	4.82098
1104	4.8216
1106	4.82198
1108	4.82286
1110	4.82225
1112	4.82196
1114	4.82126
1116	4.82108
1118	4.82143
1120	4.82264
1122	4.82181
1124	4.8219
1126	4.82191
1128	4.82138
1130	4.82152
1132	4.82172
1134	4.82159
1136	4.82127
1138	4.82208
1140	4.82251
1142	4.8222
1144	4.82216
1146	4.82016
1148	4.8203
1150	4.82124
1152	4.82166
1154	4.82251
1156	4.82174
1158	4.82181
1160	4.82122
1162	4.82199
1164	4.82309
1166	4.82334
1168	4.82299
1170	4.80936
1172	4.75906
1174	4.68587
1176	4.60416
1178	4.52122
1180	4.44351
1182	4.37156
1184	4.3073
1186	4.25106
1188	4.20176
1190	4.15651
1192	4.11914
1194	4.08682
1196	4.0611
1198	4.04073
1200	4.04791
1202	4.08624
1204	4.14369
1206	4.20963
1208	4.2757
1210	4.33959
1212	4.39897
1214	4.45161
1216	4.49838
1218	4.53948
1220	4.57727
1222	4.6084
1224	4.63435
1226	4.65872
1228	4.67965
1230	4.69448
1232	4.70852
1234	4.72033
1236	4.73347
1238	4.744
1240	4.75268
1242	4.76043
1244	4.76571
1246	4.77203
1248	4.77646
1250	4.77969
1252	4.78295
1254	4.78641
1256	4.78968
1258	4.79134
1260	4.79415
1262	4.7968
1264	4.79723
1266	4.80031
1268	4.80406
1270	4.80548
1272	4.80509
1274	4.80602
1276	4.80753
1278	4.80916
1280	4.80846
1282	4.80948
1284	4.81149
1286	4.81311
1288	4.81568
1290	4.81602
1292	4.81512
1294	4.8156
1296	4.81748
1298	4.81652
1300	4.81697
1302	4.81957
1304	4.81836
1306	4.8196
1308	4.81904
1310	4.81923
1312	4.81876
1314	4.8184
1316	4.81684
1318	4.81677
1320	4.8171
1322	4.81626
1324	4.81624
1326	4.81593
1328	4.81645
1330	4.81675
1332	4.81775
1334	4.81795
1336	4.81834
1338	4.81754
1340	4.81792
1342	4.81727
1344	4.81804
1346	4.81949
1348	4.81865
1350	4.81772
1352	4.81722
1354	4.81809
1356	4.819
1358	4.81822
1360	4.81886
1362	4.81945
1364	4.81909
1366	4.81991
1368	4.82016
1370	4.82013
1372	4.81944
1374	4.81877
1376	4.81967
1378	4.81965
1380	4.81995
1382	4.81866
1384	4.81801
1386	4.81842
1388	4.81794
1390	4.81954
1392	4.82074
1394	4.81954
1396	4.81916
1398	4.81946
1400	4.81982
1402	4.81963
1404	4.82059
1406	4.82233
1408	4.82048
1410	4.82147
1412	4.82165
1414	4.82057
1416	4.81977
1418	4.81983
1420	4.82068
1422	4.82161
1424	4.82163
1426	4.82111
1428	4.82109
1430	4.82172
1432	4.82304
1434	4.82135
1436	4.82157
1438	4.82248
1440	4.82104
1442	4.82017
1444	4.8197
1446	4.80929
1448	4.76557
1450	4.69783
1452	4.61786
1454	4.53944
1456	4.46348
1458	4.39248
1460	4.32911
1462	4.2732
1464	4.22516
1466	4.18218
1468	4.14699
1470	4.11481
1472	4.08818
1474	4.06924
1476	4.07046
1478	4.09407
1480	4.14145
1482	4.2011
1484	4.26437
1486	4.32736
1488	4.38541
1490	4.43587
1492	4.48186
1494	4.52266
1496	4.55982
1498	4.59172
1500	4.61886
1502	4.64303
1504	4.66356
1506	4.68103
1508	4.69705
1510	4.71225
1512	4.72412
1514	4.73309
1516	4.74292
1518	4.75092
1520	4.75775
1522	4.76329
1524	4.76929
1526	4.77446
1528	4.77838
1530	4.78167
1532	4.78623
1534	4.78901
1536	4.79169
1538	4.79421
1540	4.79544
1542	4.79945
1544	4.80255
1546	4.80285
1548	4.80394
1550	4.80497
1552	4.80579
1554	4.8063
1556	4.80573
1558	4.80628
1560	4.80648
1562	4.80663
1564	4.809
1566	4.81134
1568	4.81228
1570	4.81159
1572	4.81307
1574	4.81309
1576	4.81326
1578	4.81382
1580	4.81378
1582	4.81493
1584	4.81494
1586	4.81414
1588	4.81421
1590	4.81262
1592	4.81278
1594	4.8138
1596	4.81541
1598	4.81577
1600	4.81826
1602	4.81718
1604	4.81535
1606	4.81673
1608	4.81892
1610	4.81968
1612	4.81887
1614	4.81722
1616	4.81717
1618	4.8171
1620	4.81639
1622	4.81551
1624	4.81729
1626	4.8193
1628	4.81946
1630	4.81885
1632	4.81756
1634	4.81556
1636	4.81524
1638	4.81548
1640	4.81776
1642	4.81926
1644	4.81938
1646	4.81769
1648	4.81676
1650	4.81742
1652	4.81843
1654	4.81798
1656	4.81838
1658	4.81736
1660	4.81703
1662	4.81685
1664	4.81729
1666	4.81705
1668	4.81879
1670	4.81744
1672	4.81725
1674	4.81819
1676	4.81811
1678	4.81832
1680	4.81795
1682	4.81733
1684	4.81859
1686	4.81915
1688	4.81942
1690	4.81703
1692	4.81778
1694	4.81877
1696	4.81983
1698	4.81998
1700	4.81864
1702	4.81865
1704	4.81879
1706	4.81807
1708	4.81878
1710	4.81753
1712	4.81753
1714	4.81867
1716	4.81788
1718	4.81732
1720	4.81748
1722	4.80732
1724	4.76748
1726	4.70329
1728	4.62848
1730	4.55304
1732	4.48125
1734	4.4162
1736	4.35625
1738	4.302
1740	4.25805
1742	4.2211
1744	4.18959
1746	4.16097
1748	4.13985
1750	4.12563
1752	4.12409
1754	4.14052
1756	4.17381
1758	4.21873
1760	4.26629
1762	4.31832
1764	4.37002
1766	4.41841
1768	4.46425
1770	4.5032
1772	4.53971
1774	4.57227
1776	4.60248
1778	4.62645
1780	4.64884
1782	4.66845
1784	4.68508
1786	4.69951
1788	4.71296
1790	4.72419
1792	4.73394
1794	4.74238
1796	4.7498
1798	4.75716
1800	4.76201
1802	4.76534
1804	4.76966
1806	4.77431
1808	4.77967
1810	4.78501
1812	4.78922
1814	4.79101
1816	4.79286
1818	4.79223
1820	4.79294
1822	4.79599
1824	4.79723
1826	4.79951
1828	4.80218
1830	4.80342
1832	4.80397
1834	4.80528
1836	4.80643
1838	4.80631
1840	4.80673
1842	4.80727
1844	4.80886
1846	4.81075
1848	4.81115
1850	4.81049
1852	4.81006
1854	4.81148
1856	4.81117
1858	4.80999
1860	4.81097
1862	4.81324
1864	4.81423
1866	4.81395
1868	4.8126
1870	4.81328
1872	4.81339
1874	4.81388
1876	4.81507
1878	4.81577
1880	4.81427
1882	4.81426
1884	4.81415
1886	4.81458
1888	4.81373
1890	4.81389
1892	4.81455
1894	4.81464
1896	4.81612
1898	4.81559
1900	4.81656
1902	4.81669
1904	4.81585
1906	4.81486
1908	4.81449
1910	4.81378
1912	4.81424
1914	4.81462
1916	4.81444
1918	4.81675
1920	4.81587
1922	4.81489
1924	4.81431
1926	4.81471
1928	4.81386
1930	4.81362
1932	4.8141
1934	4.81658
1936	4.81606
1938	4.81668
1940	4.81564
1942	4.81558
1944	4.81678
1946	4.81619
1948	4.81623
1950	4.81614
1952	4.81698
1954	4.81735
1956	4.81545
1958	4.81567
1960	4.81547
1962	4.81593
1964	4.81673
1966	4.81688
1968	4.81555
1970	4.81546
1972	4.81566
1974	4.81634
1976	4.81643
1978	4.81593
1980	4.81627
1982	4.81837
1984	4.81726
1986	4.8176
1988	4.81618
1990	4.81737
1992	4.8178
1994	4.81557
1996	4.81592
1998	4.80828
2000	4.77632
2002	4.72233
2004	4.6568
2006	4.59016
2008	4.52469
2010	4.46523
2012	4.41465
2014	4.36966
2016	4.33322
2018	4.30146
2020	4.2732
2022	4.25109
2024	4.23672
2026	4.22705
2028	4.22902
2030	4.23758
2032	4.25509
2034	4.28041
2036	4.31158
2038	4.34423
2040	4.37993
2042	4.41363
2044	4.4463
2046	4.47765
2048	4.50714
2050	4.53507
2052	4.56077
2054	4.5843
2056	4.60495
2058	4.62219
2060	4.64072
2062	4.65847
2064	4.67328
2066	4.68625
2068	4.6982
2070	4.70973
2072	4.72071
2074	4.72617
2076	4.73334
2078	4.74095
2080	4.74854
2082	4.75355
2084	4.75979
2086	4.76549
2088	4.76881
2090	4.77364
2092	4.777
2094	4.78056
2096	4.78203
2098	4.78444
2100	4.78632
2102	4.78783
2104	4.7906
2106	4.79236
2108	4.79381
2110	4.79561
2112	4.79658
2114	4.7964
2116	4.79613
2118	4.79826
2120	4.79978
2122	4.79874
2124	4.8002
2126	4.80322
2128	4.80238
2130	4.80197
2132	4.80393
2134	4.8049
2136	4.80538
2138	4.80622
2140	4.80805
2142	4.80844
2144	4.81028
2146	4.8101
2148	4.8091
2150	4.80944
2152	4.8123
2154	4.81145
2156	4.81145
2158	4.81156
2160	4.81167
2162	4.81146
2164	4.81187
2166	4.81188
2168	4.81187
2170	4.81107
2172	4.80971
2174	4.80937
2176	4.80963
2178	4.8101
2180	4.80961
2182	4.81025
2184	4.81068
2186	4.81162
2188	4.81133
2190	4.81146
2192	4.81247
2194	4.81135
2196	4.81245
2198	4.81332
2200	4.81312
2202	4.81322
2204	4.81385
2206	4.81625
2208	4.81439
2210	4.81348
2212	4.81306
2214	4.81463
2216	4.81201
2218	4.80887
2220	4.80881
2222	4.81025
2224	4.81171
2226	4.812
2228	4.81117
2230	4.81032
2232	4.80969
2234	4.81036
2236	4.81055
2238	4.81126
2240	4.81131
2242	4.81235
2244	4.8143
2246	4.81265
2248	4.81128
2250	4.81081
2252	4.81091
2254	4.81348
2256	4.81377
2258	4.8114
2260	4.81081
2262	4.81076
2264	4.81039
2266	4.81315
2268	4.81339
2270	4.81281
2272	4.8131
2274	4.80612
2276	4.78521
2278	4.74862
2280	4.70271
2282	4.65495
2284	4.60788
2286	4.56847
2288	4.53568
2290	4.50637
2292	4.48445
2294	4.47001
2296	4.45862
2298	4.45026
2300	4.44493
2302	4.44346
2304	4.44942
2306	4.46007
2308	4.47237
2310	4.48524
2312	4.50001
2314	4.5128
2316	4.52553
2318	4.53829
2320	4.55234
2322	4.56658
2324	4.58099
2326	4.59092
2328	4.60111
2330	4.61199
2332	4.62272
2334	4.63447
2336	4.64369
2338	4.65327
2340	4.66292
2342	4.67421
2344	4.68455
2346	4.69379
2348	4.7003
2350	4.70639
2352	4.71367
2354	4.71873
2356	4.72338
2358	4.72964
2360	4.73669
2362	4.74399
2364	4.74795
2366	4.7492
2368	4.75325
2370	4.7589
2372	4.76403
2374	4.76601
2376	4.76834
2378	4.77109
2380	4.77455
2382	4.77692
2384	4.7774
2386	4.77728
2388	4.77903
2390	4.78403
2392	4.78714
2394	4.79027
2396	4.79312
2398	4.79209
2400	4.79301
2402	4.79334
2404	4.79456
2406	4.79605
2408	4.7967
2410	4.79719
2412	4.79798
2414	4.79793
2416	4.79904
2418	4.8019
2420	4.80117
2422	4.80049
2424	4.80129
2426	4.80049
2428	4.80115
2430	4.80139
2432	4.80154
2434	4.80253
2436	4.80248
2438	4.80218
2440	4.80309
2442	4.80438
2444	4.8031
2446	4.80232
2448	4.80388
2450	4.80498
2452	4.80466
2454	4.8041
2456	4.80449
2458	4.80441
2460	4.80478
2462	4.80494
2464	4.80699
2466	4.80582
2468	4.80601
2470	4.80521
2472	4.80509
2474	4.80532
2476	4.8056
2478	4.80725
2480	4.80872
2482	4.80706
2484	4.80537
2486	4.80599
2488	4.80574
2490	4.80639
2492	4.80621
2494	4.8069
2496	4.80737
2498	4.80661
2500	4.80737
2502	4.80794
2504	4.80771
2506	4.80711
2508	4.80771
2510	4.80521
2512	4.80415
2514	4.80669
2516	4.80785
2518	4.80645
2520	4.80888
2522	4.809
2524	4.80866
2526	4.80771
2528	4.80782
2530	4.80668
2532	4.80568
2534	4.80617
2536	4.80703
2538	4.80652
2540	4.80687
2542	4.80879
2544	4.80852
2546	4.80764
2548	4.80562
2550	4.80399
2552	4.79499
2554	4.77733
2556	4.75545
2558	4.73309
2560	4.71254
2562	4.694
2564	4.68105
2566	4.67142
2568	4.66171
2570	4.65426
2572	4.64997
2574	4.6485
2576	4.64801
2578	4.64669
2580	4.64689
2582	4.65201
2584	4.65772
2586	4.66593
2588	4.67207
2590	4.67788
2592	4.6836
2594	4.68854
2596	4.69363
2598	4.70193
2600	4.70623
2602	4.70955
2604	4.7146
2606	4.71951
2608	4.7242
2610	4.7267
2612	4.73047
2614	4.73672
2616	4.74245
2618	4.74574
2620	4.74889
2622	4.75164
2624	4.75457
2626	4.75851
2628	4.76169
2630	4.76485
2632	4.76745
2634	4.76944
2636	4.77219
2638	4.77504
2640	4.77663
2642	4.77777
2644	4.78028
2646	4.78292
2648	4.7862
2650	4.78713
2652	4.78839
2654	4.78956
2656	4.78979
2658	4.79082
2660	4.79283
2662	4.79422
2664	4.79378
2666	4.79328
2668	4.79319
2670	4.79383
2672	4.79538
2674	4.7962
2676	4.79861
2678	4.79982
2680	4.79761
2682	4.79646
2684	4.79732
2686	4.79888
2688	4.80141
2690	4.80138
2692	4.79963
2694	4.79953
2696	4.79922
2698	4.79864
2700	4.7994
2702	4.80163
2704	4.80317
2706	4.80355
2708	4.80271
2710	4.80275
2712	4.80213
2714	4.7998
2716	4.80111
2718	4.80212
2720	4.80188
2722	4.80129
2724	4.80146
2726	4.80326
2728	4.80365
2730	4.80145
2732	4.80196
2734	4.80404
2736	4.80346
2738	4.80183
2740	4.80149
2742	4.80399
2744	4.80285
2746	4.80412
2748	4.80617
2750	4.8052
2752	4.8039
2754	4.80369
2756	4.80129
2758	4.80307
2760	4.80426
2762	4.80448
2764	4.80421
2766	4.80358
2768	4.80265
2770	4.80318
2772	4.80565
2774	4.8069
2776	4.80593
2778	4.80594
2780	4.80652
2782	4.80569
2784	4.804
2786	4.80277
2788	4.8042
2790	4.80361
2792	4.80359
2794	4.80481
2796	4.80351
2798	4.80384
2800	4.80571
2802	4.80597
2804	4.80425
2806	4.8037
2808	4.8047
2810	4.80524
2812	4.80397
2814	4.80429
2816	4.80349
2818	4.806
2820	4.80399
2822	4.80431
2824	4.80378
2826	4.80148
2828	4.79555
2830	4.78876
2832	4.78212
2834	4.7736
2836	4.76501
2838	4.76007
2840	4.75324
2842	4.7469
2844	4.74375
2846	4.74212
2848	4.74102
2850	4.73871
2852	4.73344
2854	4.73163
2856	4.73472
2858	4.73855
2860	4.74187
2862	4.74543
2864	4.74998
2866	4.75237
2868	4.7561
2870	4.75881
2872	4.76303
2874	4.76552
2876	4.7669
2878	4.76919
2880	4.76996
2882	4.77059
2884	4.77314
2886	4.77482
2888	4.77621
2890	4.77865
2892	4.7792
2894	4.78116
2896	4.78323
2898	4.78508
2900	4.78655
2902	4.7864
2904	4.7879
2906	4.78949
2908	4.79222
2910	4.7924
2912	4.79394
2914	4.79584
2916	4.79552
2918	4.7967
2920	4.79748
2922	4.79769
2924	4.79787
2926	4.79693
2928	4.79768
2930	4.79657
2932	4.79777
2934	4.79765
2936	4.79781
2938	4.79792
2940	4.80004
2942	4.8017
2944	4.80201
2946	4.8002
2948	4.80018
2950	4.79971
2952	4.80161
2954	4.80315
2956	4.80224
2958	4.79956
2960	4.80034
2962	4.80134
2964	4.80112
2966	4.80082
2968	4.80206
2970	4.80229
2972	4.80338
2974	4.80144
2976	4.80134
2978	4.80072
2980	4.80092
2982	4.80278
2984	4.80416
2986	4.80207
2988	4.80122
2990	4.80253
2992	4.79992
2994	4.80054
2996	4.8022
2998	4.80416
3000	4.80501
3002	4.80318
3004	4.80109
3006	4.79938
3008	4.80131
3010	4.80142
3012	4.80139
3014	4.80271
3016	4.80173
3018	4.80268
3020	4.80113
3022	4.80251
3024	4.80276
3026	4.80296
3028	4.80432
3030	4.80412
3032	4.805
3034	4.80413
3036	4.80338
3038	4.80447
3040	4.8042
3042	4.8046
3044	4.80485
3046	4.80422
3048	4.80265
3050	4.80026
3052	4.80033
3054	4.80099
3056	4.80103
3058	4.80375
3060	4.80349
3062	4.80281
3064	4.80367
3066	4.80297
3068	4.8044
3070	4.80555
3072	4.80449
3074	4.80364
3076	4.80284
3078	4.8025
3080	4.80158
3082	4.80161
3084	4.80293
3086	4.80461
3088	4.80365
3090	4.80071
3092	4.79947
3094	4.80098
3096	4.80292
3098	4.80237
3100	4.80035
3102	4.80234
3104	4.79976
3106	4.79446
3108	4.78943
3110	4.78531
3112	4.7808
3114	4.77605
3116	4.77236
3118	4.7732
3120	4.76828
3122	4.76503
3124	4.76347
3126	4.76054
3128	4.759
3130	4.75806
3132	4.76072
3134	4.76579
3136	4.76625
3138	4.76971
3140	4.7727
3142	4.77269
3144	4.77665
3146	4.77911
3148	4.7803
3150	4.78191
3152	4.78428
3154	4.78674
3156	4.7878
3158	4.79044
3160	4.78923
3162	4.78894
3164	4.79098
3166	4.79224
3168	4.79352
3170	4.79472
3172	4.7942
3174	4.79345
3176	4.7955
3178	4.79441
3180	4.79473
3182	4.79581
3184	4.79591
3186	4.79751
3188	4.7976
3190	4.79788
3192	4.79816
3194	4.79816
3196	4.79717
3198	4.79643
3200	4.79739
3202	4.79773
3204	4.79817
3206	4.79921
3208	4.79894
3210	4.79922
3212	4.80026
3214	4.80165
3216	4.802
3218	4.80164
3220	4.8015
3222	4.80042
3224	4.79904
3226	4.79914
3228	4.79962
3230	4.80049
3232	4.80025
3234	4.80133
3236	4.80015
3238	4.79942
3240	4.80042
3242	4.7997
3244	4.80113
3246	4.80177
3248	4.80172
3250	4.80193
3252	4.80304
3254	4.80326
3256	4.80115
3258	4.80058
3260	4.80102
3262	4.80252
3264	4.80337
3266	4.80175
3268	4.80066
3270	4.80052
3272	4.79936
3274	4.80044
3276	4.80042
3278	4.80137
3280	4.80214
3282	4.80125
3284	4.80185
3286	4.79985
3288	4.79921
3290	4.80022
3292	4.80205
3294	4.80291
3296	4.80321
3298	4.80129
3300	4.8008
3302	4.80068
3304	4.80361
3306	4.80455
3308	4.80378
3310	4.80171
3312	4.80156
3314	4.80201
3316	4.80262
3318	4.80133
3320	4.80311
3322	4.80259
3324	4.80143
3326	4.80146
3328	4.80066
3330	4.79993
3332	4.80145
3334	4.80012
3336	4.80055
3338	4.80187
3340	4.80243
3342	4.80319
3344	4.80261
3346	4.80177
3348	4.80258
3350	4.80168
3352	4.80112
3354	4.80058
3356	4.80116
3358	4.80337
3360	4.80216
3362	4.80178
3364	4.80297
3366	4.80248
3368	4.80198
3370	4.80106
3372	4.8015
3374	4.803
3376	4.80085
3378	4.79874
3380	4.79688
3382	4.7943
3384	4.79072
3386	4.78646
3388	4.78299
3390	4.77937
3392	4.77656
3394	4.77339
3396	4.77106
3398	4.76976
3400	4.76846
3402	4.76802
3404	4.76591
3406	4.76699
3408	4.76864
3410	4.76984
3412	4.77356
3414	4.77591
3416	4.77957
3418	4.78205
3420	4.7848
3422	4.78486
3424	4.78489
3426	4.78509
3428	4.78807
3430	4.78908
3432	4.78883
3434	4.78891
3436	4.78999
3438	4.78918
3440	4.78857
3442	4.79058
3444	4.79197
3446	4.79273
3448	4.79427
3450	4.7934
3452	4.79268
3454	4.79523
3456	4.79623
3458	4.79567
3460	4.79704
3462	4.79763
3464	4.79867
3466	4.79867
3468	4.79864
3470	4.79705
3472	4.79692
3474	4.79762
3476	4.79796
3478	4.79824
3480	4.79788
3482	4.79967
3484	4.79982
3486	4.79851
3488	4.79782
3490	4.79775
3492	4.79812
3494	4.79767
3496	4.79652
3498	4.79562
3500	4.79676
3502	4.79512
3504	4.79647
3506	4.79699
3508	4.79481
3510	4.79435
3512	4.79533
3514	4.79609
3516	4.79675
3518	4.79715
3520	4.79925
3522	4.7977
3524	4.79621
3526	4.796
3528	4.79602
3530	4.796
3532	4.79851
3534	4.79714
3536	4.79475
3538	4.79678
3540	4.79911
3542	4.79808
3544	4.79817
3546	4.79541
3548	4.79542
3550	4.79545
3552	4.79559
3554	4.79514
3556	4.79608
3558	4.79764
3560	4.79881
3562	4.79802
3564	4.80084
3566	4.80005
3568	4.7986
3570	4.79933
3572	4.79952
3574	4.79971
3576	4.79792
3578	4.79775
3580	4.79737
3582	4.79783
3584	4.79857
3586	4.79936
3588	4.79816
3590	4.79805
3592	4.79613
3594	4.79713
3596	4.79693
3598	4.7971
3600	4.79792
3602	4.79796
3604	4.79851
3606	4.80099
3608	4.80133
3610	4.79793
3612	4.7973
3614	4.79589
3616	4.79581
3618	4.79517
3620	4.79446
3622	4.79411
3624	4.79624
3626	4.79507
3628	4.79578
3630	4.7953
3632	4.79651
3634	4.79798
3636	4.80025
3638	4.79972
3640	4.79809
3642	4.79835
3644	4.79697
3646	4.7977
3648	4.79699
3650	4.79421
3652	4.79532
3654	4.79601
3656	4.79278
3658	4.78847
3660	4.78675
3662	4.78639
3664	4.78438
3666	4.78152
3668	4.77733
3670	4.77521
3672	4.77255
3674	4.77091
3676	4.77029
3678	4.76997
3680	4.76908
3682	4.76884
3684	4.76953
3686	4.77089
3688	4.77445
3690	4.77586
3692	4.77752
3694	4.77858
3696	4.78079
3698	4.78321
3700	4.78434
3702	4.78547
3704	4.78843
3706	4.78871
3708	4.79037
3710	4.79205
3712	4.79174
3714	4.79123
3716	4.79119
3718	4.79354
3720	4.79385
3722	4.79392
3724	4.7957
3726	4.7942
3728	4.79186
3730	4.79221
3732	4.79225
3734	4.79268
3736	4.7925
3738	4.79272
3740	4.7928
3742	4.79479
3744	4.79432
3746	4.79233
3748	4.79366
3750	4.79456
3752	4.79402
3754	4.79319
3756	4.79227
3758	4.79385
3760	4.79542
3762	4.7942
3764	4.79464
3766	4.79667
3768	4.79587
3770	4.79534
3772	4.7927
3774	4.79166
3776	4.79146
3778	4.79383
3780	4.79494
3782	4.79253
3784	4.79319
3786	4.79554
3788	4.79445
3790	4.7926
3792	4.79104
3794	4.79271
3796	4.79399
3798	4.79328
3800	4.79384
3802	4.79643
3804	4.79614
3806	4.7957
3808	4.79592
3810	4.79651
3812	4.79702
3814	4.79395
3816	4.79427
3818	4.79373
3820	4.79183
3822	4.79103
3824	4.79268
3826	4.79491
3828	4.79584
3830	4.79496
3832	4.79293
3834	4.79001
3836	4.78929
3838	4.79203
3840	4.79371
3842	4.79159
3844	4.79155
3846	4.79409
3848	4.79573
3850	4.79575
3852	4.79329
3854	4.79147
3856	4.79323
3858	4.79338
3860	4.79417
3862	4.79408
3864	4.79236
3866	4.79194
3868	4.79278
3870	4.79436
3872	4.79297
3874	4.79265
3876	4.79211
3878	4.7911
3880	4.79263
3882	4.79316
3884	4.7936
3886	4.79214
3888	4.7922
3890	4.79173
3892	4.79237
3894	4.7925
3896	4.79188
3898	4.79327
3900	4.79227
3902	4.79398
3904	4.79421
3906	4.79347
3908	4.79421
3910	4.79519
3912	4.79444
3914	4.79286
3916	4.79103
3918	4.79142
3920	4.79277
3922	4.79362
3924	4.79192
3926	4.79345
3928	4.79308
3930	4.79075
3932	4.79005
3934	4.78623
3936	4.78341
3938	4.78237
3940	4.77942
3942	4.77558
3944	4.7748
3946	4.7736
3948	4.76977
3950	4.76732
3952	4.76579
3954	4.76437
3956	4.76427
3958	4.76212
3960	4.76295
3962	4.76659
3964	4.77036
3966	4.77256
3968	4.77257
3970	4.77451
3972	4.77602
3974	4.77586
3976	4.77758
3978	4.78099
3980	4.78287
3982	4.7836
3984	4.78477
3986	4.78682
3988	4.78819
3990	4.79021
3992	4.78953
3994	4.78933
3996	4.79115
3998	4.7902
4000	4.787
4002	4.78642
4004	4.78789
4006	4.78769
4008	4.78797
4010	4.78785
4012	4.78748
4014	4.78794
4016	4.78787
4018	4.78742
4020	4.78879
4022	4.78846
4024	4.78804
4026	4.7903
4028	4.79208
4030	4.79039
4032	4.78857
4034	4.7893
4036	4.79015
4038	4.79038
4040	4.79008
4042	4.78946
4044	4.79159
4046	4.79131
4048	4.79185
4050	4.79206
4052	4.79183
4054	4.7916
4056	4.79208
4058	4.7927
4060	4.79197
4062	4.79087
4064	4.79073
4066	4.78979
4068	4.78878
4070	4.78685
4072	4.78541
4074	4.7863
4076	4.78763
4078	4.78949
4080	4.7896
4082	4.7887
4084	4.78814
4086	4.78665
4088	4.78793
4090	4.78886
4092	4.78862
4094	4.78833
4096	4.7883
4098	4.78873
4100	4.78945
4102	4.7901
4104	4.78984
4106	4.78847
4108	4.78803
4110	4.78912
4112	4.78903
4114	4.78965
4116	4.78788
4118	4.78894
4120	4.79103
4122	4.79084
4124	4.78953
4126	4.79013
4128	4.7889
4130	4.78805
4132	4.7867
4134	4.78867
4136	4.79038
4138	4.78768
4140	4.78881
4142	4.79012
4144	4.78937
4146	4.7897
4148	4.7899
4150	4.78944
4152	4.78813
4154	4.78759
4156	4.78848
4158	4.78928
4160	4.7879
4162	4.78966
4164	4.78846
4166	4.78773
4168	4.78897
4170	4.78997
4172	4.78894
4174	4.7867
4176	4.78763
4178	4.78833
4180	4.78895
4182	4.78701
4184	4.78868
4186	4.78777
4188	4.78513
4190	4.78464
4192	4.78717
4194	4.788
4196	4.78749
4198	4.78836
4200	4.78936
4202	4.78965
4204	4.78845
4206	4.78674
4208	4.78627
4210	4.78121
4212	4.7787
4214	4.77555
4216	4.77452
4218	4.77288
4220	4.77075
4222	4.76752
4224	4.76522
4226	4.76444
4228	4.76384
4230	4.76398
4232	4.76445
4234	4.76295
4236	4.7646
4238	4.76671
4240	4.76992
4242	4.77092
4244	4.77262
4246	4.772
4248	4.77259
4250	4.77544
4252	4.77769
4254	4.77952
4256	4.77998
4258	4.77913
4260	4.78132
4262	4.78268
4264	4.78327
4266	4.78228
4268	4.78357
4270	4.78392
4272	4.78519
4274	4.78427
4276	4.78495
4278	4.78403
4280	4.78507
4282	4.78681
4284	4.78786
4286	4.786
4288	4.78455
4290	4.78242
4292	4.78465
4294	4.78457
4296	4.78441
4298	4.78369
4300	4.78514
4302	4.78486
4304	4.78383
4306	4.78362
4308	4.78434
4310	4.78352
4312	4.78263
4314	4.78238
4316	4.78316
4318	4.78371
4320	4.78592
4322	4.78663
4324	4.78578
4326	4.78766
4328	4.78903
4330	4.7865
4332	4.78598
4334	4.78523
4336	4.7843
4338	4.78519
4340	4.78559
4342	4.78437
4344	4.78339
4346	4.78225
4348	4.78372
4350	4.78472
4352	4.78591
4354	4.78577
4356	4.78607
4358	4.784
4360	4.78311
4362	4.78434
4364	4.78552
4366	4.78528
4368	4.78283
4370	4.78171
4372	4.78418
4374	4.78735
4376	4.7866
4378	4.78515
4380	4.78308
4382	4.78256
4384	4.78382
4386	4.78466
4388	4.78428
4390	4.78548
4392	4.78561
4394	4.78651
4396	4.7865
4398	4.78811
4400	4.78869
4402	4.7878
4404	4.78513
4406	4.78495
4408	4.78597
4410	4.78487
4412	4.78527
4414	4.78414
4416	4.78305
4418	4.78479
4420	4.78471
4422	4.78332
4424	4.78322
4426	4.78431
4428	4.78468
4430	4.78191
4432	4.78176
4434	4.78171
4436	4.78155
4438	4.78222
4440	4.7819
4442	4.77962
4444	4.77913
4446	4.78092
4448	4.78274
4450	4.7816
4452	4.78179
4454	4.7827
4456	4.78313
4458	4.78493
4460	4.78492
4462	4.785
4464	4.7829
4466	4.78205
4468	4.78376
4470	4.78252
4472	4.78275
4474	4.78432
4476	4.78427
4478	4.78383
4480	4.78276
4482	4.78274
4484	4.78211
4486	4.77818
4488	4.77319
4490	4.76986
4492	4.76727
4494	4.76575
4496	4.76278
4498	4.76259
4500	4.76151
4502	4.76198
4504	4.75992
4506	4.7591
4508	4.75991
4510	4.75926
4512	4.76124
4514	4.76343
4516	4.7665
4518	4.76769
4520	4.76924
4522	4.77055
4524	4.77142
4526	4.77171
4528	4.77278
4530	4.77434
4532	4.77512
4534	4.77403
4536	4.77473
4538	4.77503
4540	4.77491
4542	4.77603
4544	4.77806
4546	4.77572
4548	4.77653
4550	4.77728
4552	4.77878
4554	4.77837
4556	4.77755
4558	4.77662
4560	4.77672
4562	4.77783
4564	4.77812
4566	4.77743
4568	4.77739
4570	4.77721
4572	4.77701
4574	4.77857
4576	4.77925
4578	4.77858
4580	4.779
4582	4.78063
4584	4.78139
4586	4.77856
4588	4.77912
4590	4.77845
4592	4.77975
4594	4.78035
4596	4.77912
4598	4.78031
4600	4.77926
4602	4.77865
4604	4.77976
4606	4.77824
4608	4.77732
4610	4.7787
4612	4.77868
4614	4.78077
4616	4.78096
4618	4.77982
4620	4.78245
4622	4.78387
4624	4.78188
4626	4.78069
4628	4.77871
4630	4.78011
4632	4.78153
4634	4.77884
4636	4.77777
4638	4.77682
4640	4.77719
4642	4.77577
4644	4.77414
4646	4.77567
4648	4.77525
4650	4.77688
4652	4.77571
4654	4.77546
4656	4.77751
4658	4.7785
4660	4.7776
4662	4.77871
4664	4.77911
4666	4.77761
4668	4.77825
4670	4.77764
4672	4.77673
4674	4.77603
4676	4.77518
4678	4.77617
4680	4.77614
4682	4.77911
4684	4.77984
4686	4.7802
4688	4.77828
4690	4.77843
4692	4.77688
4694	4.7754
4696	4.77722
4698	4.77781
4700	4.77793
4702	4.77721
4704	4.77666
4706	4.7754
4708	4.77625
4710	4.77755
4712	4.77763
4714	4.77733
4716	4.77622
4718	4.7777
4720	4.77692
4722	4.77699
4724	4.77919
4726	4.77704
4728	4.7748
4730	4.77658
4732	4.77735
4734	4.7766
4736	4.77729
4738	4.778
4740	4.77789
4742	4.77692
4744	4.77733
4746	4.77723
4748	4.77698
4750	4.77811
4752	4.7766
4754	4.77719
4756	4.77565
4758	4.77476
4760	4.7735
4762	4.77144
4764	4.76639
4766	4.76344
4768	4.76132
4770	4.76022
4772	4.75855
4774	4.75658
4776	4.75389
4778	4.75109
4780	4.75034
4782	4.74903
4784	4.74898
4786	4.74986
4788	4.75102
4790	4.75194
4792	4.75749
4794	4.75791
4796	4.7594
4798	4.76356
4800	4.76457
4802	4.76308
4804	4.76297
4806	4.76366
4808	4.76375
4810	4.76642
4812	4.76847
4814	4.76868
4816	4.77079
4818	4.76941
4820	4.76973
4822	4.76982
4824	4.76858
4826	4.76859
4828	4.77039
4830	4.77143
4832	4.77104
4834	4.76911
4836	4.77099
4838	4.7714
4840	4.77184
4842	4.77163
4844	4.77174
4846	4.77194
4848	4.7716
4850	4.77309
4852	4.77475
4854	4.77269
4856	4.77076
4858	4.77124
4860	4.77056
4862	4.77028
4864	4.77067
4866	4.76971
4868	4.76951
4870	4.77047
4872	4.76996
4874	4.7718
4876	4.77243
4878	4.77052
4880	4.7699
4882	4.77057
4884	4.77176
4886	4.77324
4888	4.77505
4890	4.7751
4892	4.77424
4894	4.77207
4896	4.77203
4898	4.77009
4900	4.76797
4902	4.76904
4904	4.76866
4906	4.76934
4908	4.7706
4910	4.77135
4912	4.77018
4914	4.77005
4916	4.77006
4918	4.76973
4920	4.76974
4922	4.77151
4924	4.77223
4926	4.77205
4928	4.77006
4930	4.76889
4932	4.76857
4934	4.76762
4936	4.76679
4938	4.76661
4940	4.76704
4942	4.76914
4944	4.76849
4946	4.7705
4948	4.77093
4950	4.7719
4952	4.77241
4954	4.77187
4956	4.77141
4958	4.77025
4960	4.76873
4962	4.77011
4964	4.76982
4966	4.77049
4968	4.76995
4970	4.76666
4972	4.76702
4974	4.76819
4976	4.76784
4978	4.76664
4980	4.7667
4982	4.76872
4984	4.767
4986	4.76614
4988	4.76389
4990	4.76385
4992	4.76421
4994	4.76686
4996	4.76675
4998	4.7652
5000	4.76503
5002	4.76737
5004	4.76635
5006	4.76569
5008	4.76615
5010	4.76483
5012	4.76682
5014	4.76779
5016	4.76752
5018	4.76862
5020	4.76781
5022	4.76748
5024	4.7676
5026	4.76632
5028	4.76666
5030	4.76846
5032	4.76628
5034	4.76587
5036	4.76502
5038	4.76217
5040	4.7571
5042	4.75319
5044	4.75094
5046	4.75013
5048	4.74825
5050	4.74749
5052	4.7453
5054	4.74339
5056	4.74327
5058	4.74296
5060	4.74233
5062	4.74226
5064	4.74065
5066	4.7424
5068	4.74673
5070	4.74845
5072	4.74857
5074	4.75034
5076	4.75333
5078	4.75334
5080	4.75273
5082	4.75456
5084	4.75747
5086	4.75907
5088	4.7592
5090	4.75917
5092	4.75934
5094	4.76227
5096	4.7615
5098	4.76219
5100	4.76242
5102	4.76114
5104	4.75877
5106	4.75915
5108	4.75933
5110	4.75936
5112	4.75944
5114	4.75897
5116	4.7597
5118	4.75799
5120	4.76021
5122	4.76052
5124	4.76061
5126	4.76107
5128	4.76031
5130	4.75811
5132	4.75785
5134	4.75845
5136	4.75964
5138	4.75875
5140	4.75776
5142	4.75937
5144	4.75889
5146	4.76003
5148	4.7605
5150	4.7583
5152	4.7573
5154	4.75905
5156	4.75965
5158	4.76005
5160	4.76076
5162	4.76011
5164	4.75942
5166	4.75792
5168	4.75765
5170	4.75962
5172	4.76093
5174	4.76113
5176	4.75958
5178	4.75746
5180	4.7567
5182	4.75694
5184	4.75688
5186	4.75635
5188	4.75773
5190	4.75951
5192	4.75869
5194	4.75822
5196	4.75772
5198	4.75897
5200	4.7573
5202	4.75644
5204	4.75647
5206	4.75686
5208	4.75682
5210	4.75703
5212	4.75681
5214	4.75645
5216	4.75441
5218	4.75498
5220	4.75658
5222	4.75563
5224	4.75598
5226	4.75434
5228	4.75212
5230	4.7537
5232	4.75492
5234	4.75579
5236	4.75478
5238	4.75573
5240	4.75662
5242	4.75513
5244	4.75582
5246	4.75676
5248	4.75463
5250	4.75366
5252	4.7529
5254	4.75476
5256	4.75516
5258	4.75325
5260	4.75273
5262	4.75501
5264	4.75696
5266	4.75786
5268	4.75539
5270	4.75497
5272	4.75454
5274	4.75225
5276	4.75429
5278	4.75593
5280	4.75467
5282	4.7533
5284	4.75448
5286	4.75524
5288	4.75209
5290	4.75082
5292	4.75074
5294	4.75202
5296	4.75103
5298	4.75246
5300	4.75177
5302	4.75075
5304	4.74892
5306	4.74824
5308	4.74693
5310	4.74861
5312	4.74851
5314	4.74445
5316	4.74258
5318	4.73696
5320	4.73199
5322	4.7324
5324	4.73146
5326	4.72927
5328	4.72878
5330	4.7276
5332	4.72822
5334	4.72567
5336	4.72331
5338	4.72197
5340	4.72531
5342	4.7282
5344	4.73004
5346	4.73312
5348	4.73499
5350	4.73808
5352	4.73907
5354	4.73868
5356	4.73948
5358	4.74092
5360	4.74177
5362	4.74434
5364	4.74702
5366	4.74603
5368	4.7454
5370	4.74555
5372	4.74549
5374	4.74611
5376	4.74696
5378	4.74529
5380	4.74219
5382	4.74174
5384	4.74229
5386	4.7422
5388	4.74315
5390	4.74439
5392	4.74572
5394	4.74518
5396	4.74331
5398	4.74213
5400	4.74276
5402	4.74365
5404	4.74372
5406	4.74384
5408	4.74313
5410	4.74131
5412	4.74177
5414	4.74295
5416	4.74377
5418	4.7429
5420	4.74401
5422	4.74543
5424	4.74442
5426	4.74552
5428	4.74608
5430	4.74432
5432	4.742
5434	4.74019
5436	4.74009
5438	4.74031
5440	4.74252
5442	4.74427
5444	4.74313
5446	4.74302
5448	4.74303
5450	4.74329
5452	4.74212
5454	4.74071
5456	4.74132
5458	4.74057
5460	4.74171
5462	4.73964
5464	4.7394
5466	4.74107
5468	4.74026
5470	4.739
5472	4.73788
5474	4.73892
5476	4.74204
5478	4.74308
5480	4.74303
5482	4.74153
5484	4.73784
5486	4.73677
5488	4.73626
5490	4.73656
5492	4.73861
5494	4.74015
5496	4.73923
5498	4.73752
5500	4.73737
5502	4.73883
5504	4.73886
5506	4.73717
5508	4.73809
5510	4.73799
5512	4.7398
5514	4.74101
5516	4.73963
5518	4.73864
5520	4.73839
5522	4.73557
5524	4.73507
5526	4.73627
5528	4.73545
5530	4.73587
5532	4.7352
5534	4.73422
5536	4.73362
5538	4.7355
5540	4.73651
5542	4.73703
5544	4.73595
5546	4.73468
5548	4.73595
5550	4.73724
5552	4.7372
5554	4.73737
5556	4.73904
5558	4.7398
5560	4.73822
5562	4.73594
5564	4.73558
5566	4.73709
5568	4.73431
5570	4.73328
5572	4.73399
5574	4.73537
5576	4.73412
5578	4.73311
5580	4.73394
5582	4.73436
5584	4.73612
5586	4.73421
5588	4.73069
5590	4.72802
5592	4.72433
5594	4.72212
5596	4.71948
5598	4.71567
5600	4.71092
5602	4.71258
5604	4.71259
5606	4.70978
5608	4.70767
5610	4.70595
5612	4.70736
5614	4.70848
5616	4.70888
5618	4.71137
5620	4.71382
5622	4.71469
5624	4.71839
5626	4.72099
5628	4.72013
5630	4.72008
5632	4.72072
5634	4.72329
5636	4.72379
5638	4.72488
5640	4.72584
5642	4.72593
5644	4.72794
5646	4.73088
5648	4.73016
5650	4.72881
5652	4.72897
5654	4.72953
5656	4.72781
5658	4.72776
5660	4.72884
5662	4.72875
5664	4.72853
5666	4.72864
5668	4.72804
5670	4.72903
5672	4.7273
5674	4.72557
5676	4.72566
5678	4.72547
5680	4.72575
5682	4.72656
5684	4.72575
5686	4.72518
5688	4.72628
5690	4.72568
5692	4.72729
5694	4.72733
5696	4.72707
5698	4.72641
5700	4.72576
5702	4.72623
5704	4.72413
5706	4.72543
5708	4.72627
5710	4.72761
5712	4.72694
5714	4.72573
5716	4.72341
5718	4.72289
5720	4.72379
5722	4.72168
5724	4.72096
5726	4.72389
5728	4.72555
5730	4.72454
5732	4.72404
5734	4.72278
5736	4.72158
5738	4.72432
5740	4.72483
5742	4.72341
5744	4.72364
5746	4.72324
5748	4.72073
5750	4.71985
5752	4.72165
5754	4.72359
5756	4.72326
5758	4.71988
5760	4.72096
5762	4.72056
5764	4.72059
5766	4.72042
5768	4.7203
5770	4.72181
5772	4.72262
5774	4.72205
5776	4.72161
5778	4.72381
5780	4.72494
5782	4.72238
5784	4.71997
5786	4.72017
5788	4.72142
5790	4.72207
5792	4.72046
5794	4.72044
5796	4.72092
5798	4.72043
5800	4.72317
5802	4.72469
5804	4.72337
5806	4.7219
5808	4.72143
5810	4.71988
5812	4.7194
5814	4.72153
5816	4.72148
5818	4.71967
5820	4.71886
5822	4.71981
5824	4.72056
5826	4.71959
5828	4.71941
5830	4.71781
5832	4.71927
5834	4.72046
5836	4.72108
5838	4.71963
5840	4.72082
5842	4.72106
5844	4.71816
5846	4.71871
5848	4.71753
5850	4.71688
5852	4.71788
5854	4.72007
5856	4.71827
5858	4.71749
5860	4.71809
5862	4.71744
5864	4.71508
5866	4.71235
5868	4.70918
5870	4.70589
5872	4.70442
5874	4.70101
5876	4.69925
5878	4.69878
5880	4.69658
5882	4.69671
5884	4.69678
5886	4.69532
5888	4.69273
5890	4.69367
5892	4.69466
5894	4.69597
5896	4.69688
5898	4.69925
5900	4.70412
5902	4.70673
5904	4.70932
5906	4.70876
5908	4.70866
5910	4.71252
5912	4.71135
5914	4.71059
5916	4.71069
5918	4.71128
5920	4.71068
5922	4.71028
5924	4.71005
5926	4.71135
5928	4.70979
5930	4.7082
5932	4.71017
5934	4.71083
5936	4.70959
5938	4.70967
5940	4.7095
5942	4.71042
5944	4.71192
5946	4.7116
5948	4.71077
5950	4.70971
5952	4.71048
5954	4.71117
5956	4.71152
5958	4.71066
5960	4.71004
5962	4.71218
5964	4.71012
5966	4.70964
5968	4.71089
5970	4.70975
5972	4.70728
5974	4.70729
5976	4.70786
5978	4.7086
5980	4.70846
5982	4.70987
5984	4.71152
5986	4.71136
5988	4.71138
5990	4.71084
5992	4.71004
5994	4.70996
5996	4.70604
5998	4.70763
6000	4.70856
6002	4.70666
6004	4.70524
6006	4.70724
6008	4.70791
6010	4.71031
6012	4.70951
6014	4.7089
6016	4.70827
6018	4.70736
6020	4.70568
6022	4.70552
6024	4.70719
6026	4.70684
6028	4.70588
6030	4.70769
6032	4.70889
6034	4.70666
6036	4.7062
6038	4.70376
6040	4.70512
6042	4.70933
6044	4.70843
6046	4.70691
6048	4.7064
6050	4.70615
6052	4.70821
6054	4.70776
6056	4.70939
6058	4.70846
6060	4.70629
6062	4.7065
6064	4.70555
6066	4.70552
6068	4.70587
6070	4.70539
6072	4.70454
6074	4.70542
6076	4.70545
6078	4.70633
6080	4.70694
6082	4.70754
6084	4.70744
6086	4.70618
6088	4.7054
6090	4.70563
6092	4.70588
6094	4.70481
6096	4.70573
6098	4.70541
6100	4.7062
6102	4.70547
6104	4.70269
6106	4.70242
6108	4.70288
6110	4.70383
6112	4.70305
6114	4.7033
6116	4.70326
6118	4.70027
6120	4.69944
6122	4.70238
6124	4.70348
6126	4.70208
6128	4.70179
6130	4.70357
6132	4.7055
6134	4.70399
6136	4.70279
6138	4.702
6140	4.69871
6142	4.6959
6144	4.69385
6146	4.69325
6148	4.69051
6150	4.68656
6152	4.68513
6154	4.68387
6156	4.68322
6158	4.68052
6160	4.6802
6162	4.67914
6164	4.67635
6166	4.67527
6168	4.67607
6170	4.67917
6172	4.68314
6174	4.68746
6176	4.69095
6178	4.69193
6180	4.69278
6182	4.69141
6184	4.69082
6186	4.6924
6188	4.69579
6190	4.69492
6192	4.69415
6194	4.69352
6196	4.69374
6198	4.6967
6200	4.69738
6202	4.69562
6204	4.69647
6206	4.69775
6208	4.69794
6210	4.6987
6212	4.69839
6214	4.69789
6216	4.69795
6218	4.69874
6220	4.69633
6222	4.69679
6224	4.69832
6226	4.69769
6228	4.69738
6230	4.69715
6232	4.69779
6234	4.69699
6236	4.6965
6238	4.69679
6240	4.6974
6242	4.69737
6244	4.69772
6246	4.69737
6248	4.69793
6250	4.69719
6252	4.69742
6254	4.69593
6256	4.69694
6258	4.69676
6260	4.69598
6262	4.69625
6264	4.69654
6266	4.69545
6268	4.69559
6270	4.69722
6272	4.6966
6274	4.69501
6276	4.6962
6278	4.69518
6280	4.69329
6282	4.69344
6284	4.69495
6286	4.69351
6288	4.69325
6290	4.69239
6292	4.69403
6294	4.69504
6296	4.69538
6298	4.69589
6300	4.69686
6302	4.69439
6304	4.69385
6306	4.69419
6308	4.69533
6310	4.69533
6312	4.69408
6314	4.69722
6316	4.69772
6318	4.69518
6320	4.69321
6322	4.69252
6324	4.69265
6326	4.69153
6328	4.69081
6330	4.69096
6332	4.69311
6334	4.69487
6336	4.69422
6338	4.69175
6340	4.69029
6342	4.6915
6344	4.69408
6346	4.69372
6348	4.69273
6350	4.69346
6352	4.69245
6354	4.68984
6356	4.6904
6358	4.6917
6360	4.69136
6362	4.69215
6364	4.69286
6366	4.69074
6368	4.68928
6370	4.69023
6372	4.69134
6374	4.69285
6376	4.69261
6378	4.69119
6380	4.68896
6382	4.6898
6384	4.69186
6386	4.69084
6388	4.6912
6390	4.69311
6392	4.69345
6394	4.6942
6396	4.69274
6398	4.69238
6400	4.69325
6402	4.69076
6404	4.69083
6406	4.6901
6408	4.68899
6410	4.68893
