time	cp
2	4.67649
4	4.67682
6	4.67655
8	4.67622
10	4.67534
12	4.67305
14	4.67249
16	4.67301
18	4.6747
20	4.67387
22	4.67431
24	4.67338
26	4.67499
28	4.67462
30	4.67396
32	4.67451
34	4.67373
36	4.67305
38	4.67385
40	4.67437
42	4.67472
44	4.67685
46	4.6774
48	4.67547
50	4.67413
52	4.67377
54	4.67452
56	4.67329
58	4.6724
60	4.67379
62	4.67361
64	4.67234
66	4.67148
68	4.66215
70	4.63581
72	4.60878
74	4.59488
76	4.59248
78	4.5963
80	4.60227
82	4.60873
84	4.61466
86	4.62195
88	4.6285
90	4.63536
92	4.63923
94	4.64331
96	4.64637
98	4.64942
100	4.65157
102	4.65358
104	4.65435
106	4.65578
108	4.65785
110	4.65873
112	4.66038
114	4.66157
116	4.66267
118	4.66428
120	4.6657
122	4.66588
124	4.66663
126	4.66633
128	4.66611
130	4.66588
132	4.66545
134	4.66508
136	4.66534
138	4.66726
140	4.66946
142	4.67375
144	4.67622
146	4.67806
148	4.6779
150	4.67698
152	4.67801
154	4.6761
156	4.67636
158	4.67734
160	4.67693
162	4.67563
164	4.67317
166	4.67236
168	4.67168
170	4.67032
172	4.66863
174	4.66599
176	4.66418
178	4.66339
180	4.66483
182	4.66507
184	4.66463
186	4.66309
188	4.6647
190	4.66567
192	4.6661
194	4.66601
196	4.6663
198	4.66603
200	4.66596
202	4.6671
204	4.66866
206	4.66803
208	4.66709
210	4.66739
212	4.66655
214	4.66649
216	4.66671
218	4.66584
220	4.66524
222	4.66458
224	4.66461
226	4.66464
228	4.66317
230	4.66344
232	4.66485
234	4.66514
236	4.66468
238	4.66445
240	4.66466
242	4.66467
244	4.66538
246	4.66726
248	4.66819
250	4.66823
252	4.66789
254	4.66715
256	4.66642
258	4.66553
260	4.66592
262	4.66519
264	4.66479
266	4.66411
268	4.66316
270	4.66393
272	4.66332
274	4.66245
276	4.66252
278	4.66313
280	4.66263
282	4.66328
284	4.66506
286	4.66629
288	4.66494
290	4.66306
292	4.66226
294	4.66253
296	4.66296
298	4.66239
300	4.66323
302	4.66493
304	4.66585
306	4.66652
308	4.6654
310	4.66405
312	4.66299
314	4.66198
316	4.66158
318	4.66231
320	4.66185
322	4.66136
324	4.66093
326	4.66091
328	4.6609
330	4.66066
332	4.66123
334	4.66229
336	4.66291
338	4.66201
340	4.66244
342	4.66311
344	4.66388
346	4.66312
348	4.66289
350	4.66364
352	4.66332
354	4.66378
356	4.66371
358	4.6638
360	4.66392
362	4.65857
364	4.62772
366	4.57511
368	4.51745
370	4.45946
372	4.40425
374	4.35476
376	4.31335
378	4.27584
380	4.24151
382	4.21247
384	4.18728
386	4.16436
388	4.14451
390	4.12988
392	4.13768
394	4.17082
396	4.21643
398	4.26409
400	4.31017
402	4.35217
404	4.38937
406	4.42421
408	4.45486
410	4.48048
412	4.50363
414	4.52345
416	4.54071
418	4.55582
420	4.56772
422	4.57885
424	4.58793
426	4.59474
428	4.60094
430	4.6059
432	4.61172
434	4.61548
436	4.61898
438	4.62319
440	4.62706
442	4.62959
444	4.6317
446	4.63242
448	4.6331
450	4.63576
452	4.63946
454	4.6406
456	4.64121
458	4.64309
460	4.64492
462	4.64534
464	4.64614
466	4.64608
468	4.64614
470	4.64662
472	4.64667
474	4.64621
476	4.64661
478	4.64627
480	4.64703
482	4.64819
484	4.64922
486	4.64985
488	4.65003
490	4.65031
492	4.65069
494	4.65178
496	4.65047
498	4.64935
500	4.65051
502	4.65045
504	4.64858
506	4.64909
508	4.64899
510	4.64772
512	4.64815
514	4.64948
516	4.65108
518	4.65045
520	4.65121
522	4.64968
524	4.65056
526	4.65122
528	4.65051
530	4.65094
532	4.65012
534	4.65046
536	4.65041
538	4.65057
540	4.65041
542	4.65158
544	4.65058
546	4.64997
548	4.64978
550	4.6495
552	4.64924
554	4.64912
556	4.6496
558	4.65052
560	4.65072
562	4.65072
564	4.65109
566	4.6504
568	4.65218
570	4.65245
572	4.65041
574	4.65063
576	4.65191
578	4.65361
580	4.65633
582	4.65781
584	4.65783
586	4.65764
588	4.65724
590	4.65744
592	4.65809
594	4.65708
596	4.65487
598	4.65357
600	4.65261
602	4.65132
604	4.65133
606	4.65119
608	4.6504
610	4.64966
612	4.65004
614	4.6501
616	4.64976
618	4.65054
620	4.64995
622	4.64989
624	4.64995
626	4.64934
628	4.64889
630	4.64782
632	4.64721
634	4.64596
636	4.64538
638	4.64171
640	4.61232
642	4.56206
644	4.50404
646	4.44633
648	4.39342
650	4.34499
652	4.3017
654	4.26268
656	4.22867
658	4.19678
660	4.16993
662	4.14674
664	4.12608
666	4.11001
668	4.11395
670	4.14498
672	4.18938
674	4.23663
676	4.28219
678	4.32385
680	4.36231
682	4.3982
684	4.43007
686	4.4596
688	4.48291
690	4.50403
692	4.52199
694	4.5366
696	4.54929
698	4.5601
700	4.56959
702	4.5792
704	4.58732
706	4.59304
708	4.59767
710	4.60144
712	4.6056
714	4.61041
716	4.61387
718	4.61595
720	4.61794
722	4.61917
724	4.62111
726	4.62388
728	4.6245
730	4.62541
732	4.62648
734	4.62606
736	4.62785
738	4.62939
740	4.62968
742	4.63067
744	4.63168
746	4.63291
748	4.63353
750	4.63542
752	4.6355
754	4.6347
756	4.63452
758	4.634
760	4.63448
762	4.63521
764	4.63655
766	4.63576
768	4.63617
770	4.63425
772	4.63485
774	4.63667
776	4.63779
778	4.63713
780	4.63638
782	4.63547
784	4.6352
786	4.63671
788	4.63718
790	4.63663
792	4.63677
794	4.638
796	4.63751
798	4.63696
800	4.63846
802	4.63918
804	4.63826
806	4.63789
808	4.63772
810	4.63777
812	4.63754
814	4.63679
816	4.63629
818	4.63722
820	4.63694
822	4.63604
824	4.63611
826	4.63677
828	4.63761
830	4.63854
832	4.63775
834	4.63676
836	4.63735
838	4.63845
840	4.63782
842	4.63704
844	4.63756
846	4.63803
848	4.63733
850	4.63694
852	4.6379
854	4.63805
856	4.63797
858	4.63704
860	4.63617
862	4.63617
864	4.63609
866	4.63511
868	4.63429
870	4.63587
872	4.63631
874	4.63594
876	4.63489
878	4.6346
880	4.63549
882	4.63577
884	4.63549
886	4.63512
888	4.63617
890	4.63596
892	4.63595
894	4.63468
896	4.63545
898	4.63503
900	4.63451
902	4.63296
904	4.63411
906	4.63376
908	4.63398
910	4.63433
912	4.63479
914	4.63108
916	4.60335
918	4.55205
920	4.49403
922	4.43598
924	4.38193
926	4.3338
928	4.29142
930	4.2544
932	4.21939
934	4.18775
936	4.16112
938	4.1386
940	4.1202
942	4.10567
944	4.11049
946	4.13921
948	4.18184
950	4.22871
952	4.27382
954	4.31682
956	4.35653
958	4.39435
960	4.42634
962	4.45123
964	4.47256
966	4.49288
968	4.51037
970	4.52601
972	4.53947
974	4.55001
976	4.55934
978	4.56662
980	4.57327
982	4.58072
984	4.58552
986	4.59055
988	4.59387
990	4.59826
992	4.60215
994	4.60526
996	4.60762
998	4.60914
1000	4.61247
1002	4.61378
1004	4.61468
1006	4.61581
1008	4.61712
1010	4.61792
1012	4.61954
1014	4.62077
1016	4.62209
1018	4.6227
1020	4.62376
1022	4.62343
1024	4.62225
1026	4.62302
1028	4.62388
1030	4.62527
1032	4.62522
1034	4.62575
1036	4.62589
1038	4.62731
1040	4.62785
1042	4.62837
1044	4.6284
1046	4.62753
1048	4.62743
1050	4.6265
1052	4.6256
1054	4.62599
1056	4.62625
1058	4.62577
1060	4.62475
1062	4.62505
1064	4.62689
1066	4.62708
1068	4.62854
1070	4.62965
1072	4.63037
1074	4.62956
1076	4.62862
1078	4.62938
1080	4.62826
1082	4.62802
1084	4.6283
1086	4.62775
1088	4.62767
1090	4.62781
1092	4.63008
1094	4.63015
1096	4.63022
1098	4.62895
1100	4.62964
1102	4.62924
1104	4.62816
1106	4.6263
1108	4.62618
1110	4.62696
1112	4.62701
1114	4.62742
1116	4.62885
1118	4.62933
1120	4.62844
1122	4.62775
1124	4.62728
1126	4.6283
1128	4.6294
1130	4.63037
1132	4.62933
1134	4.62768
1136	4.62771
1138	4.62701
1140	4.62677
1142	4.62615
1144	4.62538
1146	4.62551
1148	4.62534
1150	4.62559
1152	4.62506
1154	4.62634
1156	4.62628
1158	4.62634
1160	4.6273
1162	4.6278
1164	4.62811
1166	4.62844
1168	4.62927
1170	4.62845
1172	4.62852
1174	4.63014
1176	4.62964
1178	4.62809
1180	4.62731
1182	4.62703
1184	4.62736
1186	4.62948
1188	4.62936
1190	4.62395
1192	4.59446
1194	4.54468
1196	4.48833
1198	4.43313
1200	4.38127
1202	4.33233
1204	4.28745
1206	4.24876
1208	4.21427
1210	4.18356
1212	4.15885
1214	4.13629
1216	4.11938
1218	4.10523
1220	4.10623
1222	4.13204
1224	4.17087
1226	4.21502
1228	4.25927
1230	4.30088
1232	4.34122
1234	4.37775
1236	4.40937
1238	4.43548
1240	4.45743
1242	4.47842
1244	4.49902
1246	4.51501
1248	4.52826
1250	4.54008
1252	4.55056
1254	4.55974
1256	4.56871
1258	4.57371
1260	4.57781
1262	4.58371
1264	4.58804
1266	4.59186
1268	4.59515
1270	4.59996
1272	4.60223
1274	4.60408
1276	4.60561
1278	4.6073
1280	4.60917
1282	4.61042
1284	4.61231
1286	4.61169
1288	4.61299
1290	4.61467
1292	4.61448
1294	4.61358
1296	4.61453
1298	4.61578
1300	4.61711
1302	4.61707
1304	4.61813
1306	4.61855
1308	4.61919
1310	4.61911
1312	4.61934
1314	4.62038
1316	4.62112
1318	4.62061
1320	4.62118
1322	4.62129
1324	4.61992
1326	4.62052
1328	4.62114
1330	4.62203
1332	4.62239
1334	4.62336
1336	4.62468
1338	4.62284
1340	4.62279
1342	4.62347
1344	4.6216
1346	4.62125
1348	4.62152
1350	4.62148
1352	4.62068
1354	4.62209
1356	4.6244
1358	4.62252
1360	4.62059
1362	4.62159
1364	4.62179
1366	4.62097
1368	4.62039
1370	4.62103
1372	4.62241
1374	4.62302
1376	4.62199
1378	4.62362
1380	4.62488
1382	4.62429
1384	4.62291
1386	4.62086
1388	4.62125
1390	4.62185
1392	4.62198
1394	4.62214
1396	4.62219
1398	4.62224
1400	4.62101
1402	4.61905
1404	4.62016
1406	4.62017
1408	4.62076
1410	4.61918
1412	4.61833
1414	4.61984
1416	4.62058
1418	4.62087
1420	4.6202
1422	4.6205
1424	4.62111
1426	4.62072
1428	4.621
1430	4.62092
1432	4.62138
1434	4.6216
1436	4.62162
1438	4.6215
1440	4.62257
1442	4.62182
1444	4.62167
1446	4.62109
1448	4.62058
1450	4.62034
1452	4.62115
1454	4.6216
1456	4.62169
1458	4.62035
1460	4.62109
1462	4.62025
1464	4.61984
1466	4.61573
1468	4.58974
1470	4.54262
1472	4.48746
1474	4.43139
1476	4.37919
1478	4.33294
1480	4.29171
1482	4.25499
1484	4.22132
1486	4.19303
1488	4.16826
1490	4.14627
1492	4.12782
1494	4.1131
1496	4.11232
1498	4.13451
1500	4.17079
1502	4.21174
1504	4.25411
1506	4.29542
1508	4.33331
1510	4.36878
1512	4.4009
1514	4.42835
1516	4.45225
1518	4.47379
1520	4.4943
1522	4.50957
1524	4.52135
1526	4.5331
1528	4.54252
1530	4.54979
1532	4.55681
1534	4.56436
1536	4.57106
1538	4.57685
1540	4.58145
1542	4.58573
1544	4.58899
1546	4.59189
1548	4.59596
1550	4.59783
1552	4.60028
1554	4.60022
1556	4.60046
1558	4.60199
1560	4.60371
1562	4.60438
1564	4.60667
1566	4.60825
1568	4.6106
1570	4.61101
1572	4.61162
1574	4.61332
1576	4.61293
1578	4.61254
1580	4.61465
1582	4.61519
1584	4.6133
1586	4.61184
1588	4.61423
1590	4.61413
1592	4.61421
1594	4.61628
1596	4.6178
1598	4.61826
1600	4.61707
1602	4.61578
1604	4.6153
1606	4.61664
1608	4.61717
1610	4.61922
1612	4.61838
1614	4.61759
1616	4.61735
1618	4.61662
1620	4.61666
1622	4.61664
1624	4.61696
1626	4.61804
1628	4.6174
1630	4.61717
1632	4.61625
1634	4.61729
1636	4.61669
1638	4.61699
1640	4.61623
1642	4.61713
1644	4.61747
1646	4.61846
1648	4.61828
1650	4.61798
1652	4.61701
1654	4.61684
1656	4.61811
1658	4.61789
1660	4.61755
1662	4.61822
1664	4.61886
1666	4.61924
1668	4.61872
1670	4.6185
1672	4.61882
1674	4.61849
1676	4.61772
1678	4.61692
1680	4.61573
1682	4.6167
1684	4.61687
1686	4.61625
1688	4.61717
1690	4.61855
1692	4.61933
1694	4.61808
1696	4.61842
1698	4.61784
1700	4.618
1702	4.61851
1704	4.61804
1706	4.61837
1708	4.61895
1710	4.61959
1712	4.61976
1714	4.61985
1716	4.6201
1718	4.62106
1720	4.62036
1722	4.61989
1724	4.61892
1726	4.61822
1728	4.61771
1730	4.619
1732	4.61953
1734	4.61874
1736	4.61768
1738	4.61784
1740	4.61866
1742	4.61456
1744	4.59083
1746	4.54722
1748	4.49505
1750	4.44018
1752	4.38846
1754	4.34244
1756	4.3003
1758	4.2637
1760	4.23135
1762	4.20464
1764	4.18302
1766	4.16473
1768	4.1477
1770	4.13516
1772	4.13209
1774	4.14822
1776	4.17605
1778	4.21036
1780	4.24866
1782	4.28692
1784	4.32328
1786	4.35633
1788	4.38736
1790	4.41548
1792	4.44105
1794	4.46291
1796	4.47991
1798	4.49499
1800	4.50894
1802	4.52271
1804	4.53246
1806	4.54113
1808	4.55039
1810	4.5574
1812	4.562
1814	4.5673
1816	4.57241
1818	4.57556
1820	4.57846
1822	4.58315
1824	4.586
1826	4.58742
1828	4.59122
1830	4.59481
1832	4.59716
1834	4.59857
1836	4.6002
1838	4.60021
1840	4.60025
1842	4.60144
1844	4.60176
1846	4.60353
1848	4.60536
1850	4.60519
1852	4.6065
1854	4.60725
1856	4.60814
1858	4.60837
1860	4.60838
1862	4.61054
1864	4.60951
1866	4.60927
1868	4.61079
1870	4.61125
1872	4.61135
1874	4.6118
1876	4.61109
1878	4.61102
1880	4.61141
1882	4.6123
1884	4.61197
1886	4.61171
1888	4.61235
1890	4.61281
1892	4.61447
1894	4.61401
1896	4.61357
1898	4.61517
1900	4.61418
1902	4.61315
1904	4.61415
1906	4.61493
1908	4.61463
1910	4.61301
1912	4.61177
1914	4.61198
1916	4.61246
1918	4.6131
1920	4.61295
1922	4.61333
1924	4.61399
1926	4.6127
1928	4.61116
1930	4.61097
1932	4.61037
1934	4.61093
1936	4.61115
1938	4.61259
1940	4.61205
1942	4.61041
1944	4.61013
1946	4.61014
1948	4.61173
1950	4.61278
1952	4.61355
1954	4.61249
1956	4.61393
1958	4.61518
1960	4.61624
1962	4.61446
1964	4.61419
1966	4.61425
1968	4.61565
1970	4.61638
1972	4.61724
1974	4.61638
1976	4.61549
1978	4.61342
1980	4.61498
1982	4.61498
1984	4.61524
1986	4.61445
1988	4.61487
1990	4.61502
1992	4.61505
1994	4.61562
1996	4.6154
1998	4.61423
2000	4.61331
2002	4.61172
2004	4.61189
2006	4.61127
2008	4.61131
2010	4.6105
2012	4.61168
2014	4.61179
2016	4.61186
2018	4.61143
2020	4.5922
2022	4.55345
2024	4.50624
2026	4.45737
2028	4.40882
2030	4.36598
2032	4.32685
2034	4.29118
2036	4.2616
2038	4.23797
2040	4.21722
2042	4.20076
2044	4.18792
2046	4.17783
2048	4.17493
2050	4.18482
2052	4.20545
2054	4.23024
2056	4.2581
2058	4.28762
2060	4.31861
2062	4.34811
2064	4.37486
2066	4.39886
2068	4.42118
2070	4.44004
2072	4.45891
2074	4.47728
2076	4.49168
2078	4.5048
2080	4.5149
2082	4.52502
2084	4.53463
2086	4.54241
2088	4.54907
2090	4.55531
2092	4.56089
2094	4.56657
2096	4.57101
2098	4.57532
2100	4.57724
2102	4.57974
2104	4.58219
2106	4.58569
2108	4.58814
2110	4.59024
2112	4.59112
2114	4.59252
2116	4.59515
2118	4.5954
2120	4.59625
2122	4.59775
2124	4.59807
2126	4.59989
2128	4.59983
2130	4.59946
2132	4.6004
2134	4.601
2136	4.60184
2138	4.60239
2140	4.60285
2142	4.60377
2144	4.60388
2146	4.60502
2148	4.60643
2150	4.60807
2152	4.60901
2154	4.60792
2156	4.60835
2158	4.60967
2160	4.61077
2162	4.61044
2164	4.6101
2166	4.60957
2168	4.61069
2170	4.61166
2172	4.61228
2174	4.61144
2176	4.61043
2178	4.61058
2180	4.61087
2182	4.61006
2184	4.61022
2186	4.6113
2188	4.61199
2190	4.60997
2192	4.60942
2194	4.60873
2196	4.60775
2198	4.6082
2200	4.60961
2202	4.6105
2204	4.61023
2206	4.60921
2208	4.60923
2210	4.60901
2212	4.60976
2214	4.60957
2216	4.61085
2218	4.61081
2220	4.61023
2222	4.60911
2224	4.6097
2226	4.60907
2228	4.60981
2230	4.60936
2232	4.6097
2234	4.61103
2236	4.61056
2238	4.61037
2240	4.61091
2242	4.61022
2244	4.60912
2246	4.60999
2248	4.61081
2250	4.61078
2252	4.61002
2254	4.60949
2256	4.61031
2258	4.61177
2260	4.61123
2262	4.61167
2264	4.61115
2266	4.61009
2268	4.60918
2270	4.61025
2272	4.61043
2274	4.61133
2276	4.61016
2278	4.60959
2280	4.60857
2282	4.60841
2284	4.60795
2286	4.60727
2288	4.60743
2290	4.60819
2292	4.60764
2294	4.60694
2296	4.5931
2298	4.56162
2300	4.52075
2302	4.47893
2304	4.43869
2306	4.40254
2308	4.36993
2310	4.34027
2312	4.31641
2314	4.29837
2316	4.2857
2318	4.27574
2320	4.26683
2322	4.26069
2324	4.26004
2326	4.26748
2328	4.27966
2330	4.29568
2332	4.31443
2334	4.33257
2336	4.35061
2338	4.37023
2340	4.38885
2342	4.40681
2344	4.42425
2346	4.4387
2348	4.4525
2350	4.46332
2352	4.47551
2354	4.48834
2356	4.49822
2358	4.50651
2360	4.51526
2362	4.52296
2364	4.53048
2366	4.53665
2368	4.54294
2370	4.55013
2372	4.55566
2374	4.56147
2376	4.56594
2378	4.5699
2380	4.57244
2382	4.57329
2384	4.57423
2386	4.57651
2388	4.57886
2390	4.58038
2392	4.58318
2394	4.58516
2396	4.5871
2398	4.58819
2400	4.58827
2402	4.58983
2404	4.59123
2406	4.5934
2408	4.59647
2410	4.59707
2412	4.5974
2414	4.59899
2416	4.60004
2418	4.60079
2420	4.60192
2422	4.60208
2424	4.60153
2426	4.60036
2428	4.60147
2430	4.60144
2432	4.60258
2434	4.60359
2436	4.60297
2438	4.60226
2440	4.60225
2442	4.60343
2444	4.60464
2446	4.60346
2448	4.60193
2450	4.60224
2452	4.60399
2454	4.60469
2456	4.60342
2458	4.60423
2460	4.6042
2462	4.60631
2464	4.60661
2466	4.60584
2468	4.60549
2470	4.60609
2472	4.60681
2474	4.60685
2476	4.60655
2478	4.6058
2480	4.60399
2482	4.60339
2484	4.6037
2486	4.60361
2488	4.6022
2490	4.60134
2492	4.60286
2494	4.60499
2496	4.60435
2498	4.60593
2500	4.60625
2502	4.60674
2504	4.60775
2506	4.60799
2508	4.60899
2510	4.60801
2512	4.60845
2514	4.60909
2516	4.60871
2518	4.60686
2520	4.6063
2522	4.60545
2524	4.60573
2526	4.60451
2528	4.60463
2530	4.6046
2532	4.60583
2534	4.60618
2536	4.60752
2538	4.60694
2540	4.60776
2542	4.60737
2544	4.60765
2546	4.60754
2548	4.60668
2550	4.60708
2552	4.607
2554	4.60596
2556	4.60489
2558	4.60555
2560	4.60618
2562	4.60514
2564	4.60537
2566	4.60621
2568	4.60583
2570	4.60514
2572	4.59645
2574	4.57347
2576	4.54636
2578	4.51484
2580	4.4844
2582	4.45855
2584	4.43795
2586	4.41866
2588	4.40372
2590	4.39189
2592	4.38255
2594	4.37427
2596	4.36993
2598	4.36729
2600	4.36712
2602	4.37231
2604	4.38269
2606	4.39321
2608	4.40337
2610	4.41383
2612	4.42333
2614	4.43403
2616	4.44416
2618	4.45422
2620	4.46355
2622	4.472
2624	4.47964
2626	4.48707
2628	4.49516
2630	4.50403
2632	4.5111
2634	4.51713
2636	4.52353
2638	4.52981
2640	4.53492
2642	4.53896
2644	4.54245
2646	4.54632
2648	4.55
2650	4.55529
2652	4.5591
2654	4.56196
2656	4.56612
2658	4.56886
2660	4.5715
2662	4.57274
2664	4.57452
2666	4.57718
2668	4.57817
2670	4.57981
2672	4.58073
2674	4.58194
2676	4.58356
2678	4.58476
2680	4.58671
2682	4.58744
2684	4.58752
2686	4.58931
2688	4.5894
2690	4.58999
2692	4.59159
2694	4.59311
2696	4.59408
2698	4.59504
2700	4.59601
2702	4.59589
2704	4.59622
2706	4.59491
2708	4.5954
2710	4.59755
2712	4.59827
2714	4.59844
2716	4.59836
2718	4.59714
2720	4.59733
2722	4.59743
2724	4.59751
2726	4.59787
2728	4.59756
2730	4.59869
2732	4.59992
2734	4.60016
2736	4.60075
2738	4.60176
2740	4.60143
2742	4.59946
2744	4.59977
2746	4.59987
2748	4.59924
2750	4.60001
2752	4.59915
2754	4.59969
2756	4.60027
2758	4.6012
2760	4.60098
2762	4.6023
2764	4.60245
2766	4.60276
2768	4.60205
2770	4.6018
2772	4.60143
2774	4.60025
2776	4.59936
2778	4.59965
2780	4.60016
2782	4.59953
2784	4.59983
2786	4.60226
2788	4.60205
2790	4.60081
2792	4.59982
2794	4.5992
2796	4.60099
2798	4.60166
2800	4.6006
2802	4.60088
2804	4.60079
2806	4.60097
2808	4.60083
2810	4.59957
2812	4.59989
2814	4.60003
2816	4.60035
2818	4.60148
2820	4.60188
2822	4.60216
2824	4.60071
2826	4.59996
2828	4.60018
2830	4.60005
2832	4.5995
2834	4.59959
2836	4.60112
2838	4.60134
2840	4.60123
2842	4.60149
2844	4.60016
2846	4.5993
2848	4.59283
2850	4.58054
2852	4.56467
2854	4.54727
2856	4.53042
2858	4.51489
2860	4.50125
2862	4.49069
2864	4.48222
2866	4.47601
2868	4.46962
2870	4.46449
2872	4.46121
2874	4.45908
2876	4.45824
2878	4.46324
2880	4.47027
2882	4.47555
2884	4.48175
2886	4.48744
2888	4.4961
2890	4.50201
2892	4.50683
2894	4.51294
2896	4.51867
2898	4.52334
2900	4.52748
2902	4.5324
2904	4.5365
2906	4.54011
2908	4.5434
2910	4.54859
2912	4.55249
2914	4.55485
2916	4.55785
2918	4.56038
2920	4.56339
2922	4.56712
2924	4.56946
2926	4.57054
2928	4.57178
2930	4.57384
2932	4.57595
2934	4.57766
2936	4.57992
2938	4.58011
2940	4.5811
2942	4.58153
2944	4.58288
2946	4.58402
2948	4.58486
2950	4.58745
2952	4.58878
2954	4.5904
2956	4.59146
2958	4.5912
2960	4.5919
2962	4.59226
2964	4.59236
2966	4.59205
2968	4.59199
2970	4.5919
2972	4.59281
2974	4.59235
2976	4.59151
2978	4.59246
2980	4.59201
2982	4.59198
2984	4.59295
2986	4.59205
2988	4.59227
2990	4.59195
2992	4.5915
2994	4.59226
2996	4.59175
2998	4.59207
3000	4.59273
3002	4.59505
3004	4.59826
3006	4.59857
3008	4.59629
3010	4.59608
3012	4.5952
3014	4.59542
3016	4.59624
3018	4.59643
3020	4.59597
3022	4.59638
3024	4.59621
3026	4.59741
3028	4.59721
3030	4.59816
3032	4.59874
3034	4.59703
3036	4.59732
3038	4.59636
3040	4.5953
3042	4.59593
3044	4.59617
3046	4.59587
3048	4.59744
3050	4.59796
3052	4.59865
3054	4.59766
3056	4.59517
3058	4.59539
3060	4.59532
3062	4.5939
3064	4.59226
3066	4.59272
3068	4.59472
3070	4.59648
3072	4.59654
3074	4.59679
3076	4.59599
3078	4.59527
3080	4.59534
3082	4.59429
3084	4.59491
3086	4.59524
3088	4.59704
3090	4.59813
3092	4.59795
3094	4.59735
3096	4.59775
3098	4.59764
3100	4.59546
3102	4.59528
3104	4.59624
3106	4.59716
3108	4.596
3110	4.59529
3112	4.59539
3114	4.59544
3116	4.59524
3118	4.59431
3120	4.59385
3122	4.59385
3124	4.59109
3126	4.58182
3128	4.57106
3130	4.56168
3132	4.55181
3134	4.54224
3136	4.53432
3138	4.52761
3140	4.52053
3142	4.51467
3144	4.51114
3146	4.50704
3148	4.50136
3150	4.49828
3152	4.49678
3154	4.4995
3156	4.50414
3158	4.50969
3160	4.51506
3162	4.51959
3164	4.52291
3166	4.52809
3168	4.53268
3170	4.53634
3172	4.54011
3174	4.54392
3176	4.54733
3178	4.55096
3180	4.55424
3182	4.55647
3184	4.55961
3186	4.56248
3188	4.56511
3190	4.56585
3192	4.56658
3194	4.56993
3196	4.57388
3198	4.57576
3200	4.57684
3202	4.57736
3204	4.57997
3206	4.58069
3208	4.58208
3210	4.58302
3212	4.58249
3214	4.58352
3216	4.58575
3218	4.58672
3220	4.58708
3222	4.5857
3224	4.58519
3226	4.58484
3228	4.586
3230	4.58656
3232	4.58573
3234	4.58615
3236	4.58703
3238	4.58663
3240	4.58756
3242	4.58809
3244	4.58877
3246	4.58868
3248	4.58914
3250	4.59051
3252	4.5924
3254	4.59276
3256	4.59108
3258	4.59067
3260	4.59132
3262	4.591
3264	4.58911
3266	4.58952
3268	4.58904
3270	4.59053
3272	4.59131
3274	4.59066
3276	4.59101
3278	4.59072
3280	4.5909
3282	4.59192
3284	4.59244
3286	4.59218
3288	4.5934
3290	4.5935
3292	4.5928
3294	4.59217
3296	4.59125
3298	4.59021
3300	4.5897
3302	4.59114
3304	4.59115
3306	4.59191
3308	4.59244
3310	4.59132
3312	4.59162
3314	4.59175
3316	4.59124
3318	4.59182
3320	4.59172
3322	4.59225
3324	4.59263
3326	4.59269
3328	4.59358
3330	4.59399
3332	4.59307
3334	4.59153
3336	4.5917
3338	4.59245
3340	4.59293
3342	4.59328
3344	4.59327
3346	4.59427
3348	4.5941
3350	4.59273
3352	4.59131
3354	4.5899
3356	4.59109
3358	4.5905
3360	4.59039
3362	4.59065
3364	4.59128
3366	4.59196
3368	4.59325
3370	4.59242
3372	4.59292
3374	4.5937
3376	4.5941
3378	4.59481
3380	4.59511
3382	4.59381
3384	4.59291
3386	4.593
3388	4.59344
3390	4.5946
3392	4.59428
3394	4.59502
3396	4.59409
3398	4.59341
3400	4.59107
3402	4.58391
3404	4.57609
3406	4.56735
3408	4.55863
3410	4.55323
3412	4.54652
3414	4.54091
3416	4.53602
3418	4.53108
3420	4.52395
3422	4.52067
3424	4.51806
3426	4.51507
3428	4.51352
3430	4.51652
3432	4.51969
3434	4.52201
3436	4.52642
3438	4.53024
3440	4.5333
3442	4.53714
3444	4.5412
3446	4.54544
3448	4.54945
3450	4.55213
3452	4.55441
3454	4.55744
3456	4.5597
3458	4.56196
3460	4.56332
3462	4.56423
3464	4.56701
3466	4.56859
3468	4.57063
3470	4.57168
3472	4.57345
3474	4.57318
3476	4.57313
3478	4.57519
3480	4.57501
3482	4.57501
3484	4.57838
3486	4.5787
3488	4.57933
3490	4.5811
3492	4.58171
3494	4.58261
3496	4.58392
3498	4.58524
3500	4.58776
3502	4.5868
3504	4.58493
3506	4.58557
3508	4.58686
3510	4.58598
3512	4.58589
3514	4.58683
3516	4.58594
3518	4.5866
3520	4.58636
3522	4.58605
3524	4.58697
3526	4.5877
3528	4.58793
3530	4.58818
3532	4.58734
3534	4.58645
3536	4.5874
3538	4.5877
3540	4.58702
3542	4.58737
3544	4.58801
3546	4.58757
3548	4.58791
3550	4.58752
3552	4.59035
3554	4.59116
3556	4.59015
3558	4.58969
3560	4.58886
3562	4.58877
3564	4.58904
3566	4.58925
3568	4.58819
3570	4.58819
3572	4.58913
3574	4.58819
3576	4.58905
3578	4.58962
3580	4.59039
3582	4.5911
3584	4.58969
3586	4.58852
3588	4.5896
3590	4.59035
3592	4.5904
3594	4.59003
3596	4.58963
3598	4.58911
3600	4.5904
3602	4.59206
3604	4.59182
3606	4.59194
3608	4.5904
3610	4.5902
3612	4.58971
3614	4.58938
3616	4.58974
3618	4.59084
3620	4.59087
3622	4.59101
3624	4.59184
3626	4.58987
3628	4.5888
3630	4.58798
3632	4.58718
3634	4.5862
3636	4.58737
3638	4.58819
3640	4.58912
3642	4.58987
3644	4.59051
3646	4.59227
3648	4.59239
3650	4.59133
3652	4.59133
3654	4.59132
3656	4.59222
3658	4.59304
3660	4.59229
3662	4.59038
3664	4.5905
3666	4.59095
3668	4.59239
3670	4.59126
3672	4.59165
3674	4.58957
3676	4.58574
3678	4.581
3680	4.57339
3682	4.56545
3684	4.55917
3686	4.55309
3688	4.54779
3690	4.54436
3692	4.54114
3694	4.5348
3696	4.53245
3698	4.52988
3700	4.52612
3702	4.52189
3704	4.51992
3706	4.52437
3708	4.5285
3710	4.53113
3712	4.53422
3714	4.53815
3716	4.54058
3718	4.54427
3720	4.54865
3722	4.55026
3724	4.55305
3726	4.55474
3728	4.55595
3730	4.55723
3732	4.5589
3734	4.55912
3736	4.56126
3738	4.56406
3740	4.5654
3742	4.56659
3744	4.56826
3746	4.5703
3748	4.57212
3750	4.57324
3752	4.57574
3754	4.57618
3756	4.57515
3758	4.57663
3760	4.5785
3762	4.57994
3764	4.58001
3766	4.58057
3768	4.58163
3770	4.58136
3772	4.58145
3774	4.58222
3776	4.583
3778	4.5825
3780	4.58302
3782	4.58339
3784	4.58376
3786	4.58407
3788	4.58423
3790	4.58464
3792	4.58477
3794	4.58451
3796	4.58523
3798	4.58521
3800	4.58485
3802	4.58459
3804	4.58564
3806	4.58643
3808	4.58696
3810	4.58742
3812	4.58796
3814	4.58793
3816	4.58908
3818	4.58911
3820	4.58795
3822	4.58783
3824	4.58773
3826	4.58788
3828	4.58795
3830	4.58696
3832	4.58715
3834	4.58609
3836	4.58477
3838	4.58402
3840	4.58538
3842	4.58683
3844	4.58849
3846	4.58994
3848	4.59074
3850	4.58798
3852	4.58698
3854	4.58668
3856	4.58868
3858	4.59011
3860	4.58944
3862	4.59004
3864	4.59069
3866	4.5902
3868	4.5897
3870	4.58873
3872	4.58785
3874	4.58683
3876	4.58721
3878	4.58686
3880	4.58797
3882	4.58794
3884	4.58731
3886	4.58769
3888	4.58906
3890	4.58806
3892	4.58722
3894	4.58842
3896	4.58816
3898	4.5885
3900	4.58865
3902	4.58921
3904	4.59034
3906	4.59073
3908	4.59033
3910	4.58867
3912	4.58841
3914	4.58966
3916	4.59147
3918	4.59063
3920	4.59056
3922	4.59085
3924	4.58986
3926	4.5891
3928	4.5892
3930	4.58873
3932	4.58828
3934	4.5883
3936	4.58872
3938	4.58824
3940	4.58857
3942	4.58755
3944	4.58795
3946	4.58788
3948	4.58744
3950	4.58645
3952	4.58277
3954	4.57897
3956	4.57406
3958	4.56888
3960	4.5634
3962	4.5562
3964	4.55105
3966	4.54767
3968	4.54387
3970	4.54021
3972	4.53546
3974	4.53267
3976	4.53168
3978	4.52887
3980	4.52607
3982	4.52944
3984	4.53424
3986	4.53865
3988	4.54176
3990	4.54405
3992	4.54714
3994	4.55016
3996	4.55174
3998	4.55308
4000	4.55484
4002	4.55635
4004	4.55828
4006	4.55974
4008	4.56233
4010	4.56437
4012	4.56543
4014	4.56562
4016	4.56692
4018	4.56692
4020	4.5695
4022	4.56964
4024	4.56947
4026	4.57142
4028	4.57184
4030	4.57277
4032	4.57452
4034	4.57612
4036	4.57689
4038	4.57784
4040	4.57841
4042	4.5782
4044	4.5782
4046	4.57677
4048	4.57643
4050	4.57806
4052	4.57978
4054	4.57979
4056	4.57959
4058	4.57998
4060	4.58088
4062	4.58112
4064	4.58034
4066	4.58061
4068	4.58176
4070	4.58347
4072	4.58361
4074	4.58302
4076	4.58365
4078	4.58414
4080	4.58498
4082	4.5841
4084	4.5831
4086	4.58389
4088	4.58369
4090	4.58404
4092	4.58278
4094	4.58189
4096	4.58245
4098	4.58364
4100	4.58468
4102	4.58518
4104	4.58576
4106	4.58384
4108	4.58331
4110	4.58434
4112	4.58562
4114	4.58573
4116	4.5842
4118	4.58363
4120	4.58446
4122	4.58431
4124	4.58383
4126	4.5848
4128	4.58475
4130	4.5859
4132	4.58491
4134	4.58512
4136	4.58615
4138	4.58706
4140	4.59001
4142	4.59041
4144	4.58998
4146	4.5901
4148	4.58729
4150	4.58657
4152	4.58566
4154	4.58642
4156	4.58597
4158	4.58735
4160	4.58645
4162	4.58621
4164	4.58607
4166	4.5867
4168	4.58617
4170	4.58566
4172	4.58622
4174	4.58681
4176	4.58594
4178	4.5864
4180	4.58896
4182	4.58938
4184	4.58768
4186	4.58727
4188	4.58727
4190	4.58656
4192	4.586
4194	4.58597
4196	4.58756
4198	4.58885
4200	4.58756
4202	4.58774
4204	4.58845
4206	4.58902
4208	4.58925
4210	4.58944
4212	4.58975
4214	4.58977
4216	4.58842
4218	4.58855
4220	4.58874
4222	4.58788
4224	4.58739
4226	4.5871
4228	4.58552
4230	4.58063
4232	4.57346
4234	4.57021
4236	4.56476
4238	4.55796
4240	4.5547
4242	4.55074
4244	4.54864
4246	4.54585
4248	4.54181
4250	4.54026
4252	4.53636
4254	4.53289
4256	4.53189
4258	4.53481
4260	4.53808
4262	4.54143
4264	4.54434
4266	4.54676
4268	4.55012
4270	4.55254
4272	4.55566
4274	4.55762
4276	4.55776
4278	4.5587
4280	4.55931
4282	4.56134
4284	4.56208
4286	4.56222
4288	4.56317
4290	4.56575
4292	4.56585
4294	4.56655
4296	4.56637
4298	4.5672
4300	4.56945
4302	4.57031
4304	4.57202
4306	4.57275
4308	4.57318
4310	4.57374
4312	4.57538
4314	4.57633
4316	4.57668
4318	4.57791
4320	4.57746
4322	4.57863
4324	4.5782
4326	4.57915
4328	4.57923
4330	4.57971
4332	4.57914
4334	4.58017
4336	4.58022
4338	4.57895
4340	4.57895
4342	4.58037
4344	4.58043
4346	4.58089
4348	4.58176
4350	4.5817
4352	4.58062
4354	4.58
4356	4.57959
4358	4.57993
4360	4.58161
4362	4.58166
4364	4.58058
4366	4.58049
4368	4.58179
4370	4.58322
4372	4.58399
4374	4.58425
4376	4.58332
4378	4.58397
4380	4.58453
4382	4.58351
4384	4.58336
4386	4.58395
4388	4.58413
4390	4.58395
4392	4.5853
4394	4.5878
4396	4.58816
4398	4.58727
4400	4.58637
4402	4.58618
4404	4.58598
4406	4.58492
4408	4.58457
4410	4.58487
4412	4.5841
4414	4.5862
4416	4.58483
4418	4.58354
4420	4.58371
4422	4.58381
4424	4.58412
4426	4.5842
4428	4.58527
4430	4.58585
4432	4.58672
4434	4.58645
4436	4.58644
4438	4.5858
4440	4.58582
4442	4.58481
4444	4.58497
4446	4.58484
4448	4.58535
4450	4.58649
4452	4.58842
4454	4.58835
4456	4.5873
4458	4.58653
4460	4.58722
4462	4.58712
4464	4.58782
4466	4.58691
4468	4.58679
4470	4.58791
4472	4.58721
4474	4.58679
4476	4.5872
4478	4.58717
4480	4.5879
4482	4.58748
4484	4.58652
4486	4.58556
4488	4.5857
4490	4.58415
4492	4.58572
4494	4.58695
4496	4.58891
4498	4.58936
4500	4.58818
4502	4.58534
4504	4.58269
4506	4.57814
4508	4.57211
4510	4.56718
4512	4.56392
4514	4.55977
4516	4.55433
4518	4.55039
4520	4.54624
4522	4.54442
4524	4.54311
4526	4.54047
4528	4.53631
4530	4.53401
4532	4.53216
4534	4.5341
4536	4.53914
4538	4.54164
4540	4.54489
4542	4.54812
4544	4.55117
4546	4.55295
4548	4.55573
4550	4.55769
4552	4.56012
4554	4.56241
4556	4.56346
4558	4.56434
4560	4.56625
4562	4.5655
4564	4.56536
4566	4.5674
4568	4.56757
4570	4.56851
4572	4.56939
4574	4.5692
4576	4.5694
4578	4.57086
4580	4.57103
4582	4.57156
4584	4.57267
4586	4.57315
4588	4.57204
4590	4.57239
4592	4.5743
4594	4.57443
4596	4.57414
4598	4.57397
4600	4.57479
4602	4.5774
4604	4.57793
4606	4.57763
4608	4.57813
4610	4.57859
4612	4.57878
4614	4.57916
4616	4.57935
4618	4.57908
4620	4.579
4622	4.58016
4624	4.58119
4626	4.58141
4628	4.58087
4630	4.57909
4632	4.57804
4634	4.57923
4636	4.58209
4638	4.58244
4640	4.58202
4642	4.58094
4644	4.58198
4646	4.58242
4648	4.58254
4650	4.58242
4652	4.5827
4654	4.583
4656	4.58237
4658	4.58224
4660	4.5833
4662	4.58246
4664	4.58231
4666	4.58396
4668	4.58415
4670	4.58323
4672	4.58366
4674	4.58263
4676	4.58096
4678	4.58074
4680	4.58227
4682	4.5828
4684	4.58172
4686	4.58271
4688	4.58407
4690	4.58466
4692	4.58445
4694	4.58535
4696	4.58514
4698	4.58448
4700	4.58339
4702	4.58257
4704	4.58276
4706	4.58298
4708	4.58361
4710	4.58334
4712	4.58326
4714	4.58391
4716	4.58365
4718	4.58347
4720	4.58436
4722	4.58434
4724	4.58486
4726	4.58538
4728	4.58562
4730	4.58617
4732	4.58677
4734	4.58524
4736	4.58499
4738	4.58518
4740	4.58598
4742	4.58693
4744	4.58582
4746	4.58646
4748	4.58565
4750	4.58409
4752	4.58372
4754	4.58345
4756	4.58435
4758	4.58475
4760	4.58527
4762	4.586
4764	4.58608
4766	4.58642
4768	4.58622
4770	4.58628
4772	4.58558
4774	4.58589
4776	4.58555
4778	4.58526
4780	4.58356
4782	4.57889
4784	4.57349
4786	4.56879
4788	4.56429
4790	4.5584
4792	4.55555
4794	4.55204
4796	4.55072
4798	4.54719
4800	4.54296
4802	4.54115
4804	4.53949
4806	4.53652
4808	4.53621
4810	4.53675
4812	4.53939
4814	4.54166
4816	4.5429
4818	4.54469
4820	4.5457
4822	4.54963
4824	4.55258
4826	4.55637
4828	4.55796
4830	4.55931
4832	4.56151
4834	4.5622
4836	4.56179
4838	4.56201
4840	4.56351
4842	4.56553
4844	4.56583
4846	4.56698
4848	4.56808
4850	4.5682
4852	4.56798
4854	4.56706
4856	4.56758
4858	4.56766
4860	4.56889
4862	4.57033
4864	4.57074
4866	4.57143
4868	4.57337
4870	4.5747
4872	4.57485
4874	4.57395
4876	4.57153
4878	4.57155
4880	4.57261
4882	4.57301
4884	4.57465
4886	4.57494
4888	4.57373
4890	4.57324
4892	4.57438
4894	4.57592
4896	4.57578
4898	4.57497
4900	4.57594
4902	4.57608
4904	4.57511
4906	4.57525
4908	4.57666
4910	4.57794
4912	4.57855
4914	4.57756
4916	4.57875
4918	4.58098
4920	4.58026
4922	4.58038
4924	4.58067
4926	4.58047
4928	4.58111
4930	4.58078
4932	4.58122
4934	4.58128
4936	4.58199
4938	4.58187
4940	4.57957
4942	4.57981
4944	4.58069
4946	4.58135
4948	4.5818
4950	4.58056
4952	4.58008
4954	4.58102
4956	4.58155
4958	4.58235
4960	4.5821
4962	4.58256
4964	4.5839
4966	4.58196
4968	4.58006
4970	4.58183
4972	4.5821
4974	4.57919
4976	4.5797
4978	4.58041
4980	4.58072
4982	4.58124
4984	4.5823
4986	4.58111
4988	4.58173
4990	4.58155
4992	4.58115
4994	4.58186
4996	4.5806
4998	4.58068
5000	4.58052
5002	4.58124
5004	4.58189
5006	4.58195
5008	4.58202
5010	4.58298
5012	4.58373
5014	4.5836
5016	4.58313
5018	4.5829
5020	4.58304
5022	4.58236
5024	4.58264
5026	4.58296
5028	4.58268
5030	4.58263
5032	4.58254
5034	4.58097
5036	4.58058
5038	4.5819
5040	4.58387
5042	4.58341
5044	4.5835
5046	4.58329
5048	4.58417
5050	4.58418
5052	4.58482
5054	4.58523
5056	4.58196
5058	4.57825
5060	4.57223
5062	4.56707
5064	4.56276
5066	4.55827
5068	4.55498
5070	4.55162
5072	4.54831
5074	4.5458
5076	4.54455
5078	4.54152
5080	4.54062
5082	4.53872
5084	4.53685
5086	4.53923
5088	4.54181
5090	4.54511
5092	4.54806
5094	4.55151
5096	4.55407
5098	4.55601
5100	4.55834
5102	4.55788
5104	4.56134
5106	4.56194
5108	4.56265
5110	4.56239
5112	4.56267
5114	4.56343
5116	4.5643
5118	4.5659
5120	4.56672
5122	4.56642
5124	4.56597
5126	4.56696
5128	4.56775
5130	4.56735
5132	4.5671
5134	4.56624
5136	4.56598
5138	4.56622
5140	4.56787
5142	4.56857
5144	4.57008
5146	4.57015
5148	4.57038
5150	4.57185
5152	4.57231
5154	4.57398
5156	4.57482
5158	4.57464
5160	4.57315
5162	4.57396
5164	4.57437
5166	4.5747
5168	4.5743
5170	4.57218
5172	4.57146
5174	4.57187
5176	4.5748
5178	4.57714
5180	4.5774
5182	4.57678
5184	4.57728
5186	4.5774
5188	4.57808
5190	4.57915
5192	4.57913
5194	4.57854
5196	4.57873
5198	4.57691
5200	4.57684
5202	4.57594
5204	4.57773
5206	4.57882
5208	4.57937
5210	4.57832
5212	4.57804
5214	4.57942
5216	4.57858
5218	4.57884
5220	4.57844
5222	4.57775
5224	4.57702
5226	4.5767
5228	4.57564
5230	4.57502
5232	4.57676
5234	4.57863
5236	4.57892
5238	4.57703
5240	4.57831
5242	4.5794
5244	4.58131
5246	4.57967
5248	4.57828
5250	4.58006
5252	4.58197
5254	4.58245
5256	4.58212
5258	4.5826
5260	4.5827
5262	4.58096
5264	4.57912
5266	4.57894
5268	4.57968
5270	4.5806
5272	4.57907
5274	4.57916
5276	4.57936
5278	4.57987
5280	4.58042
5282	4.58195
5284	4.58018
5286	4.57947
5288	4.57951
5290	4.57941
5292	4.58016
5294	4.58121
5296	4.58169
5298	4.58115
5300	4.58062
5302	4.58179
5304	4.58181
5306	4.57986
5308	4.57931
5310	4.58085
5312	4.58084
5314	4.58102
5316	4.58054
5318	4.5796
5320	4.58002
5322	4.58036
5324	4.58109
5326	4.5807
5328	4.58006
5330	4.57881
5332	4.57694
5334	4.57451
5336	4.5701
5338	4.56496
5340	4.56203
5342	4.55835
5344	4.55596
5346	4.55198
5348	4.54884
5350	4.54554
5352	4.54344
5354	4.54164
5356	4.54099
5358	4.54126
5360	4.53958
5362	4.53983
5364	4.54205
5366	4.54443
5368	4.54861
5370	4.55114
5372	4.55293
5374	4.55526
5376	4.5578
5378	4.55822
5380	4.5587
5382	4.55974
5384	4.56053
5386	4.56116
5388	4.56133
5390	4.56197
5392	4.56355
5394	4.56435
5396	4.56646
5398	4.56668
5400	4.56693
5402	4.5659
5404	4.56528
5406	4.5661
5408	4.5679
5410	4.56864
5412	4.57054
5414	4.57085
5416	4.56873
5418	4.5672
5420	4.56675
5422	4.56602
5424	4.5686
5426	4.57001
5428	4.57001
5430	4.5705
5432	4.57116
5434	4.56988
5436	4.5698
5438	4.57032
5440	4.5693
5442	4.56962
5444	4.56952
5446	4.57038
5448	4.57052
5450	4.56997
5452	4.57088
5454	4.57171
5456	4.5727
5458	4.57343
5460	4.5732
5462	4.57226
5464	4.57213
5466	4.57279
5468	4.57426
5470	4.57507
5472	4.57663
5474	4.57552
5476	4.57586
5478	4.57454
5480	4.57456
5482	4.57451
5484	4.57528
5486	4.57571
5488	4.57477
5490	4.57359
5492	4.57615
5494	4.57781
5496	4.57749
5498	4.57745
5500	4.5779
5502	4.57827
5504	4.57817
5506	4.57664
5508	4.57498
5510	4.57648
5512	4.57648
5514	4.57719
5516	4.57497
5518	4.57488
5520	4.57503
5522	4.57376
5524	4.57521
5526	4.57576
5528	4.57653
5530	4.57581
5532	4.57443
5534	4.57436
5536	4.57331
5538	4.57455
5540	4.57567
5542	4.57729
5544	4.57753
5546	4.57729
5548	4.57906
5550	4.57838
5552	4.57911
5554	4.58053
5556	4.5791
5558	4.57875
5560	4.57922
5562	4.5796
5564	4.57918
5566	4.58033
5568	4.57988
5570	4.58037
5572	4.57948
5574	4.57837
5576	4.57939
5578	4.57798
5580	4.57844
5582	4.57779
5584	4.57834
5586	4.57894
5588	4.57902
5590	4.58017
5592	4.57938
5594	4.57877
5596	4.57768
5598	4.578
5600	4.57674
5602	4.57766
5604	4.57907
5606	4.57776
5608	4.57584
5610	4.57271
5612	4.56897
5614	4.5648
5616	4.56121
5618	4.55677
5620	4.55221
5622	4.55032
5624	4.54841
5626	4.54616
5628	4.54389
5630	4.54241
5632	4.53945
5634	4.53698
5636	4.53596
5638	4.53773
5640	4.54146
5642	4.54299
5644	4.54513
5646	4.54731
5648	4.55054
5650	4.55339
5652	4.55532
5654	4.55719
5656	4.55754
5658	4.55728
5660	4.55834
5662	4.55894
5664	4.56149
5666	4.56155
5668	4.5612
5670	4.56257
5672	4.56343
5674	4.56433
5676	4.56362
5678	4.56531
5680	4.56573
5682	4.56461
5684	4.56391
5686	4.56488
5688	4.56443
5690	4.56515
5692	4.56494
5694	4.56594
5696	4.56554
5698	4.56617
5700	4.56591
5702	4.56697
5704	4.56846
5706	4.56846
5708	4.56909
5710	4.56789
5712	4.56824
5714	4.56797
5716	4.56818
5718	4.5692
5720	4.56916
5722	4.56924
5724	4.57094
5726	4.5717
5728	4.5715
5730	4.57128
5732	4.57122
5734	4.56992
5736	4.56971
5738	4.57056
5740	4.57076
5742	4.57089
5744	4.57192
5746	4.57158
5748	4.57147
5750	4.57222
5752	4.57226
5754	4.57318
5756	4.57369
5758	4.57354
5760	4.57302
5762	4.57176
5764	4.57062
5766	4.57056
5768	4.57172
5770	4.57172
5772	4.57131
5774	4.57228
5776	4.5744
5778	4.57583
5780	4.57533
5782	4.5754
5784	4.57446
5786	4.57257
5788	4.57264
5790	4.57306
5792	4.57355
5794	4.57299
5796	4.57284
5798	4.57243
5800	4.5729
5802	4.57378
5804	4.57437
5806	4.57478
5808	4.57519
5810	4.57449
5812	4.57519
5814	4.57365
5816	4.57401
5818	4.57488
5820	4.57421
5822	4.5747
5824	4.57442
5826	4.57488
5828	4.57425
5830	4.57412
5832	4.57547
5834	4.57711
5836	4.57796
5838	4.57627
5840	4.57454
5842	4.57563
5844	4.57499
5846	4.57513
5848	4.57664
5850	4.57603
5852	4.57514
5854	4.57524
5856	4.57375
5858	4.57373
5860	4.57519
5862	4.5766
5864	4.57646
5866	4.57561
5868	4.57505
5870	4.57504
5872	4.57527
5874	4.57681
5876	4.57783
5878	4.57816
5880	4.57887
5882	4.57846
5884	4.57703
5886	4.57339
5888	4.56753
5890	4.56224
5892	4.55691
5894	4.55514
5896	4.55093
5898	4.54856
5900	4.54728
5902	4.54526
5904	4.54282
5906	4.54235
5908	4.53962
5910	4.53699
5912	4.53622
5914	4.53893
5916	4.54176
5918	4.54287
5920	4.54612
5922	4.54866
5924	4.55208
5926	4.55402
5928	4.55602
5930	4.55771
5932	4.55795
5934	4.55796
5936	4.55908
5938	4.55905
5940	4.55851
5942	4.55863
5944	4.55941
5946	4.5591
5948	4.55874
5950	4.55961
5952	4.56023
5954	4.56067
5956	4.55931
5958	4.5598
5960	4.56128
5962	4.56221
5964	4.56295
5966	4.56198
5968	4.56089
5970	4.56217
5972	4.56076
5974	4.56211
5976	4.56414
5978	4.56422
5980	4.56633
5982	4.56693
5984	4.56698
5986	4.56642
5988	4.56468
5990	4.56418
5992	4.56529
5994	4.56524
5996	4.56585
5998	4.56621
6000	4.56596
6002	4.56494
6004	4.56508
6006	4.56761
6008	4.56654
6010	4.56633
6012	4.56756
6014	4.56943
6016	4.56963
6018	4.56926
6020	4.56809
6022	4.56911
6024	4.5703
6026	4.56865
6028	4.56729
6030	4.56779
6032	4.5696
6034	4.56876
6036	4.5692
6038	4.57021
6040	4.56884
6042	4.56826
6044	4.56865
6046	4.56978
6048	4.56918
6050	4.57084
6052	4.57128
6054	4.57103
6056	4.5701
6058	4.56905
6060	4.56921
6062	4.57001
6064	4.56971
6066	4.56999
6068	4.56915
6070	4.57087
6072	4.57289
6074	4.57327
6076	4.57415
6078	4.5736
6080	4.57397
6082	4.5732
6084	4.57237
6086	4.57245
6088	4.57252
6090	4.57297
6092	4.57308
6094	4.57303
6096	4.57428
6098	4.57445
6100	4.57353
6102	4.57325
6104	4.57369
6106	4.57418
6108	4.5722
6110	4.57176
6112	4.57258
6114	4.57237
6116	4.57349
6118	4.57261
6120	4.5726
6122	4.57289
6124	4.5749
6126	4.57434
6128	4.57362
6130	4.57416
6132	4.57321
6134	4.57387
6136	4.57338
6138	4.5742
6140	4.57458
6142	4.57512
6144	4.57464
6146	4.57536
6148	4.57401
6150	4.57232
6152	4.57341
6154	4.57301
6156	4.57287
6158	4.573
6160	4.57355
6162	4.57111
6164	4.5686
6166	4.56291
6168	4.55792
6170	4.55507
6172	4.55098
6174	4.54805
6176	4.54544
6178	4.54334
6180	4.54317
6182	4.5412
6184	4.53988
6186	4.53974
6188	4.53846
6190	4.53855
6192	4.54156
6194	4.54593
6196	4.54651
6198	4.54755
6200	4.55035
6202	4.55186
6204	4.55238
6206	4.5525
6208	4.55325
6210	4.55529
6212	4.55597
6214	4.55577
6216	4.55707
6218	4.55863
6220	4.55817
6222	4.55902
6224	4.55898
6226	4.55752
6228	4.5601
6230	4.5611
6232	4.56182
6234	4.56204
6236	4.56194
6238	4.56059
6240	4.5604
6242	4.5602
6244	4.56107
6246	4.56105
6248	4.56134
6250	4.56085
6252	4.56099
6254	4.56038
6256	4.5605
6258	4.5608
6260	4.56142
6262	4.56253
6264	4.56272
6266	4.56172
6268	4.56145
6270	4.56206
6272	4.5628
6274	4.56302
6276	4.56316
6278	4.56615
6280	4.56643
6282	4.56628
6284	4.56673
6286	4.56536
6288	4.56714
6290	4.56698
6292	4.56569
6294	4.56614
6296	4.56397
6298	4.56477
6300	4.56574
6302	4.56525
6304	4.56519
6306	4.56447
6308	4.56491
6310	4.56575
6312	4.56586
6314	4.56657
6316	4.56722
6318	4.56783
6320	4.56798
6322	4.5671
6324	4.56796
6326	4.56758
6328	4.56809
6330	4.56862
6332	4.56942
6334	4.56862
6336	4.56795
6338	4.56823
6340	4.56833
6342	4.56871
6344	4.56839
6346	4.56913
6348	4.56738
6350	4.56851
6352	4.56991
6354	4.56807
6356	4.56792
6358	4.56846
6360	4.56916
6362	4.56843
6364	4.56905
6366	4.57018
6368	4.56865
6370	4.56848
6372	4.56834
6374	4.56873
6376	4.56939
6378	4.56798
6380	4.5688
6382	4.56914
6384	4.56914
6386	4.56984
6388	4.57012
6390	4.57075
6392	4.57092
6394	4.57049
6396	4.56975
6398	4.57042
6400	4.57081
6402	4.57221
6404	4.57157
6406	4.57104
6408	4.57156
6410	4.57136
6412	4.57185
6414	4.57113
6416	4.5708
6418	4.57067
6420	4.57123
6422	4.57138
6424	4.57149
6426	4.57095
6428	4.57116
6430	4.57204
6432	4.57121
6434	4.57081
6436	4.57124
6438	4.56836
6440	4.56399
6442	4.56018
6444	4.55568
6446	4.5521
6448	4.5494
6450	4.54748
6452	4.54361
6454	4.54304
6456	4.54268
6458	4.54169
6460	4.54007
6462	4.53822
6464	4.53821
6466	4.5394
6468	4.54104
6470	4.54372
6472	4.54659
6474	4.54807
6476	4.55094
6478	4.55159
6480	4.5541
6482	4.55508
6484	4.5561
6486	4.55721
6488	4.55722
6490	4.55591
6492	4.55642
6494	4.55732
6496	4.55661
6498	4.55619
6500	4.55602
6502	4.55607
6504	4.5572
6506	4.55868
6508	4.55897
6510	4.56094
6512	4.56126
6514	4.56155
6516	4.56086
6518	4.55963
6520	4.56
6522	4.56091
6524	4.56078
6526	4.55981
6528	4.55905
6530	4.55981
6532	4.55856
6534	4.55827
6536	4.55843
6538	4.55922
6540	4.5603
6542	4.55971
6544	4.56083
6546	4.56254
6548	4.56382
6550	4.5624
6552	4.56199
6554	4.56287
6556	4.5633
6558	4.56329
6560	4.56236
6562	4.56378
6564	4.56396
6566	4.56281
6568	4.56157
6570	4.56178
6572	4.56232
6574	4.56277
6576	4.56265
6578	4.56155
6580	4.56329
6582	4.56405
6584	4.56459
6586	4.56551
6588	4.56585
6590	4.56505
6592	4.56484
6594	4.56717
6596	4.56748
6598	4.56511
6600	4.56347
6602	4.56336
6604	4.56405
6606	4.56446
6608	4.56415
6610	4.56463
6612	4.56565
6614	4.56635
6616	4.56605
6618	4.56373
6620	4.56321
6622	4.56289
6624	4.56356
6626	4.56427
6628	4.56447
6630	4.5639
6632	4.56479
6634	4.56516
6636	4.56629
6638	4.5662
6640	4.56629
6642	4.56686
6644	4.56793
6646	4.56607
6648	4.56655
6650	4.56565
6652	4.56595
6654	4.56752
6656	4.56841
6658	4.5687
6660	4.56988
6662	4.57022
6664	4.56992
6666	4.56937
6668	4.56875
6670	4.56822
6672	4.56853
6674	4.56813
6676	4.56988
6678	4.56916
6680	4.56912
6682	4.56879
6684	4.56983
6686	4.57019
6688	4.56907
6690	4.56929
6692	4.56944
6694	4.56866
6696	4.56966
6698	4.5688
6700	4.56811
6702	4.56668
6704	4.56679
6706	4.56743
6708	4.56707
