time	cp
2	4.76284
4	4.76271
6	4.76146
8	4.76017
10	4.75981
12	4.75913
14	4.7582
16	4.7587
18	4.75904
20	4.75879
22	4.75972
24	4.75958
26	4.75887
28	4.75931
30	4.75953
32	4.7599
34	4.75995
36	4.75891
38	4.7581
40	4.75753
42	4.75745
44	4.75677
46	4.75851
48	4.75822
50	4.7587
52	4.75934
54	4.75937
56	4.75731
58	4.75583
60	4.75554
62	4.75568
64	4.75366
66	4.75157
68	4.74201
70	4.72062
72	4.70789
74	4.70631
76	4.70897
78	4.71136
80	4.71516
82	4.7191
84	4.72229
86	4.72595
88	4.7303
90	4.7323
92	4.7347
94	4.73786
96	4.73892
98	4.74008
100	4.74247
102	4.74353
104	4.74423
106	4.7468
108	4.74894
110	4.7493
112	4.74858
114	4.74817
116	4.7479
118	4.74715
120	4.74725
122	4.74726
124	4.7484
126	4.74838
128	4.74835
130	4.74739
132	4.74834
134	4.74749
136	4.74721
138	4.74749
140	4.74722
142	4.74725
144	4.74731
146	4.74633
148	4.7463
150	4.74601
152	4.74745
154	4.74722
156	4.74608
158	4.74594
160	4.7456
162	4.74676
164	4.74735
166	4.7468
168	4.7466
170	4.74626
172	4.74472
174	4.74354
176	4.74321
178	4.74249
180	4.74317
182	4.74399
184	4.74409
186	4.74457
188	4.74447
190	4.74481
192	4.74589
194	4.74578
196	4.74482
198	4.74439
200	4.74435
202	4.74411
204	4.74523
206	4.74573
208	4.74624
210	4.7466
212	4.74649
214	4.74618
216	4.745
218	4.74465
220	4.74467
222	4.74497
224	4.74401
226	4.74451
228	4.74396
230	4.74486
232	4.74437
234	4.74418
236	4.74517
238	4.7449
240	4.74357
242	4.74371
244	4.74401
246	4.74288
248	4.74192
250	4.74269
252	4.74254
254	4.74162
256	4.74179
258	4.74304
260	4.74308
262	4.74224
264	4.74077
266	4.74036
268	4.74099
270	4.74047
272	4.74041
274	4.74055
276	4.7389
278	4.73852
280	4.73793
282	4.73823
284	4.73897
286	4.73895
288	4.73849
290	4.7376
292	4.73786
294	4.7383
296	4.73922
298	4.73803
300	4.73739
302	4.73761
304	4.73857
306	4.73907
308	4.73846
310	4.73826
312	4.73846
314	4.73831
316	4.73862
318	4.73835
320	4.73826
322	4.73877
324	4.73793
326	4.73721
328	4.73726
330	4.73588
332	4.73513
334	4.73527
336	4.73585
338	4.73484
340	4.7356
342	4.73708
344	4.73715
346	4.7367
348	4.7363
350	4.73614
352	4.73624
354	4.73602
356	4.73608
358	4.73498
360	4.73508
362	4.72916
364	4.70579
366	4.67006
368	4.63163
370	4.59301
372	4.55958
374	4.52784
376	4.49887
378	4.47463
380	4.4522
382	4.43232
384	4.41472
386	4.39934
388	4.38686
390	4.37972
392	4.39136
394	4.41843
396	4.44997
398	4.48124
400	4.51156
402	4.53866
404	4.56288
406	4.58404
408	4.60387
410	4.62113
412	4.63654
414	4.64778
416	4.65775
418	4.66545
420	4.67361
422	4.68028
424	4.68727
426	4.6927
428	4.6969
430	4.70026
432	4.70321
434	4.70733
436	4.7095
438	4.71042
440	4.71323
442	4.71671
444	4.71802
446	4.71959
448	4.72
450	4.72089
452	4.72179
454	4.72244
456	4.72343
458	4.725
460	4.72637
462	4.72565
464	4.72496
466	4.72518
468	4.72503
470	4.72519
472	4.72583
474	4.72716
476	4.72842
478	4.72853
480	4.72728
482	4.72864
484	4.72939
486	4.72928
488	4.73019
490	4.72894
492	4.72795
494	4.72835
496	4.72978
498	4.72942
500	4.72854
502	4.72879
504	4.73031
506	4.72971
508	4.72867
510	4.72857
512	4.72905
514	4.72956
516	4.72755
518	4.72714
520	4.72703
522	4.72762
524	4.72715
526	4.72711
528	4.72811
530	4.72846
532	4.72757
534	4.72788
536	4.72792
538	4.72795
540	4.72786
542	4.72918
544	4.72846
546	4.72761
548	4.72779
550	4.72817
552	4.72856
554	4.72866
556	4.72754
558	4.72839
560	4.72925
562	4.72934
564	4.72914
566	4.72944
568	4.72981
570	4.72833
572	4.72711
574	4.72724
576	4.7279
578	4.72796
580	4.72752
582	4.72605
584	4.72637
586	4.72689
588	4.72655
590	4.7271
592	4.72846
594	4.72897
596	4.72848
598	4.72836
600	4.72742
602	4.72792
604	4.72718
606	4.72713
608	4.72592
610	4.72468
612	4.7249
614	4.72551
616	4.72509
618	4.72512
620	4.72601
622	4.72686
624	4.7276
626	4.72755
628	4.72706
630	4.72566
632	4.72505
634	4.7245
636	4.72612
638	4.71992
640	4.69153
642	4.65501
644	4.61796
646	4.58099
648	4.54561
650	4.51331
652	4.48552
654	4.46077
656	4.43984
658	4.42053
660	4.40507
662	4.39117
664	4.37882
666	4.3695
668	4.38052
670	4.40559
672	4.43769
674	4.46961
676	4.49831
678	4.52528
680	4.55197
682	4.57387
684	4.59306
686	4.61015
688	4.62588
690	4.63716
692	4.64782
694	4.65744
696	4.66674
698	4.67412
700	4.67885
702	4.68412
704	4.68819
706	4.692
708	4.69604
710	4.69885
712	4.70068
714	4.70278
716	4.70506
718	4.70632
720	4.70885
722	4.71029
724	4.71136
726	4.71255
728	4.71462
730	4.71546
732	4.71681
734	4.7169
736	4.71891
738	4.7195
740	4.71825
742	4.71716
744	4.71793
746	4.71848
748	4.71881
750	4.71853
752	4.71849
754	4.71904
756	4.71953
758	4.72005
760	4.72026
762	4.72147
764	4.72309
766	4.72215
768	4.72275
770	4.72346
772	4.72465
774	4.72477
776	4.72431
778	4.7252
780	4.7252
782	4.72464
784	4.72399
786	4.7237
788	4.72237
790	4.72306
792	4.72311
794	4.72237
796	4.72187
798	4.7237
800	4.72333
802	4.72285
804	4.72357
806	4.72242
808	4.72316
810	4.72228
812	4.72085
814	4.7212
816	4.72105
818	4.72118
820	4.72107
822	4.72084
824	4.72152
826	4.721
828	4.72034
830	4.72134
832	4.72199
834	4.72189
836	4.72315
838	4.72421
840	4.72404
842	4.7241
844	4.72369
846	4.72413
848	4.72492
850	4.72391
852	4.72365
854	4.72397
856	4.72298
858	4.72244
860	4.72197
862	4.72192
864	4.72248
866	4.72275
868	4.72287
870	4.72305
872	4.7237
874	4.72233
876	4.72196
878	4.72176
880	4.72263
882	4.72349
884	4.72254
886	4.72149
888	4.72243
890	4.72465
892	4.72492
894	4.72528
896	4.72482
898	4.72427
900	4.72414
902	4.72422
904	4.72386
906	4.72326
908	4.72376
910	4.72456
912	4.72471
914	4.71791
916	4.69145
918	4.65558
920	4.61564
922	4.57785
924	4.54267
926	4.51186
928	4.48506
930	4.46067
932	4.43816
934	4.41716
936	4.4012
938	4.38703
940	4.37537
942	4.36766
944	4.37734
946	4.40362
948	4.43512
950	4.46789
952	4.49781
954	4.52375
956	4.54736
958	4.56879
960	4.58929
962	4.60652
964	4.62137
966	4.63418
968	4.6457
970	4.65592
972	4.66274
974	4.66998
976	4.67659
978	4.68183
980	4.68692
982	4.69153
984	4.6954
986	4.69705
988	4.69844
990	4.70104
992	4.70385
994	4.70525
996	4.70714
998	4.70923
1000	4.71104
1002	4.71172
1004	4.71329
1006	4.71398
1008	4.71489
1010	4.71474
1012	4.7154
1014	4.71671
1016	4.71585
1018	4.71617
1020	4.71728
1022	4.71885
1024	4.7191
1026	4.71877
1028	4.7197
1030	4.72018
1032	4.71999
1034	4.72036
1036	4.72115
1038	4.72181
1040	4.72263
1042	4.72161
1044	4.721
1046	4.7215
1048	4.7207
1050	4.72144
1052	4.72136
1054	4.72258
1056	4.72216
1058	4.7207
1060	4.71946
1062	4.72113
1064	4.72223
1066	4.72173
1068	4.72224
1070	4.72217
1072	4.72289
1074	4.72375
1076	4.72457
1078	4.72239
1080	4.721
1082	4.72145
1084	4.72084
1086	4.72208
1088	4.72416
1090	4.72432
1092	4.7262
1094	4.72654
1096	4.72545
1098	4.72564
1100	4.72356
1102	4.72439
1104	4.72459
1106	4.72289
1108	4.7244
1110	4.72339
1112	4.72314
1114	4.72267
1116	4.72505
1118	4.72623
1120	4.72705
1122	4.72566
1124	4.72488
1126	4.72506
1128	4.7248
1130	4.72495
1132	4.72498
1134	4.72529
1136	4.7244
1138	4.72493
1140	4.72549
1142	4.72591
1144	4.7262
1146	4.72571
1148	4.72497
1150	4.72498
1152	4.72551
1154	4.7262
1156	4.72694
1158	4.72542
1160	4.72433
1162	4.725
1164	4.7252
1166	4.72536
1168	4.72571
1170	4.72492
1172	4.72477
1174	4.7236
1176	4.72232
1178	4.72217
1180	4.72299
1182	4.72391
1184	4.72582
1186	4.72529
1188	4.72412
1190	4.71776
1192	4.69365
1194	4.65798
1196	4.61967
1198	4.58236
1200	4.54848
1202	4.51684
1204	4.49069
1206	4.46562
1208	4.44464
1210	4.42575
1212	4.40775
1214	4.39264
1216	4.38014
1218	4.37198
1220	4.37988
1222	4.40266
1224	4.43165
1226	4.46347
1228	4.4936
1230	4.52207
1232	4.54888
1234	4.5704
1236	4.58861
1238	4.60531
1240	4.6211
1242	4.63637
1244	4.64822
1246	4.6562
1248	4.66536
1250	4.67414
1252	4.67986
1254	4.6849
1256	4.68959
1258	4.69446
1260	4.69764
1262	4.70094
1264	4.7047
1266	4.70646
1268	4.70809
1270	4.70941
1272	4.71036
1274	4.71061
1276	4.71206
1278	4.71319
1280	4.71486
1282	4.71577
1284	4.71598
1286	4.71733
1288	4.71802
1290	4.71893
1292	4.7197
1294	4.71897
1296	4.71928
1298	4.71953
1300	4.71961
1302	4.72216
1304	4.72317
1306	4.724
1308	4.72496
1310	4.7251
1312	4.72342
1314	4.72251
1316	4.72429
1318	4.72541
1320	4.72655
1322	4.7263
1324	4.72612
1326	4.72609
1328	4.72609
1330	4.72659
1332	4.72633
1334	4.72708
1336	4.7272
1338	4.72663
1340	4.72746
1342	4.72746
1344	4.72725
1346	4.72687
1348	4.7263
1350	4.72671
1352	4.72692
1354	4.72663
1356	4.72644
1358	4.727
1360	4.72588
1362	4.72482
1364	4.72616
1366	4.72617
1368	4.72531
1370	4.72342
1372	4.7242
1374	4.7255
1376	4.72634
1378	4.72651
1380	4.72619
1382	4.72732
1384	4.72804
1386	4.72839
1388	4.72741
1390	4.72698
1392	4.72778
1394	4.72816
1396	4.73014
1398	4.73124
1400	4.73085
1402	4.72945
1404	4.72867
1406	4.72765
1408	4.72839
1410	4.72862
1412	4.72955
1414	4.7289
1416	4.7273
1418	4.7273
1420	4.72557
1422	4.72558
1424	4.7268
1426	4.7288
1428	4.7291
1430	4.7288
1432	4.72857
1434	4.72855
1436	4.72745
1438	4.72701
1440	4.72687
1442	4.72673
1444	4.72799
1446	4.72886
1448	4.72803
1450	4.7286
1452	4.72947
1454	4.7292
1456	4.72882
1458	4.73006
1460	4.72837
1462	4.72872
1464	4.72909
1466	4.72474
1468	4.70186
1470	4.66597
1472	4.62745
1474	4.59062
1476	4.55756
1478	4.52621
1480	4.49673
1482	4.4709
1484	4.45025
1486	4.43258
1488	4.41489
1490	4.40121
1492	4.38894
1494	4.38025
1496	4.38659
1498	4.40794
1500	4.43681
1502	4.46757
1504	4.49657
1506	4.52388
1508	4.54945
1510	4.5716
1512	4.59136
1514	4.60909
1516	4.62493
1518	4.63814
1520	4.64999
1522	4.65982
1524	4.66805
1526	4.67542
1528	4.68353
1530	4.6889
1532	4.69314
1534	4.69682
1536	4.70056
1538	4.70355
1540	4.70634
1542	4.71027
1544	4.71236
1546	4.71343
1548	4.71527
1550	4.71638
1552	4.71851
1554	4.71974
1556	4.72015
1558	4.72039
1560	4.72154
1562	4.72231
1564	4.72344
1566	4.72428
1568	4.72391
1570	4.72509
1572	4.72495
1574	4.72564
1576	4.7268
1578	4.72666
1580	4.72674
1582	4.7266
1584	4.72745
1586	4.7298
1588	4.7308
1590	4.73114
1592	4.73168
1594	4.73033
1596	4.73045
1598	4.73196
1600	4.7323
1602	4.7322
1604	4.73201
1606	4.73202
1608	4.73197
1610	4.73264
1612	4.73325
1614	4.73386
1616	4.7345
1618	4.73496
1620	4.73504
1622	4.73541
1624	4.73634
1626	4.73665
1628	4.7375
1630	4.73698
1632	4.73552
1634	4.73487
1636	4.73483
1638	4.7347
1640	4.73534
1642	4.7343
1644	4.73368
1646	4.73379
1648	4.73389
1650	4.73443
1652	4.73577
1654	4.73477
1656	4.73424
1658	4.73476
1660	4.73421
1662	4.73203
1664	4.73095
1666	4.73137
1668	4.73306
1670	4.73306
1672	4.73418
1674	4.7354
1676	4.73492
1678	4.73438
1680	4.73464
1682	4.73591
1684	4.73619
1686	4.73505
1688	4.73713
1690	4.73752
1692	4.73678
1694	4.73539
1696	4.73664
1698	4.73642
1700	4.73625
1702	4.73528
1704	4.73591
1706	4.73669
1708	4.7366
1710	4.73622
1712	4.7365
1714	4.73691
1716	4.73664
1718	4.73691
1720	4.73668
1722	4.73722
1724	4.73673
1726	4.73741
1728	4.73752
1730	4.73738
1732	4.73912
1734	4.73933
1736	4.7398
1738	4.73871
1740	4.73747
1742	4.73215
1744	4.71097
1746	4.6782
1748	4.64226
1750	4.60525
1752	4.57022
1754	4.53763
1756	4.50885
1758	4.48435
1760	4.46322
1762	4.44631
1764	4.43023
1766	4.41506
1768	4.40332
1770	4.39424
1772	4.39715
1774	4.41476
1776	4.44101
1778	4.47062
1780	4.50089
1782	4.52823
1784	4.55369
1786	4.57595
1788	4.59735
1790	4.61654
1792	4.63438
1794	4.64838
1796	4.65873
1798	4.66867
1800	4.67762
1802	4.68287
1804	4.68767
1806	4.69305
1808	4.69895
1810	4.70424
1812	4.70748
1814	4.71171
1816	4.71704
1818	4.71881
1820	4.71996
1822	4.72154
1824	4.72303
1826	4.72412
1828	4.72624
1830	4.72773
1832	4.72874
1834	4.72983
1836	4.7322
1838	4.73252
1840	4.7316
1842	4.73353
1844	4.73552
1846	4.73623
1848	4.73662
1850	4.73644
1852	4.73548
1854	4.73666
1856	4.7373
1858	4.73785
1860	4.73948
1862	4.73982
1864	4.74032
1866	4.74021
1868	4.73947
1870	4.7387
1872	4.73889
1874	4.74057
1876	4.74123
1878	4.74276
1880	4.74289
1882	4.74189
1884	4.74202
1886	4.74278
1888	4.74347
1890	4.74357
1892	4.74443
1894	4.74297
1896	4.74121
1898	4.74163
1900	4.74112
1902	4.74144
1904	4.7424
1906	4.74188
1908	4.74029
1910	4.74032
1912	4.74235
1914	4.74271
1916	4.74193
1918	4.74337
1920	4.74354
1922	4.74277
1924	4.74312
1926	4.74362
1928	4.74484
1930	4.74388
1932	4.74302
1934	4.74342
1936	4.74456
1938	4.74418
1940	4.74343
1942	4.74306
1944	4.74246
1946	4.7425
1948	4.74327
1950	4.74405
1952	4.74412
1954	4.74408
1956	4.74258
1958	4.7428
1960	4.74368
1962	4.74353
1964	4.74274
1966	4.74323
1968	4.74419
1970	4.74481
1972	4.74579
1974	4.74543
1976	4.74574
1978	4.74622
1980	4.74677
1982	4.74805
1984	4.74827
1986	4.74555
1988	4.74503
1990	4.74497
1992	4.74527
1994	4.74457
1996	4.7459
1998	4.74704
2000	4.74535
2002	4.74664
2004	4.74721
2006	4.74708
2008	4.74714
2010	4.74715
2012	4.7467
2014	4.74625
2016	4.74594
2018	4.74331
2020	4.72649
2022	4.69508
2024	4.65981
2026	4.62299
2028	4.58688
2030	4.5546
2032	4.52823
2034	4.50495
2036	4.4838
2038	4.4643
2040	4.44843
2042	4.43638
2044	4.42521
2046	4.41638
2048	4.41656
2050	4.42935
2052	4.4516
2054	4.47814
2056	4.50417
2058	4.53137
2060	4.55661
2062	4.57895
2064	4.59982
2066	4.61874
2068	4.63563
2070	4.64881
2072	4.66122
2074	4.67165
2076	4.68247
2078	4.69078
2080	4.69701
2082	4.70338
2084	4.70836
2086	4.71243
2088	4.71423
2090	4.71646
2092	4.7197
2094	4.72264
2096	4.72552
2098	4.72675
2100	4.7274
2102	4.73032
2104	4.73344
2106	4.73517
2108	4.73598
2110	4.73676
2112	4.7385
2114	4.7396
2116	4.74116
2118	4.74081
2120	4.74076
2122	4.74322
2124	4.74263
2126	4.74402
2128	4.74554
2130	4.74494
2132	4.74431
2134	4.74496
2136	4.74673
2138	4.74605
2140	4.74525
2142	4.74497
2144	4.74601
2146	4.74772
2148	4.74831
2150	4.74836
2152	4.74998
2154	4.75031
2156	4.75005
2158	4.74954
2160	4.74883
2162	4.74946
2164	4.75079
2166	4.75188
2168	4.75039
2170	4.74924
2172	4.75089
2174	4.75147
2176	4.75171
2178	4.75358
2180	4.7545
2182	4.75304
2184	4.75175
2186	4.74995
2188	4.74983
2190	4.75156
2192	4.75245
2194	4.75258
2196	4.75227
2198	4.75146
2200	4.75251
2202	4.75287
2204	4.75246
2206	4.75261
2208	4.75237
2210	4.75135
2212	4.75178
2214	4.75174
2216	4.75124
2218	4.7526
2220	4.75201
2222	4.75123
2224	4.75133
2226	4.75262
2228	4.75327
2230	4.75287
2232	4.75309
2234	4.7529
2236	4.75332
2238	4.75288
2240	4.75188
2242	4.7525
2244	4.75319
2246	4.75315
2248	4.75436
2250	4.75388
2252	4.75323
2254	4.75212
2256	4.75164
2258	4.75128
2260	4.75094
2262	4.75131
2264	4.7533
2266	4.75265
2268	4.75352
2270	4.75362
2272	4.7527
2274	4.75312
2276	4.75397
2278	4.75629
2280	4.75561
2282	4.75428
2284	4.75415
2286	4.75479
2288	4.75472
2290	4.75542
2292	4.75515
2294	4.75159
2296	4.73463
2298	4.70507
2300	4.67157
2302	4.63881
2304	4.60734
2306	4.5776
2308	4.55159
2310	4.52847
2312	4.50683
2314	4.48938
2316	4.4767
2318	4.46505
2320	4.45647
2322	4.44874
2324	4.44658
2326	4.45417
2328	4.47137
2330	4.49263
2332	4.51755
2334	4.54155
2336	4.56495
2338	4.58647
2340	4.60585
2342	4.62388
2344	4.64069
2346	4.65293
2348	4.66423
2350	4.67488
2352	4.68496
2354	4.69185
2356	4.69792
2358	4.70615
2360	4.71141
2362	4.71751
2364	4.72263
2366	4.72701
2368	4.73029
2370	4.73255
2372	4.73381
2374	4.73515
2376	4.73846
2378	4.74112
2380	4.74198
2382	4.74274
2384	4.74298
2386	4.74458
2388	4.746
2390	4.74523
2392	4.74558
2394	4.74611
2396	4.74747
2398	4.74769
2400	4.74803
2402	4.74953
2404	4.75143
2406	4.75225
2408	4.75117
2410	4.75183
2412	4.75324
2414	4.75521
2416	4.75418
2418	4.75592
2420	4.75618
2422	4.75518
2424	4.75673
2426	4.75842
2428	4.75922
2430	4.7584
2432	4.75838
2434	4.75702
2436	4.7555
2438	4.75561
2440	4.75643
2442	4.75566
2444	4.75672
2446	4.75677
2448	4.75725
2450	4.7577
2452	4.75763
2454	4.7573
2456	4.75711
2458	4.75885
2460	4.75972
2462	4.75916
2464	4.75913
2466	4.75948
2468	4.75956
2470	4.76039
2472	4.75845
2474	4.75807
2476	4.75902
2478	4.7583
2480	4.75882
2482	4.75988
2484	4.75861
2486	4.75828
2488	4.7605
2490	4.76152
2492	4.76206
2494	4.76016
2496	4.75858
2498	4.76049
2500	4.76133
2502	4.75962
2504	4.76157
2506	4.76204
2508	4.76144
2510	4.76062
2512	4.7613
2514	4.76172
2516	4.76161
2518	4.7603
2520	4.75982
2522	4.76032
2524	4.76191
2526	4.76091
2528	4.75996
2530	4.76043
2532	4.76163
2534	4.76037
2536	4.75995
2538	4.76262
2540	4.76282
2542	4.76248
2544	4.76259
2546	4.76202
2548	4.76147
2550	4.76256
2552	4.76209
2554	4.76239
2556	4.76282
2558	4.76392
2560	4.76352
2562	4.7625
2564	4.76233
2566	4.76138
2568	4.76144
2570	4.75938
2572	4.74618
2574	4.72226
2576	4.69205
2578	4.66167
2580	4.63132
2582	4.60551
2584	4.58279
2586	4.56363
2588	4.54724
2590	4.53374
2592	4.52153
2594	4.51134
2596	4.50386
2598	4.49734
2600	4.49662
2602	4.5028
2604	4.51468
2606	4.5296
2608	4.54637
2610	4.56339
2612	4.58014
2614	4.59698
2616	4.61283
2618	4.62788
2620	4.64127
2622	4.65327
2624	4.66397
2626	4.67316
2628	4.68207
2630	4.69034
2632	4.69824
2634	4.70523
2636	4.71092
2638	4.71631
2640	4.72046
2642	4.72563
2644	4.72899
2646	4.7318
2648	4.73466
2650	4.73645
2652	4.73897
2654	4.74062
2656	4.74411
2658	4.74658
2660	4.74767
2662	4.75081
2664	4.75189
2666	4.75177
2668	4.75155
2670	4.75176
2672	4.75209
2674	4.75431
2676	4.75402
2678	4.75405
2680	4.75467
2682	4.75588
2684	4.75766
2686	4.75886
2688	4.7595
2690	4.76043
2692	4.76068
2694	4.76051
2696	4.76164
2698	4.76186
2700	4.76291
2702	4.76426
2704	4.76519
2706	4.7662
2708	4.76484
2710	4.76371
2712	4.76363
2714	4.76373
2716	4.76351
2718	4.76243
2720	4.76232
2722	4.76362
2724	4.76536
2726	4.76535
2728	4.76584
2730	4.76464
2732	4.76508
2734	4.76462
2736	4.76488
2738	4.76517
2740	4.76437
2742	4.76447
2744	4.765
2746	4.76522
2748	4.76402
2750	4.76414
2752	4.76321
2754	4.76145
2756	4.763
2758	4.76541
2760	4.76554
2762	4.76656
2764	4.76655
2766	4.76589
2768	4.76563
2770	4.76584
2772	4.76537
2774	4.76635
2776	4.76633
2778	4.76699
2780	4.76678
2782	4.76689
2784	4.76665
2786	4.76833
2788	4.76892
2790	4.76702
2792	4.76759
2794	4.76745
2796	4.76521
2798	4.76533
2800	4.76528
2802	4.76614
2804	4.76582
2806	4.76497
2808	4.76573
2810	4.76592
2812	4.76577
2814	4.76462
2816	4.76429
2818	4.76479
2820	4.76506
2822	4.76645
2824	4.76698
2826	4.76719
2828	4.76839
2830	4.76849
2832	4.76777
2834	4.76697
2836	4.76577
2838	4.76614
2840	4.76745
2842	4.7671
2844	4.76747
2846	4.76589
2848	4.75591
2850	4.73645
2852	4.71242
2854	4.68833
2856	4.66428
2858	4.64332
2860	4.62508
2862	4.61043
2864	4.59908
2866	4.59089
2868	4.58371
2870	4.57872
2872	4.57499
2874	4.5744
2876	4.57677
2878	4.58094
2880	4.58617
2882	4.59333
2884	4.6018
2886	4.61155
2888	4.62166
2890	4.63234
2892	4.64216
2894	4.6529
2896	4.66071
2898	4.66853
2900	4.67617
2902	4.68275
2904	4.68945
2906	4.69594
2908	4.7021
2910	4.70759
2912	4.71233
2914	4.7174
2916	4.72256
2918	4.72514
2920	4.72907
2922	4.7331
2924	4.73691
2926	4.73911
2928	4.74172
2930	4.74352
2932	4.7442
2934	4.7452
2936	4.74807
2938	4.75126
2940	4.7519
2942	4.75147
2944	4.75383
2946	4.75476
2948	4.75462
2950	4.75509
2952	4.7557
2954	4.75574
2956	4.75675
2958	4.75794
2960	4.76032
2962	4.76143
2964	4.76101
2966	4.76269
2968	4.76504
2970	4.76436
2972	4.76466
2974	4.76561
2976	4.76591
2978	4.76628
2980	4.76609
2982	4.76588
2984	4.76669
2986	4.76849
2988	4.76894
2990	4.7702
2992	4.7709
2994	4.77105
2996	4.76922
2998	4.76924
3000	4.77009
3002	4.77023
3004	4.76905
3006	4.76914
3008	4.76879
3010	4.76919
3012	4.76976
3014	4.76969
3016	4.76951
3018	4.77081
3020	4.7702
3022	4.7696
3024	4.77059
3026	4.77006
3028	4.76942
3030	4.77081
3032	4.77165
3034	4.77134
3036	4.77101
3038	4.7716
3040	4.77178
3042	4.77098
3044	4.76942
3046	4.76863
3048	4.77043
3050	4.771
3052	4.77163
3054	4.77206
3056	4.77189
3058	4.77122
3060	4.77058
3062	4.77078
3064	4.77168
3066	4.7725
3068	4.77173
3070	4.77198
3072	4.77105
3074	4.76997
3076	4.76936
3078	4.7704
3080	4.76995
3082	4.77088
3084	4.77126
3086	4.77186
3088	4.77312
3090	4.77353
3092	4.77374
3094	4.7735
3096	4.7718
3098	4.77115
3100	4.77081
3102	4.77183
3104	4.77027
3106	4.77022
3108	4.77026
3110	4.76888
3112	4.76894
3114	4.77085
3116	4.7719
3118	4.77223
3120	4.77176
3122	4.76998
3124	4.7641
3126	4.7509
3128	4.73667
3130	4.72226
3132	4.71007
3134	4.69727
3136	4.68537
3138	4.67657
3140	4.66898
3142	4.66351
3144	4.65928
3146	4.65658
3148	4.6557
3150	4.65557
3152	4.655
3154	4.65718
3156	4.66208
3158	4.66696
3160	4.67119
3162	4.67779
3164	4.68411
3166	4.68793
3168	4.69293
3170	4.6966
3172	4.70007
3174	4.70502
3176	4.709
3178	4.71304
3180	4.71765
3182	4.72155
3184	4.72432
3186	4.72766
3188	4.73043
3190	4.73469
3192	4.73797
3194	4.74009
3196	4.74139
3198	4.74257
3200	4.74501
3202	4.74878
3204	4.74915
3206	4.75048
3208	4.75319
3210	4.75563
3212	4.75706
3214	4.7586
3216	4.75808
3218	4.75929
3220	4.75955
3222	4.76042
3224	4.76098
3226	4.76232
3228	4.76247
3230	4.76238
3232	4.76301
3234	4.76415
3236	4.76471
3238	4.76503
3240	4.76654
3242	4.76652
3244	4.76674
3246	4.7668
3248	4.76658
3250	4.76611
3252	4.76715
3254	4.76846
3256	4.77003
3258	4.77012
3260	4.77031
3262	4.7694
3264	4.76948
3266	4.76983
3268	4.77058
3270	4.77088
3272	4.77029
3274	4.77051
3276	4.77253
3278	4.77293
3280	4.77111
3282	4.77275
3284	4.77343
3286	4.77312
3288	4.77188
3290	4.77184
3292	4.77203
3294	4.77045
3296	4.77131
3298	4.772
3300	4.77092
3302	4.77079
3304	4.76981
3306	4.7689
3308	4.76818
3310	4.76821
3312	4.76847
3314	4.77113
3316	4.77357
3318	4.77384
3320	4.77384
3322	4.77411
3324	4.77403
3326	4.77268
3328	4.77356
3330	4.77445
3332	4.77349
3334	4.77453
3336	4.77419
3338	4.77178
3340	4.77188
3342	4.77102
3344	4.77196
3346	4.773
3348	4.77269
3350	4.77294
3352	4.77351
3354	4.77318
3356	4.77297
3358	4.77306
3360	4.77327
3362	4.7732
3364	4.77254
3366	4.77301
3368	4.77321
3370	4.77368
3372	4.7728
3374	4.77283
3376	4.77256
3378	4.77256
3380	4.77167
3382	4.7734
3384	4.77492
3386	4.77487
3388	4.77503
3390	4.77537
3392	4.77395
3394	4.7745
3396	4.77517
3398	4.77321
3400	4.76883
3402	4.76305
3404	4.7549
3406	4.74595
3408	4.73836
3410	4.73295
3412	4.72805
3414	4.72299
3416	4.71899
3418	4.71586
3420	4.71265
3422	4.71103
3424	4.70988
3426	4.71054
3428	4.71218
3430	4.71391
3432	4.71652
3434	4.72061
3436	4.72436
3438	4.72637
3440	4.72841
3442	4.73037
3444	4.7324
3446	4.73479
3448	4.73698
3450	4.7404
3452	4.7428
3454	4.74563
3456	4.74721
3458	4.74765
3460	4.74939
3462	4.75082
3464	4.75108
3466	4.75284
3468	4.75387
3470	4.75499
3472	4.75565
3474	4.75657
3476	4.75789
3478	4.75994
3480	4.76177
3482	4.76189
3484	4.7621
3486	4.76437
3488	4.76667
3490	4.7666
3492	4.76693
3494	4.7672
3496	4.76714
3498	4.7677
3500	4.76841
3502	4.76875
3504	4.76915
3506	4.77
3508	4.77095
3510	4.7698
3512	4.76938
3514	4.77018
3516	4.7707
3518	4.77087
3520	4.76931
3522	4.76769
3524	4.76824
3526	4.76834
3528	4.7694
3530	4.77027
3532	4.77163
3534	4.77189
3536	4.77122
3538	4.7707
3540	4.77113
3542	4.771
3544	4.77156
3546	4.77086
3548	4.77139
3550	4.7728
3552	4.77313
3554	4.77122
3556	4.772
3558	4.77188
3560	4.77064
3562	4.77036
3564	4.77019
3566	4.77065
3568	4.77011
3570	4.77191
3572	4.77236
3574	4.77306
3576	4.77245
3578	4.77256
3580	4.77277
3582	4.77292
3584	4.77282
3586	4.77315
3588	4.77319
3590	4.77382
3592	4.77443
3594	4.77333
3596	4.77322
3598	4.77363
3600	4.77368
3602	4.77254
3604	4.77057
3606	4.77059
3608	4.77224
3610	4.77366
3612	4.77181
3614	4.77023
3616	4.77071
3618	4.77268
3620	4.77316
3622	4.77406
3624	4.77447
3626	4.77419
3628	4.77407
3630	4.77587
3632	4.77667
3634	4.77531
3636	4.77477
3638	4.77519
3640	4.77496
3642	4.7762
3644	4.77636
3646	4.77574
3648	4.7748
3650	4.77526
3652	4.77566
3654	4.77422
3656	4.77487
3658	4.77452
3660	4.77394
3662	4.77291
3664	4.77265
3666	4.77291
3668	4.7731
3670	4.77327
3672	4.7759
3674	4.77499
3676	4.77088
3678	4.76726
3680	4.76192
3682	4.75643
3684	4.75233
3686	4.74839
3688	4.74445
3690	4.74269
3692	4.74038
3694	4.73888
3696	4.73706
3698	4.73575
3700	4.73401
3702	4.73386
3704	4.73574
3706	4.73855
3708	4.74118
3710	4.74168
3712	4.74377
3714	4.74574
3716	4.7475
3718	4.75059
3720	4.75216
3722	4.75274
3724	4.7539
3726	4.75485
3728	4.75643
3730	4.75834
3732	4.76052
3734	4.76217
3736	4.76284
3738	4.76247
3740	4.76063
3742	4.7603
3744	4.76061
3746	4.76102
3748	4.76204
3750	4.7637
3752	4.7642
3754	4.76602
3756	4.76692
3758	4.76779
3760	4.76765
3762	4.76857
3764	4.76994
3766	4.77099
3768	4.77151
3770	4.77066
3772	4.77049
3774	4.77045
3776	4.77035
3778	4.77084
3780	4.77113
3782	4.77047
3784	4.77024
3786	4.76992
3788	4.7695
3790	4.77049
3792	4.77171
3794	4.77126
3796	4.77156
3798	4.77005
3800	4.77167
3802	4.77218
3804	4.77188
3806	4.773
3808	4.77235
3810	4.77264
3812	4.773
3814	4.77431
3816	4.77404
3818	4.77377
3820	4.77381
3822	4.77148
3824	4.77255
3826	4.77285
3828	4.77299
3830	4.77311
3832	4.77352
3834	4.77403
3836	4.77477
3838	4.77519
3840	4.77529
3842	4.77297
3844	4.77259
3846	4.77417
3848	4.77518
3850	4.77525
3852	4.77619
3854	4.77674
3856	4.77657
3858	4.77749
3860	4.77892
3862	4.77884
3864	4.77652
3866	4.77598
3868	4.77525
3870	4.77568
3872	4.77636
3874	4.7774
3876	4.7769
3878	4.77579
3880	4.77543
3882	4.77579
3884	4.77528
3886	4.77507
3888	4.77413
3890	4.77396
3892	4.77481
3894	4.77517
3896	4.77508
3898	4.77541
3900	4.77538
3902	4.77492
3904	4.77449
3906	4.77568
3908	4.77588
3910	4.77584
3912	4.77503
3914	4.77464
3916	4.77496
3918	4.77549
3920	4.77585
3922	4.77411
3924	4.77248
3926	4.77282
3928	4.77374
3930	4.77388
3932	4.77343
3934	4.77381
3936	4.77293
3938	4.77333
3940	4.77575
3942	4.77582
3944	4.77684
3946	4.77705
3948	4.776
3950	4.77372
3952	4.77235
3954	4.77008
3956	4.76738
3958	4.76523
3960	4.76164
3962	4.75684
3964	4.75452
3966	4.75205
3968	4.7503
3970	4.74895
3972	4.74823
3974	4.74709
3976	4.74639
3978	4.74801
3980	4.74944
3982	4.7513
3984	4.75467
3986	4.75596
3988	4.75679
3990	4.75814
3992	4.75943
3994	4.75949
3996	4.76217
3998	4.7641
4000	4.76396
4002	4.76575
4004	4.76664
4006	4.76656
4008	4.76659
4010	4.76661
4012	4.76696
4014	4.76865
4016	4.76835
4018	4.76772
4020	4.76728
4022	4.76706
4024	4.76797
4026	4.76779
4028	4.76785
4030	4.76813
4032	4.76871
4034	4.76846
4036	4.76917
4038	4.76851
4040	4.76988
4042	4.77066
4044	4.77096
4046	4.77092
4048	4.77253
4050	4.77225
4052	4.77166
4054	4.77113
4056	4.77136
4058	4.7715
4060	4.77005
4062	4.7704
4064	4.77171
4066	4.773
4068	4.77441
4070	4.77442
4072	4.77435
4074	4.77444
4076	4.77618
4078	4.77632
4080	4.77586
4082	4.77441
4084	4.77521
4086	4.77667
4088	4.77637
4090	4.77756
4092	4.77682
4094	4.77556
4096	4.77536
4098	4.77501
4100	4.77553
4102	4.77578
4104	4.77534
4106	4.77471
4108	4.77635
4110	4.77649
4112	4.7769
4114	4.77657
4116	4.7752
4118	4.77429
4120	4.77564
4122	4.77635
4124	4.77635
4126	4.7775
4128	4.77697
4130	4.77714
4132	4.77701
4134	4.77687
4136	4.7757
4138	4.7747
4140	4.77573
4142	4.7749
4144	4.77549
4146	4.77684
4148	4.77742
4150	4.77655
4152	4.77604
4154	4.77604
4156	4.77774
4158	4.77813
4160	4.77715
4162	4.77679
4164	4.77634
4166	4.77641
4168	4.77658
4170	4.77793
4172	4.77848
4174	4.77794
4176	4.77659
4178	4.77665
4180	4.77759
4182	4.77735
4184	4.77691
4186	4.77832
4188	4.77796
4190	4.77821
4192	4.77765
4194	4.77595
4196	4.77429
4198	4.77496
4200	4.77546
4202	4.77669
4204	4.77775
4206	4.77785
4208	4.78004
4210	4.78014
4212	4.78026
4214	4.77996
4216	4.77811
4218	4.77724
4220	4.77756
4222	4.77728
4224	4.77651
4226	4.77635
4228	4.77557
4230	4.77293
4232	4.76972
4234	4.76743
4236	4.76429
4238	4.76114
4240	4.75873
4242	4.75857
4244	4.75673
4246	4.75561
4248	4.75504
4250	4.75425
4252	4.75489
4254	4.75568
4256	4.75439
4258	4.75576
4260	4.75816
4262	4.75993
4264	4.76237
4266	4.76377
4268	4.76314
4270	4.76314
4272	4.76415
4274	4.76468
4276	4.7657
4278	4.76643
4280	4.76785
4282	4.76823
4284	4.76935
4286	4.77082
4288	4.77053
4290	4.77036
4292	4.77039
4294	4.77114
4296	4.77276
4298	4.77289
4300	4.77254
4302	4.77333
4304	4.77309
4306	4.77377
4308	4.77426
4310	4.77392
4312	4.77361
4314	4.7742
4316	4.77385
4318	4.77329
4320	4.77446
4322	4.77625
4324	4.7772
4326	4.77648
4328	4.77475
4330	4.77423
4332	4.77551
4334	4.77583
4336	4.7773
4338	4.77823
4340	4.77912
4342	4.77868
4344	4.77748
4346	4.77806
4348	4.77798
4350	4.77749
4352	4.77704
4354	4.77686
4356	4.77624
4358	4.77562
4360	4.77569
4362	4.77671
4364	4.7779
4366	4.77886
4368	4.77887
4370	4.77842
4372	4.77791
4374	4.77768
4376	4.77728
4378	4.77701
4380	4.77702
4382	4.7749
4384	4.77502
4386	4.77649
4388	4.77644
4390	4.77663
4392	4.77756
4394	4.77735
4396	4.77761
4398	4.7789
4400	4.77835
4402	4.77781
4404	4.7779
4406	4.77762
4408	4.77744
4410	4.77679
4412	4.77741
4414	4.7781
4416	4.7768
4418	4.77703
4420	4.77739
4422	4.77882
4424	4.77749
4426	4.77642
4428	4.77561
4430	4.775
4432	4.77637
4434	4.77826
4436	4.77887
4438	4.77883
4440	4.77934
4442	4.77907
4444	4.78004
4446	4.78058
4448	4.78043
4450	4.78119
4452	4.78301
4454	4.78235
4456	4.77999
4458	4.77854
4460	4.77808
4462	4.77898
4464	4.77798
4466	4.77867
4468	4.77895
4470	4.77842
4472	4.77895
4474	4.77853
4476	4.77899
4478	4.77924
4480	4.77826
4482	4.77786
4484	4.77949
4486	4.77887
4488	4.77676
4490	4.77794
4492	4.77887
4494	4.78029
4496	4.78074
4498	4.78243
4500	4.78288
4502	4.78257
4504	4.78261
4506	4.78192
4508	4.7795
4510	4.77657
4512	4.77357
4514	4.77156
4516	4.76982
4518	4.76868
4520	4.76668
4522	4.76436
4524	4.76209
4526	4.76083
4528	4.75799
4530	4.75646
4532	4.75629
4534	4.75567
4536	4.75837
4538	4.76119
4540	4.76248
4542	4.76401
4544	4.76511
4546	4.76741
4548	4.76967
4550	4.77228
4552	4.77397
4554	4.77425
4556	4.77433
4558	4.7738
4560	4.77316
4562	4.77318
4564	4.77384
4566	4.77513
4568	4.77438
4570	4.77366
4572	4.77403
4574	4.77586
4576	4.77747
4578	4.77745
4580	4.77796
4582	4.77784
4584	4.77767
4586	4.77757
4588	4.77697
4590	4.77678
4592	4.77781
4594	4.77816
4596	4.77761
4598	4.77688
4600	4.77831
4602	4.7789
4604	4.778
4606	4.77803
4608	4.77944
4610	4.78051
4612	4.77985
4614	4.77983
4616	4.77988
4618	4.7804
4620	4.78157
4622	4.78085
4624	4.77982
4626	4.78079
4628	4.78148
4630	4.78186
4632	4.78184
4634	4.78225
4636	4.7825
4638	4.78094
4640	4.78018
4642	4.78123
4644	4.78182
4646	4.78104
4648	4.78071
4650	4.78228
4652	4.78196
4654	4.78196
4656	4.77978
4658	4.77903
4660	4.77982
4662	4.78164
4664	4.78155
4666	4.78242
4668	4.7823
4670	4.78196
4672	4.78209
4674	4.78222
4676	4.78161
4678	4.7823
4680	4.78212
4682	4.78062
4684	4.78098
4686	4.78128
4688	4.78133
4690	4.78093
4692	4.77996
4694	4.77985
4696	4.78021
4698	4.78109
4700	4.78209
4702	4.78105
4704	4.78052
4706	4.78107
4708	4.78065
4710	4.77977
4712	4.7814
4714	4.78072
4716	4.78167
4718	4.78237
4720	4.78206
4722	4.78204
4724	4.7816
4726	4.78094
4728	4.78175
4730	4.78342
4732	4.78394
4734	4.78428
4736	4.78424
4738	4.78362
4740	4.78302
4742	4.78212
4744	4.78016
4746	4.78068
4748	4.7813
4750	4.78077
4752	4.78288
4754	4.78191
4756	4.78157
4758	4.78169
4760	4.78128
4762	4.78113
4764	4.7835
4766	4.78451
4768	4.78437
4770	4.78428
4772	4.78456
4774	4.78369
4776	4.78266
4778	4.78281
4780	4.78271
4782	4.77894
4784	4.77672
4786	4.77477
4788	4.77152
4790	4.76901
4792	4.76867
4794	4.76642
4796	4.76516
4798	4.76379
4800	4.76233
4802	4.76256
4804	4.76407
4806	4.76295
4808	4.76375
4810	4.76395
4812	4.7642
4814	4.7659
4816	4.76778
4818	4.76815
4820	4.77072
4822	4.77351
4824	4.77428
4826	4.77443
4828	4.77551
4830	4.77651
4832	4.77854
4834	4.77857
4836	4.77769
4838	4.77735
4840	4.77877
4842	4.77826
4844	4.77738
4846	4.77755
4848	4.77712
4850	4.77844
4852	4.77801
4854	4.77947
4856	4.78072
4858	4.77913
4860	4.77874
4862	4.77905
4864	4.77986
4866	4.77984
4868	4.77968
4870	4.77978
4872	4.77993
4874	4.78214
4876	4.78244
4878	4.78198
4880	4.78128
4882	4.78241
4884	4.78158
4886	4.78056
4888	4.78257
4890	4.7821
4892	4.78225
4894	4.78188
4896	4.78181
4898	4.78266
4900	4.78122
4902	4.78092
4904	4.78096
4906	4.78025
4908	4.78137
4910	4.78111
4912	4.78064
4914	4.78144
4916	4.7818
4918	4.78263
4920	4.78322
4922	4.78237
4924	4.7805
4926	4.78092
4928	4.78161
4930	4.78258
4932	4.78235
4934	4.78144
4936	4.78121
4938	4.78165
4940	4.7814
4942	4.78055
4944	4.78008
4946	4.77996
4948	4.78009
4950	4.78012
4952	4.78063
4954	4.78301
4956	4.78474
4958	4.78351
4960	4.784
4962	4.78416
4964	4.78314
4966	4.78401
4968	4.78357
4970	4.78266
4972	4.78248
4974	4.78277
4976	4.78284
4978	4.78268
4980	4.78225
4982	4.78197
4984	4.78036
4986	4.78044
4988	4.78156
4990	4.78181
4992	4.78191
4994	4.78354
4996	4.78486
4998	4.78407
5000	4.78434
5002	4.78525
5004	4.78536
5006	4.78374
5008	4.78214
5010	4.78024
5012	4.78116
5014	4.78397
5016	4.78476
5018	4.78408
5020	4.78382
5022	4.78431
5024	4.78361
5026	4.78336
5028	4.78324
5030	4.78154
5032	4.78126
5034	4.78223
5036	4.78233
5038	4.78134
5040	4.78016
5042	4.78037
5044	4.77998
5046	4.78172
5048	4.78332
5050	4.78331
5052	4.78254
5054	4.78283
5056	4.78139
5058	4.77862
5060	4.77576
5062	4.77366
5064	4.77212
5066	4.77105
5068	4.76968
5070	4.76951
5072	4.76797
5074	4.76651
5076	4.76474
5078	4.76412
5080	4.7643
5082	4.76451
5084	4.76468
5086	4.76707
5088	4.76965
5090	4.77125
5092	4.77213
5094	4.77225
5096	4.77408
5098	4.77531
5100	4.77503
5102	4.77587
5104	4.77691
5106	4.77699
5108	4.77783
5110	4.77665
5112	4.77646
5114	4.77705
5116	4.77811
5118	4.77858
5120	4.77818
5122	4.77894
5124	4.77923
5126	4.77988
5128	4.77995
5130	4.78073
5132	4.78255
5134	4.78228
5136	4.7815
5138	4.78158
5140	4.78149
5142	4.78089
5144	4.78133
5146	4.78075
5148	4.78107
5150	4.77988
5152	4.77963
5154	4.77891
5156	4.77918
5158	4.78125
5160	4.78175
5162	4.78238
5164	4.7824
5166	4.78178
5168	4.78162
5170	4.78218
5172	4.78212
5174	4.78245
5176	4.78242
5178	4.78251
5180	4.78389
5182	4.7847
5184	4.78483
5186	4.78463
5188	4.78362
5190	4.78291
5192	4.78263
5194	4.78263
5196	4.78308
5198	4.78401
5200	4.7834
5202	4.78285
5204	4.78294
5206	4.78308
5208	4.78374
5210	4.78468
5212	4.78609
5214	4.78547
5216	4.78523
5218	4.78588
5220	4.78444
5222	4.7833
5224	4.78251
5226	4.78211
5228	4.78402
5230	4.78407
5232	4.78398
5234	4.78306
5236	4.78195
5238	4.78116
5240	4.78353
5242	4.78441
5244	4.78436
5246	4.78294
5248	4.78318
5250	4.78363
5252	4.78393
5254	4.78351
5256	4.78434
5258	4.78406
5260	4.78374
5262	4.78382
5264	4.78412
5266	4.78428
5268	4.78333
5270	4.78303
5272	4.78212
5274	4.78265
5276	4.78292
5278	4.78286
5280	4.78291
5282	4.78276
5284	4.78239
5286	4.78174
5288	4.78215
5290	4.78208
5292	4.78236
5294	4.78297
5296	4.78277
5298	4.78197
5300	4.78382
5302	4.78348
5304	4.78307
5306	4.78358
5308	4.78259
5310	4.78345
5312	4.78302
5314	4.78265
5316	4.78241
5318	4.78282
5320	4.78294
5322	4.78435
5324	4.78398
5326	4.78377
5328	4.78365
5330	4.78282
5332	4.7825
5334	4.78005
5336	4.77815
5338	4.77498
5340	4.77361
5342	4.77255
5344	4.77135
5346	4.77131
5348	4.77069
5350	4.76851
5352	4.76701
5354	4.76564
5356	4.76489
5358	4.76627
5360	4.76672
5362	4.76935
5364	4.77165
5366	4.77111
5368	4.77112
5370	4.77283
5372	4.77425
5374	4.77551
5376	4.77617
5378	4.77769
5380	4.77965
5382	4.78057
5384	4.78176
5386	4.78084
5388	4.7813
5390	4.78139
5392	4.78164
5394	4.78089
5396	4.78058
5398	4.78092
5400	4.77947
5402	4.77884
5404	4.78002
5406	4.77956
5408	4.77955
5410	4.7808
5412	4.78162
5414	4.78214
5416	4.78183
5418	4.78124
5420	4.78014
5422	4.78003
5424	4.78226
5426	4.7826
5428	4.78306
5430	4.78424
5432	4.78346
5434	4.7829
5436	4.7815
5438	4.78225
5440	4.78339
5442	4.78364
5444	4.78339
5446	4.78351
5448	4.78267
5450	4.7828
5452	4.78447
5454	4.78446
5456	4.7853
5458	4.78551
5460	4.78473
5462	4.78366
5464	4.78316
5466	4.78162
5468	4.78071
5470	4.78185
5472	4.78208
5474	4.78153
5476	4.7823
5478	4.78307
5480	4.78356
5482	4.78293
5484	4.78191
5486	4.78142
5488	4.78159
5490	4.78047
5492	4.78082
5494	4.78227
5496	4.78315
5498	4.78241
5500	4.78159
5502	4.78155
5504	4.78364
5506	4.78488
5508	4.78419
5510	4.78547
5512	4.78527
5514	4.78463
5516	4.7833
5518	4.78337
5520	4.78342
5522	4.78329
5524	4.78313
5526	4.78313
5528	4.78379
5530	4.78297
5532	4.7827
5534	4.78274
5536	4.7829
5538	4.78246
5540	4.78188
5542	4.78217
5544	4.78277
5546	4.78254
5548	4.78205
5550	4.78238
5552	4.78318
5554	4.78372
5556	4.78306
5558	4.78348
5560	4.78336
5562	4.78295
5564	4.78199
5566	4.78087
5568	4.78076
5570	4.78201
5572	4.78242
5574	4.7841
5576	4.78424
5578	4.78559
5580	4.78476
5582	4.78479
5584	4.78268
5586	4.78202
5588	4.78263
5590	4.78237
5592	4.7819
5594	4.78363
5596	4.7849
5598	4.78374
5600	4.7834
5602	4.78299
5604	4.78233
5606	4.78385
5608	4.78373
5610	4.78093
5612	4.778
5614	4.77643
5616	4.77469
5618	4.77329
5620	4.77142
5622	4.76904
5624	4.76972
5626	4.76902
5628	4.76744
5630	4.76598
5632	4.7655
5634	4.76687
5636	4.76837
5638	4.76915
5640	4.77111
5642	4.77229
5644	4.77329
5646	4.7735
5648	4.77554
5650	4.77799
5652	4.77879
5654	4.77762
5656	4.77887
5658	4.7795
5660	4.78002
5662	4.78051
5664	4.77971
5666	4.78104
5668	4.78086
5670	4.78114
5672	4.78106
5674	4.78131
5676	4.78246
5678	4.78269
5680	4.78288
5682	4.78298
5684	4.7826
5686	4.78192
5688	4.78155
5690	4.78154
5692	4.78243
5694	4.78322
5696	4.7839
5698	4.78409
5700	4.78402
5702	4.78445
5704	4.78484
5706	4.78406
5708	4.78369
5710	4.78323
5712	4.7837
5714	4.78413
5716	4.78368
5718	4.78386
5720	4.78416
5722	4.78301
5724	4.78156
5726	4.78029
5728	4.78123
5730	4.78183
5732	4.78256
5734	4.78315
5736	4.78215
5738	4.78221
5740	4.78298
5742	4.78328
5744	4.78291
5746	4.78272
5748	4.78219
5750	4.78044
5752	4.78174
5754	4.78143
5756	4.78206
5758	4.78312
5760	4.78455
5762	4.78273
5764	4.78155
5766	4.78143
5768	4.78085
5770	4.78168
5772	4.78264
5774	4.78475
5776	4.78549
5778	4.7853
5780	4.78482
5782	4.78479
5784	4.7844
5786	4.78411
5788	4.78276
5790	4.78279
5792	4.78436
5794	4.78481
5796	4.78412
5798	4.7847
5800	4.78448
5802	4.78398
5804	4.78302
5806	4.78314
5808	4.78321
5810	4.78459
5812	4.78487
5814	4.78468
5816	4.78459
5818	4.78538
5820	4.78677
5822	4.78669
5824	4.78532
5826	4.78576
5828	4.7861
5830	4.78505
5832	4.78435
5834	4.78463
5836	4.78461
5838	4.78449
5840	4.78449
5842	4.78363
5844	4.78207
5846	4.78352
5848	4.78363
5850	4.78319
5852	4.78322
5854	4.78361
5856	4.7839
5858	4.78385
5860	4.78283
5862	4.78274
5864	4.78348
5866	4.78358
5868	4.78134
5870	4.78223
5872	4.78138
5874	4.7814
5876	4.7812
5878	4.78198
5880	4.78348
5882	4.78385
5884	4.78203
5886	4.77887
5888	4.77792
5890	4.77579
5892	4.77276
5894	4.77136
5896	4.77189
5898	4.77264
5900	4.77193
5902	4.77091
5904	4.77032
5906	4.769
5908	4.76693
5910	4.76674
5912	4.7681
5914	4.76995
5916	4.77197
5918	4.77336
5920	4.77455
5922	4.77543
5924	4.77597
5926	4.77616
5928	4.77752
5930	4.77857
5932	4.77902
5934	4.78076
5936	4.78042
5938	4.77939
5940	4.77981
5942	4.78077
5944	4.78078
5946	4.78049
5948	4.78064
5950	4.78107
5952	4.78199
5954	4.78319
5956	4.78287
5958	4.78226
5960	4.78187
5962	4.78267
5964	4.78314
5966	4.7823
5968	4.7827
5970	4.78198
5972	4.78221
5974	4.78351
5976	4.78402
5978	4.78414
5980	4.7831
5982	4.78367
5984	4.78388
5986	4.78425
5988	4.78292
5990	4.7826
5992	4.78408
5994	4.7843
5996	4.78422
5998	4.78403
6000	4.7846
6002	4.78388
6004	4.78451
6006	4.78527
6008	4.78466
6010	4.78357
6012	4.78142
6014	4.7809
6016	4.78051
6018	4.78078
6020	4.78034
6022	4.78099
6024	4.78266
6026	4.78372
6028	4.78306
6030	4.78217
6032	4.78163
6034	4.78201
6036	4.78215
6038	4.78196
6040	4.78199
6042	4.78254
6044	4.7827
6046	4.78255
6048	4.78402
6050	4.78397
6052	4.78286
6054	4.78143
6056	4.78263
6058	4.78412
6060	4.78499
6062	4.78488
6064	4.78379
6066	4.7836
6068	4.78383
6070	4.78266
6072	4.78124
6074	4.78181
6076	4.78369
6078	4.78514
6080	4.78467
6082	4.78409
6084	4.78463
6086	4.78439
6088	4.78482
6090	4.7844
6092	4.78467
6094	4.78478
6096	4.78416
6098	4.78531
6100	4.78507
6102	4.78478
6104	4.7841
6106	4.7851
6108	4.78487
6110	4.78449
6112	4.78412
6114	4.78186
6116	4.78299
6118	4.78408
6120	4.78378
6122	4.7842
6124	4.7854
6126	4.78644
6128	4.78637
6130	4.78578
6132	4.78386
6134	4.78467
6136	4.78446
6138	4.7835
6140	4.78335
6142	4.78358
6144	4.78296
6146	4.78373
6148	4.78427
6150	4.785
6152	4.78389
6154	4.78374
6156	4.78446
6158	4.78488
6160	4.78269
6162	4.77865
6164	4.77639
6166	4.77549
6168	4.77385
6170	4.7711
6172	4.77004
6174	4.77119
6176	4.77105
6178	4.76929
6180	4.76925
6182	4.76992
6184	4.76942
6186	4.76861
6188	4.76759
6190	4.76931
6192	4.77009
6194	4.77119
6196	4.77154
6198	4.77174
6200	4.77167
6202	4.77263
6204	4.7735
6206	4.77564
6208	4.77521
6210	4.77701
6212	4.77961
6214	4.7792
6216	4.77963
6218	4.77998
6220	4.78075
6222	4.78115
6224	4.78111
6226	4.78274
6228	4.78292
6230	4.78307
6232	4.78335
6234	4.78273
6236	4.78241
6238	4.78398
6240	4.78356
6242	4.78365
6244	4.78329
6246	4.78347
6248	4.7822
6250	4.78174
6252	4.78151
6254	4.78217
6256	4.78109
6258	4.77998
6260	4.78044
6262	4.7813
6264	4.78106
6266	4.7804
6268	4.7799
6270	4.78037
6272	4.7809
6274	4.78167
6276	4.78312
6278	4.78454
6280	4.78327
6282	4.78235
6284	4.78068
6286	4.77998
6288	4.78112
6290	4.7816
6292	4.78127
6294	4.78088
6296	4.78198
6298	4.78148
6300	4.78276
6302	4.78271
6304	4.78226
6306	4.78395
6308	4.78374
6310	4.78277
6312	4.78277
6314	4.78158
6316	4.78109
6318	4.78223
6320	4.78245
6322	4.78097
6324	4.78139
6326	4.78118
6328	4.78155
6330	4.78181
6332	4.7818
6334	4.78081
6336	4.78101
6338	4.78249
6340	4.78412
6342	4.78529
6344	4.78509
6346	4.78499
6348	4.78606
6350	4.7864
6352	4.78606
6354	4.78531
6356	4.78556
6358	4.78526
6360	4.7847
6362	4.78511
6364	4.78465
6366	4.78439
6368	4.78447
6370	4.78332
6372	4.7821
6374	4.78154
6376	4.78077
6378	4.78103
6380	4.78172
6382	4.78236
6384	4.78173
6386	4.78153
6388	4.7824
6390	4.78322
6392	4.7849
6394	4.78555
6396	4.78387
6398	4.7838
6400	4.78352
6402	4.78331
6404	4.78145
6406	4.78113
6408	4.78239
6410	4.7835
6412	4.78545
6414	4.78503
6416	4.78401
6418	4.78273
6420	4.78076
6422	4.78011
6424	4.78203
6426	4.78274
6428	4.78329
6430	4.78244
6432	4.78407
6434	4.7853
6436	4.78472
6438	4.78179
6440	4.77998
6442	4.77866
6444	4.77651
6446	4.77461
6448	4.77405
6450	4.77318
6452	4.77119
6454	4.76934
6456	4.76844
6458	4.76759
6460	4.76675
6462	4.76705
6464	4.76558
6466	4.76668
6468	4.76777
6470	4.77074
6472	4.77207
6474	4.77307
6476	4.77437
6478	4.77493
6480	4.77654
6482	4.7774
6484	4.77789
6486	4.77863
6488	4.77773
6490	4.77766
6492	4.77814
6494	4.77776
6496	4.77908
6498	4.77982
6500	4.77922
6502	4.77973
6504	4.78057
6506	4.78021
6508	4.78097
6510	4.78144
6512	4.78197
6514	4.78127
6516	4.78119
6518	4.78177
6520	4.78317
6522	4.78249
6524	4.78172
6526	4.78057
6528	4.78019
6530	4.77991
6532	4.77997
6534	4.78057
6536	4.77997
6538	4.78047
6540	4.77989
6542	4.77935
6544	4.77919
6546	4.77945
6548	4.78041
6550	4.78101
6552	4.78147
6554	4.78185
6556	4.78142
6558	4.78164
6560	4.78207
6562	4.78323
6564	4.78291
6566	4.78354
6568	4.78438
6570	4.78444
6572	4.78435
6574	4.78327
6576	4.78287
6578	4.78261
6580	4.78209
6582	4.78092
6584	4.77931
6586	4.77971
6588	4.7808
6590	4.78128
6592	4.78166
6594	4.78095
6596	4.78092
6598	4.78063
6600	4.78018
6602	4.78112
6604	4.78279
6606	4.78411
6608	4.78352
6610	4.78199
6612	4.78207
6614	4.7818
6616	4.78257
6618	4.78199
6620	4.7831
6622	4.78369
6624	4.78311
6626	4.78245
6628	4.78214
6630	4.78134
6632	4.7801
6634	4.78038
6636	4.78046
6638	4.78037
6640	4.78013
6642	4.78009
6644	4.77978
6646	4.78125
6648	4.78261
6650	4.78364
6652	4.78225
6654	4.78207
6656	4.78175
6658	4.78215
6660	4.78242
6662	4.78224
6664	4.78054
6666	4.77963
6668	4.78063
6670	4.78211
6672	4.78248
6674	4.78336
6676	4.78362
6678	4.7835
6680	4.78465
6682	4.78386
6684	4.78144
6686	4.78156
6688	4.78191
6690	4.78162
6692	4.78138
6694	4.78154
6696	4.78186
6698	4.78209
6700	4.78049
6702	4.78053
6704	4.78081
6706	4.78022
