time	cp
2	4.7386
4	4.73862
6	4.73743
8	4.73752
10	4.73605
12	4.73544
14	4.73543
16	4.7349
18	4.73448
20	4.73568
22	4.73449
24	4.73368
26	4.73551
28	4.73617
30	4.73587
32	4.73592
34	4.73676
36	4.73491
38	4.7338
40	4.73213
42	4.73247
44	4.73293
46	4.7333
48	4.73148
50	4.731
52	4.73208
54	4.73383
56	4.73299
58	4.73144
60	4.73117
62	4.73334
64	4.73279
66	4.7299
68	4.71803
70	4.69205
72	4.67352
74	4.66841
76	4.67033
78	4.67611
80	4.68164
82	4.68496
84	4.68871
86	4.6922
88	4.69492
90	4.69903
92	4.70357
94	4.70598
96	4.70792
98	4.71044
100	4.71109
102	4.71432
104	4.71749
106	4.71826
108	4.72041
110	4.72139
112	4.72074
114	4.72164
116	4.72437
118	4.72369
120	4.72286
122	4.72373
124	4.72487
126	4.72396
128	4.72254
130	4.72359
132	4.72398
134	4.7234
136	4.72379
138	4.7253
140	4.7269
142	4.72619
144	4.7251
146	4.72461
148	4.72393
150	4.72472
152	4.72508
154	4.72435
156	4.72384
158	4.72429
160	4.72506
162	4.72529
164	4.72656
166	4.72578
168	4.72373
170	4.72405
172	4.72418
174	4.72436
176	4.72356
178	4.72299
180	4.72433
182	4.72381
184	4.72325
186	4.72319
188	4.72335
190	4.72252
192	4.72362
194	4.72452
196	4.72425
198	4.72352
200	4.72344
202	4.72306
204	4.7217
206	4.72114
208	4.72275
210	4.72351
212	4.72428
214	4.72384
216	4.7241
218	4.72261
220	4.72272
222	4.72357
224	4.72353
226	4.72362
228	4.72313
230	4.72194
232	4.72207
234	4.72278
236	4.72163
238	4.72199
240	4.72173
242	4.72039
244	4.72051
246	4.72118
248	4.71981
250	4.71869
252	4.71862
254	4.72037
256	4.7208
258	4.72143
260	4.7201
262	4.71908
264	4.71854
266	4.72005
268	4.72
270	4.71972
272	4.71907
274	4.71973
276	4.71992
278	4.72013
280	4.7203
282	4.72098
284	4.72062
286	4.72002
288	4.71893
290	4.7182
292	4.71666
294	4.71625
296	4.71631
298	4.71773
300	4.7176
302	4.71876
304	4.71783
306	4.7167
308	4.71637
310	4.71542
312	4.7143
314	4.71518
316	4.71618
318	4.71618
320	4.71675
322	4.71793
324	4.71735
326	4.71661
328	4.71586
330	4.71516
332	4.71439
334	4.71425
336	4.71275
338	4.71273
340	4.71261
342	4.71214
344	4.71266
346	4.71358
348	4.71256
350	4.71268
352	4.71339
354	4.71405
356	4.71389
358	4.7139
360	4.71438
362	4.71052
364	4.68515
366	4.64437
368	4.60007
370	4.56022
372	4.52345
374	4.48919
376	4.45983
378	4.43138
380	4.40735
382	4.38703
384	4.36947
386	4.35295
388	4.34139
390	4.33504
392	4.34486
394	4.37241
396	4.40655
398	4.44186
400	4.47405
402	4.502
404	4.52734
406	4.55188
408	4.57309
410	4.591
412	4.60625
414	4.6198
416	4.62972
418	4.63973
420	4.6482
422	4.65516
424	4.66302
426	4.66839
428	4.6718
430	4.67748
432	4.68029
434	4.68212
436	4.68448
438	4.68685
440	4.6899
442	4.69215
444	4.69328
446	4.69447
448	4.6948
450	4.69678
452	4.69874
454	4.69792
456	4.69865
458	4.69963
460	4.69953
462	4.69949
464	4.69977
466	4.70151
468	4.70492
470	4.70548
472	4.70508
474	4.70519
476	4.70541
478	4.70736
480	4.70544
482	4.70499
484	4.70514
486	4.70463
488	4.70464
490	4.70424
492	4.70396
494	4.70383
496	4.70391
498	4.70568
500	4.70667
502	4.70646
504	4.70604
506	4.70768
508	4.70943
510	4.71056
512	4.70796
514	4.70679
516	4.70629
518	4.70604
520	4.70685
522	4.70876
524	4.70868
526	4.70722
528	4.70877
530	4.70841
532	4.70728
534	4.70668
536	4.70534
538	4.70504
540	4.70559
542	4.70657
544	4.70742
546	4.70668
548	4.7055
550	4.70603
552	4.70534
554	4.70542
556	4.70457
558	4.70375
560	4.70559
562	4.70603
564	4.70623
566	4.70693
568	4.70787
570	4.70788
572	4.70671
574	4.7064
576	4.70658
578	4.70583
580	4.70647
582	4.70746
584	4.707
586	4.70765
588	4.70819
590	4.70773
592	4.7071
594	4.70659
596	4.70608
598	4.70462
600	4.70328
602	4.7033
604	4.70298
606	4.70326
608	4.70257
610	4.70176
612	4.7013
614	4.69997
616	4.70159
618	4.70485
620	4.70541
622	4.704
624	4.70352
626	4.70526
628	4.7053
630	4.70439
632	4.70452
634	4.70433
636	4.704
638	4.69987
640	4.6755
642	4.63559
644	4.59181
646	4.54879
648	4.5093
650	4.476
652	4.44524
654	4.41889
656	4.39736
658	4.37735
660	4.36032
662	4.34473
664	4.3328
666	4.32368
668	4.33114
670	4.35618
672	4.38942
674	4.42302
676	4.4565
678	4.48709
680	4.51317
682	4.53786
684	4.55975
686	4.57784
688	4.59344
690	4.60837
692	4.62183
694	4.63037
696	4.63799
698	4.64473
700	4.65208
702	4.657
704	4.66244
706	4.66723
708	4.67212
710	4.67496
712	4.67649
714	4.67762
716	4.67896
718	4.68202
720	4.68425
722	4.68642
724	4.68826
726	4.68965
728	4.69025
730	4.68983
732	4.68975
734	4.69012
736	4.69022
738	4.69191
740	4.69399
742	4.69525
744	4.69503
746	4.69443
748	4.69513
750	4.69418
752	4.69498
754	4.69662
756	4.69712
758	4.69746
760	4.69886
762	4.69931
764	4.69803
766	4.69769
768	4.69749
770	4.6987
772	4.69776
774	4.69747
776	4.69894
778	4.70003
780	4.70002
782	4.70124
784	4.70166
786	4.70022
788	4.69822
790	4.69862
792	4.69862
794	4.69925
796	4.69969
798	4.69894
800	4.69887
802	4.69889
804	4.69903
806	4.69886
808	4.69925
810	4.69998
812	4.69937
814	4.69857
816	4.6982
818	4.69839
820	4.69834
822	4.69869
824	4.69742
826	4.69643
828	4.69767
830	4.69879
832	4.69856
834	4.69811
836	4.69836
838	4.69862
840	4.69774
842	4.69675
844	4.69661
846	4.69656
848	4.69641
850	4.69681
852	4.69835
854	4.6991
856	4.70021
858	4.69966
860	4.69943
862	4.69889
864	4.6973
866	4.69785
868	4.69782
870	4.69764
872	4.69749
874	4.69638
876	4.69638
878	4.69698
880	4.69704
882	4.69692
884	4.69562
886	4.6967
888	4.69841
890	4.69879
892	4.69771
894	4.69739
896	4.69652
898	4.69655
900	4.69703
902	4.69756
904	4.69764
906	4.69686
908	4.69641
910	4.69658
912	4.69656
914	4.69396
916	4.67132
918	4.63247
920	4.58992
922	4.54908
924	4.5091
926	4.47297
928	4.44231
930	4.41438
932	4.39103
934	4.37064
936	4.35415
938	4.34066
940	4.32799
942	4.31794
944	4.32515
946	4.35296
948	4.38728
950	4.42093
952	4.45324
954	4.48217
956	4.50945
958	4.5338
960	4.55421
962	4.57191
964	4.5879
966	4.60257
968	4.61487
970	4.6222
972	4.63058
974	4.64021
976	4.64797
978	4.6541
980	4.65904
982	4.66214
984	4.66511
986	4.66661
988	4.66968
990	4.67215
992	4.67367
994	4.67608
996	4.67717
998	4.67995
1000	4.68067
1002	4.68191
1004	4.68393
1006	4.68614
1008	4.68878
1010	4.69032
1012	4.68883
1014	4.68727
1016	4.68705
1018	4.68803
1020	4.68887
1022	4.68903
1024	4.69035
1026	4.69191
1028	4.69158
1030	4.69159
1032	4.69136
1034	4.69137
1036	4.69008
1038	4.68889
1040	4.68961
1042	4.69076
1044	4.69226
1046	4.69178
1048	4.69168
1050	4.69167
1052	4.69143
1054	4.69236
1056	4.69308
1058	4.6932
1060	4.69199
1062	4.69132
1064	4.6913
1066	4.69112
1068	4.69116
1070	4.69081
1072	4.69111
1074	4.69148
1076	4.69129
1078	4.69242
1080	4.69266
1082	4.69181
1084	4.69236
1086	4.69243
1088	4.69388
1090	4.69423
1092	4.69466
1094	4.69602
1096	4.69607
1098	4.69552
1100	4.69582
1102	4.69451
1104	4.6926
1106	4.69192
1108	4.69187
1110	4.69345
1112	4.69281
1114	4.69065
1116	4.69036
1118	4.69069
1120	4.69191
1122	4.69338
1124	4.69339
1126	4.69313
1128	4.69348
1130	4.69385
1132	4.69395
1134	4.69442
1136	4.69462
1138	4.69368
1140	4.69167
1142	4.69187
1144	4.69259
1146	4.69144
1148	4.69068
1150	4.69187
1152	4.69322
1154	4.69392
1156	4.69391
1158	4.69554
1160	4.69594
1162	4.69524
1164	4.69567
1166	4.69435
1168	4.69377
1170	4.69274
1172	4.69233
1174	4.69267
1176	4.69231
1178	4.69213
1180	4.69304
1182	4.69372
1184	4.6932
1186	4.69282
1188	4.69163
1190	4.68732
1192	4.6659
1194	4.62847
1196	4.58585
1198	4.54441
1200	4.50508
1202	4.47065
1204	4.44167
1206	4.41652
1208	4.39363
1210	4.37317
1212	4.35405
1214	4.33782
1216	4.32451
1218	4.31621
1220	4.32083
1222	4.3431
1224	4.37432
1226	4.40938
1228	4.44329
1230	4.47336
1232	4.50092
1234	4.52449
1236	4.54521
1238	4.56407
1240	4.58083
1242	4.59473
1244	4.60775
1246	4.61791
1248	4.62666
1250	4.6352
1252	4.64242
1254	4.64646
1256	4.64983
1258	4.6537
1260	4.65588
1262	4.6592
1264	4.66265
1266	4.66414
1268	4.66488
1270	4.6656
1272	4.66752
1274	4.66993
1276	4.67157
1278	4.6747
1280	4.67837
1282	4.67916
1284	4.67919
1286	4.68031
1288	4.68268
1290	4.68333
1292	4.68388
1294	4.68357
1296	4.68333
1298	4.68529
1300	4.68863
1302	4.68859
1304	4.68798
1306	4.68754
1308	4.68668
1310	4.68823
1312	4.68888
1314	4.68895
1316	4.68899
1318	4.68862
1320	4.68701
1322	4.68614
1324	4.68593
1326	4.68606
1328	4.68661
1330	4.68762
1332	4.68864
1334	4.68978
1336	4.69011
1338	4.68902
1340	4.68776
1342	4.68796
1344	4.68858
1346	4.68842
1348	4.68831
1350	4.68694
1352	4.68607
1354	4.68502
1356	4.68599
1358	4.68642
1360	4.68724
1362	4.68844
1364	4.68933
1366	4.68937
1368	4.68801
1370	4.68787
1372	4.6879
1374	4.68817
1376	4.68815
1378	4.68811
1380	4.68923
1382	4.68876
1384	4.68781
1386	4.68881
1388	4.68901
1390	4.68911
1392	4.69008
1394	4.68981
1396	4.68876
1398	4.68734
1400	4.68799
1402	4.6895
1404	4.68959
1406	4.68884
1408	4.68814
1410	4.68682
1412	4.68692
1414	4.68705
1416	4.68579
1418	4.68616
1420	4.68674
1422	4.6863
1424	4.68566
1426	4.68647
1428	4.68811
1430	4.68827
1432	4.68655
1434	4.6867
1436	4.68645
1438	4.68671
1440	4.68743
1442	4.68691
1444	4.68855
1446	4.69013
1448	4.69112
1450	4.69026
1452	4.68867
1454	4.68903
1456	4.68856
1458	4.68918
1460	4.69012
1462	4.68774
1464	4.68647
1466	4.68274
1468	4.6634
1470	4.62606
1472	4.5858
1474	4.54527
1476	4.50686
1478	4.47081
1480	4.44108
1482	4.41456
1484	4.38812
1486	4.36745
1488	4.35057
1490	4.33584
1492	4.32174
1494	4.31045
1496	4.3146
1498	4.33744
1500	4.36862
1502	4.40265
1504	4.43563
1506	4.4646
1508	4.49294
1510	4.51832
1512	4.54141
1514	4.56229
1516	4.57896
1518	4.59411
1520	4.6066
1522	4.61754
1524	4.62514
1526	4.63136
1528	4.63695
1530	4.64155
1532	4.64522
1534	4.64885
1536	4.65434
1538	4.6601
1540	4.66277
1542	4.664
1544	4.66548
1546	4.66822
1548	4.67044
1550	4.6714
1552	4.67044
1554	4.67215
1556	4.67385
1558	4.67368
1560	4.67393
1562	4.67487
1564	4.67432
1566	4.67575
1568	4.67769
1570	4.67858
1572	4.67946
1574	4.68058
1576	4.68119
1578	4.68149
1580	4.68017
1582	4.68177
1584	4.68274
1586	4.6829
1588	4.68179
1590	4.68281
1592	4.68419
1594	4.68508
1596	4.68348
1598	4.68171
1600	4.68183
1602	4.68195
1604	4.68233
1606	4.68485
1608	4.68513
1610	4.68351
1612	4.68419
1614	4.68619
1616	4.68553
1618	4.68393
1620	4.68291
1622	4.6832
1624	4.68369
1626	4.6842
1628	4.68542
1630	4.68625
1632	4.68701
1634	4.68728
1636	4.68764
1638	4.68585
1640	4.68368
1642	4.68322
1644	4.68452
1646	4.68456
1648	4.68453
1650	4.68386
1652	4.68529
1654	4.68518
1656	4.68527
1658	4.68724
1660	4.68625
1662	4.68635
1664	4.68625
1666	4.68419
1668	4.68435
1670	4.68377
1672	4.68412
1674	4.68334
1676	4.68361
1678	4.684
1680	4.68439
1682	4.68529
1684	4.68413
1686	4.68396
1688	4.68514
1690	4.68556
1692	4.6852
1694	4.68363
1696	4.68352
1698	4.6843
1700	4.6841
1702	4.68238
1704	4.68223
1706	4.68265
1708	4.6837
1710	4.68555
1712	4.68622
1714	4.68491
1716	4.68488
1718	4.68568
1720	4.68482
1722	4.68226
1724	4.68197
1726	4.68267
1728	4.68343
1730	4.68362
1732	4.68358
1734	4.68414
1736	4.68386
1738	4.68319
1740	4.68379
1742	4.68215
1744	4.66261
1746	4.62574
1748	4.58667
1750	4.54704
1752	4.50896
1754	4.47381
1756	4.44353
1758	4.4162
1760	4.39148
1762	4.36979
1764	4.35336
1766	4.33859
1768	4.32407
1770	4.31238
1772	4.31515
1774	4.33796
1776	4.36924
1778	4.40198
1780	4.4331
1782	4.46448
1784	4.49228
1786	4.5165
1788	4.53847
1790	4.55787
1792	4.57432
1794	4.58846
1796	4.59983
1798	4.60844
1800	4.61569
1802	4.62489
1804	4.63357
1806	4.63895
1808	4.64254
1810	4.64633
1812	4.65133
1814	4.65644
1816	4.6579
1818	4.66082
1820	4.66381
1822	4.66651
1824	4.66768
1826	4.66917
1828	4.6709
1830	4.67165
1832	4.67291
1834	4.67349
1836	4.67498
1838	4.67483
1840	4.67619
1842	4.6782
1844	4.67731
1846	4.67757
1848	4.67856
1850	4.67741
1852	4.67691
1854	4.67852
1856	4.6794
1858	4.68077
1860	4.68266
1862	4.68224
1864	4.68061
1866	4.68039
1868	4.68142
1870	4.68022
1872	4.68094
1874	4.68065
1876	4.68032
1878	4.67932
1880	4.67972
1882	4.68071
1884	4.68117
1886	4.68187
1888	4.6812
1890	4.682
1892	4.68239
1894	4.68464
1896	4.68633
1898	4.68681
1900	4.68641
1902	4.68503
1904	4.68485
1906	4.68429
1908	4.68486
1910	4.68481
1912	4.68455
1914	4.68522
1916	4.68586
1918	4.68501
1920	4.6829
1922	4.68275
1924	4.68467
1926	4.68449
1928	4.68348
1930	4.68361
1932	4.68328
1934	4.68492
1936	4.68603
1938	4.68557
1940	4.68504
1942	4.68576
1944	4.68579
1946	4.68367
1948	4.68401
1950	4.68445
1952	4.68437
1954	4.68524
1956	4.68441
1958	4.68347
1960	4.68427
1962	4.68515
1964	4.68549
1966	4.68372
1968	4.6826
1970	4.68215
1972	4.68142
1974	4.68117
1976	4.6828
1978	4.68385
1980	4.68316
1982	4.68367
1984	4.68517
1986	4.68501
1988	4.6837
1990	4.68457
1992	4.68508
1994	4.68475
1996	4.68281
1998	4.68263
2000	4.68427
2002	4.68451
2004	4.68495
2006	4.68485
2008	4.68392
2010	4.68425
2012	4.68416
2014	4.68321
2016	4.68458
2018	4.68373
2020	4.66321
2022	4.62735
2024	4.58755
2026	4.54762
2028	4.50959
2030	4.4759
2032	4.44542
2034	4.41995
2036	4.39708
2038	4.379
2040	4.36005
2042	4.34225
2044	4.32768
2046	4.31789
2048	4.31772
2050	4.335
2052	4.36391
2054	4.39611
2056	4.42905
2058	4.45866
2060	4.4849
2062	4.50922
2064	4.5326
2066	4.55274
2068	4.56995
2070	4.58432
2072	4.5968
2074	4.60768
2076	4.61594
2078	4.6244
2080	4.63146
2082	4.63824
2084	4.6441
2086	4.64766
2088	4.65138
2090	4.65477
2092	4.6582
2094	4.66109
2096	4.66209
2098	4.66334
2100	4.66603
2102	4.66587
2104	4.66561
2106	4.66745
2108	4.67059
2110	4.67315
2112	4.67383
2114	4.67297
2116	4.67345
2118	4.67582
2120	4.6768
2122	4.6777
2124	4.6774
2126	4.67678
2128	4.6775
2130	4.67951
2132	4.6816
2134	4.68215
2136	4.68138
2138	4.67949
2140	4.67998
2142	4.68046
2144	4.68285
2146	4.68197
2148	4.68169
2150	4.68229
2152	4.68245
2154	4.68292
2156	4.68359
2158	4.68258
2160	4.6809
2162	4.68097
2164	4.68276
2166	4.68275
2168	4.68417
2170	4.68278
2172	4.68126
2174	4.6825
2176	4.68105
2178	4.68065
2180	4.68279
2182	4.6822
2184	4.68159
2186	4.68099
2188	4.68232
2190	4.68239
2192	4.68301
2194	4.68285
2196	4.68154
2198	4.6807
2200	4.68078
2202	4.68074
2204	4.68065
2206	4.68135
2208	4.68305
2210	4.68403
2212	4.68489
2214	4.68269
2216	4.68076
2218	4.6807
2220	4.68087
2222	4.68149
2224	4.68319
2226	4.68321
2228	4.68272
2230	4.68157
2232	4.68079
2234	4.68246
2236	4.68411
2238	4.68466
2240	4.68386
2242	4.68386
2244	4.68338
2246	4.68136
2248	4.68067
2250	4.68172
2252	4.68225
2254	4.68141
2256	4.6813
2258	4.6823
2260	4.68321
2262	4.68427
2264	4.6854
2266	4.68493
2268	4.68242
2270	4.67999
2272	4.68067
2274	4.68251
2276	4.68215
2278	4.68172
2280	4.68085
2282	4.67955
2284	4.68139
2286	4.68421
2288	4.68587
2290	4.68505
2292	4.68373
2294	4.68031
2296	4.66663
2298	4.63381
2300	4.59485
2302	4.55641
2304	4.52072
2306	4.48836
2308	4.45679
2310	4.42887
2312	4.40592
2314	4.38663
2316	4.37013
2318	4.35429
2320	4.34083
2322	4.3298
2324	4.32811
2326	4.34356
2328	4.36532
2330	4.3918
2332	4.42198
2334	4.45269
2336	4.47902
2338	4.50441
2340	4.52718
2342	4.54757
2344	4.56533
2346	4.58054
2348	4.59173
2350	4.60373
2352	4.61346
2354	4.6207
2356	4.62791
2358	4.63452
2360	4.63957
2362	4.64182
2364	4.64654
2366	4.65106
2368	4.65272
2370	4.65468
2372	4.65697
2374	4.66106
2376	4.66295
2378	4.66343
2380	4.66429
2382	4.66664
2384	4.66741
2386	4.66888
2388	4.66987
2390	4.66999
2392	4.67087
2394	4.67138
2396	4.67206
2398	4.67288
2400	4.67273
2402	4.67406
2404	4.67557
2406	4.67568
2408	4.67654
2410	4.67778
2412	4.67798
2414	4.6781
2416	4.67828
2418	4.67835
2420	4.67728
2422	4.67777
2424	4.67815
2426	4.68055
2428	4.68024
2430	4.68174
2432	4.68076
2434	4.67983
2436	4.68075
2438	4.68138
2440	4.68139
2442	4.68132
2444	4.6816
2446	4.68228
2448	4.68183
2450	4.68097
2452	4.67945
2454	4.67982
2456	4.68052
2458	4.68095
2460	4.68102
2462	4.68148
2464	4.68152
2466	4.68262
2468	4.68297
2470	4.68205
2472	4.68088
2474	4.6799
2476	4.68022
2478	4.67986
2480	4.68029
2482	4.68112
2484	4.68077
2486	4.68096
2488	4.6809
2490	4.67967
2492	4.68181
2494	4.6846
2496	4.68447
2498	4.68445
2500	4.68402
2502	4.68135
2504	4.67988
2506	4.68043
2508	4.67992
2510	4.67922
2512	4.67821
2514	4.68032
2516	4.68159
2518	4.68314
2520	4.68276
2522	4.68282
2524	4.68218
2526	4.6808
2528	4.68205
2530	4.68098
2532	4.6806
2534	4.68066
2536	4.67955
2538	4.67981
2540	4.68193
2542	4.68248
2544	4.68222
2546	4.68301
2548	4.68548
2550	4.6877
2552	4.68772
2554	4.68488
2556	4.68313
2558	4.68292
2560	4.68471
2562	4.68564
2564	4.68548
2566	4.68562
2568	4.68507
2570	4.68083
2572	4.66518
2574	4.6338
2576	4.59772
2578	4.562
2580	4.52813
2582	4.49714
2584	4.46873
2586	4.4422
2588	4.41863
2590	4.3995
2592	4.3872
2594	4.37456
2596	4.36349
2598	4.35323
2600	4.34928
2602	4.36016
2604	4.38108
2606	4.40532
2608	4.43092
2610	4.45623
2612	4.48132
2614	4.50372
2616	4.52304
2618	4.54051
2620	4.55731
2622	4.5734
2624	4.588
2626	4.59993
2628	4.61
2630	4.61886
2632	4.62579
2634	4.63098
2636	4.63573
2638	4.63948
2640	4.64318
2642	4.64621
2644	4.6515
2646	4.65667
2648	4.65909
2650	4.66182
2652	4.6637
2654	4.66407
2656	4.66525
2658	4.66578
2660	4.66704
2662	4.66945
2664	4.67193
2666	4.67261
2668	4.67359
2670	4.67525
2672	4.67656
2674	4.67496
2676	4.67339
2678	4.67371
2680	4.67454
2682	4.67511
2684	4.67603
2686	4.67628
2688	4.67583
2690	4.67744
2692	4.67772
2694	4.67847
2696	4.6794
2698	4.68046
2700	4.6804
2702	4.68134
2704	4.6806
2706	4.67965
2708	4.68182
2710	4.68192
2712	4.68084
2714	4.68096
2716	4.6826
2718	4.68251
2720	4.68088
2722	4.6792
2724	4.6784
2726	4.67929
2728	4.6803
2730	4.6796
2732	4.67984
2734	4.68049
2736	4.68187
2738	4.68287
2740	4.68179
2742	4.68201
2744	4.68296
2746	4.68146
2748	4.68067
2750	4.67994
2752	4.68134
2754	4.68257
2756	4.68335
2758	4.68182
2760	4.68048
2762	4.67999
2764	4.68083
2766	4.68244
2768	4.68212
2770	4.68251
2772	4.68336
2774	4.68359
2776	4.68476
2778	4.68642
2780	4.68557
2782	4.6849
2784	4.6833
2786	4.68284
2788	4.68346
2790	4.68431
2792	4.68357
2794	4.6822
2796	4.68101
2798	4.6817
2800	4.6809
2802	4.68065
2804	4.68027
2806	4.68068
2808	4.68314
2810	4.68344
2812	4.68319
2814	4.68181
2816	4.681
2818	4.68117
2820	4.68351
2822	4.68342
2824	4.68251
2826	4.68199
2828	4.6823
2830	4.6819
2832	4.68149
2834	4.68177
2836	4.68185
2838	4.6821
2840	4.68358
2842	4.68169
2844	4.68176
2846	4.67996
2848	4.66772
2850	4.64027
2852	4.60874
2854	4.57703
2856	4.54574
2858	4.51763
2860	4.49228
2862	4.46961
2864	4.45011
2866	4.43278
2868	4.41713
2870	4.40667
2872	4.39642
2874	4.3886
2876	4.38865
2878	4.39725
2880	4.41073
2882	4.42639
2884	4.4461
2886	4.46666
2888	4.4847
2890	4.50348
2892	4.52277
2894	4.54109
2896	4.55614
2898	4.56839
2900	4.58029
2902	4.59212
2904	4.60102
2906	4.60739
2908	4.61423
2910	4.61958
2912	4.62548
2914	4.62988
2916	4.63618
2918	4.64322
2920	4.64725
2922	4.65081
2924	4.65498
2926	4.65808
2928	4.65877
2930	4.65953
2932	4.66111
2934	4.66273
2936	4.66534
2938	4.66889
2940	4.66977
2942	4.66878
2944	4.6694
2946	4.67009
2948	4.67004
2950	4.6709
2952	4.67323
2954	4.67359
2956	4.67347
2958	4.67424
2960	4.67587
2962	4.67663
2964	4.67557
2966	4.67655
2968	4.67875
2970	4.67893
2972	4.67929
2974	4.67992
2976	4.68007
2978	4.67875
2980	4.6778
2982	4.67821
2984	4.67772
2986	4.67922
2988	4.67992
2990	4.68171
2992	4.68198
2994	4.67976
2996	4.67787
2998	4.67774
3000	4.67992
3002	4.68117
3004	4.6819
3006	4.68122
3008	4.67946
3010	4.68016
3012	4.68225
3014	4.68278
3016	4.68323
3018	4.68231
3020	4.68174
3022	4.68215
3024	4.68244
3026	4.68441
3028	4.68459
3030	4.68333
3032	4.68225
3034	4.68086
3036	4.6809
3038	4.68347
3040	4.68519
3042	4.68561
3044	4.68597
3046	4.68482
3048	4.68377
3050	4.68229
3052	4.68196
3054	4.68176
3056	4.6817
3058	4.68366
3060	4.6837
3062	4.68319
3064	4.68318
3066	4.68259
3068	4.68203
3070	4.68099
3072	4.68006
3074	4.68072
3076	4.68233
3078	4.68093
3080	4.68045
3082	4.68107
3084	4.68071
3086	4.68196
3088	4.6825
3090	4.68376
3092	4.68383
3094	4.68338
3096	4.68507
3098	4.68621
3100	4.68595
3102	4.68617
3104	4.68464
3106	4.68585
3108	4.68656
3110	4.68604
3112	4.68501
3114	4.68507
3116	4.68715
3118	4.68673
3120	4.6839
3122	4.68403
3124	4.67716
3126	4.65982
3128	4.63338
3130	4.60356
3132	4.57574
3134	4.55316
3136	4.53081
3138	4.51165
3140	4.49779
3142	4.48632
3144	4.47633
3146	4.4672
3148	4.46201
3150	4.4601
3152	4.45903
3154	4.46287
3156	4.47007
3158	4.48112
3160	4.49271
3162	4.50376
3164	4.51634
3166	4.52828
3168	4.54282
3170	4.55477
3172	4.56455
3174	4.57481
3176	4.58356
3178	4.5918
3180	4.60013
3182	4.60615
3184	4.61078
3186	4.61475
3188	4.62007
3190	4.62537
3192	4.6282
3194	4.63307
3196	4.63844
3198	4.6429
3200	4.64576
3202	4.64797
3204	4.65188
3206	4.65566
3208	4.65837
3210	4.66085
3212	4.66259
3214	4.66382
3216	4.66473
3218	4.66551
3220	4.66577
3222	4.66807
3224	4.67007
3226	4.66974
3228	4.67131
3230	4.67225
3232	4.67278
3234	4.67379
3236	4.6731
3238	4.6741
3240	4.67468
3242	4.6763
3244	4.67728
3246	4.67648
3248	4.67762
3250	4.67878
3252	4.67782
3254	4.67947
3256	4.68147
3258	4.68022
3260	4.67909
3262	4.68051
3264	4.68092
3266	4.67963
3268	4.67983
3270	4.68065
3272	4.68166
3274	4.68066
3276	4.67916
3278	4.68194
3280	4.68356
3282	4.68329
3284	4.68152
3286	4.68192
3288	4.68251
3290	4.68247
3292	4.68242
3294	4.6815
3296	4.68265
3298	4.68234
3300	4.68041
3302	4.67923
3304	4.67962
3306	4.68024
3308	4.68105
3310	4.68207
3312	4.68343
3314	4.6851
3316	4.68513
3318	4.6837
3320	4.6839
3322	4.68464
3324	4.68457
3326	4.68234
3328	4.68248
3330	4.68447
3332	4.68354
3334	4.68227
3336	4.68182
3338	4.68242
3340	4.6831
3342	4.68482
3344	4.68547
3346	4.68436
3348	4.6847
3350	4.68443
3352	4.68426
3354	4.68411
3356	4.68635
3358	4.68656
3360	4.68515
3362	4.683
3364	4.6815
3366	4.68088
3368	4.68338
3370	4.68297
3372	4.68435
3374	4.6851
3376	4.68428
3378	4.68278
3380	4.68185
3382	4.68194
3384	4.6822
3386	4.68298
3388	4.68196
3390	4.6805
3392	4.68293
3394	4.68477
3396	4.68576
3398	4.68433
3400	4.6772
3402	4.66366
3404	4.64351
3406	4.62447
3408	4.60629
3410	4.58968
3412	4.57679
3414	4.56794
3416	4.55874
3418	4.55156
3420	4.54831
3422	4.54504
3424	4.54219
3426	4.53922
3428	4.53961
3430	4.54331
3432	4.54736
3434	4.5536
3436	4.56135
3438	4.5681
3440	4.57555
3442	4.58345
3444	4.59167
3446	4.59879
3448	4.60146
3450	4.60613
3452	4.61154
3454	4.61483
3456	4.61861
3458	4.62359
3460	4.62805
3462	4.63311
3464	4.63673
3466	4.639
3468	4.64195
3470	4.64535
3472	4.64989
3474	4.65243
3476	4.65498
3478	4.65573
3480	4.65688
3482	4.65772
3484	4.65961
3486	4.66127
3488	4.66314
3490	4.66407
3492	4.66543
3494	4.666
3496	4.66875
3498	4.67041
3500	4.67288
3502	4.67348
3504	4.67382
3506	4.67336
3508	4.67443
3510	4.67536
3512	4.67376
3514	4.67617
3516	4.67665
3518	4.67582
3520	4.6774
3522	4.67924
3524	4.68119
3526	4.68228
3528	4.68191
3530	4.67834
3532	4.67735
3534	4.67789
3536	4.67927
3538	4.68024
3540	4.68193
3542	4.68176
3544	4.68103
3546	4.68281
3548	4.68478
3550	4.68535
3552	4.68521
3554	4.68365
3556	4.68364
3558	4.68172
3560	4.68017
3562	4.67912
3564	4.68002
3566	4.6806
3568	4.68206
3570	4.68348
3572	4.68406
3574	4.68375
3576	4.68389
3578	4.68477
3580	4.68365
3582	4.68278
3584	4.6841
3586	4.68514
3588	4.6848
3590	4.68303
3592	4.68426
3594	4.68503
3596	4.68289
3598	4.68075
3600	4.67992
3602	4.68118
3604	4.68382
3606	4.68444
3608	4.6855
3610	4.6863
3612	4.68651
3614	4.68596
3616	4.68603
3618	4.68599
3620	4.68569
3622	4.68389
3624	4.68322
3626	4.68302
3628	4.68438
3630	4.68415
3632	4.68309
3634	4.68367
3636	4.68236
3638	4.68292
3640	4.68497
3642	4.68566
3644	4.68545
3646	4.68681
3648	4.686
3650	4.68584
3652	4.68581
3654	4.68652
3656	4.68715
3658	4.68624
3660	4.68573
3662	4.68723
3664	4.68944
3666	4.68904
3668	4.68802
3670	4.68686
3672	4.68649
3674	4.68529
3676	4.68099
3678	4.67396
3680	4.66412
3682	4.65466
3684	4.64535
3686	4.63417
3688	4.62555
3690	4.61854
3692	4.61276
3694	4.60877
3696	4.60536
3698	4.6019
3700	4.59957
3702	4.59892
3704	4.60013
3706	4.60225
3708	4.6074
3710	4.61289
3712	4.61557
3714	4.62033
3716	4.62566
3718	4.63042
3720	4.63354
3722	4.63535
3724	4.63882
3726	4.64228
3728	4.6465
3730	4.64959
3732	4.65296
3734	4.65383
3736	4.65483
3738	4.65749
3740	4.65995
3742	4.66244
3744	4.66313
3746	4.66315
3748	4.665
3750	4.66551
3752	4.66559
3754	4.66647
3756	4.66754
3758	4.67058
3760	4.67164
3762	4.67308
3764	4.67362
3766	4.67443
3768	4.67533
3770	4.67642
3772	4.67683
3774	4.67632
3776	4.67669
3778	4.67682
3780	4.67864
3782	4.68024
3784	4.68011
3786	4.68052
3788	4.68139
3790	4.68128
3792	4.68058
3794	4.68071
3796	4.68001
3798	4.67851
3800	4.67803
3802	4.67836
3804	4.67955
3806	4.67949
3808	4.68031
3810	4.6809
3812	4.68308
3814	4.6825
3816	4.68187
3818	4.68216
3820	4.68293
3822	4.68231
3824	4.68357
3826	4.68423
3828	4.68398
3830	4.68592
3832	4.68708
3834	4.68783
3836	4.68699
3838	4.68669
3840	4.68477
3842	4.68358
3844	4.6847
3846	4.68613
3848	4.68599
3850	4.68573
3852	4.68507
3854	4.686
3856	4.68659
3858	4.68681
3860	4.6876
3862	4.68883
3864	4.6883
3866	4.68823
3868	4.6875
3870	4.68701
3872	4.68627
3874	4.68644
3876	4.68667
3878	4.68629
3880	4.68664
3882	4.68741
3884	4.68667
3886	4.6862
3888	4.68717
3890	4.68841
3892	4.68911
3894	4.68837
3896	4.68784
3898	4.68731
3900	4.68724
3902	4.68614
3904	4.6847
3906	4.68504
3908	4.68685
3910	4.68553
3912	4.68464
3914	4.68473
3916	4.68345
3918	4.68413
3920	4.68394
3922	4.68344
3924	4.68475
3926	4.68419
3928	4.684
3930	4.68494
3932	4.68596
3934	4.68556
3936	4.68487
3938	4.6849
3940	4.68636
3942	4.6864
3944	4.68684
3946	4.68722
3948	4.68633
3950	4.68573
3952	4.6816
3954	4.67687
3956	4.67195
3958	4.66776
3960	4.66153
3962	4.65414
3964	4.64974
3966	4.64781
3968	4.64569
3970	4.643
3972	4.63933
3974	4.63706
3976	4.63553
3978	4.63336
3980	4.63382
3982	4.63639
3984	4.63979
3986	4.6439
3988	4.64768
3990	4.65135
3992	4.65281
3994	4.65446
3996	4.65759
3998	4.66044
4000	4.66151
4002	4.66341
4004	4.66699
4006	4.66908
4008	4.67077
4010	4.67242
4012	4.67004
4014	4.67125
4016	4.67268
4018	4.67342
4020	4.67459
4022	4.67519
4024	4.67546
4026	4.67544
4028	4.67539
4030	4.67679
4032	4.67827
4034	4.67912
4036	4.67946
4038	4.67976
4040	4.67994
4042	4.67875
4044	4.68027
4046	4.6812
4048	4.68081
4050	4.68024
4052	4.68152
4054	4.68379
4056	4.68391
4058	4.68424
4060	4.6841
4062	4.68333
4064	4.68502
4066	4.68618
4068	4.68559
4070	4.68469
4072	4.68288
4074	4.68473
4076	4.68552
4078	4.68482
4080	4.68309
4082	4.68279
4084	4.68237
4086	4.68264
4088	4.68414
4090	4.68556
4092	4.68737
4094	4.68659
4096	4.68524
4098	4.68458
4100	4.6847
4102	4.68471
4104	4.68436
4106	4.68455
4108	4.68686
4110	4.68704
4112	4.68638
4114	4.68619
4116	4.6872
4118	4.68664
4120	4.68504
4122	4.68466
4124	4.68508
4126	4.68517
4128	4.6851
4130	4.68375
4132	4.68492
4134	4.68533
4136	4.6869
4138	4.68676
4140	4.68561
4142	4.68536
4144	4.68678
4146	4.68761
4148	4.68785
4150	4.68775
4152	4.68768
4154	4.68673
4156	4.68626
4158	4.68697
4160	4.68746
4162	4.68779
4164	4.68787
4166	4.68814
4168	4.68819
4170	4.68857
4172	4.68936
4174	4.68906
4176	4.68761
4178	4.6874
4180	4.68644
4182	4.68566
4184	4.68519
4186	4.68427
4188	4.68437
4190	4.68641
4192	4.68683
4194	4.68806
4196	4.6875
4198	4.68756
4200	4.68766
4202	4.68832
4204	4.68813
4206	4.68664
4208	4.68585
4210	4.68444
4212	4.68525
4214	4.68713
4216	4.68817
4218	4.68777
4220	4.68842
4222	4.6884
4224	4.68826
4226	4.68878
4228	4.68665
4230	4.68142
4232	4.67744
4234	4.67425
4236	4.66904
4238	4.66432
4240	4.66039
4242	4.65841
4244	4.65828
4246	4.6557
4248	4.65483
4250	4.65225
4252	4.64993
4254	4.64868
4256	4.65046
4258	4.65259
4260	4.65495
4262	4.65782
4264	4.66005
4266	4.66215
4268	4.66459
4270	4.66617
4272	4.66733
4274	4.66921
4276	4.67113
4278	4.67076
4280	4.67269
4282	4.67434
4284	4.67466
4286	4.67473
4288	4.67461
4290	4.67465
4292	4.67474
4294	4.67589
4296	4.67785
4298	4.67884
4300	4.68025
4302	4.68093
4304	4.68122
4306	4.68213
4308	4.68304
4310	4.68363
4312	4.68409
4314	4.68422
4316	4.68284
4318	4.68223
4320	4.68281
4322	4.68234
4324	4.68219
4326	4.68094
4328	4.68172
4330	4.68159
4332	4.68195
4334	4.68284
4336	4.68518
4338	4.68517
4340	4.68653
4342	4.6865
4344	4.68518
4346	4.687
4348	4.68723
4350	4.6866
4352	4.68627
4354	4.68653
4356	4.68578
4358	4.68553
4360	4.68467
4362	4.68376
4364	4.68464
4366	4.68557
4368	4.68613
4370	4.68501
4372	4.68466
4374	4.68513
4376	4.6856
4378	4.68515
4380	4.68494
4382	4.68431
4384	4.68415
4386	4.6849
4388	4.68587
4390	4.68716
4392	4.68732
4394	4.68909
4396	4.68762
4398	4.68556
4400	4.68539
4402	4.6849
4404	4.68437
4406	4.68521
4408	4.68687
4410	4.68718
4412	4.68781
4414	4.688
4416	4.68778
4418	4.68704
4420	4.68696
4422	4.68857
4424	4.68991
4426	4.68824
4428	4.68813
4430	4.68879
4432	4.6894
4434	4.68788
4436	4.6879
4438	4.68853
4440	4.68852
4442	4.68793
4444	4.68785
4446	4.68813
4448	4.68697
4450	4.68609
4452	4.68722
4454	4.68753
4456	4.68776
4458	4.68719
4460	4.68784
4462	4.68788
4464	4.68732
4466	4.68744
4468	4.68799
4470	4.68803
4472	4.68703
4474	4.68675
4476	4.68733
4478	4.688
4480	4.68918
4482	4.68762
4484	4.68557
4486	4.68721
4488	4.68723
4490	4.68735
4492	4.68749
4494	4.68829
4496	4.68734
4498	4.68639
4500	4.68711
4502	4.68741
4504	4.68749
4506	4.6855
4508	4.68141
4510	4.67578
4512	4.67102
4514	4.66958
4516	4.66822
4518	4.66451
4520	4.66235
4522	4.65813
4524	4.65435
4526	4.65535
4528	4.65733
4530	4.65641
4532	4.65585
4534	4.65741
4536	4.65882
4538	4.66069
4540	4.66263
4542	4.66399
4544	4.66604
4546	4.66792
4548	4.66952
4550	4.67141
4552	4.67273
4554	4.67343
4556	4.6768
4558	4.67799
4560	4.67693
4562	4.67759
4564	4.6791
4566	4.67943
4568	4.67945
4570	4.68083
4572	4.68159
4574	4.68134
4576	4.67957
4578	4.67985
4580	4.68332
4582	4.68324
4584	4.68277
4586	4.68212
4588	4.68236
4590	4.68229
4592	4.68293
4594	4.68439
4596	4.68479
4598	4.68426
4600	4.68419
4602	4.68637
4604	4.68557
4606	4.68494
4608	4.68492
4610	4.68545
4612	4.68616
4614	4.68517
4616	4.6852
4618	4.68579
4620	4.68538
4622	4.68378
4624	4.68257
4626	4.6838
4628	4.68469
4630	4.68408
4632	4.68502
4634	4.68492
4636	4.68565
4638	4.68643
4640	4.6869
4642	4.68583
4644	4.68696
4646	4.68809
4648	4.68763
4650	4.68714
4652	4.68723
4654	4.68632
4656	4.68476
4658	4.68372
4660	4.68558
4662	4.68646
4664	4.68748
4666	4.68649
4668	4.68527
4670	4.68535
4672	4.68592
4674	4.68798
4676	4.68772
4678	4.68678
4680	4.68646
4682	4.68659
4684	4.68563
4686	4.68641
4688	4.68578
4690	4.68467
4692	4.68452
4694	4.68385
4696	4.6849
4698	4.68614
4700	4.68579
4702	4.68596
4704	4.68663
4706	4.68814
4708	4.68742
4710	4.68584
4712	4.68518
4714	4.68473
4716	4.68347
4718	4.68399
4720	4.68621
4722	4.68683
4724	4.68647
4726	4.6881
4728	4.68935
4730	4.68833
4732	4.68742
4734	4.68775
4736	4.68735
4738	4.68668
4740	4.68662
4742	4.68773
4744	4.6884
4746	4.68837
4748	4.68693
4750	4.68598
4752	4.68454
4754	4.68499
4756	4.68567
4758	4.68635
4760	4.68735
4762	4.68776
4764	4.68766
4766	4.68755
4768	4.68618
4770	4.68707
4772	4.68746
4774	4.68736
4776	4.68615
4778	4.68637
4780	4.68397
4782	4.6817
4784	4.67792
4786	4.67499
4788	4.67205
4790	4.6701
4792	4.66839
4794	4.66441
4796	4.66269
4798	4.66276
4800	4.66279
4802	4.65969
4804	4.65639
4806	4.65592
4808	4.65701
4810	4.65919
4812	4.66236
4814	4.66535
4816	4.66585
4818	4.66793
4820	4.66995
4822	4.67132
4824	4.67198
4826	4.67433
4828	4.67585
4830	4.67678
4832	4.67703
4834	4.67654
4836	4.67605
4838	4.67692
4840	4.6772
4842	4.67804
4844	4.67953
4846	4.6804
4848	4.68149
4850	4.68381
4852	4.68543
4854	4.68615
4856	4.6863
4858	4.6864
4860	4.68667
4862	4.6853
4864	4.68309
4866	4.68346
4868	4.68442
4870	4.68339
4872	4.68368
4874	4.68508
4876	4.68449
4878	4.68396
4880	4.68464
4882	4.68398
4884	4.68423
4886	4.68416
4888	4.68576
4890	4.68635
4892	4.68561
4894	4.68495
4896	4.68593
4898	4.68576
4900	4.68601
4902	4.68701
4904	4.68688
4906	4.68669
4908	4.68835
4910	4.68793
4912	4.68571
4914	4.6853
4916	4.68513
4918	4.68514
4920	4.68547
4922	4.68606
4924	4.68669
4926	4.68573
4928	4.68461
4930	4.68559
4932	4.68576
4934	4.68445
4936	4.68464
4938	4.6855
4940	4.68709
4942	4.68677
4944	4.68638
4946	4.68638
4948	4.68589
4950	4.68495
4952	4.68478
4954	4.68553
4956	4.68394
4958	4.68653
4960	4.687
4962	4.68752
4964	4.68776
4966	4.68655
4968	4.68581
4970	4.68581
4972	4.68603
4974	4.6857
4976	4.68605
4978	4.68764
4980	4.68806
4982	4.68865
4984	4.68766
4986	4.68756
4988	4.68811
4990	4.68756
4992	4.68738
4994	4.68831
4996	4.68895
4998	4.68831
5000	4.68655
5002	4.68595
5004	4.68686
5006	4.6864
5008	4.68534
5010	4.68591
5012	4.68701
5014	4.68594
5016	4.68529
5018	4.68492
5020	4.68574
5022	4.68509
5024	4.68488
5026	4.68508
5028	4.6854
5030	4.68469
5032	4.68454
5034	4.68489
5036	4.68415
5038	4.6853
5040	4.68537
5042	4.68419
5044	4.68403
5046	4.68539
5048	4.68689
5050	4.68738
5052	4.68866
5054	4.68776
5056	4.68642
5058	4.68379
5060	4.67859
5062	4.67466
5064	4.67446
5066	4.67206
5068	4.66987
5070	4.66806
5072	4.66571
5074	4.66604
5076	4.66484
5078	4.66296
5080	4.66216
5082	4.66062
5084	4.66019
5086	4.66156
5088	4.66394
5090	4.66578
5092	4.66874
5094	4.67128
5096	4.67342
5098	4.67418
5100	4.67445
5102	4.67514
5104	4.67593
5106	4.67615
5108	4.67753
5110	4.67886
5112	4.68073
5114	4.68214
5116	4.68362
5118	4.68406
5120	4.68421
5122	4.68334
5124	4.68226
5126	4.68399
5128	4.68531
5130	4.68381
5132	4.68314
5134	4.68206
5136	4.68259
5138	4.68472
5140	4.68529
5142	4.68574
5144	4.68585
5146	4.68672
5148	4.68753
5150	4.6885
5152	4.68813
5154	4.68591
5156	4.68519
5158	4.68589
5160	4.68637
5162	4.6867
5164	4.68767
5166	4.68751
5168	4.68595
5170	4.68495
5172	4.68532
5174	4.68675
5176	4.68879
5178	4.6889
5180	4.68759
5182	4.6886
5184	4.68868
5186	4.68836
5188	4.68767
5190	4.68838
5192	4.68725
5194	4.68681
5196	4.6867
5198	4.68751
5200	4.6868
5202	4.68751
5204	4.68698
5206	4.68634
5208	4.68664
5210	4.68473
5212	4.68547
5214	4.68594
5216	4.68422
5218	4.68414
5220	4.68426
5222	4.68464
5224	4.68609
5226	4.68601
5228	4.68585
5230	4.68659
5232	4.68715
5234	4.68684
5236	4.68708
5238	4.6876
5240	4.68561
5242	4.68346
5244	4.68518
5246	4.68632
5248	4.6856
5250	4.68483
5252	4.68549
5254	4.68563
5256	4.68621
5258	4.68605
5260	4.68565
5262	4.68488
5264	4.68656
5266	4.68798
5268	4.68849
5270	4.6895
5272	4.68913
5274	4.68689
5276	4.68532
5278	4.68594
5280	4.68616
5282	4.68556
5284	4.68505
5286	4.6865
5288	4.68788
5290	4.68616
5292	4.68694
5294	4.68721
5296	4.68784
5298	4.68834
5300	4.68934
5302	4.68969
5304	4.68844
5306	4.6873
5308	4.6868
5310	4.6871
5312	4.68801
5314	4.68809
5316	4.68734
5318	4.68606
5320	4.6849
5322	4.687
5324	4.68798
5326	4.68628
5328	4.68605
5330	4.68656
5332	4.68494
5334	4.68254
5336	4.6795
5338	4.67841
5340	4.67403
5342	4.67064
5344	4.66944
5346	4.66846
5348	4.66723
5350	4.6655
5352	4.66395
5354	4.6637
5356	4.66249
5358	4.66059
5360	4.66068
5362	4.66171
5364	4.6648
5366	4.668
5368	4.66912
5370	4.67179
5372	4.67286
5374	4.67431
5376	4.67572
5378	4.67708
5380	4.67899
5382	4.68018
5384	4.6812
5386	4.68087
5388	4.67967
5390	4.68117
5392	4.68217
5394	4.68229
5396	4.68276
5398	4.68329
5400	4.68405
5402	4.68484
5404	4.68661
5406	4.68693
5408	4.68762
5410	4.6862
5412	4.68478
5414	4.68494
5416	4.68558
5418	4.68474
5420	4.6833
5422	4.6829
5424	4.68401
5426	4.68442
5428	4.6853
5430	4.68594
5432	4.68553
5434	4.68627
5436	4.68629
5438	4.68693
5440	4.68806
5442	4.68657
5444	4.68614
5446	4.6862
5448	4.68683
5450	4.68531
5452	4.68489
5454	4.68534
5456	4.68522
5458	4.68486
5460	4.68529
5462	4.68421
5464	4.68494
5466	4.68659
5468	4.68645
5470	4.6867
5472	4.68727
5474	4.68572
5476	4.68428
5478	4.68413
5480	4.68462
5482	4.68421
5484	4.68442
5486	4.6837
5488	4.68314
5490	4.68342
5492	4.68526
5494	4.6859
5496	4.68547
5498	4.6833
5500	4.68357
5502	4.68344
5504	4.68457
5506	4.68492
5508	4.68419
5510	4.68461
5512	4.68528
5514	4.6841
5516	4.68342
5518	4.6854
5520	4.68689
5522	4.68801
5524	4.68801
5526	4.68668
5528	4.68604
5530	4.68641
5532	4.68596
5534	4.68705
5536	4.68567
5538	4.68494
5540	4.68569
5542	4.68755
5544	4.68823
5546	4.68747
5548	4.68682
5550	4.68652
5552	4.68573
5554	4.68564
5556	4.68496
5558	4.68526
5560	4.68637
5562	4.68753
5564	4.68649
5566	4.68575
5568	4.68563
5570	4.68539
5572	4.68542
5574	4.68689
5576	4.68568
5578	4.68483
5580	4.68628
5582	4.68786
5584	4.68772
5586	4.68727
5588	4.68785
5590	4.68748
5592	4.68553
5594	4.68432
5596	4.68504
5598	4.68576
5600	4.68623
5602	4.68469
5604	4.68457
5606	4.68553
5608	4.68581
5610	4.68459
5612	4.68196
5614	4.67994
5616	4.67692
5618	4.67507
5620	4.67308
5622	4.67032
5624	4.6687
5626	4.66612
5628	4.66531
5630	4.66527
5632	4.66318
5634	4.66032
5636	4.66112
5638	4.66212
5640	4.66509
5642	4.66715
5644	4.66888
5646	4.67108
5648	4.67204
5650	4.67221
5652	4.67571
5654	4.67777
5656	4.67937
5658	4.67892
5660	4.67952
5662	4.68045
5664	4.67993
5666	4.67831
5668	4.68023
5670	4.68069
5672	4.68069
5674	4.68128
5676	4.68283
5678	4.68269
5680	4.68313
5682	4.68507
5684	4.68521
5686	4.68347
5688	4.68455
5690	4.68441
5692	4.68508
5694	4.68603
5696	4.68609
5698	4.68464
5700	4.68582
5702	4.68518
5704	4.68418
5706	4.6836
5708	4.68338
5710	4.68484
5712	4.68471
5714	4.68384
5716	4.68463
5718	4.68516
5720	4.68512
5722	4.6855
5724	4.68555
5726	4.68525
5728	4.68606
5730	4.6856
5732	4.6853
5734	4.68615
5736	4.68673
5738	4.68639
5740	4.68624
5742	4.68708
5744	4.68645
5746	4.68458
5748	4.68529
5750	4.68505
5752	4.68543
5754	4.68482
5756	4.68458
5758	4.68481
5760	4.68536
5762	4.6858
5764	4.68639
5766	4.68551
5768	4.68685
5770	4.68734
5772	4.68662
5774	4.68685
5776	4.68632
5778	4.68763
5780	4.68799
5782	4.68877
5784	4.68856
5786	4.68857
5788	4.689
5790	4.68842
5792	4.68662
5794	4.68627
5796	4.68727
5798	4.68761
5800	4.68803
5802	4.68772
5804	4.68622
5806	4.68644
5808	4.68676
5810	4.68846
5812	4.68969
5814	4.68908
5816	4.68887
5818	4.68928
5820	4.69002
5822	4.6891
5824	4.6867
5826	4.6852
5828	4.68503
5830	4.68471
5832	4.68512
5834	4.68365
5836	4.68523
5838	4.68589
5840	4.68527
5842	4.68445
5844	4.68563
5846	4.68694
5848	4.6868
5850	4.68735
5852	4.68789
5854	4.68724
5856	4.68621
5858	4.68778
5860	4.689
5862	4.68736
5864	4.68669
5866	4.68759
5868	4.68717
5870	4.68579
5872	4.68685
5874	4.68759
5876	4.6888
5878	4.68946
5880	4.68896
5882	4.68766
5884	4.68716
5886	4.68575
5888	4.68443
5890	4.68067
5892	4.67832
5894	4.67806
5896	4.6765
5898	4.67333
5900	4.67038
5902	4.66729
5904	4.66693
5906	4.66802
5908	4.66776
5910	4.66634
5912	4.66357
5914	4.6641
5916	4.66746
5918	4.67048
5920	4.67441
5922	4.6765
5924	4.6766
5926	4.67693
5928	4.67848
5930	4.681
5932	4.68187
5934	4.68355
5936	4.6838
5938	4.68427
5940	4.68417
5942	4.68324
5944	4.68491
5946	4.68674
5948	4.68748
5950	4.68637
5952	4.68589
5954	4.68597
5956	4.68712
5958	4.68691
5960	4.68623
5962	4.68666
5964	4.68848
5966	4.68866
5968	4.68829
5970	4.68845
5972	4.68829
5974	4.68971
5976	4.68997
5978	4.68895
5980	4.68918
5982	4.68829
5984	4.6883
5986	4.68879
5988	4.68967
5990	4.69004
5992	4.69041
5994	4.68877
5996	4.68903
5998	4.68865
6000	4.68962
6002	4.69039
6004	4.68995
6006	4.68906
6008	4.68928
6010	4.6899
6012	4.68953
6014	4.68949
6016	4.68961
6018	4.6892
6020	4.68774
6022	4.68701
6024	4.6877
6026	4.68738
6028	4.68762
6030	4.68606
6032	4.68539
6034	4.68579
6036	4.68603
6038	4.68644
6040	4.68825
6042	4.68817
6044	4.68874
6046	4.6893
6048	4.68996
6050	4.68904
6052	4.68788
6054	4.68901
6056	4.68903
6058	4.68983
6060	4.68971
6062	4.6896
6064	4.69027
6066	4.69093
6068	4.69136
6070	4.69092
6072	4.6899
6074	4.68991
6076	4.68917
6078	4.68896
6080	4.68869
6082	4.68921
6084	4.68927
6086	4.69162
6088	4.69166
6090	4.69091
6092	4.69097
6094	4.69024
6096	4.69158
6098	4.69252
6100	4.69242
6102	4.69301
6104	4.69226
6106	4.69001
6108	4.68976
6110	4.69035
6112	4.69093
6114	4.69205
6116	4.69177
6118	4.69144
6120	4.69076
6122	4.69154
6124	4.69209
6126	4.69068
6128	4.69017
6130	4.68973
6132	4.69034
6134	4.69086
6136	4.69103
6138	4.69144
6140	4.6905
6142	4.69037
6144	4.68981
6146	4.6911
6148	4.69196
6150	4.69357
6152	4.69445
6154	4.69442
6156	4.69445
6158	4.69295
6160	4.69058
6162	4.68699
6164	4.68414
6166	4.68093
6168	4.67956
6170	4.6797
6172	4.6777
6174	4.67652
6176	4.67497
6178	4.67417
6180	4.67233
6182	4.67194
6184	4.672
6186	4.6694
6188	4.67111
6190	4.67303
6192	4.67474
6194	4.6746
6196	4.67616
6198	4.67723
6200	4.67986
6202	4.68226
6204	4.68402
6206	4.68575
6208	4.68635
6210	4.68562
6212	4.68474
6214	4.68536
6216	4.68722
6218	4.6865
6220	4.68652
6222	4.68822
6224	4.6883
6226	4.68843
6228	4.68764
6230	4.68717
6232	4.68727
6234	4.6883
6236	4.68887
6238	4.69043
6240	4.6919
6242	4.69144
6244	4.68957
6246	4.68966
6248	4.69086
6250	4.69165
6252	4.6905
6254	4.68919
6256	4.69055
6258	4.69175
6260	4.6906
6262	4.69115
6264	4.69179
6266	4.69071
6268	4.69096
6270	4.69293
6272	4.69406
6274	4.69369
6276	4.69372
6278	4.69212
6280	4.69212
6282	4.69314
6284	4.69185
6286	4.68938
6288	4.68957
6290	4.69034
6292	4.69173
6294	4.69266
6296	4.69263
6298	4.69257
6300	4.69258
6302	4.69354
6304	4.69357
6306	4.69442
6308	4.69476
6310	4.69495
6312	4.69421
6314	4.69325
6316	4.6934
6318	4.69211
6320	4.69083
6322	4.69297
6324	4.69454
6326	4.69436
6328	4.69255
6330	4.69126
6332	4.6912
6334	4.69108
6336	4.69197
6338	4.69393
6340	4.69389
6342	4.6937
6344	4.69433
6346	4.69468
6348	4.69483
6350	4.6938
6352	4.69376
6354	4.69264
6356	4.69235
6358	4.69267
6360	4.69437
6362	4.6964
6364	4.69768
6366	4.69874
6368	4.69646
6370	4.69399
6372	4.69372
6374	4.69351
6376	4.69315
6378	4.6954
6380	4.69385
6382	4.69365
6384	4.69332
6386	4.69254
6388	4.69271
6390	4.69251
6392	4.69153
6394	4.69274
6396	4.69428
6398	4.69328
6400	4.69404
6402	4.69508
6404	4.6957
6406	4.69629
6408	4.69596
6410	4.69442
6412	4.69298
6414	4.69349
6416	4.69521
6418	4.69522
6420	4.69552
6422	4.69496
6424	4.69618
6426	4.69795
6428	4.69606
6430	4.697
6432	4.69775
6434	4.69696
6436	4.69447
6438	4.69316
6440	4.69263
6442	4.68941
6444	4.68292
6446	4.67934
6448	4.67911
6450	4.67973
6452	4.68055
6454	4.68192
6456	4.68236
6458	4.68079
6460	4.67671
6462	4.67251
6464	4.67219
6466	4.67487
6468	4.67743
6470	4.67896
6472	4.68146
6474	4.68148
6476	4.68157
6478	4.68128
6480	4.6834
6482	4.68596
6484	4.68805
6486	4.69022
6488	4.69131
6490	4.69318
6492	4.69314
6494	4.69191
6496	4.69106
6498	4.6895
6500	4.6911
6502	4.69269
6504	4.6922
6506	4.69198
6508	4.69343
6510	4.69454
6512	4.69452
6514	4.69219
6516	4.69216
6518	4.69317
6520	4.69283
6522	4.69384
6524	4.69414
6526	4.69547
6528	4.69687
6530	4.6967
6532	4.69614
6534	4.69632
6536	4.69531
6538	4.69581
6540	4.69481
6542	4.69513
6544	4.69607
6546	4.69408
6548	4.6941
6550	4.69488
6552	4.69465
6554	4.69565
6556	4.69505
6558	4.69505
6560	4.69675
6562	4.69514
6564	4.69329
6566	4.69393
6568	4.69421
6570	4.69559
6572	4.696
6574	4.69493
6576	4.69509
6578	4.69651
6580	4.69732
6582	4.69789
6584	4.69774
6586	4.6972
6588	4.69801
6590	4.698
6592	4.69818
6594	4.69825
6596	4.69709
6598	4.69581
6600	4.69532
6602	4.69605
6604	4.69704
6606	4.69706
6608	4.69649
6610	4.69706
6612	4.69734
6614	4.69731
6616	4.69846
6618	4.6988
6620	4.69818
6622	4.69729
6624	4.69786
6626	4.69835
6628	4.69847
6630	4.69727
6632	4.69687
6634	4.69845
6636	4.69871
6638	4.69836
6640	4.69688
6642	4.69615
6644	4.69747
6646	4.69742
6648	4.69633
6650	4.69573
6652	4.69562
6654	4.69522
6656	4.69504
6658	4.69592
6660	4.69638
6662	4.69548
6664	4.69632
6666	4.69806
6668	4.69653
6670	4.69562
6672	4.69457
6674	4.69645
6676	4.69691
6678	4.6972
6680	4.69683
6682	4.69717
6684	4.69707
6686	4.69707
6688	4.69566
6690	4.6948
6692	4.69592
6694	4.69654
6696	4.69889
6698	4.70012
6700	4.69887
6702	4.69679
6704	4.69584
6706	4.69516
6708	4.69668
