time	cp
2	-0.01431
4	-0.015
6	-0.01394
8	-0.01304
10	-0.01304
12	-0.01306
14	-0.01299
16	-0.01333
18	-0.01281
20	-0.01185
22	-0.01147
24	-0.01142
26	-0.0094
28	-0.00892
30	-0.00939
32	-0.00899
34	-0.00776
36	-0.00725
38	-0.00714
40	-0.00617
42	-0.00567
44	-0.00467
46	-0.00405
48	-0.00274
50	-0.00247
52	-0.00278
54	-0.00216
56	-9.96265E-4
58	8.39571E-4
60	0.00134
62	2.85243E-4
64	-4.89209E-5
66	-0.01932
68	-0.25504
70	-0.90024
72	-1.82279
74	-2.84334
76	-3.8541
78	-4.80425
80	-5.67979
82	-6.47409
84	-7.17514
86	-7.62902
88	-7.55017
90	-7.09275
92	-6.48072
94	-5.83152
96	-5.19618
98	-4.59956
100	-4.05171
102	-3.55592
104	-3.11383
106	-2.72402
108	-2.38458
110	-2.08991
112	-1.83747
114	-1.62216
116	-1.43893
118	-1.28369
120	-1.15258
122	-1.04133
124	-0.94658
126	-0.86571
128	-0.79665
130	-0.73831
132	-0.68787
134	-0.64434
136	-0.60584
138	-0.573
140	-0.54371
142	-0.51613
144	-0.49115
146	-0.46968
148	-0.44837
150	-0.42949
152	-0.41385
154	-0.39872
156	-0.38496
158	-0.37156
160	-0.35943
162	-0.34743
164	-0.335
166	-0.32546
168	-0.3173
170	-0.30822
172	-0.29878
174	-0.2921
176	-0.28471
178	-0.27672
180	-0.26891
182	-0.26302
184	-0.25756
186	-0.25048
188	-0.24521
190	-0.24109
192	-0.23536
194	-0.22958
196	-0.22574
198	-0.22286
200	-0.21936
202	-0.21501
204	-0.21174
206	-0.20838
208	-0.20557
210	-0.2028
212	-0.19986
214	-0.19605
216	-0.19225
218	-0.18886
220	-0.1854
222	-0.18326
224	-0.18045
226	-0.17845
228	-0.17713
230	-0.17346
232	-0.17093
234	-0.16995
236	-0.16773
238	-0.16445
240	-0.16056
242	-0.15756
244	-0.15535
246	-0.15162
248	-0.14958
250	-0.14808
252	-0.14547
254	-0.14261
256	-0.14167
258	-0.14099
260	-0.13927
262	-0.13719
264	-0.13549
266	-0.13421
268	-0.13194
270	-0.13012
272	-0.12817
274	-0.1255
276	-0.12229
278	-0.11876
280	-0.11631
282	-0.11383
284	-0.1109
286	-0.10913
288	-0.10705
290	-0.10477
292	-0.10112
294	-0.09744
296	-0.09405
298	-0.09021
300	-0.08718
302	-0.08455
304	-0.08189
306	-0.08005
308	-0.07924
310	-0.0784
312	-0.076
314	-0.07395
316	-0.07141
318	-0.06848
320	-0.06628
322	-0.06343
324	-0.05963
326	-0.05716
328	-0.0553
330	-0.05375
332	-0.0529
334	-0.05105
336	-0.04894
338	-0.04797
340	-0.04775
342	-0.04722
344	-0.04671
346	-0.04601
348	-0.04419
350	-0.04401
352	-0.04282
354	-0.04161
356	-0.03928
358	-0.03772
360	-0.03692
362	-0.03663
364	-0.03467
366	-0.03322
368	-0.03203
370	-0.0293
372	-0.02792
374	-0.02588
376	-0.02322
378	-0.02189
380	-0.02015
382	-0.01992
384	-0.02185
386	-0.02133
388	-0.01973
390	-0.01795
392	-0.01683
394	-0.0156
396	-0.01421
398	-0.01315
400	-0.01327
402	-0.01428
404	-0.01421
406	-0.01366
408	-0.01321
410	-0.01304
412	-0.01376
414	-0.01267
416	-0.01206
418	-0.01237
420	-0.01043
422	-0.00899
424	-0.00905
426	-0.00856
428	-0.0078
430	-0.00746
432	-0.0073
434	-0.00808
436	-0.00799
438	-0.00675
440	-0.00565
442	-0.00425
444	-0.004
446	-0.00364
448	-0.00374
450	-0.00328
452	-0.00293
454	-0.00296
456	-0.00365
458	-0.00271
460	-0.00288
462	-0.00253
464	-0.00127
466	-0.00241
468	-0.00224
470	-0.0381
472	-0.40094
474	-1.20759
476	-2.29437
478	-3.40368
480	-4.42897
482	-5.36541
484	-6.20215
486	-6.94495
488	-7.58757
490	-7.93774
492	-7.68284
494	-7.09049
496	-6.39209
498	-5.68687
500	-5.0148
502	-4.39054
504	-3.82597
506	-3.32075
508	-2.8753
510	-2.48517
512	-2.14638
514	-1.85556
516	-1.60537
518	-1.39234
520	-1.21398
522	-1.06224
524	-0.93403
526	-0.82643
528	-0.73576
530	-0.66114
532	-0.59559
534	-0.53939
536	-0.49192
538	-0.45164
540	-0.41725
542	-0.38791
544	-0.36096
546	-0.3368
548	-0.31558
550	-0.29623
552	-0.27855
554	-0.26253
556	-0.24803
558	-0.23409
560	-0.22037
562	-0.20733
564	-0.19637
566	-0.18639
568	-0.1761
570	-0.16768
572	-0.15991
574	-0.15151
576	-0.14543
578	-0.1411
580	-0.13513
582	-0.12859
584	-0.12192
586	-0.11706
588	-0.11359
590	-0.11016
592	-0.10512
594	-0.10137
596	-0.09902
598	-0.09512
600	-0.0918
602	-0.09008
604	-0.08722
606	-0.0845
608	-0.08373
610	-0.08181
612	-0.07833
614	-0.07549
616	-0.0728
618	-0.07082
620	-0.06942
622	-0.0674
624	-0.06688
626	-0.06689
628	-0.06618
630	-0.06346
632	-0.06102
634	-0.06129
636	-0.06143
638	-0.06082
640	-0.05868
642	-0.05672
644	-0.05606
646	-0.05431
648	-0.05237
650	-0.05203
652	-0.05073
654	-0.04894
656	-0.04899
658	-0.04848
660	-0.0476
662	-0.04752
664	-0.04778
666	-0.04578
668	-0.04314
670	-0.04289
672	-0.04247
674	-0.04088
676	-0.03999
678	-0.03877
680	-0.03789
682	-0.03691
684	-0.0359
686	-0.03593
688	-0.03545
690	-0.03319
692	-0.03189
694	-0.03201
696	-0.03201
698	-0.03324
700	-0.03265
702	-0.03144
704	-0.02989
706	-0.02863
708	-0.02811
710	-0.02799
712	-0.02627
714	-0.02652
716	-0.02754
718	-0.02459
720	-0.02316
722	-0.02293
724	-0.02109
726	-0.01954
728	-0.02068
730	-0.02009
732	-0.01906
734	-0.01728
736	-0.01641
738	-0.01692
740	-0.01694
742	-0.01682
744	-0.01676
746	-0.01538
748	-0.01397
750	-0.01333
752	-0.01221
754	-0.01151
756	-0.01112
758	-0.01045
760	-0.01045
762	-0.00908
764	-0.00816
766	-0.0087
768	-0.00795
770	-0.00741
772	-0.00882
774	-0.00888
776	-0.00788
778	-0.00725
780	-0.00723
782	-0.00722
784	-0.00751
786	-0.0073
788	-0.00632
790	-0.00535
792	-0.0055
794	-0.00499
796	-0.00479
798	-0.00479
800	-0.00472
802	-0.00488
804	-0.00294
806	-0.00356
808	-0.0039
810	-0.00273
812	-0.00222
814	-0.00169
816	-0.00269
818	-0.00262
820	-0.00293
822	-0.00307
824	-0.00282
826	-0.00262
828	-0.00298
830	-0.00104
832	4.6063E-5
834	4.50619E-4
836	4.32176E-4
838	-4.03268E-4
840	-0.0021
842	-0.00178
844	-0.00147
846	-9.35042E-4
848	-0.00108
850	-3.22929E-4
852	-5.61372E-4
854	-6.25816E-4
856	-7.3826E-4
858	-3.77031E-5
860	1.42853E-4
862	-1.6459E-4
864	0.00112
866	0.0014
868	0.00125
870	0.00177
872	0.00325
874	-0.01758
876	-0.35261
878	-1.19391
880	-2.2419
882	-3.30974
884	-4.31485
886	-5.24026
888	-6.08161
890	-6.84069
892	-7.51311
894	-7.90984
896	-7.69486
898	-7.11494
900	-6.41884
902	-5.71042
904	-5.03374
906	-4.4075
908	-3.83934
910	-3.33081
912	-2.88036
914	-2.48534
916	-2.1437
918	-1.85034
920	-1.59897
922	-1.38361
924	-1.20226
926	-1.0502
928	-0.92232
930	-0.81327
932	-0.72356
934	-0.64707
936	-0.58276
938	-0.52745
940	-0.48021
942	-0.43918
944	-0.40398
946	-0.37362
948	-0.34735
950	-0.32447
952	-0.30363
954	-0.28391
956	-0.26681
958	-0.25152
960	-0.23643
962	-0.22349
964	-0.21125
966	-0.20011
968	-0.18853
970	-0.17803
972	-0.16866
974	-0.16038
976	-0.15388
978	-0.14676
980	-0.14031
982	-0.13413
984	-0.12792
986	-0.12262
988	-0.11854
990	-0.11362
992	-0.1085
994	-0.10499
996	-0.10126
998	-0.09666
1000	-0.09234
1002	-0.0885
1004	-0.08616
1006	-0.08453
1008	-0.08247
1010	-0.07941
1012	-0.07579
1014	-0.07337
1016	-0.07167
1018	-0.0705
1020	-0.06937
1022	-0.06863
1024	-0.06527
1026	-0.06259
1028	-0.0602
1030	-0.05887
1032	-0.05913
1034	-0.05804
1036	-0.05682
1038	-0.05452
1040	-0.05276
1042	-0.05226
1044	-0.0506
1046	-0.04956
1048	-0.04891
1050	-0.04948
1052	-0.05024
1054	-0.04934
1056	-0.04893
1058	-0.04919
1060	-0.04845
1062	-0.04755
1064	-0.046
1066	-0.04487
1068	-0.04442
1070	-0.04344
1072	-0.04234
1074	-0.04117
1076	-0.04066
1078	-0.04018
1080	-0.03844
1082	-0.03675
1084	-0.03827
1086	-0.03803
1088	-0.03715
1090	-0.03612
1092	-0.03622
1094	-0.03402
1096	-0.03317
1098	-0.03468
1100	-0.03447
1102	-0.03376
1104	-0.03287
1106	-0.03129
1108	-0.02996
1110	-0.03013
1112	-0.02939
1114	-0.02901
1116	-0.0283
1118	-0.0261
1120	-0.02517
1122	-0.02525
1124	-0.02459
1126	-0.02384
1128	-0.02324
1130	-0.02268
1132	-0.0228
1134	-0.02211
1136	-0.0219
1138	-0.02318
1140	-0.02304
1142	-0.02297
1144	-0.02152
1146	-0.02032
1148	-0.01985
1150	-0.01979
1152	-0.01929
1154	-0.01808
1156	-0.0168
1158	-0.01529
1160	-0.01545
1162	-0.01534
1164	-0.01495
1166	-0.01598
1168	-0.0148
1170	-0.01285
1172	-0.0126
1174	-0.01219
1176	-0.01201
1178	-0.01084
1180	-0.01047
1182	-0.01189
1184	-0.01204
1186	-0.01093
1188	-0.00975
1190	-0.00797
1192	-0.00721
1194	-0.00698
1196	-0.00716
1198	-0.00607
1200	-0.00598
1202	-0.00668
1204	-0.00558
1206	-0.00545
1208	-0.00483
1210	-0.00471
1212	-0.00558
1214	-0.00522
1216	-0.00514
1218	-0.00382
1220	-0.00348
1222	-0.00392
1224	-0.00238
1226	-0.00218
1228	-0.00185
1230	-0.00105
1232	2.35247E-4
1234	3.2929E-4
1236	-2.85667E-4
1238	-0.0018
1240	-0.00172
1242	-0.00164
1244	-0.00171
1246	-5.90451E-4
1248	8.35919E-5
1250	3.74979E-4
1252	0.00145
1254	0.00144
1256	0.00228
1258	0.00278
1260	0.00198
1262	0.00262
1264	0.00312
1266	0.00252
1268	0.00322
1270	0.00397
1272	0.00416
1274	0.00492
1276	0.00511
1278	-0.00767
1280	-0.28737
1282	-1.08374
1284	-2.11267
1286	-3.18601
1288	-4.21332
1290	-5.15391
1292	-6.01035
1294	-6.78273
1296	-7.46023
1298	-7.90335
1300	-7.75262
1302	-7.20102
1304	-6.51443
1306	-5.80636
1308	-5.12533
1310	-4.4915
1312	-3.91328
1314	-3.39488
1316	-2.9365
1318	-2.53368
1320	-2.18357
1322	-1.88334
1324	-1.62498
1326	-1.40452
1328	-1.2208
1330	-1.06471
1332	-0.93285
1334	-0.82164
1336	-0.72788
1338	-0.64895
1340	-0.5826
1342	-0.52451
1344	-0.47614
1346	-0.43517
1348	-0.39919
1350	-0.36714
1352	-0.33855
1354	-0.31493
1356	-0.29286
1358	-0.27202
1360	-0.25479
1362	-0.24005
1364	-0.22586
1366	-0.2123
1368	-0.19891
1370	-0.18768
1372	-0.17659
1374	-0.16646
1376	-0.15716
1378	-0.14894
1380	-0.14086
1382	-0.13294
1384	-0.12531
1386	-0.11945
1388	-0.11282
1390	-0.1072
1392	-0.10264
1394	-0.09877
1396	-0.09395
1398	-0.08972
1400	-0.0853
1402	-0.0821
1404	-0.07976
1406	-0.07717
1408	-0.07376
1410	-0.07158
1412	-0.06928
1414	-0.06725
1416	-0.06609
1418	-0.06434
1420	-0.06185
1422	-0.05937
1424	-0.05699
1426	-0.05474
1428	-0.05308
1430	-0.05292
1432	-0.05251
1434	-0.05051
1436	-0.05031
1438	-0.0502
1440	-0.04842
1442	-0.04626
1444	-0.04668
1446	-0.04664
1448	-0.04565
1450	-0.04491
1452	-0.04376
1454	-0.04198
1456	-0.04199
1458	-0.04043
1460	-0.03967
1462	-0.03771
1464	-0.0365
1466	-0.03711
1468	-0.03509
1470	-0.03357
1472	-0.0328
1474	-0.03371
1476	-0.03407
1478	-0.03266
1480	-0.03116
1482	-0.03171
1484	-0.03113
1486	-0.03203
1488	-0.03133
1490	-0.03008
1492	-0.02949
1494	-0.02698
1496	-0.0273
1498	-0.02749
1500	-0.02832
1502	-0.02807
1504	-0.0264
1506	-0.02517
1508	-0.0254
1510	-0.02434
1512	-0.02286
1514	-0.02215
1516	-0.02196
1518	-0.02204
1520	-0.02201
1522	-0.02105
1524	-0.02042
1526	-0.02043
1528	-0.02006
1530	-0.01855
1532	-0.01856
1534	-0.0186
1536	-0.01852
1538	-0.01826
1540	-0.0175
1542	-0.01774
1544	-0.01559
1546	-0.01517
1548	-0.01508
1550	-0.01415
1552	-0.01451
1554	-0.01487
1556	-0.014
1558	-0.01209
1560	-0.01115
1562	-0.01087
1564	-0.01104
1566	-0.00964
1568	-0.00988
1570	-0.01047
1572	-0.01052
1574	-0.0095
1576	-0.009
1578	-0.00915
1580	-0.0089
1582	-0.00799
1584	-0.00847
1586	-0.00882
1588	-0.00865
1590	-0.00786
1592	-0.0072
1594	-0.00653
1596	-0.00509
1598	-0.00412
1600	-0.00426
1602	-0.00393
1604	-0.00356
1606	-0.00356
1608	-0.00351
1610	-0.00294
1612	-0.00279
1614	-0.00387
1616	-0.0042
1618	-0.00278
1620	-0.00203
1622	-0.00135
1624	-5.25798E-4
1626	-9.88154E-4
1628	-2.8151E-4
1630	3.79134E-4
1632	0.00143
1634	0.00184
1636	3.73506E-4
1638	-2.1244E-4
1640	4.22613E-4
1642	9.36672E-5
1644	-4.92791E-5
1646	0.00136
1648	0.00181
1650	0.00194
1652	0.00306
1654	0.00387
1656	0.00458
1658	0.00431
1660	0.00236
1662	0.00251
1664	0.00392
1666	0.00403
1668	0.00381
1670	0.00296
1672	0.00346
1674	0.00321
1676	0.00375
1678	0.0042
1680	0.00406
1682	-0.00961
1684	-0.30026
1686	-1.10406
1688	-2.13628
1690	-3.20301
1692	-4.22998
1694	-5.17475
1696	-6.03764
1698	-6.81106
1700	-7.50699
1702	-7.96972
1704	-7.82907
1706	-7.27012
1708	-6.57002
1710	-5.84997
1712	-5.15761
1714	-4.51514
1716	-3.93123
1718	-3.40825
1720	-2.94604
1722	-2.54097
1724	-2.18757
1726	-1.88387
1728	-1.62559
1730	-1.4056
1732	-1.21789
1734	-1.06054
1736	-0.928
1738	-0.81701
1740	-0.72315
1742	-0.64477
1744	-0.5786
1746	-0.52096
1748	-0.47356
1750	-0.43248
1752	-0.39595
1754	-0.36447
1756	-0.33556
1758	-0.30888
1760	-0.28728
1762	-0.26912
1764	-0.25177
1766	-0.23536
1768	-0.22055
1770	-0.20767
1772	-0.19598
1774	-0.18616
1776	-0.17546
1778	-0.16385
1780	-0.15588
1782	-0.14793
1784	-0.14034
1786	-0.13181
1788	-0.12473
1790	-0.11962
1792	-0.11453
1794	-0.10982
1796	-0.10428
1798	-0.09782
1800	-0.09231
1802	-0.08689
1804	-0.08396
1806	-0.08105
1808	-0.07797
1810	-0.07488
1812	-0.07271
1814	-0.07034
1816	-0.06814
1818	-0.06572
1820	-0.06369
1822	-0.0616
1824	-0.06063
1826	-0.05758
1828	-0.05397
1830	-0.05228
1832	-0.05276
1834	-0.05113
1836	-0.04951
1838	-0.049
1840	-0.0484
1842	-0.04649
1844	-0.04418
1846	-0.043
1848	-0.04392
1850	-0.04351
1852	-0.04209
1854	-0.04068
1856	-0.0406
1858	-0.04015
1860	-0.03981
1862	-0.03835
1864	-0.03705
1866	-0.03684
1868	-0.03585
1870	-0.03397
1872	-0.03419
1874	-0.03461
1876	-0.03394
1878	-0.03343
1880	-0.03239
1882	-0.03185
1884	-0.03155
1886	-0.02986
1888	-0.0291
1890	-0.02836
1892	-0.02812
1894	-0.02798
1896	-0.02789
1898	-0.02721
1900	-0.02736
1902	-0.02722
1904	-0.02659
1906	-0.02598
1908	-0.02662
1910	-0.02581
1912	-0.02564
1914	-0.02471
1916	-0.02415
1918	-0.02358
1920	-0.02298
1922	-0.02208
1924	-0.0219
1926	-0.02187
1928	-0.02062
1930	-0.01996
1932	-0.01964
1934	-0.01759
1936	-0.01724
1938	-0.01705
1940	-0.01742
1942	-0.01651
1944	-0.01547
1946	-0.01624
1948	-0.0147
1950	-0.01353
1952	-0.01498
1954	-0.01371
1956	-0.01334
1958	-0.01374
1960	-0.0145
1962	-0.0129
1964	-0.01126
1966	-0.01121
1968	-0.01092
1970	-0.01113
1972	-0.01119
1974	-0.01136
1976	-0.01242
1978	-0.01203
1980	-0.01111
1982	-0.00899
1984	-0.00826
1986	-0.00793
1988	-0.007
1990	-0.00664
1992	-0.00543
1994	-0.00578
1996	-0.00554
1998	-0.00481
2000	-0.00365
2002	-0.00307
2004	-0.00289
2006	-0.00251
2008	-0.00154
2010	-6.23784E-4
2012	-8.84803E-4
2014	-3.20823E-4
2016	-0.00116
2018	-0.00242
2020	-0.00153
2022	-0.00103
2024	-9.97317E-4
2026	-0.00165
2028	-0.00297
2030	-0.00254
2032	-0.00313
2034	-0.00187
2036	-9.75376E-4
2038	-9.10386E-4
2040	-7.57396E-4
2042	-4.68405E-4
2044	-3.96415E-4
2046	3.69575E-4
2048	0.00204
2050	0.00219
2052	0.00254
2054	0.00173
2056	0.00152
2058	-1.50484E-4
2060	5.24506E-4
2062	4.59496E-4
2064	-6.59513E-4
2066	9.51989E-4
2068	0.00315
2070	0.00402
2072	0.00377
2074	0.00303
2076	0.0016
2078	0.00127
2080	0.00163
2082	0.00165
2084	2.40352E-4
2086	-0.00959
2088	-0.26142
2090	-1.04046
2092	-2.06731
2094	-3.14796
2096	-4.18607
2098	-5.15955
2100	-6.03888
2102	-6.82189
2104	-7.51769
2106	-8.02363
2108	-7.93158
2110	-7.38625
2112	-6.68204
2114	-5.95272
2116	-5.24996
2118	-4.59681
2120	-4.00221
2122	-3.46837
2124	-2.99638
2126	-2.58189
2128	-2.22283
2130	-1.91318
2132	-1.6499
2134	-1.42561
2136	-1.23486
2138	-1.07486
2140	-0.94105
2142	-0.82748
2144	-0.73027
2146	-0.64666
2148	-0.57811
2150	-0.52171
2152	-0.47182
2154	-0.43021
2156	-0.39356
2158	-0.36283
2160	-0.33562
2162	-0.30998
2164	-0.28841
2166	-0.2691
2168	-0.25293
2170	-0.23675
2172	-0.22202
2174	-0.20949
2176	-0.19619
2178	-0.18404
2180	-0.17338
2182	-0.16495
2184	-0.15575
2186	-0.1455
2188	-0.13765
2190	-0.13214
2192	-0.12554
2194	-0.11944
2196	-0.11403
2198	-0.10791
2200	-0.10344
2202	-0.09871
2204	-0.09398
2206	-0.09017
2208	-0.08653
2210	-0.08424
2212	-0.08227
2214	-0.07909
2216	-0.07501
2218	-0.07152
2220	-0.06804
2222	-0.06736
2224	-0.06684
2226	-0.06409
2228	-0.06182
2230	-0.06078
2232	-0.059
2234	-0.05644
2236	-0.05387
2238	-0.05337
2240	-0.0525
2242	-0.05123
2244	-0.0503
2246	-0.04963
2248	-0.04782
2250	-0.04711
2252	-0.04672
2254	-0.04587
2256	-0.04476
2258	-0.04384
2260	-0.04338
2262	-0.04228
2264	-0.0407
2266	-0.03898
2268	-0.03914
2270	-0.03859
2272	-0.03723
2274	-0.03579
2276	-0.03441
2278	-0.03441
2280	-0.03413
2282	-0.03456
2284	-0.03372
2286	-0.03257
2288	-0.03306
2290	-0.03212
2292	-0.03163
2294	-0.03007
2296	-0.02974
2298	-0.02867
2300	-0.02804
2302	-0.02746
2304	-0.02598
2306	-0.02671
2308	-0.02674
2310	-0.02588
2312	-0.02615
2314	-0.02617
2316	-0.02615
2318	-0.02552
2320	-0.02535
2322	-0.02568
2324	-0.02562
2326	-0.02419
2328	-0.02217
2330	-0.0203
2332	-0.01823
2334	-0.01832
2336	-0.01894
2338	-0.01773
2340	-0.01851
2342	-0.01746
2344	-0.01664
2346	-0.0151
2348	-0.01512
2350	-0.01408
2352	-0.01455
2354	-0.01484
2356	-0.01419
2358	-0.01393
2360	-0.013
2362	-0.01274
2364	-0.0121
2366	-0.01125
2368	-0.0118
2370	-0.01184
2372	-0.01132
2374	-0.01097
2376	-0.01015
2378	-0.01084
2380	-0.01098
2382	-0.0101
2384	-0.0104
2386	-0.00947
2388	-0.00872
2390	-0.0088
2392	-0.00865
2394	-0.00795
2396	-0.00892
2398	-0.00898
2400	-0.00817
2402	-0.00787
2404	-0.00671
2406	-0.00629
2408	-0.00599
2410	-0.00493
2412	-0.00515
2414	-0.00535
2416	-0.00515
2418	-0.00533
2420	-0.00357
2422	-0.00345
2424	-0.00388
2426	-0.00414
2428	-0.00391
2430	-0.00419
2432	-0.0034
2434	-0.00383
2436	-0.00279
2438	-0.00132
2440	-0.00297
2442	-0.00336
2444	-0.0037
2446	-0.0036
2448	-0.00262
2450	-0.00231
2452	-0.00241
2454	-0.00118
2456	-7.03271E-4
2458	-6.11015E-4
2460	-0.00165
2462	-9.37503E-4
2464	-6.62247E-4
2466	1.10093E-5
2468	0.00116
2470	0.00133
2472	0.00132
2474	8.22033E-4
2476	4.33289E-4
2478	9.77545E-4
2480	9.6801E-5
2482	-7.50943E-4
2484	-6.66687E-4
2486	-4.09431E-4
2488	1.48825E-4
2490	-0.00313
2492	-0.19184
2494	-0.90351
2496	-1.92191
2498	-3.0078
2500	-4.05906
2502	-5.04019
2504	-5.9354
2506	-6.74126
2508	-7.45506
2510	-7.99601
2512	-7.96959
2514	-7.45867
2516	-6.77107
2518	-6.04635
2520	-5.34392
2522	-4.68552
2524	-4.08281
2526	-3.54096
2528	-3.06065
2530	-2.63988
2532	-2.27345
2534	-1.95755
2536	-1.68637
2538	-1.45647
2540	-1.26173
2542	-1.09735
2544	-0.95871
2546	-0.84117
2548	-0.74215
2550	-0.65912
2552	-0.58938
2554	-0.52933
2556	-0.4771
2558	-0.43351
2560	-0.39603
2562	-0.36338
2564	-0.33356
2566	-0.30815
2568	-0.28533
2570	-0.26686
2572	-0.24867
2574	-0.23256
2576	-0.21761
2578	-0.20402
2580	-0.19204
2582	-0.18072
2584	-0.16903
2586	-0.15741
2588	-0.14895
2590	-0.1409
2592	-0.13182
2594	-0.1247
2596	-0.11785
2598	-0.11022
2600	-0.10424
2602	-0.09881
2604	-0.09312
2606	-0.0883
2608	-0.08397
2610	-0.0812
2612	-0.07753
2614	-0.07347
2616	-0.07026
2618	-0.06837
2620	-0.06629
2622	-0.06443
2624	-0.06111
2626	-0.05788
2628	-0.05448
2630	-0.05269
2632	-0.05175
2634	-0.05181
2636	-0.05023
2638	-0.04817
2640	-0.04552
2642	-0.04418
2644	-0.04368
2646	-0.04108
2648	-0.03912
2650	-0.03854
2652	-0.03896
2654	-0.03756
2656	-0.03628
2658	-0.03602
2660	-0.03538
2662	-0.03418
2664	-0.03219
2666	-0.03247
2668	-0.03207
2670	-0.03066
2672	-0.03026
2674	-0.02926
2676	-0.02844
2678	-0.02868
2680	-0.02826
2682	-0.0277
2684	-0.02764
2686	-0.02815
2688	-0.02731
2690	-0.02709
2692	-0.02737
2694	-0.02696
2696	-0.02601
2698	-0.02489
2700	-0.02568
2702	-0.02457
2704	-0.02355
2706	-0.02234
2708	-0.02087
2710	-0.02006
2712	-0.01908
2714	-0.01945
2716	-0.02016
2718	-0.02016
2720	-0.01918
2722	-0.01941
2724	-0.02007
2726	-0.01876
2728	-0.01687
2730	-0.01687
2732	-0.01601
2734	-0.01536
2736	-0.01505
2738	-0.01442
2740	-0.01322
2742	-0.01293
2744	-0.01357
2746	-0.01449
2748	-0.01438
2750	-0.01435
2752	-0.01454
2754	-0.01384
2756	-0.01367
2758	-0.01457
2760	-0.01409
2762	-0.01415
2764	-0.01311
2766	-0.01132
2768	-0.01047
2770	-0.01098
2772	-0.01044
2774	-0.01032
2776	-0.01126
2778	-0.00994
2780	-0.00928
2782	-0.00855
2784	-0.00817
2786	-0.00904
2788	-0.00725
2790	-0.00593
2792	-0.00588
2794	-0.00557
2796	-0.00503
2798	-0.00451
2800	-0.00439
2802	-0.00407
2804	-0.00308
2806	-0.00399
2808	-0.00547
2810	-0.00448
2812	-0.00474
2814	-0.00452
2816	-0.00335
2818	-0.00317
2820	-0.00239
2822	-0.00261
2824	-0.00414
2826	-0.00358
2828	-0.00373
2830	-0.00466
2832	-0.00423
2834	-0.00307
2836	-0.00175
2838	5.91469E-5
2840	-4.98651E-4
2842	-0.00121
2844	-0.0013
2846	-0.00103
2848	-0.00113
2850	-0.00108
2852	-7.98436E-4
2854	-8.82234E-4
2856	-0.00146
2858	-0.00137
2860	-0.00147
2862	1.88576E-4
2864	1.7778E-5
2866	-6.9902E-4
2868	-0.00147
2870	-1.29615E-4
2872	-1.27412E-4
2874	5.3679E-4
2876	0.00115
2878	7.74195E-4
2880	4.84397E-4
2882	0.00104
2884	8.67835E-4
2886	8.96877E-4
2888	0.0011
2890	4.7396E-4
2892	5.85001E-4
2894	-0.00176
2896	-0.15954
2898	-0.83356
2900	-1.85461
2902	-2.95146
2904	-4.0174
2906	-5.0087
2908	-5.91209
2910	-6.73031
2912	-7.46045
2914	-8.03221
2916	-8.05385
2918	-7.56552
2920	-6.88095
2922	-6.14837
2924	-5.43536
2926	-4.76774
2928	-4.15624
2930	-3.6055
2932	-3.11643
2934	-2.68682
2936	-2.31299
2938	-1.99108
2940	-1.71571
2942	-1.48055
2944	-1.28206
2946	-1.113
2948	-0.96996
2950	-0.85135
2952	-0.75237
2954	-0.66703
2956	-0.59546
2958	-0.53402
2960	-0.48229
2962	-0.43683
2964	-0.39889
2966	-0.36546
2968	-0.33667
2970	-0.31274
2972	-0.29158
2974	-0.27059
2976	-0.252
2978	-0.2362
2980	-0.22039
2982	-0.2054
2984	-0.19183
2986	-0.17962
2988	-0.16868
2990	-0.15917
2992	-0.14941
2994	-0.14114
2996	-0.13124
2998	-0.12284
3000	-0.11525
3002	-0.10732
3004	-0.10108
3006	-0.09657
3008	-0.09281
3010	-0.08768
3012	-0.08348
3014	-0.07954
3016	-0.07646
3018	-0.0721
3020	-0.06859
3022	-0.06637
3024	-0.06469
3026	-0.06115
3028	-0.05772
3030	-0.05615
3032	-0.05362
3034	-0.05171
3036	-0.04923
3038	-0.04786
3040	-0.04764
3042	-0.04565
3044	-0.04232
3046	-0.04168
3048	-0.0412
3050	-0.04024
3052	-0.0392
3054	-0.03753
3056	-0.03655
3058	-0.03621
3060	-0.03483
3062	-0.03511
3064	-0.03297
3066	-0.03159
3068	-0.03095
3070	-0.03056
3072	-0.03039
3074	-0.02982
3076	-0.02958
3078	-0.0303
3080	-0.03012
3082	-0.02962
3084	-0.02945
3086	-0.02836
3088	-0.02761
3090	-0.02711
3092	-0.02701
3094	-0.02662
3096	-0.02606
3098	-0.02593
3100	-0.02512
3102	-0.02395
3104	-0.02372
3106	-0.02151
3108	-0.02043
3110	-0.02162
3112	-0.02082
3114	-0.02025
3116	-0.01983
3118	-0.019
3120	-0.01979
3122	-0.01941
3124	-0.01928
3126	-0.01864
3128	-0.01727
3130	-0.01687
3132	-0.01775
3134	-0.01838
3136	-0.01764
3138	-0.01658
3140	-0.01508
3142	-0.01479
3144	-0.01406
3146	-0.01224
3148	-0.01166
3150	-0.01214
3152	-0.01263
3154	-0.01358
3156	-0.01293
3158	-0.01199
3160	-0.01077
3162	-0.01051
3164	-0.01132
3166	-0.01125
3168	-0.01169
3170	-0.01274
3172	-0.01168
3174	-0.0104
3176	-0.00947
3178	-0.0086
3180	-0.00847
3182	-0.00899
3184	-0.00857
3186	-0.00795
3188	-0.00854
3190	-0.00821
3192	-0.00796
3194	-0.00703
3196	-0.005
3198	-0.00433
3200	-0.0053
3202	-0.00347
3204	-0.00287
3206	-0.00277
3208	-0.00428
3210	-0.00368
3212	-0.00365
3214	-0.0054
3216	-0.0064
3218	-0.00572
3220	-0.00501
3222	-0.00509
3224	-0.00543
3226	-0.00397
3228	-0.0031
3230	-0.00311
3232	-0.00242
3234	-0.00175
3236	-8.32817E-4
3238	-0.00166
3240	-0.00216
3242	-0.00228
3244	-0.00181
3246	-4.55846E-4
3248	-9.62852E-4
3250	-0.00242
3252	-0.00207
3254	-0.00245
3256	-0.00228
3258	-0.00226
3260	-0.00107
3262	7.61071E-5
3264	1.18429E-4
3266	3.51709E-4
3268	0.00198
3270	0.00317
3272	0.00255
3274	0.00133
3276	0.0018
3278	0.00132
3280	0.00188
3282	0.00166
3284	0.0018
3286	0.00293
3288	0.00177
3290	8.67069E-4
3292	0.00131
3294	0.00137
3296	0.00295
3298	0.00192
3300	-0.15077
3302	-0.82436
3304	-1.83941
3306	-2.94467
3308	-4.02463
3310	-5.0302
3312	-5.94152
3314	-6.76587
3316	-7.50152
3318	-8.09554
3320	-8.15757
3322	-7.67768
3324	-6.98379
3326	-6.23902
3328	-5.51423
3330	-4.83477
3332	-4.21552
3334	-3.65743
3336	-3.16175
3338	-2.72712
3340	-2.34929
3342	-2.0217
3344	-1.74209
3346	-1.50436
3348	-1.30097
3350	-1.12869
3352	-0.98602
3354	-0.86483
3356	-0.76266
3358	-0.67656
3360	-0.60421
3362	-0.54252
3364	-0.49056
3366	-0.44515
3368	-0.40495
3370	-0.37163
3372	-0.34145
3374	-0.31578
3376	-0.29286
3378	-0.27154
3380	-0.25254
3382	-0.23617
3384	-0.22047
3386	-0.20589
3388	-0.19105
3390	-0.17878
3392	-0.16893
3394	-0.1584
3396	-0.1487
3398	-0.13978
3400	-0.13098
3402	-0.12443
3404	-0.11795
3406	-0.11209
3408	-0.10587
3410	-0.09956
3412	-0.09423
3414	-0.08936
3416	-0.08548
3418	-0.08207
3420	-0.07749
3422	-0.07245
3424	-0.06953
3426	-0.06701
3428	-0.06292
3430	-0.06037
3432	-0.05807
3434	-0.05509
3436	-0.05424
3438	-0.05206
3440	-0.05028
3442	-0.04798
3444	-0.04606
3446	-0.04612
3448	-0.04483
3450	-0.04224
3452	-0.04106
3454	-0.04038
3456	-0.03858
3458	-0.03821
3460	-0.03888
3462	-0.03925
3464	-0.03873
3466	-0.03673
3468	-0.03558
3470	-0.03462
3472	-0.03334
3474	-0.03256
3476	-0.03201
3478	-0.03249
3480	-0.03144
3482	-0.03106
3484	-0.02993
3486	-0.02894
3488	-0.02744
3490	-0.02651
3492	-0.02567
3494	-0.02508
3496	-0.02387
3498	-0.02363
3500	-0.02443
3502	-0.02413
3504	-0.02469
3506	-0.02529
3508	-0.02447
3510	-0.02234
3512	-0.02144
3514	-0.02085
3516	-0.02123
3518	-0.02219
3520	-0.02097
3522	-0.01973
3524	-0.01837
3526	-0.01851
3528	-0.01873
3530	-0.01874
3532	-0.01821
3534	-0.01875
3536	-0.01832
3538	-0.01781
3540	-0.01716
3542	-0.01773
3544	-0.01708
3546	-0.01545
3548	-0.01359
3550	-0.014
3552	-0.01501
3554	-0.01425
3556	-0.01352
3558	-0.01348
3560	-0.01304
3562	-0.01463
3564	-0.01431
3566	-0.01278
3568	-0.01241
3570	-0.01242
3572	-0.01141
3574	-0.01107
3576	-0.01079
3578	-0.01031
3580	-0.00993
3582	-0.0093
3584	-0.00867
3586	-0.00862
3588	-0.00876
3590	-0.00901
3592	-0.00983
3594	-0.0091
3596	-0.00887
3598	-0.00925
3600	-0.0084
3602	-0.00773
3604	-0.00797
3606	-0.00701
3608	-0.00719
3610	-0.00723
3612	-0.00767
3614	-0.00723
3616	-0.00794
3618	-0.00785
3620	-0.00751
3622	-0.00579
3624	-0.00439
3626	-0.00409
3628	-0.00376
3630	-0.00405
3632	-0.00472
3634	-0.00375
3636	-0.00312
3638	-0.00274
3640	-0.00328
3642	-0.00328
3644	-0.00321
3646	-0.0035
3648	-0.00291
3650	-0.00265
3652	-0.00186
3654	-0.00187
3656	-0.00133
3658	-0.00145
3660	-0.00118
3662	-3.21217E-5
3664	7.27424E-5
3666	3.32607E-4
3668	5.13471E-4
3670	2.59335E-4
3672	3.21991E-5
3674	-1.78937E-4
3676	6.16927E-4
3678	7.29792E-4
3680	0.00122
3682	0.00136
3684	0.0018
3686	6.86248E-4
3688	-0.00136
3690	-5.07024E-4
3692	5.44841E-4
3694	-0.00111
3696	-0.00124
3698	-1.32215E-4
3700	-2.83516E-4
3702	-0.00203
3704	-0.12928
3706	-0.76975
3708	-1.77938
3710	-2.88603
3712	-3.97416
3714	-4.99172
3716	-5.92339
3718	-6.76125
3720	-7.50543
3722	-8.12186
3724	-8.23508
3726	-7.78463
3728	-7.09919
3730	-6.35182
3732	-5.6173
3734	-4.92725
3736	-4.29482
3738	-3.72326
3740	-3.2166
3742	-2.77009
3744	-2.38186
3746	-2.04783
3748	-1.76215
3750	-1.5183
3752	-1.31154
3754	-1.13699
3756	-0.99129
3758	-0.86808
3760	-0.76334
3762	-0.67503
3764	-0.60071
3766	-0.53764
3768	-0.48412
3770	-0.43961
3772	-0.39976
3774	-0.36604
3776	-0.33619
3778	-0.31002
3780	-0.28657
3782	-0.26588
3784	-0.24622
3786	-0.22907
3788	-0.21427
3790	-0.20099
3792	-0.18849
3794	-0.17787
3796	-0.16676
3798	-0.15627
3800	-0.14604
3802	-0.13581
3804	-0.12654
3806	-0.11912
3808	-0.11283
3810	-0.10589
3812	-0.09978
3814	-0.09482
3816	-0.08902
3818	-0.08279
3820	-0.07805
3822	-0.07475
3824	-0.07059
3826	-0.06699
3828	-0.06361
3830	-0.06172
3832	-0.05937
3834	-0.05645
3836	-0.05401
3838	-0.05172
3840	-0.0501
3842	-0.04924
3844	-0.04642
3846	-0.04582
3848	-0.04363
3850	-0.04166
3852	-0.04102
3854	-0.03979
3856	-0.03841
3858	-0.03876
3860	-0.03817
3862	-0.03746
3864	-0.03644
3866	-0.0346
3868	-0.03404
3870	-0.03241
3872	-0.03052
3874	-0.02982
3876	-0.02914
3878	-0.02862
3880	-0.02865
3882	-0.02735
3884	-0.02658
3886	-0.02617
3888	-0.02502
3890	-0.02542
3892	-0.02603
3894	-0.02546
3896	-0.02493
3898	-0.02398
3900	-0.02256
3902	-0.02222
3904	-0.02093
3906	-0.02084
3908	-0.02102
3910	-0.02092
3912	-0.01919
3914	-0.01891
3916	-0.01947
3918	-0.01988
3920	-0.02008
3922	-0.01836
3924	-0.01655
3926	-0.01619
3928	-0.01642
3930	-0.0155
3932	-0.01378
3934	-0.01291
3936	-0.01349
3938	-0.01218
3940	-0.01202
3942	-0.01186
3944	-0.01275
3946	-0.01178
3948	-0.012
3950	-0.01297
3952	-0.01368
3954	-0.01243
3956	-0.01196
3958	-0.01214
3960	-0.01276
3962	-0.01346
3964	-0.012
3966	-0.01017
3968	-0.00988
3970	-0.00956
3972	-0.00924
3974	-0.01006
3976	-0.00955
3978	-0.00944
3980	-0.0089
3982	-0.00953
3984	-0.00973
3986	-0.0092
3988	-0.00801
3990	-0.00751
3992	-0.00661
3994	-0.00689
3996	-0.00757
3998	-0.00675
4000	-0.0048
4002	-0.00354
4004	-0.00301
4006	-0.00322
4008	-0.00212
4010	-0.00175
4012	-0.00179
4014	-3.64596E-4
4016	-0.00107
4018	-0.00176
4020	-7.50799E-4
4022	-1.67199E-4
4024	3.704E-4
4026	0.00126
4028	9.05983E-5
4030	6.41198E-4
4032	6.85607E-4
4034	0.00135
4036	8.26336E-4
4038	2.552E-4
4040	5.13065E-4
4042	-3.24071E-4
4044	-4.74206E-4
4046	3.79659E-4
4048	2.03523E-4
4050	-3.11612E-4
4052	2.12521E-5
4054	2.65117E-4
4056	7.79812E-5
4058	-4.10154E-4
4060	-3.8429E-4
4062	3.61575E-4
4064	2.14439E-4
4066	3.63039E-5
4068	-1.13832E-4
4070	-5.29967E-4
4072	5.38897E-4
4074	0.00164
4076	0.00139
4078	0.0012
4080	1.08563E-5
4082	6.83758E-4
4084	0.00108
4086	0.00168
4088	0.00284
4090	0.00158
4092	0.00107
4094	8.40167E-4
4096	0.00185
4098	0.00285
4100	0.00343
4102	0.00235
4104	0.00103
4106	-1.95424E-4
4108	-0.09821
4110	-0.68546
4112	-1.68409
4114	-2.80257
4116	-3.90163
4118	-4.93201
4120	-5.88233
4122	-6.73793
4124	-7.50169
4126	-8.15148
4128	-8.34853
4130	-7.94734
4132	-7.27456
4134	-6.52274
4136	-5.7776
4138	-5.0719
4140	-4.42483
4142	-3.83951
4144	-3.31943
4146	-2.86147
4148	-2.4616
4150	-2.11636
4152	-1.81961
4154	-1.56808
4156	-1.35545
4158	-1.17464
4160	-1.0229
4162	-0.89413
4164	-0.78607
4166	-0.6939
4168	-0.61639
4170	-0.55126
4172	-0.49608
4174	-0.44863
4176	-0.40876
4178	-0.37378
4180	-0.34287
4182	-0.31534
4184	-0.29156
4186	-0.26999
4188	-0.25077
4190	-0.23335
4192	-0.21836
4194	-0.20374
4196	-0.18996
4198	-0.17814
4200	-0.16572
4202	-0.15617
4204	-0.14632
4206	-0.1375
4208	-0.12966
4210	-0.12171
4212	-0.11262
4214	-0.10412
4216	-0.09783
4218	-0.09293
4220	-0.08781
4222	-0.08242
4224	-0.07876
4226	-0.07359
4228	-0.06876
4230	-0.06615
4232	-0.0631
4234	-0.06035
4236	-0.05722
4238	-0.054
4240	-0.05169
4242	-0.04966
4244	-0.04819
4246	-0.04748
4248	-0.04532
4250	-0.04484
4252	-0.04352
4254	-0.04122
4256	-0.03858
4258	-0.03725
4260	-0.03695
4262	-0.03643
4264	-0.03564
4266	-0.03423
4268	-0.03296
4270	-0.03144
4272	-0.03
4274	-0.02947
4276	-0.0282
4278	-0.02653
4280	-0.02632
4282	-0.02725
4284	-0.02761
4286	-0.02922
4288	-0.02878
4290	-0.02629
4292	-0.02498
4294	-0.02391
4296	-0.0234
4298	-0.0224
4300	-0.02179
4302	-0.02122
4304	-0.01982
4306	-0.01975
4308	-0.01978
4310	-0.01931
4312	-0.01805
4314	-0.01815
4316	-0.0178
4318	-0.01793
4320	-0.01692
4322	-0.01745
4324	-0.01781
4326	-0.01875
4328	-0.01796
4330	-0.01696
4332	-0.01656
4334	-0.01526
4336	-0.01563
4338	-0.0153
4340	-0.01433
4342	-0.01398
4344	-0.01408
4346	-0.01381
4348	-0.01462
4350	-0.01582
4352	-0.01537
4354	-0.01505
4356	-0.01523
4358	-0.01392
4360	-0.0129
4362	-0.01145
4364	-0.00955
4366	-0.01015
4368	-0.01096
4370	-0.01212
4372	-0.01004
4374	-0.00995
4376	-0.00861
4378	-0.00801
4380	-0.00807
4382	-0.0083
4384	-0.00797
4386	-0.00777
4388	-0.00745
4390	-0.00665
4392	-0.00725
4394	-0.00688
4396	-0.00658
4398	-0.0061
4400	-0.00613
4402	-0.00573
4404	-0.00507
4406	-0.00532
4408	-0.00605
4410	-0.00604
4412	-0.00465
4414	-0.00486
4416	-0.00495
4418	-0.00336
4420	-0.00253
4422	-0.00261
4424	-0.00279
4426	-0.00221
4428	-0.00168
4430	-0.00167
4432	-0.00227
4434	-0.00207
4436	-0.00144
4438	-7.61164E-4
4440	-0.00201
4442	-0.00258
4444	-0.00396
4446	-0.00405
4448	-0.00388
4450	-0.00313
4452	-0.00276
4454	-0.00231
4456	-0.00191
4458	-0.00123
4460	-0.00115
4462	-0.00185
4464	-0.00246
4466	-0.00164
4468	-0.00224
4470	-0.00331
4472	-0.00139
4474	-9.1362E-4
4476	-6.5048E-4
4478	3.37661E-4
4480	3.96802E-4
4482	0.00176
4484	0.00216
4486	0.00119
4488	-1.39636E-4
4490	0.00123
4492	0.00161
4494	0.00154
4496	7.85926E-4
4498	2.22067E-4
4500	-2.44792E-4
4502	-0.00178
4504	-7.07511E-4
4506	-7.47371E-4
4508	1.8277E-4
4510	-0.00112
4512	-0.08941
4514	-0.66277
4516	-1.66725
4518	-2.79306
4520	-3.90455
4522	-4.94901
4524	-5.90222
4526	-6.7646
4528	-7.53773
4530	-8.19689
4532	-8.42562
4534	-8.03993
4536	-7.36707
4538	-6.60993
4540	-5.85651
4542	-5.1458
4544	-4.49236
4546	-3.89976
4548	-3.37298
4550	-2.90951
4552	-2.50493
4554	-2.15422
4556	-1.85391
4558	-1.59851
4560	-1.38083
4562	-1.19667
4564	-1.04003
4566	-0.90901
4568	-0.79876
4570	-0.70695
4572	-0.62868
4574	-0.56296
4576	-0.50787
4578	-0.45858
4580	-0.41633
4582	-0.3807
4584	-0.34893
4586	-0.31948
4588	-0.29466
4590	-0.27343
4592	-0.25341
4594	-0.23579
4596	-0.22119
4598	-0.20796
4600	-0.19335
4602	-0.18034
4604	-0.16854
4606	-0.15798
4608	-0.14761
4610	-0.13766
4612	-0.12759
4614	-0.11846
4616	-0.11059
4618	-0.10534
4620	-0.0999
4622	-0.0937
4624	-0.08879
4626	-0.08335
4628	-0.07733
4630	-0.07391
4632	-0.0723
4634	-0.06754
4636	-0.06359
4638	-0.05965
4640	-0.05646
4642	-0.05467
4644	-0.05309
4646	-0.0504
4648	-0.04839
4650	-0.04499
4652	-0.04113
4654	-0.04037
4656	-0.03861
4658	-0.03684
4660	-0.0364
4662	-0.03534
4664	-0.03455
4666	-0.0347
4668	-0.03423
4670	-0.03329
4672	-0.03171
4674	-0.03131
4676	-0.02939
4678	-0.02809
4680	-0.02614
4682	-0.02592
4684	-0.02703
4686	-0.02686
4688	-0.02679
4690	-0.02524
4692	-0.02509
4694	-0.02473
4696	-0.02474
4698	-0.02459
4700	-0.02354
4702	-0.02286
4704	-0.0225
4706	-0.02163
4708	-0.02237
4710	-0.02227
4712	-0.02124
4714	-0.02158
4716	-0.02139
4718	-0.02146
4720	-0.02114
4722	-0.01972
4724	-0.0192
4726	-0.01897
4728	-0.01748
4730	-0.01748
4732	-0.01804
4734	-0.01694
4736	-0.01433
4738	-0.01395
4740	-0.01328
4742	-0.01347
4744	-0.01458
4746	-0.01516
4748	-0.01646
4750	-0.01578
4752	-0.01397
4754	-0.01244
4756	-0.01162
4758	-0.01255
4760	-0.01233
4762	-0.01192
4764	-0.01173
4766	-0.00963
4768	-0.00947
4770	-0.0105
4772	-0.00901
4774	-0.007
4776	-0.00679
4778	-0.00713
4780	-0.00691
4782	-0.0074
4784	-0.00767
4786	-0.00726
4788	-0.00671
4790	-0.00687
4792	-0.00703
4794	-0.00757
4796	-0.00717
4798	-0.00702
4800	-0.00673
4802	-0.00703
4804	-0.00722
4806	-0.00556
4808	-0.00427
4810	-0.00454
4812	-0.00446
4814	-0.00411
4816	-0.00306
4818	-0.00327
4820	-0.00313
4822	-0.00283
4824	-0.00395
4826	-0.00368
4828	-0.0033
4830	-0.00211
4832	-0.00202
4834	-0.00172
4836	-0.00199
4838	-0.00216
4840	-0.00361
4842	-0.00319
4844	-0.00112
4846	4.21156E-4
4848	-2.21463E-4
4850	-9.77194E-5
4852	-7.93976E-4
4854	-0.00269
4856	-9.93488E-4
4858	-7.02744E-4
4860	-4.02E-4
4862	3.67439E-5
4864	6.00488E-4
4866	0.00114
4868	8.58976E-4
4870	-4.63281E-4
4872	-0.00121
4874	6.17207E-4
4876	5.52951E-4
4878	5.11695E-4
4880	0.00122
4882	0.00229
4884	0.00181
4886	1.31671E-4
4888	-1.97585E-4
4890	-3.30842E-4
4892	-4.60098E-4
4894	-0.00105
4896	-8.16596E-4
4898	-7.89181E-4
4900	-0.00162
4902	-5.3349E-5
4904	0.00179
4906	0.00182
4908	0.00274
4910	0.00334
4912	0.00202
4914	9.85146E-4
4916	-0.0722
4918	-0.60943
4920	-1.59258
4922	-2.71664
4924	-3.83895
4926	-4.89689
4928	-5.87505
4930	-6.75285
4932	-7.53482
4934	-8.21144
4936	-8.48535
4938	-8.13746
4940	-7.47948
4942	-6.72395
4944	-5.96682
4946	-5.24914
4948	-4.5862
4950	-3.98378
4952	-3.44707
4954	-2.97459
4956	-2.56206
4958	-2.20565
4960	-1.89831
4962	-1.63507
4964	-1.41216
4966	-1.22459
4968	-1.06645
4970	-0.93147
4972	-0.81714
4974	-0.72102
4976	-0.64035
4978	-0.57276
4980	-0.51561
4982	-0.46615
4984	-0.42268
4986	-0.38586
4988	-0.35365
4990	-0.32408
4992	-0.29815
4994	-0.27695
4996	-0.25752
4998	-0.2401
5000	-0.22439
5002	-0.20934
5004	-0.19435
5006	-0.18119
5008	-0.17039
5010	-0.15911
5012	-0.14866
5014	-0.13874
5016	-0.12957
5018	-0.1219
5020	-0.11471
5022	-0.10771
5024	-0.10078
5026	-0.09671
5028	-0.09202
5030	-0.08671
5032	-0.08142
5034	-0.07659
5036	-0.07189
5038	-0.06844
5040	-0.06495
5042	-0.06123
5044	-0.05809
5046	-0.05519
5048	-0.05365
5050	-0.05114
5052	-0.04865
5054	-0.04583
5056	-0.04388
5058	-0.04226
5060	-0.04135
5062	-0.03994
5064	-0.03837
5066	-0.03715
5068	-0.03488
5070	-0.03458
5072	-0.03284
5074	-0.0322
5076	-0.03265
5078	-0.0324
5080	-0.03106
5082	-0.0291
5084	-0.028
5086	-0.02593
5088	-0.02614
5090	-0.02555
5092	-0.02539
5094	-0.02569
5096	-0.02571
5098	-0.02418
5100	-0.02265
5102	-0.02261
5104	-0.02199
5106	-0.02156
5108	-0.0215
5110	-0.02148
5112	-0.02128
5114	-0.02105
5116	-0.02012
5118	-0.01939
5120	-0.02025
5122	-0.01981
5124	-0.01855
5126	-0.01798
5128	-0.01782
5130	-0.01626
5132	-0.01656
5134	-0.01716
5136	-0.01746
5138	-0.01674
5140	-0.01595
5142	-0.0149
5144	-0.01341
5146	-0.0139
5148	-0.01582
5150	-0.01602
5152	-0.01492
5154	-0.01279
5156	-0.01114
5158	-0.01057
5160	-0.01054
5162	-0.00994
5164	-0.00913
5166	-0.0104
5168	-0.01046
5170	-0.01017
5172	-0.01036
5174	-0.01073
5176	-0.00998
5178	-0.00911
5180	-0.00843
5182	-0.00852
5184	-0.00951
5186	-0.01057
5188	-0.01057
5190	-0.0091
5192	-0.00931
5194	-0.01032
5196	-0.00805
5198	-0.00701
5200	-0.0072
5202	-0.00597
5204	-0.00668
5206	-0.00558
5208	-0.00487
5210	-0.00538
5212	-0.00517
5214	-0.00486
5216	-0.00528
5218	-0.00483
5220	-0.00374
5222	-0.00353
5224	-0.00366
5226	-0.00345
5228	-0.00155
5230	-0.00112
5232	-0.0016
5234	-0.00169
5236	-0.00197
5238	-0.00272
5240	-0.00361
5242	-0.00352
5244	-0.00322
5246	-0.00293
5248	-0.00366
5250	-0.00383
5252	-0.00447
5254	-0.0043
5256	-0.00413
5258	-0.00282
5260	-0.00358
5262	-0.00377
5264	-0.00384
5266	-0.00305
5268	-0.00274
5270	-0.00209
5272	-0.00174
5274	-0.00138
5276	-6.06388E-4
5278	-2.57891E-4
5280	6.68844E-5
5282	4.3489E-4
5284	5.30896E-4
5286	5.80902E-4
5288	9.65907E-4
5290	7.53913E-4
5292	0.00148
5294	0.00188
5296	0.00325
5298	0.00345
5300	0.00267
5302	0.00189
5304	0.00173
5306	0.0026
5308	0.0023
5310	0.00271
5312	0.00294
5314	0.00365
5316	0.00377
5318	0.00322
5320	-0.05211
5322	-0.53832
5324	-1.50486
5326	-2.63283
5328	-3.76781
5330	-4.84256
5332	-5.83508
5334	-6.73412
5336	-7.5365
5338	-8.22807
5340	-8.556
5342	-8.24839
5344	-7.60456
5346	-6.849
5348	-6.08557
5350	-5.35644
5352	-4.6825
5354	-4.07218
5356	-3.52567
5358	-3.04202
5360	-2.6205
5362	-2.25426
5364	-1.93941
5366	-1.66946
5368	-1.44107
5370	-1.24856
5372	-1.08639
5374	-0.94867
5376	-0.83269
5378	-0.73502
5380	-0.65307
5382	-0.58449
5384	-0.52629
5386	-0.4766
5388	-0.4328
5390	-0.3929
5392	-0.35993
5394	-0.33167
5396	-0.30603
5398	-0.28301
5400	-0.26267
5402	-0.24375
5404	-0.22677
5406	-0.21074
5408	-0.19645
5410	-0.18384
5412	-0.17174
5414	-0.15941
5416	-0.14962
5418	-0.14199
5420	-0.13335
5422	-0.12385
5424	-0.11606
5426	-0.11001
5428	-0.10354
5430	-0.09782
5432	-0.09193
5434	-0.08616
5436	-0.08291
5438	-0.07834
5440	-0.07429
5442	-0.07063
5444	-0.06788
5446	-0.06543
5448	-0.06271
5450	-0.06088
5452	-0.05778
5454	-0.05367
5456	-0.05162
5458	-0.05101
5460	-0.0494
5462	-0.0491
5464	-0.04604
5466	-0.04369
5468	-0.04257
5470	-0.04132
5472	-0.03971
5474	-0.03879
5476	-0.03839
5478	-0.03809
5480	-0.0376
5482	-0.03656
5484	-0.03499
5486	-0.03306
5488	-0.03139
5490	-0.03093
5492	-0.03054
5494	-0.03065
5496	-0.02935
5498	-0.02883
5500	-0.02878
5502	-0.02753
5504	-0.02496
5506	-0.02418
5508	-0.02336
5510	-0.02234
5512	-0.02177
5514	-0.02091
5516	-0.01995
5518	-0.01999
5520	-0.02027
5522	-0.02095
5524	-0.02037
5526	-0.02041
5528	-0.02031
5530	-0.01927
5532	-0.01921
5534	-0.01969
5536	-0.01872
5538	-0.01841
5540	-0.01868
5542	-0.01836
5544	-0.01745
5546	-0.01674
5548	-0.0169
5550	-0.01505
5552	-0.01397
5554	-0.01555
5556	-0.01656
5558	-0.01448
5560	-0.01428
5562	-0.01518
5564	-0.01379
5566	-0.01201
5568	-0.01139
5570	-0.01095
5572	-0.01043
5574	-0.01076
5576	-0.01057
5578	-0.00981
5580	-0.0102
5582	-0.00977
5584	-0.00972
5586	-0.00971
5588	-0.01011
5590	-0.01073
5592	-0.01204
5594	-0.01146
5596	-0.01023
5598	-0.00982
5600	-0.00989
5602	-0.00991
5604	-0.00936
5606	-0.00917
5608	-0.00978
5610	-0.00924
5612	-0.00875
5614	-0.00907
5616	-0.00843
5618	-0.00797
5620	-0.00666
5622	-0.0062
5624	-0.00532
5626	-0.0051
5628	-0.00488
5630	-0.00395
5632	-0.00345
5634	-0.00301
5636	-0.00317
5638	-0.00407
5640	-0.0051
5642	-0.00517
5644	-0.00489
5646	-0.00412
5648	-0.00392
5650	-0.0038
5652	-0.0036
5654	-0.00301
5656	-0.00369
5658	-0.00324
5660	-0.00319
5662	-0.00281
5664	-0.00234
5666	-0.00254
5668	-0.00221
5670	-0.00274
5672	-0.00172
5674	-0.00167
5676	-0.00125
5678	-0.0014
5680	-0.0011
5682	-4.63174E-4
5684	-7.47569E-4
5686	-0.00157
5688	-0.00138
5690	-0.00111
5692	-4.85149E-4
5694	-2.05445E-5
5696	0.0012
5698	0.00261
5700	0.00218
5702	0.00246
5704	0.00195
5706	8.54085E-4
5708	3.0869E-4
5710	-0.00136
5712	-0.00193
5714	-0.00206
5716	-0.00292
5718	-2.42216E-4
5720	6.46086E-4
5722	7.74388E-4
5724	-0.035
5726	-0.46357
5728	-1.39841
5730	-2.52319
5732	-3.66994
5734	-4.75867
5736	-5.76871
5738	-6.6818
5740	-7.4941
5742	-8.21337
5744	-8.61523
5746	-8.37237
5748	-7.75396
5750	-7.00257
5752	-6.23359
5754	-5.49619
5756	-4.80929
5758	-4.18465
5760	-3.62506
5762	-3.13051
5764	-2.69679
5766	-2.32032
5768	-1.99697
5770	-1.72205
5772	-1.48615
5774	-1.28727
5776	-1.11973
5778	-0.977
5780	-0.85703
5782	-0.75683
5784	-0.67152
5786	-0.59913
5788	-0.53756
5790	-0.48526
5792	-0.4395
5794	-0.39989
5796	-0.36552
5798	-0.33662
5800	-0.31168
5802	-0.28789
5804	-0.26645
5806	-0.24673
5808	-0.22904
5810	-0.21333
5812	-0.19906
5814	-0.18808
5816	-0.1752
5818	-0.16328
5820	-0.1522
5822	-0.142
5824	-0.1353
5826	-0.12705
5828	-0.1193
5830	-0.11195
5832	-0.10522
5834	-0.09803
5836	-0.09044
5838	-0.085
5840	-0.08093
5842	-0.07507
5844	-0.06975
5846	-0.06531
5848	-0.06212
5850	-0.05959
5852	-0.05602
5854	-0.05148
5856	-0.04974
5858	-0.0492
5860	-0.04675
5862	-0.04367
5864	-0.04226
5866	-0.03955
5868	-0.03758
5870	-0.03592
5872	-0.03614
5874	-0.03567
5876	-0.03348
5878	-0.03192
5880	-0.03099
5882	-0.03094
5884	-0.03063
5886	-0.03116
5888	-0.0311
5890	-0.02914
5892	-0.02753
5894	-0.0273
5896	-0.02615
5898	-0.02519
5900	-0.02468
5902	-0.02448
5904	-0.02408
5906	-0.02352
5908	-0.02153
5910	-0.0212
5912	-0.02113
5914	-0.02173
5916	-0.02143
5918	-0.02022
5920	-0.01866
5922	-0.01783
5924	-0.01742
5926	-0.01763
5928	-0.01827
5930	-0.01856
5932	-0.0191
5934	-0.01791
5936	-0.01672
5938	-0.01609
5940	-0.01433
5942	-0.01309
5944	-0.01194
5946	-0.01176
5948	-0.0102
5950	-0.0092
5952	-0.01033
5954	-0.01049
5956	-0.01047
5958	-0.01086
5960	-0.0111
5962	-0.01148
5964	-0.01125
5966	-0.01114
5968	-0.01063
5970	-0.0102
5972	-0.01143
5974	-0.01144
5976	-0.01079
5978	-0.01113
5980	-0.01104
5982	-0.01018
5984	-0.00862
5986	-0.00823
5988	-0.00944
5990	-0.01011
5992	-0.00792
5994	-0.00715
5996	-0.0065
5998	-0.00574
6000	-0.0057
6002	-0.00622
6004	-0.00619
6006	-0.00585
6008	-0.00508
6010	-0.00465
6012	-0.00359
6014	-0.00285
6016	-0.00211
6018	-0.00249
6020	-0.00326
6022	-0.00367
6024	-0.00296
6026	-0.00318
6028	-0.0036
6030	-0.00343
6032	-0.00307
6034	-0.002
6036	-0.00215
6038	-0.00248
6040	-0.00274
6042	-0.00291
6044	-0.00279
6046	-0.00271
6048	-0.00208
6050	-0.00304
6052	-0.00223
6054	-6.84115E-4
6056	-0.00199
6058	-0.00273
6060	-0.00172
6062	-0.00104
6064	0.00106
6066	0.00184
6068	0.00249
6070	0.00181
6072	0.00231
6074	0.00217
6076	0.00252
6078	0.0018
6080	0.00227
6082	0.002
6084	0.00115
6086	6.05161E-4
6088	8.79741E-4
6090	2.27321E-4
6092	-5.061E-4
6094	-5.9352E-4
6096	6.73647E-4
6098	3.91814E-4
6100	-1.43018E-4
6102	-0.001
6104	-0.00168
6106	-2.02517E-4
6108	0.0014
6110	0.00281
6112	0.00249
6114	0.00172
6116	0.0018
6118	0.00161
6120	9.44653E-4
6122	8.6982E-4
6124	9.99876E-5
6126	0.00134
6128	-0.02837
6130	-0.4177
6132	-1.33201
6134	-2.45512
6136	-3.61572
6138	-4.72432
6140	-5.74929
6142	-6.67949
6144	-7.51392
6146	-8.25055
6148	-8.69751
6150	-8.48662
6152	-7.87316
6154	-7.11665
6156	-6.33696
6158	-5.58607
6160	-4.88798
6162	-4.25413
6164	-3.68492
6166	-3.18231
6168	-2.74305
6170	-2.361
6172	-2.03158
6174	-1.74938
6176	-1.50925
6178	-1.30669
6180	-1.13414
6182	-0.9903
6184	-0.8692
6186	-0.7658
6188	-0.6783
6190	-0.60494
6192	-0.54285
6194	-0.48957
6196	-0.44265
6198	-0.40196
6200	-0.36777
6202	-0.33762
6204	-0.31179
6206	-0.28806
6208	-0.2671
6210	-0.24832
6212	-0.23113
6214	-0.2161
6216	-0.20192
6218	-0.18764
6220	-0.17468
6222	-0.16248
6224	-0.15177
6226	-0.14288
6228	-0.13406
6230	-0.12606
6232	-0.11778
6234	-0.11014
6236	-0.10331
6238	-0.0973
6240	-0.09148
6242	-0.08723
6244	-0.08311
6246	-0.0781
6248	-0.07458
6250	-0.07132
6252	-0.06718
6254	-0.06383
6256	-0.06068
6258	-0.05864
6260	-0.05666
6262	-0.05311
6264	-0.05123
6266	-0.04753
6268	-0.04495
6270	-0.04398
6272	-0.04176
6274	-0.03982
6276	-0.03768
6278	-0.0368
6280	-0.03607
6282	-0.03677
6284	-0.03513
6286	-0.03458
6288	-0.03255
6290	-0.0308
6292	-0.03058
6294	-0.02871
6296	-0.02791
6298	-0.02751
6300	-0.02677
6302	-0.02481
6304	-0.0255
6306	-0.02425
6308	-0.02277
6310	-0.02307
6312	-0.02321
6314	-0.02191
6316	-0.02113
6318	-0.02065
6320	-0.02006
6322	-0.01834
6324	-0.01996
6326	-0.02027
6328	-0.02022
6330	-0.02058
6332	-0.01952
6334	-0.02006
6336	-0.02087
6338	-0.01976
6340	-0.01957
6342	-0.01931
6344	-0.01712
6346	-0.01537
6348	-0.01605
6350	-0.01634
6352	-0.01563
6354	-0.01517
6356	-0.01527
6358	-0.01531
6360	-0.01466
6362	-0.01469
6364	-0.01385
6366	-0.01335
6368	-0.01223
6370	-0.01235
6372	-0.0125
6374	-0.01153
6376	-0.01025
6378	-0.01008
6380	-0.01159
6382	-0.01091
6384	-0.01031
6386	-0.00935
6388	-0.01111
6390	-0.01116
6392	-0.01023
6394	-0.01008
6396	-0.01038
6398	-0.0097
6400	-0.00859
6402	-0.00943
6404	-0.00965
6406	-0.00842
6408	-0.00829
6410	-0.00776
6412	-0.00726
6414	-0.00774
6416	-0.00855
6418	-0.00717
6420	-0.00678
6422	-0.00658
6424	-0.00512
6426	-0.00487
6428	-0.00519
6430	-0.0046
6432	-0.00366
6434	-0.00348
6436	-0.00461
6438	-0.00486
6440	-0.00569
6442	-0.00574
6444	-0.00561
6446	-0.00419
6448	-0.00316
6450	-0.00388
6452	-0.00444
6454	-0.00458
6456	-0.00299
6458	-0.00345
6460	-0.0029
6462	-0.00236
6464	-0.00235
6466	-0.00323
6468	-0.00382
6470	-0.00357
6472	-0.0045
6474	-0.00441
6476	-0.00355
6478	-0.00281
6480	-0.00244
6482	-8.20186E-4
6484	-9.53903E-4
6486	-0.00249
6488	-0.00206
6490	-0.00229
6492	-0.00185
6494	-8.33487E-4
6496	0.00126
6498	0.00217
6500	0.00205
6502	8.08646E-4
6504	-0.00113
6506	-0.00178
6508	-0.00134
6510	-5.71221E-4
6512	7.45062E-4
6514	0.00162
6516	0.00117
6518	0.00149
6520	0.00146
6522	3.64478E-4
6524	-8.12383E-5
6526	-2.57069E-4
6528	-2.1942E-4
6530	-0.00119
6532	-0.02654
6534	-0.39524
6536	-1.29812
6538	-2.42566
6540	-3.59317
6542	-4.70962
6544	-5.74395
6546	-6.68566
6548	-7.53344
6550	-8.2764
6552	-8.75193
6554	-8.58413
6556	-7.99178
6558	-7.23788
6560	-6.45346
6562	-5.69598
6564	-4.98876
6566	-4.34275
6568	-3.7654
6570	-3.2537
6572	-2.80384
6574	-2.41306
6576	-2.07867
6578	-1.79121
6580	-1.54541
6582	-1.33833
6584	-1.16186
6586	-1.01376
6588	-0.88931
6590	-0.78355
6592	-0.6942
6594	-0.62014
6596	-0.55537
6598	-0.5004
6600	-0.45293
6602	-0.4125
6604	-0.37849
6606	-0.34761
6608	-0.31901
6610	-0.29475
6612	-0.27246
6614	-0.25161
6616	-0.23307
6618	-0.21749
6620	-0.20332
6622	-0.19045
6624	-0.17721
6626	-0.16698
6628	-0.15818
6630	-0.14769
6632	-0.13739
6634	-0.12845
6636	-0.12194
6638	-0.11462
6640	-0.10816
6642	-0.1024
6644	-0.09516
6646	-0.08784
6648	-0.08171
6650	-0.07677
6652	-0.07201
6654	-0.06798
6656	-0.06437
6658	-0.06008
6660	-0.05799
6662	-0.05375
6664	-0.05119
6666	-0.04936
6668	-0.04717
6670	-0.04465
6672	-0.04392
6674	-0.04381
6676	-0.04236
6678	-0.04022
6680	-0.03751
6682	-0.03642
6684	-0.03474
6686	-0.0332
6688	-0.03176
6690	-0.02995
6692	-0.02883
6694	-0.02817
6696	-0.02815
6698	-0.02827
6700	-0.02734
6702	-0.02641
6704	-0.02633
6706	-0.02626
6708	-0.02603
6710	-0.02431
6712	-0.02228
6714	-0.02252
6716	-0.02268
6718	-0.02299
6720	-0.02214
6722	-0.01967
6724	-0.01886
6726	-0.01866
6728	-0.01858
6730	-0.01896
6732	-0.01851
6734	-0.01734
6736	-0.01668
6738	-0.01806
6740	-0.01774
6742	-0.01691
6744	-0.01571
6746	-0.01478
6748	-0.01484
6750	-0.01635
6752	-0.01675
6754	-0.01555
6756	-0.01405
6758	-0.01321
6760	-0.01266
6762	-0.01367
6764	-0.01329
6766	-0.01231
6768	-0.01169
6770	-0.01137
6772	-0.01052
6774	-0.00954
6776	-0.01003
6778	-0.0105
6780	-0.0097
6782	-0.00865
6784	-0.00795
6786	-0.00821
6788	-0.00867
6790	-0.00986
6792	-0.01055
6794	-0.01001
6796	-0.00911
6798	-0.0091
6800	-0.00783
6802	-0.00774
6804	-0.00888
6806	-0.00821
6808	-0.00802
6810	-0.00706
6812	-0.0071
6814	-0.00646
6816	-0.00591
6818	-0.00595
6820	-0.00521
6822	-0.00531
6824	-0.00537
6826	-0.00464
6828	-0.00398
6830	-0.00551
6832	-0.00614
6834	-0.00503
6836	-0.00403
6838	-0.00407
6840	-0.00374
6842	-0.00289
6844	-0.00335
6846	-0.0045
6848	-0.00403
6850	-0.00309
6852	-0.00247
6854	-0.00411
6856	-0.00366
6858	-0.00362
6860	-0.00467
6862	-0.00506
6864	-0.00388
6866	-0.00318
6868	-0.00277
6870	-0.00302
6872	-0.00342
6874	-0.00221
6876	-0.00109
6878	-0.00104
6880	-2.76415E-4
6882	-0.00101
6884	-0.00113
6886	-5.46628E-4
6888	-3.95033E-4
6890	-0.00132
6892	-8.60841E-4
6894	7.79754E-4
6896	6.8635E-4
6898	-1.39054E-4
6900	-0.00102
6902	4.11368E-5
6904	5.37732E-4
6906	3.76328E-4
6908	2.70924E-4
6910	0.00124
6912	0.00107
6914	3.22717E-4
6916	3.57229E-4
6918	0.00209
6920	0.00146
6922	0.00173
6924	0.00121
6926	0.00122
6928	0.00118
6930	7.58812E-4
6932	0.00194
6934	0.00297
6936	-0.01304
6938	-0.33293
6940	-1.20738
6942	-2.33165
6944	-3.50571
6946	-4.6371
6948	-5.68878
6950	-6.64769
6952	-7.51221
6954	-8.27233
6956	-8.7979
6958	-8.69076
6960	-8.12395
6962	-7.37772
6964	-6.5894
6966	-5.8241
6968	-5.10667
6970	-4.44971
6972	-3.85982
6974	-3.33834
6976	-2.8772
6978	-2.47741
6980	-2.13396
6982	-1.83808
6984	-1.58551
6986	-1.3716
6988	-1.19044
6990	-1.03689
6992	-0.90847
6994	-0.80055
6996	-0.70809
6998	-0.62926
7000	-0.56325
7002	-0.50653
7004	-0.45849
7006	-0.41776
7008	-0.38161
7010	-0.34988
7012	-0.32223
7014	-0.29759
7016	-0.27633
7018	-0.25552
7020	-0.23687
7022	-0.22032
7024	-0.20542
7026	-0.19229
7028	-0.18136
7030	-0.1698
7032	-0.1582
7034	-0.14783
7036	-0.13738
7038	-0.12842
7040	-0.12083
7042	-0.11149
7044	-0.10444
7046	-0.09818
7048	-0.09183
7050	-0.08688
7052	-0.08085
7054	-0.07589
7056	-0.07228
7058	-0.06908
7060	-0.0646
7062	-0.06162
7064	-0.05747
7066	-0.05477
7068	-0.05229
7070	-0.05001
7072	-0.04854
7074	-0.04561
7076	-0.04257
7078	-0.04029
7080	-0.03859
7082	-0.03772
7084	-0.03704
7086	-0.03667
7088	-0.03448
7090	-0.03359
7092	-0.03173
7094	-0.0307
7096	-0.02962
7098	-0.02921
7100	-0.0279
7102	-0.02656
7104	-0.02671
7106	-0.02738
7108	-0.02619
7110	-0.02457
7112	-0.0239
7114	-0.02296
7116	-0.02306
7118	-0.02275
7120	-0.02243
7122	-0.0209
7124	-0.02138
7126	-0.02195
7128	-0.02205
7130	-0.02147
7132	-0.02123
7134	-0.0201
7136	-0.02066
7138	-0.01967
7140	-0.01854
7142	-0.01565
7144	-0.01587
7146	-0.01777
7148	-0.01663
7150	-0.01472
7152	-0.01589
7154	-0.01645
7156	-0.01686
7158	-0.01711
7160	-0.01646
7162	-0.01494
7164	-0.0146
7166	-0.0137
7168	-0.01313
7170	-0.01189
7172	-0.0118
7174	-0.01226
7176	-0.01253
7178	-0.01335
7180	-0.01255
7182	-0.01177
7184	-0.01187
7186	-0.01044
7188	-0.0097
7190	-0.01025
7192	-0.01107
7194	-0.01013
7196	-0.00993
7198	-0.01144
7200	-0.01046
7202	-0.00869
7204	-0.00809
7206	-0.00846
7208	-0.00825
7210	-0.00872
7212	-0.00738
7214	-0.00767
7216	-0.00773
7218	-0.0064
7220	-0.00699
7222	-0.0079
7224	-0.00668
7226	-0.00674
7228	-0.00548
7230	-0.00651
7232	-0.00709
7234	-0.007
7236	-0.00694
7238	-0.00678
7240	-0.0041
7242	-0.0047
7244	-0.00623
7246	-0.00477
7248	-0.00495
7250	-0.00575
7252	-0.00432
7254	-0.00357
7256	-0.00352
7258	-0.00447
7260	-0.00395
7262	-0.00361
7264	-0.00374
7266	-0.00426
7268	-0.00295
7270	-0.00234
7272	-0.00161
7274	-7.40416E-4
7276	-0.00125
7278	-0.00219
7280	-0.00183
7282	-0.00266
7284	-0.00301
7286	-0.00171
7288	-0.0016
7290	-0.0027
7292	-0.00349
7294	-0.00327
7296	-0.0029
7298	-0.00265
7300	-0.00176
7302	-2.60127E-4
7304	6.47787E-4
7306	1.50702E-4
7308	0.00103
7310	7.7753E-4
7312	-6.55556E-5
7314	9.94359E-4
7316	0.00205
7318	0.00129
7320	6.55101E-4
7322	4.55016E-4
7324	7.92979E-6
7326	-6.00156E-4
7328	-1.31242E-4
7330	-6.24327E-4
7332	3.20587E-4
7334	1.76501E-4
7336	-2.40585E-4
7338	-4.46705E-5
7340	-0.01178
7342	-0.29466
7344	-1.13264
7346	-2.24718
7348	-3.42947
7350	-4.56627
7352	-5.63627
7354	-6.6098
7356	-7.48504
7358	-8.26136
7360	-8.82458
7362	-8.77127
7364	-8.23324
7366	-7.49265
7368	-6.7
7370	-5.92678
7372	-5.20012
7374	-4.53442
7376	-3.93361
7378	-3.40074
7380	-2.93268
7382	-2.5252
7384	-2.17416
7386	-1.87251
7388	-1.61534
7390	-1.39669
7392	-1.21187
7394	-1.05558
7396	-0.92453
7398	-0.81294
7400	-0.72109
7402	-0.64275
7404	-0.57494
7406	-0.51774
7408	-0.46892
7410	-0.42589
7412	-0.38948
7414	-0.35683
7416	-0.32905
7418	-0.30286
7420	-0.28068
7422	-0.26189
7424	-0.24277
7426	-0.22564
7428	-0.21217
7430	-0.19866
7432	-0.18444
7434	-0.17311
7436	-0.16133
7438	-0.14981
7440	-0.13857
7442	-0.12936
7444	-0.12171
7446	-0.1134
7448	-0.1071
7450	-0.1009
7452	-0.09368
7454	-0.08747
7456	-0.08235
7458	-0.07838
7460	-0.07565
7462	-0.0716
7464	-0.06626
7466	-0.06292
7468	-0.05934
7470	-0.0561
7472	-0.05417
7474	-0.05211
7476	-0.05002
7478	-0.04785
7480	-0.04575
7482	-0.04435
7484	-0.04214
7486	-0.04116
7488	-0.03989
7490	-0.03882
7492	-0.03696
7494	-0.03548
7496	-0.03452
7498	-0.03288
7500	-0.03246
7502	-0.03173
7504	-0.03141
7506	-0.02933
7508	-0.02746
7510	-0.02526
7512	-0.02601
7514	-0.02488
7516	-0.02332
7518	-0.02368
7520	-0.02376
7522	-0.02335
7524	-0.02236
7526	-0.02053
7528	-0.01985
7530	-0.01871
7532	-0.01867
7534	-0.01856
7536	-0.01929
7538	-0.01904
7540	-0.01897
7542	-0.02006
7544	-0.0204
7546	-0.01943
7548	-0.01881
7550	-0.01857
7552	-0.01732
7554	-0.01624
7556	-0.01725
7558	-0.01654
7560	-0.01525
7562	-0.01455
7564	-0.01447
7566	-0.01322
7568	-0.01196
7570	-0.011
7572	-0.01145
7574	-0.01066
7576	-0.01077
7578	-0.0119
7580	-0.01296
7582	-0.01212
7584	-0.01214
7586	-0.01261
7588	-0.01182
7590	-0.01118
7592	-0.01116
7594	-0.01078
7596	-0.01103
7598	-0.01075
7600	-0.01116
7602	-0.01059
7604	-0.01055
7606	-0.01032
7608	-0.01051
7610	-0.00923
7612	-0.00866
7614	-0.00931
7616	-0.00781
7618	-0.00858
7620	-0.00931
7622	-0.00764
7624	-0.00651
7626	-0.00645
7628	-0.00608
7630	-0.00491
7632	-0.00379
7634	-0.00443
7636	-0.00575
7638	-0.00677
7640	-0.00755
7642	-0.00638
7644	-0.00509
7646	-0.00475
7648	-0.00558
7650	-0.0054
7652	-0.00446
7654	-0.00396
7656	-0.00389
7658	-0.00279
7660	-0.0019
7662	-0.00175
7664	-0.00237
7666	-0.00195
7668	-0.0024
7670	-0.0026
7672	-0.00244
7674	-0.00321
7676	-0.00267
7678	-0.00274
7680	-0.0026
7682	-0.00295
7684	-0.00293
7686	-0.00348
7688	-0.00277
7690	-0.00272
7692	-0.0026
7694	-0.00232
7696	-0.00175
7698	-0.00124
7700	-0.00166
7702	-0.00136
7704	-3.44399E-4
7706	-7.88864E-4
7708	-0.00104
7710	-9.2793E-5
7712	5.77742E-4
7714	8.54278E-4
7716	8.79813E-4
7718	5.05348E-4
7720	0.00151
7722	0.00119
7724	0.00101
7726	0.00114
7728	0.00121
7730	0.00151
7732	0.00117
7734	1.4142E-4
7736	-3.45997E-4
7738	-4.83415E-4
7740	-3.26832E-4
7742	-2.91249E-4
7744	-0.00581
7746	-0.233
7748	-1.02031
7750	-2.12656
7752	-3.32213
7754	-4.47993
7756	-5.56423
7758	-6.54877
7760	-7.44197
7762	-8.23948
7764	-8.84812
7766	-8.85857
7768	-8.34943
7770	-7.6203
7772	-6.83013
7774	-6.05157
7776	-5.31828
7778	-4.64471
7780	-4.03514
7782	-3.49195
7784	-3.01488
7786	-2.59876
7788	-2.23775
7790	-1.92806
7792	-1.66292
7794	-1.43748
7796	-1.2466
7798	-1.08633
7800	-0.94979
7802	-0.83512
7804	-0.73905
7806	-0.65836
7808	-0.58741
7810	-0.52821
7812	-0.47775
7814	-0.43394
7816	-0.39378
7818	-0.36046
7820	-0.33041
7822	-0.30481
7824	-0.28103
7826	-0.26082
7828	-0.24303
7830	-0.22535
7832	-0.20933
7834	-0.19344
7836	-0.17955
7838	-0.16832
7840	-0.15831
7842	-0.14852
7844	-0.13903
7846	-0.13131
7848	-0.12233
7850	-0.11356
7852	-0.10748
7854	-0.10161
7856	-0.09419
7858	-0.08717
7860	-0.08096
7862	-0.07626
7864	-0.0714
7866	-0.06782
7868	-0.06491
7870	-0.06127
7872	-0.05779
7874	-0.05524
7876	-0.05304
7878	-0.04954
7880	-0.04712
7882	-0.04561
7884	-0.04289
7886	-0.04017
7888	-0.03787
7890	-0.03592
7892	-0.03508
7894	-0.03512
7896	-0.03443
7898	-0.03292
7900	-0.03132
7902	-0.03033
7904	-0.02893
7906	-0.02796
7908	-0.02749
7910	-0.02612
7912	-0.0263
7914	-0.0265
7916	-0.0248
7918	-0.02396
7920	-0.02315
7922	-0.02213
7924	-0.02193
7926	-0.02091
7928	-0.0203
7930	-0.0191
7932	-0.01905
7934	-0.01728
7936	-0.01755
7938	-0.0175
7940	-0.01717
7942	-0.01589
7944	-0.01513
7946	-0.01448
7948	-0.01318
7950	-0.01281
7952	-0.01209
7954	-0.01161
7956	-0.01081
7958	-0.01162
7960	-0.01197
7962	-0.01272
7964	-0.01257
7966	-0.01151
7968	-0.01103
7970	-0.01034
7972	-0.01064
7974	-0.00956
7976	-0.00891
7978	-0.00949
7980	-0.00989
7982	-0.01001
7984	-0.00968
7986	-0.00909
7988	-0.00908
7990	-0.01011
7992	-0.00917
7994	-0.00776
7996	-0.00864
7998	-0.00858
8000	-0.00797
8002	-0.00688
8004	-0.00693
8006	-0.00626
8008	-0.00536
8010	-0.00608
8012	-0.00637
8014	-0.00555
8016	-0.00451
8018	-0.00371
8020	-0.00304
8022	-0.00146
8024	-7.50346E-4
8026	-0.00147
8028	-0.00186
8030	-0.00127
8032	-5.63779E-4
8034	-3.88638E-4
8036	-5.05496E-4
8038	-0.00208
8040	-0.00165
8042	-0.00191
8044	-9.59929E-4
8046	1.95212E-4
8048	8.28354E-4
8050	5.53496E-4
8052	5.76637E-4
8054	0.0018
8056	0.00153
8058	0.00104
8060	9.56204E-4
8062	-2.35887E-5
8064	1.62093E-4
8066	0.0012
8068	0.00121
8070	0.00132
8072	2.71821E-4
8074	-3.51497E-4
8076	-5.73815E-4
8078	-0.00169
8080	-0.00164
8082	-0.00112
8084	-0.00126
8086	-4.84405E-4
8088	5.30277E-4
8090	0.00145
8092	6.06641E-4
8094	3.97323E-4
8096	8.86005E-4
8098	0.00117
8100	6.79369E-4
8102	2.99051E-4
8104	6.28733E-4
8106	-9.15848E-5
8108	-1.88903E-4
8110	-8.29126E-4
8112	-3.65063E-4
8114	-4.17E-4
8116	-7.20937E-4
8118	-9.31874E-4
8120	-0.0016
8122	-3.17748E-4
8124	0.00111
8126	0.00207
8128	0.00251
8130	0.00295
8132	0.00178
8134	0.00146
8136	0.00293
8138	0.00363
8140	0.00191
8142	0.00202
8144	0.00326
8146	0.00346
8148	-0.00231
8150	-0.2083
8152	-0.97837
8154	-2.08293
8156	-3.27735
8158	-4.44345
8160	-5.54136
8162	-6.54488
8164	-7.44983
8166	-8.25559
8168	-8.88713
8170	-8.94014
8172	-8.45122
8174	-7.72662
8176	-6.93041
8178	-6.14277
8180	-5.39643
8182	-4.71047
8184	-4.09296
8186	-3.54247
8188	-3.05719
8190	-2.63452
8192	-2.26909
8194	-1.95477
8196	-1.68805
8198	-1.46169
8200	-1.26921
8202	-1.10689
8204	-0.9695
8206	-0.85418
8208	-0.75868
8210	-0.67602
8212	-0.60464
8214	-0.54506
8216	-0.49415
8218	-0.4507
8220	-0.41182
8222	-0.37772
8224	-0.34838
8226	-0.32247
8228	-0.29765
8230	-0.27569
8232	-0.25567
8234	-0.23792
8236	-0.22128
8238	-0.20548
8240	-0.19065
8242	-0.17771
8244	-0.16659
8246	-0.15708
8248	-0.14736
8250	-0.13848
8252	-0.12895
8254	-0.11981
8256	-0.11244
8258	-0.10656
8260	-0.10127
8262	-0.09638
8264	-0.09067
8266	-0.08491
8268	-0.08024
8270	-0.0756
8272	-0.07101
8274	-0.06698
8276	-0.06228
8278	-0.05875
8280	-0.05669
8282	-0.05296
8284	-0.05083
8286	-0.04902
8288	-0.04584
8290	-0.04308
8292	-0.04094
8294	-0.03978
8296	-0.03732
8298	-0.03544
8300	-0.03301
8302	-0.03214
8304	-0.03059
8306	-0.03091
8308	-0.03059
8310	-0.02971
8312	-0.02786
8314	-0.02787
8316	-0.02734
8318	-0.0262
8320	-0.02406
8322	-0.0242
8324	-0.0252
8326	-0.02413
8328	-0.02295
8330	-0.02337
8332	-0.02312
8334	-0.02244
8336	-0.02215
8338	-0.02287
8340	-0.02159
8342	-0.02245
8344	-0.0214
8346	-0.02041
8348	-0.02046
8350	-0.01997
8352	-0.01979
8354	-0.01897
8356	-0.01789
8358	-0.01729
8360	-0.01613
8362	-0.01715
8364	-0.0164
8366	-0.01545
8368	-0.0146
8370	-0.01448
8372	-0.01434
8374	-0.01491
8376	-0.01534
8378	-0.01503
8380	-0.01481
8382	-0.01454
8384	-0.01509
8386	-0.01498
8388	-0.01432
8390	-0.01337
8392	-0.01225
8394	-0.01204
8396	-0.01182
8398	-0.01064
8400	-0.01018
8402	-0.01004
8404	-0.00914
8406	-0.00965
8408	-0.01009
8410	-0.00998
8412	-0.01156
8414	-0.01267
8416	-0.01122
8418	-0.01121
8420	-0.01049
8422	-0.01022
8424	-0.00951
8426	-0.00836
8428	-0.00681
8430	-0.00696
8432	-0.00773
8434	-0.00781
8436	-0.00654
8438	-0.00631
8440	-0.00647
8442	-0.00675
8444	-0.00497
8446	-0.00412
8448	-0.00605
8450	-0.00633
8452	-0.00581
8454	-0.00558
8456	-0.00457
8458	-0.00425
8460	-0.00522
8462	-0.00474
8464	-0.00398
8466	-0.00331
8468	-0.00251
8470	-9.33015E-4
8472	-8.3045E-4
8474	-0.002
8476	-0.00278
8478	-0.00293
8480	-0.00189
8482	-0.00179
8484	-0.00232
8486	-0.00317
8488	-0.0033
8490	-0.00244
8492	-0.00181
8494	-0.00147
8496	-0.00115
8498	-0.00164
8500	-0.00233
8502	-0.00237
8504	-0.00169
8506	-0.00233
8508	-0.0022
8510	-0.00169
8512	-4.39833E-4
8514	-1.01198E-4
8516	-4.22563E-4
8518	7.92072E-4
8520	6.19706E-4
8522	-8.26588E-5
8524	-0.00119
8526	-6.68389E-4
8528	5.18246E-4
8530	9.7888E-4
8532	5.49515E-4
8534	-2.5185E-4
8536	6.78458E-6
8538	-6.63581E-4
8540	-7.80946E-4
8542	-4.94544E-4
8544	5.65311E-4
8546	7.31166E-4
8548	-8.14979E-4
8550	-6.61124E-4
8552	-0.00301
8554	-0.16485
8556	-0.87511
8558	-1.96339
8560	-3.16438
8562	-4.34503
8564	-5.45854
8566	-6.48211
8568	-7.408
8570	-8.22854
8572	-8.89345
8574	-9.02136
8576	-8.57794
8578	-7.87206
8580	-7.07872
8582	-6.28575
8584	-5.53183
8586	-4.83379
8588	-4.20126
8590	-3.63728
8592	-3.13958
8594	-2.70636
8596	-2.33089
8598	-2.00739
8600	-1.73127
8602	-1.49733
8604	-1.29875
8606	-1.13118
8608	-0.99102
8610	-0.87252
8612	-0.77143
8614	-0.68726
8616	-0.61437
8618	-0.55158
8620	-0.49852
8622	-0.45352
8624	-0.41381
8626	-0.37791
8628	-0.34727
8630	-0.32118
8632	-0.29581
8634	-0.27284
8636	-0.25335
8638	-0.23524
8640	-0.21917
8642	-0.20448
8644	-0.19003
8646	-0.17816
8648	-0.16667
8650	-0.1566
8652	-0.14675
8654	-0.1372
8656	-0.12726
8658	-0.11866
8660	-0.11102
8662	-0.10496
8664	-0.09838
8666	-0.09034
8668	-0.08537
8670	-0.08101
8672	-0.07555
8674	-0.07063
8676	-0.06705
8678	-0.0646
8680	-0.06057
8682	-0.05818
8684	-0.05577
8686	-0.0531
8688	-0.05111
8690	-0.04912
8692	-0.04711
8694	-0.04559
8696	-0.04373
8698	-0.04172
8700	-0.04048
8702	-0.03887
8704	-0.03605
8706	-0.03373
8708	-0.033
8710	-0.03134
8712	-0.0282
8714	-0.02749
8716	-0.02666
8718	-0.02688
8720	-0.0277
8722	-0.02712
8724	-0.02491
8726	-0.02556
8728	-0.0273
8730	-0.02729
8732	-0.02611
8734	-0.02612
8736	-0.02568
8738	-0.02523
8740	-0.02459
8742	-0.02359
8744	-0.02387
8746	-0.02251
8748	-0.02012
8750	-0.01868
8752	-0.01895
8754	-0.01876
8756	-0.01817
8758	-0.01793
8760	-0.01737
8762	-0.01817
8764	-0.01804
8766	-0.01683
8768	-0.01451
8770	-0.0137
8772	-0.0121
8774	-0.01121
8776	-0.01118
8778	-0.01239
8780	-0.0126
8782	-0.01249
8784	-0.01266
8786	-0.01328
8788	-0.01263
8790	-0.01263
8792	-0.0118
8794	-0.012
8796	-0.01111
8798	-0.01138
8800	-0.0106
8802	-0.00999
8804	-0.00936
8806	-0.00948
8808	-0.01024
8810	-0.01037
8812	-0.00922
8814	-0.0087
8816	-0.00713
8818	-0.00733
8820	-0.0084
8822	-0.00872
8824	-0.00871
8826	-0.00722
8828	-0.00701
8830	-0.00634
8832	-0.00688
8834	-0.00821
8836	-0.00827
8838	-0.0078
8840	-0.00783
8842	-0.00683
8844	-0.00663
8846	-0.00713
8848	-0.00774
8850	-0.00779
8852	-0.0077
8854	-0.00795
8856	-0.00816
8858	-0.0073
8860	-0.00647
8862	-0.0056
8864	-0.00463
8866	-0.0042
8868	-0.00514
8870	-0.0055
8872	-0.00447
8874	-0.00362
8876	-0.00244
8878	-0.00234
8880	-0.00188
8882	-0.00194
8884	-0.00216
8886	-0.00182
8888	-0.00125
8890	-0.00156
8892	-0.00149
8894	-0.00236
8896	-0.00294
8898	-0.00179
8900	-0.00252
8902	-0.00257
8904	-0.00252
8906	-0.00227
8908	-7.39318E-4
8910	4.12649E-4
8912	2.11616E-4
8914	2.80584E-4
8916	-3.92449E-4
8918	1.82519E-4
8920	2.23486E-4
8922	0.00118
8924	4.09421E-4
8926	9.01521E-5
8928	4.45789E-4
8930	-5.38574E-4
8932	-5.25937E-4
8934	3.99699E-4
8936	3.73336E-4
8938	0.00192
8940	0.00257
8942	0.00145
8944	3.20883E-4
8946	6.8652E-4
8948	0.00107
8950	1.04794E-4
8952	6.54307E-5
8954	2.62067E-4
8956	-1.54296E-4
8958	-0.12643
8960	-0.78058
8962	-1.84865
8964	-3.05127
8966	-4.24775
8968	-5.37265
8970	-6.40489
8972	-7.34361
8974	-8.18557
8976	-8.88763
8978	-9.09168
8980	-8.68763
8982	-7.98965
8984	-7.19172
8986	-6.38951
8988	-5.62607
8990	-4.9189
8992	-4.27749
8994	-3.70483
8996	-3.19965
8998	-2.75824
9000	-2.37419
9002	-2.04413
9004	-1.7635
9006	-1.52464
9008	-1.3216
9010	-1.14991
9012	-1.0057
9014	-0.88477
9016	-0.78144
9018	-0.69455
9020	-0.6212
9022	-0.55913
9024	-0.50408
9026	-0.45751
9028	-0.41762
9030	-0.38194
9032	-0.35113
9034	-0.32438
9036	-0.29977
9038	-0.27756
9040	-0.25702
9042	-0.23876
9044	-0.22199
9046	-0.20647
9048	-0.19233
9050	-0.17975
9052	-0.16782
9054	-0.15625
9056	-0.14608
9058	-0.13628
9060	-0.12647
9062	-0.11868
9064	-0.11069
9066	-0.10316
9068	-0.09585
9070	-0.09066
9072	-0.08465
9074	-0.07976
9076	-0.07597
9078	-0.07223
9080	-0.06822
9082	-0.06364
9084	-0.06104
9086	-0.05886
9088	-0.0545
9090	-0.05198
9092	-0.04949
9094	-0.04676
9096	-0.04406
9098	-0.04188
9100	-0.0405
9102	-0.03836
9104	-0.03719
9106	-0.03596
9108	-0.03402
9110	-0.03284
9112	-0.03134
9114	-0.02877
9116	-0.0276
9118	-0.02624
9120	-0.02386
9122	-0.02373
9124	-0.02333
9126	-0.02314
9128	-0.02251
9130	-0.02206
9132	-0.02228
9134	-0.02359
9136	-0.02178
9138	-0.02084
9140	-0.02015
9142	-0.01847
9144	-0.01772
9146	-0.01789
9148	-0.01737
9150	-0.01629
9152	-0.01629
9154	-0.01624
9156	-0.01565
9158	-0.01495
9160	-0.013
9162	-0.01201
9164	-0.0128
9166	-0.0138
9168	-0.0127
9170	-0.01101
9172	-0.01035
9174	-0.01072
9176	-0.0113
9178	-0.0108
9180	-0.01015
9182	-0.01
9184	-0.01099
9186	-0.01165
9188	-0.01116
9190	-0.01046
9192	-0.0112
9194	-0.01083
9196	-0.00892
9198	-0.00785
9200	-0.00751
9202	-0.0073
9204	-0.00812
9206	-0.0077
9208	-0.00785
9210	-0.00703
9212	-0.00574
9214	-0.00494
9216	-0.00539
9218	-0.00735
9220	-0.00783
9222	-0.00763
9224	-0.00616
9226	-0.00544
9228	-0.00499
9230	-0.00608
9232	-0.00473
9234	-0.00399
9236	-0.00286
9238	-0.00239
9240	-0.0023
9242	-0.0033
9244	-0.00438
9246	-0.00397
9248	-0.00291
9250	-0.00204
9252	-0.00141
9254	-0.00158
9256	-0.00162
9258	-0.0017
9260	-0.00127
9262	-0.00127
9264	-0.00119
9266	-0.00196
9268	-0.00299
9270	-0.00322
9272	-0.00224
9274	-0.0014
9276	-1.66498E-4
9278	-9.90516E-4
9280	-0.00134
9282	-0.00202
9284	-5.50569E-4
9286	-8.82587E-4
9288	-0.00199
9290	-0.00217
9292	-0.00207
9294	-0.00152
9296	-4.67676E-4
9298	-4.57694E-4
9300	4.72882E-5
9302	-6.8973E-4
9304	-7.65747E-4
9306	-2.18765E-4
9308	7.55792E-4
9310	9.42916E-4
9312	3.4104E-4
9314	3.54164E-4
9316	9.61288E-4
9318	0.00161
9320	8.89536E-4
9322	1.8366E-4
9324	3.34784E-4
9326	1.60908E-4
9328	0.00214
9330	0.00293
9332	0.00323
9334	0.00228
9336	0.00258
9338	0.00262
9340	0.00378
9342	0.00439
9344	0.00461
9346	0.00421
9348	0.00427
9350	0.00388
9352	0.00441
9354	0.0038
9356	0.00375
9358	0.00378
9360	0.00112
9362	-0.12102
9364	-0.76905
9366	-1.83393
9368	-3.03425
9370	-4.23788
9372	-5.37109
9374	-6.41315
9376	-7.36022
9378	-8.20696
9380	-8.91945
9382	-9.15855
9384	-8.78518
9386	-8.09863
9388	-7.29958
9390	-6.49195
9392	-5.71876
9394	-5.00404
9396	-4.35418
9398	-3.77231
9400	-3.25781
9402	-2.80819
9404	-2.41933
9406	-2.08508
9408	-1.79834
9410	-1.55442
9412	-1.34743
9414	-1.1722
9416	-1.02511
9418	-0.90052
9420	-0.79487
9422	-0.70564
9424	-0.6294
9426	-0.56524
9428	-0.51048
9430	-0.46347
9432	-0.42242
9434	-0.387
9436	-0.35553
9438	-0.32692
9440	-0.3018
9442	-0.28023
9444	-0.26034
9446	-0.24133
9448	-0.22373
9450	-0.20803
9452	-0.19376
9454	-0.18202
9456	-0.17084
9458	-0.15832
9460	-0.14807
9462	-0.13861
9464	-0.12905
9466	-0.12058
9468	-0.1123
9470	-0.10513
9472	-0.09809
9474	-0.09105
9476	-0.08652
9478	-0.08086
9480	-0.07713
9482	-0.07213
9484	-0.06853
9486	-0.06526
9488	-0.06214
9490	-0.05861
9492	-0.05451
9494	-0.04981
9496	-0.04693
9498	-0.04398
9500	-0.04171
9502	-0.04127
9504	-0.04013
9506	-0.03933
9508	-0.03816
9510	-0.03604
9512	-0.03309
9514	-0.03138
9516	-0.03024
9518	-0.02916
9520	-0.02843
9522	-0.02787
9524	-0.02564
9526	-0.02427
9528	-0.02395
9530	-0.02324
9532	-0.02271
9534	-0.0216
9536	-0.02214
9538	-0.02167
9540	-0.02042
9542	-0.02061
9544	-0.02082
9546	-0.0198
9548	-0.0189
9550	-0.01833
9552	-0.01823
9554	-0.01821
9556	-0.01814
9558	-0.01845
9560	-0.01836
9562	-0.0169
9564	-0.01714
9566	-0.01795
9568	-0.01839
9570	-0.01812
9572	-0.01548
9574	-0.01455
9576	-0.01383
9578	-0.01277
9580	-0.01361
9582	-0.01452
9584	-0.01382
9586	-0.01235
9588	-0.01079
9590	-0.01069
9592	-0.01026
9594	-0.01085
9596	-0.01051
9598	-0.01018
9600	-0.00927
9602	-0.00894
9604	-0.00905
9606	-0.00772
9608	-0.00691
9610	-0.00764
9612	-0.00801
9614	-0.00804
9616	-0.00688
9618	-0.00592
9620	-0.00652
9622	-0.00625
9624	-0.00572
9626	-0.00612
9628	-0.00608
9630	-0.00697
9632	-0.00599
9634	-0.00484
9636	-0.00423
9638	-0.00494
9640	-0.00537
9642	-0.00474
9644	-0.00455
9646	-0.00568
9648	-0.00624
9650	-0.00561
9652	-0.00466
9654	-0.00465
9656	-0.00427
9658	-0.00386
9660	-0.00299
9662	-0.00358
9664	-0.00452
9666	-0.00424
9668	-0.00379
9670	-0.00351
9672	-0.00408
9674	-0.00323
9676	-0.00224
9678	-0.00263
9680	-0.00239
9682	-0.0024
9684	-0.00246
9686	-0.00265
9688	-0.0013
9690	5.94717E-5
9692	-7.62376E-5
9694	4.04484E-4
9696	0.00112
9698	0.00223
9700	0.0027
9702	0.00218
9704	0.00217
9706	0.00183
9708	0.00128
9710	8.45255E-4
9712	2.77977E-4
9714	-7.19302E-4
9716	-9.7158E-4
9718	-8.70859E-4
9720	6.39863E-4
9722	-1.70416E-4
9724	-0.00106
9726	-9.65973E-4
9728	-4.27252E-4
9730	6.6447E-4
9732	0.00128
9734	0.00154
9736	0.00167
9738	0.00155
9740	0.00163
9742	0.00133
9744	7.31849E-4
9746	0.00126
9748	0.00289
9750	0.00265
9752	0.00143
9754	0.00201
9756	0.00291
9758	0.00336
9760	0.00484
9762	0.00472
9764	0.00243
9766	-0.09302
9768	-0.68985
9770	-1.74111
9772	-2.94119
9774	-4.14737
9776	-5.29269
9778	-6.34867
9780	-7.30902
9782	-8.17317
9784	-8.90497
9786	-9.21703
9788	-8.90408
9790	-8.24689
9792	-7.45536
9794	-6.64517
9796	-5.86399
9798	-5.13734
9800	-4.47451
9802	-3.88067
9804	-3.35505
9806	-2.89473
9808	-2.49475
9810	-2.15012
9812	-1.85461
9814	-1.60422
9816	-1.39007
9818	-1.20985
9820	-1.05739
9822	-0.92927
9824	-0.82019
9826	-0.72734
9828	-0.64879
9830	-0.58273
9832	-0.52527
9834	-0.47476
9836	-0.43257
9838	-0.3951
9840	-0.36148
9842	-0.33202
9844	-0.30633
9846	-0.2826
9848	-0.26201
9850	-0.24362
9852	-0.22672
9854	-0.21081
9856	-0.19656
9858	-0.18353
9860	-0.17053
9862	-0.15912
9864	-0.14816
9866	-0.13879
9868	-0.13017
9870	-0.12147
9872	-0.11363
9874	-0.1061
9876	-0.09897
9878	-0.09182
9880	-0.08589
9882	-0.08085
9884	-0.07621
9886	-0.07349
9888	-0.07027
9890	-0.06526
9892	-0.06238
9894	-0.05821
9896	-0.05478
9898	-0.05279
9900	-0.04946
9902	-0.04677
9904	-0.04445
9906	-0.04257
9908	-0.04069
9910	-0.0386
9912	-0.03814
9914	-0.03777
9916	-0.03582
9918	-0.03485
9920	-0.03374
9922	-0.03238
9924	-0.03112
9926	-0.02985
9928	-0.02867
9930	-0.02702
9932	-0.02691
9934	-0.02592
9936	-0.02436
9938	-0.02243
9940	-0.02243
9942	-0.02325
9944	-0.0232
9946	-0.02189
9948	-0.02058
9950	-0.01902
9952	-0.01834
9954	-0.01536
9956	-0.01506
9958	-0.01557
9960	-0.01627
9962	-0.01595
9964	-0.01492
9966	-0.01538
9968	-0.01604
9970	-0.01588
9972	-0.01459
9974	-0.01251
9976	-0.01174
9978	-0.01201
9980	-0.01207
9982	-0.01072
9984	-0.01082
9986	-0.01073
9988	-0.01062
9990	-0.01135
9992	-0.01148
9994	-0.01115
9996	-0.00953
9998	-0.01017
10000	-0.00976
10002	-0.01004
10004	-0.0083
10006	-0.00748
10008	-0.0076
10010	-0.00797
10012	-0.0083
10014	-0.00886
10016	-0.00885
10018	-0.0088
10020	-0.00889
10022	-0.00835
10024	-0.0079
10026	-0.00745
10028	-0.00863
10030	-0.00785
10032	-0.0076
10034	-0.00767
10036	-0.00781
10038	-0.00705
10040	-0.00626
10042	-0.0056
10044	-0.0053
10046	-0.00556
10048	-0.00559
10050	-0.00513
10052	-0.00467
10054	-0.00425
10056	-0.00427
10058	-0.00358
10060	-0.00332
10062	-0.00297
10064	-0.00289
10066	-0.00216
10068	-0.0029
10070	-0.00378
10072	-0.00298
10074	-0.0029
10076	-0.00277
10078	-0.00321
10080	-0.0031
10082	-0.003
10084	-0.00235
10086	-0.00227
10088	-0.00262
10090	-0.00301
10092	-0.00264
10094	-0.00281
10096	-0.00293
10098	-0.00296
10100	-0.00352
10102	-0.00243
10104	-5.96579E-4
10106	9.09431E-4
10108	9.81441E-4
10110	6.06451E-4
10112	0.00132
10114	0.00171
10116	5.31481E-4
10118	9.89491E-4
10120	0.00106
10122	0.00126
10124	4.43256E-4
10126	3.40863E-4
10128	9.8947E-4
10130	9.63077E-4
10132	2.96835E-5
10134	-0.00111
10136	-0.00143
10138	-7.70496E-4
10140	4.27111E-4
10142	-3.66282E-4
10144	-4.60676E-4
10146	3.73931E-4
10148	9.52538E-4
10150	-3.33855E-4
10152	1.67515E-5
10154	2.02358E-4
10156	4.58965E-4
10158	0.00111
10160	3.22179E-4
10162	6.56785E-4
10164	0.00186
10166	0.00195
10168	0.00126
10170	-0.07458
10172	-0.61602
10174	-1.63347
10176	-2.8246
10178	-4.03983
10180	-5.2038
10182	-6.28233
10184	-7.26535
10186	-8.14668
10188	-8.89874
10190	-9.25925
10192	-8.99109
10194	-8.35812
10196	-7.57569
10198	-6.76259
10200	-5.97555
10202	-5.24037
10204	-4.56838
10206	-3.96419
10208	-3.43126
10210	-2.96177
10212	-2.5526
10214	-2.20057
10216	-1.89899
10218	-1.64173
10220	-1.42214
10222	-1.23671
10224	-1.07967
10226	-0.94699
10228	-0.83484
10230	-0.74009
10232	-0.65978
10234	-0.59097
10236	-0.5328
10238	-0.48232
10240	-0.438
10242	-0.39967
10244	-0.36731
10246	-0.33912
10248	-0.31271
10250	-0.28909
10252	-0.26717
10254	-0.24811
10256	-0.2291
10258	-0.21161
10260	-0.19727
10262	-0.18366
10264	-0.16992
10266	-0.15699
10268	-0.14703
10270	-0.13782
10272	-0.12889
10274	-0.12131
10276	-0.11379
10278	-0.10564
10280	-0.09801
10282	-0.09174
10284	-0.08546
10286	-0.08
10288	-0.07555
10290	-0.07181
10292	-0.06765
10294	-0.06383
10296	-0.06001
10298	-0.05784
10300	-0.05426
10302	-0.0514
10304	-0.04894
10306	-0.04649
10308	-0.04464
10310	-0.04254
10312	-0.04038
10314	-0.0386
10316	-0.03722
10318	-0.03548
10320	-0.0346
10322	-0.03275
10324	-0.03227
10326	-0.03075
10328	-0.02917
10330	-0.02726
10332	-0.02621
10334	-0.02541
10336	-0.02453
10338	-0.02264
10340	-0.02162
10342	-0.02135
10344	-0.02178
10346	-0.02091
10348	-0.01956
10350	-0.01842
10352	-0.01638
10354	-0.01596
10356	-0.01639
10358	-0.01631
10360	-0.01585
10362	-0.01466
10364	-0.01477
10366	-0.01463
10368	-0.01504
10370	-0.0146
10372	-0.01385
10374	-0.01323
10376	-0.01354
10378	-0.01346
10380	-0.0124
10382	-0.01238
10384	-0.01244
10386	-0.01165
10388	-0.01143
10390	-0.01183
10392	-0.01127
10394	-0.01137
10396	-0.01187
10398	-0.0129
10400	-0.01215
10402	-0.01167
10404	-0.00999
10406	-0.00886
10408	-0.009
10410	-0.00883
10412	-0.00818
10414	-0.00882
10416	-0.00895
10418	-0.00846
10420	-0.0086
10422	-0.00955
10424	-0.00967
10426	-0.00931
10428	-0.00838
10430	-0.00665
10432	-0.00755
10434	-0.00782
10436	-0.00742
10438	-0.00697
10440	-0.00715
10442	-0.00602
10444	-0.00455
10446	-0.00457
10448	-0.00466
10450	-0.00362
10452	-0.00374
10454	-0.00511
10456	-0.00577
10458	-0.00427
10460	-0.00321
10462	-0.00255
10464	-0.00209
10466	-0.00154
10468	-0.00208
10470	-0.00104
10472	-6.93047E-4
10474	-0.00116
10476	-0.00176
10478	-0.00231
10480	-0.00165
10482	-7.74331E-4
10484	-3.82388E-4
10486	-4.54449E-5
10488	0.0011
10490	0.00123
10492	0.0016
10494	0.00184
10496	0.00118
10498	2.14544E-7
10500	1.53158E-4
10502	0.00132
10504	0.00312
10506	0.0022
10508	0.00142
10510	9.24473E-4
10512	0.00101
10514	0.00197
10516	0.00271
10518	0.00243
10520	0.00225
10522	0.00124
10524	2.12572E-4
10526	0.00102
10528	0.00137
10530	7.17615E-4
10532	2.92629E-4
10534	2.93644E-4
10536	4.04658E-4
10538	2.73672E-4
10540	-6.41314E-4
10542	-0.00142
10544	-5.99285E-4
10546	7.36729E-4
10548	4.25743E-4
10550	-1.27243E-4
10552	-3.18228E-4
10554	3.43786E-4
10556	6.18577E-4
10558	5.65262E-4
10560	0.0017
10562	0.00252
10564	0.00274
10566	0.00211
10568	0.00205
10570	0.00234
10572	0.00113
10574	-0.05723
10576	-0.55477
10578	-1.5508
10580	-2.73509
10582	-3.96396
10584	-5.14548
10586	-6.2371
10588	-7.22894
10590	-8.11972
10592	-8.89404
10594	-9.30235
10596	-9.05972
10598	-8.43409
10600	-7.65165
10602	-6.83805
10604	-6.04839
10606	-5.30716
10608	-4.62909
10610	-4.01951
10612	-3.4779
10614	-3.00259
10616	-2.58919
10618	-2.23208
10620	-1.9253
10622	-1.66424
10624	-1.4428
10626	-1.25608
10628	-1.09742
10630	-0.96238
10632	-0.84776
10634	-0.75019
10636	-0.6675
10638	-0.59855
10640	-0.53884
10642	-0.48786
10644	-0.44347
10646	-0.40591
10648	-0.37288
10650	-0.343
10652	-0.31672
10654	-0.2929
10656	-0.2707
10658	-0.24946
10660	-0.23175
10662	-0.21542
10664	-0.19896
10666	-0.18438
10668	-0.17101
10670	-0.16005
10672	-0.15046
10674	-0.14094
10676	-0.13255
10678	-0.12435
10680	-0.11515
10682	-0.10773
10684	-0.10088
10686	-0.09375
10688	-0.08723
10690	-0.08215
10692	-0.07774
10694	-0.07331
10696	-0.06902
10698	-0.06586
10700	-0.06223
10702	-0.0576
10704	-0.05344
10706	-0.05032
10708	-0.04783
10710	-0.04624
10712	-0.04466
10714	-0.04309
10716	-0.04211
10718	-0.03987
10720	-0.03796
10722	-0.03635
10724	-0.03553
10726	-0.0348
10728	-0.03294
10730	-0.03077
10732	-0.02811
10734	-0.02741
10736	-0.0262
10738	-0.02495
10740	-0.02453
10742	-0.02401
10744	-0.02475
10746	-0.02513
10748	-0.02407
10750	-0.02266
10752	-0.02244
10754	-0.02318
10756	-0.02101
10758	-0.01953
10760	-0.01794
10762	-0.01682
10764	-0.01689
10766	-0.01746
10768	-0.01732
10770	-0.01681
10772	-0.01624
10774	-0.01498
10776	-0.01501
10778	-0.01466
10780	-0.01533
10782	-0.01704
10784	-0.01766
10786	-0.01725
10788	-0.01574
10790	-0.01438
10792	-0.01341
10794	-0.01249
10796	-0.0125
10798	-0.0116
10800	-0.01124
10802	-0.01122
10804	-0.01045
10806	-0.0105
10808	-0.01118
10810	-0.01113
10812	-0.01079
10814	-0.00989
10816	-0.00937
10818	-0.0086
10820	-0.00682
10822	-0.00707
10824	-0.00743
10826	-0.00709
10828	-0.00646
10830	-0.00693
10832	-0.00692
10834	-0.00659
10836	-0.00628
10838	-0.00614
10840	-0.00598
10842	-0.00601
10844	-0.00634
10846	-0.00708
10848	-0.00686
10850	-0.00722
10852	-0.00645
10854	-0.00612
10856	-0.00559
10858	-0.00493
10860	-0.00491
10862	-0.00365
10864	-0.00296
10866	-0.00304
10868	-0.0028
10870	-0.00284
10872	-0.00336
10874	-0.00338
10876	-0.00386
10878	-0.0044
10880	-0.00494
10882	-0.00477
10884	-0.00429
10886	-0.00429
10888	-0.00465
10890	-0.0042
10892	-0.00266
10894	-0.00264
10896	-0.0025
10898	-0.00201
10900	-0.00233
10902	-0.00207
10904	-1.71938E-4
10906	-7.5728E-4
10908	-0.00222
10910	-0.00199
10912	-0.00157
10914	-0.00195
10916	-0.00109
10918	-2.76335E-4
10920	-8.93678E-4
10922	-0.00101
10924	8.56371E-5
10926	7.96295E-4
10928	3.71952E-4
10930	4.1961E-4
10932	3.29267E-4
10934	6.49245E-5
10936	-5.20418E-4
10938	-4.40761E-4
10940	0.00112
10942	6.79758E-4
10944	0.00116
10946	8.94329E-4
10948	-2.59886E-4
10950	-0.00111
10952	-0.00138
10954	-9.4053E-4
10956	-0.00102
10958	-3.78959E-4
10960	-0.00101
10962	-9.68388E-4
10964	4.22397E-4
10966	8.36183E-4
10968	5.19968E-4
10970	-1.65247E-4
10972	3.43539E-4
10974	-6.06676E-4
10976	-0.00116
10978	-0.04019
10980	-0.47286
10982	-1.42876
10984	-2.61599
10986	-3.85515
10988	-5.03506
10990	-6.14198
10992	-7.14676
10994	-8.05688
10996	-8.85787
10998	-9.34238
11000	-9.18271
11002	-8.59696
11004	-7.82283
11006	-7.00124
11008	-6.19836
11010	-5.44324
11012	-4.74897
11014	-4.12546
11016	-3.5715
11018	-3.08489
11020	-2.66126
11022	-2.29396
11024	-1.98039
11026	-1.71204
11028	-1.48508
11030	-1.29144
11032	-1.12752
11034	-0.98859
11036	-0.87163
11038	-0.77288
11040	-0.68828
11042	-0.61689
11044	-0.55564
11046	-0.50227
11048	-0.45707
11050	-0.41806
11052	-0.38337
11054	-0.35234
11056	-0.3246
11058	-0.30036
11060	-0.27818
11062	-0.25804
11064	-0.23918
11066	-0.22223
11068	-0.20779
11070	-0.19385
11072	-0.18069
11074	-0.16798
11076	-0.15649
11078	-0.14582
11080	-0.13544
11082	-0.12698
11084	-0.11865
11086	-0.11078
11088	-0.10401
11090	-0.09727
11092	-0.09067
11094	-0.08555
11096	-0.08127
11098	-0.07651
11100	-0.07215
11102	-0.06651
11104	-0.06137
11106	-0.05808
11108	-0.05591
11110	-0.05296
11112	-0.04956
11114	-0.04656
11116	-0.04442
11118	-0.04243
11120	-0.04
11122	-0.03747
11124	-0.03575
11126	-0.03458
11128	-0.03292
11130	-0.03095
11132	-0.03051
11134	-0.02912
11136	-0.02779
11138	-0.02715
11140	-0.02707
11142	-0.02634
11144	-0.02552
11146	-0.02477
11148	-0.02411
11150	-0.02408
11152	-0.023
11154	-0.02262
11156	-0.02227
11158	-0.02121
11160	-0.01969
11162	-0.01944
11164	-0.01937
11166	-0.01794
11168	-0.0157
11170	-0.0154
11172	-0.01443
11174	-0.01227
11176	-0.01221
11178	-0.01169
11180	-0.01128
11182	-0.01211
11184	-0.01249
11186	-0.01314
11188	-0.01335
11190	-0.01335
11192	-0.01333
11194	-0.0125
11196	-0.01339
11198	-0.01336
11200	-0.01335
11202	-0.01242
11204	-0.01227
11206	-0.01216
11208	-0.01231
11210	-0.01261
11212	-0.01154
11214	-0.0093
11216	-0.00826
11218	-0.00716
11220	-0.00754
11222	-0.0079
11224	-0.00834
11226	-0.0084
11228	-0.0081
11230	-0.00757
11232	-0.00701
11234	-0.0065
11236	-0.00655
11238	-0.00587
11240	-0.00556
11242	-0.00639
11244	-0.00574
11246	-0.00608
11248	-0.00601
11250	-0.00539
11252	-0.00472
11254	-0.00528
11256	-0.00566
11258	-0.00469
11260	-0.00383
11262	-0.00397
11264	-0.00444
11266	-0.00316
11268	-0.00225
11270	-0.00318
11272	-0.00264
11274	-0.00258
11276	-0.00174
11278	-0.00127
11280	-0.0013
11282	-0.00176
11284	-0.00263
11286	-0.00331
11288	-0.00396
11290	-0.0029
11292	-0.00171
11294	-0.0017
11296	-0.00215
11298	-0.00152
11300	-0.00198
11302	-0.00214
11304	-0.00125
11306	-0.00131
11308	-5.39265E-4
11310	-0.00127
11312	-0.0018
11314	-0.00157
11316	-0.00178
11318	-7.89158E-4
11320	-3.12936E-4
11322	6.42854E-5
11324	0.00234
11326	0.00284
11328	0.00181
11330	0.0024
11332	0.00242
11334	0.00179
11336	0.00143
11338	0.00218
11340	0.00114
11342	7.29036E-5
11344	3.63462E-4
11346	4.8002E-4
11348	3.38577E-4
11350	2.11354E-5
11352	2.34693E-4
11354	0.00153
11356	0.00232
11358	0.00212
11360	0.0012
11362	0.00116
11364	0.00156
11366	0.00283
11368	0.00223
11370	0.00252
11372	0.00198
11374	0.00172
11376	0.00202
11378	0.00243
11380	0.00131
11382	-0.02677
11384	-0.40165
11386	-1.31595
11388	-2.48745
11390	-3.72545
11392	-4.92932
11394	-6.06052
11396	-7.08396
11398	-7.9978
11400	-8.81271
11402	-9.3474
11404	-9.23718
11406	-8.67709
11408	-7.91402
11410	-7.09605
11412	-6.29023
11414	-5.52925
11416	-4.82982
11418	-4.19857
11420	-3.63711
11422	-3.1416
11424	-2.7106
11426	-2.33776
11428	-2.0177
11430	-1.74261
11432	-1.50965
11434	-1.31233
11436	-1.14519
11438	-1.00462
11440	-0.88448
11442	-0.78465
11444	-0.69891
11446	-0.62537
11448	-0.56291
11450	-0.50941
11452	-0.4617
11454	-0.41976
11456	-0.38412
11458	-0.35357
11460	-0.32573
11462	-0.30048
11464	-0.27795
11466	-0.25695
11468	-0.23871
11470	-0.22267
11472	-0.20891
11474	-0.19543
11476	-0.18279
11478	-0.17065
11480	-0.15977
11482	-0.14958
11484	-0.13942
11486	-0.13026
11488	-0.12217
11490	-0.11384
11492	-0.10577
11494	-0.09851
11496	-0.09164
11498	-0.08521
11500	-0.07945
11502	-0.07276
11504	-0.06992
11506	-0.06529
11508	-0.06113
11510	-0.05887
11512	-0.05581
11514	-0.05337
11516	-0.05105
11518	-0.04912
11520	-0.04652
11522	-0.04505
11524	-0.04415
11526	-0.04091
11528	-0.03808
11530	-0.03642
11532	-0.03519
11534	-0.0359
11536	-0.03518
11538	-0.03286
11540	-0.03126
11542	-0.03056
11544	-0.0299
11546	-0.02852
11548	-0.02744
11550	-0.02701
11552	-0.02589
11554	-0.02458
11556	-0.02266
11558	-0.02127
11560	-0.02038
11562	-0.01989
11564	-0.01917
11566	-0.01935
11568	-0.02045
11570	-0.01985
11572	-0.01902
11574	-0.01942
11576	-0.01911
11578	-0.01786
11580	-0.01891
11582	-0.01952
11584	-0.01789
11586	-0.01739
11588	-0.01723
11590	-0.01642
11592	-0.01536
11594	-0.01416
11596	-0.01351
11598	-0.01399
11600	-0.01416
11602	-0.01367
11604	-0.01378
11606	-0.01307
11608	-0.01321
11610	-0.01352
11612	-0.01336
11614	-0.01313
11616	-0.01271
11618	-0.01162
11620	-0.01113
11622	-0.01086
11624	-0.01007
11626	-0.01006
11628	-0.0094
11630	-0.00945
11632	-0.00952
11634	-0.00889
11636	-0.00846
11638	-0.00937
11640	-0.00854
11642	-0.00845
11644	-0.0088
11646	-0.00743
11648	-0.00704
11650	-0.00718
11652	-0.00606
11654	-0.00714
11656	-0.00754
11658	-0.00755
11660	-0.00638
11662	-0.00674
11664	-0.00646
11666	-0.00717
11668	-0.00709
11670	-0.00716
11672	-0.00655
11674	-0.00588
11676	-0.0058
11678	-0.00527
11680	-0.00391
11682	-0.00455
11684	-0.00377
11686	-0.00307
11688	-0.00418
11690	-0.00302
11692	-0.00225
11694	-0.00236
11696	-0.00343
11698	-0.0033
11700	-0.00313
11702	-0.00338
11704	-0.00372
11706	-0.00305
11708	-0.00391
11710	-0.00471
11712	-0.00428
11714	-0.00339
11716	-0.00318
11718	-0.00342
11720	-0.00351
11722	-0.00195
11724	-6.97492E-4
11726	-0.00213
11728	-0.00269
11730	-0.0024
11732	-0.00158
11734	-0.00162
11736	-0.00241
11738	-1.32835E-4
11740	0.0012
11742	0.00104
11744	-2.98125E-4
11746	-8.28882E-5
11748	-6.86651E-4
11750	-6.84415E-4
11752	-1.52178E-4
11754	1.82059E-4
11756	-6.75169E-4
11758	-6.70179E-4
11760	7.7881E-4
11762	0.00133
11764	5.92789E-4
11766	5.13779E-4
11768	-1.41232E-4
11770	-0.00127
11772	-0.00113
11774	-0.00139
11776	-0.00137
11778	-0.00116
11780	-8.26295E-4
11782	-0.00106
11784	-1.34316E-4
11786	-0.02511
11788	-0.38305
11790	-1.2963
11792	-2.46992
11794	-3.71201
11796	-4.91575
11798	-6.04355
11800	-7.07206
11802	-8.00284
11804	-8.82042
11806	-9.37122
11808	-9.29187
11810	-8.74865
11812	-7.9916
11814	-7.17266
11816	-6.36223
11818	-5.59511
11820	-4.88934
11822	-4.2499
11824	-3.68168
11826	-3.18134
11828	-2.74441
11830	-2.3669
11832	-2.04223
11834	-1.7645
11836	-1.52758
11838	-1.32744
11840	-1.15893
11842	-1.01688
11844	-0.89606
11846	-0.79235
11848	-0.70356
11850	-0.62996
11852	-0.56635
11854	-0.51233
11856	-0.46588
11858	-0.42548
11860	-0.38839
11862	-0.35715
11864	-0.32808
11866	-0.3015
11868	-0.28005
11870	-0.25952
11872	-0.24031
11874	-0.22215
11876	-0.20774
11878	-0.19293
11880	-0.17761
11882	-0.16483
11884	-0.15493
11886	-0.14497
11888	-0.13431
11890	-0.12402
11892	-0.11635
11894	-0.10888
11896	-0.10113
11898	-0.09393
11900	-0.08899
11902	-0.08379
11904	-0.07753
11906	-0.0719
11908	-0.0673
11910	-0.06211
11912	-0.05803
11914	-0.05508
11916	-0.05133
11918	-0.04752
11920	-0.0457
11922	-0.04233
11924	-0.04029
11926	-0.03879
11928	-0.03606
11930	-0.03466
11932	-0.03525
11934	-0.03302
11936	-0.03042
11938	-0.02868
11940	-0.02778
11942	-0.02635
11944	-0.02519
11946	-0.0231
11948	-0.02242
11950	-0.02299
11952	-0.02293
11954	-0.02233
11956	-0.02134
11958	-0.02001
11960	-0.019
11962	-0.01799
11964	-0.01857
11966	-0.01845
11968	-0.01764
11970	-0.01697
11972	-0.0178
11974	-0.01888
11976	-0.01917
11978	-0.01778
11980	-0.01725
11982	-0.01612
11984	-0.01272
11986	-0.01233
11988	-0.01183
11990	-0.01188
11992	-0.0117
11994	-0.01075
11996	-0.01
11998	-0.00933
12000	-0.00994
12002	-0.01011
12004	-0.00928
12006	-0.00907
12008	-0.00816
12010	-0.00787
12012	-0.00676
12014	-0.00787
12016	-0.00786
12018	-0.00698
12020	-0.00816
12022	-0.00926
12024	-0.01014
12026	-0.00899
12028	-0.00803
12030	-0.00767
12032	-0.00629
12034	-0.00567
12036	-0.00701
12038	-0.00588
12040	-0.00424
12042	-0.00532
12044	-0.00523
12046	-0.00399
12048	-0.00322
12050	-0.00384
12052	-0.00475
12054	-0.00533
12056	-0.00443
12058	-0.00408
12060	-0.00522
12062	-0.00408
12064	-0.00326
12066	-0.00367
12068	-0.0029
12070	-0.00335
12072	-0.00377
12074	-0.00395
12076	-0.00461
12078	-0.00416
12080	-0.00359
12082	-0.00374
12084	-0.00355
12086	-0.00268
12088	-0.00277
12090	-0.00179
12092	-6.97795E-4
12094	-6.11255E-4
12096	-6.67715E-4
12098	2.79825E-4
12100	9.13365E-4
12102	-5.69096E-4
12104	-4.09556E-4
12106	-6.59016E-4
12108	-3.05476E-4
12110	-2.87936E-4
12112	4.95604E-4
12114	0.00153
12116	0.00165
12118	0.0023
12120	0.00218
12122	0.00183
12124	0.00221
12126	0.0012
12128	0.00115
12130	9.30462E-4
12132	0.00161
12134	0.00179
12136	0.00234
12138	0.00363
12140	0.00418
12142	0.00298
12144	0.00162
12146	8.35789E-4
12148	2.92169E-4
12150	8.35491E-5
12152	9.69929E-4
12154	-4.77691E-4
12156	-0.0016
12158	3.20687E-5
12160	0.00198
12162	0.00109
12164	-1.96792E-4
12166	-2.59412E-4
12168	-4.55032E-4
12170	9.25348E-4
12172	0.00185
12174	0.00174
12176	7.44488E-4
12178	6.13868E-4
12180	5.61248E-4
12182	0.00197
12184	0.00251
12186	0.00276
