time	cp
2	-0.01001
4	-0.00975
6	-0.00896
8	-0.00877
10	-0.00974
12	-0.01021
14	-0.00905
16	-0.00855
18	-0.00751
20	-0.00621
22	-0.00654
24	-0.00684
26	-0.00573
28	-0.00451
30	-0.00331
32	-0.00222
34	-0.00167
36	-0.00281
38	-0.00245
40	-0.00211
42	-0.003
44	-0.0023
46	-0.00201
48	-0.00213
50	-0.00276
52	-0.00264
54	-0.0033
56	-0.00246
58	-0.00205
60	-0.00169
62	-2.02958E-5
64	-0.008
66	-0.307
68	-1.37256
70	-3.25647
72	-5.73656
74	-8.42129
76	-10.99203
78	-13.2839
80	-15.17209
82	-16.67648
84	-17.69152
86	-17.97131
88	-17.69797
90	-17.128
92	-16.37471
94	-15.48153
96	-14.4771
98	-13.40089
100	-12.29447
102	-11.19409
104	-10.13256
106	-9.13444
108	-8.21896
110	-7.39551
112	-6.66283
114	-6.01682
116	-5.4499
118	-4.95407
120	-4.52168
122	-4.14795
124	-3.82653
126	-3.55182
128	-3.31759
130	-3.1181
132	-2.94741
134	-2.80111
136	-2.67677
138	-2.57007
140	-2.47641
142	-2.39336
144	-2.32005
146	-2.25418
148	-2.19351
150	-2.13621
152	-2.08171
154	-2.02828
156	-1.9775
158	-1.92672
160	-1.87724
162	-1.83081
164	-1.7832
166	-1.7355
168	-1.68655
170	-1.63723
172	-1.58898
174	-1.54099
176	-1.4946
178	-1.45076
180	-1.40594
182	-1.36187
184	-1.31903
186	-1.27697
188	-1.23538
190	-1.19401
192	-1.15488
194	-1.11645
196	-1.07831
198	-1.04144
200	-1.00551
202	-0.97114
204	-0.93852
206	-0.90636
208	-0.87503
210	-0.84434
212	-0.81498
214	-0.78657
216	-0.75933
218	-0.73242
220	-0.70524
222	-0.68083
224	-0.65778
226	-0.63541
228	-0.61238
230	-0.59116
232	-0.57067
234	-0.54858
236	-0.52751
238	-0.50784
240	-0.49023
242	-0.47186
244	-0.45543
246	-0.43895
248	-0.42257
250	-0.40837
252	-0.39439
254	-0.3816
256	-0.36804
258	-0.35411
260	-0.34112
262	-0.32881
264	-0.31596
266	-0.30439
268	-0.29211
270	-0.28116
272	-0.27057
274	-0.2603
276	-0.25133
278	-0.24312
280	-0.23498
282	-0.22715
284	-0.21974
286	-0.21118
288	-0.20243
290	-0.19596
292	-0.18896
294	-0.18169
296	-0.17494
298	-0.17021
300	-0.16369
302	-0.15804
304	-0.15227
306	-0.14625
308	-0.14059
310	-0.13507
312	-0.13081
314	-0.12576
316	-0.1205
318	-0.11386
320	-0.10899
322	-0.1047
324	-0.09974
326	-0.09556
328	-0.09253
330	-0.08967
332	-0.08653
334	-0.0826
336	-0.07921
338	-0.07728
340	-0.07415
342	-0.07104
344	-0.06692
346	-0.06392
348	-0.06062
350	-0.05812
352	-0.05665
354	-0.05398
356	-0.05112
358	-0.04985
360	-0.04732
362	-0.044
364	-0.04151
366	-0.03886
368	-0.03566
370	-0.03395
372	-0.03282
374	-0.03037
376	-0.02874
378	-0.02802
380	-0.02677
382	-0.0243
384	-0.02186
386	-0.02066
388	-0.02065
390	-0.01991
392	-0.01828
394	-0.01707
396	-0.01597
398	-0.01482
400	-0.01389
402	-0.01242
404	-0.01147
406	-0.00994
408	-0.00976
410	-0.01068
412	-0.00978
414	-0.00886
416	-0.00837
418	-0.0075
420	-0.00729
422	-0.0071
424	-0.00661
426	-0.00628
428	-0.00573
430	-0.00634
432	-0.00688
434	-0.00616
436	-0.00435
438	-0.00367
440	-0.00336
442	-0.00192
444	4.7389E-4
446	4.06223E-4
448	-3.34445E-4
450	1.99888E-4
452	4.87221E-4
454	0.00165
456	0.00174
458	0.00131
460	0.00102
462	9.66883E-4
464	-2.78411E-6
466	-0.0011
468	-0.00901
470	-0.26709
472	-1.08002
474	-2.30342
476	-3.7163
478	-5.14109
480	-6.45727
482	-7.61897
484	-8.58413
486	-9.38173
488	-9.93149
490	-9.95422
492	-9.57573
494	-9.05019
496	-8.47716
498	-7.89986
500	-7.33539
502	-6.79495
504	-6.28574
506	-5.81219
508	-5.3748
510	-4.97259
512	-4.60738
514	-4.27579
516	-3.97323
518	-3.69672
520	-3.44337
522	-3.21056
524	-2.99545
526	-2.79695
528	-2.61505
530	-2.44784
532	-2.29336
534	-2.15213
536	-2.02282
538	-1.90572
540	-1.79798
542	-1.69917
544	-1.60784
546	-1.52219
548	-1.44411
550	-1.37214
552	-1.30411
554	-1.24091
556	-1.18279
558	-1.12742
560	-1.07554
562	-1.02585
564	-0.97924
566	-0.93536
568	-0.8929
570	-0.85345
572	-0.81695
574	-0.7808
576	-0.74587
578	-0.71269
580	-0.68171
582	-0.65438
584	-0.62731
586	-0.59936
588	-0.57296
590	-0.54956
592	-0.52668
594	-0.50515
596	-0.48536
598	-0.46641
600	-0.44616
602	-0.42541
604	-0.40676
606	-0.39116
608	-0.37588
610	-0.36106
612	-0.34665
614	-0.33168
616	-0.31958
618	-0.30851
620	-0.2973
622	-0.28686
624	-0.27694
626	-0.2662
628	-0.25602
630	-0.24572
632	-0.23618
634	-0.22586
636	-0.2163
638	-0.20779
640	-0.20044
642	-0.19386
644	-0.18736
646	-0.18032
648	-0.17256
650	-0.16694
652	-0.16116
654	-0.15609
656	-0.15058
658	-0.14482
660	-0.14006
662	-0.13518
664	-0.1306
666	-0.12507
668	-0.11896
670	-0.11425
672	-0.11076
674	-0.10776
676	-0.10517
678	-0.10194
680	-0.09933
682	-0.09666
684	-0.09253
686	-0.08795
688	-0.08452
690	-0.08115
692	-0.07922
694	-0.0769
696	-0.07421
698	-0.0715
700	-0.06965
702	-0.06814
704	-0.06576
706	-0.06339
708	-0.06091
710	-0.05867
712	-0.05721
714	-0.0546
716	-0.05261
718	-0.05088
720	-0.04888
722	-0.04699
724	-0.04507
726	-0.0441
728	-0.04255
730	-0.03985
732	-0.0392
734	-0.0381
736	-0.03692
738	-0.03724
740	-0.03473
742	-0.03393
744	-0.03165
746	-0.0292
748	-0.0284
750	-0.02705
752	-0.02535
754	-0.02442
756	-0.02298
758	-0.02208
760	-0.02071
762	-0.02082
764	-0.01976
766	-0.01719
768	-0.01663
770	-0.01654
772	-0.01574
774	-0.01575
776	-0.01549
778	-0.01467
780	-0.0144
782	-0.01344
784	-0.01237
786	-0.01203
788	-0.01169
790	-0.01212
792	-0.01259
794	-0.01276
796	-0.01395
798	-0.01371
800	-0.01187
802	-0.01053
804	-0.0087
806	-0.00748
808	-0.00631
810	-0.00638
812	-0.0063
814	-0.00707
816	-0.0055
818	-0.00496
820	-0.00603
822	-0.0062
824	-0.00559
826	-0.00506
828	-0.00437
830	-0.00428
832	-0.00386
834	-0.00328
836	-0.00237
838	-0.00187
840	-0.00349
842	-0.00386
844	-0.00173
846	-8.39503E-4
848	-0.00272
850	-0.00294
852	-6.31648E-4
854	4.65303E-4
856	3.36255E-4
858	-3.77938E-5
860	5.11577E-5
862	-5.34891E-4
864	-8.70939E-4
866	7.19728E-4
868	0.00101
870	3.31274E-4
872	-0.00561
874	-0.19679
876	-0.8499
878	-1.77784
880	-2.77632
882	-3.74815
884	-4.64152
886	-5.45107
888	-6.15106
890	-6.7601
892	-7.20096
894	-7.17617
896	-6.75369
898	-6.20027
900	-5.62078
902	-5.05548
904	-4.52303
906	-4.03111
908	-3.58477
910	-3.18393
912	-2.82868
914	-2.51463
916	-2.23883
918	-2.00027
920	-1.79252
922	-1.61344
924	-1.45751
926	-1.32159
928	-1.20255
930	-1.09825
932	-1.00526
934	-0.92312
936	-0.85116
938	-0.789
940	-0.73307
942	-0.68179
944	-0.63465
946	-0.59379
948	-0.55713
950	-0.52263
952	-0.49117
954	-0.46356
956	-0.43674
958	-0.41219
960	-0.38964
962	-0.36743
964	-0.34736
966	-0.32916
968	-0.31323
970	-0.29736
972	-0.28198
974	-0.26783
976	-0.25514
978	-0.243
980	-0.23022
982	-0.21895
984	-0.2074
986	-0.19731
988	-0.18853
990	-0.18004
992	-0.17205
994	-0.1658
996	-0.15864
998	-0.15064
1000	-0.14282
1002	-0.13556
1004	-0.13067
1006	-0.12523
1008	-0.12051
1010	-0.11551
1012	-0.11018
1014	-0.10469
1016	-0.10037
1018	-0.09609
1020	-0.09072
1022	-0.08735
1024	-0.08432
1026	-0.07999
1028	-0.07717
1030	-0.07399
1032	-0.06976
1034	-0.06733
1036	-0.06669
1038	-0.0646
1040	-0.06157
1042	-0.05923
1044	-0.05782
1046	-0.05551
1048	-0.05349
1050	-0.05011
1052	-0.04826
1054	-0.04663
1056	-0.04563
1058	-0.04483
1060	-0.04386
1062	-0.04341
1064	-0.04084
1066	-0.04002
1068	-0.03853
1070	-0.03612
1072	-0.03336
1074	-0.03163
1076	-0.03063
1078	-0.02929
1080	-0.02832
1082	-0.02811
1084	-0.02835
1086	-0.02756
1088	-0.02667
1090	-0.02629
1092	-0.0262
1094	-0.02611
1096	-0.02494
1098	-0.02407
1100	-0.02384
1102	-0.02356
1104	-0.02181
1106	-0.01985
1108	-0.01913
1110	-0.01821
1112	-0.01782
1114	-0.01779
1116	-0.01615
1118	-0.01578
1120	-0.01585
1122	-0.01498
1124	-0.01354
1126	-0.01324
1128	-0.01289
1130	-0.013
1132	-0.01153
1134	-0.01083
1136	-0.01006
1138	-0.0103
1140	-0.01111
1142	-0.01035
1144	-0.00974
1146	-0.00889
1148	-0.00718
1150	-0.00619
1152	-0.00615
1154	-0.00542
1156	-0.0043
1158	-0.00404
1160	-0.00331
1162	-0.00297
1164	-0.00227
1166	-0.00373
1168	-0.00413
1170	-0.00367
1172	-0.00469
1174	-0.00503
1176	-0.00399
1178	-0.00428
1180	-0.00504
1182	-0.00456
1184	-0.00368
1186	-0.00387
1188	-0.0042
1190	-0.00339
1192	-0.003
1194	-0.00235
1196	-0.00251
1198	-0.00327
1200	-0.00286
1202	-0.0041
1204	-0.00466
1206	-0.00391
1208	-0.00324
1210	-0.00343
1212	-0.00279
1214	-0.00233
1216	-0.00139
1218	-0.0011
1220	-8.16019E-4
1222	-7.05504E-4
1224	-0.00213
1226	-0.00262
1228	-0.00328
1230	-0.00298
1232	-0.00213
1234	-9.36411E-4
1236	3.09105E-4
1238	0.00128
1240	9.35136E-4
1242	0.0019
1244	0.00256
1246	0.00112
1248	-6.18024E-5
1250	7.67219E-5
1252	7.01916E-4
1254	6.60111E-4
1256	-6.86951E-5
1258	-8.31501E-4
1260	-9.92307E-4
1262	-9.60112E-4
1264	-0.00115
1266	-0.00145
1268	-0.00106
1270	-0.00117
1272	-0.00103
1274	5.78054E-4
1276	-0.00103
1278	-0.15578
1280	-0.74951
1282	-1.60634
1284	-2.50926
1286	-3.38096
1288	-4.18151
1290	-4.90609
1292	-5.5474
1294	-6.11445
1296	-6.54493
1298	-6.53714
1300	-6.11392
1302	-5.55016
1304	-4.961
1306	-4.3928
1308	-3.86107
1310	-3.37508
1312	-2.93948
1314	-2.55555
1316	-2.21836
1318	-1.92645
1320	-1.67443
1322	-1.45799
1324	-1.27356
1326	-1.1163
1328	-0.98188
1330	-0.86864
1332	-0.77129
1334	-0.68936
1336	-0.619
1338	-0.55853
1340	-0.5073
1342	-0.46271
1344	-0.42379
1346	-0.39014
1348	-0.36122
1350	-0.33545
1352	-0.31118
1354	-0.28976
1356	-0.27047
1358	-0.2516
1360	-0.23513
1362	-0.21993
1364	-0.20683
1366	-0.19571
1368	-0.1836
1370	-0.17254
1372	-0.16072
1374	-0.15032
1376	-0.14211
1378	-0.13393
1380	-0.12593
1382	-0.11934
1384	-0.11368
1386	-0.1072
1388	-0.10161
1390	-0.09535
1392	-0.08992
1394	-0.08568
1396	-0.08141
1398	-0.07824
1400	-0.07449
1402	-0.07072
1404	-0.0672
1406	-0.06365
1408	-0.06095
1410	-0.05847
1412	-0.05494
1414	-0.05258
1416	-0.05051
1418	-0.04765
1420	-0.04577
1422	-0.04433
1424	-0.04299
1426	-0.04078
1428	-0.03928
1430	-0.03734
1432	-0.03522
1434	-0.03439
1436	-0.0334
1438	-0.03166
1440	-0.03014
1442	-0.02924
1444	-0.02729
1446	-0.02554
1448	-0.0242
1450	-0.02447
1452	-0.02392
1454	-0.02239
1456	-0.02034
1458	-0.01964
1460	-0.01947
1462	-0.01818
1464	-0.01617
1466	-0.0162
1468	-0.01711
1470	-0.01705
1472	-0.01667
1474	-0.01756
1476	-0.0178
1478	-0.01628
1480	-0.01502
1482	-0.01503
1484	-0.01381
1486	-0.01338
1488	-0.01371
1490	-0.01317
1492	-0.01247
1494	-0.01159
1496	-0.01016
1498	-0.00988
1500	-0.01011
1502	-0.00973
1504	-0.00945
1506	-0.00813
1508	-0.00682
1510	-0.00782
1512	-0.00726
1514	-0.0065
1516	-0.00687
1518	-0.00738
1520	-0.00848
1522	-0.00765
1524	-0.00779
1526	-0.0089
1528	-0.00803
1530	-0.00652
1532	-0.00447
1534	-0.00405
1536	-0.00397
1538	-0.00251
1540	-0.00225
1542	-0.00221
1544	-0.00251
1546	-0.00276
1548	-0.00299
1550	-0.00247
1552	-0.00166
1554	-0.00301
1556	-0.00407
1558	-0.00435
1560	-0.00373
1562	-0.00257
1564	-0.00316
1566	-0.00267
1568	-0.00203
1570	-0.00351
1572	-0.00262
1574	-0.00304
1576	-0.00333
1578	-0.00459
1580	-0.00431
1582	-0.00286
1584	-0.00225
1586	-0.00273
1588	-0.00395
1590	-0.00392
1592	-0.00474
1594	-0.00435
1596	-0.00398
1598	-0.00475
1600	-0.00416
1602	-0.00451
1604	-0.00465
1606	-0.00374
1608	-0.00312
1610	-0.00161
1612	-0.00157
1614	-0.002
1616	-0.00236
1618	-0.00335
1620	-0.0038
1622	-0.00254
1624	-0.00327
1626	-0.00399
1628	-0.00354
1630	-0.00326
1632	-0.00354
1634	-0.00199
1636	-0.00148
1638	-0.00118
1640	-4.45855E-4
1642	3.62622E-6
1644	-1.12893E-4
1646	2.61588E-4
1648	6.79069E-4
1650	-1.5945E-4
1652	1.30304E-5
1654	5.59511E-4
1656	9.64992E-4
1658	5.7473E-5
1660	-0.00166
1662	-0.00248
1664	-0.00251
1666	-0.00295
1668	-0.00381
1670	-0.00354
1672	-0.00269
1674	-0.00287
1676	-0.00219
1678	-0.00205
1680	-0.0033
1682	-0.1316
1684	-0.69606
1686	-1.53232
1688	-2.4142
1690	-3.25951
1692	-4.04431
1694	-4.75495
1696	-5.38603
1698	-5.94747
1700	-6.39226
1702	-6.41361
1704	-5.9968
1706	-5.43003
1708	-4.83414
1710	-4.25759
1712	-3.72172
1714	-3.23283
1716	-2.7962
1718	-2.41156
1720	-2.07464
1722	-1.78327
1724	-1.53284
1726	-1.32078
1728	-1.13904
1730	-0.98564
1732	-0.85694
1734	-0.74763
1736	-0.65717
1738	-0.58018
1740	-0.51629
1742	-0.46216
1744	-0.41545
1746	-0.37464
1748	-0.33938
1750	-0.31072
1752	-0.28616
1754	-0.26234
1756	-0.24018
1758	-0.22157
1760	-0.20526
1762	-0.18894
1764	-0.17523
1766	-0.16281
1768	-0.15202
1770	-0.14201
1772	-0.13315
1774	-0.12451
1776	-0.11566
1778	-0.10835
1780	-0.10152
1782	-0.09581
1784	-0.09045
1786	-0.08477
1788	-0.08062
1790	-0.07527
1792	-0.07012
1794	-0.0653
1796	-0.06081
1798	-0.05817
1800	-0.05433
1802	-0.05051
1804	-0.0472
1806	-0.04317
1808	-0.04098
1810	-0.03888
1812	-0.03633
1814	-0.03399
1816	-0.03229
1818	-0.03107
1820	-0.0283
1822	-0.02737
1824	-0.02733
1826	-0.02521
1828	-0.02244
1830	-0.01978
1832	-0.01894
1834	-0.01901
1836	-0.01765
1838	-0.0173
1840	-0.01557
1842	-0.01408
1844	-0.01353
1846	-0.01301
1848	-0.01284
1850	-0.01333
1852	-0.01352
1854	-0.01303
1856	-0.01296
1858	-0.01275
1860	-0.01345
1862	-0.01259
1864	-0.01012
1866	-0.01045
1868	-0.0102
1870	-0.01013
1872	-0.00986
1874	-0.00885
1876	-0.00893
1878	-0.00966
1880	-0.00854
1882	-0.00724
1884	-0.00727
1886	-0.00612
1888	-0.00529
1890	-0.00458
1892	-0.00472
1894	-0.00387
1896	-0.00437
1898	-0.00387
1900	-0.00366
1902	-0.00403
1904	-0.00436
1906	-0.00459
1908	-0.00387
1910	-0.00354
1912	-0.00298
1914	-0.00236
1916	-0.00247
1918	-0.00209
1920	-0.00286
1922	-0.003
1924	-0.00211
1926	6.0171E-4
1928	9.47611E-4
1930	-9.82488E-4
1932	-0.00101
1934	-8.96687E-4
1936	1.36214E-4
1938	-1.08854E-5
1940	7.26015E-4
1942	5.98916E-4
1944	-8.21831E-5
1946	-8.22282E-4
1948	-8.06382E-4
1950	-5.81481E-4
1952	-0.00101
1954	-0.00115
1956	-0.00121
1958	-0.00147
1960	-7.57977E-4
1962	-4.49076E-4
1964	-2.33175E-4
1966	2.42725E-4
1968	-1.99374E-4
1970	-5.24731E-5
1972	7.84277E-5
1974	6.43284E-5
1976	0.00158
1978	0.00179
1980	0.0011
1982	0.00194
1984	9.42832E-4
1986	0.00187
1988	0.00281
1990	0.00394
1992	0.00352
1994	0.00178
1996	0.00185
1998	0.00202
2000	0.00249
2002	0.00218
2004	9.2384E-4
2006	-3.94259E-4
2008	-0.0011
2010	-2.08458E-4
2012	0.00114
2014	0.00156
2016	0.00249
2018	0.00185
2020	0.00208
2022	0.00195
2024	0.00176
2026	0.00196
2028	0.00138
2030	0.00129
2032	0.00119
2034	2.22707E-4
2036	2.75589E-4
2038	-3.32529E-4
2040	2.90353E-4
2042	0.00133
2044	9.05118E-4
2046	3.56E-4
2048	-7.26118E-4
2050	-0.00108
2052	9.16646E-4
2054	0.00102
2056	5.51411E-4
2058	6.61293E-4
2060	0.00193
2062	0.00103
2064	2.66939E-4
2066	6.97315E-4
2068	6.24599E-4
2070	0.00156
2072	2.49168E-4
2074	-5.35548E-4
2076	7.79736E-4
2078	0.0017
2080	8.52304E-4
2082	9.11588E-4
2084	0.00109
2086	-0.10572
2088	-0.62997
2090	-1.4552
2092	-2.33835
2094	-3.19597
2096	-3.98906
2098	-4.71477
2100	-5.35734
2102	-5.93591
2104	-6.40904
2106	-6.47941
2108	-6.08197
2110	-5.51303
2112	-4.90896
2114	-4.32163
2116	-3.77314
2118	-3.27121
2120	-2.8226
2122	-2.4269
2124	-2.08218
2126	-1.78268
2128	-1.52588
2130	-1.30835
2132	-1.1252
2134	-0.97001
2136	-0.84008
2138	-0.72984
2140	-0.63817
2142	-0.56068
2144	-0.49499
2146	-0.43892
2148	-0.39228
2150	-0.35423
2152	-0.32
2154	-0.29006
2156	-0.26432
2158	-0.24188
2160	-0.22231
2162	-0.20363
2164	-0.18633
2166	-0.17155
2168	-0.15956
2170	-0.14812
2172	-0.13792
2174	-0.12941
2176	-0.1217
2178	-0.11339
2180	-0.10589
2182	-0.09781
2184	-0.09065
2186	-0.08392
2188	-0.07754
2190	-0.07237
2192	-0.06755
2194	-0.06342
2196	-0.06126
2198	-0.05765
2200	-0.0531
2202	-0.04995
2204	-0.04795
2206	-0.04548
2208	-0.04337
2210	-0.04047
2212	-0.03662
2214	-0.03476
2216	-0.0335
2218	-0.03109
2220	-0.02986
2222	-0.02809
2224	-0.02717
2226	-0.02575
2228	-0.02425
2230	-0.02366
2232	-0.02251
2234	-0.02246
2236	-0.0213
2238	-0.02049
2240	-0.01965
2242	-0.01906
2244	-0.01768
2246	-0.0152
2248	-0.01553
2250	-0.01531
2252	-0.01411
2254	-0.01218
2256	-0.01132
2258	-0.01174
2260	-0.01103
2262	-0.01063
2264	-0.01139
2266	-0.01061
2268	-0.01135
2270	-0.01166
2272	-0.01127
2274	-0.01175
2276	-0.01175
2278	-0.01073
2280	-0.00998
2282	-0.00944
2284	-0.00908
2286	-0.01083
2288	-0.01109
2290	-0.00982
2292	-0.00847
2294	-0.00793
2296	-0.00721
2298	-0.00673
2300	-0.00636
2302	-0.0066
2304	-0.0058
2306	-0.00549
2308	-0.00593
2310	-0.00452
2312	-0.00349
2314	-0.0044
2316	-0.00413
2318	-0.00335
2320	-0.0026
2322	-0.0022
2324	-0.0032
2326	-0.00299
2328	-0.00265
2330	-0.0024
2332	-0.00277
2334	-0.00275
2336	-0.00108
2338	-4.18343E-4
2340	-0.00116
2342	-0.00212
2344	-0.00292
2346	-0.00325
2348	-0.00171
2350	-0.00211
2352	-0.0019
2354	-0.00223
2356	-0.00175
2358	-0.00176
2360	-0.00191
2362	-0.00116
2364	-8.11532E-5
2366	8.24784E-4
2368	0.00108
2370	5.7666E-4
2372	-2.52402E-4
2374	4.51535E-4
2376	-5.88527E-4
2378	-9.66589E-4
2380	-4.70652E-4
2382	-2.47714E-4
2384	-6.37776E-4
2386	4.08161E-4
2388	-1.84901E-4
2390	-0.0013
2392	-0.00254
2394	-0.00145
2396	-0.00142
2398	-0.00189
2400	-0.00169
2402	-0.00166
2404	-0.00136
2406	-6.68938E-4
2408	-9.28677E-4
2410	5.47583E-4
2412	8.82844E-4
2414	0.00103
2416	0.00169
2418	0.00234
2420	0.00188
2422	0.00116
2424	7.8741E-4
2426	-8.32955E-6
2428	-0.00115
2430	-8.22808E-4
2432	-2.34547E-4
2434	1.52714E-4
2436	1.29748E-5
2438	-1.85764E-4
2440	-8.18503E-4
2442	4.20757E-4
2444	0.00222
2446	0.00186
2448	0.00173
2450	0.00156
2452	8.00973E-4
2454	1.06176E-4
2456	6.43787E-5
2458	9.80581E-4
2460	6.39784E-4
2462	7.22987E-4
2464	7.5519E-4
2466	-8.29607E-4
2468	-0.00118
2470	-7.59202E-4
2472	-0.00101
2474	-9.38796E-4
2476	-5.04593E-4
2478	-2.9139E-4
2480	0.00105
2482	0.0014
2484	-1.65782E-4
2486	6.54211E-5
2488	-5.79376E-4
2490	-0.09857
2492	-0.61041
2494	-1.43672
2496	-2.33244
2498	-3.20188
2500	-4.01164
2502	-4.75143
2504	-5.41747
2506	-6.00758
2508	-6.50216
2510	-6.61287
2512	-6.23182
2514	-5.65755
2516	-5.04095
2518	-4.43785
2520	-3.87257
2522	-3.35651
2524	-2.89421
2526	-2.48441
2528	-2.12726
2530	-1.82011
2532	-1.55524
2534	-1.329
2536	-1.1376
2538	-0.97628
2540	-0.84125
2542	-0.7281
2544	-0.63463
2546	-0.55559
2548	-0.48913
2550	-0.43331
2552	-0.38655
2554	-0.34612
2556	-0.31244
2558	-0.2829
2560	-0.258
2562	-0.23621
2564	-0.21736
2566	-0.19958
2568	-0.18369
2570	-0.16979
2572	-0.15733
2574	-0.14676
2576	-0.13553
2578	-0.12503
2580	-0.1162
2582	-0.10832
2584	-0.10129
2586	-0.09445
2588	-0.08774
2590	-0.08214
2592	-0.07599
2594	-0.07075
2596	-0.06563
2598	-0.06171
2600	-0.05861
2602	-0.05417
2604	-0.05087
2606	-0.04781
2608	-0.04365
2610	-0.04091
2612	-0.03724
2614	-0.03459
2616	-0.0324
2618	-0.03003
2620	-0.02877
2622	-0.02751
2624	-0.02483
2626	-0.02306
2628	-0.02221
2630	-0.02184
2632	-0.02285
2634	-0.02233
2636	-0.0216
2638	-0.02059
2640	-0.01914
2642	-0.01818
2644	-0.01761
2646	-0.01668
2648	-0.01596
2650	-0.01664
2652	-0.0155
2654	-0.01611
2656	-0.01524
2658	-0.01422
2660	-0.01376
2662	-0.0133
2664	-0.01218
2666	-0.01088
2668	-0.00965
2670	-0.0078
2672	-0.00711
2674	-0.00664
2676	-0.00529
2678	-0.00595
2680	-0.00524
2682	-0.00476
2684	-0.00444
2686	-0.00499
2688	-0.00521
2690	-0.00502
2692	-0.00487
2694	-0.00551
2696	-0.00759
2698	-0.00853
2700	-0.00864
2702	-0.00818
2704	-0.00867
2706	-0.0083
2708	-0.0057
2710	-0.00446
2712	-0.00409
2714	-0.00346
2716	-0.00393
2718	-0.00491
2720	-0.00485
2722	-0.00451
2724	-0.00361
2726	-0.00292
2728	-0.00327
2730	-0.00309
2732	-0.00317
2734	-0.00235
2736	-0.00187
2738	-0.00204
2740	-0.00335
2742	-0.00454
2744	-0.00465
2746	-0.00319
2748	-0.00258
2750	-0.00103
2752	-7.99917E-4
2754	-0.00111
2756	6.91979E-4
2758	0.00135
2760	7.28748E-5
2762	9.84323E-4
2764	0.00135
2766	0.00148
2768	0.0013
2770	4.87114E-4
2772	-7.65438E-4
2774	-3.9099E-4
2776	-6.90542E-4
2778	-8.48094E-4
2780	-0.00133
2782	-0.00167
2784	-0.0015
2786	-0.00114
2788	-0.00167
2790	-0.00131
2792	-0.00195
2794	-0.00119
2796	-0.00134
2798	-0.00209
2800	-0.0023
2802	-0.00207
2804	-0.00201
2806	-5.70515E-4
2808	-5.77764E-4
2810	-0.00103
2812	4.04737E-4
2814	0.00109
2816	6.14238E-4
2818	-3.44012E-4
2820	-1.46261E-4
2822	2.5349E-4
2824	-5.8176E-4
2826	3.54991E-4
2828	0.00113
2830	2.50492E-4
2832	0.00106
2834	0.00206
2836	0.00254
2838	0.00166
2840	0.00139
2842	0.00243
2844	0.00259
2846	5.96812E-4
2848	5.12237E-5
2850	-5.53648E-5
2852	3.39047E-4
2854	4.01458E-4
2856	-6.7613E-4
2858	-4.96719E-4
2860	-3.47307E-4
2862	0.00103
2864	0.00273
2866	0.00185
2868	8.83339E-4
2870	2.1075E-4
2872	1.52162E-4
2874	0.00107
2876	7.39985E-4
2878	0.0013
2880	3.56661E-4
2882	-4.25872E-4
2884	-0.00174
2886	-0.00184
2888	-8.12469E-4
2890	0.00143
2892	0.00137
2894	-0.06681
2896	-0.53582
2898	-1.36032
2900	-2.279
2902	-3.17914
2904	-4.01873
2906	-4.78398
2908	-5.4717
2910	-6.08216
2912	-6.6071
2914	-6.78915
2916	-6.44627
2918	-5.87343
2920	-5.24343
2922	-4.62381
2924	-4.03968
2926	-3.50515
2928	-3.02403
2930	-2.59745
2932	-2.22345
2934	-1.89965
2936	-1.62283
2938	-1.38745
2940	-1.18614
2942	-1.01629
2944	-0.87404
2946	-0.75514
2948	-0.65619
2950	-0.57325
2952	-0.5035
2954	-0.44546
2956	-0.39636
2958	-0.35358
2960	-0.31866
2962	-0.28824
2964	-0.26109
2966	-0.23835
2968	-0.2182
2970	-0.20119
2972	-0.18583
2974	-0.17074
2976	-0.1559
2978	-0.14392
2980	-0.13286
2982	-0.12358
2984	-0.11539
2986	-0.10854
2988	-0.10087
2990	-0.09369
2992	-0.08723
2994	-0.08112
2996	-0.07449
2998	-0.0692
3000	-0.06322
3002	-0.059
3004	-0.05714
3006	-0.05423
3008	-0.05083
3010	-0.04687
3012	-0.0431
3014	-0.04012
3016	-0.03748
3018	-0.03449
3020	-0.03218
3022	-0.02989
3024	-0.0283
3026	-0.02736
3028	-0.02599
3030	-0.02481
3032	-0.02439
3034	-0.02231
3036	-0.01955
3038	-0.01834
3040	-0.01829
3042	-0.01656
3044	-0.01439
3046	-0.01351
3048	-0.01285
3050	-0.01125
3052	-0.01022
3054	-0.0096
3056	-0.01061
3058	-0.01044
3060	-0.01018
3062	-0.01143
3064	-0.01054
3066	-0.0103
3068	-0.00956
3070	-0.00918
3072	-0.00876
3074	-0.00865
3076	-0.00884
3078	-0.00983
3080	-0.00957
3082	-0.01011
3084	-0.00965
3086	-0.00881
3088	-0.00811
3090	-0.00706
3092	-0.00755
3094	-0.00832
3096	-0.00947
3098	-0.00877
3100	-0.0078
3102	-0.00617
3104	-0.0059
3106	-0.00503
3108	-0.00405
3110	-0.0043
3112	-0.00353
3114	-0.00197
3116	-0.00129
3118	2.20826E-4
3120	0.00104
3122	0.00115
3124	0.00161
3126	9.65823E-4
3128	9.63573E-4
3130	2.81322E-4
3132	-2.59928E-4
3134	-4.62179E-4
3136	-6.8443E-4
3138	-0.00104
3140	-0.00172
3142	-0.00259
3144	-0.00244
3146	-0.00207
3148	-0.0016
3150	-0.0015
3152	-0.00265
3154	-0.0029
3156	-0.002
3158	-0.00119
3160	-0.00147
3162	-6.56875E-5
3164	0.00127
3166	0.00119
3168	2.9613E-4
3170	-0.00111
3172	-0.00123
3174	-5.50866E-4
3176	1.97469E-4
3178	8.68036E-5
3180	-2.81862E-4
3182	8.15473E-4
3184	0.0011
3186	8.61428E-5
3188	-0.00174
3190	-0.00334
3192	-0.00293
3194	-0.00129
3196	-5.69183E-4
3198	-6.78848E-4
3200	-2.83514E-4
3202	-5.69179E-4
3204	-3.60844E-4
3206	3.38491E-4
3208	-1.82174E-4
3210	-2.5684E-4
3212	-6.97505E-4
3214	-6.3117E-4
3216	-2.35874E-4
3218	-3.26525E-4
3220	-7.60176E-4
3222	-1.44827E-4
3224	-7.14787E-5
3226	3.28702E-5
3228	4.00219E-4
3230	-2.11432E-4
3232	5.57917E-4
3234	-3.65735E-4
3236	-0.00133
3238	-0.00142
3240	-7.33688E-4
3242	-3.42339E-4
3244	-6.8899E-4
3246	-3.99642E-4
3248	3.70707E-4
3250	6.99056E-4
3252	-1.53595E-4
3254	-1.37246E-4
3256	4.83103E-4
3258	9.34515E-5
3260	0.00146
3262	9.10149E-4
3264	-1.35363E-4
3266	-5.31163E-5
3268	-5.96869E-4
3270	-8.04622E-4
3272	-6.46375E-4
3274	4.78716E-5
3276	7.64119E-4
3278	2.28366E-4
3280	-3.33874E-5
3282	-3.7114E-4
3284	-9.22893E-4
3286	-0.00168
3288	-0.00101
3290	-0.0018
3292	-0.00173
3294	-7.67658E-4
3296	3.87589E-4
3298	-0.06331
3300	-0.5271
3302	-1.36427
3304	-2.29711
3306	-3.20743
3308	-4.06243
3310	-4.84351
3312	-5.55048
3314	-6.18024
3316	-6.71834
3318	-6.92829
3320	-6.59866
3322	-6.02053
3324	-5.37871
3326	-4.74235
3328	-4.14173
3330	-3.59071
3332	-3.09579
3334	-2.65778
3336	-2.27379
3338	-1.94119
3340	-1.65713
3342	-1.41572
3344	-1.21067
3346	-1.03785
3348	-0.89235
3350	-0.77045
3352	-0.66957
3354	-0.58386
3356	-0.51256
3358	-0.4539
3360	-0.40463
3362	-0.36236
3364	-0.3254
3366	-0.29399
3368	-0.26771
3370	-0.24501
3372	-0.22523
3374	-0.20632
3376	-0.18935
3378	-0.17575
3380	-0.16171
3382	-0.14997
3384	-0.13958
3386	-0.12936
3388	-0.11998
3390	-0.11122
3392	-0.10297
3394	-0.09501
3396	-0.0882
3398	-0.08101
3400	-0.07528
3402	-0.06947
3404	-0.06441
3406	-0.0611
3408	-0.05739
3410	-0.05361
3412	-0.04965
3414	-0.04722
3416	-0.04349
3418	-0.04135
3420	-0.03937
3422	-0.03589
3424	-0.03343
3426	-0.03156
3428	-0.02944
3430	-0.02852
3432	-0.02716
3434	-0.0249
3436	-0.02252
3438	-0.02128
3440	-0.02038
3442	-0.01819
3444	-0.01656
3446	-0.01592
3448	-0.01537
3450	-0.01496
3452	-0.01222
3454	-0.01111
3456	-0.01112
3458	-0.01175
3460	-0.01189
3462	-0.01064
3464	-0.00988
3466	-0.00909
3468	-0.00888
3470	-0.00839
3472	-0.009
3474	-0.00923
3476	-0.00962
3478	-0.00888
3480	-0.00782
3482	-0.00823
3484	-0.00859
3486	-0.00844
3488	-0.00933
3490	-0.00896
3492	-0.00952
3494	-0.009
3496	-0.00714
3498	-0.00594
3500	-0.00533
3502	-0.00525
3504	-0.00577
3506	-0.00547
3508	-0.00533
3510	-0.00428
3512	-0.00269
3514	-0.00249
3516	-0.00239
3518	-0.00176
3520	-0.00128
3522	-7.99771E-4
3524	-0.00109
3526	-0.00129
3528	-7.73022E-4
3530	9.68561E-4
3532	0.00116
3534	7.21728E-4
3536	7.49311E-4
3538	-1.97106E-4
3540	-0.00169
3542	-0.00206
3544	-0.00175
3546	-8.87736E-5
3548	2.88096E-5
3550	-6.04607E-4
3552	-5.33024E-4
3554	-5.19441E-4
3556	-0.0017
3558	-0.00256
3560	-0.00163
3562	-0.00116
3564	9.44747E-5
3566	-3.24942E-4
3568	-0.00105
3570	-0.00122
3572	-0.00101
3574	-0.00123
3576	-5.70026E-4
3578	6.11557E-4
3580	9.9914E-4
3582	8.20723E-4
3584	0.00205
3586	0.00203
3588	0.00234
3590	0.00305
3592	0.00341
3594	0.00267
3596	0.00241
3598	0.00197
3600	0.00241
3602	0.00343
3604	0.00362
3606	0.00263
3608	0.00212
3610	9.90887E-4
3612	6.4447E-4
3614	1.35053E-4
3616	-2.93636E-5
3618	9.2522E-4
3620	0.00194
3622	0.00213
3624	0.00233
3626	0.0025
3628	0.00369
3630	0.00355
3632	0.00325
3634	0.00357
3636	0.00324
3638	0.00191
3640	0.00163
3642	0.00209
3644	0.0015
3646	0.0016
3648	0.0019
3650	0.00173
3652	4.67808E-4
3654	-3.42989E-4
3656	-6.42785E-4
3658	-3.66582E-4
3660	0.00142
3662	0.00198
3664	8.30029E-4
3666	4.91232E-4
3668	5.24436E-4
3670	1.1564E-4
3672	2.15843E-4
3674	4.19047E-4
3676	-3.2575E-4
3678	-2.86546E-4
3680	0.00142
3682	0.00199
3684	0.0016
3686	0.00265
3688	0.00284
3690	0.00236
3692	7.85879E-4
3694	4.36082E-4
3696	0.00123
3698	0.00156
3700	0.00177
3702	-0.04612
3704	-0.46817
3706	-1.29071
3708	-2.24036
3710	-3.18387
3712	-4.06373
3714	-4.86413
3716	-5.59167
3718	-6.24171
3720	-6.80396
3722	-7.06691
3724	-6.77778
3726	-6.20868
3728	-5.56273
3730	-4.91673
3732	-4.30251
3734	-3.73495
3736	-3.22364
3738	-2.76991
3740	-2.37231
3742	-2.02821
3744	-1.73136
3746	-1.47796
3748	-1.26379
3750	-1.08272
3752	-0.93202
3754	-0.80559
3756	-0.69927
3758	-0.61008
3760	-0.535
3762	-0.47117
3764	-0.41958
3766	-0.37579
3768	-0.33716
3770	-0.3054
3772	-0.27747
3774	-0.25232
3776	-0.23073
3778	-0.21073
3780	-0.19396
3782	-0.17788
3784	-0.16425
3786	-0.15288
3788	-0.14239
3790	-0.13299
3792	-0.12437
3794	-0.11503
3796	-0.10646
3798	-0.10002
3800	-0.09215
3802	-0.08467
3804	-0.07874
3806	-0.07327
3808	-0.06744
3810	-0.06319
3812	-0.05835
3814	-0.05479
3816	-0.05214
3818	-0.04841
3820	-0.04524
3822	-0.04172
3824	-0.03963
3826	-0.03758
3828	-0.03534
3830	-0.03447
3832	-0.03336
3834	-0.03049
3836	-0.02904
3838	-0.02813
3840	-0.02699
3842	-0.02572
3844	-0.02517
3846	-0.02373
3848	-0.02274
3850	-0.02269
3852	-0.02104
3854	-0.01844
3856	-0.01712
3858	-0.01604
3860	-0.01518
3862	-0.0153
3864	-0.01476
3866	-0.01382
3868	-0.01371
3870	-0.01296
3872	-0.01183
3874	-0.01136
3876	-0.01084
3878	-0.0103
3880	-0.00972
3882	-0.01007
3884	-0.00894
3886	-0.00826
3888	-0.00795
3890	-0.00755
3892	-0.00845
3894	-0.00833
3896	-0.00915
3898	-0.00898
3900	-0.00788
3902	-0.0077
3904	-0.00698
3906	-0.00585
3908	-0.00593
3910	-0.00574
3912	-0.00607
3914	-0.00588
3916	-0.00475
3918	-0.0045
3920	-0.00541
3922	-0.00582
3924	-0.00679
3926	-0.00637
3928	-0.00564
3930	-0.00441
3932	-0.00384
3934	-0.00523
3936	-0.00505
3938	-0.00511
3940	-0.00479
3942	-0.00417
3944	-0.0033
3946	-0.00312
3948	-0.00156
3950	-0.00101
3952	-0.00145
3954	-0.00207
3956	-0.0014
3958	4.02177E-5
3960	1.12632E-4
3962	-0.00153
3964	-0.00217
3966	-0.00328
3968	-0.00362
3970	-0.00252
3972	-4.70885E-4
3974	-9.97471E-4
3976	-0.00182
3978	-0.00206
3980	-0.00206
3982	-0.00116
3984	1.28599E-4
3986	1.47013E-4
3988	7.38427E-4
3990	2.42841E-4
3992	3.23255E-4
3994	0.001
3996	0.00113
3998	-2.55031E-5
4000	-0.00134
4002	-0.00158
4004	-9.79261E-4
4006	-0.00142
4008	-0.00294
4010	-0.00404
4012	-0.00299
4014	-0.00341
4016	-0.00382
4018	-0.00308
4020	-0.00236
4022	-8.21536E-4
4024	1.01878E-4
4026	4.06292E-4
4028	0.00101
4030	2.51202E-5
4032	-4.89956E-4
4034	-5.34858E-4
4036	-2.8076E-4
4038	4.98337E-4
4040	3.12435E-4
4042	-3.31467E-4
4044	-2.72369E-4
4046	-2.86272E-4
4048	-8.21174E-4
4050	-3.91076E-4
4052	1.64022E-4
4054	1.30119E-4
4056	6.52171E-5
4058	-6.41685E-4
4060	-0.00144
4062	-2.3049E-4
4064	-7.23919E-5
4066	2.49706E-4
4068	0.00114
4070	0.00148
4072	0.00132
4074	0.00185
4076	0.00119
4078	0.0011
4080	-5.3308E-4
4082	-9.46915E-4
4084	-8.9875E-4
4086	-4.84585E-4
4088	-0.0011
4090	-3.84255E-4
4092	-3.7509E-4
4094	-0.00131
4096	-7.1176E-4
4098	-4.84595E-4
4100	9.3557E-4
4102	8.06735E-4
4104	9.909E-4
4106	-0.03683
4108	-0.43405
4110	-1.26252
4112	-2.22023
4114	-3.17511
4116	-4.07251
4118	-4.89609
4120	-5.6367
4122	-6.29874
4124	-6.88042
4126	-7.17889
4128	-6.91723
4130	-6.35456
4132	-5.70075
4134	-5.04279
4136	-4.41731
4138	-3.83803
4140	-3.315
4142	-2.85027
4144	-2.44184
4146	-2.08828
4148	-1.7838
4150	-1.52393
4152	-1.30444
4154	-1.11786
4156	-0.96198
4158	-0.83108
4160	-0.72279
4162	-0.63193
4164	-0.55418
4166	-0.48854
4168	-0.43397
4170	-0.38757
4172	-0.34711
4174	-0.3123
4176	-0.28261
4178	-0.25797
4180	-0.2363
4182	-0.21789
4184	-0.20094
4186	-0.18546
4188	-0.17035
4190	-0.15644
4192	-0.14268
4194	-0.13095
4196	-0.12135
4198	-0.11372
4200	-0.10533
4202	-0.09741
4204	-0.09107
4206	-0.08515
4208	-0.07848
4210	-0.07153
4212	-0.06721
4214	-0.06362
4216	-0.05904
4218	-0.05471
4220	-0.05147
4222	-0.04642
4224	-0.04368
4226	-0.04105
4228	-0.03825
4230	-0.03568
4232	-0.03244
4234	-0.0308
4236	-0.02794
4238	-0.02609
4240	-0.025
4242	-0.02367
4244	-0.02185
4246	-0.0205
4248	-0.0203
4250	-0.0196
4252	-0.01822
4254	-0.01726
4256	-0.01598
4258	-0.01469
4260	-0.0132
4262	-0.01211
4264	-0.01194
4266	-0.01183
4268	-0.01135
4270	-0.01003
4272	-0.00931
4274	-0.00878
4276	-0.00955
4278	-0.00862
4280	-0.00739
4282	-0.00771
4284	-0.00903
4286	-0.00831
4288	-0.00781
4290	-0.00775
4292	-0.0084
4294	-0.00931
4296	-0.0091
4298	-0.00876
4300	-0.00784
4302	-0.00747
4304	-0.00567
4306	-0.00366
4308	-0.00368
4310	-0.00536
4312	-0.00563
4314	-0.00477
4316	-0.00344
4318	-0.00303
4320	-0.00372
4322	-0.00302
4324	-0.00176
4326	-0.00163
4328	-0.00177
4330	-0.00242
4332	-0.00307
4334	-0.00277
4336	-0.00169
4338	-9.02796E-4
4340	-3.93034E-4
4342	-0.00173
4344	-0.00117
4346	-1.01748E-4
4348	5.30015E-4
4350	0.00152
4352	0.00143
4354	1.63301E-4
4356	7.67063E-4
4358	0.00104
4360	0.0018
4362	0.0017
4364	0.00197
4366	0.00201
4368	0.00231
4370	9.44398E-4
4372	4.5316E-4
4374	9.57923E-4
4376	8.84685E-4
4378	-2.83553E-4
4380	-4.30791E-4
4382	-0.0011
4384	-0.00172
4386	-0.0013
4388	-0.00129
4390	-9.8398E-4
4392	-0.0019
4394	-0.0011
4396	4.56306E-4
4398	0.00113
4400	0.00115
4402	0.00117
4404	9.26355E-4
4406	0.00143
4408	0.00252
4410	0.00293
4412	0.00354
4414	0.00422
4416	0.00267
4418	0.00161
4420	0.00315
4422	0.00299
4424	0.00237
4426	0.00264
4428	0.00384
4430	0.00447
4432	0.00527
4434	0.00376
4436	0.00236
4438	0.0025
4440	0.0018
4442	0.00107
4444	0.00119
4446	0.0012
4448	0.00152
4450	1.54466E-4
4452	-3.5665E-4
4454	-2.31767E-4
4456	-1.01884E-4
4458	-0.00102
4460	-0.00121
4462	-0.00245
4464	-0.00286
4466	-0.00179
4468	-0.00121
4470	-7.73404E-4
4472	-0.00155
4474	-0.002
4476	-0.00179
4478	-5.4983E-4
4480	3.97813E-4
4482	-4.05543E-4
4484	2.051E-4
4486	7.06743E-4
4488	0.00136
4490	0.0013
4492	0.00131
4494	0.00241
4496	0.00249
4498	1.78604E-4
4500	-4.99753E-4
4502	-0.00113
4504	-0.00154
4506	-2.44823E-4
4508	-3.93179E-4
4510	-0.02845
4512	-0.37988
4514	-1.18567
4516	-2.14962
4518	-3.12117
4520	-4.03835
4522	-4.88606
4524	-5.65022
4526	-6.3316
4528	-6.92668
4530	-7.28719
4532	-7.08834
4534	-6.54398
4536	-5.89299
4538	-5.22727
4540	-4.58899
4542	-3.99512
4544	-3.45651
4546	-2.97593
4548	-2.55314
4550	-2.18658
4552	-1.87157
4554	-1.59961
4556	-1.36791
4558	-1.17285
4560	-1.00927
4562	-0.87284
4564	-0.75713
4566	-0.6603
4568	-0.57875
4570	-0.51007
4572	-0.45421
4574	-0.40602
4576	-0.36563
4578	-0.33002
4580	-0.299
4582	-0.27261
4584	-0.25059
4586	-0.22976
4588	-0.21099
4590	-0.19393
4592	-0.17866
4594	-0.1641
4596	-0.15126
4598	-0.14106
4600	-0.13007
4602	-0.12001
4604	-0.11035
4606	-0.10249
4608	-0.09498
4610	-0.08869
4612	-0.08097
4614	-0.07479
4616	-0.06914
4618	-0.06327
4620	-0.05936
4622	-0.05648
4624	-0.05404
4626	-0.05087
4628	-0.04732
4630	-0.0431
4632	-0.04027
4634	-0.03775
4636	-0.03543
4638	-0.0331
4640	-0.03229
4642	-0.03108
4644	-0.02963
4646	-0.02822
4648	-0.02638
4650	-0.02579
4652	-0.02485
4654	-0.02225
4656	-0.02122
4658	-0.02118
4660	-0.02131
4662	-0.02125
4664	-0.02061
4666	-0.01778
4668	-0.01627
4670	-0.01551
4672	-0.01605
4674	-0.01514
4676	-0.0129
4678	-0.01151
4680	-0.01124
4682	-0.01096
4684	-0.00969
4686	-0.00907
4688	-0.00904
4690	-0.00788
4692	-0.00625
4694	-0.00694
4696	-0.00641
4698	-0.00682
4700	-0.00669
4702	-0.00563
4704	-0.00598
4706	-0.00681
4708	-0.00676
4710	-0.00579
4712	-0.00555
4714	-0.00507
4716	-0.00547
4718	-0.00542
4720	-0.00511
4722	-0.00457
4724	-0.00424
4726	-0.00512
4728	-0.00434
4730	-0.00343
4732	-0.00344
4734	-0.00319
4736	-0.00304
4738	-0.00316
4740	-0.00288
4742	-0.00302
4744	-0.00227
4746	-0.00187
4748	-0.00267
4750	-0.0024
4752	-0.00235
4754	-0.00274
4756	-0.00247
4758	-0.00213
4760	-0.00216
4762	-0.0027
4764	-0.00265
4766	-0.00295
4768	-0.00201
4770	-7.22636E-4
4772	-5.25068E-4
4774	-1.19499E-4
4776	0.00106
4778	0.00125
4780	0.00124
4782	0.00141
4784	0.0019
4786	8.05913E-4
4788	0.00178
4790	7.6705E-4
4792	7.46618E-4
4794	0.0017
4796	0.00336
4798	0.00313
4800	0.0025
4802	0.00303
4804	0.0025
4806	0.00125
4808	8.78032E-4
4810	1.38736E-4
4812	2.30441E-4
4814	0.00134
4816	-2.31505E-5
4818	5.55405E-6
4820	1.93259E-4
4822	9.09963E-4
4824	0.0021
4826	0.00183
4828	3.26077E-4
4830	5.57811E-5
4832	6.75486E-4
4834	0.00144
4836	0.00221
4838	0.00239
4840	0.00156
4842	0.0024
4844	0.00307
4846	0.00264
4848	0.00203
4850	0.00119
4852	0.00115
4854	0.00207
4856	0.00294
4858	0.00118
4860	-0.00103
4862	-0.0014
4864	-9.06468E-4
4866	7.44287E-5
4868	9.13325E-4
4870	0.00161
4872	0.00183
4874	3.43015E-4
4876	-6.39088E-4
4878	-7.09191E-4
4880	-0.00166
4882	-9.47398E-4
4884	6.94499E-4
4886	-5.15605E-4
4888	4.21292E-4
4890	5.56188E-4
4892	3.93085E-4
4894	3.44005E-4
4896	5.5588E-4
4898	0.00125
4900	2.7463E-4
4902	1.85505E-4
4904	2.2038E-4
4906	-2.35745E-4
4908	1.9513E-4
4910	0.00145
4912	6.8188E-4
4914	-0.02295
4916	-0.34693
4918	-1.13843
4920	-2.107
4922	-3.09148
4924	-4.02629
4926	-4.89058
4928	-5.67335
4930	-6.37277
4932	-6.98721
4934	-7.38536
4936	-7.22199
4938	-6.68881
4940	-6.03396
4942	-5.35941
4944	-4.71048
4946	-4.10534
4948	-3.55441
4950	-3.06171
4952	-2.62845
4954	-2.25187
4956	-1.92674
4958	-1.64669
4960	-1.40984
4962	-1.2093
4964	-1.0412
4966	-0.89905
4968	-0.77912
4970	-0.67821
4972	-0.59472
4974	-0.52467
4976	-0.46641
4978	-0.41652
4980	-0.37288
4982	-0.33602
4984	-0.30497
4986	-0.27717
4988	-0.25257
4990	-0.23055
4992	-0.21044
4994	-0.19305
4996	-0.17841
4998	-0.16529
5000	-0.1529
5002	-0.14234
5004	-0.13247
5006	-0.1243
5008	-0.11557
5010	-0.10687
5012	-0.09926
5014	-0.09124
5016	-0.08501
5018	-0.07813
5020	-0.07248
5022	-0.06653
5024	-0.0615
5026	-0.05823
5028	-0.05427
5030	-0.04924
5032	-0.04517
5034	-0.04223
5036	-0.03993
5038	-0.03737
5040	-0.03458
5042	-0.03123
5044	-0.02909
5046	-0.02795
5048	-0.02788
5050	-0.02621
5052	-0.0243
5054	-0.0225
5056	-0.02089
5058	-0.01895
5060	-0.01764
5062	-0.01723
5064	-0.01551
5066	-0.01368
5068	-0.01257
5070	-0.01226
5072	-0.01153
5074	-0.01282
5076	-0.01306
5078	-0.01361
5080	-0.01277
5082	-0.01117
5084	-0.00965
5086	-0.00865
5088	-0.00881
5090	-0.00977
5092	-0.00964
5094	-0.00888
5096	-0.00873
5098	-0.00717
5100	-0.00603
5102	-0.00504
5104	-0.00566
5106	-0.00564
5108	-0.00531
5110	-0.00437
5112	-0.00416
5114	-0.00559
5116	-0.00443
5118	-0.00289
5120	-0.00178
5122	-5.72326E-4
5124	2.97421E-4
5126	7.26167E-4
5128	9.06913E-4
5130	-2.6434E-4
5132	-0.0013
5134	-0.00211
5136	-0.00208
5138	-0.00156
5140	-0.00127
5142	-4.53862E-4
5144	-2.51153E-5
5146	-1.00369E-4
5148	-0.00105
5150	-0.00162
5152	-8.2613E-4
5154	-6.49383E-4
5156	3.86363E-4
5158	5.4811E-4
5160	0.00121
5162	0.00168
5164	3.19349E-4
5166	3.08095E-4
5168	0.00127
5170	0.00219
5172	0.00115
5174	9.32081E-4
5176	0.00155
5178	0.00273
5180	0.00285
5182	0.00257
5184	0.00268
5186	0.00194
5188	8.67371E-4
5190	7.49262E-4
5192	9.43153E-4
5194	6.48044E-4
5196	9.15934E-4
5198	0.00233
5200	0.00344
5202	0.00357
5204	0.00436
5206	0.00475
5208	0.0068
5210	0.00626
5212	0.00588
5214	0.00655
5216	0.0063
5218	0.00593
5220	0.00559
5222	0.00386
5224	0.00258
5226	0.00307
5228	0.00397
5230	0.0036
5232	0.00117
5234	-2.6537E-4
5236	-4.0551E-4
5238	-0.00136
5240	-0.00156
5242	-6.83928E-4
5244	-8.75067E-4
5246	-9.05206E-4
5248	-2.02346E-4
5250	-2.63485E-4
5252	-2.76246E-5
5254	-4.42764E-4
5256	-5.61903E-4
5258	6.74957E-4
5260	0.0013
5262	0.00191
5264	5.60539E-4
5266	7.634E-4
5268	0.00105
5270	5.96121E-4
5272	4.31982E-4
5274	-5.74158E-4
5276	-0.00189
5278	-0.00142
5280	-0.00126
5282	-0.00133
5284	5.64204E-4
5286	0.00117
5288	0.0015
5290	0.00156
5292	0.00151
5294	0.0019
5296	0.00242
5298	0.00201
5300	0.00136
5302	0.00241
5304	0.00298
5306	0.00287
5308	0.00124
5310	6.23434E-4
5312	0.00143
5314	0.00202
5316	0.00123
5318	-0.01454
5320	-0.29826
5322	-1.06978
5324	-2.04648
5326	-3.04465
5328	-3.99911
5330	-4.88342
5332	-5.68414
5334	-6.40082
5336	-7.03772
5338	-7.48005
5340	-7.37027
5342	-6.85521
5344	-6.20041
5346	-5.51694
5348	-4.85652
5350	-4.23823
5352	-3.67383
5354	-3.16723
5356	-2.72026
5358	-2.33223
5360	-1.99698
5362	-1.70958
5364	-1.46527
5366	-1.25744
5368	-1.08301
5370	-0.93353
5372	-0.80844
5374	-0.70497
5376	-0.61722
5378	-0.54429
5380	-0.483
5382	-0.43118
5384	-0.38792
5386	-0.35163
5388	-0.31818
5390	-0.28944
5392	-0.26337
5394	-0.24261
5396	-0.22444
5398	-0.20601
5400	-0.18984
5402	-0.17478
5404	-0.16166
5406	-0.14889
5408	-0.13815
5410	-0.1275
5412	-0.11741
5414	-0.10941
5416	-0.10064
5418	-0.09304
5420	-0.08643
5422	-0.08117
5424	-0.07606
5426	-0.07121
5428	-0.06677
5430	-0.06261
5432	-0.05846
5434	-0.05481
5436	-0.05228
5438	-0.04968
5440	-0.04603
5442	-0.04332
5444	-0.04059
5446	-0.03681
5448	-0.0341
5450	-0.03182
5452	-0.02856
5454	-0.02675
5456	-0.02573
5458	-0.02418
5460	-0.02316
5462	-0.02203
5464	-0.022
5466	-0.02131
5468	-0.02066
5470	-0.01971
5472	-0.01831
5474	-0.0175
5476	-0.01617
5478	-0.01572
5480	-0.0149
5482	-0.01484
5484	-0.01426
5486	-0.01429
5488	-0.01391
5490	-0.01291
5492	-0.0118
5494	-0.01166
5496	-0.01067
5498	-0.0104
5500	-0.0095
5502	-0.00854
5504	-0.00813
5506	-0.00745
5508	-0.00735
5510	-0.00895
5512	-0.00959
5514	-0.00787
5516	-0.0073
5518	-0.00631
5520	-0.00566
5522	-0.0061
5524	-0.00595
5526	-0.00668
5528	-0.00665
5530	-0.00699
5532	-0.00711
5534	-0.00763
5536	-0.00688
5538	-0.00769
5540	-0.00762
5542	-0.00669
5544	-0.0051
5546	-0.00435
5548	-0.00394
5550	-0.00487
5552	-0.00704
5554	-0.00687
5556	-0.00546
5558	-0.0061
5560	-0.00641
5562	-0.00516
5564	-0.00331
5566	-0.00402
5568	-0.00332
5570	-0.00315
5572	-0.00304
5574	-0.00215
5576	-0.00133
5578	-0.00132
5580	-6.81598E-4
5582	3.65306E-4
5584	3.3521E-4
5586	1.30114E-4
5588	3.58018E-4
5590	0.00173
5592	0.00144
5594	8.67729E-4
5596	-6.22367E-4
5598	-0.00132
5600	-0.00249
5602	-0.00282
5604	-0.00269
5606	-0.00325
5608	-0.00273
5610	-0.00191
5612	-0.00282
5614	-0.00265
5616	-0.00162
5618	-7.94423E-4
5620	-8.15519E-4
5622	-6.35615E-4
5624	1.96288E-4
5626	5.97192E-4
5628	3.30963E-5
5630	-6.33E-4
5632	-0.00123
5634	-0.00144
5636	-0.00122
5638	-7.31384E-4
5640	-0.00122
5642	-7.62576E-4
5644	-8.45672E-4
5646	-7.11768E-4
5648	-0.00163
5650	-0.00231
5652	-0.00179
5654	-0.00109
5656	-0.00124
5658	-0.00108
5660	-0.00255
5662	-0.00266
5664	-0.00222
5666	-0.00253
5668	-0.0026
5670	-0.00337
5672	-0.00392
5674	-0.00221
5676	-0.00137
5678	-7.10247E-4
5680	-8.74092E-4
5682	8.10632E-5
5684	3.21218E-4
5686	6.33733E-5
5688	2.94528E-4
5690	-1.43167E-5
5692	4.44838E-4
5694	5.29993E-4
5696	1.85148E-4
5698	8.90304E-4
5700	9.79459E-4
5702	7.71614E-4
5704	8.96769E-4
5706	3.74924E-4
5708	6.91079E-4
5710	0.00101
5712	5.56176E-4
5714	7.23152E-4
5716	-6.65872E-4
5718	-7.38966E-5
5720	-5.19921E-4
5722	-0.01411
5724	-0.27981
5726	-1.03935
5728	-2.02071
5730	-3.0312
5732	-3.99851
5734	-4.89415
5736	-5.71384
5738	-6.44917
5740	-7.09945
5742	-7.56425
5744	-7.48091
5746	-6.97382
5748	-6.31865
5750	-5.6309
5752	-4.96147
5754	-4.33512
5756	-3.76175
5758	-3.24652
5760	-2.79316
5762	-2.397
5764	-2.05367
5766	-1.75788
5768	-1.50755
5770	-1.29461
5772	-1.11468
5774	-0.96303
5776	-0.83569
5778	-0.72876
5780	-0.63767
5782	-0.5619
5784	-0.49853
5786	-0.44433
5788	-0.39846
5790	-0.35996
5792	-0.32565
5794	-0.2961
5796	-0.27083
5798	-0.2495
5800	-0.22899
5802	-0.21031
5804	-0.19377
5806	-0.17825
5808	-0.16532
5810	-0.15324
5812	-0.14161
5814	-0.13097
5816	-0.12196
5818	-0.11398
5820	-0.10659
5822	-0.09875
5824	-0.09153
5826	-0.08594
5828	-0.07951
5830	-0.07381
5832	-0.069
5834	-0.06348
5836	-0.05826
5838	-0.05404
5840	-0.05106
5842	-0.04752
5844	-0.04488
5846	-0.04099
5848	-0.03814
5850	-0.035
5852	-0.03398
5854	-0.03316
5856	-0.03158
5858	-0.029
5860	-0.02596
5862	-0.02488
5864	-0.02405
5866	-0.0237
5868	-0.02204
5870	-0.01978
5872	-0.01845
5874	-0.01748
5876	-0.01628
5878	-0.0152
5880	-0.01409
5882	-0.01342
5884	-0.01283
5886	-0.01221
5888	-0.0125
5890	-0.01242
5892	-0.01191
5894	-0.01046
5896	-0.01054
5898	-0.01125
5900	-0.01101
5902	-0.00994
5904	-0.00929
5906	-0.00908
5908	-0.00946
5910	-0.01002
5912	-0.00984
5914	-0.00873
5916	-0.00906
5918	-0.00819
5920	-0.00782
5922	-0.00749
5924	-0.00837
5926	-0.00853
5928	-0.00787
5930	-0.00824
5932	-0.00776
5934	-0.00728
5936	-0.00621
5938	-0.00448
5940	-0.00281
5942	-0.0031
5944	-0.00263
5946	-0.00212
5948	-0.00314
5950	-0.00268
5952	-0.00254
5954	-0.00139
5956	-2.7178E-4
5958	-0.00124
5960	-0.00211
5962	-0.00115
5964	-0.00176
5966	-3.98987E-4
5968	2.02572E-4
5970	0.00128
5972	0.00214
5974	0.00168
5976	0.00158
5978	0.00116
5980	8.2923E-5
5982	9.04482E-4
5984	1.6004E-4
5986	-0.00141
5988	-2.85843E-4
5990	-3.03284E-4
5992	-7.40726E-4
5994	-4.33167E-4
5996	-1.26608E-4
5998	-3.10498E-5
6000	6.33509E-4
6002	9.57067E-4
6004	9.92626E-4
6006	1.02184E-4
6008	3.20743E-4
6010	-2.81698E-4
6012	8.7886E-4
6014	9.46419E-4
6016	8.51977E-4
6018	1.85359E-5
6020	-1.33906E-4
6022	9.1653E-5
6024	2.52212E-4
6026	-1.2223E-4
6028	1.39329E-4
6030	4.32887E-4
6032	5.34446E-4
6034	0.0011
6036	9.14563E-4
6038	-3.62878E-4
6040	-4.53198E-5
6042	0.00125
6044	0.00154
6046	0.00164
6048	0.00123
6050	9.76039E-4
6052	0.00142
6054	0.00199
6056	0.00207
6058	0.00188
6060	0.00192
6062	0.00182
6064	0.00232
6066	0.00305
6068	0.00309
6070	0.00188
6072	0.00231
6074	0.00326
6076	0.0024
6078	0.00209
6080	0.00266
6082	0.00301
6084	0.0013
6086	2.23918E-4
6088	-0.00128
6090	-0.00138
6092	-0.00107
6094	-0.00101
6096	-2.32041E-4
6098	7.18965E-4
6100	0.00106
6102	4.55977E-4
6104	7.06983E-4
6106	0.00122
6108	0.00125
6110	0.00162
6112	8.15008E-4
6114	9.31014E-4
6116	0.00105
6118	0.0013
6120	0.00162
6122	-9.60943E-7
6124	-1.17955E-4
6126	-0.00544
6128	-0.21843
6130	-0.93639
6132	-1.91495
6134	-2.94089
6136	-3.92991
6138	-4.85151
6140	-5.69371
6142	-6.44961
6144	-7.11867
6146	-7.63248
6148	-7.62077
6150	-7.14093
6152	-6.48964
6154	-5.79491
6156	-5.1144
6158	-4.47288
6160	-3.88484
6162	-3.35668
6164	-2.88851
6166	-2.47827
6168	-2.12306
6170	-1.81834
6172	-1.55791
6174	-1.33715
6176	-1.15144
6178	-0.99621
6180	-0.86447
6182	-0.75409
6184	-0.66166
6186	-0.58371
6188	-0.51672
6190	-0.46103
6192	-0.41317
6194	-0.3727
6196	-0.33761
6198	-0.30604
6200	-0.27875
6202	-0.25494
6204	-0.23384
6206	-0.21395
6208	-0.19731
6210	-0.18233
6212	-0.16964
6214	-0.15719
6216	-0.14519
6218	-0.13544
6220	-0.12484
6222	-0.11388
6224	-0.10609
6226	-0.09788
6228	-0.09117
6230	-0.08396
6232	-0.07687
6234	-0.07141
6236	-0.06566
6238	-0.06065
6240	-0.05753
6242	-0.05465
6244	-0.05244
6246	-0.04806
6248	-0.0441
6250	-0.04076
6252	-0.03875
6254	-0.037
6256	-0.03551
6258	-0.03458
6260	-0.03376
6262	-0.03084
6264	-0.03
6266	-0.02774
6268	-0.02614
6270	-0.02499
6272	-0.02214
6274	-0.02092
6276	-0.02095
6278	-0.01826
6280	-0.01739
6282	-0.01733
6284	-0.01643
6286	-0.01414
6288	-0.01404
6290	-0.0142
6292	-0.01485
6294	-0.01448
6296	-0.01452
6298	-0.01437
6300	-0.01327
6302	-0.01244
6304	-0.01304
6306	-0.01331
6308	-0.01374
6310	-0.01275
6312	-0.01137
6314	-0.01014
6316	-0.00957
6318	-0.00898
6320	-0.0075
6322	-0.00692
6324	-0.00744
6326	-0.00694
6328	-0.00569
6330	-0.00511
6332	-0.00547
6334	-0.00546
6336	-0.0047
6338	-0.00513
6340	-0.00535
6342	-0.00481
6344	-0.00426
6346	-0.00309
6348	-0.00322
6350	-0.00348
6352	-0.00303
6354	-0.00264
6356	-0.00394
6358	-0.00396
6360	-0.00314
6362	-0.00257
6364	-0.00274
6366	-0.00284
6368	-0.00214
6370	-0.00188
6372	-0.00322
6374	-0.00434
6376	-0.0031
6378	-0.00171
6380	-0.0019
6382	-0.00272
6384	-0.00265
6386	-0.00262
6388	-0.0025
6390	-0.00144
6392	-0.00104
6394	8.52927E-4
6396	0.00127
6398	7.86955E-4
6400	0.00249
6402	0.00282
6404	0.00184
6406	7.23011E-4
6408	9.32024E-4
6410	0.00147
6412	0.00256
6414	0.00245
6416	0.00153
6418	0.00145
6420	0.0024
6422	0.00219
6424	0.00157
6426	0.00274
6428	0.00329
6430	0.00117
6432	6.3353E-4
6434	0.00144
6436	0.00131
6438	0.0013
6440	0.00149
6442	0.00296
6444	0.00221
6446	0.00159
6448	0.00175
6450	0.00237
6452	0.00309
6454	0.0037
6456	0.00363
6458	0.00305
6460	0.00209
6462	0.00166
6464	0.00113
6466	0.00175
6468	0.00264
6470	0.00186
6472	0.00145
6474	9.30458E-4
6476	0.00144
6478	8.26604E-4
6480	-3.35932E-4
6482	-7.74469E-4
6484	-1.68005E-4
6486	-5.15414E-5
6488	-1.46078E-4
6490	-8.77614E-4
6492	-0.00117
6494	-0.00108
6496	-3.17223E-4
6498	-7.1176E-4
6500	-0.00142
6502	-0.00122
6504	-5.79369E-4
6506	1.0095E-5
6508	3.46559E-4
6510	0.00105
6512	0.00134
6514	6.3095E-4
6516	4.43413E-4
6518	-7.26123E-4
6520	-8.9566E-4
6522	4.27804E-4
6524	6.49268E-4
6526	7.20946E-4
6528	0.00186
6530	-0.00292
6532	-0.18354
6534	-0.87181
6536	-1.85124
6538	-2.88661
6540	-3.89021
6542	-4.82594
6544	-5.68341
6546	-6.45461
6548	-7.13973
6550	-7.68673
6552	-7.74048
6554	-7.29318
6556	-6.6484
6558	-5.94812
6560	-5.25773
6562	-4.60593
6564	-4.00611
6566	-3.46478
6568	-2.98465
6570	-2.56422
6572	-2.19944
6574	-1.88547
6576	-1.61658
6578	-1.38874
6580	-1.19584
6582	-1.03332
6584	-0.89722
6586	-0.78176
6588	-0.68528
6590	-0.60384
6592	-0.53505
6594	-0.47727
6596	-0.43024
6598	-0.38796
6600	-0.34882
6602	-0.31618
6604	-0.28815
6606	-0.26282
6608	-0.24132
6610	-0.2223
6612	-0.20481
6614	-0.18813
6616	-0.17322
6618	-0.15941
6620	-0.14703
6622	-0.13653
6624	-0.12603
6626	-0.11699
6628	-0.10871
6630	-0.10128
6632	-0.09392
6634	-0.08671
6636	-0.08038
6638	-0.07446
6640	-0.06897
6642	-0.06454
6644	-0.06077
6646	-0.05675
6648	-0.05276
6650	-0.04954
6652	-0.04618
6654	-0.04392
6656	-0.04144
6658	-0.039
6660	-0.03637
6662	-0.03509
6664	-0.03238
6666	-0.02899
6668	-0.02669
6670	-0.02616
6672	-0.02588
6674	-0.02388
6676	-0.02284
6678	-0.02289
6680	-0.02198
6682	-0.02105
6684	-0.01901
6686	-0.01699
6688	-0.01606
6690	-0.01508
6692	-0.01505
6694	-0.0153
6696	-0.01524
6698	-0.01413
6700	-0.01158
6702	-0.01081
6704	-0.01059
6706	-0.01068
6708	-0.01048
6710	-0.00971
6712	-0.00877
6714	-0.00802
6716	-0.00856
6718	-0.00838
6720	-0.00741
6722	-0.00771
6724	-0.0077
6726	-0.00748
6728	-0.00664
6730	-0.00741
6732	-0.00676
6734	-0.00633
6736	-0.00682
6738	-0.00723
6740	-0.00875
6742	-0.00846
6744	-0.00794
6746	-0.00691
6748	-0.0065
6750	-0.005
6752	-0.00421
6754	-0.0057
6756	-0.00561
6758	-0.00496
6760	-0.00488
6762	-0.00448
6764	-0.00424
6766	-0.00332
6768	-0.00229
6770	-0.00151
6772	-0.00195
6774	-0.0023
6776	-0.00272
6778	-0.00276
6780	-0.00321
6782	-0.003
6784	-0.00219
6786	-9.98488E-4
6788	-3.31086E-4
6790	2.25316E-4
6792	-2.36282E-4
6794	-1.5888E-4
6796	9.15216E-5
6798	-2.40077E-4
6800	-3.65675E-4
6802	-2.61273E-4
6804	3.26129E-4
6806	0.00107
6808	0.00198
6810	0.00179
6812	0.00252
6814	0.00299
6816	0.00198
6818	5.75875E-4
6820	6.44382E-4
6822	0.00224
6824	0.00199
6826	9.61904E-4
6828	0.00142
6830	0.00158
6832	4.90426E-4
6834	-3.03067E-4
6836	4.84403E-5
6838	5.89948E-4
6840	3.31455E-4
6842	-2.61038E-4
6844	-7.7253E-4
6846	-0.00144
6848	-0.00193
6850	-0.0016
6852	3.08499E-4
6854	0.00189
6856	0.0011
6858	8.00021E-4
6860	9.19528E-4
6862	0.00126
6864	2.36376E-4
6866	-1.97126E-4
6868	-3.70628E-4
6870	7.5887E-4
6872	3.75369E-4
6874	0.00127
6876	0.00119
6878	5.10863E-4
6880	-3.50639E-4
6882	-2.4141E-5
6884	3.77357E-4
6886	2.77855E-4
6888	-2.37647E-4
6890	-5.71149E-4
6892	-1.59651E-4
6894	-4.68152E-4
6896	-9.64654E-4
6898	5.55844E-4
6900	0.00134
6902	9.2784E-4
6904	3.15338E-4
6906	1.04836E-4
6908	-1.02666E-4
6910	-7.90198E-4
6912	-9.18934E-4
6914	-0.00116
6916	2.78594E-4
6918	3.57858E-4
6920	4.72122E-4
6922	0.00137
6924	0.00262
6926	0.00194
6928	0.00154
6930	0.00136
6932	0.00172
6934	-8.2703E-4
6936	-0.16159
6938	-0.826
6940	-1.80599
6942	-2.85512
6944	-3.87468
6946	-4.82617
6948	-5.69859
6950	-6.48291
6952	-7.18356
6954	-7.75036
6956	-7.8428
6958	-7.41899
6960	-6.78182
6962	-6.08174
6964	-5.38724
6966	-4.7267
6968	-4.11533
6970	-3.56208
6972	-3.07178
6974	-2.63998
6976	-2.26455
6978	-1.94132
6980	-1.66668
6982	-1.43386
6984	-1.23592
6986	-1.06803
6988	-0.92645
6990	-0.80785
6992	-0.70881
6994	-0.62417
6996	-0.55279
6998	-0.49039
7000	-0.43793
7002	-0.3942
7004	-0.35721
7006	-0.32509
7008	-0.29524
7010	-0.27016
7012	-0.24799
7014	-0.2284
7016	-0.2098
7018	-0.19311
7020	-0.17847
7022	-0.1653
7024	-0.15268
7026	-0.14106
7028	-0.13092
7030	-0.12218
7032	-0.11339
7034	-0.10384
7036	-0.09576
7038	-0.08952
7040	-0.08435
7042	-0.07907
7044	-0.07495
7046	-0.07029
7048	-0.06603
7050	-0.0605
7052	-0.0548
7054	-0.05175
7056	-0.04721
7058	-0.04364
7060	-0.04039
7062	-0.03842
7064	-0.03521
7066	-0.03237
7068	-0.02976
7070	-0.02842
7072	-0.02766
7074	-0.02684
7076	-0.02557
7078	-0.02488
7080	-0.02533
7082	-0.02459
7084	-0.02275
7086	-0.02207
7088	-0.0208
7090	-0.01919
7092	-0.01791
7094	-0.01573
7096	-0.01462
7098	-0.01452
7100	-0.014
7102	-0.01484
7104	-0.01352
7106	-0.0123
7108	-0.01226
7110	-0.0125
7112	-0.01257
7114	-0.01231
7116	-0.01012
7118	-0.00943
7120	-0.00924
7122	-0.00961
7124	-0.00906
7126	-0.00775
7128	-0.00696
7130	-0.00691
7132	-0.00643
7134	-0.00476
7136	-0.00436
7138	-0.00455
7140	-0.00392
7142	-0.00297
7144	-0.00249
7146	-0.00406
7148	-0.00496
7150	-0.00472
7152	-0.00394
7154	-0.00299
7156	-0.00312
7158	-0.00377
7160	-0.00425
7162	-0.00418
7164	-0.00378
7166	-0.00319
7168	-0.00303
7170	-0.00309
7172	-0.00316
7174	-0.00378
7176	-0.00214
7178	3.39571E-4
7180	-3.20865E-4
7182	-2.503E-4
7184	-3.46735E-4
7186	5.98829E-4
7188	6.41394E-4
7190	2.92958E-4
7192	-4.54771E-5
7194	-7.96912E-4
7196	-6.38348E-4
7198	-5.74267E-5
7200	5.20363E-4
7202	9.01153E-4
7204	-0.00106
7206	-0.00161
7208	-8.81476E-4
7210	-6.77686E-4
7212	0.00105
7214	3.24894E-4
7216	-2.61316E-4
7218	0.00121
7220	9.31264E-4
7222	8.08054E-4
7224	3.87844E-4
7226	8.43634E-4
7228	-3.15754E-5
7230	0.00101
7232	5.02005E-4
7234	-3.44205E-4
7236	-0.00216
7238	-0.00194
7240	-0.00158
7242	-9.23045E-4
7244	-0.00118
7246	-9.85356E-4
7248	-0.00118
7250	2.32208E-5
7252	0.00104
7254	-3.08202E-4
7256	1.45586E-4
7258	6.58374E-4
7260	5.36163E-4
7262	-5.47049E-4
7264	4.5874E-4
7266	0.00193
7268	0.00383
7270	0.00366
7272	0.00223
7274	0.00161
7276	0.00219
7278	0.0011
7280	7.73047E-4
7282	0.00107
7284	0.00111
7286	-7.75879E-5
7288	-2.968E-4
7290	3.64989E-4
7292	1.16777E-4
7294	2.62032E-4
7296	8.80156E-4
7298	5.9028E-4
7300	6.22404E-4
7302	5.58528E-4
7304	1.66518E-5
7306	-0.00116
7308	-7.061E-4
7310	-4.45977E-4
7312	0.00114
7314	0.0022
7316	0.00274
7318	6.55519E-4
7320	5.87643E-4
7322	0.00112
7324	0.00125
7326	0.00134
7328	0.00168
7330	0.00216
7332	0.00204
7334	0.00122
7336	0.0012
7338	-2.24242E-4
7340	-0.13507
7342	-0.7677
7344	-1.73891
7346	-2.79015
7348	-3.82006
7350	-4.78611
7352	-5.6743
7354	-6.47763
7356	-7.19746
7358	-7.78905
7360	-7.92595
7362	-7.53001
7364	-6.90658
7366	-6.21008
7368	-5.51143
7370	-4.84274
7372	-4.22346
7374	-3.66023
7376	-3.15817
7378	-2.7164
7380	-2.33212
7382	-2.00103
7384	-1.71598
7386	-1.47471
7388	-1.26961
7390	-1.09678
7392	-0.95326
7394	-0.83049
7396	-0.72637
7398	-0.63996
7400	-0.56632
7402	-0.50343
7404	-0.45059
7406	-0.40512
7408	-0.36658
7410	-0.3323
7412	-0.30209
7414	-0.27517
7416	-0.25179
7418	-0.23059
7420	-0.21204
7422	-0.19706
7424	-0.18304
7426	-0.1684
7428	-0.15642
7430	-0.14409
7432	-0.13298
7434	-0.12214
7436	-0.11344
7438	-0.10522
7440	-0.09806
7442	-0.09037
7444	-0.08387
7446	-0.07759
7448	-0.07236
7450	-0.06899
7452	-0.06488
7454	-0.06124
7456	-0.0563
7458	-0.052
7460	-0.04694
7462	-0.04298
7464	-0.04042
7466	-0.03824
7468	-0.03586
7470	-0.0332
7472	-0.03115
7474	-0.0308
7476	-0.02943
7478	-0.02636
7480	-0.02348
7482	-0.02234
7484	-0.02128
7486	-0.02033
7488	-0.01843
7490	-0.01753
7492	-0.0182
7494	-0.01784
7496	-0.01621
7498	-0.01521
7500	-0.01468
7502	-0.01544
7504	-0.01529
7506	-0.01553
7508	-0.01478
7510	-0.01371
7512	-0.01311
7514	-0.0123
7516	-0.01181
7518	-0.01305
7520	-0.01228
7522	-0.01084
7524	-0.00993
7526	-0.00888
7528	-0.00703
7530	-0.00588
7532	-0.0056
7534	-0.00549
7536	-0.00596
7538	-0.00595
7540	-0.00567
7542	-0.0055
7544	-0.0063
7546	-0.00607
7548	-0.00501
7550	-0.00445
7552	-0.00478
7554	-0.00518
7556	-0.00556
7558	-0.00549
7560	-0.00542
7562	-0.00384
7564	-0.00101
7566	-2.47361E-5
7568	-1.59919E-4
7570	-2.11102E-4
7572	0.00118
7574	9.66531E-4
7576	6.34348E-4
7578	5.39165E-4
7580	1.17982E-4
7582	8.97984E-5
7584	6.37615E-4
7586	-8.56794E-6
7588	-0.00128
7590	-0.0018
7592	-0.00182
7594	-0.00165
7596	-0.00196
7598	-0.0024
7600	-0.00271
7602	-0.00262
7604	-0.00212
7606	-0.0017
7608	-0.00144
7610	-0.00226
7612	-0.00267
7614	-0.00202
7616	-0.00107
7618	-3.97499E-4
7620	6.37318E-4
7622	6.05135E-4
7624	5.31952E-4
7626	0.00218
7628	0.00166
7630	4.07402E-4
7632	-4.37811E-5
7634	3.99036E-4
7636	0.0023
7638	0.0025
7640	0.00243
7642	0.00233
7644	0.0015
7646	0.00114
7648	0.00152
7650	8.4657E-4
7652	-4.25613E-4
7654	-4.43796E-4
7656	-7.03979E-4
7658	-4.60163E-4
7660	-0.00108
7662	-0.00162
7664	-7.56712E-4
7666	-2.83895E-4
7668	-4.18078E-4
7670	1.22738E-4
7672	0.00106
7674	0.00153
7676	0.0015
7678	0.00147
7680	0.00203
7682	0.0017
7684	0.00161
7686	6.99494E-4
7688	-1.68454E-4
7690	-1.34015E-5
7692	3.33651E-4
7694	7.82703E-4
7696	0.00142
7698	0.0014
7700	-7.41397E-5
7702	-6.92087E-4
7704	7.8965E-5
7706	0.00148
7708	5.4707E-4
7710	-4.63878E-4
7712	-8.61826E-4
7714	-5.35773E-4
7716	-9.27208E-5
7718	0.00104
7720	0.00107
7722	0.00191
7724	0.00108
7726	5.32042E-5
7728	0.00129
7730	0.00141
7732	0.00173
7734	0.0016
7736	0.00136
7738	0.00195
7740	0.00222
7742	0.00141
7744	-0.10426
7746	-0.68884
7748	-1.64691
7750	-2.70709
7752	-3.75486
7754	-4.7394
7756	-5.64769
7758	-6.47146
7760	-7.20724
7762	-7.82409
7764	-8.0241
7766	-7.66956
7768	-7.05662
7770	-6.35758
7772	-5.64987
7774	-4.96964
7776	-4.33643
7778	-3.76119
7780	-3.2478
7782	-2.79494
7784	-2.4013
7786	-2.06217
7788	-1.77063
7790	-1.52037
7792	-1.30842
7794	-1.1305
7796	-0.98052
7798	-0.85287
7800	-0.74769
7802	-0.66032
7804	-0.58517
7806	-0.52076
7808	-0.4656
7810	-0.41853
7812	-0.38024
7814	-0.3458
7816	-0.31418
7818	-0.2862
7820	-0.26045
7822	-0.23823
7824	-0.21977
7826	-0.2025
7828	-0.18739
7830	-0.17404
7832	-0.15991
7834	-0.14783
7836	-0.13748
7838	-0.12732
7840	-0.11719
7842	-0.1094
7844	-0.10297
7846	-0.09627
7848	-0.08968
7850	-0.0838
7852	-0.07617
7854	-0.06935
7856	-0.06514
7858	-0.06086
7860	-0.05732
7862	-0.05411
7864	-0.0519
7866	-0.04894
7868	-0.04489
7870	-0.04201
7872	-0.03927
7874	-0.03704
7876	-0.03513
7878	-0.03353
7880	-0.03029
7882	-0.02808
7884	-0.02583
7886	-0.02431
7888	-0.02345
7890	-0.0218
7892	-0.02128
7894	-0.02164
7896	-0.02083
7898	-0.0204
7900	-0.02012
7902	-0.01881
7904	-0.0179
7906	-0.01772
7908	-0.01807
7910	-0.01741
7912	-0.01745
7914	-0.01751
7916	-0.01632
7918	-0.0144
7920	-0.01417
7922	-0.01542
7924	-0.01439
7926	-0.01347
7928	-0.01097
7930	-0.01042
7932	-0.00975
7934	-0.0096
7936	-0.0094
7938	-0.00997
7940	-0.00925
7942	-0.00795
7944	-0.00736
7946	-0.00723
7948	-0.00676
7950	-0.00673
7952	-0.00595
7954	-0.00534
7956	-0.00634
7958	-0.00613
7960	-0.004
7962	-0.00409
7964	-0.00465
7966	-0.0042
7968	-0.00419
7970	-0.00448
7972	-0.00497
7974	-0.00517
7976	-0.00452
7978	-0.00312
7980	-0.00383
7982	-0.00409
7984	-0.00398
7986	-0.0039
7988	-0.00403
7990	-0.00458
7992	-0.00446
7994	-0.0039
7996	-0.0029
7998	-0.00188
8000	-0.00207
8002	-0.00293
8004	-0.00263
8006	-0.00271
8008	-0.00102
8010	-2.12786E-4
8012	-8.66432E-4
8014	-4.54079E-4
8016	-0.00123
8018	-5.46371E-4
8020	-1.92018E-4
8022	-5.25664E-4
8024	-3.8831E-4
8026	-0.00109
8028	-0.00209
8030	-0.00189
8032	-0.00179
8034	-0.00141
8036	-0.00125
8038	-0.00107
8040	-1.16481E-4
8042	3.72873E-4
8044	-3.37738E-5
8046	1.5758E-4
8048	3.71933E-4
8050	2.38287E-4
8052	3.54641E-4
8054	4.26994E-4
8056	6.76348E-4
8058	2.67702E-4
8060	-3.69522E-5
8062	-0.00158
8064	-0.00268
8066	-0.00159
8068	6.18514E-6
8070	3.77719E-4
8072	-3.30746E-4
8074	-8.96212E-4
8076	-2.60678E-4
8078	5.29857E-4
8080	2.42391E-4
8082	-6.32075E-4
8084	-1.7854E-4
8086	-6.80059E-5
8088	4.73528E-4
8090	3.75063E-4
8092	-0.00243
8094	-0.00268
8096	-5.59334E-4
8098	0.00106
8100	0.00132
8102	0.00113
8104	9.65803E-4
8106	9.63337E-4
8108	4.50305E-4
8110	-6.95738E-4
8112	-0.00102
8114	1.08176E-4
8116	-0.0011
8118	-1.6791E-4
8120	3.92047E-4
8122	6.79004E-4
8124	-4.20386E-5
8126	5.97918E-4
8128	8.27875E-4
8130	8.57833E-4
8132	7.8979E-4
8134	0.00129
8136	9.91704E-4
8138	0.00204
8140	0.00235
8142	0.00209
8144	0.00123
8146	0.00141
8148	-0.07382
8150	-0.59284
8152	-1.53458
8154	-2.60209
8156	-3.66561
8158	-4.67278
8160	-5.60274
8162	-6.44163
8164	-7.19423
8166	-7.84022
8168	-8.10402
8170	-7.79017
8172	-7.18815
8174	-6.48633
8176	-5.76898
8178	-5.07881
8180	-4.43571
8182	-3.84899
8184	-3.32497
8186	-2.86198
8188	-2.45928
8190	-2.11212
8192	-1.81291
8194	-1.55812
8196	-1.34216
8198	-1.15886
8200	-1.00601
8202	-0.87762
8204	-0.76906
8206	-0.67669
8208	-0.59721
8210	-0.5313
8212	-0.47684
8214	-0.43035
8216	-0.38705
8218	-0.34916
8220	-0.31774
8222	-0.29079
8224	-0.26563
8226	-0.24282
8228	-0.22355
8230	-0.20742
8232	-0.19061
8234	-0.17682
8236	-0.16489
8238	-0.15267
8240	-0.14119
8242	-0.13142
8244	-0.12277
8246	-0.11427
8248	-0.10602
8250	-0.09766
8252	-0.09032
8254	-0.08317
8256	-0.0757
8258	-0.06904
8260	-0.06405
8262	-0.0601
8264	-0.05716
8266	-0.0544
8268	-0.05087
8270	-0.04694
8272	-0.04452
8274	-0.04237
8276	-0.03939
8278	-0.03595
8280	-0.03298
8282	-0.03098
8284	-0.02921
8286	-0.02752
8288	-0.02478
8290	-0.02273
8292	-0.02153
8294	-0.01959
8296	-0.01813
8298	-0.01843
8300	-0.01796
8302	-0.01673
8304	-0.01673
8306	-0.01575
8308	-0.01491
8310	-0.01472
8312	-0.01439
8314	-0.01388
8316	-0.01309
8318	-0.01158
8320	-0.01182
8322	-0.01108
8324	-0.01207
8326	-0.01151
8328	-0.01017
8330	-0.01042
8332	-0.01151
8334	-0.01088
8336	-0.00967
8338	-0.00948
8340	-0.00949
8342	-0.00769
8344	-0.00624
8346	-0.00543
8348	-0.00537
8350	-0.00441
8352	-0.00345
8354	-0.00457
8356	-0.00483
8358	-0.00509
8360	-0.00439
8362	-0.00233
8364	-0.00229
8366	-0.00356
8368	-0.00422
8370	-0.00414
8372	-0.00302
8374	-0.00325
8376	-0.00389
8378	-0.00459
8380	-0.00446
8382	-0.00369
8384	-0.00299
8386	-0.00289
8388	-0.00355
8390	-0.00269
8392	-0.00245
8394	-0.00161
8396	-0.00151
8398	-0.00269
8400	-0.00367
8402	-0.0032
8404	-0.00262
8406	-0.00166
8408	-0.00153
8410	-0.00149
8412	-0.00169
8414	-0.00226
8416	-0.00258
8418	-0.00154
8420	5.2981E-4
8422	4.37434E-4
8424	-0.00194
8426	-0.00132
8428	1.58308E-4
8430	6.51932E-4
8432	-1.18443E-4
8434	-7.94819E-4
8436	-6.31944E-5
8438	-4.3357E-4
8440	7.37055E-4
8442	0.00109
8444	8.47994E-4
8446	5.24122E-4
8448	2.0925E-4
8450	7.41378E-4
8452	-3.21494E-4
8454	-0.0013
8456	-4.13238E-4
8458	-0.00178
8460	-0.00251
8462	-0.00218
8464	-0.00296
8466	-0.0017
8468	-3.0647E-4
8470	-4.50342E-4
8472	-2.52139E-5
8474	7.56914E-4
8476	0.00142
8478	0.00119
8480	-8.54702E-4
8482	-0.0013
8484	-6.92446E-4
8486	-7.83179E-5
8488	6.8981E-4
8490	5.71938E-4
8492	-2.80886E-4
8494	-0.0011
8496	-0.00196
8498	-9.56862E-4
8500	-1.54521E-4
8502	-6.41802E-5
8504	-9.62839E-4
8506	-0.00146
8508	-7.92157E-4
8510	-0.00146
8512	-0.00231
8514	-0.00221
8516	-0.00185
8518	-5.10451E-4
8520	-8.1311E-4
8522	-0.00113
8524	1.17572E-4
8526	4.93913E-4
8528	8.05254E-4
8530	0.002
8532	0.00207
8534	0.00242
8536	0.00161
8538	9.4796E-4
8540	9.84518E-4
8542	0.00123
8544	3.38874E-4
8546	1.33551E-4
8548	-9.87707E-5
8550	-6.11093E-4
8552	-0.05699
8554	-0.53002
8556	-1.45078
8558	-2.52297
8560	-3.5996
8562	-4.62095
8564	-5.56693
8566	-6.42086
8568	-7.18577
8570	-7.85236
8572	-8.17704
8574	-7.91293
8576	-7.33271
8578	-6.63679
8580	-5.91655
8582	-5.21814
8584	-4.56411
8586	-3.96606
8588	-3.43188
8590	-2.96055
8592	-2.54775
8594	-2.19115
8596	-1.88477
8598	-1.62256
8600	-1.40064
8602	-1.21128
8604	-1.0508
8606	-0.91499
8608	-0.79942
8610	-0.70386
8612	-0.62207
8614	-0.553
8616	-0.49309
8618	-0.44295
8620	-0.39953
8622	-0.36179
8624	-0.33073
8626	-0.30178
8628	-0.277
8630	-0.2548
8632	-0.23437
8634	-0.21506
8636	-0.19872
8638	-0.18247
8640	-0.16794
8642	-0.15576
8644	-0.14448
8646	-0.13369
8648	-0.12332
8650	-0.11422
8652	-0.10657
8654	-0.09874
8656	-0.09254
8658	-0.08523
8660	-0.07759
8662	-0.07276
8664	-0.06742
8666	-0.06163
8668	-0.05732
8670	-0.05369
8672	-0.0503
8674	-0.04652
8676	-0.04453
8678	-0.04234
8680	-0.04028
8682	-0.03672
8684	-0.03455
8686	-0.03232
8688	-0.03028
8690	-0.02868
8692	-0.02818
8694	-0.02693
8696	-0.02607
8698	-0.02494
8700	-0.02193
8702	-0.02234
8704	-0.0224
8706	-0.02114
8708	-0.01929
8710	-0.0188
8712	-0.01774
8714	-0.01762
8716	-0.01776
8718	-0.01684
8720	-0.01497
8722	-0.01254
8724	-0.01091
8726	-0.00955
8728	-0.00924
8730	-0.00849
8732	-0.00882
8734	-0.00791
8736	-0.00796
8738	-0.00922
8740	-0.00971
8742	-0.00778
8744	-0.00668
8746	-0.0072
8748	-0.00815
8750	-0.00704
8752	-0.00604
8754	-0.00604
8756	-0.00617
8758	-0.00725
8760	-0.00682
8762	-0.00594
8764	-0.00579
8766	-0.00615
8768	-0.00577
8770	-0.00488
8772	-0.0036
8774	-0.00278
8776	-0.00321
8778	-0.00401
8780	-0.00304
8782	-0.00288
8784	-0.00269
8786	-0.00359
8788	-0.00375
8790	-0.00358
8792	-0.00212
8794	-0.00234
8796	-0.00308
8798	-0.00254
8800	-0.00298
8802	-0.00288
8804	-0.00292
8806	-0.0034
8808	-0.0033
8810	-0.00209
8812	-0.00118
8814	-2.49225E-4
8816	-3.63323E-4
8818	-7.97422E-4
8820	-3.36521E-4
8822	-9.86192E-5
8824	-5.60718E-4
8826	-6.02817E-4
8828	-0.00135
8830	-0.00185
8832	-6.24423E-4
8834	-0.00148
8836	-0.00202
8838	-8.2494E-4
8840	-9.85446E-4
8842	-0.00121
8844	-0.00145
8846	-2.08962E-4
8848	9.14532E-4
8850	0.00146
8852	4.52132E-6
8854	-1.19842E-5
8856	-1.3149E-4
8858	-8.46995E-4
8860	-5.46501E-4
8862	-2.72006E-4
8864	8.94882E-5
8866	1.94983E-4
8868	4.79477E-4
8870	8.23972E-4
8872	0.00152
8874	0.00182
8876	0.00142
8878	9.45563E-4
8880	7.66731E-4
8882	8.18899E-4
8884	0.00125
8886	1.67235E-4
8888	7.64024E-5
8890	-7.44297E-5
8892	3.10738E-4
8894	-6.60939E-5
8896	-5.92926E-4
8898	-2.67581E-5
8900	0.00142
8902	0.00228
8904	0.00307
8906	0.00312
8908	0.00243
8910	0.00176
8912	8.79417E-4
8914	5.63585E-4
8916	5.85753E-4
8918	9.33921E-4
8920	8.37089E-4
8922	0.00121
8924	6.27267E-4
8926	-5.3234E-4
8928	-8.10946E-4
8930	-0.00127
8932	-5.54159E-4
8934	-0.00104
8936	-5.38372E-4
8938	6.81022E-4
8940	0.00203
8942	0.00287
8944	0.00281
8946	0.00227
8948	0.00131
8950	0.00178
8952	0.00131
8954	3.0617E-4
8956	-0.05011
8958	-0.50314
8960	-1.41516
8962	-2.48845
8964	-3.571
8966	-4.60369
8968	-5.56405
8970	-6.43251
8972	-7.20798
8974	-7.88811
8976	-8.24085
8978	-8.00667
8980	-7.44173
8982	-6.751
8984	-6.03089
8986	-5.32957
8988	-4.66891
8990	-4.06111
8992	-3.51444
8994	-3.0303
8996	-2.6069
8998	-2.23925
9000	-1.92342
9002	-1.65298
9004	-1.42476
9006	-1.22981
9008	-1.0652
9010	-0.92632
9012	-0.81013
9014	-0.71348
9016	-0.63062
9018	-0.55983
9020	-0.49843
9022	-0.44712
9024	-0.40316
9026	-0.36656
9028	-0.33349
9030	-0.30492
9032	-0.27838
9034	-0.25493
9036	-0.23421
9038	-0.21489
9040	-0.19885
9042	-0.18534
9044	-0.17157
9046	-0.15881
9048	-0.14634
9050	-0.13408
9052	-0.12446
9054	-0.11505
9056	-0.10654
9058	-0.09816
9060	-0.09087
9062	-0.08456
9064	-0.07866
9066	-0.07354
9068	-0.06919
9070	-0.06476
9072	-0.0616
9074	-0.05723
9076	-0.05337
9078	-0.0502
9080	-0.04768
9082	-0.04498
9084	-0.04169
9086	-0.03826
9088	-0.03569
9090	-0.03314
9092	-0.03127
9094	-0.02889
9096	-0.02756
9098	-0.0263
9100	-0.02463
9102	-0.02321
9104	-0.02063
9106	-0.0205
9108	-0.0202
9110	-0.0201
9112	-0.01972
9114	-0.01862
9116	-0.01886
9118	-0.0175
9120	-0.01701
9122	-0.01702
9124	-0.01581
9126	-0.01351
9128	-0.01199
9130	-0.01137
9132	-0.01046
9134	-0.01057
9136	-0.00915
9138	-0.00855
9140	-0.00857
9142	-0.00829
9144	-0.00884
9146	-0.0093
9148	-0.00892
9150	-0.00942
9152	-0.00983
9154	-0.0071
9156	-0.00537
9158	-0.00456
9160	-0.00315
9162	-0.00332
9164	-0.0039
9166	-0.00308
9168	-0.00304
9170	-0.00345
9172	-0.00341
9174	-0.00353
9176	-0.00332
9178	-0.00429
9180	-0.0032
9182	-0.00152
9184	-0.00129
9186	-0.00239
9188	-0.00378
9190	-0.00433
9192	-0.00296
9194	-0.00176
9196	-0.00114
9198	-1.34463E-4
9200	8.04139E-5
9202	-2.4771E-4
9204	-6.78329E-5
9206	-9.47956E-4
9208	-0.00174
9210	-0.00216
9212	-0.00132
9214	-0.00116
9216	-0.00209
9218	-0.00305
9220	-0.00206
9222	-0.00178
9224	-0.00164
9226	-0.00131
9228	-0.0011
9230	-0.00149
9232	-0.0015
9234	-0.0013
9236	-6.25807E-4
9238	-0.00135
9240	-6.54053E-4
9242	-1.70177E-4
9244	0.00141
9246	0.00146
9248	8.78453E-4
9250	4.3033E-4
9252	4.40206E-4
9254	1.20829E-5
9256	2.4496E-4
9258	0.0018
9260	0.0024
9262	0.0019
9264	0.00184
9266	0.00136
9268	0.00111
9270	5.45096E-4
9272	3.19726E-5
9274	2.01849E-4
9276	0.00156
9278	0.00158
9280	0.00163
9282	0.00149
9284	3.00232E-4
9286	0.00106
9288	-3.04014E-4
9290	-1.01377E-5
9292	-1.10261E-4
9294	-8.83844E-5
9296	8.34922E-5
9298	5.34369E-4
9300	3.89245E-4
9302	3.01122E-4
9304	8.11999E-4
9306	8.26875E-4
9308	2.00849E-5
9310	7.5406E-4
9312	0.00203
9314	0.0014
9316	-8.30135E-5
9318	-2.46038E-4
9320	0.00148
9322	0.00114
9324	-1.42112E-4
9326	-3.65136E-4
9328	-3.0161E-5
9330	8.91814E-4
9332	0.00217
9334	0.00334
9336	0.00242
9338	0.00161
9340	0.00401
9342	0.0062
9344	0.00605
9346	0.00631
9348	0.00538
9350	0.00449
9352	0.00332
9354	0.00274
9356	6.88131E-4
9358	9.1566E-4
9360	-0.03306
9362	-0.43154
9364	-1.31816
9366	-2.39435
9368	-3.49015
9370	-4.53795
9372	-5.51289
9374	-6.40324
9376	-7.19725
9378	-7.90095
9380	-8.32557
9382	-8.15182
9384	-7.60298
9386	-6.90745
9388	-6.17421
9390	-5.45547
9392	-4.77773
9394	-4.1554
9396	-3.59568
9398	-3.09997
9400	-2.66733
9402	-2.29218
9404	-1.96814
9406	-1.69069
9408	-1.45566
9410	-1.25717
9412	-1.08877
9414	-0.94825
9416	-0.82925
9418	-0.72728
9420	-0.64192
9422	-0.56964
9424	-0.50823
9426	-0.45669
9428	-0.41207
9430	-0.37342
9432	-0.34045
9434	-0.31123
9436	-0.2848
9438	-0.26132
9440	-0.24114
9442	-0.22198
9444	-0.20473
9446	-0.18857
9448	-0.17483
9450	-0.16292
9452	-0.15273
9454	-0.14072
9456	-0.13128
9458	-0.12144
9460	-0.11142
9462	-0.10338
9464	-0.0959
9466	-0.08924
9468	-0.08119
9470	-0.07456
9472	-0.07055
9474	-0.06615
9476	-0.06043
9478	-0.05633
9480	-0.0528
9482	-0.05
9484	-0.04929
9486	-0.04741
9488	-0.04367
9490	-0.04
9492	-0.03741
9494	-0.03449
9496	-0.03145
9498	-0.03055
9500	-0.02939
9502	-0.02762
9504	-0.02493
9506	-0.02304
9508	-0.02259
9510	-0.0205
9512	-0.02051
9514	-0.01887
9516	-0.01688
9518	-0.01693
9520	-0.01687
9522	-0.01674
9524	-0.01659
9526	-0.01597
9528	-0.01602
9530	-0.01438
9532	-0.01355
9534	-0.01371
9536	-0.01376
9538	-0.01435
9540	-0.01446
9542	-0.01474
9544	-0.01439
9546	-0.01313
9548	-0.01392
9550	-0.01304
9552	-0.01158
9554	-0.01069
9556	-0.00972
9558	-0.00954
9560	-0.00895
9562	-0.0074
9564	-0.00689
9566	-0.00713
9568	-0.006
9570	-0.00704
9572	-0.00579
9574	-0.00529
9576	-0.00466
9578	-0.00417
9580	-0.00455
9582	-0.00398
9584	-0.00424
9586	-0.00466
9588	-0.00519
9590	-0.0046
9592	-0.00379
9594	-0.00238
9596	-0.00187
9598	-0.0013
9600	-0.00145
9602	-0.00199
9604	-0.00237
9606	-0.00203
9608	-0.00159
9610	-0.00299
9612	-0.00295
9614	-0.00374
9616	-0.00224
9618	-0.00134
9620	-9.00219E-4
9622	-8.51674E-4
9624	-8.78129E-4
9626	-0.00104
9628	-4.62039E-4
9630	-3.77494E-4
9632	-7.72949E-4
9634	-9.47404E-4
9636	-7.08585E-5
9638	3.46687E-4
9640	-1.34768E-4
9642	2.75777E-4
9644	0.00134
9646	6.79867E-4
9648	1.36412E-4
9650	5.66957E-4
9652	-4.34979E-5
9654	1.79047E-4
9656	0.00142
9658	0.00171
9660	9.09682E-4
9662	-1.37725E-5
9664	0.0016
9666	0.00181
9668	7.16863E-4
9670	9.21408E-4
9672	0.00145
9674	6.35498E-4
9676	-1.97957E-4
9678	-0.0017
9680	-0.001
9682	-0.00161
9684	-0.0012
9686	-3.23159E-6
9688	0.00118
9690	0.00166
9692	0.00264
9694	0.00242
9696	0.00128
9698	1.41992E-4
9700	0.00147
9702	0.00242
9704	0.00182
9706	0.00256
9708	0.00325
9710	0.00314
9712	0.00226
9714	0.00115
9716	5.28345E-5
9718	-9.12961E-4
9720	-0.00162
9722	-0.00185
9724	-0.00112
9726	-0.00135
9728	-0.00143
9730	-0.00159
9732	-0.00165
9734	-4.66323E-4
9736	7.17881E-4
9738	0.0015
9740	0.0023
9742	0.00303
9744	0.00291
9746	0.00201
9748	0.00211
9750	0.0014
9752	3.84966E-4
9754	-2.27651E-4
9756	-7.22691E-5
9758	4.47113E-4
9760	6.79496E-4
9762	9.82878E-4
9764	-0.02906
9766	-0.41466
9768	-1.29398
9770	-2.37089
9772	-3.47253
9774	-4.53043
9776	-5.51471
9778	-6.41492
9780	-7.21863
9782	-7.93027
9784	-8.37684
9786	-8.23241
9788	-7.69735
9790	-7.00601
9792	-6.27016
9794	-5.54534
9796	-4.86036
9798	-4.23028
9800	-3.66306
9802	-3.15913
9804	-2.71874
9806	-2.33753
9808	-2.00811
9810	-1.7244
9812	-1.48561
9814	-1.28413
9816	-1.11173
9818	-0.96647
9820	-0.84546
9822	-0.74216
9824	-0.65473
9826	-0.57998
9828	-0.51636
9830	-0.46174
9832	-0.41565
9834	-0.37543
9836	-0.34126
9838	-0.31018
9840	-0.28401
9842	-0.26202
9844	-0.24155
9846	-0.22217
9848	-0.20424
9850	-0.18883
9852	-0.17471
9854	-0.16182
9856	-0.15042
9858	-0.13962
9860	-0.12906
9862	-0.11901
9864	-0.10939
9866	-0.10217
9868	-0.09561
9870	-0.08913
9872	-0.08307
9874	-0.07613
9876	-0.07023
9878	-0.06531
9880	-0.06082
9882	-0.05662
9884	-0.05333
9886	-0.04996
9888	-0.04658
9890	-0.0424
9892	-0.03892
9894	-0.03637
9896	-0.03393
9898	-0.03183
9900	-0.02946
9902	-0.02714
9904	-0.02573
9906	-0.02441
9908	-0.02319
9910	-0.02127
9912	-0.02004
9914	-0.01871
9916	-0.01752
9918	-0.01615
9920	-0.01556
9922	-0.01499
9924	-0.01641
9926	-0.01564
9928	-0.01366
9930	-0.013
9932	-0.01263
9934	-0.01155
9936	-0.01014
9938	-0.00914
9940	-0.00902
9942	-0.00853
9944	-0.00888
9946	-0.00868
9948	-0.00826
9950	-0.00821
9952	-0.00892
9954	-0.00802
9956	-0.00715
9958	-0.00616
9960	-0.00693
9962	-0.00709
9964	-0.00659
9966	-0.00629
9968	-0.00553
9970	-0.00683
9972	-0.00691
9974	-0.0051
9976	-0.00481
9978	-0.00456
9980	-0.00481
9982	-0.00431
9984	-0.00425
9986	-0.00346
9988	-0.00297
9990	-0.00334
9992	-0.00303
9994	-0.00279
9996	-0.00325
9998	-0.00257
10000	-0.0022
10002	-0.00273
10004	-0.00204
10006	-0.00149
10008	-4.58547E-4
10010	8.77177E-4
10012	0.00121
10014	0.00211
10016	0.00249
10018	0.00101
10020	-2.76203E-4
10022	-0.0018
10024	-0.00202
10026	-0.00152
10028	-0.0015
10030	-0.00218
10032	-7.36858E-4
10034	-0.00187
10036	-0.00215
10038	-0.00205
10040	-0.00148
10042	-0.00129
10044	-3.71514E-4
10046	3.8521E-4
10048	-2.60065E-4
10050	-7.42341E-4
10052	-9.83617E-4
10054	-7.82893E-4
10056	-0.00128
10058	-0.00228
10060	-0.00294
10062	-0.00165
10064	1.61727E-4
10066	1.48451E-4
10068	-3.04825E-4
10070	-5.45101E-4
10072	-3.81377E-4
10074	-9.62524E-4
10076	-9.62315E-4
10078	-0.00104
10080	-0.0019
10082	-0.00258
10084	-0.00113
10086	-5.41266E-4
10088	-7.29056E-4
10090	-0.00135
10092	-7.99637E-4
10094	3.44573E-4
10096	-3.82217E-4
10098	5.57992E-4
10100	0.00178
10102	0.0016
10104	0.0016
10106	0.00106
10108	-6.68959E-4
10110	-0.00123
10112	-3.14539E-4
10114	0.00106
10116	0.00111
10118	2.80898E-5
10120	-1.877E-4
10122	-4.32265E-4
10124	1.83854E-4
10126	3.72973E-4
10128	-3.66909E-4
10130	-2.0179E-4
10132	-4.46718E-5
10134	2.95447E-4
10136	0.00172
10138	0.00207
10140	2.33802E-4
10142	2.70921E-4
10144	9.5804E-4
10146	0.0014
10148	0.00125
10150	0.00157
10152	0.00142
10154	0.00164
10156	0.00106
10158	6.5787E-4
10160	1.26988E-4
10162	-2.82893E-4
10164	-8.55775E-4
10166	-4.09656E-4
10168	-0.02295
10170	-0.37487
10172	-1.23748
10174	-2.3154
10176	-3.42758
10178	-4.49977
10180	-5.494
10182	-6.40437
10184	-7.21829
10186	-7.94177
10188	-8.42132
10190	-8.31413
10192	-7.7975
10194	-7.11144
10196	-6.37607
10198	-5.64853
10200	-4.95712
10202	-4.31946
10204	-3.74519
10206	-3.23366
10208	-2.78414
10210	-2.39412
10212	-2.05778
10214	-1.77001
10216	-1.52525
10218	-1.3167
10220	-1.14108
10222	-0.99317
10224	-0.86841
10226	-0.76253
10228	-0.67217
10230	-0.59627
10232	-0.53166
10234	-0.47719
10236	-0.43032
10238	-0.39023
10240	-0.35584
10242	-0.32379
10244	-0.29489
10246	-0.27066
10248	-0.24833
10250	-0.22838
10252	-0.21059
10254	-0.19446
10256	-0.1792
10258	-0.16434
10260	-0.15209
10262	-0.14265
10264	-0.13195
10266	-0.12194
10268	-0.11327
10270	-0.10479
10272	-0.0969
10274	-0.08997
10276	-0.08507
10278	-0.0782
10280	-0.07256
10282	-0.06863
10284	-0.06358
10286	-0.05907
10288	-0.05494
10290	-0.04999
10292	-0.0461
10294	-0.04292
10296	-0.0401
10298	-0.03896
10300	-0.03726
10302	-0.03504
10304	-0.0329
10306	-0.03162
10308	-0.02887
10310	-0.02786
10312	-0.02669
10314	-0.02477
10316	-0.02359
10318	-0.02092
10320	-0.01912
10322	-0.01726
10324	-0.01554
10326	-0.01603
10328	-0.01524
10330	-0.0161
10332	-0.01657
10334	-0.01571
10336	-0.0143
10338	-0.01127
10340	-0.01052
10342	-0.0104
10344	-0.01105
10346	-0.01188
10348	-0.01175
10350	-0.01193
10352	-0.01141
10354	-0.01055
10356	-0.00954
10358	-0.00805
10360	-0.00605
10362	-0.00546
10364	-0.00558
10366	-0.00549
10368	-0.00548
10370	-0.007
10372	-0.00784
10374	-0.00927
10376	-0.00918
10378	-0.00899
10380	-0.00845
10382	-0.00685
10384	-0.00473
10386	-0.00386
10388	-0.00345
10390	-0.00461
10392	-0.00508
10394	-0.00442
10396	-0.00333
10398	-0.00234
10400	-0.00217
10402	-0.00239
10404	-0.00249
10406	-0.00217
10408	-0.0029
10410	-0.00439
10412	-0.00528
10414	-0.00429
10416	-0.00303
10418	-0.0031
10420	-0.00208
10422	-0.00158
10424	-0.00189
10426	-0.00234
10428	-0.00261
10430	-0.00303
10432	-0.00233
10434	-0.0018
10436	-0.00162
10438	-0.00165
10440	-0.00312
10442	-0.00329
10444	-0.00187
10446	-0.00143
10448	-0.00103
10450	4.18527E-4
10452	0.00181
10454	0.00219
10456	9.04497E-4
10458	3.26492E-4
10460	-2.25804E-6
10462	-0.00117
10464	-0.0013
10466	-0.00198
10468	-0.00176
10470	-0.00238
10472	-0.00473
10474	-0.00621
10476	-0.00679
10478	-0.00617
10480	-0.00468
10482	-0.00365
10484	-0.00306
10486	-0.00281
10488	-0.00237
10490	-0.00211
10492	-0.0021
10494	-0.00104
10496	-4.35758E-4
10498	-4.36508E-4
10500	-0.00168
10502	-0.00114
10504	-0.00103
10506	-0.00126
10508	-0.00238
10510	-0.00299
10512	-0.00333
10514	-0.00345
10516	-0.00302
10518	-0.00296
10520	-0.00376
10522	-0.0043
10524	-0.00341
10526	-0.00258
10528	-0.00199
10530	-0.0014
10532	-0.00107
10534	-2.80943E-4
10536	-3.26878E-4
10538	3.20188E-4
10540	6.28253E-4
10542	3.65318E-4
10544	0.00129
10546	8.62449E-4
10548	-2.84859E-5
10550	7.20579E-4
10552	5.18645E-4
10554	7.7713E-4
10556	-3.54559E-4
10558	-0.00168
10560	-0.00169
10562	-0.00212
10564	-0.00145
10566	-0.0022
10568	-0.00329
10570	-0.00231
10572	-0.01747
10574	-0.31473
10576	-1.13465
10578	-2.20736
10580	-3.32571
10582	-4.41323
10584	-5.42827
10586	-6.35971
10588	-7.19776
10590	-7.93992
10592	-8.46557
10594	-8.41714
10596	-7.92292
10598	-7.2434
10600	-6.50471
10602	-5.77051
10604	-5.06986
10606	-4.42032
10608	-3.83327
10610	-3.31072
10612	-2.85145
10614	-2.45304
10616	-2.10987
10618	-1.81401
10620	-1.56255
10622	-1.35029
10624	-1.17132
10626	-1.02023
10628	-0.89078
10630	-0.78153
10632	-0.68905
10634	-0.61051
10636	-0.5434
10638	-0.48704
10640	-0.43949
10642	-0.39647
10644	-0.35935
10646	-0.32772
10648	-0.29933
10650	-0.27304
10652	-0.24976
10654	-0.22888
10656	-0.21085
10658	-0.1951
10660	-0.18074
10662	-0.1658
10664	-0.15318
10666	-0.14189
10668	-0.13163
10670	-0.12196
10672	-0.114
10674	-0.10681
10676	-0.09883
10678	-0.09106
10680	-0.08484
10682	-0.07808
10684	-0.07123
10686	-0.06636
10688	-0.06213
10690	-0.05764
10692	-0.05269
10694	-0.04829
10696	-0.04499
10698	-0.04262
10700	-0.0404
10702	-0.03804
10704	-0.03628
10706	-0.03489
10708	-0.03224
10710	-0.02971
10712	-0.02738
10714	-0.02633
10716	-0.02558
10718	-0.02322
10720	-0.02144
10722	-0.01932
10724	-0.01875
10726	-0.01732
10728	-0.01682
10730	-0.01619
10732	-0.01483
10734	-0.01312
10736	-0.01059
10738	-0.00967
10740	-0.00981
10742	-0.01008
10744	-0.01032
10746	-0.01004
10748	-0.01066
10750	-0.01012
10752	-0.01057
10754	-0.01203
10756	-0.01137
10758	-0.00975
10760	-0.0073
10762	-0.00601
10764	-0.00665
10766	-0.00591
10768	-0.00571
10770	-0.00446
10772	-0.00326
10774	-0.00281
10776	-0.00207
10778	-0.00208
10780	-0.00234
10782	-0.00185
10784	-0.00206
10786	-5.90307E-4
10788	-0.00119
10790	-0.00419
10792	-0.00428
10794	-0.00402
10796	-0.00309
10798	-0.00408
10800	-0.00483
10802	-0.00461
10804	-0.004
10806	-0.00321
10808	-0.0021
10810	-0.00234
10812	-0.00451
10814	-0.00352
10816	-0.00269
10818	-0.00236
10820	-0.00188
10822	-0.00113
10824	-0.00186
10826	-0.00127
10828	-3.49035E-4
10830	-4.18792E-5
10832	3.95277E-4
10834	0.00166
10836	9.18588E-4
10838	8.6744E-5
10840	3.619E-4
10842	1.37103E-4
10844	6.81137E-4
10846	0.00185
10848	0.00223
10850	0.00154
10852	0.00125
10854	0.00164
10856	-2.24663E-4
10858	-0.0011
10860	-0.00117
10862	-7.39562E-4
10864	-2.65287E-5
10866	3.90505E-4
10868	9.53825E-6
10870	-3.54283E-5
10872	9.30605E-4
10874	0.00162
10876	0.00215
10878	0.00275
10880	0.0024
10882	0.00248
10884	0.00313
10886	0.00237
10888	0.00247
10890	0.00185
10892	0.00113
10894	0.00105
10896	8.65907E-5
10898	6.34494E-4
10900	3.34397E-4
10902	-9.557E-4
10904	-4.23796E-4
10906	-7.6893E-5
10908	-4.7599E-4
10910	-7.73087E-4
10912	-0.00128
10914	-0.00131
10916	-8.91377E-4
10918	-6.63473E-4
10920	-7.3857E-4
10922	-7.01667E-4
10924	2.53236E-4
10926	-2.2786E-4
10928	-0.00105
10930	-6.88054E-4
10932	7.21849E-4
10934	5.09753E-4
10936	-2.45344E-4
10938	-3.13868E-4
10940	1.92112E-4
10942	0.00188
10944	0.00361
10946	0.00262
10948	0.00125
10950	0.00131
10952	0.00186
10954	0.00149
10956	0.00124
10958	0.00112
10960	0.00192
10962	0.00268
10964	0.00247
10966	0.00265
10968	0.00242
10970	0.00116
10972	-3.47204E-4
10974	-3.33224E-4
10976	-0.01013
10978	-0.2749
10980	-1.07129
10982	-2.14195
10984	-3.26945
10986	-4.36768
10988	-5.39419
10990	-6.33731
10992	-7.1833
10994	-7.94305
10996	-8.4993
10998	-8.49155
11000	-8.01839
11002	-7.34641
11004	-6.60675
11006	-5.86605
11008	-5.15994
11010	-4.5047
11012	-3.91004
11014	-3.37899
11016	-2.91231
11018	-2.50532
11020	-2.15286
11022	-1.85196
11024	-1.59493
11026	-1.37883
11028	-1.19608
11030	-1.04226
11032	-0.91258
11034	-0.80133
11036	-0.70712
11038	-0.62663
11040	-0.55729
11042	-0.49858
11044	-0.44955
11046	-0.40778
11048	-0.37071
11050	-0.33811
11052	-0.30885
11054	-0.28295
11056	-0.25914
11058	-0.23852
11060	-0.22066
11062	-0.20424
11064	-0.18913
11066	-0.1745
11068	-0.16124
11070	-0.14917
11072	-0.13923
11074	-0.12971
11076	-0.11999
11078	-0.11138
11080	-0.10384
11082	-0.09686
11084	-0.09105
11086	-0.08458
11088	-0.07799
11090	-0.07095
11092	-0.06557
11094	-0.06093
11096	-0.05822
11098	-0.05533
11100	-0.05169
11102	-0.04871
11104	-0.04539
11106	-0.04266
11108	-0.04013
11110	-0.03689
11112	-0.03449
11114	-0.03268
11116	-0.03173
11118	-0.03119
11120	-0.03011
11122	-0.02802
11124	-0.02698
11126	-0.02543
11128	-0.02414
11130	-0.02251
11132	-0.02049
11134	-0.01812
11136	-0.01697
11138	-0.01612
11140	-0.0152
11142	-0.01525
11144	-0.01378
11146	-0.01231
11148	-0.01144
11150	-0.01158
11152	-0.01199
11154	-0.01149
11156	-0.01202
11158	-0.01187
11160	-0.01133
11162	-0.00897
11164	-0.00881
11166	-0.00821
11168	-0.00775
11170	-0.00749
11172	-0.00842
11174	-0.00871
11176	-0.0093
11178	-0.01007
11180	-0.00937
11182	-0.00954
11184	-0.00976
11186	-0.00891
11188	-0.00854
11190	-0.00837
11192	-0.00731
11194	-0.00646
11196	-0.00505
11198	-0.00472
11200	-0.00475
11202	-0.00439
11204	-0.0042
11206	-0.0033
11208	-0.00329
11210	-0.00451
11212	-0.00408
11214	-0.00447
11216	-0.0052
11218	-0.00406
11220	-0.00415
11222	-0.00403
11224	-0.00332
11226	-0.00354
11228	-0.00355
11230	-0.00318
11232	-0.00278
11234	-0.0036
11236	-0.0039
11238	-0.00337
11240	-0.00324
11242	-0.00347
11244	-0.00354
11246	-0.00217
11248	-0.00169
11250	-0.00193
11252	-0.00241
11254	-0.00258
11256	-0.00321
11258	-0.00306
11260	-0.00342
11262	-0.00423
11264	-0.00373
11266	-0.00405
11268	-0.00334
11270	-0.0021
11272	-0.00206
11274	-0.00182
11276	-0.00208
11278	-0.00182
11280	-0.00197
11282	-0.00267
11284	-0.00269
11286	-0.00321
11288	-0.00326
11290	-0.00341
11292	-0.00392
11294	-0.00361
11296	-0.00325
11298	-0.00337
11300	-0.00288
11302	-0.00173
11304	-0.00189
11306	-0.00207
11308	-0.00217
11310	-0.00236
11312	-0.00202
11314	-0.00257
11316	-0.00214
11318	-0.00127
11320	-0.00174
11322	-0.0013
11324	-9.00922E-4
11326	-0.0011
11328	-0.0012
11330	-0.00163
11332	-0.00142
11334	-4.56939E-4
11336	-5.53427E-5
11338	-4.04746E-4
11340	-9.81497E-5
11342	4.34447E-4
11344	4.00043E-4
11346	-5.6936E-4
11348	-5.88764E-4
11350	1.20833E-4
11352	-9.83571E-4
11354	-0.00159
11356	-0.00167
11358	-0.0023
11360	-0.0033
11362	-0.00255
11364	-0.0013
11366	-8.45395E-4
11368	-0.00165
11370	-0.00239
11372	-0.00223
11374	-0.00285
11376	-0.00197
11378	-0.0014
11380	-0.00776
11382	-0.23815
11384	-1.00054
11386	-2.06381
11388	-3.20263
11390	-4.31025
11392	-5.34343
11394	-6.30029
11396	-7.15692
11398	-7.92822
11400	-8.51423
11402	-8.55568
11404	-8.1118
11406	-7.45445
11408	-6.72146
11410	-5.98097
11412	-5.26832
11414	-4.6044
11416	-3.99883
11418	-3.45872
11420	-2.98162
11422	-2.56805
11424	-2.21127
11426	-1.90168
11428	-1.63674
11430	-1.41243
11432	-1.22256
11434	-1.06301
11436	-0.92797
11438	-0.8142
11440	-0.71876
11442	-0.63604
11444	-0.56656
11446	-0.50597
11448	-0.45678
11450	-0.41385
11452	-0.37486
11454	-0.34115
11456	-0.31216
11458	-0.28452
11460	-0.26144
11462	-0.23986
11464	-0.22088
11466	-0.2045
11468	-0.18882
11470	-0.17479
11472	-0.16096
11474	-0.14933
11476	-0.13698
11478	-0.12647
11480	-0.11742
11482	-0.10937
11484	-0.10205
11486	-0.09421
11488	-0.087
11490	-0.08115
11492	-0.07578
11494	-0.07002
11496	-0.06395
11498	-0.05944
11500	-0.05559
11502	-0.05148
11504	-0.04635
11506	-0.04254
11508	-0.03985
11510	-0.03654
11512	-0.03359
11514	-0.03262
11516	-0.03053
11518	-0.02881
11520	-0.0285
11522	-0.02673
11524	-0.02494
11526	-0.02257
11528	-0.02143
11530	-0.02016
11532	-0.01786
11534	-0.01668
11536	-0.01632
11538	-0.01486
11540	-0.01276
11542	-0.01287
11544	-0.01291
11546	-0.01234
11548	-0.01177
11550	-0.01249
11552	-0.0122
11554	-0.01018
11556	-0.00926
11558	-0.00945
11560	-0.00909
11562	-0.00884
11564	-0.00796
11566	-0.00748
11568	-0.00697
11570	-0.00697
11572	-0.00748
11574	-0.00764
11576	-0.0067
11578	-0.00711
11580	-0.00705
11582	-0.00675
11584	-0.00606
11586	-0.00584
11588	-0.00492
11590	-0.00558
11592	-0.00632
11594	-0.00541
11596	-0.00377
11598	-0.00331
11600	-0.00377
11602	-0.00346
11604	-0.00426
11606	-0.00342
11608	-0.00124
11610	-2.01221E-4
11612	-0.00125
11614	-0.00161
11616	-0.00249
11618	-0.0018
11620	-0.00256
11622	-0.00393
11624	-0.005
11626	-0.00509
11628	-0.00457
11630	-0.00315
11632	-0.00283
11634	-0.00376
11636	-0.0038
11638	-0.00232
11640	-0.00143
11642	-5.19508E-5
11644	5.56566E-4
11646	8.50083E-4
11648	9.546E-4
11650	-1.80883E-4
11652	-2.36366E-4
11654	1.84151E-4
11656	4.75667E-4
11658	4.25184E-4
11660	2.07701E-4
11662	1.92182E-5
11664	-1.62649E-5
11666	2.32252E-4
11668	0.00121
11670	6.34286E-4
11672	0.00144
11674	0.001
11676	4.17836E-4
11678	6.46353E-4
11680	9.7887E-4
11682	0.00171
11684	0.00186
11686	0.00186
11688	0.0024
11690	0.00201
11692	0.00172
11694	7.01489E-4
11696	2.15005E-4
11698	3.54522E-4
11700	0.00107
11702	0.00134
11704	7.22073E-4
11706	3.92933E-4
11708	9.03877E-4
11710	-1.73179E-4
11712	-9.79235E-4
11714	-0.00138
11716	4.44653E-4
11718	0.00109
11720	0.00155
11722	0.00117
11724	-3.92572E-4
11726	-7.28628E-4
11728	-0.00108
11730	-0.00202
11732	-9.03796E-4
11734	-3.33852E-4
11736	-0.00133
11738	-0.00172
11740	-0.00233
11742	-8.03076E-4
11744	6.04868E-4
11746	2.30812E-4
11748	-4.41245E-4
11750	-1.04301E-4
11752	-3.66357E-4
11754	-0.00106
11756	-4.05476E-4
11758	0.00113
11760	0.00183
11762	0.00203
11764	0.00184
11766	-4.51658E-4
11768	-7.48294E-4
11770	-7.44931E-4
11772	-3.80567E-4
11774	-9.59204E-4
11776	-5.3184E-4
11778	5.65524E-4
11780	0.00135
11782	0.00161
11784	-0.00235
11786	-0.19095
11788	-0.9133
11790	-1.96765
11792	-3.10867
11794	-4.23096
11796	-5.28474
11798	-6.25797
11800	-7.13619
11802	-7.92229
11804	-8.54463
11806	-8.64758
11808	-8.22274
11810	-7.56385
11812	-6.82437
11814	-6.07562
11816	-5.35472
11818	-4.68384
11820	-4.07297
11822	-3.52588
11824	-3.0434
11826	-2.62321
11828	-2.25785
11830	-1.94228
11832	-1.67456
11834	-1.44654
11836	-1.25291
11838	-1.08972
11840	-0.95231
11842	-0.83504
11844	-0.73523
11846	-0.6519
11848	-0.5819
11850	-0.52148
11852	-0.46864
11854	-0.42194
11856	-0.38202
11858	-0.34679
11860	-0.31544
11862	-0.29048
11864	-0.26763
11866	-0.24611
11868	-0.2259
11870	-0.20802
11872	-0.19188
11874	-0.17585
11876	-0.16135
11878	-0.14832
11880	-0.13641
11882	-0.12579
11884	-0.11741
11886	-0.10742
11888	-0.10005
11890	-0.09378
11892	-0.08768
11894	-0.08201
11896	-0.07602
11898	-0.06981
11900	-0.06574
11902	-0.0617
11904	-0.05862
11906	-0.05544
11908	-0.05149
11910	-0.04805
11912	-0.04552
11914	-0.04108
11916	-0.03778
11918	-0.03667
11920	-0.03445
11922	-0.03181
11924	-0.03026
11926	-0.02853
11928	-0.02648
11930	-0.0257
11932	-0.0248
11934	-0.02399
11936	-0.0218
11938	-0.02044
11940	-0.01863
11942	-0.01651
11944	-0.01523
11946	-0.01366
11948	-0.01236
11950	-0.012
11952	-0.01201
11954	-0.01187
11956	-0.01096
11958	-0.01021
11960	-0.01094
11962	-0.01025
11964	-0.009
11966	-0.00917
11968	-0.00973
11970	-0.01086
11972	-0.0107
11974	-0.0097
11976	-0.00887
11978	-0.00904
11980	-0.00919
11982	-0.00937
11984	-0.00927
11986	-0.00862
11988	-0.00886
11990	-0.00813
11992	-0.00745
11994	-0.00579
11996	-0.00575
11998	-0.00538
12000	-0.0047
12002	-0.00493
12004	-0.00431
12006	-0.00406
12008	-0.00477
12010	-0.0044
12012	-0.00426
12014	-0.00507
12016	-0.00511
12018	-0.00527
12020	-0.00435
12022	-0.00375
12024	-0.00358
12026	-0.00287
12028	-0.00215
12030	-0.00163
12032	-9.60501E-4
12034	-6.16262E-4
12036	-3.51023E-4
12038	-4.9784E-5
12040	-1.87545E-4
12042	-8.15306E-4
12044	-5.58067E-4
12046	-3.49829E-4
12048	-8.1859E-4
12050	-7.36351E-4
12052	-0.00232
12054	-0.00322
12056	-0.00333
12058	-0.0035
12060	-0.00269
12062	-0.00165
12064	-0.00178
12066	-0.00255
12068	-0.00225
12070	-7.18963E-4
12072	8.72763E-5
12074	-0.0015
12076	-0.00161
12078	-9.62007E-4
12080	-0.00138
12082	-7.2353E-4
12084	-5.92907E-5
12086	-0.00106
12088	-0.00184
12090	-0.00198
12092	-0.00183
12094	-0.00278
12096	-0.00287
12098	-0.0021
12100	-0.00109
12102	-9.92893E-4
12104	-0.00157
12106	-0.00231
12108	-0.00235
12110	-0.00154
12112	-0.00148
12114	-0.00309
12116	-0.0052
12118	-0.00445
12120	-0.00461
12122	-0.00467
12124	-0.00389
12126	-0.00247
12128	-0.00347
12130	-0.00367
12132	-0.00336
12134	-0.00326
12136	-0.00203
12138	-0.00111
12140	-5.97486E-4
12142	-0.00106
12144	-0.00117
12146	-0.00111
12148	-0.00109
12150	-1.66772E-4
12152	7.67971E-4
12154	0.00166
12156	0.0019
12158	7.872E-4
12160	0.0013
12162	4.06686E-4
12164	-2.44571E-4
12166	-0.00212
12168	-0.00117
12170	-0.00166
12172	-0.00203
12174	-0.00113
12176	-1.37113E-4
12178	0.00129
12180	0.00208
12182	0.0019
12184	0.00187
