time	cp
2	9.34352
4	9.34448
6	9.34387
8	9.34421
10	9.34436
12	9.34538
14	9.34565
16	9.34467
18	9.34553
20	9.34472
22	9.34489
24	9.34747
26	9.34709
28	9.34696
30	9.34596
32	9.3457
34	9.34771
36	9.34704
38	9.34902
40	9.34913
42	9.34804
44	9.34947
46	9.34769
48	9.34756
50	9.34902
52	9.34821
54	9.35017
56	9.3489
58	9.34841
60	9.35
62	9.34908
64	9.35003
66	9.34994
68	9.34934
70	9.35095
72	9.34976
74	9.35077
76	9.35132
78	9.35072
80	9.35199
82	9.35169
84	9.35347
86	9.35412
88	9.35183
90	9.35244
92	9.35204
94	9.35349
96	9.35457
98	9.35313
100	9.35558
102	9.35559
104	9.35623
106	9.35686
108	9.35573
110	9.35665
112	9.35659
114	9.35624
116	9.3575
118	9.3565
120	9.35651
122	9.35499
124	9.35264
126	9.35473
128	9.35478
130	9.35652
132	9.35659
134	9.35555
136	9.35751
138	9.35687
140	9.35875
142	9.3609
144	9.35935
146	9.35993
148	9.36037
150	9.36117
152	9.36167
154	9.35988
156	9.36052
158	9.3599
160	9.35849
162	9.35948
164	9.35917
166	9.35985
168	9.35965
170	9.35953
172	9.36159
174	9.36174
176	9.36273
178	9.36266
180	9.36249
182	9.36305
184	9.36237
186	9.36361
188	9.36464
190	9.36348
192	9.36498
194	9.36469
196	9.36378
198	9.36386
200	9.36283
202	9.36259
204	9.3631
206	9.36389
208	9.3645
210	9.36492
212	9.36679
214	9.36677
216	9.3659
218	9.3665
220	9.36599
222	9.36688
224	9.36636
226	9.36534
228	9.36665
230	9.36589
232	9.36746
234	9.36827
236	9.36683
238	9.36811
240	9.36686
242	9.36678
244	9.36786
246	9.36704
248	9.36871
250	9.36855
252	9.36937
254	9.37074
256	9.36995
258	9.37035
260	9.36951
262	9.36996
264	9.37147
266	9.3715
268	9.37214
270	9.37141
272	9.37135
274	9.3722
276	9.36958
278	9.3703
280	9.37128
282	9.37019
284	9.3716
286	9.37076
288	9.37122
290	9.37212
292	9.37242
294	9.37459
296	9.37406
298	9.37407
300	9.37591
302	9.37451
304	9.37485
306	9.3751
308	9.37461
310	9.37494
312	9.37431
314	9.37523
316	9.37508
318	9.37488
320	9.37658
322	9.37432
324	9.37426
326	9.37505
328	9.37464
330	9.37643
332	9.37626
334	9.37677
336	9.37678
338	9.3752
340	9.37682
342	9.37624
344	9.37642
346	9.3764
348	9.37551
350	9.3761
352	9.37668
354	9.37563
356	9.37721
358	9.37668
360	9.37808
362	9.37828
364	9.37764
366	9.37989
368	9.37911
370	9.37954
372	9.3797
374	9.38008
376	9.38128
378	9.38014
380	9.38174
382	9.38214
384	9.38071
386	9.38141
388	9.38073
390	9.38109
392	9.38135
394	9.38013
396	9.38026
398	9.37979
400	9.38008
402	9.38241
404	9.38314
406	9.38412
408	9.38405
410	9.38434
412	9.38506
414	9.38346
416	9.38446
418	9.38492
420	9.38405
422	9.38521
424	9.38487
426	9.38536
428	9.3855
430	9.38356
432	9.38419
434	9.38322
436	9.38354
438	9.38471
440	9.38323
442	9.38575
444	9.38623
446	9.38592
448	9.38542
450	9.38519
452	9.38661
454	9.38658
456	9.3857
458	9.38728
460	9.38569
462	9.38632
464	9.38714
466	9.38673
468	9.38757
470	9.38715
472	9.388
474	9.38881
476	9.38792
478	9.38897
480	9.3893
482	9.39067
484	9.39137
486	9.38917
488	9.3887
490	9.38884
492	9.38936
494	9.39046
496	9.38878
498	9.38981
500	9.3909
502	9.39125
504	9.39189
506	9.39024
508	9.39054
510	9.39044
512	9.39079
514	9.39275
516	9.3918
518	9.39306
520	9.39395
522	9.39302
524	9.39427
526	9.39304
528	9.39302
530	9.39282
532	9.39255
534	9.39317
536	9.39156
538	9.39222
540	9.39353
542	9.39238
544	9.39453
546	9.39451
548	9.39347
550	9.39501
552	9.39408
554	9.39582
556	9.39734
558	9.39671
560	9.3977
562	9.39687
564	9.39798
566	9.39756
568	9.3962
570	9.39733
572	9.39551
574	9.39569
576	9.39605
578	9.39452
580	9.39625
582	9.39576
584	9.3958
586	9.39691
588	9.39666
590	9.39808
592	9.39735
594	9.39766
596	9.3975
598	9.39648
600	9.39772
602	9.39769
604	9.39676
606	9.39203
608	9.38621
610	9.3834
612	9.37873
614	9.37527
616	9.37688
618	9.37609
620	9.37578
622	9.37669
624	9.37619
626	9.37893
628	9.3798
630	9.38098
632	9.38541
634	9.38698
636	9.38875
638	9.39098
640	9.39075
642	9.39391
644	9.39448
646	9.39542
648	9.39675
650	9.39629
652	9.39742
654	9.39711
656	9.39701
658	9.39993
660	9.39968
662	9.40033
664	9.40165
666	9.40189
668	9.40376
670	9.40353
672	9.40378
674	9.40463
676	9.40306
678	9.40349
680	9.40369
682	9.40342
684	9.40415
686	9.40361
688	9.40413
690	9.40483
692	9.40446
694	9.40618
696	9.4056
698	9.40574
700	9.40583
702	9.40403
704	9.40517
706	9.40535
708	9.40502
710	9.40583
712	9.4048
714	9.40689
716	9.40796
718	9.40756
720	9.40796
722	9.40687
724	9.40771
726	9.40882
728	9.40751
730	9.40926
732	9.4087
734	9.40804
736	9.40997
738	9.40868
740	9.4084
742	9.40878
744	9.40793
746	9.41013
748	9.40988
750	9.41035
752	9.41124
754	9.40975
756	9.41179
758	9.41202
760	9.41066
762	9.41062
764	9.4089
766	9.40946
768	9.41065
770	9.41104
772	9.41276
774	9.41144
776	9.4122
778	9.41357
780	9.41211
782	9.41224
784	9.41286
786	9.41179
788	9.41261
790	9.41191
792	9.41255
794	9.41246
796	9.41076
798	9.41224
800	9.41183
802	9.41275
804	9.414
806	9.41353
808	9.41495
810	9.41509
812	9.41454
814	9.41505
816	9.41329
818	9.41429
820	9.41469
822	9.41338
824	9.41456
826	9.41413
828	9.41304
830	9.41325
832	9.41264
834	9.41396
836	9.41473
838	9.41508
840	9.41727
842	9.41676
844	9.41738
846	9.41728
848	9.41689
850	9.4179
852	9.41671
854	9.41716
856	9.41842
858	9.41676
860	9.41765
862	9.41676
864	9.41632
866	9.41829
868	9.41708
870	9.41752
872	9.41763
874	9.41668
876	9.41902
878	9.41873
880	9.41928
882	9.41948
884	9.41845
886	9.4191
888	9.41805
890	9.41839
892	9.42041
894	9.41906
896	9.41912
898	9.41923
900	9.41832
902	9.4193
904	9.41865
906	9.41958
908	9.42164
910	9.42105
912	9.42254
914	9.42302
916	9.42266
918	9.42302
920	9.42145
922	9.42191
924	9.42224
926	9.42125
928	9.42232
930	9.42165
932	9.42132
934	9.42251
936	9.42137
938	9.423
940	9.42219
942	9.42158
944	9.42288
946	9.42156
948	9.42103
950	9.42099
952	9.42079
954	9.42213
956	9.42285
958	9.42322
960	9.42303
962	9.42214
964	9.42345
966	9.42368
968	9.4239
970	9.4247
972	9.42374
974	9.4249
976	9.42527
978	9.4245
980	9.42547
982	9.42485
984	9.4252
986	9.42656
988	9.42477
990	9.42572
992	9.42591
994	9.42539
996	9.42734
998	9.42675
1000	9.42804
1002	9.42802
1004	9.42498
1006	9.42122
1008	9.41463
1010	9.40972
1012	9.40506
1014	9.39893
1016	9.39956
1018	9.40016
1020	9.40001
1022	9.40205
1024	9.40252
1026	9.40514
1028	9.40783
1030	9.4092
1032	9.41305
1034	9.41361
1036	9.415
1038	9.41759
1040	9.41831
1042	9.41964
1044	9.4211
1046	9.42193
1048	9.42523
1050	9.42495
1052	9.42487
1054	9.42544
1056	9.42502
1058	9.4263
1060	9.42602
1062	9.42745
1064	9.4288
1066	9.42832
1068	9.4294
1070	9.42877
1072	9.42735
1074	9.42867
1076	9.42896
1078	9.43021
1080	9.43119
1082	9.43063
1084	9.43152
1086	9.43118
1088	9.43012
1090	9.43026
1092	9.42844
1094	9.42969
1096	9.43092
1098	9.42991
1100	9.43079
1102	9.42968
1104	9.43056
1106	9.4326
1108	9.43137
1110	9.43237
1112	9.43249
1114	9.43233
1116	9.43413
1118	9.43331
1120	9.43417
1122	9.43455
1124	9.43318
1126	9.4344
1128	9.43373
1130	9.43285
1132	9.43337
1134	9.43178
1136	9.43202
1138	9.43258
1140	9.43298
1142	9.43481
1144	9.43509
1146	9.43534
1148	9.43557
1150	9.43532
1152	9.43744
1154	9.43705
1156	9.43605
1158	9.4366
1160	9.43535
1162	9.4357
1164	9.43476
1166	9.4344
1168	9.43577
1170	9.43582
1172	9.43648
1174	9.4367
1176	9.43556
1178	9.4372
1180	9.43661
1182	9.43548
1184	9.43755
1186	9.43672
1188	9.43762
1190	9.43791
1192	9.43661
1194	9.43712
1196	9.43714
1198	9.43821
1200	9.43916
1202	9.4369
1204	9.43851
1206	9.43921
1208	9.43809
1210	9.4383
1212	9.43759
1214	9.43927
1216	9.43925
1218	9.43857
1220	9.44008
1222	9.43834
1224	9.43913
1226	9.44083
1228	9.44037
1230	9.44177
1232	9.44157
1234	9.4404
1236	9.44143
1238	9.44019
1240	9.44086
1242	9.44217
1244	9.44026
1246	9.44026
1248	9.43981
1250	9.4392
1252	9.4405
1254	9.43966
1256	9.44085
1258	9.44053
1260	9.4403
1262	9.44182
1264	9.44123
1266	9.44088
1268	9.44128
1270	9.43993
1272	9.44125
1274	9.44145
1276	9.44109
1278	9.44256
1280	9.44114
1282	9.44182
1284	9.44232
1286	9.44197
1288	9.44316
1290	9.44239
1292	9.44374
1294	9.44514
1296	9.44451
1298	9.44475
1300	9.44462
1302	9.44437
1304	9.44504
1306	9.4441
1308	9.44432
1310	9.44515
1312	9.44289
1314	9.44359
1316	9.44264
1318	9.44301
1320	9.44415
1322	9.44267
1324	9.44358
1326	9.44517
1328	9.44603
1330	9.44775
1332	9.44581
1334	9.44618
1336	9.44642
1338	9.44517
1340	9.44573
1342	9.44452
1344	9.44418
1346	9.44628
1348	9.44573
1350	9.44761
1352	9.44709
1354	9.44664
1356	9.44884
1358	9.44772
1360	9.44788
1362	9.44816
1364	9.44687
1366	9.44865
1368	9.44793
1370	9.44618
1372	9.4464
1374	9.4458
1376	9.44727
1378	9.44818
1380	9.44791
1382	9.44948
1384	9.44845
1386	9.44872
1388	9.44877
1390	9.44716
1392	9.44828
1394	9.44785
1396	9.44784
1398	9.44922
1400	9.44749
1402	9.44895
1404	9.4492
1406	9.44369
1408	9.43796
1410	9.43249
1412	9.4289
1414	9.42587
1416	9.42452
1418	9.42639
1420	9.42563
1422	9.42527
1424	9.42737
1426	9.42892
1428	9.4312
1430	9.43415
1432	9.43482
1434	9.43768
1436	9.43935
1438	9.44001
1440	9.44276
1442	9.44286
1444	9.44439
1446	9.44547
1448	9.44566
1450	9.44795
1452	9.44712
1454	9.44692
1456	9.44754
1458	9.44636
1460	9.44877
1462	9.44842
1464	9.44924
1466	9.45084
1468	9.44997
1470	9.45139
1472	9.45159
1474	9.44924
1476	9.45043
1478	9.44959
1480	9.44976
1482	9.45148
1484	9.45045
1486	9.45255
1488	9.45328
1490	9.45341
1492	9.45429
1494	9.45397
1496	9.45477
1498	9.45617
1500	9.45522
1502	9.45578
1504	9.45561
1506	9.45592
1508	9.45683
1510	9.455
1512	9.45482
1514	9.45544
1516	9.45552
1518	9.45661
1520	9.45513
1522	9.45536
1524	9.45647
1526	9.45502
1528	9.45362
1530	9.45396
1532	9.45493
1534	9.45648
1536	9.45453
1538	9.45512
1540	9.45613
1542	9.45534
1544	9.45705
1546	9.45598
1548	9.45659
1550	9.45724
1552	9.45692
1554	9.45782
1556	9.45896
1558	9.45899
1560	9.46088
1562	9.45931
1564	9.45912
1566	9.45905
1568	9.45705
1570	9.45715
1572	9.45687
1574	9.45711
1576	9.45807
1578	9.45762
1580	9.45895
1582	9.45873
1584	9.45863
1586	9.46041
1588	9.45961
1590	9.45909
1592	9.45998
1594	9.459
1596	9.45921
1598	9.45959
1600	9.45829
1602	9.45936
1604	9.45903
1606	9.46048
1608	9.46128
1610	9.46063
1612	9.46221
1614	9.46062
1616	9.46033
1618	9.46243
1620	9.46219
1622	9.46195
1624	9.46176
1626	9.46086
1628	9.4617
1630	9.45987
1632	9.46098
1634	9.46147
1636	9.45989
1638	9.46115
1640	9.46075
1642	9.46146
1644	9.46226
1646	9.46079
1648	9.4612
1650	9.46088
1652	9.46053
1654	9.4627
1656	9.46248
1658	9.46241
1660	9.46325
1662	9.46131
1664	9.46224
1666	9.46268
1668	9.46261
1670	9.46348
1672	9.46173
1674	9.46194
1676	9.46307
1678	9.4628
1680	9.46478
1682	9.46383
1684	9.46316
1686	9.46342
1688	9.46219
1690	9.46296
1692	9.4624
1694	9.46232
1696	9.46404
1698	9.46254
1700	9.46373
1702	9.46445
1704	9.46299
1706	9.46438
1708	9.46371
1710	9.46434
1712	9.46577
1714	9.46503
1716	9.46674
1718	9.46652
1720	9.46561
1722	9.46701
1724	9.46599
1726	9.46579
1728	9.46642
1730	9.46467
1732	9.46625
1734	9.46496
1736	9.46388
1738	9.46449
1740	9.46384
1742	9.46519
1744	9.46581
1746	9.46527
1748	9.46583
1750	9.46555
1752	9.4653
1754	9.46808
1756	9.46832
1758	9.46884
1760	9.46702
1762	9.46685
1764	9.46724
1766	9.46613
1768	9.4672
1770	9.46707
1772	9.46556
1774	9.46657
1776	9.46639
1778	9.46737
1780	9.46809
1782	9.46658
1784	9.46882
1786	9.46976
1788	9.46885
1790	9.46931
1792	9.46827
1794	9.46842
1796	9.46963
1798	9.46905
1800	9.47005
1802	9.46877
1804	9.46796
1806	9.46395
1808	9.45765
1810	9.4535
1812	9.44822
1814	9.44407
1816	9.44605
1818	9.44641
1820	9.44751
1822	9.44764
1824	9.44736
1826	9.44983
1828	9.45066
1830	9.45244
1832	9.45561
1834	9.45678
1836	9.45919
1838	9.46044
1840	9.46074
1842	9.46215
1844	9.46213
1846	9.46359
1848	9.46572
1850	9.46538
1852	9.46784
1854	9.4683
1856	9.46798
1858	9.46907
1860	9.46832
1862	9.46808
1864	9.46896
1866	9.46823
1868	9.46908
1870	9.46839
1872	9.46847
1874	9.47002
1876	9.4691
1878	9.46923
1880	9.4686
1882	9.468
1884	9.46948
1886	9.46922
1888	9.46914
1890	9.47098
1892	9.47013
1894	9.4711
1896	9.47054
1898	9.47094
1900	9.47326
1902	9.47238
1904	9.47255
1906	9.47283
1908	9.47206
1910	9.4736
1912	9.47275
1914	9.47211
1916	9.47339
1918	9.47249
1920	9.47261
1922	9.47305
1924	9.47279
1926	9.47323
1928	9.47306
1930	9.47406
1932	9.47498
1934	9.47367
1936	9.4735
1938	9.47351
1940	9.47389
1942	9.47535
1944	9.47477
1946	9.47533
1948	9.47533
1950	9.47439
1952	9.47553
1954	9.47457
1956	9.47392
1958	9.47534
1960	9.47391
1962	9.4738
1964	9.4732
1966	9.47253
1968	9.47352
1970	9.47259
1972	9.47347
1974	9.47475
1976	9.47389
1978	9.47594
1980	9.47566
1982	9.47563
1984	9.47583
1986	9.47582
1988	9.47661
1990	9.47588
1992	9.47483
1994	9.47548
1996	9.4741
1998	9.47503
2000	9.47649
2002	9.4764
2004	9.47747
2006	9.47698
2008	9.47648
2010	9.47766
2012	9.47644
2014	9.4778
2016	9.4779
2018	9.47763
2020	9.47915
2022	9.47781
2024	9.47774
2026	9.47797
2028	9.47715
2030	9.47823
2032	9.47744
2034	9.47788
2036	9.47872
2038	9.4771
2040	9.47795
2042	9.47806
2044	9.47751
2046	9.4779
2048	9.47732
2050	9.47855
2052	9.47874
2054	9.47813
2056	9.47955
2058	9.47942
2060	9.47851
2062	9.4785
2064	9.47751
2066	9.47812
2068	9.47797
2070	9.477
2072	9.47855
2074	9.47837
2076	9.47935
2078	9.48045
2080	9.47947
2082	9.48026
2084	9.48049
2086	9.48025
2088	9.48125
2090	9.47995
2092	9.48025
2094	9.48077
2096	9.47988
2098	9.48137
2100	9.48145
2102	9.4814
2104	9.48253
2106	9.48126
2108	9.48238
2110	9.48271
2112	9.48221
2114	9.48265
2116	9.48096
2118	9.48115
2120	9.48121
2122	9.47984
2124	9.48052
2126	9.48003
2128	9.47924
2130	9.48015
2132	9.47993
2134	9.48041
2136	9.48147
2138	9.48093
2140	9.48065
2142	9.47903
2144	9.48058
2146	9.48192
2148	9.48113
2150	9.48207
2152	9.48197
2154	9.48145
2156	9.4821
2158	9.48044
2160	9.48194
2162	9.48271
2164	9.48225
2166	9.48367
2168	9.48263
2170	9.48336
2172	9.48449
2174	9.48401
2176	9.48536
2178	9.48492
2180	9.48436
2182	9.48512
2184	9.48355
2186	9.48433
2188	9.48365
2190	9.48202
2192	9.48315
2194	9.48265
2196	9.48265
2198	9.48337
2200	9.48162
2202	9.48312
2204	9.48364
2206	9.47983
2208	9.47377
2210	9.46788
2212	9.46451
2214	9.46097
2216	9.45977
2218	9.46207
2220	9.46219
2222	9.46255
2224	9.46527
2226	9.46519
2228	9.46709
2230	9.46956
2232	9.47034
2234	9.47342
2236	9.4745
2238	9.47585
2240	9.47654
2242	9.4765
2244	9.47895
2246	9.48073
2248	9.48162
2250	9.48354
2252	9.48258
2254	9.4835
2256	9.48451
2258	9.48267
2260	9.48325
2262	9.48275
2264	9.48307
2266	9.48502
2268	9.4854
2270	9.48573
2272	9.48527
2274	9.48492
2276	9.48647
2278	9.48576
2280	9.48631
2282	9.48654
2284	9.48618
2286	9.48757
2288	9.48779
2290	9.48713
2292	9.48796
2294	9.4862
2296	9.487
2298	9.48718
2300	9.48574
2302	9.48699
2304	9.48613
2306	9.48725
2308	9.48963
2310	9.48829
2312	9.48928
2314	9.48848
2316	9.48811
2318	9.4894
2320	9.48798
2322	9.48841
2324	9.48818
2326	9.48732
2328	9.48934
2330	9.48884
2332	9.4883
2334	9.48999
2336	9.48941
2338	9.4897
2340	9.48905
2342	9.48715
2344	9.48894
2346	9.48905
2348	9.48972
2350	9.48954
2352	9.48894
2354	9.49002
2356	9.4899
2358	9.49022
2360	9.49144
2362	9.48999
2364	9.49015
2366	9.49031
2368	9.4894
2370	9.48991
2372	9.48921
2374	9.49012
2376	9.49052
2378	9.48867
2380	9.49079
2382	9.49037
2384	9.48992
2386	9.49158
2388	9.49074
2390	9.4917
2392	9.49156
2394	9.49072
2396	9.49237
2398	9.49209
2400	9.49169
2402	9.49259
2404	9.49166
2406	9.49305
2408	9.49342
2410	9.49262
2412	9.49233
2414	9.49108
2416	9.49211
2418	9.49145
2420	9.49114
2422	9.4936
2424	9.4923
2426	9.49202
2428	9.49277
2430	9.49118
2432	9.49235
2434	9.49279
2436	9.49305
2438	9.4942
2440	9.49369
2442	9.49422
2444	9.49427
2446	9.49334
2448	9.49352
2450	9.49373
2452	9.49274
2454	9.49328
2456	9.49281
2458	9.49338
2460	9.49402
2462	9.49293
2464	9.49386
2466	9.49266
2468	9.49433
2470	9.49423
2472	9.49339
2474	9.49416
2476	9.49374
2478	9.49348
2480	9.494
2482	9.49363
2484	9.49365
2486	9.4937
2488	9.4933
2490	9.49426
2492	9.4923
2494	9.49222
2496	9.49408
2498	9.49333
2500	9.49485
2502	9.49436
2504	9.49439
2506	9.49682
2508	9.49532
2510	9.49677
2512	9.49743
2514	9.49614
2516	9.49621
2518	9.49425
2520	9.49544
2522	9.4953
2524	9.49305
2526	9.4946
2528	9.49455
2530	9.4945
2532	9.49669
2534	9.49662
2536	9.49594
2538	9.49642
2540	9.49586
2542	9.49677
2544	9.49617
2546	9.49586
2548	9.49657
2550	9.49492
2552	9.49523
2554	9.49561
2556	9.49561
2558	9.49708
2560	9.4961
2562	9.49778
2564	9.49834
2566	9.49752
2568	9.4978
2570	9.49678
2572	9.49604
2574	9.49682
2576	9.49626
2578	9.49627
2580	9.49666
2582	9.49627
2584	9.49756
2586	9.49757
2588	9.49797
2590	9.49825
2592	9.49623
2594	9.49692
2596	9.4961
2598	9.49532
2600	9.49617
2602	9.49623
2604	9.49781
2606	9.4947
2608	9.48787
2610	9.48503
2612	9.47976
2614	9.47606
2616	9.47588
2618	9.47522
2620	9.47662
2622	9.47743
2624	9.47744
2626	9.4797
2628	9.48031
2630	9.48162
2632	9.48412
2634	9.4848
2636	9.48816
2638	9.49019
2640	9.49126
2642	9.49268
2644	9.49298
2646	9.494
2648	9.49297
2650	9.49286
2652	9.49423
2654	9.49316
2656	9.49418
2658	9.49587
2660	9.49574
2662	9.49674
2664	9.49709
2666	9.49631
2668	9.49706
2670	9.49591
2672	9.49612
2674	9.49637
2676	9.49533
2678	9.49782
2680	9.49832
2682	9.49824
2684	9.49893
2686	9.49789
2688	9.49804
2690	9.49892
2692	9.50024
2694	9.50207
2696	9.50002
2698	9.50005
2700	9.50114
2702	9.50008
2704	9.50164
2706	9.50059
2708	9.49958
2710	9.50125
2712	9.50069
2714	9.5017
2716	9.50205
2718	9.50149
2720	9.50145
2722	9.50067
2724	9.50094
2726	9.50196
2728	9.50117
2730	9.50137
2732	9.50107
2734	9.50058
2736	9.50153
2738	9.50019
2740	9.50067
2742	9.50188
2744	9.50205
2746	9.50342
2748	9.50163
2750	9.5015
2752	9.50167
2754	9.50172
2756	9.50365
2758	9.50391
2760	9.50425
2762	9.50598
2764	9.50386
2766	9.50346
2768	9.50411
2770	9.50288
2772	9.5029
2774	9.50191
2776	9.50174
2778	9.50316
2780	9.50255
2782	9.50408
2784	9.50452
2786	9.50391
2788	9.50559
2790	9.50426
2792	9.5047
2794	9.50545
2796	9.50336
2798	9.50384
2800	9.50366
2802	9.50442
2804	9.50498
2806	9.5041
2808	9.50453
2810	9.50387
2812	9.50315
2814	9.50434
2816	9.50452
2818	9.50537
2820	9.50481
2822	9.50364
2824	9.50611
2826	9.50554
2828	9.50474
2830	9.50516
2832	9.50411
2834	9.50472
2836	9.50484
2838	9.5034
2840	9.50519
2842	9.50499
2844	9.50623
2846	9.50747
2848	9.50625
2850	9.5071
2852	9.50705
2854	9.50652
2856	9.5064
2858	9.50554
2860	9.50588
2862	9.50659
2864	9.50607
2866	9.50621
2868	9.50469
2870	9.50389
2872	9.50421
2874	9.50318
2876	9.50426
2878	9.50472
2880	9.50391
2882	9.50506
2884	9.5042
2886	9.50437
2888	9.50512
2890	9.50513
2892	9.50658
2894	9.50631
2896	9.50661
2898	9.50812
2900	9.50806
2902	9.50899
2904	9.50879
2906	9.50717
2908	9.50776
2910	9.50647
2912	9.5067
2914	9.50794
2916	9.50644
2918	9.50697
2920	9.50591
2922	9.50665
2924	9.50756
2926	9.50636
2928	9.5074
2930	9.50764
2932	9.50712
2934	9.50783
2936	9.50645
2938	9.50691
2940	9.50814
2942	9.50705
2944	9.50869
2946	9.50887
2948	9.50881
2950	9.50972
2952	9.50781
2954	9.50896
2956	9.50939
2958	9.50658
2960	9.5083
2962	9.50762
2964	9.50623
2966	9.50748
2968	9.50609
2970	9.50758
2972	9.50752
2974	9.50759
2976	9.50916
2978	9.50814
2980	9.50926
2982	9.51024
2984	9.50903
2986	9.51011
2988	9.50869
2990	9.50766
2992	9.50886
2994	9.50831
2996	9.50973
2998	9.509
3000	9.50853
3002	9.50977
3004	9.50788
3006	9.50638
3008	9.50419
3010	9.50181
3012	9.5034
3014	9.50143
3016	9.49933
3018	9.49861
3020	9.49629
3022	9.49697
3024	9.49774
3026	9.49789
3028	9.50038
3030	9.49979
3032	9.49954
3034	9.50137
3036	9.50025
3038	9.5018
3040	9.50249
3042	9.50175
3044	9.50376
3046	9.50409
3048	9.50539
3050	9.50653
3052	9.50731
3054	9.50915
3056	9.50901
3058	9.50896
3060	9.51094
3062	9.50949
3064	9.51053
3066	9.51134
3068	9.51062
3070	9.5116
3072	9.50996
3074	9.50953
3076	9.51045
3078	9.50895
3080	9.5103
3082	9.51018
3084	9.51007
3086	9.51112
3088	9.50936
3090	9.50994
3092	9.51157
3094	9.511
3096	9.51153
3098	9.51125
3100	9.51198
3102	9.51272
3104	9.51107
3106	9.51176
3108	9.51297
3110	9.51186
3112	9.5123
3114	9.51189
3116	9.51293
3118	9.51353
3120	9.51205
3122	9.51261
3124	9.51261
3126	9.5124
3128	9.5133
3130	9.51184
3132	9.51124
3134	9.51152
3136	9.51128
3138	9.51236
3140	9.51226
3142	9.51372
3144	9.51473
3146	9.51372
3148	9.51513
3150	9.51425
3152	9.51314
3154	9.51395
3156	9.51374
3158	9.51478
3160	9.51479
3162	9.5136
3164	9.51426
3166	9.51338
3168	9.51351
3170	9.51411
3172	9.51352
3174	9.51399
3176	9.51276
3178	9.51247
3180	9.5134
3182	9.5128
3184	9.51269
3186	9.5127
3188	9.51267
3190	9.51515
3192	9.51528
3194	9.5152
3196	9.51704
3198	9.51512
3200	9.51495
3202	9.51485
3204	9.5133
3206	9.51356
3208	9.51309
3210	9.51267
3212	9.5132
3214	9.51322
3216	9.51468
3218	9.51492
3220	9.51431
3222	9.51427
3224	9.51431
3226	9.5146
3228	9.51512
3230	9.51381
3232	9.51421
3234	9.51319
3236	9.51423
3238	9.51537
3240	9.5146
3242	9.5155
3244	9.51475
3246	9.51453
3248	9.5162
3250	9.51564
3252	9.51526
3254	9.51575
3256	9.51526
3258	9.51588
3260	9.51619
3262	9.51597
3264	9.5159
3266	9.51416
3268	9.51444
3270	9.51473
3272	9.51542
3274	9.51685
3276	9.51643
3278	9.51723
3280	9.51769
3282	9.51633
3284	9.51686
3286	9.51532
3288	9.51574
3290	9.51765
3292	9.51669
3294	9.51695
3296	9.5166
3298	9.51551
3300	9.51706
3302	9.51706
3304	9.51699
3306	9.51808
3308	9.5172
3310	9.51724
3312	9.51729
3314	9.51668
3316	9.51725
3318	9.51544
3320	9.51615
3322	9.51615
3324	9.51584
3326	9.51716
3328	9.51634
3330	9.51674
3332	9.51861
3334	9.51868
3336	9.52049
3338	9.51883
3340	9.51749
3342	9.51702
3344	9.51627
3346	9.51734
3348	9.51792
3350	9.51669
3352	9.51759
3354	9.51703
3356	9.5181
3358	9.51918
3360	9.51883
3362	9.519
3364	9.51827
3366	9.51804
3368	9.51905
3370	9.51827
3372	9.5185
3374	9.51933
3376	9.51769
3378	9.51747
3380	9.51604
3382	9.5157
3384	9.51676
3386	9.51665
3388	9.51884
3390	9.51879
3392	9.51854
3394	9.52007
3396	9.51822
3398	9.51867
3400	9.51889
3402	9.51909
3404	9.51976
3406	9.51761
3408	9.51473
3410	9.51408
3412	9.51139
3414	9.5107
3416	9.50928
3418	9.50808
3420	9.50862
3422	9.50629
3424	9.50602
3426	9.50762
3428	9.50859
3430	9.51091
3432	9.51037
3434	9.50913
3436	9.51087
3438	9.51191
3440	9.5132
3442	9.51507
3444	9.51414
3446	9.51482
3448	9.51505
3450	9.51622
3452	9.51612
3454	9.51471
3456	9.5157
3458	9.51638
3460	9.51604
3462	9.51784
3464	9.51669
3466	9.51742
3468	9.51857
3470	9.51763
3472	9.51968
3474	9.51877
3476	9.51814
3478	9.5199
3480	9.52024
3482	9.52142
3484	9.52081
3486	9.51928
3488	9.51994
3490	9.51888
3492	9.51886
3494	9.51974
3496	9.519
3498	9.51971
3500	9.51902
3502	9.51882
3504	9.52069
3506	9.52
3508	9.52052
3510	9.52082
3512	9.52022
3514	9.52125
3516	9.5211
3518	9.51979
3520	9.52043
3522	9.51855
3524	9.51957
3526	9.51999
3528	9.51918
3530	9.51978
3532	9.52003
3534	9.5202
3536	9.52159
3538	9.52029
3540	9.52058
3542	9.52102
3544	9.5201
3546	9.52113
3548	9.51932
3550	9.52001
3552	9.51985
3554	9.51923
3556	9.52059
3558	9.52007
3560	9.52034
3562	9.52144
3564	9.52009
3566	9.52189
3568	9.52265
3570	9.52083
3572	9.52196
3574	9.52195
3576	9.52143
3578	9.5215
3580	9.51963
3582	9.52039
3584	9.5203
3586	9.52035
3588	9.52159
3590	9.52092
3592	9.52199
3594	9.52272
3596	9.52174
3598	9.52228
3600	9.52121
3602	9.52231
3604	9.52443
3606	9.52358
3608	9.52387
3610	9.52278
3612	9.5222
3614	9.52267
3616	9.52134
3618	9.52208
3620	9.52253
3622	9.52233
3624	9.52404
3626	9.52272
3628	9.52235
3630	9.52321
3632	9.52249
3634	9.52337
3636	9.52247
3638	9.52199
3640	9.5237
3642	9.52291
3644	9.52349
3646	9.52342
3648	9.52175
3650	9.52317
3652	9.52295
3654	9.52276
3656	9.52344
3658	9.5222
3660	9.52317
3662	9.52288
3664	9.5214
3666	9.52193
3668	9.52191
3670	9.52334
3672	9.52423
3674	9.52307
3676	9.52364
3678	9.52346
3680	9.52347
3682	9.52349
3684	9.52186
3686	9.52266
3688	9.523
3690	9.5224
3692	9.52371
3694	9.52307
3696	9.523
3698	9.52403
3700	9.52291
3702	9.5242
3704	9.5236
3706	9.52297
3708	9.52376
3710	9.52366
3712	9.52497
3714	9.52492
3716	9.52365
3718	9.52415
3720	9.52337
3722	9.52269
3724	9.52331
3726	9.52327
3728	9.5243
3730	9.52439
3732	9.52369
3734	9.5244
3736	9.52355
3738	9.52503
3740	9.52631
3742	9.52467
3744	9.52624
3746	9.52566
3748	9.52585
3750	9.52656
3752	9.52551
3754	9.52607
3756	9.52543
3758	9.52477
3760	9.527
3762	9.5252
3764	9.52523
3766	9.52517
3768	9.52436
3770	9.5254
3772	9.52475
3774	9.52455
3776	9.52453
3778	9.52417
3780	9.52459
3782	9.52495
3784	9.52473
3786	9.52574
3788	9.52465
3790	9.52531
3792	9.52532
3794	9.52335
3796	9.52517
3798	9.52494
3800	9.5239
3802	9.52539
3804	9.52417
3806	9.5243
3808	9.52263
3810	9.51995
3812	9.51951
3814	9.51873
3816	9.51778
3818	9.51645
3820	9.51394
3822	9.51424
3824	9.51333
3826	9.51287
3828	9.51481
3830	9.51516
3832	9.51749
3834	9.51904
3836	9.51766
3838	9.5188
3840	9.51853
3842	9.51826
3844	9.52049
3846	9.52018
3848	9.52234
3850	9.5235
3852	9.52231
3854	9.52271
3856	9.52312
3858	9.52375
3860	9.52464
3862	9.52248
3864	9.52359
3866	9.52466
3868	9.52352
3870	9.52579
3872	9.52393
3874	9.52501
3876	9.52617
3878	9.52456
3880	9.52484
3882	9.5244
3884	9.52541
3886	9.52586
3888	9.52509
3890	9.5265
3892	9.52687
3894	9.5261
3896	9.52743
3898	9.52741
3900	9.52811
3902	9.5277
3904	9.52527
3906	9.52791
3908	9.52793
3910	9.52704
3912	9.52829
3914	9.52825
3916	9.5288
3918	9.52826
3920	9.52674
3922	9.52734
3924	9.52694
3926	9.5268
3928	9.5272
3930	9.52653
3932	9.52643
3934	9.52557
3936	9.52516
3938	9.52705
3940	9.52694
3942	9.52708
3944	9.52786
3946	9.5278
3948	9.52907
3950	9.52806
3952	9.52726
3954	9.52721
3956	9.5271
3958	9.529
3960	9.52863
3962	9.52759
3964	9.52919
3966	9.52887
3968	9.52955
3970	9.52997
3972	9.52919
3974	9.52902
3976	9.52842
3978	9.52829
3980	9.52929
3982	9.52774
3984	9.52796
3986	9.528
3988	9.52702
3990	9.52784
3992	9.52661
3994	9.52754
3996	9.52873
3998	9.52716
4000	9.52902
4002	9.52924
4004	9.52894
4006	9.52953
4008	9.52869
4010	9.52958
4012	9.53021
4014	9.52879
4016	9.52893
4018	9.52733
4020	9.52818
4022	9.52927
4024	9.52785
4026	9.52935
4028	9.52937
4030	9.52853
4032	9.52973
4034	9.52892
4036	9.52957
4038	9.52931
4040	9.52838
4042	9.52983
4044	9.52872
4046	9.52835
4048	9.52898
4050	9.5284
4052	9.52955
4054	9.52851
4056	9.52845
4058	9.52904
4060	9.52722
4062	9.5286
4064	9.52899
4066	9.52878
4068	9.52966
4070	9.52908
4072	9.5298
4074	9.53111
4076	9.52916
4078	9.53001
4080	9.52968
4082	9.52891
4084	9.52958
4086	9.52847
4088	9.53025
4090	9.53124
4092	9.53017
4094	9.53066
4096	9.52975
4098	9.52884
4100	9.53013
4102	9.52877
4104	9.52952
4106	9.53022
4108	9.52969
4110	9.53084
4112	9.53036
4114	9.5314
4116	9.53192
4118	9.53086
4120	9.5319
4122	9.53086
4124	9.53049
4126	9.53101
4128	9.52914
4130	9.5291
4132	9.5287
4134	9.52796
4136	9.52938
4138	9.52905
4140	9.52994
4142	9.53096
4144	9.52975
4146	9.53124
4148	9.53107
4150	9.53074
4152	9.53153
4154	9.53064
4156	9.53122
4158	9.53192
4160	9.53195
4162	9.53288
4164	9.53152
4166	9.53162
4168	9.53078
4170	9.52959
4172	9.5302
4174	9.53076
4176	9.53076
4178	9.53103
4180	9.52994
4182	9.53074
4184	9.53098
4186	9.52984
4188	9.53052
4190	9.52939
4192	9.53009
4194	9.53141
4196	9.53004
4198	9.53174
4200	9.5313
4202	9.53086
4204	9.53123
4206	9.52919
4208	9.52742
4210	9.5266
4212	9.52487
4214	9.52444
4216	9.52258
4218	9.52082
4220	9.52073
4222	9.51864
4224	9.5181
4226	9.51828
4228	9.52005
4230	9.52317
4232	9.52334
4234	9.52444
4236	9.5254
4238	9.52481
4240	9.52677
4242	9.52703
4244	9.5265
4246	9.52856
4248	9.52877
4250	9.5286
4252	9.52803
4254	9.52595
4256	9.528
4258	9.52851
4260	9.5281
4262	9.52868
4264	9.528
4266	9.5299
4268	9.53171
4270	9.53155
4272	9.53265
4274	9.53195
4276	9.53213
4278	9.53214
4280	9.53052
4282	9.5315
4284	9.53095
4286	9.53011
4288	9.53143
4290	9.5307
4292	9.53105
4294	9.53198
4296	9.53153
4298	9.53301
4300	9.53262
4302	9.53138
4304	9.53217
4306	9.53186
4308	9.53271
4310	9.53253
4312	9.53139
4314	9.53225
4316	9.53168
4318	9.53157
4320	9.53193
4322	9.53073
4324	9.53226
4326	9.53256
4328	9.53253
4330	9.53411
4332	9.53293
4334	9.53332
4336	9.53356
4338	9.53288
4340	9.53364
4342	9.53362
4344	9.53401
4346	9.5346
4348	9.53297
4350	9.53334
4352	9.53185
4354	9.53205
4356	9.53317
4358	9.53115
4360	9.53115
4362	9.53196
4364	9.53183
4366	9.53287
4368	9.53218
4370	9.53263
4372	9.53366
4374	9.53269
4376	9.53411
4378	9.53443
4380	9.53475
4382	9.53559
4384	9.53409
4386	9.53429
4388	9.5341
4390	9.53304
4392	9.53382
4394	9.53202
4396	9.53151
4398	9.53238
4400	9.53168
4402	9.53305
4404	9.53352
4406	9.534
4408	9.53466
4410	9.53295
4412	9.53385
4414	9.53446
4416	9.53243
4418	9.5329
4420	9.53173
4422	9.5321
4424	9.53348
4426	9.53328
4428	9.53393
4430	9.53377
4432	9.53296
4434	9.53351
4436	9.53287
4438	9.53462
4440	9.5347
4442	9.53358
4444	9.53472
4446	9.53504
4448	9.53512
4450	9.53602
4452	9.53483
4454	9.53503
4456	9.53464
4458	9.53422
4460	9.53523
4462	9.53292
4464	9.53293
4466	9.53366
4468	9.53207
4470	9.53292
4472	9.53234
4474	9.53356
4476	9.53503
4478	9.53414
4480	9.535
4482	9.53463
4484	9.53398
4486	9.53557
4488	9.53597
4490	9.53583
4492	9.53675
4494	9.53558
4496	9.53716
4498	9.53638
4500	9.53459
4502	9.53483
4504	9.53322
4506	9.53336
4508	9.53333
4510	9.53284
4512	9.53398
4514	9.5335
4516	9.5339
4518	9.5339
4520	9.53227
4522	9.53353
4524	9.5339
4526	9.53327
4528	9.53523
4530	9.53515
4532	9.53638
4534	9.53725
4536	9.53568
4538	9.53544
4540	9.53502
4542	9.53499
4544	9.53591
4546	9.53536
4548	9.53646
4550	9.53689
4552	9.53638
4554	9.53747
4556	9.5367
4558	9.53707
4560	9.53717
4562	9.53608
4564	9.53654
4566	9.53631
4568	9.53598
4570	9.53679
4572	9.53451
4574	9.53463
4576	9.53502
4578	9.53472
4580	9.53502
4582	9.53337
4584	9.53279
4586	9.5338
4588	9.53395
4590	9.53477
4592	9.53515
4594	9.53585
4596	9.53639
4598	9.53557
4600	9.53659
4602	9.53673
4604	9.53637
4606	9.53673
4608	9.53278
4610	9.53051
4612	9.52996
4614	9.5273
4616	9.52651
4618	9.52629
4620	9.52535
4622	9.52513
4624	9.52331
4626	9.5229
4628	9.52434
4630	9.52525
4632	9.52758
4634	9.52729
4636	9.52656
4638	9.5283
4640	9.52806
4642	9.5298
4644	9.53193
4646	9.53013
4648	9.53212
4650	9.53208
4652	9.53178
4654	9.53345
4656	9.53237
4658	9.53302
4660	9.53399
4662	9.53434
4664	9.53642
4666	9.53544
4668	9.53455
4670	9.53516
4672	9.5343
4674	9.53462
4676	9.53378
4678	9.53438
4680	9.53536
4682	9.53474
4684	9.53467
4686	9.53566
4688	9.53554
4690	9.53651
4692	9.53711
4694	9.53686
4696	9.5376
4698	9.53579
4700	9.5368
4702	9.53712
4704	9.53697
4706	9.53772
4708	9.53672
4710	9.53581
4712	9.53625
4714	9.53549
4716	9.53658
4718	9.53663
4720	9.53656
4722	9.53758
4724	9.53675
4726	9.53642
4728	9.5366
4730	9.5353
4732	9.53701
4734	9.53712
4736	9.53747
4738	9.53864
4740	9.53729
4742	9.53818
4744	9.53805
4746	9.53742
4748	9.5386
4750	9.53801
4752	9.53815
4754	9.53848
4756	9.53762
4758	9.53873
4760	9.53798
4762	9.53724
4764	9.53853
4766	9.53809
4768	9.53809
4770	9.53853
4772	9.5376
4774	9.53881
4776	9.53735
4778	9.53626
4780	9.53739
4782	9.53732
4784	9.53853
4786	9.53788
4788	9.5378
4790	9.53926
4792	9.53789
4794	9.53801
4796	9.53777
4798	9.53663
4800	9.53732
4802	9.5378
4804	9.53804
4806	9.53877
4808	9.53757
4810	9.53876
4812	9.53848
4814	9.53733
4816	9.53839
4818	9.53629
4820	9.53639
4822	9.53711
4824	9.53713
4826	9.53932
4828	9.53987
4830	9.53991
4832	9.5407
4834	9.53906
4836	9.53854
4838	9.53874
4840	9.53702
4842	9.53823
4844	9.53843
4846	9.53806
4848	9.53889
4850	9.53683
4852	9.5371
4854	9.53666
4856	9.53701
4858	9.5381
4860	9.53802
4862	9.53877
4864	9.53989
4866	9.53881
4868	9.53898
4870	9.53835
4872	9.53804
4874	9.53859
4876	9.53739
4878	9.53836
4880	9.53927
4882	9.53962
4884	9.54099
4886	9.53957
4888	9.53945
4890	9.53975
4892	9.53847
4894	9.53953
4896	9.53804
4898	9.5376
4900	9.53925
4902	9.53886
4904	9.53908
4906	9.53973
4908	9.53852
4910	9.53853
4912	9.539
4914	9.53881
4916	9.53869
4918	9.53813
4920	9.53846
4922	9.53885
4924	9.53777
4926	9.53814
4928	9.53721
4930	9.5379
4932	9.53878
4934	9.53722
4936	9.53866
4938	9.53887
4940	9.53903
4942	9.54039
4944	9.53971
4946	9.54001
4948	9.5398
4950	9.53826
4952	9.53948
4954	9.53894
4956	9.53991
4958	9.5409
4960	9.53905
4962	9.53957
4964	9.54007
4966	9.54041
4968	9.5418
4970	9.53954
4972	9.53759
4974	9.5383
4976	9.5374
4978	9.53836
4980	9.5372
4982	9.53752
4984	9.5403
4986	9.53954
4988	9.53992
4990	9.53941
4992	9.53837
4994	9.53968
4996	9.53899
4998	9.53862
5000	9.54067
5002	9.53982
5004	9.54005
5006	9.5385
5008	9.53526
5010	9.53463
5012	9.53201
5014	9.53203
5016	9.53161
5018	9.52986
5020	9.53013
5022	9.52955
5024	9.52823
5026	9.53
5028	9.52983
5030	9.53098
5032	9.53205
5034	9.53214
5036	9.53391
5038	9.53313
5040	9.53236
5042	9.53367
5044	9.53404
5046	9.53491
5048	9.53607
5050	9.53604
5052	9.53806
5054	9.53664
5056	9.53599
5058	9.53685
5060	9.5361
5062	9.53691
5064	9.5376
5066	9.53593
5068	9.53732
5070	9.53828
5072	9.53832
5074	9.53942
5076	9.53917
5078	9.53964
5080	9.53867
5082	9.538
5084	9.53919
5086	9.53811
5088	9.53961
5090	9.54136
5092	9.54031
5094	9.54016
5096	9.53885
5098	9.53939
5100	9.54109
5102	9.53992
5104	9.54112
5106	9.54027
5108	9.53848
5110	9.5382
5112	9.53725
5114	9.53852
5116	9.54003
5118	9.53952
5120	9.53974
5122	9.54019
5124	9.54021
5126	9.54134
5128	9.54044
5130	9.54041
5132	9.54095
5134	9.54008
5136	9.54102
5138	9.54084
5140	9.54092
5142	9.54045
5144	9.53866
5146	9.53859
5148	9.53867
5150	9.5382
5152	9.53994
5154	9.53909
5156	9.53971
5158	9.54104
5160	9.54036
5162	9.5414
5164	9.54044
5166	9.53983
5168	9.53968
5170	9.53764
5172	9.53823
5174	9.53911
5176	9.53996
5178	9.54119
5180	9.54058
5182	9.54077
5184	9.54133
5186	9.53969
5188	9.54122
5190	9.54081
5192	9.54157
5194	9.54294
5196	9.54112
5198	9.54141
5200	9.54192
5202	9.54091
5204	9.54211
5206	9.54174
5208	9.54102
5210	9.54191
5212	9.54065
5214	9.54104
5216	9.54008
5218	9.53974
5220	9.54065
5222	9.53957
5224	9.54074
5226	9.54172
5228	9.54063
5230	9.54089
5232	9.54058
5234	9.54023
5236	9.54142
5238	9.54012
5240	9.54089
5242	9.54048
5244	9.5396
5246	9.54149
5248	9.54054
5250	9.54033
5252	9.54176
5254	9.54074
5256	9.54128
5258	9.54211
5260	9.54186
5262	9.5431
5264	9.54204
5266	9.54247
5268	9.54228
5270	9.54067
5272	9.54155
5274	9.5407
5276	9.54055
5278	9.54124
5280	9.53923
5282	9.54055
5284	9.54066
5286	9.53947
5288	9.54021
5290	9.54055
5292	9.54105
5294	9.54182
5296	9.54096
5298	9.54293
5300	9.54267
5302	9.54203
5304	9.54265
5306	9.5415
5308	9.54159
5310	9.54072
5312	9.54007
5314	9.54107
5316	9.54085
5318	9.54186
5320	9.54216
5322	9.54201
5324	9.54278
5326	9.54197
5328	9.5404
5330	9.54195
5332	9.5416
5334	9.54243
5336	9.54298
5338	9.54146
5340	9.5422
5342	9.54184
5344	9.54184
5346	9.54144
5348	9.53984
5350	9.54122
5352	9.54104
5354	9.53929
5356	9.53977
5358	9.54104
5360	9.54122
5362	9.54241
5364	9.54232
5366	9.54412
5368	9.54438
5370	9.54196
5372	9.54201
5374	9.54046
5376	9.542
5378	9.54347
5380	9.54205
5382	9.54245
5384	9.5429
5386	9.54287
5388	9.54378
5390	9.5422
5392	9.54305
5394	9.54315
5396	9.54188
5398	9.54203
5400	9.54047
5402	9.54023
5404	9.54148
5406	9.53952
5408	9.53504
5410	9.53067
5412	9.52661
5414	9.52406
5416	9.52076
5418	9.52231
5420	9.52423
5422	9.52466
5424	9.52572
5426	9.52616
5428	9.52798
5430	9.53022
5432	9.53117
5434	9.5346
5436	9.53556
5438	9.53504
5440	9.53757
5442	9.53759
5444	9.53804
5446	9.53934
5448	9.53822
5450	9.53879
5452	9.53825
5454	9.53866
5456	9.54077
5458	9.54072
5460	9.54167
5462	9.54235
5464	9.54099
5466	9.54257
5468	9.54241
5470	9.54262
5472	9.54336
5474	9.54202
5476	9.54281
5478	9.54387
5480	9.54363
5482	9.54366
5484	9.54261
5486	9.54247
5488	9.54319
5490	9.5417
5492	9.54218
5494	9.54209
5496	9.54176
5498	9.54346
5500	9.54346
5502	9.54416
5504	9.54368
5506	9.54195
5508	9.54293
5510	9.54324
5512	9.54318
5514	9.54386
5516	9.54334
5518	9.54477
5520	9.54421
5522	9.54479
5524	9.54738
5526	9.54647
5528	9.54617
5530	9.54547
5532	9.54413
5534	9.54469
5536	9.54386
5538	9.54303
5540	9.54302
5542	9.54275
5544	9.54403
5546	9.54407
5548	9.54412
5550	9.54449
5552	9.54281
5554	9.54293
5556	9.54298
5558	9.54284
5560	9.54457
5562	9.5447
5564	9.54433
5566	9.54447
5568	9.54371
5570	9.54584
5572	9.54641
5574	9.54431
5576	9.54552
5578	9.54425
5580	9.54448
5582	9.54492
5584	9.544
5586	9.54394
5588	9.54277
5590	9.54277
5592	9.54381
5594	9.54254
5596	9.5432
5598	9.54414
5600	9.54425
5602	9.54581
5604	9.54514
5606	9.54305
5608	9.53903
5610	9.53307
5612	9.53037
5614	9.52713
5616	9.52526
5618	9.52781
5620	9.52765
5622	9.52864
5624	9.53003
5626	9.52944
5628	9.53088
5630	9.53126
5632	9.53233
5634	9.53491
5636	9.53579
5638	9.53786
5640	9.53847
5642	9.53736
5644	9.53889
5646	9.53962
5648	9.54181
5650	9.54237
5652	9.54187
5654	9.5427
5656	9.54279
5658	9.54186
5660	9.54295
5662	9.54282
5664	9.5436
5666	9.5442
5668	9.54297
5670	9.54377
5672	9.54381
5674	9.54529
5676	9.54477
5678	9.54297
5680	9.54417
5682	9.54384
5684	9.54409
5686	9.54645
5688	9.54537
5690	9.54607
5692	9.54673
5694	9.54518
5696	9.54593
5698	9.54549
5700	9.54578
5702	9.54676
5704	9.54507
5706	9.54502
5708	9.54411
5710	9.5436
5712	9.54506
5714	9.54457
5716	9.54424
5718	9.5445
5720	9.54375
5722	9.54495
5724	9.54515
5726	9.54495
5728	9.54697
5730	9.5466
5732	9.54632
5734	9.54617
5736	9.54534
5738	9.5458
5740	9.54341
5742	9.54345
5744	9.54501
5746	9.54452
5748	9.54566
5750	9.54547
5752	9.54419
5754	9.54582
5756	9.54471
5758	9.546
5760	9.54574
5762	9.54608
5764	9.54746
5766	9.54669
5768	9.54655
5770	9.54604
5772	9.54464
5774	9.54638
5776	9.54612
5778	9.54423
5780	9.54548
5782	9.54581
5784	9.54602
5786	9.5471
5788	9.54509
5790	9.54526
5792	9.5463
5794	9.54695
5796	9.54751
5798	9.54544
5800	9.54591
5802	9.54654
5804	9.54616
5806	9.54551
5808	9.53995
5810	9.53452
5812	9.53073
5814	9.52538
5816	9.52466
5818	9.52735
5820	9.52897
5822	9.5307
5824	9.53111
5826	9.53233
5828	9.5336
5830	9.5346
5832	9.53679
5834	9.53731
5836	9.53842
5838	9.53906
5840	9.53782
5842	9.53968
5844	9.53978
5846	9.53923
5848	9.54097
5850	9.54157
5852	9.54289
5854	9.54355
5856	9.54281
5858	9.54417
5860	9.54357
5862	9.54258
5864	9.54415
5866	9.54486
5868	9.54535
5870	9.54429
5872	9.54368
5874	9.54535
5876	9.54406
5878	9.54411
5880	9.54543
5882	9.54438
5884	9.5459
5886	9.54671
5888	9.54585
5890	9.54687
5892	9.54738
5894	9.54809
5896	9.54769
5898	9.54747
5900	9.5473
5902	9.54556
5904	9.54496
5906	9.54536
5908	9.54449
5910	9.54546
5912	9.5464
5914	9.54596
5916	9.54731
5918	9.5463
5920	9.54632
5922	9.54679
5924	9.54621
5926	9.54716
5928	9.54648
5930	9.54646
5932	9.5461
5934	9.54483
5936	9.54605
5938	9.54657
5940	9.54647
5942	9.54679
5944	9.54672
5946	9.54556
5948	9.54623
5950	9.54584
5952	9.54745
5954	9.54685
5956	9.54705
5958	9.54822
5960	9.54698
5962	9.54671
5964	9.54678
5966	9.5455
5968	9.54698
5970	9.54582
5972	9.54505
5974	9.54609
5976	9.54622
5978	9.54705
5980	9.54689
5982	9.54661
5984	9.5484
5986	9.54812
5988	9.54806
5990	9.54793
5992	9.54729
5994	9.54816
5996	9.54723
5998	9.54647
6000	9.54715
6002	9.54661
6004	9.54763
6006	9.54667
6008	9.54242
6010	9.53896
6012	9.53355
6014	9.5302
6016	9.52889
6018	9.52857
6020	9.52993
6022	9.52963
6024	9.52974
6026	9.53166
6028	9.53211
6030	9.53328
6032	9.53461
6034	9.53429
6036	9.53624
6038	9.53758
6040	9.5391
6042	9.54205
6044	9.54168
6046	9.54356
6048	9.54443
6050	9.54351
6052	9.54464
6054	9.5443
6056	9.54412
6058	9.54538
6060	9.54536
6062	9.54633
6064	9.54638
6066	9.5465
6068	9.54759
6070	9.54662
6072	9.54818
6074	9.54786
6076	9.54654
6078	9.54716
6080	9.54682
6082	9.54653
6084	9.54693
6086	9.54689
6088	9.54749
6090	9.54726
6092	9.54645
6094	9.54734
6096	9.54621
6098	9.54715
6100	9.54758
6102	9.54601
6104	9.54625
6106	9.54599
6108	9.54696
6110	9.54753
6112	9.54709
6114	9.54824
6116	9.54751
6118	9.5475
6120	9.54923
6122	9.54828
6124	9.54825
6126	9.54838
6128	9.54718
6130	9.54848
6132	9.54706
6134	9.54624
6136	9.54837
6138	9.54811
6140	9.54912
6142	9.54926
6144	9.54808
6146	9.54843
6148	9.54636
6150	9.54617
6152	9.54682
6154	9.5473
6156	9.54843
6158	9.54789
6160	9.54811
6162	9.54862
6164	9.54768
6166	9.54859
6168	9.54866
6170	9.54755
6172	9.54821
6174	9.54668
6176	9.54608
6178	9.54659
6180	9.54571
6182	9.54749
6184	9.54704
6186	9.54673
6188	9.54824
6190	9.54682
6192	9.54686
6194	9.54755
6196	9.54697
6198	9.54859
6200	9.54807
6202	9.5475
6204	9.54807
6206	9.54731
6208	9.54426
6210	9.53829
6212	9.53377
6214	9.53128
6216	9.52774
6218	9.52935
6220	9.531
6222	9.52928
6224	9.53055
6226	9.53129
6228	9.53172
6230	9.53424
6232	9.53487
6234	9.53688
6236	9.53752
6238	9.53746
6240	9.53889
6242	9.54038
6244	9.54177
6246	9.54387
6248	9.54314
6250	9.54344
6252	9.5428
6254	9.54295
6256	9.54533
6258	9.54443
6260	9.54492
6262	9.54545
6264	9.54531
6266	9.54707
6268	9.54683
6270	9.54676
6272	9.5473
6274	9.54716
6276	9.5488
6278	9.54878
6280	9.54732
6282	9.54723
6284	9.54648
6286	9.54795
6288	9.54963
6290	9.54932
6292	9.55012
6294	9.54871
6296	9.54806
6298	9.54946
6300	9.54901
6302	9.54992
6304	9.54957
6306	9.5484
6308	9.54892
6310	9.548
6312	9.54771
6314	9.54724
6316	9.54619
6318	9.54804
6320	9.54794
6322	9.54764
6324	9.54872
6326	9.54772
6328	9.54834
6330	9.54849
6332	9.54793
6334	9.54927
6336	9.54882
6338	9.54902
6340	9.54984
6342	9.54894
6344	9.54904
6346	9.54847
6348	9.54735
6350	9.54839
6352	9.54702
6354	9.54764
6356	9.54851
6358	9.54862
6360	9.54942
6362	9.54872
6364	9.54842
6366	9.54942
6368	9.54908
6370	9.5516
6372	9.55155
6374	9.55097
6376	9.5516
6378	9.5508
6380	9.5508
6382	9.5515
6384	9.55006
6386	9.55083
6388	9.5507
6390	9.54993
6392	9.55004
6394	9.54886
6396	9.54944
6398	9.54866
6400	9.5479
6402	9.54853
6404	9.5474
6406	9.54692
6408	9.54255
6410	9.53626
6412	9.53455
6414	9.53149
6416	9.529
6418	9.5313
6420	9.5306
6422	9.53182
6424	9.53248
6426	9.53257
6428	9.53554
6430	9.5358
6432	9.53651
6434	9.53889
6436	9.53808
6438	9.54008
6440	9.54066
6442	9.54116
6444	9.54383
6446	9.54315
6448	9.54375
6450	9.54411
6452	9.54331
6454	9.54491
6456	9.54467
6458	9.54538
6460	9.54609
6462	9.54532
6464	9.5471
6466	9.5463
6468	9.54668
6470	9.54837
6472	9.54785
6474	9.54856
6476	9.54905
6478	9.54849
6480	9.54921
6482	9.54839
6484	9.54655
6486	9.54771
6488	9.54762
6490	9.54883
6492	9.54907
6494	9.54926
6496	9.55001
6498	9.54789
6500	9.54756
6502	9.54843
6504	9.54742
6506	9.54833
6508	9.54865
6510	9.54852
6512	9.54864
6514	9.54636
6516	9.54704
6518	9.54868
6520	9.54899
6522	9.55041
6524	9.54993
6526	9.5501
6528	9.54983
6530	9.54916
6532	9.55049
6534	9.55135
6536	9.55092
6538	9.55151
6540	9.55008
6542	9.55039
6544	9.54969
6546	9.54795
6548	9.54973
6550	9.54983
6552	9.55033
6554	9.55026
6556	9.54864
6558	9.55115
6560	9.55228
6562	9.55084
6564	9.55154
6566	9.54944
6568	9.54945
6570	9.54869
6572	9.548
6574	9.54882
6576	9.5469
6578	9.54717
6580	9.54859
6582	9.54929
6584	9.55084
6586	9.55092
6588	9.55079
6590	9.55221
6592	9.55056
6594	9.55056
6596	9.55041
6598	9.55
6600	9.55117
6602	9.54942
6604	9.54889
6606	9.54936
6608	9.54638
6610	9.54619
6612	9.54492
6614	9.54407
6616	9.5435
6618	9.54073
6620	9.541
6622	9.54069
6624	9.53958
6626	9.54042
6628	9.54144
6630	9.54285
6632	9.54432
6634	9.54311
6636	9.54415
6638	9.54401
6640	9.54288
6642	9.54433
6644	9.5429
6646	9.54314
6648	9.54439
6650	9.54464
6652	9.54639
6654	9.5467
6656	9.54682
6658	9.54846
6660	9.54834
6662	9.54955
6664	9.54934
6666	9.54741
6668	9.54897
6670	9.54923
6672	9.54878
6674	9.54859
6676	9.54752
6678	9.5489
6680	9.54884
6682	9.54774
6684	9.54862
6686	9.54777
6688	9.54834
6690	9.54993
6692	9.55038
6694	9.55125
6696	9.5496
6698	9.549
6700	9.55013
6702	9.54865
6704	9.54947
6706	9.55038
6708	9.5513
6710	9.55211
6712	9.55057
6714	9.55061
6716	9.55083
6718	9.54978
6720	9.55115
6722	9.55006
6724	9.54971
6726	9.55044
6728	9.55
6730	9.55165
6732	9.55129
6734	9.54959
6736	9.5504
6738	9.54924
6740	9.54975
6742	9.55011
6744	9.5497
6746	9.5503
6748	9.55027
6750	9.55015
6752	9.5517
6754	9.55035
6756	9.55136
6758	9.55143
6760	9.55086
6762	9.55133
6764	9.5504
6766	9.55148
6768	9.55343
6770	9.55492
6772	9.55688
6774	9.55717
6776	9.55643
6778	9.55712
6780	9.55566
6782	9.55593
6784	9.55521
6786	9.5536
6788	9.55448
6790	9.55303
6792	9.55298
6794	9.55289
6796	9.55208
6798	9.55213
6800	9.55101
6802	9.55103
6804	9.55174
6806	9.55033
6808	9.54877
6810	9.54636
6812	9.54323
6814	9.54391
6816	9.54262
6818	9.54277
6820	9.54332
6822	9.54162
6824	9.54085
6826	9.54011
6828	9.54146
6830	9.54399
6832	9.54407
6834	9.54377
6836	9.54449
6838	9.54383
6840	9.54436
6842	9.54351
6844	9.54303
6846	9.54555
6848	9.54591
6850	9.5473
6852	9.54813
6854	9.54688
6856	9.54748
6858	9.54618
6860	9.54645
6862	9.54766
6864	9.54651
6866	9.54747
6868	9.54737
6870	9.5472
6872	9.54796
6874	9.54726
6876	9.54842
6878	9.54863
6880	9.54769
6882	9.54928
6884	9.54949
6886	9.54949
6888	9.55032
6890	9.54925
6892	9.54958
6894	9.54913
6896	9.54904
6898	9.55029
6900	9.54953
6902	9.5504
6904	9.55069
6906	9.55104
6908	9.55241
6910	9.55145
6912	9.55091
6914	9.55114
6916	9.55001
6918	9.55109
6920	9.55038
6922	9.55028
6924	9.55153
6926	9.55025
6928	9.55019
6930	9.54942
6932	9.54865
6934	9.55024
6936	9.55021
6938	9.55072
6940	9.55139
6942	9.5512
6944	9.55165
6946	9.55068
6948	9.55017
6950	9.55154
6952	9.55114
6954	9.55138
6956	9.55137
6958	9.54939
6960	9.54989
6962	9.54918
6964	9.55041
6966	9.5504
6968	9.55022
6970	9.5517
6972	9.55171
6974	9.5508
6976	9.55254
6978	9.55171
6980	9.55172
6982	9.552
6984	9.55018
6986	9.55043
6988	9.54964
6990	9.55002
6992	9.54997
6994	9.54878
6996	9.54934
6998	9.55008
7000	9.55
7002	9.55221
7004	9.55113
7006	9.55071
7008	9.54952
7010	9.54622
7012	9.54666
7014	9.54587
7016	9.54358
7018	9.54351
7020	9.54075
7022	9.54024
7024	9.54032
7026	9.53961
7028	9.54269
7030	9.54255
7032	9.54328
7034	9.5438
7036	9.54266
7038	9.54414
7040	9.54527
7042	9.54574
7044	9.54798
7046	9.54738
7048	9.54768
7050	9.5486
7052	9.54808
7054	9.5494
7056	9.5487
7058	9.5477
7060	9.54962
7062	9.54983
7064	9.55029
7066	9.55042
7068	9.54994
7070	9.55065
7072	9.54977
7074	9.54924
7076	9.54986
7078	9.55024
7080	9.55141
7082	9.55098
7084	9.55068
7086	9.55149
7088	9.55028
7090	9.55138
7092	9.55182
7094	9.55126
7096	9.55104
7098	9.55038
7100	9.55059
7102	9.55165
7104	9.55058
7106	9.55138
7108	9.55107
7110	9.55118
7112	9.55227
7114	9.55041
7116	9.55014
7118	9.55034
7120	9.5503
7122	9.55137
7124	9.5505
7126	9.55084
7128	9.55203
7130	9.55066
7132	9.55068
7134	9.55152
7136	9.5513
7138	9.55205
7140	9.55201
7142	9.55186
7144	9.55264
7146	9.55081
7148	9.55149
7150	9.55138
7152	9.55123
7154	9.55323
7156	9.55193
7158	9.55311
7160	9.55362
7162	9.55283
7164	9.55326
7166	9.55152
7168	9.55144
7170	9.55284
7172	9.55153
7174	9.55291
7176	9.55324
7178	9.55271
7180	9.5531
7182	9.55179
7184	9.55294
7186	9.55318
7188	9.55217
7190	9.55259
7192	9.55162
7194	9.55176
7196	9.55238
7198	9.55153
7200	9.5531
7202	9.55254
7204	9.55186
7206	9.55315
7208	9.55045
7210	9.54832
7212	9.54721
7214	9.54528
7216	9.54431
7218	9.54308
7220	9.542
7222	9.54151
7224	9.53994
7226	9.54107
7228	9.54262
7230	9.54344
7232	9.54465
7234	9.54506
7236	9.54645
7238	9.54728
7240	9.54719
7242	9.54802
7244	9.54674
7246	9.54608
7248	9.54745
7250	9.54627
7252	9.54787
7254	9.54934
7256	9.54753
7258	9.54831
7260	9.54895
7262	9.55002
7264	9.5505
7266	9.54924
7268	9.55055
7270	9.5501
7272	9.54971
7274	9.55082
7276	9.54959
7278	9.55046
7280	9.55074
7282	9.54952
7284	9.55142
7286	9.54994
7288	9.54946
7290	9.55083
7292	9.55159
7294	9.55322
7296	9.5519
7298	9.55132
7300	9.55218
7302	9.55109
7304	9.55192
7306	9.55288
7308	9.55198
7310	9.5527
7312	9.55274
7314	9.55281
7316	9.55306
7318	9.55194
7320	9.5525
7322	9.5519
7324	9.55151
7326	9.55248
7328	9.55135
7330	9.55139
7332	9.55217
7334	9.55176
7336	9.55294
7338	9.55225
7340	9.55104
7342	9.5503
7344	9.55033
7346	9.55164
7348	9.55157
7350	9.55125
7352	9.55301
7354	9.55227
7356	9.55294
7358	9.55388
7360	9.55211
7362	9.5523
7364	9.55136
7366	9.5511
7368	9.55148
7370	9.55148
7372	9.55244
7374	9.55205
7376	9.55196
7378	9.55427
7380	9.55345
7382	9.55295
7384	9.55384
7386	9.55191
7388	9.55312
7390	9.55179
7392	9.55167
7394	9.55279
7396	9.55196
7398	9.55142
7400	9.55021
7402	9.55096
7404	9.55244
7406	9.5519
7408	9.551
7410	9.54876
7412	9.54558
7414	9.54582
7416	9.54463
7418	9.54282
7420	9.54375
7422	9.542
7424	9.54151
7426	9.54131
7428	9.54323
7430	9.54627
7432	9.54619
7434	9.54584
7436	9.54684
7438	9.54708
7440	9.54906
7442	9.54922
7444	9.54947
7446	9.55079
7448	9.54964
7450	9.55036
7452	9.55139
7454	9.55119
7456	9.55124
7458	9.5498
7460	9.54972
7462	9.55106
7464	9.54956
7466	9.55015
7468	9.55015
7470	9.5504
7472	9.5519
7474	9.55098
7476	9.55066
7478	9.55172
7480	9.55224
7482	9.55352
7484	9.55231
7486	9.55318
7488	9.55382
7490	9.55247
7492	9.55292
7494	9.55242
7496	9.55198
7498	9.55316
7500	9.55198
7502	9.55187
7504	9.55222
7506	9.55166
7508	9.5526
7510	9.55222
7512	9.55294
7514	9.55432
7516	9.55341
7518	9.55413
7520	9.5535
7522	9.55241
7524	9.55335
7526	9.55257
7528	9.55371
7530	9.55352
7532	9.55189
7534	9.55346
7536	9.55465
7538	9.55432
7540	9.55458
7542	9.55405
7544	9.55437
7546	9.55373
7548	9.55159
7550	9.55211
7552	9.55138
7554	9.55273
7556	9.55453
7558	9.55499
7560	9.55574
7562	9.55453
7564	9.55419
7566	9.5541
7568	9.55318
7570	9.55337
7572	9.55196
7574	9.55125
7576	9.55293
7578	9.55324
7580	9.55407
7582	9.55471
7584	9.5535
7586	9.55359
7588	9.55307
7590	9.55314
7592	9.55398
7594	9.55304
7596	9.55293
7598	9.5538
7600	9.55319
7602	9.55482
7604	9.55375
7606	9.55284
7608	9.55238
7610	9.54892
7612	9.54819
7614	9.54727
7616	9.5465
7618	9.54739
7620	9.54501
7622	9.54434
7624	9.54405
7626	9.54208
7628	9.5442
7630	9.54461
7632	9.5448
7634	9.54603
7636	9.54527
7638	9.54654
7640	9.54646
7642	9.5458
7644	9.54834
7646	9.54818
7648	9.54801
7650	9.54915
7652	9.54924
7654	9.55088
7656	9.5512
7658	9.55107
7660	9.55202
7662	9.55041
7664	9.5511
7666	9.55195
7668	9.55087
7670	9.55092
7672	9.55025
7674	9.55108
7676	9.55136
7678	9.55062
7680	9.55237
7682	9.553
7684	9.55142
7686	9.55252
7688	9.55189
7690	9.55194
7692	9.55195
7694	9.55087
7696	9.55142
7698	9.55154
7700	9.55226
7702	9.55336
7704	9.55255
7706	9.55381
7708	9.5544
7710	9.55186
7712	9.55253
7714	9.55249
7716	9.55238
7718	9.5535
7720	9.55239
7722	9.55242
7724	9.55155
7726	9.55165
7728	9.55235
7730	9.55139
7732	9.55128
7734	9.55245
7736	9.55184
7738	9.55364
7740	9.55245
7742	9.55207
7744	9.55306
7746	9.55341
7748	9.55502
7750	9.55445
7752	9.55353
7754	9.55423
7756	9.55269
7758	9.55372
7760	9.55421
7762	9.55253
7764	9.55367
7766	9.55191
7768	9.55148
7770	9.5532
7772	9.55247
7774	9.55218
7776	9.55305
7778	9.55202
7780	9.55263
7782	9.55228
7784	9.55269
7786	9.55274
7788	9.55186
7790	9.5539
7792	9.55352
7794	9.55361
7796	9.55482
7798	9.55307
7800	9.55369
7802	9.55354
