time	cp
2	-0.00332
4	-0.00325
6	-0.00262
8	-0.00221
10	-0.00213
12	-0.00255
14	-0.00189
16	-0.00154
18	-0.0015
20	-8.69243E-4
22	-1.43883E-4
24	1.0476E-5
26	-0.00115
28	-9.45805E-4
30	-3.96446E-4
32	-2.60866E-5
34	-3.97727E-4
36	-4.83368E-4
38	-5.47008E-4
40	-0.00142
42	-1.4029E-4
44	0.00131
46	0.00275
48	0.00182
50	9.86148E-4
52	3.07507E-4
54	-1.57133E-4
56	-2.19774E-4
58	4.06585E-4
60	9.98945E-4
62	1.3304E-5
64	9.03663E-4
66	0.02441
68	0.09138
70	0.19049
72	0.31172
74	0.43953
76	0.56103
78	0.67701
80	0.78257
82	0.87688
84	0.95556
86	0.99543
88	0.98391
90	0.9342
92	0.865
94	0.78842
96	0.7096
98	0.6338
100	0.56243
102	0.49733
104	0.43862
106	0.38511
108	0.3378
110	0.29574
112	0.25904
114	0.22721
116	0.19977
118	0.17505
120	0.15485
122	0.13689
124	0.12146
126	0.10822
128	0.09752
130	0.0874
132	0.07814
134	0.0702
136	0.0643
138	0.05883
140	0.0538
142	0.0497
144	0.04574
146	0.04192
148	0.03827
150	0.035
152	0.03276
154	0.03002
156	0.02789
158	0.0271
160	0.02544
162	0.02269
164	0.01937
166	0.01827
168	0.01743
170	0.01695
172	0.01681
174	0.01595
176	0.01365
178	0.01383
180	0.01449
182	0.01408
184	0.01287
186	0.01144
188	0.01114
190	0.00971
192	0.00815
194	0.00667
196	0.00578
198	0.0059
200	0.00661
202	0.00574
204	0.00529
206	0.005
208	0.00444
210	0.00456
212	0.0042
214	0.00447
216	0.00431
218	0.0035
220	0.00341
222	0.00335
224	0.00381
226	0.00358
228	0.00368
230	0.00324
232	0.00301
234	0.00325
236	0.00324
238	0.00373
240	0.00371
242	0.00339
244	0.00324
246	0.00154
248	6.87978E-4
250	-8.90941E-6
252	2.20327E-6
254	0.00148
256	0.00207
258	0.0017
260	0.00164
262	0.00265
264	0.00209
266	0.00101
268	-1.61895E-4
270	-7.52827E-4
272	2.78247E-4
274	2.45321E-4
276	-7.05604E-4
278	-1.15303E-5
280	9.73544E-4
282	0.0011
284	0.00232
286	0.00277
288	0.00401
290	0.02868
292	0.09382
294	0.19295
296	0.30985
298	0.42983
300	0.54592
302	0.65622
304	0.75501
306	0.84325
308	0.91519
310	0.95351
312	0.94697
314	0.90286
316	0.83951
318	0.7671
320	0.69348
322	0.6207
324	0.55305
326	0.49025
328	0.432
330	0.38118
332	0.33515
334	0.29371
336	0.25902
338	0.22778
340	0.1993
342	0.17489
344	0.15432
346	0.13735
348	0.12089
350	0.10783
352	0.09744
354	0.08781
356	0.07874
358	0.07063
360	0.06397
362	0.0573
364	0.05231
366	0.04805
368	0.04568
370	0.04234
372	0.0396
374	0.03706
376	0.03419
378	0.0309
380	0.02863
382	0.02658
384	0.02457
386	0.02239
388	0.02091
390	0.01862
392	0.01734
394	0.0153
396	0.0136
398	0.01164
400	0.01
402	0.0099
404	0.00979
406	0.00964
408	0.00824
410	0.00755
412	0.00769
414	0.00748
416	0.00636
418	0.00534
420	0.00476
422	0.00491
424	0.00557
426	0.0052
428	0.00456
430	0.0043
432	0.00364
434	0.00326
436	0.00306
438	0.00323
440	0.00322
442	0.00275
444	0.00313
446	0.00247
448	0.00247
450	0.00269
452	0.00279
454	0.00193
456	0.00124
458	0.00196
460	0.00177
462	7.85271E-4
464	0.00113
466	0.00116
468	9.42309E-4
470	0.00104
472	0.00123
474	0.00132
476	8.96361E-4
478	0.00101
480	0.00136
482	0.00123
484	6.51858E-4
486	4.92444E-4
488	-5.6097E-4
490	-7.19384E-4
492	5.23202E-4
494	8.77885E-5
496	2.20375E-4
498	-4.38039E-4
500	-9.68453E-4
502	-2.00867E-4
504	3.02719E-4
506	-2.02695E-4
508	3.94891E-4
510	-4.43754E-4
512	8.90071E-4
514	0.0232
516	0.08164
518	0.17307
520	0.28342
522	0.39771
524	0.50803
526	0.61363
528	0.70866
530	0.79257
532	0.86383
534	0.90333
536	0.90072
538	0.86131
540	0.80213
542	0.73584
544	0.66607
546	0.59746
548	0.53294
550	0.47269
552	0.41729
554	0.36713
556	0.32161
558	0.28374
560	0.25036
562	0.22068
564	0.19466
566	0.17192
568	0.15186
570	0.13571
572	0.12045
574	0.10723
576	0.09581
578	0.08567
580	0.07673
582	0.0693
584	0.06232
586	0.0562
588	0.0518
590	0.04691
592	0.04237
594	0.03972
596	0.03669
598	0.03233
600	0.02949
602	0.02834
604	0.02724
606	0.02536
608	0.02268
610	0.02094
612	0.01981
614	0.01779
616	0.01629
618	0.01523
620	0.01377
622	0.01318
624	0.01118
626	0.01156
628	0.01241
630	0.01095
632	0.00916
634	0.00862
636	0.00851
638	0.00733
640	0.00746
642	0.00787
644	0.00718
646	0.00562
648	0.00512
650	0.00466
652	0.00486
654	0.00467
656	0.00487
658	0.00548
660	0.00455
662	0.00396
664	0.00384
666	0.00379
668	0.00339
670	0.0029
672	0.00284
674	0.0014
676	0.00157
678	0.00243
680	0.00288
682	0.00268
684	0.0024
686	0.00205
688	0.00251
690	0.00262
692	0.00172
694	0.00149
696	0.00171
698	0.00136
700	5.19269E-4
702	0.0017
704	0.00136
706	0.00131
708	0.0016
710	0.00131
712	0.0015
714	0.00123
716	1.74327E-4
718	7.34587E-5
720	-8.39409E-4
722	-6.62277E-4
724	2.03297E-4
726	6.39564E-4
728	0.00103
730	8.24098E-4
732	3.77365E-4
734	0.00119
736	0.00144
738	0.01963
740	0.07039
742	0.15219
744	0.25374
746	0.36286
748	0.46827
750	0.56668
752	0.65621
754	0.73771
756	0.80701
758	0.84983
760	0.85232
762	0.81855
764	0.76446
766	0.7016
768	0.63649
770	0.5727
772	0.51099
774	0.45307
776	0.40082
778	0.35321
780	0.31035
782	0.27333
784	0.24167
786	0.21277
788	0.18814
790	0.16589
792	0.14543
794	0.12849
796	0.11345
798	0.10122
800	0.09124
802	0.08213
804	0.07453
806	0.06724
808	0.06103
810	0.05418
812	0.04898
814	0.04563
816	0.04164
818	0.03914
820	0.03636
822	0.03445
824	0.03138
826	0.02925
828	0.02691
830	0.02572
832	0.02401
834	0.02162
836	0.01987
838	0.01903
840	0.01693
842	0.01471
844	0.01405
846	0.01369
848	0.01286
850	0.01222
852	0.01277
854	0.01262
856	0.01122
858	0.01133
860	0.01072
862	0.00906
864	0.00832
866	0.00789
868	0.00697
870	0.00595
872	0.00532
874	0.00459
876	0.00495
878	0.00466
880	0.00404
882	0.00344
884	0.00392
886	0.00448
888	0.00513
890	0.00582
892	0.00496
894	0.00299
896	0.00287
898	0.00334
900	0.00303
902	0.0033
904	0.0031
906	0.00301
908	0.00313
910	0.00321
912	0.00243
914	0.0015
916	4.62332E-4
918	0.00127
920	0.00202
922	6.79548E-5
924	-0.00156
926	-0.00129
928	-0.00165
930	-3.73882E-4
932	3.29659E-4
934	0.00116
936	4.8074E-4
938	3.83065E-4
940	-5.32227E-4
942	-2.17519E-4
944	7.09189E-4
946	0.00148
948	4.71604E-4
950	4.46312E-4
952	1.7002E-4
954	3.62728E-4
956	2.98436E-4
958	0.00113
960	0.00149
962	0.01533
964	0.05681
966	0.13154
968	0.22601
970	0.32656
972	0.42658
974	0.51963
976	0.60414
978	0.68186
980	0.74926
982	0.794
984	0.80161
986	0.77287
988	0.72441
990	0.66739
992	0.6076
994	0.54718
996	0.48843
998	0.43399
1000	0.38339
1002	0.33845
1004	0.2989
1006	0.26413
1008	0.23339
1010	0.20534
1012	0.18184
1014	0.15948
1016	0.13948
1018	0.12515
1020	0.11205
1022	0.10029
1024	0.08925
1026	0.07921
1028	0.07006
1030	0.06346
1032	0.0576
1034	0.05324
1036	0.04759
1038	0.04239
1040	0.03817
1042	0.03554
1044	0.03274
1046	0.02992
1048	0.02729
1050	0.02561
1052	0.02354
1054	0.02228
1056	0.02126
1058	0.02
1060	0.01694
1062	0.01619
1064	0.01498
1066	0.01365
1068	0.01223
1070	0.01037
1072	0.00955
1074	0.00906
1076	0.00871
1078	0.00808
1080	0.00686
1082	0.00705
1084	0.00649
1086	0.00612
1088	0.00523
1090	0.00442
1092	0.00436
1094	0.00435
1096	0.00368
1098	0.0035
1100	0.0032
1102	0.00252
1104	0.00175
1106	0.00108
1108	0.00133
1110	8.65473E-4
1112	5.24083E-4
1114	3.60693E-4
1116	-8.63696E-4
1118	-0.00133
1120	-1.46476E-4
1122	-3.18653E-5
1124	-6.46736E-4
1126	3.01522E-5
1128	0.00143
1130	0.00191
1132	0.00204
1134	9.79706E-4
1136	2.94595E-4
1138	5.02483E-4
1140	4.21372E-4
1142	0.00116
1144	0.00127
1146	0.00104
1148	0.00123
1150	3.10646E-4
1152	0.001
1154	0.00116
1156	-1.78033E-4
1158	3.29741E-4
1160	0.00111
1162	0.00137
1164	9.49063E-4
1166	-2.35164E-4
1168	-3.0439E-4
1170	4.81384E-4
1172	3.31158E-4
1174	-4.91068E-4
1176	-3.49294E-4
1178	4.31827E-4
1180	1.36362E-4
1182	4.98979E-5
1184	6.93433E-4
1186	0.0123
1188	0.0466
1190	0.11132
1192	0.19796
1194	0.29025
1196	0.38166
1198	0.46937
1200	0.55004
1202	0.62211
1204	0.68553
1206	0.73243
1208	0.74666
1210	0.72446
1212	0.68221
1214	0.63034
1216	0.57378
1218	0.51905
1220	0.4657
1222	0.4151
1224	0.36847
1226	0.32634
1228	0.28835
1230	0.25391
1232	0.22395
1234	0.19814
1236	0.17461
1238	0.15387
1240	0.13608
1242	0.12074
1244	0.10748
1246	0.09492
1248	0.08486
1250	0.07615
1252	0.06906
1254	0.06173
1256	0.05532
1258	0.04998
1260	0.04517
1262	0.041
1264	0.03755
1266	0.03423
1268	0.0311
1270	0.02823
1272	0.02576
1274	0.02401
1276	0.02219
1278	0.02141
1280	0.02061
1282	0.01922
1284	0.01723
1286	0.01567
1288	0.01492
1290	0.01497
1292	0.01409
1294	0.01317
1296	0.01181
1298	0.01008
1300	0.00888
1302	0.00798
1304	0.00737
1306	0.00768
1308	0.00754
1310	0.00662
1312	0.00602
1314	0.00524
1316	0.00534
1318	0.00567
1320	0.00485
1322	0.00494
1324	0.00472
1326	0.00388
1328	0.00427
1330	0.0035
1332	0.00316
1334	0.00308
1336	0.00222
1338	0.0015
1340	4.36146E-4
1342	1.23871E-5
1344	-2.23371E-4
1346	-0.00114
1348	-3.86889E-4
1350	6.26353E-4
1352	2.03594E-4
1354	-4.59164E-4
1356	-0.00115
1358	-0.00177
1360	-0.00133
1362	-0.00178
1364	-0.00113
1366	-5.89939E-4
1368	-4.45616E-4
1370	1.53706E-4
1372	6.55028E-4
1374	-1.64908E-6
1376	-7.03267E-5
1378	-5.91004E-4
1380	-0.00108
1382	4.36406E-5
1384	0.00109
1386	9.07285E-4
1388	9.55608E-4
1390	6.5093E-4
1392	3.28299E-4
1394	-4.35043E-4
1396	-5.35386E-4
1398	7.83272E-4
1400	0.00138
1402	-1.13413E-4
1404	-2.74756E-4
1406	-9.89098E-4
1408	-2.99441E-4
1410	0.01241
1412	0.04813
1414	0.10876
1416	0.18837
1418	0.27356
1420	0.35798
1422	0.43668
1424	0.50838
1426	0.57292
1428	0.6289
1430	0.67061
1432	0.68324
1434	0.66429
1436	0.6256
1438	0.5776
1440	0.52598
1442	0.47456
1444	0.42459
1446	0.3775
1448	0.33451
1450	0.29541
1452	0.26037
1454	0.22964
1456	0.20196
1458	0.17725
1460	0.15627
1462	0.13834
1464	0.12167
1466	0.10622
1468	0.09374
1470	0.08352
1472	0.0728
1474	0.06425
1476	0.05718
1478	0.05104
1480	0.04509
1482	0.03962
1484	0.03508
1486	0.03136
1488	0.02899
1490	0.02654
1492	0.02475
1494	0.02224
1496	0.01983
1498	0.01806
1500	0.01709
1502	0.01407
1504	0.01242
1506	0.01103
1508	0.00962
1510	0.00832
1512	0.00786
1514	0.00733
1516	0.00627
1518	0.00436
1520	0.00395
1522	0.00368
1524	0.00301
1526	0.00275
1528	0.00211
1530	9.59754E-4
1532	0.00148
1534	4.09149E-4
1536	2.28847E-4
1538	-5.09456E-4
1540	-1.48758E-4
1542	-0.00132
1544	-0.00192
1546	-0.00198
1548	-0.00171
1550	-0.00214
1552	-0.00289
1554	-0.00317
1556	-0.00225
1558	-0.00278
1560	-0.00349
1562	-0.00381
1564	-0.00391
1566	-0.00404
1568	-0.00362
1570	-0.00384
1572	-0.00391
1574	-0.00387
1576	-0.00382
1578	-0.00357
1580	-0.00386
1582	-0.00396
1584	-0.00393
1586	-0.0039
1588	-0.00339
1590	-0.00258
1592	-0.00242
1594	-0.00169
1596	-0.0024
1598	-0.00207
1600	-0.00217
1602	-0.00261
1604	-0.00246
1606	-0.00275
1608	-0.00186
1610	-5.78938E-4
1612	-6.89303E-4
1614	1.70332E-4
1616	2.86966E-4
1618	1.63601E-4
1620	1.56236E-4
1622	-0.00112
1624	-0.00269
1626	-0.00302
1628	-0.00243
1630	-0.00239
1632	-0.002
1634	0.00776
1636	0.03433
1638	0.08358
1640	0.15313
1642	0.23005
1644	0.30639
1646	0.37768
1648	0.44251
1650	0.50197
1652	0.55224
1654	0.59416
1656	0.61422
1658	0.60233
1660	0.57047
1662	0.53009
1664	0.48459
1666	0.43811
1668	0.39374
1670	0.3522
1672	0.31408
1674	0.27822
1676	0.24715
1678	0.21913
1680	0.19367
1682	0.17137
1684	0.15121
1686	0.13368
1688	0.11808
1690	0.10458
1692	0.09331
1694	0.08247
1696	0.07405
1698	0.06714
1700	0.0615
1702	0.05634
1704	0.05037
1706	0.04635
1708	0.0428
1710	0.03871
1712	0.03562
1714	0.0313
1716	0.02771
1718	0.0251
1720	0.02237
1722	0.0205
1724	0.0195
1726	0.0181
1728	0.01612
1730	0.01411
1732	0.01448
1734	0.01376
1736	0.0132
1738	0.01195
1740	0.01074
1742	0.0098
1744	0.00891
1746	0.00871
1748	0.00891
1750	0.00849
1752	0.00701
1754	0.0069
1756	0.00541
1758	0.00542
1760	0.00465
1762	0.00466
1764	0.00462
1766	0.00487
1768	0.00302
1770	0.00343
1772	0.00305
1774	0.00351
1776	0.00371
1778	0.00312
1780	0.00285
1782	0.00277
1784	0.00281
1786	0.00183
1788	0.00162
1790	0.00175
1792	3.42169E-4
1794	4.6469E-4
1796	0.00147
1798	0.00192
1800	0.00169
1802	9.12773E-4
1804	-8.47066E-5
1806	-9.21186E-4
1808	-0.00105
1810	-0.00151
1812	-0.00154
1814	-0.00123
1816	-6.95822E-5
1818	8.56031E-5
1820	7.03452E-4
1822	9.18302E-4
1824	0.00115
1826	1.85E-4
1828	4.3685E-4
1830	0.00179
1832	0.00159
1834	4.13976E-5
1836	2.41247E-4
1838	3.64096E-4
1840	-9.00545E-5
1842	-0.00119
1844	-0.0017
1846	-0.00155
1848	-0.00152
1850	-0.00141
1852	-0.00204
1854	-0.00162
1856	-8.2298E-4
1858	0.0073
1860	0.02764
1862	0.0668
1864	0.12546
1866	0.19218
1868	0.25931
1870	0.32248
1872	0.38011
1874	0.43017
1876	0.4758
1878	0.51868
1880	0.54458
1882	0.54003
1884	0.51484
1886	0.48149
1888	0.44276
1890	0.40311
1892	0.36376
1894	0.32633
1896	0.29139
1898	0.25832
1900	0.22837
1902	0.20263
1904	0.17914
1906	0.15811
1908	0.1404
1910	0.12492
1912	0.11018
1914	0.09743
1916	0.08805
1918	0.07947
1920	0.07151
1922	0.06493
1924	0.05821
1926	0.05268
1928	0.04825
1930	0.04452
1932	0.04082
1934	0.03627
1936	0.03312
1938	0.03078
1940	0.02629
1942	0.02419
1944	0.02249
1946	0.0207
1948	0.02021
1950	0.01785
1952	0.01691
1954	0.01694
1956	0.01534
1958	0.01471
1960	0.01383
1962	0.01237
1964	0.01221
1966	0.01051
1968	0.00874
1970	0.00839
1972	0.00723
1974	0.00705
1976	0.00657
1978	0.00654
1980	0.00572
1982	0.00611
1984	0.0062
1986	0.00617
1988	0.00574
1990	0.00546
1992	0.00521
1994	0.00534
1996	0.005
1998	0.00393
2000	0.00373
2002	0.00314
2004	0.00329
2006	0.0043
2008	0.00477
2010	0.00383
2012	0.0025
2014	0.00155
2016	5.27627E-4
2018	-5.01121E-4
2020	-0.00138
2022	-0.00169
2024	-6.59364E-4
2026	9.28883E-5
2028	4.99141E-4
2030	-2.25607E-4
2032	-9.59211E-4
2034	-0.00139
2036	-9.49231E-4
2038	7.32259E-4
2040	0.00153
2042	8.00239E-4
2044	2.8729E-5
2046	-2.78089E-6
2048	4.77709E-4
2050	9.36199E-4
2052	7.05689E-4
2054	0.00103
2056	9.03669E-4
2058	0.00107
2060	3.08395E-4
2062	6.46425E-4
2064	-4.61545E-4
2066	-4.86516E-4
2068	3.34514E-4
2070	0.00105
2072	0.00125
2074	5.05604E-4
2076	9.95633E-4
2078	2.98663E-4
2080	3.05693E-4
2082	0.00574
2084	0.01856
2086	0.04842
2088	0.09797
2090	0.15424
2092	0.21211
2094	0.26671
2096	0.3167
2098	0.36189
2100	0.40414
2102	0.44676
2104	0.47548
2106	0.47635
2108	0.45893
2110	0.43082
2112	0.39843
2114	0.36359
2116	0.32933
2118	0.29538
2120	0.26413
2122	0.2348
2124	0.20805
2126	0.18426
2128	0.16271
2130	0.14384
2132	0.12729
2134	0.1135
2136	0.10126
2138	0.08912
2140	0.07904
2142	0.07098
2144	0.06424
2146	0.05861
2148	0.05333
2150	0.04721
2152	0.04243
2154	0.03862
2156	0.03562
2158	0.03178
2160	0.02907
2162	0.02613
2164	0.0237
2166	0.0216
2168	0.02056
2170	0.01857
2172	0.01625
2174	0.01589
2176	0.01534
2178	0.01432
2180	0.01193
2182	0.01084
2184	0.00922
2186	0.00818
2188	0.0074
2190	0.00659
2192	0.00666
2194	0.00618
2196	0.00566
2198	0.00446
2200	0.00564
2202	0.00484
2204	0.00493
2206	0.00583
2208	0.00565
2210	0.00492
2212	0.00511
2214	0.0053
2216	0.00499
2218	0.00471
2220	0.00482
2222	0.00492
2224	0.00471
2226	0.00432
2228	0.00374
2230	0.00315
2232	0.00264
2234	0.00302
2236	0.00403
2238	0.00389
2240	0.00284
2242	0.00283
2244	0.00196
2246	0.00157
2248	0.00218
2250	0.00255
2252	0.00207
2254	8.9434E-4
2256	5.05176E-4
2258	-5.41987E-4
2260	-5.9915E-4
2262	5.96686E-4
2264	0.00111
2266	0.00132
2268	0.00122
2270	4.17033E-4
2272	-5.72507E-4
2274	-5.59311E-4
2276	-2.78115E-4
2278	-4.50919E-4
2280	-6.27231E-5
2282	6.51473E-4
2284	8.73669E-4
2286	-1.69135E-4
2288	-6.49939E-4
2290	2.99257E-4
2292	0.0012
2294	0.001
2296	1.55845E-4
2298	1.74545E-4
2300	7.80391E-4
2302	0.00182
2304	0.00159
2306	0.00528
2308	0.01168
2310	0.03158
2312	0.07127
2314	0.11767
2316	0.16691
2318	0.21545
2320	0.25941
2322	0.29908
2324	0.33588
2326	0.37677
2328	0.40961
2330	0.41647
2332	0.40481
2334	0.38367
2336	0.35583
2338	0.32544
2340	0.29539
2342	0.26645
2344	0.23922
2346	0.21437
2348	0.1907
2350	0.16903
2352	0.14942
2354	0.13183
2356	0.11681
2358	0.10356
2360	0.09103
2362	0.08093
2364	0.07206
2366	0.06581
2368	0.05882
2370	0.05257
2372	0.04772
2374	0.04281
2376	0.03922
2378	0.03507
2380	0.03348
2382	0.02979
2384	0.02658
2386	0.0245
2388	0.02307
2390	0.02032
2392	0.01845
2394	0.01751
2396	0.01644
2398	0.01562
2400	0.0154
2402	0.01292
2404	0.01168
2406	0.0101
2408	0.00863
2410	0.00828
2412	0.00749
2414	0.00636
2416	0.0057
2418	0.00565
2420	0.00554
2422	0.00543
2424	0.00574
2426	0.0059
2428	0.0056
2430	0.00573
2432	0.00497
2434	0.00456
2436	0.00446
2438	0.00341
2440	0.00251
2442	0.0028
2444	0.00378
2446	0.00378
2448	0.00239
2450	0.00118
2452	6.93595E-4
2454	1.30581E-4
2456	1.86567E-4
2458	8.93217E-4
2460	5.77287E-4
2462	0.00135
2464	1.63428E-4
2466	-1.21501E-4
2468	-5.54431E-4
2470	-6.83602E-5
2472	7.4671E-4
2474	-2.00219E-4
2476	-4.08149E-4
2478	-0.00108
2480	-0.00148
2482	-0.00105
2484	-5.88667E-5
2486	-1.39921E-4
2488	4.91667E-4
2490	9.40255E-4
2492	2.08425E-5
2494	1.1543E-4
2496	8.61018E-4
2498	4.17606E-4
2500	7.41193E-4
2502	0.00186
2504	9.36369E-4
2506	-6.94044E-4
2508	-3.73456E-4
2510	8.28132E-4
2512	4.86099E-4
2514	-9.91468E-5
2516	-5.19392E-4
2518	-3.55638E-4
2520	-8.01884E-4
2522	-6.79129E-4
2524	5.20625E-4
2526	9.30379E-4
2528	0.00176
2530	0.00371
2532	0.005
2534	0.01775
2536	0.04876
2538	0.08778
2540	0.13001
2542	0.17159
2544	0.21082
2546	0.24553
2548	0.27812
2550	0.3189
2552	0.35601
2554	0.36841
2556	0.3624
2558	0.34512
2560	0.32194
2562	0.29699
2564	0.27159
2566	0.24581
2568	0.22159
2570	0.19952
2572	0.17881
2574	0.16027
2576	0.14285
2578	0.12767
2580	0.11364
2582	0.10049
2584	0.08915
2586	0.07966
2588	0.0706
2590	0.06373
2592	0.05777
2594	0.05155
2596	0.04614
2598	0.04225
2600	0.03873
2602	0.03452
2604	0.03109
2606	0.02957
2608	0.02717
2610	0.02526
2612	0.02376
2614	0.02099
2616	0.0176
2618	0.01607
2620	0.01474
2622	0.01366
2624	0.0125
2626	0.01141
2628	0.00981
2630	0.0096
2632	0.00972
2634	0.00992
2636	0.00935
2638	0.00811
2640	0.00691
2642	0.00691
2644	0.00623
2646	0.00527
2648	0.00548
2650	0.00453
2652	0.0034
2654	0.00306
2656	0.00265
2658	0.00348
2660	0.00421
2662	0.00363
2664	0.0038
2666	0.00248
2668	0.00133
2670	0.00191
2672	0.00203
2674	0.00171
2676	0.00233
2678	0.00191
2680	9.05251E-4
2682	3.52141E-4
2684	2.81031E-4
2686	0.00122
2688	0.00105
2690	8.16701E-4
2692	8.44591E-4
2694	6.69481E-4
2696	6.74371E-4
2698	1.70267E-4
2700	-5.30153E-4
2702	-3.68573E-4
2704	-5.23992E-4
2706	-7.42412E-4
2708	-7.98832E-4
2710	-5.30252E-4
2712	-0.00106
2714	-0.00139
2716	-3.94511E-4
2718	6.10692E-5
2720	-3.10351E-4
2722	2.3023E-4
2724	-4.91902E-5
2726	-7.50805E-5
2728	4.39122E-4
2730	0.00114
2732	5.67526E-4
2734	0.00116
2736	3.9793E-4
2738	-0.00125
2740	-7.24666E-4
2742	-4.56464E-4
2744	-7.83261E-4
2746	3.09407E-5
2748	1.05143E-4
2750	7.53345E-4
2752	8.09344E-4
2754	0.0017
2756	-8.51391E-4
2758	0.00487
2760	0.02671
2762	0.05943
2764	0.09697
2766	0.13308
2768	0.1659
2770	0.19857
2772	0.22768
2774	0.26474
2776	0.30448
2778	0.32302
2780	0.32134
2782	0.30865
2784	0.29118
2786	0.27053
2788	0.24852
2790	0.2255
2792	0.20404
2794	0.18314
2796	0.16397
2798	0.14709
2800	0.13156
2802	0.11649
2804	0.10189
2806	0.08971
2808	0.07939
2810	0.07003
2812	0.06337
2814	0.05779
2816	0.05131
2818	0.04465
2820	0.04108
2822	0.03731
2824	0.03308
2826	0.0305
2828	0.02837
2830	0.02673
2832	0.02397
2834	0.02083
2836	0.01923
2838	0.01768
2840	0.01558
2842	0.01497
2844	0.0139
2846	0.01238
2848	0.01108
2850	0.01008
2852	0.00847
2854	0.00836
2856	0.00721
2858	0.00643
2860	0.00676
2862	0.00687
2864	0.0065
2866	0.0053
2868	0.00535
2870	0.00492
2872	0.00425
2874	0.00329
2876	0.00292
2878	0.00321
2880	0.00348
2882	0.00306
2884	0.00239
2886	0.00213
2888	7.45702E-4
2890	-8.00735E-5
2892	-2.26849E-4
2894	-0.00106
2896	-0.00148
2898	-2.97176E-4
2900	-0.00205
2902	-0.00149
2904	-1.82503E-4
2906	-4.45279E-4
2908	-0.00165
2910	-5.88831E-4
2912	0.00106
2914	7.79618E-4
2916	6.93842E-4
2918	6.44067E-4
2920	8.92909E-5
2922	-3.85485E-4
2924	4.0674E-4
2926	-4.33036E-4
2928	-4.71812E-4
2930	-8.52588E-4
2932	-0.0013
2934	-9.90139E-4
2936	-4.52915E-4
2938	-1.9269E-4
2940	-4.71676E-4
2942	-5.17714E-4
2944	-3.31753E-4
2946	-2.87791E-4
2948	5.6517E-4
2950	2.16132E-4
2952	5.99094E-4
2954	9.11055E-4
2956	-1.04983E-4
2958	2.51979E-4
2960	8.69403E-5
2962	3.16902E-4
2964	3.27864E-4
2966	6.07922E-4
2968	-2.80692E-4
2970	-4.10306E-4
2972	2.1308E-4
2974	7.98466E-4
2976	5.81852E-4
2978	-1.28762E-4
2980	-0.00639
2982	-0.00697
2984	0.00948
2986	0.03551
2988	0.06544
2990	0.0962
2992	0.12672
2994	0.15398
2996	0.18197
2998	0.22031
3000	0.26077
3002	0.28151
3004	0.28337
3006	0.27559
3008	0.26229
3010	0.24472
3012	0.22519
3014	0.20554
3016	0.18805
3018	0.17015
3020	0.15238
3022	0.13636
3024	0.12175
3026	0.10881
3028	0.09728
3030	0.08582
3032	0.07537
3034	0.0668
3036	0.05895
3038	0.05271
3040	0.0477
3042	0.04304
3044	0.03828
3046	0.0335
3048	0.02933
3050	0.02543
3052	0.02307
3054	0.02204
3056	0.0204
3058	0.01846
3060	0.01652
3062	0.01518
3064	0.01429
3066	0.01197
3068	0.01101
3070	0.00994
3072	0.00857
3074	0.00823
3076	0.00893
3078	0.00841
3080	0.00725
3082	0.00663
3084	0.00642
3086	0.00611
3088	0.00593
3090	0.00436
3092	0.00426
3094	0.00488
3096	0.00445
3098	0.00386
3100	0.00329
3102	0.00173
3104	0.00115
3106	0.0018
3108	0.00302
3110	0.00217
3112	7.68888E-4
3114	0.00156
3116	0.00215
3118	0.00177
3120	2.01471E-4
3122	-7.82134E-4
3124	-9.47738E-4
3126	-0.0019
3128	-0.00152
3130	-0.0015
3132	-0.00128
3134	-0.00157
3136	-0.00122
3138	-7.48969E-4
3140	-9.65738E-5
3142	-2.81178E-4
3144	-7.99783E-4
3146	-0.00136
3148	-9.52992E-4
3150	-5.66596E-4
3152	-5.38088E-4
3154	5.02196E-4
3156	3.9648E-4
3158	-2.25237E-4
3160	-9.99528E-5
3162	-2.6669E-5
3164	-0.00173
3166	-0.0023
3168	-0.00219
3170	-0.00182
3172	-0.00163
3174	-0.00136
3176	-4.81683E-4
3178	1.68601E-4
3180	5.21861E-4
3182	6.14666E-4
3184	9.2147E-4
3186	6.16274E-4
3188	1.85079E-4
3190	-2.25117E-4
3192	4.68688E-4
3194	-2.00508E-4
3196	-3.97704E-4
3198	-6.17899E-4
3200	-8.16095E-4
3202	-0.00107
3204	-0.00801
3206	-0.0135
3208	-0.00306
3210	0.01791
3212	0.04312
3214	0.06945
3216	0.09684
3218	0.12233
3220	0.14563
3222	0.1795
3224	0.22162
3226	0.24585
3228	0.25193
3230	0.24654
3232	0.23553
3234	0.22165
3236	0.2058
3238	0.18872
3240	0.17014
3242	0.15436
3244	0.13843
3246	0.12435
3248	0.11214
3250	0.1011
3252	0.09011
3254	0.08003
3256	0.0716
3258	0.06444
3260	0.05755
3262	0.05142
3264	0.04554
3266	0.04106
3268	0.03597
3270	0.0313
3272	0.02772
3274	0.02587
3276	0.02431
3278	0.02157
3280	0.0202
3282	0.01904
3284	0.01747
3286	0.01526
3288	0.01502
3290	0.0138
3292	0.0122
3294	0.01042
3296	0.00996
3298	0.00829
3300	0.00728
3302	0.00685
3304	0.00741
3306	0.00561
3308	0.00451
3310	0.00339
3312	0.0019
3314	0.00213
3316	0.00253
3318	0.00235
3320	0.00236
3322	0.00242
3324	0.00209
3326	0.00318
3328	0.00277
3330	0.00137
3332	0.00151
3334	5.22083E-4
3336	7.17605E-4
3338	0.00107
3340	5.64649E-4
3342	6.44171E-4
3344	5.91693E-4
3346	6.48215E-4
3348	0.00204
3350	0.00269
3352	0.00265
3354	9.17304E-4
3356	-2.33174E-4
3358	-3.89652E-4
3360	-5.7313E-4
3362	3.87392E-4
3364	0.00111
3366	0.00137
3368	0.00119
3370	0.00166
3372	0.00173
3374	0.00123
3376	5.79236E-4
3378	6.27034E-5
3380	1.29171E-4
3382	-7.82362E-4
3384	-0.00118
3386	-8.61426E-4
3388	-4.30959E-4
3390	4.08509E-4
3392	4.97976E-4
3394	7.57421E-4
3396	0.00136
3398	9.12311E-4
3400	0.00125
3402	0.00132
3404	0.00113
3406	0.00157
3408	2.64536E-4
3410	-4.89019E-4
3412	-1.90574E-4
3414	-1.59128E-4
3416	3.46317E-4
3418	-3.81238E-4
3420	1.40942E-4
3422	0.00119
3424	4.76732E-4
3426	3.06265E-5
3428	-0.00842
3430	-0.01785
3432	-0.01395
3434	-2.52794E-4
3436	0.02035
3438	0.04352
3440	0.06693
3442	0.08844
3444	0.1094
3446	0.1412
3448	0.18365
3450	0.21065
3452	0.22065
3454	0.22048
3456	0.21406
3458	0.2029
3460	0.1892
3462	0.17478
3464	0.16035
3466	0.14554
3468	0.13138
3470	0.11761
3472	0.10557
3474	0.09507
3476	0.0849
3478	0.07604
3480	0.06808
3482	0.06102
3484	0.05444
3486	0.04968
3488	0.04492
3490	0.04143
3492	0.03779
3494	0.03257
3496	0.02871
3498	0.02639
3500	0.02467
3502	0.02283
3504	0.02013
3506	0.01803
3508	0.01634
3510	0.01529
3512	0.01439
3514	0.01349
3516	0.01207
3518	0.01112
3520	0.0105
3522	0.00951
3524	0.00841
3526	0.00729
3528	0.00699
3530	0.00657
3532	0.00599
3534	0.00495
3536	0.00502
3538	0.00546
3540	0.00519
3542	0.00533
3544	0.00475
3546	0.00423
3548	0.00392
3550	0.00211
3552	0.00251
3554	0.0018
3556	-1.74491E-4
3558	2.7779E-4
3560	8.3107E-4
3562	0.00115
3564	0.00129
3566	0.00247
3568	0.00328
3570	0.00243
3572	0.00189
3574	0.00243
3576	0.003
3578	0.00298
3580	0.00252
3582	0.00293
3584	0.00213
3586	0.00205
3588	0.00237
3590	0.002
3592	0.00256
3594	0.00231
3596	0.0022
3598	0.00306
3600	0.00334
3602	0.00209
3604	0.00184
3606	0.00219
3608	0.00211
3610	0.00173
3612	0.00113
3614	0.00176
3616	0.002
3618	0.00102
3620	0.00155
3622	0.00215
3624	0.00123
3626	0.00101
3628	3.52308E-4
3630	5.88351E-4
3632	9.90394E-4
3634	1.17479E-4
3636	-9.03957E-4
3638	-4.17394E-4
3640	7.2217E-4
3642	6.08734E-4
3644	9.06298E-4
3646	0.00154
3648	0.00228
3650	9.5499E-4
3652	-0.01056
3654	-0.02544
3656	-0.02603
3658	-0.01588
3660	4.97536E-4
3662	0.01948
3664	0.03832
3666	0.05594
3668	0.07359
3670	0.10303
3672	0.14714
3674	0.17837
3676	0.19101
3678	0.19305
3680	0.18903
3682	0.1804
3684	0.16919
3686	0.15738
3688	0.14382
3690	0.13052
3692	0.11829
3694	0.10706
3696	0.09678
3698	0.08718
3700	0.07863
3702	0.07051
3704	0.06227
3706	0.05625
3708	0.05075
3710	0.04577
3712	0.04129
3714	0.03707
3716	0.03268
3718	0.02951
3720	0.02649
3722	0.02393
3724	0.02208
3726	0.01943
3728	0.01857
3730	0.0165
3732	0.01511
3734	0.01487
3736	0.01236
3738	0.01088
3740	0.01064
3742	0.00967
3744	0.00927
3746	0.00943
3748	0.00991
3750	0.00924
3752	0.00835
3754	0.00842
3756	0.00841
3758	0.00742
3760	0.00654
3762	0.00583
3764	0.005
3766	0.00506
3768	0.00589
3770	0.00594
3772	0.00579
3774	0.00549
3776	0.0051
3778	0.00406
3780	0.00404
3782	0.00378
3784	0.00357
3786	0.00396
3788	0.00284
3790	0.00223
3792	0.00383
3794	0.00399
3796	0.00433
3798	0.00402
3800	0.00309
3802	0.00263
3804	0.00312
3806	0.00312
3808	0.0021
3810	0.00281
3812	0.00194
3814	0.00166
3816	0.00121
3818	0.00112
3820	0.00208
3822	0.00221
3824	0.00205
3826	0.0014
3828	0.00183
3830	0.00265
3832	0.00168
3834	0.00249
3836	0.00344
3838	0.00311
3840	0.00302
3842	0.00369
3844	0.00331
3846	0.00198
3848	0.00132
3850	8.69826E-4
3852	-4.5625E-5
3854	4.14924E-4
3856	1.65472E-4
3858	0.0014
3860	0.00142
3862	8.09118E-4
3864	6.56666E-4
3866	0.00105
3868	0.00147
3870	0.00297
3872	0.00374
3874	0.00197
3876	-0.01249
3878	-0.03128
3880	-0.03649
3882	-0.03174
3884	-0.02065
3886	-0.00675
3888	0.00886
3890	0.02203
3892	0.03401
3894	0.06325
3896	0.10807
3898	0.14208
3900	0.15912
3902	0.16469
3904	0.16336
3906	0.15681
3908	0.14845
3910	0.13865
3912	0.12898
3914	0.11884
3916	0.10797
3918	0.09851
3920	0.08932
3922	0.08019
3924	0.07101
3926	0.06197
3928	0.05452
3930	0.04947
3932	0.0448
3934	0.03945
3936	0.03575
3938	0.03262
3940	0.02919
3942	0.02667
3944	0.02455
3946	0.0221
3948	0.02022
3950	0.01888
3952	0.01757
3954	0.01638
3956	0.01492
3958	0.01324
3960	0.01212
3962	0.01169
3964	0.01061
3966	0.00943
3968	0.00918
3970	0.00791
3972	0.00636
3974	0.00613
3976	0.00654
3978	0.00589
3980	0.00399
3982	0.00392
3984	0.00417
3986	0.00439
3988	0.00398
3990	0.00327
3992	0.00269
3994	0.00191
3996	0.00248
3998	0.00278
4000	0.0023
4002	0.00121
4004	9.80891E-4
4006	0.00117
4008	0.00121
4010	8.49934E-4
4012	9.39948E-4
4014	6.31962E-4
4016	5.35976E-4
4018	0.00126
4020	0.00164
4022	0.00155
4024	0.0013
4026	0.00121
4028	0.00131
4030	0.00165
4032	3.42091E-4
4034	-1.68949E-5
4036	4.34119E-4
4038	9.91336E-5
4040	9.91479E-5
4042	4.42162E-4
4044	7.00177E-4
4046	8.59191E-4
4048	3.84205E-4
4050	-7.38781E-4
4052	-0.00118
4054	-6.98752E-4
4056	-4.25738E-4
4058	1.39277E-4
4060	3.12443E-4
4062	-5.87956E-4
4064	-9.48354E-4
4066	-5.83752E-4
4068	-8.11499E-5
4070	2.62452E-4
4072	6.72054E-4
4074	2.58656E-4
4076	1.37258E-4
4078	4.1086E-4
4080	8.60462E-4
4082	-3.69366E-5
4084	3.06665E-4
4086	0.00123
4088	0.0013
4090	6.02498E-4
4092	4.29563E-4
4094	6.65629E-4
4096	7.74695E-4
4098	2.21761E-4
4100	-0.01422
4102	-0.03679
4104	-0.04833
4106	-0.04822
4108	-0.04135
4110	-0.03123
4112	-0.01919
4114	-0.00798
4116	0.00238
4118	0.02737
4120	0.07223
4122	0.10836
4124	0.1285
4126	0.13839
4128	0.13968
4130	0.13744
4132	0.13198
4134	0.12407
4136	0.11525
4138	0.10603
4140	0.09687
4142	0.08802
4144	0.08025
4146	0.07337
4148	0.06511
4150	0.05745
4152	0.05169
4154	0.04583
4156	0.04116
4158	0.03685
4160	0.03267
4162	0.0295
4164	0.02613
4166	0.02259
4168	0.02111
4170	0.02006
4172	0.01906
4174	0.01624
4176	0.01506
4178	0.01426
4180	0.01291
4182	0.01068
4184	0.00886
4186	0.0088
4188	0.0083
4190	0.00753
4192	0.00756
4194	0.00678
4196	0.0061
4198	0.00594
4200	0.00618
4202	0.00556
4204	0.0048
4206	0.00397
4208	0.00418
4210	0.00379
4212	0.0039
4214	0.00316
4216	0.00345
4218	0.00217
4220	0.00133
4222	0.00144
4224	7.29095E-4
4226	7.96982E-4
4228	0.00105
4230	3.17547E-5
4232	4.76411E-5
4234	6.82528E-4
4236	0.00151
4238	0.00149
4240	0.00112
4242	0.00109
4244	0.00187
4246	0.00236
4248	0.00335
4250	0.00313
4252	0.00155
4254	9.24392E-4
4256	0.00144
4258	0.00169
4260	0.00152
4262	0.00218
4264	0.00288
4266	0.00162
4268	0.00204
4270	0.00223
4272	0.0016
4274	0.0016
4276	0.00143
4278	0.00139
4280	0.00173
4282	0.0019
4284	0.00312
4286	0.0033
4288	0.00278
4290	0.00239
4292	0.00184
4294	9.35178E-4
4296	-3.35336E-4
4298	-0.00117
4300	3.92101E-4
4302	3.53735E-4
4304	-1.26319E-5
4306	1.93002E-4
4308	1.71635E-4
4310	-7.00731E-4
4312	2.84902E-4
4314	0.00214
4316	0.00187
4318	0.00164
4320	0.00119
4322	2.0107E-4
4324	-0.01593
4326	-0.04339
4328	-0.05862
4330	-0.06279
4332	-0.06155
4334	-0.05554
4336	-0.05001
4338	-0.04286
4340	-0.03409
4342	-0.01137
4344	0.03408
4346	0.07189
4348	0.09469
4350	0.10641
4352	0.11207
4354	0.11254
4356	0.10894
4358	0.10387
4360	0.09821
4362	0.09154
4364	0.0839
4366	0.07621
4368	0.06938
4370	0.06253
4372	0.05617
4374	0.05026
4376	0.04529
4378	0.04101
4380	0.03749
4382	0.03449
4384	0.03175
4386	0.02851
4388	0.02538
4390	0.02273
4392	0.02083
4394	0.01885
4396	0.01663
4398	0.01499
4400	0.013
4402	0.01174
4404	0.00963
4406	0.00903
4408	0.00887
4410	0.0082
4412	0.00689
4414	0.00626
4416	0.00619
4418	0.00531
4420	0.0053
4422	0.00441
4424	0.00475
4426	0.00499
4428	0.00437
4430	0.00342
4432	0.00213
4434	0.00244
4436	0.00238
4438	0.00259
4440	0.00179
4442	0.00153
4444	9.13352E-4
4446	0.00117
4448	-7.80691E-6
4450	3.35114E-4
4452	-2.39654E-5
4454	-4.68045E-4
4456	-2.91239E-5
4458	7.01797E-4
4460	0.00122
4462	0.00114
4464	0.00133
4466	0.00207
4468	0.00243
4470	0.00265
4472	0.00154
4474	0.00109
4476	9.16084E-4
4478	0.00133
4480	8.03925E-4
4482	5.74846E-4
4484	6.92767E-4
4486	0.00106
4488	7.53862E-4
4490	0.00133
4492	0.00125
4494	4.59129E-4
4496	-6.40116E-4
4498	-2.6236E-4
4500	-3.65605E-4
4502	2.7615E-4
4504	0.00113
4506	0.00154
4508	5.03417E-4
4510	2.54172E-4
4512	7.89275E-5
4514	2.13168E-4
4516	-6.16539E-4
4518	-0.00127
4520	-4.78953E-4
4522	1.2934E-4
4524	-2.92367E-4
4526	-4.74074E-4
4528	3.45219E-4
4530	5.85512E-4
4532	8.48805E-4
4534	0.00142
4536	4.12391E-4
4538	-6.83162E-5
4540	-0.00114
4542	-0.00186
4544	-0.00107
4546	-0.00205
4548	-0.01815
4550	-0.04795
4552	-0.06898
4554	-0.07758
4556	-0.07936
4558	-0.07804
4560	-0.07432
4562	-0.07023
4564	-0.06486
4566	-0.04626
4568	-0.00102
4570	0.04078
4572	0.06751
4574	0.08372
4576	0.09196
4578	0.09473
4580	0.09396
4582	0.09085
4584	0.08688
4586	0.08139
4588	0.07551
4590	0.07146
4592	0.06608
4594	0.06103
4596	0.05396
4598	0.04794
4600	0.0428
4602	0.03761
4604	0.03407
4606	0.03152
4608	0.02783
4610	0.02443
4612	0.02139
4614	0.01844
4616	0.01643
4618	0.01458
4620	0.01311
4622	0.01216
4624	0.01141
4626	0.0101
4628	0.00891
4630	0.00749
4632	0.00696
4634	0.00564
4636	0.00544
4638	0.00532
4640	0.0048
4642	0.0049
4644	0.0046
4646	0.00424
4648	0.00439
4650	0.00487
4652	0.00491
4654	0.00526
4656	0.00441
4658	0.00346
4660	0.00266
4662	0.00295
4664	0.00405
4666	0.00266
4668	0.00159
4670	0.00176
4672	0.00185
4674	4.20846E-4
4676	-3.73415E-4
4678	-0.00191
4680	-0.00127
4682	-0.00152
4684	-0.00183
4686	-0.00227
4688	-0.00202
4690	-0.00262
4692	-0.00253
4694	-0.00213
4696	-9.93022E-4
4698	-0.00139
4700	-0.00201
4702	-0.00257
4704	-0.00212
4706	-0.00198
4708	-0.00221
4710	-0.00162
4712	-0.00159
4714	-0.00215
4716	-0.00131
4718	-0.0018
4720	-0.00149
4722	-0.00134
4724	-0.00145
4726	-0.00142
4728	-0.00172
4730	-8.37482E-4
4732	-6.6484E-4
4734	-4.74197E-4
4736	8.22446E-4
4738	0.00145
4740	0.0017
4742	0.00141
4744	7.06017E-4
4746	1.24659E-4
4748	3.45302E-4
4750	3.76945E-4
4752	-1.06413E-4
4754	-0.00104
4756	-0.00119
4758	-0.00179
4760	-0.00216
4762	-0.00128
4764	-9.84278E-4
4766	-2.46712E-4
4768	1.69854E-4
4770	-2.54579E-4
4772	-0.01559
4774	-0.04795
4776	-0.07364
4778	-0.08739
4780	-0.09591
4782	-0.0994
4784	-0.10135
4786	-0.10119
4788	-0.09874
4790	-0.08369
4792	-0.03877
4794	0.00643
4796	0.03658
4798	0.05602
4800	0.06827
4802	0.07423
4804	0.07663
4806	0.07644
4808	0.0743
4810	0.07037
4812	0.06659
4814	0.0627
4816	0.05797
4818	0.05297
4820	0.04767
4822	0.04296
4824	0.03912
4826	0.03537
4828	0.03054
4830	0.02784
4832	0.02551
4834	0.02348
4836	0.02162
4838	0.0203
4840	0.01813
4842	0.01658
4844	0.01625
4846	0.01539
4848	0.01412
4850	0.01211
4852	0.00988
4854	0.00899
4856	0.00811
4858	0.00685
4860	0.00645
4862	0.00763
4864	0.00724
4866	0.00727
4868	0.00687
4870	0.00643
4872	0.00611
4874	0.00578
4876	0.00495
4878	0.00498
4880	0.00588
4882	0.00612
4884	0.00621
4886	0.00457
4888	0.00363
4890	0.00369
4892	0.00365
4894	0.00352
4896	0.00307
4898	0.00316
4900	0.00291
4902	0.00273
4904	0.00227
4906	0.00293
4908	0.00285
4910	0.00322
4912	0.00349
4914	0.00268
4916	0.00278
4918	0.00329
4920	0.00273
4922	0.002
4924	0.00127
4926	9.4983E-4
4928	4.0526E-4
4930	2.68981E-6
4932	4.7612E-4
4934	0.00133
4936	0.003
4938	0.0022
4940	9.02839E-4
4942	0.00146
4944	8.84699E-4
4946	-2.49871E-4
4948	-4.17441E-4
4950	4.34989E-4
4952	7.52419E-4
4954	-2.36151E-4
4956	1.02279E-4
4958	4.52708E-4
4960	-3.33862E-4
4962	3.50568E-4
4964	3.52998E-4
4966	1.16428E-4
4968	-1.44686E-4
4970	1.10982E-4
4972	-2.2735E-4
4974	4.97318E-4
4976	7.63986E-4
4978	0.00121
4980	0.00144
4982	9.13989E-4
4984	8.35657E-4
4986	0.00125
4988	2.26993E-4
4990	5.63661E-4
4992	1.58329E-4
4994	-9.02609E-4
4996	-0.01931
4998	-0.05621
5000	-0.08598
5002	-0.10467
5004	-0.11573
5006	-0.12245
5008	-0.12743
5010	-0.13095
5012	-0.13253
5014	-0.11951
5016	-0.07312
5018	-0.02606
5020	0.00565
5022	0.0262
5024	0.04039
5026	0.04946
5028	0.0547
5030	0.05682
5032	0.05682
5034	0.05549
5036	0.05371
5038	0.05231
5040	0.04982
5042	0.04723
5044	0.04336
5046	0.03986
5048	0.03564
5050	0.03166
5052	0.02783
5054	0.02587
5056	0.02403
5058	0.02113
5060	0.0187
5062	0.01569
5064	0.01375
5066	0.0115
5068	0.01138
5070	0.01047
5072	0.0085
5074	0.00724
5076	0.00738
5078	0.00688
5080	0.00639
5082	0.00529
5084	0.00394
5086	0.00299
5088	0.00302
5090	0.0028
5092	0.00264
5094	0.00313
5096	0.00309
5098	0.00246
5100	0.0018
5102	0.00101
5104	0.00133
5106	9.34349E-4
5108	-6.21429E-5
5110	-4.84635E-4
5112	5.88873E-4
5114	3.9538E-4
5116	7.72888E-4
5118	0.00158
5120	0.00113
5122	0.00131
5124	9.34919E-4
5126	-5.44573E-4
5128	-0.00121
5130	-0.00127
5132	-2.7505E-4
5134	-7.19542E-4
5136	-4.82035E-4
5138	-7.18527E-4
5140	-3.91019E-4
5142	3.90489E-4
5144	0.00107
5146	8.53504E-4
5148	5.12012E-4
5150	1.3052E-4
5152	2.54027E-4
5154	4.20535E-4
5156	-1.77957E-4
5158	-0.00145
5160	-0.00144
5162	-9.34434E-4
5164	-2.06926E-4
5166	-1.23418E-4
5168	1.39089E-4
5170	-9.0403E-5
5172	-3.66895E-4
5174	7.00613E-4
5176	8.0912E-4
5178	0.00103
5180	0.00107
5182	6.06511E-4
5184	1.4139E-4
5186	-5.73035E-6
5188	-1.87851E-4
5190	-4.41972E-4
5192	5.36908E-4
5194	7.63787E-4
5196	1.87667E-4
5198	0.00104
5200	4.43425E-4
5202	-1.66695E-4
5204	-4.4816E-5
5206	-3.06937E-4
5208	-2.62676E-4
5210	4.87872E-4
5212	3.34419E-4
5214	3.54967E-4
5216	1.37515E-4
5218	-4.13938E-4
5220	-0.01584
5222	-0.05581
5224	-0.0925
5226	-0.11687
5228	-0.13196
5230	-0.14312
5232	-0.15348
5234	-0.15962
5236	-0.16346
5238	-0.15466
5240	-0.11221
5242	-0.06405
5244	-0.02825
5246	-0.00195
5248	0.01541
5250	0.02796
5252	0.03611
5254	0.04091
5256	0.04355
5258	0.04416
5260	0.04317
5262	0.0419
5264	0.03864
5266	0.03644
5268	0.03451
5270	0.031
5272	0.02786
5274	0.0251
5276	0.02301
5278	0.02025
5280	0.01723
5282	0.01582
5284	0.01428
5286	0.01262
5288	0.0112
5290	0.00919
5292	0.00926
5294	0.00885
5296	0.00778
5298	0.00762
5300	0.00783
5302	0.00718
5304	0.00712
5306	0.0065
5308	0.00518
5310	0.00389
5312	0.00393
5314	0.0033
5316	0.00241
5318	0.0027
5320	0.00198
5322	0.00134
5324	0.002
5326	0.002
5328	0.00151
5330	0.00103
5332	0.00103
5334	5.80072E-4
5336	5.72298E-4
5338	7.89524E-4
5340	3.2075E-4
5342	-2.18024E-4
5344	-6.37976E-5
5346	1.29429E-4
5348	5.98655E-4
5350	0.00144
5352	8.21107E-4
5354	-3.45667E-4
5356	-0.001
5358	-7.53215E-4
5360	-7.90989E-4
5362	-7.45763E-4
5364	-0.0014
5366	-0.00177
5368	-9.81085E-4
5370	-5.28859E-4
5372	-7.76633E-4
5374	-3.77407E-4
5376	3.24819E-4
5378	2.08045E-4
5380	-0.00126
5382	-0.00182
5384	-0.0012
5386	-4.2005E-4
5388	-4.09824E-4
5390	-1.35982E-5
5392	2.22628E-4
5394	7.1606E-4
5396	0.00149
5398	6.94737E-4
5400	2.95076E-4
5402	-1.69586E-4
5404	-9.42471E-5
5406	-0.0012
5408	-0.00135
5410	-0.00198
5412	-0.00187
5414	-0.00179
5416	-8.15216E-4
5418	2.43122E-4
5420	1.81461E-4
5422	1.57891E-4
5424	4.71661E-5
5426	4.58441E-4
5428	5.54717E-4
5430	1.56992E-4
5432	-1.20733E-4
5434	-7.69458E-4
5436	-8.87182E-4
5438	-0.00199
5440	-0.00224
5442	-0.00228
5444	-0.0191
5446	-0.06156
5448	-0.10151
5450	-0.13008
5452	-0.15093
5454	-0.16563
5456	-0.17652
5458	-0.18527
5460	-0.19157
5462	-0.18317
5464	-0.14009
5466	-0.09064
5468	-0.05156
5470	-0.02459
5472	-0.00532
5474	0.00974
5476	0.01999
5478	0.02639
5480	0.02986
5482	0.03196
5484	0.03259
5486	0.03262
5488	0.03215
5490	0.03106
5492	0.02867
5494	0.02723
5496	0.02639
5498	0.02354
5500	0.02111
5502	0.01895
5504	0.01753
5506	0.01588
5508	0.01451
5510	0.01248
5512	0.00986
5514	0.00842
5516	0.00828
5518	0.00747
5520	0.00599
5522	0.00664
5524	0.00674
5526	0.00681
5528	0.00605
5530	0.00563
5532	0.00495
5534	0.00493
5536	0.00535
5538	0.00432
5540	0.00342
5542	0.00248
5544	0.00186
5546	0.00167
5548	0.00139
5550	0.00159
5552	0.00198
5554	0.00171
5556	0.00178
5558	4.03188E-4
5560	1.48324E-4
5562	3.15461E-4
5564	2.51598E-4
5566	1.54734E-4
5568	-8.82129E-4
5570	-1.95993E-4
5572	3.27144E-4
5574	3.81281E-4
5576	-8.38583E-4
5578	-8.16446E-4
5580	6.42691E-4
5582	0.00166
5584	6.44964E-4
5586	5.751E-4
5588	0.00121
5590	0.00201
5592	0.00231
5594	0.00235
5596	0.002
5598	0.00165
5600	0.00106
5602	3.55193E-4
5604	3.0233E-4
5606	-1.97534E-4
5608	5.93528E-4
5610	6.42625E-5
5612	-2.61003E-4
5614	-3.20269E-4
5616	1.96465E-4
5618	-1.76801E-4
5620	-5.00067E-4
5622	8.74667E-4
5624	4.55401E-4
5626	0.00107
5628	7.40869E-4
5630	4.44603E-4
5632	-7.09663E-4
5634	-1.03929E-4
5636	0.00144
5638	0.00125
5640	7.86387E-4
5642	0.00127
5644	7.4783E-4
5646	-9.44819E-6
5648	-2.27265E-5
5650	4.53995E-4
5652	1.53717E-4
5654	2.24439E-4
5656	4.1116E-4
5658	6.29882E-4
5660	9.38604E-4
5662	3.76793E-4
5664	-5.47381E-4
5666	-9.87554E-4
5668	-0.01959
5670	-0.06488
5672	-0.10774
5674	-0.14073
5676	-0.16602
5678	-0.18536
5680	-0.20052
5682	-0.2117
5684	-0.22384
5686	-0.22115
5688	-0.1788
5690	-0.12669
5692	-0.08592
5694	-0.05442
5696	-0.03135
5698	-0.0142
5700	-0.00181
5702	0.00722
5704	0.01407
5706	0.0185
5708	0.02098
5710	0.02087
5712	0.0213
5714	0.02136
5716	0.02156
5718	0.02042
5720	0.01934
5722	0.01835
5724	0.01749
5726	0.01525
5728	0.01423
5730	0.01322
5732	0.01265
5734	0.01156
5736	0.0104
5738	0.00742
5740	0.00498
5742	0.00527
5744	0.00543
5746	0.00478
5748	0.00363
5750	0.00321
5752	0.00198
5754	0.0013
5756	9.18012E-4
5758	0.00107
5760	9.66866E-4
5762	9.6793E-5
5764	2.7772E-4
5766	2.90647E-4
5768	0.00157
5770	0.00225
5772	0.00138
5774	8.20355E-4
5776	0.00137
5778	9.48209E-4
5780	0.00148
5782	0.0019
5784	0.00118
5786	3.96917E-4
5788	-4.07156E-4
5790	-1.67228E-4
5792	-1.61301E-4
5794	-7.37441E-6
5796	3.48553E-4
5798	0.0013
5800	0.00246
5802	0.00213
5804	7.62261E-4
5806	4.37188E-4
5808	0.00178
5810	0.00152
5812	0.00158
5814	7.81896E-4
5816	4.01823E-4
5818	-4.2425E-4
5820	-5.27323E-4
5822	-0.00106
5824	-0.00109
5826	-0.00104
5828	2.89371E-4
5830	5.90974E-4
5832	4.48577E-4
5834	-7.80819E-4
5836	-2.34216E-4
5838	-2.6613E-5
5840	3.2799E-4
5842	1.03593E-4
5844	1.64197E-4
5846	5.188E-4
5848	0.00134
5850	0.00189
5852	0.00197
5854	0.00186
5856	0.00216
5858	0.00237
5860	0.00174
5862	8.91045E-4
5864	-5.25354E-5
5866	-3.12115E-4
5868	8.83047E-5
5870	-1.60275E-4
5872	-4.09855E-4
5874	-1.59435E-4
5876	6.70988E-4
5878	0.00139
5880	0.00183
5882	0.00123
5884	8.78554E-4
5886	0.00128
5888	7.22837E-4
5890	1.26978E-4
5892	-0.01686
5894	-0.06294
5896	-0.11084
5898	-0.1486
5900	-0.1791
5902	-0.20361
5904	-0.22274
5906	-0.23991
5908	-0.2528
5910	-0.25227
5912	-0.21246
5914	-0.15846
5916	-0.11571
5918	-0.08179
5920	-0.05575
5922	-0.03549
5924	-0.0193
5926	-0.00729
5928	7.25169E-4
5930	0.0075
5932	0.01121
5934	0.01376
5936	0.01538
5938	0.01651
5940	0.01627
5942	0.01503
5944	0.01516
5946	0.01371
5948	0.01339
5950	0.01198
5952	0.01111
5954	0.01097
5956	0.00926
5958	0.00732
5960	0.00596
5962	0.0056
5964	0.00562
5966	0.00444
5968	0.00413
5970	0.00285
5972	0.00214
5974	0.00198
5976	0.00112
5978	9.54526E-4
5980	0.00218
5982	0.00166
5984	0.00111
5986	0.00175
5988	0.00182
5990	0.00189
5992	0.00119
5994	0.00161
5996	0.00155
5998	0.0014
6000	4.42963E-4
6002	5.76386E-5
6004	-9.52685E-4
6006	-0.0013
6008	-0.00212
6010	-0.00343
6012	-0.00238
6014	0.00156
6016	0.00228
6018	6.59047E-4
6020	3.18723E-4
6022	-3.88601E-4
6024	2.25075E-4
6026	0.00193
6028	0.00232
6030	0.00205
6032	0.00277
6034	0.0027
6036	0.00336
6038	0.00305
6040	0.00264
6042	0.00185
6044	0.00185
6046	6.38729E-4
6048	-7.52083E-4
6050	-5.51895E-4
6052	-4.72707E-4
6054	2.13481E-4
6056	1.21669E-4
6058	3.86857E-4
6060	9.36044E-4
6062	6.80836E-4
6064	0.00114
6066	0.0015
6068	0.00177
6070	0.00144
6072	0.00205
6074	0.00265
6076	0.00212
6078	0.002
6080	0.00206
6082	0.00165
6084	4.56563E-4
6086	3.31811E-4
6088	-2.82992E-4
6090	1.13722E-4
6092	3.58436E-4
6094	-7.26849E-4
6096	1.05865E-4
6098	5.58579E-4
6100	4.05293E-4
6102	8.68008E-4
6104	6.97722E-4
6106	0.00152
6108	7.3715E-4
6110	0.00115
6112	0.00185
6114	9.55293E-4
6116	-0.01568
6118	-0.06555
6120	-0.11939
6122	-0.16239
6124	-0.19548
6126	-0.2233
6128	-0.24767
6130	-0.268
6132	-0.28444
6134	-0.28718
6136	-0.24782
6138	-0.19075
6140	-0.14382
6142	-0.10595
6144	-0.07628
6146	-0.05261
6148	-0.03423
6150	-0.01992
6152	-0.00941
6154	-0.00136
6156	0.00444
6158	0.00885
6160	0.0107
6162	0.01107
6164	0.01128
6166	0.01142
6168	0.01147
6170	0.01212
6172	0.01181
6174	0.01068
6176	0.00938
6178	0.00836
6180	0.0076
6182	0.00594
6184	0.00479
6186	0.00408
6188	0.00429
6190	0.00413
6192	0.00482
6194	0.00461
6196	0.00294
6198	0.00228
6200	0.00191
6202	9.96095E-4
6204	5.59223E-4
6206	0.0012
6208	0.00197
6210	0.00199
6212	0.00215
6214	0.00132
6216	0.00143
6218	0.00224
6220	0.00266
6222	0.00234
6224	0.00172
6226	0.00154
6228	0.00157
6230	0.00172
6232	0.00203
6234	0.00216
6236	7.24271E-4
6238	4.63399E-4
6240	1.05527E-4
6242	-2.43345E-4
6244	-3.09217E-4
6246	-7.7089E-5
6248	8.48039E-4
6250	0.001
6252	0.00117
6254	5.30423E-4
6256	2.72551E-4
6258	6.04679E-4
6260	4.70807E-4
6262	2.07935E-4
6264	7.14063E-4
6266	2.82191E-4
6268	-6.49681E-4
6270	-0.00111
6272	-0.00113
6274	-0.00159
6276	-6.82169E-4
6278	5.07959E-4
6280	-4.99127E-5
6282	0.00115
6284	0.00206
6286	0.00223
6288	0.00153
6290	3.75727E-4
6292	8.43855E-4
6294	0.0015
6296	0.00194
6298	0.00196
6300	0.00202
6302	4.54652E-4
6304	4.38675E-4
6306	0.00229
6308	0.00291
6310	0.00311
6312	0.00185
6314	0.00107
6316	0.00126
6318	-2.30164E-4
6320	-2.24141E-4
6322	-0.00101
6324	-7.45096E-4
6326	-8.81073E-4
6328	-0.00164
6330	-0.0011
6332	-4.95722E-4
6334	-3.5152E-4
6336	-1.82319E-4
6338	-5.80118E-4
6340	-0.01616
6342	-0.06816
6344	-0.12609
6346	-0.17358
6348	-0.21052
6350	-0.24217
6352	-0.26951
6354	-0.29225
6356	-0.31062
6358	-0.3166
6360	-0.27983
6362	-0.22071
6364	-0.16938
6366	-0.12966
6368	-0.09837
6370	-0.07261
6372	-0.05213
6374	-0.03578
6376	-0.02238
6378	-0.01113
6380	-0.00438
6382	0.00136
6384	0.00447
6386	0.00574
6388	0.00766
6390	0.00954
6392	0.01033
6394	0.01007
6396	0.00896
6398	0.00789
6400	0.00741
6402	0.00731
6404	0.00761
6406	0.0066
6408	0.00757
6410	0.00776
6412	0.00632
6414	0.00581
6416	0.00555
6418	0.00348
6420	0.00391
6422	0.00453
6424	0.00367
6426	0.00395
6428	0.00355
6430	0.00314
6432	0.00185
6434	0.00114
6436	-4.5582E-4
6438	-8.50278E-4
6440	3.08264E-4
6442	2.07806E-4
6444	1.04348E-4
6446	-6.71097E-5
6448	4.31432E-4
6450	8.94974E-4
6452	5.74516E-4
6454	4.08058E-4
6456	0.00127
6458	0.00134
6460	0.0011
6462	0.00144
6464	0.00121
6466	7.4731E-4
6468	5.41852E-4
6470	0.00109
6472	0.00207
6474	0.00216
6476	0.00183
6478	0.00217
6480	0.00223
6482	0.00186
6484	0.00156
6486	0.00149
6488	0.00179
6490	0.00219
6492	0.00244
6494	0.00236
6496	0.00256
6498	0.00202
6500	0.00191
6502	0.00149
6504	0.00207
6506	0.00166
6508	5.43691E-4
6510	7.34233E-4
6512	-4.72246E-5
6514	-4.70683E-4
6516	5.78734E-4
6518	0.00104
6520	6.28582E-4
6522	9.36006E-4
6524	0.00132
6526	0.00171
6528	6.51279E-4
6530	-1.67297E-4
6532	-1.96872E-4
6534	-0.00127
6536	-0.00127
6538	-7.116E-4
6540	4.14825E-4
6542	2.16673E-4
6544	1.71025E-4
6546	5.41376E-4
6548	1.33728E-4
6550	-3.37921E-4
6552	-1.9257E-4
6554	1.07782E-4
6556	-4.63867E-4
6558	5.66485E-4
6560	0.00137
6562	0.00104
6564	-0.01327
6566	-0.06406
6568	-0.12395
6570	-0.17718
6572	-0.22125
6574	-0.25811
6576	-0.28893
6578	-0.3155
6580	-0.33776
6582	-0.3486
6584	-0.31495
6586	-0.25629
6588	-0.20249
6590	-0.15856
6592	-0.1234
6594	-0.09566
6596	-0.07257
6598	-0.05499
6600	-0.03977
6602	-0.02715
6604	-0.01933
6606	-0.0118
6608	-0.00572
6610	-0.00127
6612	6.0286E-4
6614	0.00223
6616	0.00397
6618	0.00522
6620	0.00486
6622	0.00484
6624	0.00439
6626	0.00474
6628	0.00339
6630	0.00311
6632	0.00323
6634	0.00251
6636	0.00252
6638	0.00262
6640	0.00223
6642	0.00118
6644	9.43794E-4
6646	-1.42835E-4
6648	-1.87464E-4
6650	4.77907E-4
6652	9.11277E-4
6654	0.00142
6656	0.00233
6658	0.00313
6660	0.00253
6662	0.00162
6664	0.0012
6666	0.00135
6668	0.00137
6670	2.04615E-4
6672	-3.28014E-4
6674	-7.86643E-4
6676	1.93728E-4
6678	3.41099E-4
6680	0.00162
6682	0.00228
6684	0.00239
6686	0.00166
6688	0.00193
6690	0.00242
6692	0.00151
6694	0.00117
6696	0.0017
6698	0.00224
6700	0.00171
6702	0.00199
6704	0.00249
6706	0.00317
6708	0.00244
6710	0.00253
6712	0.00231
6714	-3.81225E-4
6716	1.75146E-4
6718	0.00136
6720	0.00268
6722	0.00233
6724	0.0021
6726	0.00223
6728	0.00211
6730	0.00153
6732	6.56498E-4
6734	0.00128
6736	0.00129
6738	0.00113
6740	8.10166E-4
6742	-6.61416E-4
6744	-0.00131
6746	-7.57582E-4
6748	-2.10165E-4
6750	6.88252E-4
6752	0.00141
6754	0.00147
6756	9.74867E-4
6758	-1.44894E-4
6760	-2.46544E-5
6762	2.05849E-5
6764	7.25824E-4
6766	-3.79936E-4
6768	7.18303E-4
6770	0.00129
6772	0.0022
6774	0.00124
6776	5.2326E-4
6778	-8.35002E-5
6780	1.34739E-4
6782	0.00102
