time	cp
2	-0.00215
4	-0.00218
6	3.14752E-4
8	2.11025E-4
10	-3.15702E-4
12	-1.44285E-5
14	3.63845E-4
16	6.99118E-4
18	0.0013
20	-1.32336E-4
22	8.65937E-4
24	0.00111
26	8.43483E-4
28	1.22756E-4
30	-3.12971E-4
32	4.73022E-5
34	6.42575E-4
36	8.78484E-5
38	-0.00104
40	-0.00187
42	-0.00185
44	-0.00205
46	-0.00246
48	-0.00232
50	-0.00125
52	-0.00125
54	-0.00159
56	-6.97421E-4
58	-4.16148E-4
60	1.63125E-4
62	-2.68602E-4
64	2.76714E-5
66	-0.02502
68	-0.34251
70	-1.06605
72	-1.7573
74	-2.23525
76	-2.55373
78	-2.81422
80	-3.04537
82	-3.29468
84	-3.5354
86	-3.56638
88	-3.0304
90	-2.23225
92	-1.43683
94	-0.72021
96	-0.10625
98	0.40634
100	0.82525
102	1.15207
104	1.39401
106	1.56159
108	1.66883
110	1.72712
112	1.7494
114	1.74382
116	1.71872
118	1.6761
120	1.61989
122	1.55552
124	1.48663
126	1.41467
128	1.34282
130	1.27259
132	1.20625
134	1.143
136	1.08177
138	1.02457
140	0.97112
142	0.92105
144	0.87476
146	0.83127
148	0.79104
150	0.75347
152	0.71861
154	0.68383
156	0.65205
158	0.62225
160	0.59301
162	0.56571
164	0.54028
166	0.51578
168	0.49217
170	0.47
172	0.44768
174	0.42684
176	0.40609
178	0.3875
180	0.37079
182	0.35465
184	0.33882
186	0.32297
188	0.30715
190	0.29192
192	0.27836
194	0.26536
196	0.25296
198	0.2418
200	0.23169
202	0.2207
204	0.21036
206	0.20054
208	0.19153
210	0.18144
212	0.1723
214	0.16361
216	0.15692
218	0.15004
220	0.1425
222	0.1358
224	0.12996
226	0.12393
228	0.11674
230	0.11148
232	0.10615
234	0.09941
236	0.09553
238	0.09043
240	0.08531
242	0.08147
244	0.07738
246	0.07413
248	0.07195
250	0.06729
252	0.06381
254	0.06104
256	0.05893
258	0.05745
260	0.05423
262	0.05199
264	0.04931
266	0.046
268	0.04377
270	0.04207
272	0.0401
274	0.03702
276	0.03463
278	0.03381
280	0.03321
282	0.0331
284	0.03236
286	0.03138
288	0.02983
290	0.02833
292	0.02672
294	0.02563
296	0.02445
298	0.02297
300	0.02181
302	0.02161
304	0.02015
306	0.01854
308	0.01678
310	0.01646
312	0.01598
314	0.01539
316	0.01479
318	0.01367
320	0.01232
322	0.01161
324	0.01204
326	0.01106
328	0.00899
330	0.00827
332	0.00836
334	0.00728
336	0.00622
338	0.00597
340	0.00581
342	0.0059
344	0.00602
346	0.00591
348	0.00439
350	0.00463
352	0.00416
354	0.00444
356	0.00428
358	0.00264
360	0.00311
362	0.00425
364	0.00391
366	0.0035
368	0.00324
370	0.00325
372	0.0018
374	6.40171E-4
376	0.00129
378	0.0022
380	0.00204
382	0.00211
384	0.00238
386	0.00365
388	0.00339
390	0.00262
392	9.35686E-4
394	0.00116
396	0.00126
398	4.28858E-4
400	4.81249E-4
402	9.76393E-5
404	-0.00101
406	-0.00129
408	-7.63189E-4
410	-0.03664
412	-0.44008
414	-1.31258
416	-2.24364
418	-3.05647
420	-3.75606
422	-4.38623
424	-4.9615
426	-5.49897
428	-5.9815
430	-6.21602
432	-5.81781
434	-5.07916
436	-4.27666
438	-3.50035
440	-2.78705
442	-2.15069
444	-1.59516
446	-1.12166
448	-0.72673
450	-0.40402
452	-0.1467
454	0.05616
456	0.21261
458	0.33163
460	0.42042
462	0.48334
464	0.52646
466	0.55122
468	0.56295
470	0.5653
472	0.56245
474	0.55399
476	0.5426
478	0.52769
480	0.51137
482	0.49356
484	0.47588
486	0.4582
488	0.4405
490	0.42352
492	0.40887
494	0.39278
496	0.37867
498	0.36494
500	0.35141
502	0.33972
504	0.32745
506	0.31386
508	0.30136
510	0.2894
512	0.27719
514	0.26624
516	0.25563
518	0.24487
520	0.2358
522	0.22651
524	0.21734
526	0.20856
528	0.19955
530	0.19073
532	0.18319
534	0.17485
536	0.16857
538	0.16194
540	0.15609
542	0.14958
544	0.14305
546	0.13795
548	0.13207
550	0.12587
552	0.12045
554	0.1146
556	0.10928
558	0.10431
560	0.09937
562	0.09433
564	0.08971
566	0.08678
568	0.08297
570	0.07785
572	0.07307
574	0.0705
576	0.06838
578	0.06439
580	0.06006
582	0.05634
584	0.05403
586	0.05175
588	0.05004
590	0.04884
592	0.04772
594	0.04617
596	0.04327
598	0.04209
600	0.0406
602	0.03835
604	0.0364
606	0.03576
608	0.0329
610	0.03186
612	0.03157
614	0.03049
616	0.02927
618	0.02801
620	0.0273
622	0.02616
624	0.02427
626	0.02389
628	0.02272
630	0.02066
632	0.01973
634	0.01984
636	0.01901
638	0.01828
640	0.01805
642	0.01754
644	0.01708
646	0.01519
648	0.01302
650	0.01332
652	0.01343
654	0.01238
656	0.01102
658	0.01108
660	0.01196
662	0.01127
664	0.01
666	0.00924
668	0.00935
670	0.00991
672	0.00951
674	0.01009
676	0.00923
678	0.00776
680	0.00631
682	0.00657
684	0.00628
686	0.00631
688	0.00627
690	0.00676
692	0.00611
694	0.00504
696	0.00422
698	0.00454
700	0.00509
702	0.00435
704	0.00288
706	0.00153
708	9.00662E-4
710	0.00152
712	0.00172
714	0.00154
716	0.00151
718	9.08981E-4
720	0.00162
722	9.66709E-4
724	2.00573E-4
726	1.56437E-4
728	6.83301E-4
730	4.17165E-4
732	2.02894E-6
734	1.55893E-4
736	1.41757E-4
738	1.87669E-4
740	0.00115
742	1.55195E-4
744	-3.77543E-4
746	-2.3228E-4
748	4.41982E-4
750	-7.33755E-4
752	-0.00129
754	-0.02687
756	-0.40987
758	-1.33968
760	-2.42587
762	-3.4646
764	-4.41611
766	-5.29095
768	-6.08412
770	-6.80053
772	-7.42971
774	-7.81247
776	-7.52553
778	-6.82621
780	-6.01839
782	-5.20872
784	-4.44296
786	-3.74348
788	-3.11733
790	-2.56847
792	-2.09591
794	-1.69453
796	-1.35809
798	-1.07831
800	-0.84741
802	-0.65865
804	-0.50473
806	-0.38068
808	-0.28209
810	-0.20464
812	-0.14455
814	-0.09824
816	-0.06172
818	-0.03408
820	-0.01314
822	0.00468
824	0.01818
826	0.02782
828	0.03614
830	0.04281
832	0.04783
834	0.0518
836	0.05486
838	0.05677
840	0.05914
842	0.06189
844	0.06196
846	0.0616
848	0.06217
850	0.06307
852	0.06245
854	0.06205
856	0.06061
858	0.05949
860	0.05812
862	0.05748
864	0.05779
866	0.05706
868	0.0558
870	0.05411
872	0.05188
874	0.05058
876	0.04904
878	0.04718
880	0.04623
882	0.04442
884	0.04262
886	0.04084
888	0.03907
890	0.03841
892	0.03661
894	0.03556
896	0.03387
898	0.03241
900	0.03121
902	0.03094
904	0.03046
906	0.02878
908	0.02681
910	0.024
912	0.02221
914	0.02138
916	0.02031
918	0.01966
920	0.01823
922	0.01658
924	0.01695
926	0.0172
928	0.01513
930	0.01339
932	0.0122
934	0.01173
936	0.01212
938	0.0123
940	0.01262
942	0.01262
944	0.01205
946	0.01145
948	0.01027
950	0.00908
952	0.00829
954	0.00776
956	0.00753
958	0.0071
960	0.00677
962	0.0061
964	0.00488
966	0.0038
968	0.00289
970	0.0034
972	0.00346
974	0.00299
976	0.00315
978	0.0046
980	0.0038
982	0.00404
984	0.00476
986	0.00436
988	0.00295
990	0.00225
992	0.00131
994	6.51174E-4
996	9.17287E-4
998	9.684E-4
1000	-2.48679E-6
1002	0.00121
1004	0.00226
1006	0.00241
1008	0.00137
1010	7.24079E-4
1012	4.85192E-4
1014	0.00136
1016	0.00244
1018	0.00224
1020	0.00184
1022	0.00175
1024	0.00123
1026	0.00248
1028	0.00302
1030	0.00302
1032	0.00228
1034	0.00209
1036	0.00246
1038	0.00291
1040	0.0026
1042	0.00116
1044	9.16123E-4
1046	3.56853E-4
1048	1.92582E-4
1050	7.52311E-4
1052	9.8004E-4
1054	6.07769E-4
1056	4.66498E-4
1058	-5.8773E-5
1060	3.04956E-4
1062	6.77685E-4
1064	5.14414E-4
1066	6.86451E-4
1068	4.96829E-4
1070	-3.66793E-4
1072	-6.47415E-4
1074	-3.60374E-5
1076	1.7934E-4
1078	-8.17282E-4
1080	-0.00105
1082	-0.00106
1084	-0.0021
1086	-5.8977E-4
1088	-9.93926E-5
1090	-0.0011
1092	-0.00115
1094	-9.30259E-4
1096	-0.00141
1098	-0.0193
1100	-0.35807
1102	-1.2904
1104	-2.45449
1106	-3.61424
1108	-4.68943
1110	-5.67629
1112	-6.56341
1114	-7.36344
1116	-8.06611
1118	-8.52085
1120	-8.29951
1122	-7.62603
1124	-6.82063
1126	-5.9996
1128	-5.21485
1130	-4.48985
1132	-3.83565
1134	-3.25692
1136	-2.7507
1138	-2.31469
1140	-1.94306
1142	-1.62708
1144	-1.36202
1146	-1.14097
1148	-0.95824
1150	-0.80647
1152	-0.68179
1154	-0.57858
1156	-0.49482
1158	-0.42542
1160	-0.3678
1162	-0.32148
1164	-0.28094
1166	-0.24678
1168	-0.21816
1170	-0.19477
1172	-0.17406
1174	-0.15671
1176	-0.1414
1178	-0.12699
1180	-0.11394
1182	-0.10318
1184	-0.09285
1186	-0.08562
1188	-0.07765
1190	-0.06992
1192	-0.06365
1194	-0.05778
1196	-0.05302
1198	-0.04668
1200	-0.04194
1202	-0.03779
1204	-0.03443
1206	-0.03227
1208	-0.03063
1210	-0.02806
1212	-0.02367
1214	-0.02025
1216	-0.01923
1218	-0.01831
1220	-0.01619
1222	-0.01453
1224	-0.01349
1226	-0.01168
1228	-0.01036
1230	-0.00982
1232	-0.00897
1234	-0.0082
1236	-0.00657
1238	-0.00655
1240	-0.00707
1242	-0.00733
1244	-0.00672
1246	-0.0074
1248	-0.00627
1250	-0.00556
1252	-0.00485
1254	-0.00441
1256	-0.00464
1258	-0.00339
1260	-0.00358
1262	-0.00309
1264	-0.00261
1266	-0.0039
1268	-0.00522
1270	-0.00505
1272	-0.00472
1274	-0.00374
1276	-0.00412
1278	-0.00382
1280	-0.00359
1282	-0.00478
1284	-0.0055
1286	-0.00612
1288	-0.00509
1290	-0.00521
1292	-0.00476
1294	-0.00423
1296	-0.0045
1298	-0.00527
1300	-0.00495
1302	-0.00376
1304	-0.0025
1306	-0.00269
1308	-0.00372
1310	-0.00465
1312	-0.00507
1314	-0.00392
1316	-0.0025
1318	-0.00211
1320	-0.00178
1322	-0.00293
1324	-0.00294
1326	-0.00285
1328	-0.00348
1330	-0.00407
1332	-0.00407
1334	-0.00435
1336	-0.00395
1338	-0.00337
1340	-0.00381
1342	-0.00415
1344	-0.00412
1346	-0.00462
1348	-0.00414
1350	-0.00387
1352	-0.00458
1354	-0.00402
1356	-0.00365
1358	-0.00382
1360	-0.00233
1362	-0.00206
1364	-0.00262
1366	-0.00189
1368	-0.00185
1370	-0.00264
1372	-0.00249
1374	-0.0034
1376	-0.00394
1378	-0.00462
1380	-0.00393
1382	-0.00454
1384	-0.00489
1386	-0.00463
1388	-0.00291
1390	-0.00299
1392	-0.0037
1394	-0.00306
1396	-0.00325
1398	-0.00303
1400	-0.00257
1402	-0.0026
1404	-0.0016
1406	-0.00118
1408	-0.00161
1410	-2.26784E-4
1412	8.36623E-4
1414	0.00316
1416	0.00274
1418	5.43844E-4
1420	2.89251E-4
1422	6.21658E-4
1424	-8.09348E-5
1426	-3.19528E-4
1428	-0.00148
1430	-0.00128
1432	-1.96307E-4
1434	-1.34045E-4
1436	-5.09547E-4
1438	-8.26049E-4
1440	-0.00229
1442	-0.02024
1444	-0.36007
1446	-1.31429
1448	-2.52224
1450	-3.73327
1452	-4.8631
1454	-5.8996
1456	-6.83411
1458	-7.66348
1460	-8.39474
1462	-8.89498
1464	-8.71666
1466	-8.04458
1468	-7.22248
1470	-6.38157
1472	-5.57541
1474	-4.8301
1476	-4.15723
1478	-3.55923
1480	-3.03572
1482	-2.58228
1484	-2.19302
1486	-1.86209
1488	-1.58284
1490	-1.34848
1492	-1.15132
1494	-0.98591
1496	-0.84743
1498	-0.73341
1500	-0.63947
1502	-0.56194
1504	-0.49678
1506	-0.44243
1508	-0.39662
1510	-0.35621
1512	-0.32262
1514	-0.29428
1516	-0.26794
1518	-0.24477
1520	-0.22416
1522	-0.20711
1524	-0.19035
1526	-0.17555
1528	-0.16288
1530	-0.14998
1532	-0.13998
1534	-0.12996
1536	-0.12038
1538	-0.11169
1540	-0.10421
1542	-0.09848
1544	-0.09172
1546	-0.08492
1548	-0.07783
1550	-0.0723
1552	-0.06777
1554	-0.06266
1556	-0.05775
1558	-0.05531
1560	-0.05298
1562	-0.04989
1564	-0.04581
1566	-0.04346
1568	-0.04119
1570	-0.0383
1572	-0.0352
1574	-0.03358
1576	-0.03155
1578	-0.02884
1580	-0.02629
1582	-0.02565
1584	-0.02523
1586	-0.02408
1588	-0.02264
1590	-0.02133
1592	-0.02135
1594	-0.02004
1596	-0.01952
1598	-0.01923
1600	-0.01813
1602	-0.01608
1604	-0.01664
1606	-0.01736
1608	-0.01712
1610	-0.01636
1612	-0.01481
1614	-0.0149
1616	-0.01446
1618	-0.01444
1620	-0.01254
1622	-0.01179
1624	-0.01139
1626	-0.01103
1628	-0.01147
1630	-0.01051
1632	-0.01077
1634	-0.01099
1636	-0.01
1638	-0.00943
1640	-0.0092
1642	-0.0089
1644	-0.00846
1646	-0.00769
1648	-0.00672
1650	-0.00644
1652	-0.0072
1654	-0.00666
1656	-0.00573
1658	-0.00524
1660	-0.00595
1662	-0.00529
1664	-0.00577
1666	-0.00597
1668	-0.00672
1670	-0.00672
1672	-0.00655
1674	-0.00671
1676	-0.00641
1678	-0.00474
1680	-0.00399
1682	-0.0038
1684	-0.00338
1686	-0.00377
1688	-0.00388
1690	-0.00318
1692	-0.00273
1694	-0.00304
1696	-0.00314
1698	-0.00274
1700	-0.00321
1702	-0.00281
1704	-0.00229
1706	-0.0012
1708	-6.26743E-4
1710	-0.00174
1712	-0.00314
1714	-0.00397
1716	-0.00334
1718	-0.00402
1720	-0.00452
1722	-0.00345
1724	-0.00271
1726	-0.00166
1728	-0.00164
1730	-0.00132
1732	-0.00187
1734	-0.0021
1736	-0.00212
1738	-0.00208
1740	-0.00115
1742	-7.12531E-4
1744	-9.74589E-4
1746	-0.00127
1748	-6.16705E-4
1750	-5.27763E-4
1752	-9.30821E-4
1754	-0.00103
1756	2.75062E-4
1758	1.51004E-4
1760	-4.24551E-4
1762	-2.37251E-4
1764	1.8405E-4
1766	-2.09649E-4
1768	-3.47349E-4
1770	-0.00163
1772	2.83253E-4
1774	0.00152
1776	0.0011
1778	0.00148
1780	0.00127
1782	0.0014
1784	7.58057E-4
1786	-0.01027
1788	-0.29103
1790	-1.18958
1792	-2.39407
1794	-3.62141
1796	-4.78537
1798	-5.85563
1800	-6.82564
1802	-7.69671
1804	-8.45698
1806	-9.01781
1808	-8.92993
1810	-8.29218
1812	-7.4785
1814	-6.63477
1816	-5.81854
1818	-5.05952
1820	-4.37092
1822	-3.75592
1824	-3.21567
1826	-2.7472
1828	-2.34465
1830	-1.99972
1832	-1.7086
1834	-1.46461
1836	-1.25801
1838	-1.08441
1840	-0.93893
1842	-0.81764
1844	-0.71585
1846	-0.63082
1848	-0.5601
1850	-0.50051
1852	-0.44949
1854	-0.4067
1856	-0.3696
1858	-0.33725
1860	-0.30784
1862	-0.28116
1864	-0.25892
1866	-0.23853
1868	-0.22229
1870	-0.20727
1872	-0.19045
1874	-0.17538
1876	-0.1629
1878	-0.15192
1880	-0.14276
1882	-0.13274
1884	-0.12257
1886	-0.11434
1888	-0.10705
1890	-0.09921
1892	-0.09271
1894	-0.08583
1896	-0.08087
1898	-0.07636
1900	-0.07153
1902	-0.06679
1904	-0.06305
1906	-0.05943
1908	-0.05558
1910	-0.05165
1912	-0.04812
1914	-0.04523
1916	-0.04246
1918	-0.03869
1920	-0.03627
1922	-0.03467
1924	-0.03304
1926	-0.03076
1928	-0.02915
1930	-0.0274
1932	-0.02612
1934	-0.02537
1936	-0.024
1938	-0.02334
1940	-0.02238
1942	-0.02208
1944	-0.02233
1946	-0.02234
1948	-0.02068
1950	-0.0199
1952	-0.01863
1954	-0.01605
1956	-0.01512
1958	-0.01436
1960	-0.01418
1962	-0.01289
1964	-0.01199
1966	-0.01092
1968	-0.01118
1970	-0.01036
1972	-0.01017
1974	-0.00967
1976	-0.00945
1978	-0.00908
1980	-0.00924
1982	-0.00927
1984	-0.00922
1986	-0.00839
1988	-0.0078
1990	-0.00733
1992	-0.00698
1994	-0.00668
1996	-0.00655
1998	-0.00669
2000	-0.00665
2002	-0.00592
2004	-0.00497
2006	-0.00482
2008	-0.0057
2010	-0.00576
2012	-0.00529
2014	-0.00491
2016	-0.0051
2018	-0.00448
2020	-0.00408
2022	-0.00417
2024	-0.00435
2026	-0.00354
2028	-0.00193
2030	-0.00269
2032	-0.00265
2034	-0.00247
2036	-0.00222
2038	-0.0022
2040	-0.00161
2042	-1.68368E-4
2044	6.63745E-4
2046	-6.96142E-4
2048	-7.83337E-4
2050	-1.46985E-4
2052	-6.21634E-4
2054	0.00118
2056	0.00165
2058	0.00108
2060	6.07772E-4
2062	-8.57876E-4
2064	-0.00182
2066	-0.00136
2068	-8.06822E-4
2070	-6.9447E-4
2072	-0.00103
2074	-3.00767E-4
2076	-9.31416E-4
2078	-8.30641E-5
2080	3.42874E-5
2082	-6.43361E-4
2084	-1.70095E-5
2086	3.6342E-5
2088	-2.06165E-4
2090	-4.93354E-4
2092	0.00105
2094	7.8727E-4
2096	-5.61918E-4
2098	-8.13106E-4
2100	-5.09294E-4
2102	-4.53483E-4
2104	6.05329E-4
2106	1.71412E-5
2108	-5.90047E-4
2110	-6.27235E-4
2112	-8.43423E-4
2114	-0.0011
2116	-3.988E-4
2118	0.001
2120	0.00167
2122	5.13636E-4
2124	-6.98552E-4
2126	-5.1074E-4
2128	-1.60179E-4
2130	-0.00914
2132	-0.26564
2134	-1.15154
2136	-2.366
2138	-3.62419
2140	-4.83747
2142	-5.91524
2144	-6.87234
2146	-7.74455
2148	-8.51724
2150	-9.07345
2152	-8.98754
2154	-8.35097
2156	-7.53615
2158	-6.68792
2160	-5.86791
2162	-5.1042
2164	-4.41071
2166	-3.79196
2168	-3.24837
2170	-2.77627
2172	-2.37142
2174	-2.02516
2176	-1.73138
2178	-1.48237
2180	-1.27298
2182	-1.09868
2184	-0.9537
2186	-0.83126
2188	-0.72912
2190	-0.64468
2192	-0.57209
2194	-0.5112
2196	-0.4598
2198	-0.41593
2200	-0.37862
2202	-0.34646
2204	-0.31651
2206	-0.28927
2208	-0.26547
2210	-0.24574
2212	-0.22733
2214	-0.21075
2216	-0.19693
2218	-0.1836
2220	-0.17089
2222	-0.15813
2224	-0.14802
2226	-0.13811
2228	-0.12812
2230	-0.12048
2232	-0.11327
2234	-0.10609
2236	-0.09977
2238	-0.09329
2240	-0.08694
2242	-0.08107
2244	-0.07705
2246	-0.07324
2248	-0.06842
2250	-0.06322
2252	-0.0588
2254	-0.05506
2256	-0.05265
2258	-0.04855
2260	-0.04482
2262	-0.04186
2264	-0.04017
2266	-0.03777
2268	-0.03465
2270	-0.0335
2272	-0.03155
2274	-0.03036
2276	-0.02934
2278	-0.02788
2280	-0.02622
2282	-0.02507
2284	-0.02391
2286	-0.02368
2288	-0.02224
2290	-0.0218
2292	-0.02086
2294	-0.01923
2296	-0.01785
2298	-0.01755
2300	-0.01723
2302	-0.01721
2304	-0.01624
2306	-0.01501
2308	-0.01468
2310	-0.01435
2312	-0.01311
2314	-0.01274
2316	-0.01199
2318	-0.01083
2320	-0.01022
2322	-0.01019
2324	-0.00878
2326	-0.00697
2328	-0.00629
2330	-0.00612
2332	-0.00496
2334	-0.00564
2336	-0.00632
2338	-0.00519
2340	-0.00492
2342	-0.0057
2344	-0.00571
2346	-0.00672
2348	-0.0066
2350	-0.008
2352	-0.00874
2354	-0.00765
2356	-0.00603
2358	-0.00542
2360	-0.00448
2362	-0.00553
2364	-0.00532
2366	-0.00397
2368	-0.00521
2370	-0.00616
2372	-0.00546
2374	-0.00494
2376	-0.00582
2378	-0.00599
2380	-0.00535
2382	-0.00448
2384	-0.00407
2386	-0.00353
2388	-0.00365
2390	-0.00277
2392	-0.00234
2394	-0.00157
2396	-5.13391E-4
2398	-0.001
2400	-0.0017
2402	-0.00147
2404	-5.09355E-4
2406	-0.00143
2408	-0.00226
2410	-0.00184
2412	-0.00169
2414	-0.00261
2416	-0.00295
2418	-0.0021
2420	-8.39535E-4
2422	-6.10569E-4
2424	-3.71603E-4
2426	-9.26637E-4
2428	-0.00126
2430	-0.001
2432	-6.33738E-4
2434	2.12278E-5
2436	2.28194E-4
2438	7.2516E-4
2440	0.00104
2442	5.29093E-4
2444	0.00123
2446	0.00168
2448	8.44991E-4
2450	6.27957E-4
2452	0.00102
2454	-2.91103E-5
2456	-0.00127
2458	-0.0012
2460	4.05619E-4
2462	8.61552E-4
2464	3.52486E-4
2466	-0.00197
2468	-9.91647E-4
2470	0.00134
2472	0.00184
2474	-0.00508
2476	-0.25892
2478	-1.13935
2480	-2.35089
2482	-3.60185
2484	-4.78961
2486	-5.89217
2488	-6.8953
2490	-7.79127
2492	-8.56955
2494	-9.16435
2496	-9.12964
2498	-8.5037
2500	-7.6785
2502	-6.81486
2504	-5.97808
2506	-5.19993
2508	-4.4928
2510	-3.8623
2512	-3.30932
2514	-2.82767
2516	-2.4121
2518	-2.05778
2520	-1.75664
2522	-1.50322
2524	-1.29049
2526	-1.11276
2528	-0.96571
2530	-0.84202
2532	-0.73826
2534	-0.65154
2536	-0.57925
2538	-0.51724
2540	-0.46495
2542	-0.4207
2544	-0.38304
2546	-0.34881
2548	-0.31964
2550	-0.29293
2552	-0.27027
2554	-0.24996
2556	-0.23082
2558	-0.21362
2560	-0.19793
2562	-0.18357
2564	-0.17169
2566	-0.16001
2568	-0.14845
2570	-0.13695
2572	-0.12835
2574	-0.11978
2576	-0.1103
2578	-0.10306
2580	-0.09758
2582	-0.09108
2584	-0.08507
2586	-0.07941
2588	-0.07469
2590	-0.06897
2592	-0.06395
2594	-0.0602
2596	-0.05642
2598	-0.05383
2600	-0.05166
2602	-0.04859
2604	-0.04597
2606	-0.04369
2608	-0.04079
2610	-0.03767
2612	-0.03567
2614	-0.03443
2616	-0.03208
2618	-0.02889
2620	-0.02803
2622	-0.02695
2624	-0.02446
2626	-0.02218
2628	-0.02128
2630	-0.02067
2632	-0.02039
2634	-0.01927
2636	-0.01715
2638	-0.01713
2640	-0.01691
2642	-0.01514
2644	-0.01443
2646	-0.01396
2648	-0.01315
2650	-0.01222
2652	-0.01277
2654	-0.01295
2656	-0.01294
2658	-0.01182
2660	-0.01062
2662	-0.00924
2664	-0.00981
2666	-0.00955
2668	-0.0083
2670	-0.0082
2672	-0.0077
2674	-0.00723
2676	-0.00721
2678	-0.00611
2680	-0.00595
2682	-0.00577
2684	-0.00533
2686	-0.00475
2688	-0.004
2690	-0.00395
2692	-0.00369
2694	-0.00356
2696	-0.00378
2698	-0.00285
2700	-0.00272
2702	-0.00308
2704	-0.00297
2706	-0.00299
2708	-0.00333
2710	-0.00321
2712	-0.00201
2714	-6.55975E-4
2716	-7.18615E-4
2718	-0.00138
2720	-0.00215
2722	-0.0027
2724	-0.00279
2726	-0.0027
2728	-0.00162
2730	-0.0015
2732	-0.00202
2734	-0.00196
2736	-0.00361
2738	-0.00344
2740	-0.00167
2742	-0.00139
2744	7.84271E-5
2746	-4.06213E-4
2748	-8.27853E-4
2750	6.51508E-4
2752	0.0017
2754	0.00119
2756	0.00165
2758	0.00251
2760	0.00238
2762	4.63668E-4
2764	-5.33972E-4
2766	-3.20611E-4
2768	-2.96251E-4
2770	-5.96891E-4
2772	-1.30531E-4
2774	4.73829E-4
2776	-3.10811E-4
2778	-0.00145
2780	-8.9609E-4
2782	-4.96105E-4
2784	-4.38063E-4
2786	-2.98021E-4
2788	1.4602E-4
2790	0.00108
2792	6.19104E-4
2794	3.32146E-4
2796	-2.71812E-4
2798	-2.3377E-4
2800	6.01272E-4
2802	3.39314E-4
2804	-3.43644E-4
2806	-6.75602E-4
2808	-2.8856E-4
2810	-9.15518E-4
2812	-0.00128
2814	1.28566E-4
2816	6.90608E-4
2818	-0.00344
2820	-0.22062
2822	-1.07323
2824	-2.29319
2826	-3.55644
2828	-4.76118
2830	-5.87539
2832	-6.89075
2834	-7.79244
2836	-8.58072
2838	-9.20202
2840	-9.22415
2842	-8.62076
2844	-7.79596
2846	-6.92702
2848	-6.08109
2850	-5.29111
2852	-4.57142
2854	-3.93066
2856	-3.36809
2858	-2.87787
2860	-2.45586
2862	-2.09492
2864	-1.78881
2866	-1.52913
2868	-1.31241
2870	-1.13204
2872	-0.98183
2874	-0.8555
2876	-0.74899
2878	-0.65919
2880	-0.5849
2882	-0.52217
2884	-0.46982
2886	-0.42497
2888	-0.38524
2890	-0.35211
2892	-0.32321
2894	-0.29693
2896	-0.27417
2898	-0.25192
2900	-0.23216
2902	-0.21477
2904	-0.19987
2906	-0.18531
2908	-0.17234
2910	-0.16045
2912	-0.14892
2914	-0.13794
2916	-0.12828
2918	-0.11895
2920	-0.11033
2922	-0.10252
2924	-0.09594
2926	-0.08965
2928	-0.08332
2930	-0.07835
2932	-0.07285
2934	-0.06811
2936	-0.06431
2938	-0.05906
2940	-0.05509
2942	-0.05102
2944	-0.04705
2946	-0.045
2948	-0.0432
2950	-0.04145
2952	-0.03938
2954	-0.0365
2956	-0.03349
2958	-0.03119
2960	-0.03021
2962	-0.02877
2964	-0.02689
2966	-0.02465
2968	-0.02312
2970	-0.02263
2972	-0.02192
2974	-0.0215
2976	-0.02074
2978	-0.01894
2980	-0.0166
2982	-0.01523
2984	-0.01487
2986	-0.01435
2988	-0.01347
2990	-0.01316
2992	-0.01229
2994	-0.01182
2996	-0.01159
2998	-0.0103
3000	-0.00997
3002	-0.00958
3004	-0.00954
3006	-0.00897
3008	-0.00864
3010	-0.00765
3012	-0.00665
3014	-0.00619
3016	-0.00698
3018	-0.00806
3020	-0.00882
3022	-0.00781
3024	-0.00689
3026	-0.00596
3028	-0.00415
3030	-0.00334
3032	-0.00347
3034	-0.00375
3036	-0.00299
3038	-0.00245
3040	-0.00244
3042	-0.00143
3044	4.61421E-4
3046	0.00141
3048	0.00163
3050	5.30953E-4
3052	-9.12033E-5
3054	-2.44359E-4
3056	8.67485E-4
3058	5.39329E-4
3060	2.94173E-4
3062	4.78017E-4
3064	1.49861E-4
3066	-4.93295E-4
3068	9.85486E-5
3070	0.00103
3072	0.00109
3074	0.00142
3076	0.00116
3078	0.00164
3080	0.00123
3082	0.00195
3084	0.00282
3086	0.00328
3088	0.00406
3090	0.00427
3092	0.00326
3094	0.00226
3096	0.00231
3098	0.00151
3100	0.0019
3102	0.00258
3104	0.00142
3106	0.00155
3108	0.00146
3110	0.00152
3112	-3.55824E-4
3114	-0.00123
3116	-0.00133
3118	-9.75568E-4
3120	6.19184E-4
3122	5.67936E-4
3124	7.20687E-4
3126	5.96439E-4
3128	4.30191E-4
3130	8.29943E-4
3132	7.06695E-4
3134	4.57447E-4
3136	0.00104
3138	0.00115
3140	0.00176
3142	0.00256
3144	0.00231
3146	0.00219
3148	0.00253
3150	0.00238
3152	0.00143
3154	0.00132
3156	0.00231
3158	0.00262
3160	0.00298
3162	1.81399E-4
3164	-0.1755
3166	-0.9699
3168	-2.17738
3170	-3.45121
3172	-4.68405
3174	-5.82427
3176	-6.86367
3178	-7.78454
3180	-8.59354
3182	-9.24898
3184	-9.34589
3186	-8.77451
3188	-7.95023
3190	-7.06911
3192	-6.20871
3194	-5.40468
3196	-4.67167
3198	-4.01706
3200	-3.4403
3202	-2.9387
3204	-2.50646
3206	-2.13855
3208	-1.82566
3210	-1.56111
3212	-1.33883
3214	-1.15277
3216	-0.99792
3218	-0.86759
3220	-0.76066
3222	-0.67072
3224	-0.59457
3226	-0.53019
3228	-0.47627
3230	-0.42974
3232	-0.39004
3234	-0.35529
3236	-0.32488
3238	-0.29896
3240	-0.27546
3242	-0.25482
3244	-0.23668
3246	-0.21875
3248	-0.2028
3250	-0.18934
3252	-0.17712
3254	-0.16452
3256	-0.1528
3258	-0.14297
3260	-0.13312
3262	-0.12305
3264	-0.11445
3266	-0.10586
3268	-0.09916
3270	-0.09286
3272	-0.08674
3274	-0.08087
3276	-0.07449
3278	-0.06958
3280	-0.06568
3282	-0.06052
3284	-0.05629
3286	-0.05279
3288	-0.05054
3290	-0.0489
3292	-0.04641
3294	-0.04344
3296	-0.04118
3298	-0.03935
3300	-0.0366
3302	-0.03387
3304	-0.03092
3306	-0.029
3308	-0.02717
3310	-0.02513
3312	-0.02464
3314	-0.02383
3316	-0.02307
3318	-0.02285
3320	-0.02189
3322	-0.02121
3324	-0.02039
3326	-0.01992
3328	-0.01831
3330	-0.01692
3332	-0.01553
3334	-0.0149
3336	-0.01515
3338	-0.01468
3340	-0.01509
3342	-0.01413
3344	-0.01281
3346	-0.01294
3348	-0.01168
3350	-0.01219
3352	-0.01211
3354	-0.01104
3356	-0.01028
3358	-0.00929
3360	-0.00895
3362	-0.00864
3364	-0.00813
3366	-0.00883
3368	-0.00889
3370	-0.00753
3372	-0.00702
3374	-0.00689
3376	-0.00684
3378	-0.00576
3380	-0.00522
3382	-0.00573
3384	-0.00467
3386	-0.00333
3388	-0.00327
3390	-0.00224
3392	-0.00124
3394	-4.91933E-4
3396	-5.12451E-4
3398	-0.00163
3400	-0.00235
3402	-0.00155
3404	-0.00199
3406	-0.00191
3408	-0.0013
3410	-0.00144
3412	-8.05592E-4
3414	-2.5811E-4
3416	-4.89627E-4
3418	1.13855E-4
3420	7.79337E-4
3422	0.00174
3424	8.40302E-4
3426	5.32785E-4
3428	6.28267E-4
3430	6.39749E-4
3432	4.42232E-4
3434	4.07714E-4
3436	7.88196E-4
3438	0.00121
3440	0.00112
3442	0.00118
3444	0.00123
3446	0.00109
3448	0.00121
3450	5.25067E-4
3452	1.76774E-4
3454	7.02481E-4
3456	0.00127
3458	4.11896E-4
3460	4.37603E-4
3462	4.7331E-4
3464	-6.19829E-5
3466	4.10724E-4
3468	7.51431E-4
3470	7.08139E-4
3472	5.22846E-4
3474	-5.26447E-4
3476	-3.8574E-4
3478	-4.29557E-4
3480	1.18049E-4
3482	-6.56344E-4
3484	-1.86738E-4
3486	-3.88132E-4
3488	-7.36525E-4
3490	6.11081E-4
3492	9.65688E-4
3494	0.00148
3496	0.00123
3498	8.60507E-4
3500	0.00174
3502	0.00194
3504	0.00169
3506	-1.36067E-4
3508	-0.16944
3510	-0.95477
3512	-2.17032
3514	-3.4583
3516	-4.70793
3518	-5.85752
3520	-6.90449
3522	-7.83411
3524	-8.66392
3526	-9.34636
3528	-9.47609
3530	-8.91431
3532	-8.08271
3534	-7.1896
3536	-6.3146
3538	-5.49747
3540	-4.75214
3542	-4.08515
3544	-3.49845
3546	-2.98911
3548	-2.54961
3550	-2.17396
3552	-1.8552
3554	-1.58577
3556	-1.3595
3558	-1.17136
3560	-1.0138
3562	-0.88208
3564	-0.77184
3566	-0.67867
3568	-0.60054
3570	-0.53587
3572	-0.48068
3574	-0.43262
3576	-0.39237
3578	-0.3568
3580	-0.32667
3582	-0.30036
3584	-0.27607
3586	-0.25467
3588	-0.23619
3590	-0.21885
3592	-0.20267
3594	-0.18811
3596	-0.17454
3598	-0.1626
3600	-0.15153
3602	-0.1414
3604	-0.13189
3606	-0.12187
3608	-0.11356
3610	-0.10602
3612	-0.09805
3614	-0.09085
3616	-0.08481
3618	-0.08049
3620	-0.07614
3622	-0.07253
3624	-0.06803
3626	-0.06155
3628	-0.05644
3630	-0.05268
3632	-0.04966
3634	-0.04691
3636	-0.04297
3638	-0.04057
3640	-0.03872
3642	-0.03661
3644	-0.03441
3646	-0.03251
3648	-0.03205
3650	-0.03043
3652	-0.0284
3654	-0.02722
3656	-0.0252
3658	-0.02292
3660	-0.02158
3662	-0.02163
3664	-0.02058
3666	-0.01973
3668	-0.01824
3670	-0.0168
3672	-0.01592
3674	-0.01554
3676	-0.01503
3678	-0.01394
3680	-0.01382
3682	-0.01316
3684	-0.01214
3686	-0.011
3688	-0.01141
3690	-0.01103
3692	-0.01028
3694	-0.00924
3696	-0.00855
3698	-0.00862
3700	-0.00826
3702	-0.00705
3704	-0.00629
3706	-0.00633
3708	-0.00643
3710	-0.00568
3712	-0.00424
3714	-0.00261
3716	-0.0029
3718	-0.00287
3720	-0.00164
3722	-0.00124
3724	-0.00239
3726	-0.00298
3728	-0.00327
3730	-0.00249
3732	-0.00116
3734	-8.0317E-4
3736	-0.00152
3738	-0.00139
3740	-0.00151
3742	-9.941E-4
3744	-4.99332E-4
3746	-7.22565E-4
3748	-0.00127
3750	-0.0014
3752	-0.00192
3754	-0.00208
3756	-4.41727E-4
3758	-1.66959E-4
3760	3.20808E-4
3762	0.00105
3764	0.00226
3766	0.00317
3768	0.00297
3770	0.00226
3772	0.0014
3774	0.00116
3776	0.00153
3778	0.00227
3780	0.0028
3782	0.00153
3784	-1.75784E-4
3786	4.91925E-4
3788	-2.67366E-4
3790	-0.00161
3792	-5.86949E-4
3794	-8.6624E-4
3796	-7.12531E-4
3798	-4.52823E-4
3800	0.00175
3802	0.00112
3804	5.00304E-4
3806	7.39315E-4
3808	3.66139E-4
3810	2.00962E-4
3812	1.47857E-5
3814	-5.46391E-4
3816	5.52433E-4
3818	7.48256E-4
3820	-3.3792E-4
3822	-1.85097E-4
3824	2.14727E-4
3826	0.00109
3828	0.00178
3830	6.28197E-4
3832	3.43021E-4
3834	-2.59156E-4
3836	-3.50332E-4
3838	7.75491E-4
3840	0.0013
3842	5.71138E-4
3844	2.42962E-4
3846	5.85311E-4
3848	-4.67182E-4
3850	-0.00197
3852	-0.13062
3854	-0.85517
3856	-2.05996
3858	-3.36086
3860	-4.62613
3862	-5.79662
3864	-6.8634
3866	-7.82286
3868	-8.6776
3870	-9.38823
3872	-9.60804
3874	-9.08812
3876	-8.24555
3878	-7.33295
3880	-6.44295
3882	-5.61212
3884	-4.85377
3886	-4.17658
3888	-3.57911
3890	-3.05829
3892	-2.61009
3894	-2.22522
3896	-1.898
3898	-1.6222
3900	-1.39091
3902	-1.19651
3904	-1.03467
3906	-0.89835
3908	-0.78495
3910	-0.69048
3912	-0.61086
3914	-0.54408
3916	-0.48775
3918	-0.43989
3920	-0.39921
3922	-0.36367
3924	-0.33247
3926	-0.30424
3928	-0.27819
3930	-0.25667
3932	-0.23639
3934	-0.21793
3936	-0.2031
3938	-0.18812
3940	-0.17395
3942	-0.16104
3944	-0.15048
3946	-0.1407
3948	-0.13044
3950	-0.12178
3952	-0.11304
3954	-0.10501
3956	-0.09734
3958	-0.09105
3960	-0.0848
3962	-0.08149
3964	-0.07591
3966	-0.06903
3968	-0.06386
3970	-0.0603
3972	-0.05671
3974	-0.05346
3976	-0.04915
3978	-0.04536
3980	-0.04318
3982	-0.03989
3984	-0.03652
3986	-0.03477
3988	-0.03353
3990	-0.03152
3992	-0.03046
3994	-0.02875
3996	-0.02745
3998	-0.02558
4000	-0.02324
4002	-0.02215
4004	-0.02057
4006	-0.02113
4008	-0.0206
4010	-0.02003
4012	-0.01891
4014	-0.01776
4016	-0.01633
4018	-0.01572
4020	-0.01455
4022	-0.01259
4024	-0.0118
4026	-0.01183
4028	-0.01182
4030	-0.01155
4032	-0.01094
4034	-0.00997
4036	-0.00992
4038	-0.00781
4040	-0.00628
4042	-0.00615
4044	-0.00595
4046	-0.00581
4048	-0.00555
4050	-0.00508
4052	-0.00445
4054	-0.00397
4056	-0.00436
4058	-0.00444
4060	-0.00388
4062	-0.00427
4064	-0.00456
4066	-0.00487
4068	-0.00456
4070	-0.00496
4072	-0.00544
4074	-0.00508
4076	-0.00381
4078	-0.00203
4080	-0.00125
4082	-0.00194
4084	-6.79562E-4
4086	-7.59703E-4
4088	-7.18441E-5
4090	1.09015E-4
4092	4.19343E-4
4094	0.00107
4096	0.00151
4098	0.00227
4100	0.00268
4102	0.00201
4104	0.00113
4106	0.00148
4108	0.00227
4110	0.00291
4112	0.00325
4114	0.00246
4116	0.00129
4118	0.00111
4120	0.00108
4122	0.00157
4124	0.00157
4126	-4.19771E-5
4128	1.26122E-4
4130	3.03221E-4
4132	9.15817E-4
4134	0.0013
4136	-2.30116E-4
4138	-8.93082E-4
4140	-0.0017
4142	-8.12014E-4
4144	-2.49802E-5
4146	-5.45946E-4
4148	-3.56912E-4
4150	-9.97879E-4
4152	-4.06845E-4
4154	1.14189E-4
4156	-5.3777E-5
4158	-2.47432E-5
4160	-0.00112
4162	-2.59675E-4
4164	4.86358E-4
4166	6.14392E-4
4168	9.09426E-4
4170	7.2846E-4
4172	-3.41101E-4
4174	-2.90917E-4
4176	0.0015
4178	0.00209
4180	0.00273
4182	0.00194
4184	0.00165
4186	0.00171
4188	6.35375E-4
4190	7.3156E-4
4192	5.49745E-4
4194	-6.70709E-5
4196	-0.11028
4198	-0.80315
4200	-2.01006
4202	-3.32332
4204	-4.61063
4206	-5.79912
4208	-6.88434
4210	-7.85324
4212	-8.7139
4214	-9.44011
4216	-9.7005
4218	-9.2125
4220	-8.38934
4222	-7.48067
4224	-6.5807
4226	-5.73394
4228	-4.95829
4230	-4.26364
4232	-3.65187
4234	-3.11889
4236	-2.65846
4238	-2.26441
4240	-1.93154
4242	-1.64968
4244	-1.4134
4246	-1.21635
4248	-1.0515
4250	-0.91477
4252	-0.79938
4254	-0.70192
4256	-0.62005
4258	-0.55194
4260	-0.49483
4262	-0.44488
4264	-0.40331
4266	-0.36735
4268	-0.33519
4270	-0.30811
4272	-0.28423
4274	-0.2618
4276	-0.24059
4278	-0.22284
4280	-0.20661
4282	-0.19107
4284	-0.17856
4286	-0.16659
4288	-0.15492
4290	-0.14395
4292	-0.13404
4294	-0.12426
4296	-0.11433
4298	-0.10649
4300	-0.10002
4302	-0.09398
4304	-0.08846
4306	-0.08164
4308	-0.0754
4310	-0.07033
4312	-0.06755
4314	-0.0637
4316	-0.05892
4318	-0.05421
4320	-0.05013
4322	-0.04717
4324	-0.04428
4326	-0.04101
4328	-0.0377
4330	-0.03584
4332	-0.03405
4334	-0.03201
4336	-0.03041
4338	-0.02964
4340	-0.02759
4342	-0.02392
4344	-0.02154
4346	-0.02062
4348	-0.02165
4350	-0.02077
4352	-0.02036
4354	-0.019
4356	-0.01797
4358	-0.01791
4360	-0.01817
4362	-0.01757
4364	-0.01635
4366	-0.01504
4368	-0.01457
4370	-0.01441
4372	-0.01518
4374	-0.01433
4376	-0.01263
4378	-0.01225
4380	-0.01121
4382	-0.01051
4384	-0.00966
4386	-0.00903
4388	-0.00858
4390	-0.00775
4392	-0.00645
4394	-0.0067
4396	-0.00782
4398	-0.0079
4400	-0.00721
4402	-0.00715
4404	-0.0073
4406	-0.00769
4408	-0.00727
4410	-0.00743
4412	-0.0067
4414	-0.00672
4416	-0.00664
4418	-0.00604
4420	-0.00502
4422	-0.00479
4424	-0.00525
4426	-0.00614
4428	-0.00528
4430	-0.00422
4432	-0.00312
4434	-0.00181
4436	-2.88802E-4
4438	-4.50454E-4
4440	-8.05107E-4
4442	-0.00119
4444	-0.00185
4446	-7.94063E-4
4448	1.53284E-4
4450	-8.20368E-4
4452	-0.00131
4454	-0.00142
4456	-0.00111
4458	-0.00141
4460	-0.00219
4462	-0.00247
4464	-0.0022
4466	-0.00243
4468	-0.00234
4470	-0.00246
4472	-0.00219
4474	-0.00198
4476	-0.00214
4478	-0.00318
4480	-0.00224
4482	-7.41001E-4
4484	0.00115
4486	9.47646E-4
4488	1.95469E-4
4490	-1.77708E-4
4492	2.15116E-4
4494	3.94939E-4
4496	1.71762E-4
4498	4.75856E-5
4500	5.84565E-5
4502	2.83265E-4
4504	7.92073E-4
4506	0.00134
4508	2.93689E-4
4510	-1.11503E-4
4512	4.86306E-4
4514	5.23114E-4
4516	-2.07078E-4
4518	1.8173E-4
4520	5.29538E-4
4522	0.00101
4524	6.15155E-4
4526	5.67963E-4
4528	0.00104
4530	8.75579E-4
4532	0.00163
4534	0.002
4536	0.00164
4538	0.00111
4540	-0.09391
4542	-0.75764
4544	-1.96267
4546	-3.29197
4548	-4.60022
4550	-5.81293
4552	-6.92385
4554	-7.91346
4556	-8.79188
4558	-9.54379
4560	-9.84776
4562	-9.39162
4564	-8.57157
4566	-7.65295
4568	-6.73842
4570	-5.87613
4572	-5.08528
4574	-4.37363
4576	-3.74735
4578	-3.20074
4580	-2.72919
4582	-2.32578
4584	-1.98304
4586	-1.69304
4588	-1.4508
4590	-1.24669
4592	-1.07548
4594	-0.93234
4596	-0.81383
4598	-0.7166
4600	-0.6338
4602	-0.56225
4604	-0.5016
4606	-0.4508
4608	-0.4079
4610	-0.37216
4612	-0.34004
4614	-0.31133
4616	-0.28617
4618	-0.26337
4620	-0.24354
4622	-0.22596
4624	-0.21034
4626	-0.19443
4628	-0.1811
4630	-0.16938
4632	-0.15668
4634	-0.14488
4636	-0.136
4638	-0.12685
4640	-0.11748
4642	-0.10883
4644	-0.10046
4646	-0.09321
4648	-0.08706
4650	-0.08146
4652	-0.07661
4654	-0.07192
4656	-0.0684
4658	-0.06485
4660	-0.05945
4662	-0.05468
4664	-0.04955
4666	-0.04671
4668	-0.04428
4670	-0.04055
4672	-0.03761
4674	-0.03597
4676	-0.03574
4678	-0.03425
4680	-0.03184
4682	-0.02885
4684	-0.02736
4686	-0.02613
4688	-0.02377
4690	-0.02312
4692	-0.02336
4694	-0.0222
4696	-0.02146
4698	-0.01923
4700	-0.01803
4702	-0.01853
4704	-0.01894
4706	-0.01713
4708	-0.0163
4710	-0.01503
4712	-0.01472
4714	-0.01408
4716	-0.01286
4718	-0.01196
4720	-0.0123
4722	-0.01085
4724	-0.01017
4726	-0.00876
4728	-0.00849
4730	-0.00951
4732	-0.01012
4734	-0.0102
4736	-0.01029
4738	-0.00964
4740	-0.0087
4742	-0.00869
4744	-0.00839
4746	-0.00758
4748	-0.00734
4750	-0.00678
4752	-0.00582
4754	-0.0063
4756	-0.00624
4758	-0.00603
4760	-0.00584
4762	-0.00524
4764	-0.0052
4766	-0.00503
4768	-0.00428
4770	-0.00426
4772	-0.00438
4774	-0.00328
4776	-0.00292
4778	-0.00191
4780	-0.00195
4782	-0.00223
4784	-0.00227
4786	-0.00295
4788	-0.00239
4790	-0.00202
4792	-0.00207
4794	-0.00276
4796	-0.00376
4798	-0.00308
4800	-0.0024
4802	-0.00236
4804	-0.00196
4806	-0.00105
4808	2.21185E-4
4810	-9.52098E-4
4812	-0.00154
4814	-0.00227
4816	-0.00312
4818	-0.00371
4820	-0.00344
4822	-0.00297
4824	-0.00272
4826	-0.00247
4828	-0.00227
4830	-0.00194
4832	-0.0011
4834	-0.0018
4836	-0.0019
4838	-0.00172
4840	-8.41211E-4
4842	-3.4011E-4
4844	-1.0301E-4
4846	-4.94909E-4
4848	1.07191E-4
4850	9.2919E-6
4852	0.00116
4854	0.00141
4856	4.88594E-4
4858	8.69414E-6
4860	-1.71205E-4
4862	-6.96105E-4
4864	-3.06004E-4
4866	1.32096E-4
4868	-9.84572E-6
4870	-9.76662E-4
4872	-8.53478E-4
4874	1.23706E-4
4876	5.8989E-4
4878	1.80074E-4
4880	5.63258E-4
4882	0.00146
4884	-0.08569
4886	-0.73425
4888	-1.94313
4890	-3.28982
4892	-4.61417
4894	-5.84875
4896	-6.98568
4898	-7.9902
4900	-8.88084
4902	-9.6446
4904	-9.98622
4906	-9.54714
4908	-8.72057
4910	-7.78673
4912	-6.85682
4914	-5.97839
4916	-5.17157
4918	-4.44904
4920	-3.81137
4922	-3.25581
4924	-2.77568
4926	-2.36374
4928	-2.01419
4930	-1.71926
4932	-1.47203
4934	-1.26488
4936	-1.09143
4938	-0.94685
4940	-0.82577
4942	-0.72502
4944	-0.64006
4946	-0.56922
4948	-0.50834
4950	-0.45792
4952	-0.41492
4954	-0.37605
4956	-0.34332
4958	-0.31511
4960	-0.28879
4962	-0.26445
4964	-0.24432
4966	-0.22543
4968	-0.20825
4970	-0.19358
4972	-0.17927
4974	-0.16661
4976	-0.15445
4978	-0.14394
4980	-0.13341
4982	-0.12339
4984	-0.11367
4986	-0.10621
4988	-0.09904
4990	-0.09135
4992	-0.08521
4994	-0.08011
4996	-0.07567
4998	-0.07118
5000	-0.066
5002	-0.06072
5004	-0.05617
5006	-0.0523
5008	-0.04827
5010	-0.04551
5012	-0.04342
5014	-0.04029
5016	-0.03804
5018	-0.03584
5020	-0.03391
5022	-0.03165
5024	-0.02981
5026	-0.02748
5028	-0.02586
5030	-0.02446
5032	-0.02368
5034	-0.02227
5036	-0.02056
5038	-0.01987
5040	-0.01922
5042	-0.01768
5044	-0.01599
5046	-0.01505
5048	-0.01575
5050	-0.01539
5052	-0.0148
5054	-0.01425
5056	-0.01355
5058	-0.01397
5060	-0.01314
5062	-0.01127
5064	-0.01014
5066	-0.00937
5068	-0.00844
5070	-0.00898
5072	-0.00766
5074	-0.00777
5076	-0.00736
5078	-0.00587
5080	-0.00556
5082	-0.00533
5084	-0.00445
5086	-0.00493
5088	-0.00597
5090	-0.00545
5092	-0.00479
5094	-0.00537
5096	-0.00513
5098	-0.00411
5100	-0.00323
5102	-0.00269
5104	-0.00267
5106	-0.00341
5108	-0.00269
5110	-0.00205
5112	-0.00211
5114	-0.00174
5116	-0.00144
5118	-0.00105
5120	5.9347E-5
5122	-3.03786E-4
5124	-1.50918E-4
5126	-0.00126
5128	-0.0012
5130	-8.81317E-4
5132	-9.94449E-4
5134	-6.35582E-4
5136	1.71285E-4
5138	4.22153E-4
5140	2.7502E-4
5142	6.78887E-4
5144	0.00111
5146	3.20622E-4
5148	-6.02511E-4
5150	-0.00187
5152	-0.00158
5154	-0.00104
5156	1.54793E-4
5158	5.36097E-4
5160	8.78402E-4
5162	9.44706E-4
5164	0.00159
5166	0.00181
5168	0.00118
5170	-1.40076E-4
5172	-1.22772E-4
5174	0.00108
5176	0.00154
5178	0.00323
5180	0.00563
5182	0.00733
5184	0.0072
5186	0.00574
5188	0.00413
5190	0.00336
5192	0.00281
5194	0.00127
5196	6.62233E-4
5198	8.55889E-4
5200	1.20546E-4
5202	2.68202E-4
5204	1.58588E-5
5206	-1.05485E-4
5208	-7.25828E-4
5210	-0.00113
5212	-0.00123
5214	-9.78859E-4
5216	-3.87202E-4
5218	0.00131
5220	9.80111E-4
5222	9.76768E-4
5224	0.00103
5226	3.10081E-4
5228	-0.06635
5230	-0.65549
5232	-1.84746
5234	-3.21326
5236	-4.56368
5238	-5.82194
5240	-6.99341
5242	-8.03729
5244	-8.95019
5246	-9.73174
5248	-10.13971
5250	-9.76019
5252	-8.94541
5254	-8.00556
5256	-7.05826
5258	-6.15974
5260	-5.33519
5262	-4.59398
5264	-3.93724
5266	-3.36446
5268	-2.86971
5270	-2.44562
5272	-2.08392
5274	-1.77818
5276	-1.52073
5278	-1.30448
5280	-1.12349
5282	-0.97288
5284	-0.84723
5286	-0.74234
5288	-0.65377
5290	-0.57965
5292	-0.51663
5294	-0.46473
5296	-0.42052
5298	-0.38178
5300	-0.34725
5302	-0.31641
5304	-0.28909
5306	-0.2661
5308	-0.24535
5310	-0.22579
5312	-0.20759
5314	-0.1928
5316	-0.1789
5318	-0.16621
5320	-0.15489
5322	-0.14403
5324	-0.13313
5326	-0.12378
5328	-0.11634
5330	-0.10801
5332	-0.10036
5334	-0.09272
5336	-0.08551
5338	-0.07942
5340	-0.07479
5342	-0.06995
5344	-0.06535
5346	-0.06132
5348	-0.05685
5350	-0.05367
5352	-0.05157
5354	-0.04793
5356	-0.04331
5358	-0.03963
5360	-0.03635
5362	-0.03404
5364	-0.03172
5366	-0.02963
5368	-0.02984
5370	-0.02961
5372	-0.02789
5374	-0.02489
5376	-0.02342
5378	-0.02179
5380	-0.02119
5382	-0.0195
5384	-0.01745
5386	-0.01714
5388	-0.01658
5390	-0.01659
5392	-0.01528
5394	-0.0141
5396	-0.01293
5398	-0.0132
5400	-0.01258
5402	-0.0121
5404	-0.01289
5406	-0.01359
5408	-0.0135
5410	-0.01179
5412	-0.01033
5414	-0.01018
5416	-0.00888
5418	-0.00892
5420	-0.00785
5422	-0.00695
5424	-0.00679
5426	-0.00646
5428	-0.00638
5430	-0.00573
5432	-0.00502
5434	-0.00495
5436	-0.0059
5438	-0.00618
5440	-0.00629
5442	-0.00716
5444	-0.00704
5446	-0.00626
5448	-0.00609
5450	-0.0053
5452	-0.00413
5454	-0.00326
5456	-0.00245
5458	-0.00281
5460	-0.00214
5462	-0.00128
5464	-0.00145
5466	-0.00251
5468	-0.00269
5470	-0.00242
5472	-0.00142
5474	-0.00176
5476	-0.00148
5478	1.84375E-4
5480	9.32792E-4
5482	9.74407E-5
5484	-8.16078E-4
5486	-6.09596E-4
5488	-7.46115E-4
5490	-0.00128
5492	-8.68152E-4
5494	-7.71671E-4
5496	1.60811E-4
5498	7.13292E-4
5500	5.25774E-4
5502	0.00119
5504	0.00125
5506	0.00166
5508	-4.493E-4
5510	-0.00158
5512	-0.00151
5514	-5.93856E-4
5516	4.17625E-4
5518	4.36107E-4
5520	-0.00103
5522	-0.00115
5524	-7.62631E-4
5526	-6.9531E-4
5528	-0.00102
5530	2.34331E-4
5532	0.00125
5534	-3.30284E-5
5536	-4.77079E-5
5538	-1.58387E-4
5540	-4.46067E-4
5542	-7.07465E-5
5544	3.31574E-4
5546	8.39894E-4
5548	9.74215E-4
5550	0.00132
5552	0.00118
5554	8.14176E-4
5556	4.24497E-4
5558	5.62817E-4
5560	4.94138E-4
5562	-2.84351E-4
5564	1.90307E-5
5566	2.72413E-4
5568	2.87794E-4
5570	5.89176E-4
5572	-0.04946
5574	-0.59227
5576	-1.76565
5578	-3.14829
5580	-4.52177
5582	-5.80191
5584	-6.97462
5586	-8.02961
5588	-8.97508
5590	-9.79537
5592	-10.25867
5594	-9.92716
5596	-9.12489
5598	-8.17972
5600	-7.22067
5602	-6.30568
5604	-5.46192
5606	-4.70144
5608	-4.03018
5610	-3.4434
5612	-2.93697
5614	-2.50382
5616	-2.13401
5618	-1.81998
5620	-1.55653
5622	-1.33488
5624	-1.15007
5626	-0.99598
5628	-0.86729
5630	-0.75996
5632	-0.67046
5634	-0.59517
5636	-0.53156
5638	-0.47697
5640	-0.43096
5642	-0.39129
5644	-0.35524
5646	-0.32425
5648	-0.29779
5650	-0.27418
5652	-0.25158
5654	-0.23215
5656	-0.21558
5658	-0.19997
5660	-0.1861
5662	-0.17254
5664	-0.15976
5666	-0.14849
5668	-0.13796
5670	-0.12802
5672	-0.11904
5674	-0.11053
5676	-0.1034
5678	-0.09566
5680	-0.08968
5682	-0.08352
5684	-0.07689
5686	-0.07181
5688	-0.06697
5690	-0.06226
5692	-0.05822
5694	-0.05493
5696	-0.05247
5698	-0.04888
5700	-0.04625
5702	-0.0438
5704	-0.04047
5706	-0.03844
5708	-0.03701
5710	-0.0346
5712	-0.0323
5714	-0.02955
5716	-0.02847
5718	-0.02825
5720	-0.02576
5722	-0.02399
5724	-0.02316
5726	-0.02199
5728	-0.02046
5730	-0.01858
5732	-0.01765
5734	-0.01707
5736	-0.01609
5738	-0.01568
5740	-0.01359
5742	-0.01266
5744	-0.0134
5746	-0.01331
5748	-0.01347
5750	-0.01368
5752	-0.01283
5754	-0.01097
5756	-0.01109
5758	-0.01169
5760	-0.01136
5762	-0.01167
5764	-0.01229
5766	-0.01202
5768	-0.01109
5770	-0.00948
5772	-0.00863
5774	-0.00843
5776	-0.00861
5778	-0.0081
5780	-0.00706
5782	-0.00613
5784	-0.00646
5786	-0.00575
5788	-0.0043
5790	-0.00438
5792	-0.00477
5794	-0.00456
5796	-0.00479
5798	-0.00401
5800	-0.00429
5802	-0.00537
5804	-0.00551
5806	-0.00461
5808	-0.00501
5810	-0.00427
5812	-0.00233
5814	-0.0018
5816	-0.00194
5818	-0.0015
5820	-0.00243
5822	-0.00287
5824	-0.00351
5826	-0.0036
5828	-0.00306
5830	-0.00222
5832	-0.00198
5834	-0.004
5836	-0.00317
5838	-0.0014
5840	-8.32799E-4
5842	-8.27331E-4
5844	-0.00108
5846	-9.52396E-4
5848	-0.00106
5850	-0.00138
5852	-4.41413E-4
5854	-6.35076E-4
5856	-0.00117
5858	5.48597E-4
5860	7.53933E-4
5862	7.8727E-4
5864	4.45606E-4
5866	-0.00108
5868	-0.00149
5870	-0.00102
5872	-0.00135
5874	-0.0021
5876	-8.37375E-4
5878	-0.00113
5880	-0.0013
5882	-0.00154
5884	-0.00126
5886	4.73308E-4
5888	0.00101
5890	0.00119
5892	0.0021
5894	0.00224
5896	0.00172
5898	-2.56273E-4
5900	-0.00126
5902	-0.0014
5904	-5.99674E-4
5906	-1.74474E-4
5908	-5.08275E-4
5910	-4.51075E-4
5912	-5.24875E-4
5914	3.65325E-4
5916	-0.04657
5918	-0.57126
5920	-1.74023
5922	-3.13716
5924	-4.53144
5926	-5.83605
5928	-7.03155
5930	-8.11079
5932	-9.07541
5934	-9.92036
5936	-10.43167
5938	-10.13527
5940	-9.3326
5942	-8.37382
5944	-7.39622
5946	-6.46263
5948	-5.60371
5950	-4.82889
5952	-4.14094
5954	-3.54155
5956	-3.02235
5958	-2.57596
5960	-2.19608
5962	-1.87462
5964	-1.60365
5966	-1.37453
5968	-1.18351
5970	-1.02522
5972	-0.89208
5974	-0.77936
5976	-0.68768
5978	-0.60974
5980	-0.54389
5982	-0.48811
5984	-0.44011
5986	-0.39804
5988	-0.3625
5990	-0.33191
5992	-0.30501
5994	-0.28044
5996	-0.25854
5998	-0.23865
6000	-0.21967
6002	-0.20315
6004	-0.18842
6006	-0.17534
6008	-0.16204
6010	-0.14967
6012	-0.13993
6014	-0.13114
6016	-0.12168
6018	-0.11235
6020	-0.10411
6022	-0.09594
6024	-0.08922
6026	-0.08334
6028	-0.07698
6030	-0.07176
6032	-0.06648
6034	-0.06169
6036	-0.05792
6038	-0.05451
6040	-0.05043
6042	-0.0474
6044	-0.04535
6046	-0.04343
6048	-0.04093
6050	-0.0378
6052	-0.03503
6054	-0.03327
6056	-0.03232
6058	-0.03123
6060	-0.02965
6062	-0.02719
6064	-0.02556
6066	-0.02476
6068	-0.0232
6070	-0.0222
6072	-0.02128
6074	-0.02044
6076	-0.01992
6078	-0.01797
6080	-0.01689
6082	-0.01666
6084	-0.01642
6086	-0.01665
6088	-0.01614
6090	-0.01477
6092	-0.01304
6094	-0.01279
6096	-0.0125
6098	-0.01115
6100	-0.01093
6102	-0.01067
6104	-0.01145
6106	-0.01059
6108	-0.0098
6110	-0.0083
6112	-0.00873
6114	-0.00842
6116	-0.00806
6118	-0.00822
6120	-0.00751
6122	-0.00622
6124	-0.00492
6126	-0.00503
6128	-0.00505
6130	-0.00528
6132	-0.00652
6134	-0.007
6136	-0.00521
6138	-0.00314
6140	-0.00337
6142	-0.00463
6144	-0.00524
6146	-0.00485
6148	-0.00433
6150	-0.0028
6152	-0.00284
6154	-0.00265
6156	-0.00199
6158	-9.82664E-4
6160	-9.08401E-4
6162	-0.00215
6164	-0.00208
6166	-0.00279
6168	-0.00312
6170	-0.00287
6172	-0.00358
6174	-0.0031
6176	-0.00244
6178	-0.00295
6180	-0.00361
6182	-0.0043
6184	-0.00452
6186	-0.00421
6188	-0.00242
6190	-0.00185
6192	-0.00162
6194	-0.00172
6196	-8.90665E-4
6198	-9.58402E-4
6200	-0.0013
6202	-0.00162
6204	-2.57613E-4
6206	0.00144
6208	0.00133
6210	0.0014
6212	0.00135
6214	8.64703E-4
6216	1.18966E-4
6218	-9.21545E-4
6220	-3.62277E-4
6222	-4.60008E-4
6224	-6.9174E-4
6226	3.72529E-4
6228	3.56797E-4
6230	-6.18934E-4
6232	-8.35666E-4
6234	1.61603E-4
6236	1.57871E-4
6238	7.9914E-4
6240	-1.79592E-4
6242	-0.00127
6244	-7.58055E-4
6246	-0.00123
6248	-0.00157
6250	-0.00165
6252	-0.00222
6254	-0.00242
6256	-0.0015
6258	-8.1584E-4
6260	-0.03653
6262	-0.52005
6264	-1.67407
6266	-3.07524
6268	-4.4916
6270	-5.82232
6272	-7.04499
6274	-8.14976
6276	-9.143
6278	-10.00784
6280	-10.55868
6282	-10.30975
6284	-9.52354
6286	-8.5613
6288	-7.57279
6290	-6.62417
6292	-5.74619
6294	-4.95425
6296	-4.25223
6298	-3.63775
6300	-3.10265
6302	-2.644
6304	-2.25352
6306	-1.92199
6308	-1.64376
6310	-1.40924
6312	-1.21326
6314	-1.04867
6316	-0.91184
6318	-0.79808
6320	-0.70207
6322	-0.62193
6324	-0.5544
6326	-0.49716
6328	-0.44895
6330	-0.40638
6332	-0.37003
6334	-0.33788
6336	-0.30997
6338	-0.28469
6340	-0.26309
6342	-0.24289
6344	-0.22415
6346	-0.20794
6348	-0.19296
6350	-0.17826
6352	-0.16537
6354	-0.15375
6356	-0.14232
6358	-0.13194
6360	-0.12242
6362	-0.11311
6364	-0.10542
6366	-0.09681
6368	-0.08897
6370	-0.08299
6372	-0.07699
6374	-0.07195
6376	-0.06751
6378	-0.06314
6380	-0.05908
6382	-0.05506
6384	-0.05104
6386	-0.04782
6388	-0.0442
6390	-0.0421
6392	-0.03853
6394	-0.03587
6396	-0.03366
6398	-0.03191
6400	-0.03115
6402	-0.02868
6404	-0.02678
6406	-0.0244
6408	-0.02323
6410	-0.0231
6412	-0.0218
6414	-0.02036
6416	-0.01842
6418	-0.01718
6420	-0.01588
6422	-0.01422
6424	-0.01373
6426	-0.01428
6428	-0.01442
6430	-0.0137
6432	-0.0129
6434	-0.01275
6436	-0.01199
6438	-0.01157
6440	-0.01048
6442	-0.01106
6444	-0.01124
6446	-0.00899
6448	-0.00812
6450	-0.00939
6452	-0.00932
6454	-0.00839
6456	-0.00737
6458	-0.00814
6460	-0.00906
6462	-0.00782
6464	-0.00679
6466	-0.00627
6468	-0.00611
6470	-0.00492
6472	-0.00425
6474	-0.00471
6476	-0.00241
6478	-0.00222
6480	-0.00314
6482	-0.00246
6484	-0.00202
6486	-0.00109
6488	-0.00229
6490	-0.00197
6492	-0.00144
6494	-7.74802E-4
6496	-2.85234E-4
6498	-0.00177
6500	-0.00316
6502	-0.00331
6504	-0.0037
6506	-0.00363
6508	-0.00299
6510	-0.00147
6512	-0.00162
6514	-0.00176
6516	-0.00158
6518	-0.00283
6520	-0.00317
6522	-0.00255
6524	-0.00222
6526	-0.00165
6528	-0.00181
6530	-0.00173
6532	-0.00176
6534	-0.00203
6536	-0.00229
6538	-9.54303E-4
6540	-5.19735E-4
6542	-0.00114
6544	-0.00107
6546	-2.11232E-4
6548	-4.52395E-4
6550	-6.53558E-4
6552	-5.14721E-4
6554	1.21162E-5
6556	5.04953E-4
6558	9.1379E-4
6560	0.00112
6562	0.00187
6564	7.76301E-4
6566	6.06138E-4
6568	5.17975E-4
6570	8.23812E-4
6572	1.58649E-4
6574	4.14857E-5
6576	-1.94677E-4
6578	0.0012
6580	0.00199
6582	0.00152
6584	0.00124
6586	0.00223
6588	0.00192
6590	0.00172
6592	0.00116
6594	0.00116
6596	-1.80369E-4
6598	-2.75691E-4
6600	-3.57014E-4
6602	-5.05336E-4
6604	-0.02611
6606	-0.44584
6608	-1.56398
6610	-2.98182
6612	-4.41743
6614	-5.7779
6616	-7.02813
6618	-8.16339
6620	-9.18164
6622	-10.06708
6624	-10.68526
6626	-10.52312
6628	-9.76425
6630	-8.80029
6632	-7.79608
6634	-6.82827
6636	-5.92996
6638	-5.11769
6640	-4.39372
6642	-3.75836
6644	-3.20789
6646	-2.73496
6648	-2.33115
6650	-1.98776
6652	-1.69947
6654	-1.45707
6656	-1.25328
6658	-1.08307
6660	-0.94165
6662	-0.82365
6664	-0.72573
6666	-0.64315
6668	-0.57271
6670	-0.51286
6672	-0.4626
6674	-0.41993
6676	-0.38014
6678	-0.34632
6680	-0.31771
6682	-0.2926
6684	-0.27009
6686	-0.2494
6688	-0.23098
6690	-0.21415
6692	-0.19782
6694	-0.18281
6696	-0.17038
6698	-0.15829
6700	-0.14698
6702	-0.13688
6704	-0.12654
6706	-0.11645
6708	-0.10831
6710	-0.10032
6712	-0.09464
6714	-0.08776
6716	-0.08166
6718	-0.07575
6720	-0.07115
6722	-0.06637
6724	-0.062
6726	-0.05879
6728	-0.05391
6730	-0.05077
6732	-0.04832
6734	-0.04447
6736	-0.04137
6738	-0.03971
6740	-0.0372
6742	-0.0349
6744	-0.03265
6746	-0.0301
6748	-0.02902
6750	-0.02702
6752	-0.02593
6754	-0.02467
6756	-0.02278
6758	-0.02142
6760	-0.02089
6762	-0.01958
6764	-0.01798
6766	-0.01694
6768	-0.0162
6770	-0.01543
6772	-0.01551
6774	-0.01544
6776	-0.01454
6778	-0.01457
6780	-0.01195
6782	-0.01135
6784	-0.01167
6786	-0.01151
6788	-0.01079
6790	-0.0099
6792	-0.01091
6794	-0.01012
6796	-0.00935
6798	-0.0083
6800	-0.00802
6802	-0.007
6804	-0.00758
6806	-0.00676
6808	-0.00637
6810	-0.00682
6812	-0.00673
6814	-0.00599
6816	-0.00519
6818	-0.00406
6820	-0.00335
6822	-0.00392
6824	-0.00439
6826	-0.00459
6828	-0.00482
6830	-0.00403
6832	-0.00215
6834	-8.57667E-4
6836	-8.00437E-5
6838	-0.00105
6840	-0.00183
6842	-0.00181
6844	4.1945E-4
6846	0.00163
6848	0.00179
6850	6.70321E-4
6852	0.00115
6854	0.00158
6856	1.81192E-4
6858	-9.42185E-4
6860	-3.72561E-4
6862	-2.20938E-4
6864	3.85686E-4
6866	5.83094E-5
6868	-8.98067E-4
6870	-8.74444E-4
6872	-4.35363E-4
6874	-4.23551E-4
6876	-0.00101
6878	-4.28927E-4
6880	3.03885E-4
6882	0.00158
6884	3.97509E-4
6886	0.00127
6888	0.00175
6890	0.00148
6892	7.31757E-4
6894	1.56912E-6
6896	-4.92619E-4
6898	-4.46807E-4
6900	-6.83995E-4
6902	-5.48183E-4
6904	1.48629E-4
6906	-4.83559E-4
6908	5.20253E-4
6910	0.00244
6912	0.00138
6914	4.02373E-4
6916	6.29016E-5
6918	5.18431E-4
6920	7.5896E-4
6922	6.72489E-4
6924	6.30176E-5
6926	6.72547E-4
6928	0.00139
6930	0.00162
6932	0.00193
6934	0.00231
6936	0.00162
6938	7.21721E-4
6940	7.4425E-4
6942	2.05779E-4
6944	-0.00132
6946	-3.94163E-4
6948	-0.02011
6950	-0.42052
6952	-1.53333
6954	-2.96271
6956	-4.42342
6958	-5.81523
6960	-7.0904
6962	-8.24141
6964	-9.27533
6966	-10.18889
6968	-10.82379
6970	-10.67361
6972	-9.92078
6974	-8.95396
6976	-7.94461
6978	-6.96599
6980	-6.05658
6982	-5.2342
6984	-4.50257
6986	-3.85895
6988	-3.29982
6990	-2.81834
6992	-2.40603
6994	-2.0559
6996	-1.75954
6998	-1.51111
7000	-1.30291
7002	-1.1282
7004	-0.98073
7006	-0.85699
7008	-0.75524
7010	-0.67046
7012	-0.5967
7014	-0.53478
7016	-0.48172
7018	-0.43657
7020	-0.39687
7022	-0.36192
7024	-0.33097
7026	-0.30465
7028	-0.28139
7030	-0.26102
7032	-0.2419
7034	-0.22428
7036	-0.20759
7038	-0.1934
7040	-0.17908
7042	-0.16538
7044	-0.15374
7046	-0.1427
7048	-0.13231
7050	-0.12346
7052	-0.1154
7054	-0.10694
7056	-0.10031
7058	-0.09336
7060	-0.08776
7062	-0.08167
7064	-0.07565
7066	-0.0709
7068	-0.06583
7070	-0.06146
7072	-0.05781
7074	-0.05519
7076	-0.05256
7078	-0.04954
7080	-0.04607
7082	-0.04255
7084	-0.04071
7086	-0.0381
7088	-0.03498
7090	-0.03212
7092	-0.0316
7094	-0.03114
7096	-0.02933
7098	-0.02776
7100	-0.0261
7102	-0.02528
7104	-0.02497
7106	-0.02401
7108	-0.0219
7110	-0.02007
7112	-0.02035
7114	-0.01984
7116	-0.01901
7118	-0.0183
7120	-0.01741
7122	-0.0151
7124	-0.01346
7126	-0.01296
7128	-0.01289
7130	-0.01281
7132	-0.01241
7134	-0.01263
7136	-0.01215
7138	-0.01267
7140	-0.01311
7142	-0.01276
7144	-0.01133
7146	-0.01131
7148	-0.01145
7150	-0.01088
7152	-0.00996
7154	-0.00939
7156	-0.01051
7158	-0.00986
7160	-0.00822
7162	-0.00747
7164	-0.00776
7166	-0.00759
7168	-0.00579
7170	-0.00519
7172	-0.00469
7174	-0.00484
7176	-0.00507
7178	-0.00535
7180	-0.00514
7182	-0.00532
7184	-0.005
7186	-0.00556
7188	-0.00582
7190	-0.00547
7192	-0.00659
7194	-0.00515
7196	-0.00404
7198	-0.00424
7200	-0.00334
7202	-0.00292
7204	-0.00217
7206	-0.00125
7208	-0.00153
7210	-0.00165
7212	-0.00176
7214	-0.00262
7216	-0.00315
7218	-0.00301
7220	-0.00312
7222	-0.00405
7224	-0.00455
7226	-0.00382
7228	-0.00353
7230	-0.00288
7232	-0.00188
7234	-7.00736E-4
7236	-1.2308E-4
7238	-3.86424E-4
7240	-4.4969E-5
7242	-3.04375E-4
7244	0.0014
7246	0.00228
7248	8.53407E-4
7250	9.32E-4
7252	5.16594E-4
7254	-2.80812E-4
7256	-0.00116
7258	-2.54624E-4
7260	0.00133
7262	-3.96436E-4
7264	-0.00175
7266	-0.00138
7268	-1.92655E-4
7270	1.19939E-4
7272	5.71533E-4
7274	8.91127E-4
7276	8.54721E-4
7278	8.91315E-4
7280	1.71689E-4
7282	-7.641E-4
7284	-3.59889E-4
7286	4.43222E-5
7288	6.26533E-4
7290	5.70744E-4
7292	-0.01219
7294	-0.34306
7296	-1.39604
7298	-2.8209
7300	-4.30231
7302	-5.72108
7304	-7.03371
7306	-8.22427
7308	-9.28578
7310	-10.22159
7312	-10.91115
7314	-10.84997
7316	-10.13734
7318	-9.17831
7320	-8.15782
7322	-7.16286
7324	-6.2326
7326	-5.38439
7328	-4.62894
7330	-3.96472
7332	-3.38732
7334	-2.88968
7336	-2.46417
7338	-2.10263
7340	-1.79753
7342	-1.54115
7344	-1.32492
7346	-1.14558
7348	-0.99568
7350	-0.87045
7352	-0.76503
7354	-0.67613
7356	-0.60173
7358	-0.53915
7360	-0.48447
7362	-0.43937
7364	-0.40056
7366	-0.36607
7368	-0.335
7370	-0.30756
7372	-0.28397
7374	-0.26247
7376	-0.24274
7378	-0.22441
7380	-0.20736
7382	-0.19075
7384	-0.17622
7386	-0.16406
7388	-0.15305
7390	-0.14186
7392	-0.13189
7394	-0.12178
7396	-0.11433
7398	-0.10571
7400	-0.0983
7402	-0.09207
7404	-0.0854
7406	-0.07839
7408	-0.07198
7410	-0.06605
7412	-0.06106
7414	-0.05715
7416	-0.05353
7418	-0.04986
7420	-0.04603
7422	-0.04305
7424	-0.0404
7426	-0.03743
7428	-0.03471
7430	-0.03257
7432	-0.03137
7434	-0.0302
7436	-0.029
7438	-0.02837
7440	-0.02608
7442	-0.02484
7444	-0.02375
7446	-0.02205
7448	-0.02095
7450	-0.02062
7452	-0.01927
7454	-0.01787
7456	-0.01784
7458	-0.01636
7460	-0.01519
7462	-0.0142
7464	-0.01267
7466	-0.01139
7468	-0.0112
7470	-0.01078
7472	-0.01119
7474	-0.00998
7476	-0.00913
7478	-0.00909
7480	-0.00878
7482	-0.0085
7484	-0.00808
7486	-0.00701
7488	-0.00728
7490	-0.00738
7492	-0.00665
7494	-0.00584
7496	-0.005
7498	-0.0042
7500	-0.00424
7502	-0.00486
7504	-0.00464
7506	-0.00283
7508	-0.00342
7510	-0.00324
7512	-0.00287
7514	-0.00202
7516	-0.00215
7518	-0.00261
7520	-0.00276
7522	-0.0026
7524	-0.00284
7526	-0.00431
7528	-0.00396
7530	-0.00308
7532	-0.00311
7534	-0.00323
7536	-0.00321
7538	-0.00445
7540	-0.00506
7542	-0.00314
7544	-0.00162
7546	-0.00125
7548	-0.00167
7550	-0.00158
7552	-0.00135
7554	-5.07152E-4
7556	-7.19997E-4
7558	-0.00124
7560	-7.08686E-4
7562	2.95469E-4
7564	9.87625E-4
7566	0.00173
7568	0.00142
7570	-1.0516E-5
7572	2.08626E-4
7574	3.24768E-4
7576	7.8991E-4
7578	0.00162
7580	0.00144
7582	0.00192
7584	0.00132
7586	5.38621E-4
7588	-4.99237E-4
7590	-8.60945E-5
7592	0.0012
7594	0.00188
7596	0.0018
7598	2.99474E-4
7600	1.56162E-5
7602	1.71758E-4
7604	-2.90995E-5
7606	2.20427E-5
7608	7.45779E-5
7610	3.96135E-4
7612	8.24693E-4
7614	7.02505E-5
7616	-8.19192E-4
7618	1.63655E-5
7620	6.39923E-4
7622	-4.12519E-4
7624	-0.00108
7626	-5.66404E-4
7628	-2.49847E-4
7630	8.47711E-4
7632	2.02681E-5
7634	4.81826E-4
7636	-0.00788
7638	-0.31126
7640	-1.34386
7642	-2.77555
7644	-4.27489
7646	-5.72117
7648	-7.05857
7650	-8.27633
7652	-9.3604
7654	-10.32324
7656	-11.06297
7658	-11.07717
7660	-10.39507
7662	-9.43573
7664	-8.40178
7666	-7.38613
7668	-6.43449
7670	-5.56628
7672	-4.78776
7674	-4.10372
7676	-3.50845
7678	-2.99405
7680	-2.55476
7682	-2.18115
7684	-1.86476
7686	-1.59833
7688	-1.37483
7690	-1.18777
7692	-1.03221
7694	-0.90113
7696	-0.79072
7698	-0.69847
7700	-0.6206
7702	-0.55519
7704	-0.50033
7706	-0.45286
7708	-0.41101
7710	-0.37438
7712	-0.34229
7714	-0.3149
7716	-0.29027
7718	-0.26718
7720	-0.24658
7722	-0.2275
7724	-0.21077
7726	-0.19472
7728	-0.18067
7730	-0.16777
7732	-0.15617
7734	-0.14487
7736	-0.13471
7738	-0.12415
7740	-0.11493
7742	-0.10685
7744	-0.09983
7746	-0.09231
7748	-0.08541
7750	-0.07933
7752	-0.0748
7754	-0.07029
7756	-0.06503
7758	-0.06053
7760	-0.05572
7762	-0.05183
7764	-0.04918
7766	-0.04598
7768	-0.04283
7770	-0.03985
7772	-0.03864
7774	-0.03531
7776	-0.03288
7778	-0.03088
7780	-0.02834
7782	-0.02705
7784	-0.02497
7786	-0.0236
7788	-0.02313
7790	-0.02151
7792	-0.02049
7794	-0.01858
7796	-0.01676
7798	-0.01613
7800	-0.01577
7802	-0.01645
7804	-0.0144
7806	-0.01452
7808	-0.01295
7810	-0.01225
7812	-0.01286
7814	-0.0126
7816	-0.01266
7818	-0.01189
7820	-0.01179
7822	-0.00982
7824	-0.00896
7826	-0.00881
7828	-0.00703
7830	-0.0067
7832	-0.0055
7834	-0.00478
7836	-0.0052
7838	-0.00591
7840	-0.00671
7842	-0.00658
7844	-0.0064
7846	-0.00522
7848	-0.00591
7850	-0.00625
7852	-0.00422
7854	-0.00351
7856	-0.00288
7858	-0.00277
7860	-0.00251
7862	-0.00199
7864	-9.2611E-4
7866	-7.21624E-4
7868	-0.00227
7870	-0.00203
7872	-0.0019
7874	-0.00255
7876	-0.00139
7878	-5.17709E-4
7880	7.18777E-4
7882	1.71263E-4
7884	-3.6251E-5
7886	1.78235E-4
7888	0.00127
7890	7.39207E-4
7892	-8.32307E-4
7894	-3.48808E-5
7896	3.93855E-4
7898	0.00129
7900	6.09326E-4
7902	-6.33939E-4
7904	-5.64203E-4
7906	3.30533E-4
7908	1.52268E-4
7910	-2.08996E-4
7912	3.05739E-4
7914	4.90475E-4
7916	0.00128
7918	-9.1054E-5
7920	-0.00126
7922	-2.85583E-4
7924	5.21527E-5
7926	-2.33112E-4
7928	2.88624E-4
7930	-3.22641E-4
7932	-8.30905E-4
7934	-2.68134E-4
7936	5.22921E-4
7938	0.00158
7940	0.0014
7942	0.00101
7944	0.00153
7946	0.00132
7948	5.68252E-4
7950	-1.99693E-4
7952	2.39362E-4
7954	0.00149
7956	0.00191
7958	0.00179
7960	0.00213
7962	0.00239
7964	0.0021
7966	0.00202
7968	0.0018
7970	0.00227
7972	0.00148
7974	4.00525E-4
7976	2.56513E-4
7978	0.00114
7980	-0.00552
7982	-0.27221
7984	-1.27278
7986	-2.70609
7988	-4.22024
7990	-5.68952
7992	-7.05221
7994	-8.28967
7996	-9.38764
7998	-10.37468
8000	-11.16971
8002	-11.2643
8004	-10.61609
8006	-9.66122
8008	-8.6171
8010	-7.58358
8012	-6.61021
8014	-5.72065
8016	-4.92478
8018	-4.22159
8020	-3.60828
8022	-3.07988
8024	-2.62806
8026	-2.24287
8028	-1.91709
8030	-1.64319
8032	-1.41278
8034	-1.22025
8036	-1.0597
8038	-0.92514
8040	-0.81266
8042	-0.71803
8044	-0.63916
8046	-0.57275
8048	-0.51515
8050	-0.4652
8052	-0.42215
8054	-0.38627
8056	-0.35359
8058	-0.3242
8060	-0.29763
8062	-0.27335
8064	-0.25242
8066	-0.23366
8068	-0.21768
8070	-0.20147
8072	-0.18609
8074	-0.17219
8076	-0.15991
8078	-0.14967
8080	-0.13929
8082	-0.12895
8084	-0.11999
8086	-0.11206
8088	-0.10452
8090	-0.09728
8092	-0.0899
8094	-0.08259
8096	-0.07634
8098	-0.07197
8100	-0.06862
8102	-0.06364
8104	-0.05905
8106	-0.05569
8108	-0.05183
8110	-0.04802
8112	-0.04504
8114	-0.04298
8116	-0.03965
8118	-0.03775
8120	-0.03549
8122	-0.03344
8124	-0.03149
8126	-0.02921
8128	-0.02804
8130	-0.02632
8132	-0.02395
8134	-0.02235
8136	-0.02107
8138	-0.02077
8140	-0.02058
8142	-0.02063
8144	-0.01995
8146	-0.02
8148	-0.01841
8150	-0.01672
8152	-0.01538
8154	-0.01526
8156	-0.01451
8158	-0.01346
8160	-0.01201
8162	-0.01024
8164	-0.00953
8166	-0.00921
8168	-0.00985
8170	-0.0093
8172	-0.00836
8174	-0.00816
8176	-0.00769
8178	-0.00679
8180	-0.00576
8182	-0.00655
8184	-0.00678
8186	-0.00564
8188	-0.00439
8190	-0.00467
8192	-0.00614
8194	-0.00545
8196	-0.0058
8198	-0.00556
8200	-0.00533
8202	-0.00578
8204	-0.00544
8206	-0.00431
8208	-0.00285
8210	-0.00344
8212	-0.00365
8214	-0.00274
8216	-0.00272
8218	-0.00281
8220	-0.00289
8222	-0.00309
8224	-0.00268
8226	-0.00276
8228	-0.00191
8230	-0.00154
8232	-0.00201
8234	-0.00154
8236	-0.00117
8238	-3.97334E-4
8240	-2.15045E-4
8242	-1.66756E-4
8244	0.0016
8246	0.00192
8248	7.2111E-4
8250	1.99399E-4
8252	-2.95312E-4
8254	5.48977E-4
8256	5.47265E-4
8258	5.15554E-4
8260	-3.40157E-4
8262	2.64735E-4
8264	5.34215E-4
8266	-2.14305E-4
8268	-1.44824E-4
8270	2.36656E-4
8272	-1.02864E-4
8274	-1.07384E-4
8276	-2.91904E-4
8278	-3.49423E-4
8280	-2.01943E-4
8282	-8.25463E-4
8284	-1.80983E-4
8286	8.20497E-4
8288	0.00135
8290	0.00221
8292	0.00166
8294	-1.98582E-4
8296	-8.63102E-4
8298	-8.97621E-4
8300	1.57859E-4
8302	5.39323E-4
8304	0.00134
8306	0.00121
8308	0.00107
8310	-1.06013E-4
8312	-3.50966E-5
8314	2.96819E-4
8316	4.16735E-4
8318	1.94651E-4
8320	8.58567E-4
8322	9.72483E-4
8324	-0.00383
8326	-0.25343
8328	-1.23601
8330	-2.67111
8332	-4.20401
8334	-5.69975
8336	-7.08715
8338	-8.34844
8340	-9.48018
8342	-10.49076
8344	-11.30849
8346	-11.43394
8348	-10.79183
8350	-9.82665
8352	-8.76691
8354	-7.71579
8356	-6.72599
8358	-5.82113
8360	-5.01079
8362	-4.29677
8364	-3.67428
8366	-3.13699
8368	-2.67651
8370	-2.2845
8372	-1.95369
8374	-1.67551
8376	-1.44113
8378	-1.2457
8380	-1.08066
8382	-0.9428
8384	-0.82672
8386	-0.72862
8388	-0.64661
8390	-0.57765
8392	-0.51926
8394	-0.47
8396	-0.4262
8398	-0.38873
8400	-0.35688
8402	-0.32763
8404	-0.30098
8406	-0.27861
8408	-0.25837
8410	-0.23979
8412	-0.22274
8414	-0.20617
8416	-0.19042
8418	-0.17558
8420	-0.16215
8422	-0.15071
8424	-0.13985
8426	-0.12908
8428	-0.1197
8430	-0.11027
8432	-0.10175
8434	-0.09563
8436	-0.08847
8438	-0.08214
8440	-0.07773
8442	-0.07209
8444	-0.06633
8446	-0.06264
8448	-0.05854
8450	-0.05351
8452	-0.04931
8454	-0.04504
8456	-0.04296
8458	-0.04073
8460	-0.03865
8462	-0.03666
8464	-0.03434
8466	-0.03273
8468	-0.03098
8470	-0.02895
8472	-0.02757
8474	-0.02645
8476	-0.02573
8478	-0.02299
8480	-0.02145
8482	-0.02027
8484	-0.01936
8486	-0.01773
8488	-0.01714
8490	-0.01606
8492	-0.01483
8494	-0.01597
8496	-0.01641
8498	-0.0165
8500	-0.01634
8502	-0.01582
8504	-0.01574
8506	-0.01387
8508	-0.01322
8510	-0.01286
8512	-0.01237
8514	-0.01107
8516	-0.00986
8518	-0.00934
8520	-0.00861
8522	-0.0074
8524	-0.00756
8526	-0.0076
8528	-0.00741
8530	-0.00797
8532	-0.00813
8534	-0.00797
8536	-0.00757
8538	-0.00588
8540	-0.00499
8542	-0.00417
8544	-0.00373
8546	-0.00389
8548	-0.00421
8550	-0.0049
8552	-0.00402
8554	-0.00328
8556	-0.00261
8558	-0.00207
8560	-0.00214
8562	-0.00279
8564	-0.00314
8566	-0.00243
8568	-0.00125
8570	-0.00174
8572	-0.00271
8574	-0.00349
8576	-0.00359
8578	-0.00286
8580	-0.00171
8582	-0.00123
8584	-0.00105
8586	-0.00212
8588	-0.00166
8590	-0.00173
8592	-0.00162
8594	-0.00218
8596	-0.00231
8598	-0.00126
8600	-5.43522E-4
8602	-0.0011
8604	-0.00163
8606	-0.00294
8608	-0.00248
8610	-0.00195
8612	-0.00235
8614	-0.0019
8616	-0.00159
8618	-0.00159
8620	-4.62522E-4
8622	2.33178E-4
8624	-7.96122E-4
8626	-9.94422E-4
8628	5.21278E-4
8630	0.00115
8632	0.0012
8634	8.16077E-4
8636	8.89119E-4
8638	6.82161E-4
8640	4.45204E-4
8642	7.25246E-4
8644	4.20288E-4
8646	-1.4767E-4
8648	7.63727E-5
8650	-4.09585E-4
8652	-8.22543E-4
8654	-9.295E-4
8656	-0.0016
8658	-4.17416E-4
8660	0.00115
8662	0.00195
8664	0.0018
8666	0.00179
8668	-0.00229
8670	-0.22855
8672	-1.19084
8674	-2.63018
8676	-4.17905
8678	-5.69133
8680	-7.10266
8682	-8.39226
8684	-9.5551
8686	-10.59153
8688	-11.44661
8690	-11.63494
8692	-11.02467
8694	-10.06521
8696	-8.9984
8698	-7.93318
8700	-6.92596
8702	-6.00148
8704	-5.17167
8706	-4.43864
8708	-3.79841
8710	-3.24549
8712	-2.77067
8714	-2.36664
8716	-2.02518
8718	-1.73649
8720	-1.49523
8722	-1.29287
8724	-1.12293
8726	-0.98045
8728	-0.86075
8730	-0.75967
8732	-0.67351
8734	-0.60178
8736	-0.54017
8738	-0.48771
8740	-0.44253
8742	-0.40321
8744	-0.36908
8746	-0.33789
8748	-0.3114
8750	-0.28693
8752	-0.26361
8754	-0.24315
8756	-0.22573
8758	-0.20953
8760	-0.19423
8762	-0.18129
8764	-0.16812
8766	-0.15636
8768	-0.144
8770	-0.13402
8772	-0.12344
8774	-0.11551
8776	-0.10814
8778	-0.10065
8780	-0.09329
8782	-0.08827
8784	-0.08202
8786	-0.07627
8788	-0.07119
8790	-0.06691
8792	-0.06234
8794	-0.05799
8796	-0.05329
8798	-0.05027
8800	-0.04727
8802	-0.04389
8804	-0.04179
8806	-0.03973
8808	-0.03636
8810	-0.03352
8812	-0.03089
8814	-0.02889
8816	-0.0263
8818	-0.02461
8820	-0.02344
8822	-0.02303
8824	-0.02242
8826	-0.02129
8828	-0.02116
8830	-0.02037
8832	-0.0185
8834	-0.01807
8836	-0.0171
8838	-0.01492
8840	-0.01458
8842	-0.01431
8844	-0.01343
8846	-0.0129
8848	-0.01176
8850	-0.01168
8852	-0.01146
8854	-0.01003
8856	-0.00965
8858	-0.00943
8860	-0.00943
8862	-0.00917
8864	-0.00899
8866	-0.00909
8868	-0.00794
8870	-0.00835
8872	-0.00855
8874	-0.00811
8876	-0.00871
8878	-0.00847
8880	-0.00882
8882	-0.0083
8884	-0.00819
8886	-0.00684
8888	-0.00662
8890	-0.0073
8892	-0.0066
8894	-0.00652
8896	-0.00587
8898	-0.00629
8900	-0.00621
8902	-0.00659
8904	-0.00612
8906	-0.00581
8908	-0.00464
8910	-0.00389
8912	-0.00275
8914	-0.0027
8916	-0.00236
8918	-0.00131
8920	-0.00227
8922	-0.00265
8924	-0.00294
8926	-0.00213
8928	-0.0018
8930	-0.00176
8932	-0.0011
8934	-6.88989E-4
8936	-0.00178
8938	-0.00175
8940	-0.00155
8942	-0.00185
8944	-0.00237
8946	-0.00179
8948	-3.21611E-4
8950	-0.00187
8952	-0.00259
8954	-0.00295
8956	-0.00284
8958	-0.00199
8960	-0.00267
8962	-0.0022
8964	-0.00271
8966	-0.00128
8968	-6.18578E-4
8970	-7.12046E-5
8972	1.36169E-4
8974	3.77542E-4
8976	6.40915E-4
8978	0.00108
8980	7.18661E-4
8982	2.80343E-5
8984	1.65407E-4
8986	3.12781E-4
8988	3.68154E-4
8990	-5.34473E-4
8992	-1.181E-4
8994	-6.07268E-5
8996	3.03646E-4
8998	6.4136E-4
9000	2.62085E-4
9002	8.80989E-6
9004	4.07535E-4
9006	9.39259E-4
9008	8.28984E-4
9010	1.05709E-4
9012	-0.00131
9014	-0.17962
9016	-1.06867
9018	-2.49398
9020	-4.07253
9022	-5.62896
9024	-7.0798
9026	-8.40734
9028	-9.6044
9030	-10.66645
9032	-11.55273
9034	-11.82031
9036	-11.25925
9038	-10.30979
9040	-9.23326
9042	-8.15199
9044	-7.12478
9046	-6.1792
9048	-5.32913
9050	-4.57611
9052	-3.91896
9054	-3.34918
9056	-2.86087
9058	-2.44355
9060	-2.09003
9062	-1.7917
9064	-1.54059
9066	-1.33039
9068	-1.15527
9070	-1.0088
9072	-0.88524
9074	-0.78087
9076	-0.69238
9078	-0.61738
9080	-0.55379
9082	-0.50103
9084	-0.45501
9086	-0.41408
9088	-0.37852
9090	-0.34617
9092	-0.31861
9094	-0.29451
9096	-0.27221
9098	-0.25128
9100	-0.23356
9102	-0.21732
9104	-0.20164
9106	-0.18608
9108	-0.17275
9110	-0.16082
9112	-0.1491
9114	-0.13678
9116	-0.1266
9118	-0.11857
9120	-0.11153
9122	-0.10376
9124	-0.0947
9126	-0.08839
9128	-0.08268
9130	-0.07748
9132	-0.07228
9134	-0.06723
9136	-0.06212
9138	-0.05838
9140	-0.05463
9142	-0.05076
9144	-0.04696
9146	-0.04337
9148	-0.03939
9150	-0.03623
9152	-0.03424
9154	-0.03173
9156	-0.02886
9158	-0.02655
9160	-0.0265
9162	-0.02638
9164	-0.02543
9166	-0.02492
9168	-0.02369
9170	-0.02344
9172	-0.02145
9174	-0.01953
9176	-0.01988
9178	-0.01876
9180	-0.01668
9182	-0.01658
9184	-0.01662
9186	-0.0156
9188	-0.01542
9190	-0.01546
9192	-0.0147
9194	-0.01362
9196	-0.01302
9198	-0.01132
9200	-0.0108
9202	-0.01101
9204	-0.01015
9206	-0.00887
9208	-0.00942
9210	-0.00921
9212	-0.00852
9214	-0.00846
9216	-0.00873
9218	-0.00832
9220	-0.00711
9222	-0.00582
9224	-0.00641
9226	-0.00641
9228	-0.00595
9230	-0.00527
9232	-0.00474
9234	-0.00496
9236	-0.00474
9238	-0.00417
9240	-0.00364
9242	-0.00257
9244	-0.00272
9246	-0.00275
9248	-0.00192
9250	-0.00254
9252	-0.00266
9254	-0.00253
9256	-0.00172
9258	-0.00143
9260	-0.00117
9262	-9.08779E-4
9264	-0.0018
9266	-0.00265
9268	-0.00306
9270	-0.00153
9272	-0.00171
9274	-0.00206
9276	-0.00121
9278	-8.63012E-4
9280	-0.00168
9282	-0.00235
9284	-0.00179
9286	-8.50766E-4
9288	5.91758E-4
9290	0.00122
9292	0.00128
9294	8.0833E-4
9296	4.61853E-4
9298	-6.68623E-4
9300	-0.0013
9302	-0.00172
9304	-0.00136
9306	5.24726E-5
9308	-6.72004E-4
9310	-0.00164
9312	-0.00134
9314	-0.0017
9316	-0.00177
9318	-0.00156
9320	-8.33861E-4
9322	-1.55337E-4
9324	-1.25438E-4
9326	-5.3526E-4
9328	-0.00106
9330	2.42096E-4
9332	5.25274E-4
9334	4.74453E-4
9336	0.00114
9338	6.40809E-4
9340	8.72987E-4
9342	5.90165E-4
9344	5.05343E-4
9346	1.13521E-4
9348	-7.863E-4
9350	-0.00103
9352	-3.32944E-4
9354	-0.00103
9356	-0.00259
9358	-0.14956
9360	-1.00015
9362	-2.42533
9364	-4.01267
9366	-5.58401
9368	-7.06708
9370	-8.43174
9372	-9.65281
9374	-10.73823
9376	-11.65547
9378	-11.99445
9380	-11.48208
9382	-10.54376
9384	-9.45794
9386	-8.35672
9388	-7.30674
9390	-6.33967
9392	-5.46749
9394	-4.69626
9396	-4.02031
9398	-3.43513
9400	-2.93272
9402	-2.50356
9404	-2.13997
9406	-1.83482
9408	-1.57677
9410	-1.36104
9412	-1.17938
9414	-1.02893
9416	-0.90192
9418	-0.79531
9420	-0.70568
9422	-0.63095
9424	-0.56661
9426	-0.51079
9428	-0.46387
9430	-0.42351
9432	-0.38719
9434	-0.35296
9436	-0.32407
9438	-0.29924
9440	-0.27601
9442	-0.25509
9444	-0.23593
9446	-0.21858
9448	-0.20282
9450	-0.18842
9452	-0.17467
9454	-0.16274
9456	-0.14986
9458	-0.13846
9460	-0.1293
9462	-0.12052
9464	-0.11227
9466	-0.10445
9468	-0.09671
9470	-0.08915
9472	-0.08266
9474	-0.077
9476	-0.07216
9478	-0.06704
9480	-0.06378
9482	-0.0595
9484	-0.0561
9486	-0.05397
9488	-0.05062
9490	-0.04749
9492	-0.0439
9494	-0.04159
9496	-0.03909
9498	-0.03563
9500	-0.03344
9502	-0.03098
9504	-0.02765
9506	-0.02502
9508	-0.02425
9510	-0.02341
9512	-0.02235
9514	-0.02084
9516	-0.0196
9518	-0.01717
9520	-0.01555
9522	-0.01563
9524	-0.0157
9526	-0.01554
9528	-0.01669
9530	-0.01731
9532	-0.01802
9534	-0.01639
9536	-0.01595
9538	-0.01436
9540	-0.01271
9542	-0.01228
9544	-0.01113
9546	-0.01097
9548	-0.0097
9550	-0.00875
9552	-0.00956
9554	-0.01044
9556	-0.01024
9558	-0.01054
9560	-0.00934
9562	-0.00815
9564	-0.00783
9566	-0.00696
9568	-0.00691
9570	-0.00665
9572	-0.0061
9574	-0.00516
9576	-0.00519
9578	-0.00533
9580	-0.00483
9582	-0.00483
9584	-0.00458
9586	-0.00383
9588	-0.00495
9590	-0.00547
9592	-0.00611
9594	-0.00639
9596	-0.00611
9598	-0.00546
9600	-0.0042
9602	-0.00351
9604	-0.00383
9606	-0.00339
9608	-0.00314
9610	-0.00295
9612	-0.00343
9614	-0.00375
9616	-0.00384
9618	-0.00345
9620	-0.00348
9622	-0.00342
9624	-0.00284
9626	-0.00278
9628	-0.00293
9630	-0.00318
9632	-0.00391
9634	-0.00432
9636	-0.00357
9638	-0.00258
9640	-0.00272
9642	-0.0031
9644	-0.00288
9646	-0.0029
9648	-0.00248
9650	-0.00119
9652	-7.80853E-5
9654	-7.01129E-4
9656	-0.00126
9658	-7.84215E-4
9660	2.14742E-4
9662	2.15699E-4
9664	5.96556E-5
9666	-1.13388E-4
9668	2.22569E-4
9670	7.4526E-5
9672	-7.58517E-4
9674	-9.65603E-5
9676	4.05396E-4
9678	-0.00109
9680	-0.00131
9682	-6.48733E-4
9684	-6.49776E-4
9686	-0.00163
9688	-0.00146
9690	-0.00256
9692	-0.00306
9694	-0.00221
9696	-0.0017
9698	-5.08027E-4
9700	-0.00189
9702	-0.14238
9704	-0.97645
9706	-2.4011
9708	-4.00335
9710	-5.59713
9712	-7.10313
9714	-8.49068
9716	-9.73456
9718	-10.85106
9720	-11.80528
9722	-12.19625
9724	-11.72091
9726	-10.80064
9728	-9.7203
9730	-8.61229
9732	-7.54857
9734	-6.56272
9736	-5.67021
9738	-4.8763
9740	-4.18045
9742	-3.57566
9744	-3.05592
9746	-2.61142
9748	-2.23367
9750	-1.91473
9752	-1.64705
9754	-1.42107
9756	-1.23132
9758	-1.0729
9760	-0.94073
9762	-0.82976
9764	-0.73628
9766	-0.65656
9768	-0.58772
9770	-0.52996
9772	-0.48157
9774	-0.4383
9776	-0.40051
9778	-0.36735
9780	-0.33717
9782	-0.30983
9784	-0.28416
9786	-0.2616
9788	-0.24151
9790	-0.22366
9792	-0.20662
9794	-0.19216
9796	-0.17911
9798	-0.16637
9800	-0.15304
9802	-0.1413
9804	-0.12952
9806	-0.11922
9808	-0.10968
9810	-0.10319
9812	-0.09717
9814	-0.08884
9816	-0.08133
9818	-0.07576
9820	-0.0708
9822	-0.06568
9824	-0.06211
9826	-0.05834
9828	-0.0544
9830	-0.05009
9832	-0.04668
9834	-0.04355
9836	-0.04092
9838	-0.0386
9840	-0.03705
9842	-0.03498
9844	-0.03342
9846	-0.03118
9848	-0.02936
9850	-0.02906
9852	-0.02812
9854	-0.02586
9856	-0.0238
9858	-0.02202
9860	-0.02145
9862	-0.02045
9864	-0.01834
9866	-0.01589
9868	-0.01558
9870	-0.01636
9872	-0.01543
9874	-0.01336
9876	-0.01151
9878	-0.01087
9880	-0.00918
9882	-0.00904
9884	-0.00967
9886	-0.00955
9888	-0.00803
9890	-0.00824
9892	-0.00823
9894	-0.00818
9896	-0.00756
9898	-0.0074
9900	-0.00792
9902	-0.00692
9904	-0.00649
9906	-0.00648
9908	-0.00488
9910	-0.00387
9912	-0.00415
9914	-0.00422
9916	-0.00264
9918	-0.00261
9920	-0.00187
9922	-0.00116
9924	-0.00126
9926	-0.00177
9928	-0.00197
9930	-0.00269
9932	-0.00239
9934	-7.79583E-4
9936	-8.41391E-4
9938	-0.00112
9940	-0.00145
9942	-0.002
9944	-0.00164
9946	-0.00132
9948	-0.00103
9950	-2.61045E-4
9952	9.29147E-4
9954	0.00218
9956	0.00336
9958	0.00314
9960	0.00287
9962	0.00199
9964	8.15301E-4
9966	0.00214
9968	0.00218
9970	0.00253
9972	0.00246
9974	9.96262E-4
9976	-0.00138
9978	-0.00231
9980	-0.00152
9982	-0.00121
9984	-3.14262E-4
9986	4.21509E-4
9988	9.72798E-5
9990	-6.94947E-6
9992	-1.30179E-4
9994	-1.55408E-4
9996	-3.83637E-4
9998	-4.42867E-4
10000	5.68904E-4
10002	2.66746E-5
10004	-1.97555E-4
10006	9.6216E-5
10008	-6.31013E-4
10010	1.95757E-4
10012	6.03528E-4
10014	2.52299E-4
10016	5.80694E-5
10018	-5.1599E-6
10020	9.28491E-4
10022	0.00128
10024	0.0014
10026	0.00361
10028	0.00408
10030	0.00406
10032	0.00394
10034	0.00348
10036	0.0024
10038	0.00214
10040	0.00246
10042	0.00311
10044	0.00309
10046	-0.09791
10048	-0.85252
10050	-2.25261
10052	-3.86152
10054	-5.48237
10056	-7.02475
10058	-8.44843
10060	-9.73201
10062	-10.88018
10064	-11.87101
10066	-12.3261
10068	-11.89002
10070	-10.96674
10072	-9.86522
10074	-8.73414
10076	-7.64912
10078	-6.64563
10080	-5.74004
10082	-4.93594
10084	-4.23185
10086	-3.62016
10088	-3.09555
10090	-2.64704
10092	-2.26715
10094	-1.94487
10096	-1.67344
10098	-1.44604
10100	-1.25536
10102	-1.09562
10104	-0.96191
10106	-0.84997
10108	-0.75603
10110	-0.67659
10112	-0.60848
10114	-0.54988
10116	-0.49968
10118	-0.45617
10120	-0.41781
10122	-0.38391
10124	-0.35394
10126	-0.32632
10128	-0.30174
10130	-0.27955
10132	-0.25985
10134	-0.24122
10136	-0.22372
10138	-0.20824
10140	-0.19474
10142	-0.18171
10144	-0.16903
10146	-0.15849
10148	-0.148
10150	-0.13735
10152	-0.12731
10154	-0.11924
10156	-0.11159
10158	-0.1038
10160	-0.09652
10162	-0.08985
10164	-0.08429
10166	-0.07924
10168	-0.07434
10170	-0.06963
10172	-0.06493
10174	-0.06091
10176	-0.05627
10178	-0.05331
10180	-0.05012
10182	-0.04616
10184	-0.04304
10186	-0.0412
10188	-0.03943
10190	-0.03759
10192	-0.03589
10194	-0.03336
10196	-0.03287
10198	-0.03037
10200	-0.02928
10202	-0.02869
10204	-0.0276
10206	-0.02589
10208	-0.02415
10210	-0.02182
10212	-0.02206
10214	-0.02132
10216	-0.02078
10218	-0.02082
10220	-0.0197
10222	-0.01896
10224	-0.01872
10226	-0.01745
10228	-0.0156
10230	-0.0155
10232	-0.01495
10234	-0.01463
10236	-0.01313
10238	-0.01286
10240	-0.01224
10242	-0.01271
10244	-0.01155
10246	-0.01207
10248	-0.01268
10250	-0.01249
10252	-0.01239
10254	-0.0121
10256	-0.01075
10258	-0.00946
10260	-0.00893
10262	-0.00858
10264	-0.00835
10266	-0.00646
10268	-0.0063
10270	-0.00666
10272	-0.00731
10274	-0.00619
10276	-0.00737
10278	-0.00776
10280	-0.00824
10282	-0.00816
10284	-0.00716
10286	-0.0074
10288	-0.00588
10290	-0.00494
10292	-0.00389
10294	-0.00396
10296	-0.00458
10298	-0.00413
10300	-0.00403
10302	-0.00239
10304	-1.22306E-4
10306	4.22538E-6
10308	-6.79294E-4
10310	1.42186E-4
10312	-3.05334E-4
10314	-0.00141
10316	-0.00236
10318	-0.00148
10320	-0.00257
10322	-0.00261
10324	-0.00254
10326	-0.0021
10328	-0.00178
10330	-2.57012E-4
10332	8.75468E-4
10334	6.35949E-4
10336	-3.34571E-4
10338	-3.49091E-4
10340	-7.02611E-4
10342	-4.69131E-4
10344	0.00153
10346	0.00155
10348	0.00146
10350	5.79856E-4
10352	5.14666E-5
10354	3.59077E-4
10356	-7.93125E-5
10358	-0.00103
10360	-8.46092E-4
10362	-0.00138
10364	-8.36871E-4
10366	-6.0626E-4
10368	8.5435E-4
10370	6.2596E-4
10372	6.36571E-4
10374	-1.48187E-5
10376	-3.69208E-4
10378	7.43402E-4
10380	0.00102
10382	5.64623E-4
10384	-1.49767E-4
10386	5.28844E-4
