time	cp
2	0.00118
4	-3.61016E-4
6	-0.00185
8	-0.00194
10	-0.00134
12	-0.00132
14	-0.00317
16	-0.00318
18	-9.94839E-4
20	7.05615E-4
22	0.00227
24	0.00392
26	0.00378
28	0.00374
30	0.00477
32	0.00501
34	0.00493
36	0.00582
38	0.00595
40	0.00699
42	0.00679
44	0.0061
46	0.00645
48	0.00589
50	0.00372
52	0.00311
54	0.00146
56	0.00164
58	8.0324E-4
60	8.58694E-4
62	4.87148E-4
64	2.96021E-5
66	-0.02934
68	-0.37751
70	-1.12489
72	-1.81262
74	-2.29215
76	-2.62766
78	-2.89571
80	-3.13481
82	-3.38663
84	-3.63428
86	-3.62121
88	-3.01644
90	-2.17928
92	-1.35964
94	-0.62406
96	0.00217
98	0.51068
100	0.91037
102	1.2165
104	1.4428
106	1.6024
108	1.70791
110	1.76997
112	1.79799
114	1.79741
116	1.77443
118	1.73407
120	1.68077
122	1.62012
124	1.55385
126	1.48372
128	1.4144
130	1.34531
132	1.27698
134	1.20776
136	1.14013
138	1.07346
140	1.00934
142	0.95049
144	0.89667
146	0.84821
148	0.80378
150	0.76256
152	0.72463
154	0.69134
156	0.66197
158	0.63395
160	0.6052
162	0.57938
164	0.55653
166	0.53329
168	0.51022
170	0.48718
172	0.46637
174	0.44743
176	0.42851
178	0.41142
180	0.394
182	0.37657
184	0.36
186	0.3441
188	0.32881
190	0.31422
192	0.30151
194	0.28885
196	0.27734
198	0.26774
200	0.25868
202	0.24967
204	0.23806
206	0.22589
208	0.21479
210	0.20625
212	0.19892
214	0.19195
216	0.18453
218	0.17726
220	0.16934
222	0.16163
224	0.1554
226	0.14902
228	0.14349
230	0.13774
232	0.13091
234	0.12518
236	0.11951
238	0.11469
240	0.11027
242	0.10532
244	0.10139
246	0.09729
248	0.09292
250	0.08734
252	0.08374
254	0.07954
256	0.0754
258	0.07371
260	0.07113
262	0.06753
264	0.06446
266	0.06123
268	0.05927
270	0.05787
272	0.05556
274	0.05313
276	0.04992
278	0.04724
280	0.04524
282	0.04258
284	0.04008
286	0.0377
288	0.03632
290	0.03512
292	0.03292
294	0.03164
296	0.03148
298	0.03064
300	0.02889
302	0.02788
304	0.0266
306	0.02536
308	0.02426
310	0.02258
312	0.02126
314	0.02115
316	0.02089
318	0.02022
320	0.01951
322	0.0178
324	0.01608
326	0.01547
328	0.01511
330	0.01416
332	0.01301
334	0.01188
336	0.01086
338	0.01105
340	0.00988
342	0.0093
344	0.00883
346	0.00924
348	0.01001
350	0.01065
352	0.01064
354	0.00898
356	0.00762
358	0.00731
360	0.00671
362	0.00584
364	0.00459
366	0.00371
368	0.00384
370	0.00458
372	0.00518
374	0.00523
376	0.00584
378	0.00542
380	0.00252
382	7.80762E-4
384	5.37875E-4
386	8.63988E-4
388	0.00129
390	-9.07872E-5
392	-1.40675E-4
394	-2.55562E-4
396	4.25551E-4
398	0.00151
400	0.00135
402	0.00142
404	0.00225
406	0.00267
408	0.0018
410	-0.03896
412	-0.472
414	-1.38656
416	-2.32933
418	-3.15634
420	-3.86258
422	-4.49442
424	-5.06647
426	-5.6062
428	-6.09596
430	-6.28658
432	-5.80844
434	-5.01135
436	-4.17277
438	-3.37783
440	-2.65795
442	-2.0247
444	-1.4803
446	-1.01964
448	-0.63764
450	-0.32474
452	-0.07221
454	0.1283
456	0.28386
458	0.4022
460	0.48852
462	0.54756
464	0.58458
466	0.60484
468	0.61296
470	0.61049
472	0.60108
474	0.5884
476	0.57267
478	0.55417
480	0.53566
482	0.51602
484	0.49626
486	0.47775
488	0.46007
490	0.44311
492	0.42566
494	0.40968
496	0.39454
498	0.38011
500	0.36704
502	0.35289
504	0.34065
506	0.32821
508	0.31634
510	0.3054
512	0.29541
514	0.28465
516	0.27533
518	0.26474
520	0.2552
522	0.24567
524	0.23654
526	0.22782
528	0.22007
530	0.2135
532	0.2057
534	0.198
536	0.1908
538	0.18346
540	0.17673
542	0.17031
544	0.16418
546	0.15832
548	0.15295
550	0.14646
552	0.14063
554	0.13542
556	0.12988
558	0.12425
560	0.11856
562	0.11295
564	0.10879
566	0.10464
568	0.10064
570	0.09669
572	0.09361
574	0.08993
576	0.08581
578	0.0827
580	0.08063
582	0.07801
584	0.07525
586	0.07144
588	0.06922
590	0.06583
592	0.06305
594	0.06096
596	0.05815
598	0.05527
600	0.0535
602	0.05195
604	0.05043
606	0.04848
608	0.04601
610	0.04398
612	0.04114
614	0.03946
616	0.0387
618	0.03832
620	0.03767
622	0.03675
624	0.03555
626	0.03348
628	0.03207
630	0.03126
632	0.02884
634	0.0263
636	0.02511
638	0.02452
640	0.02386
642	0.02269
644	0.02095
646	0.01989
648	0.02029
650	0.02016
652	0.01977
654	0.0191
656	0.01885
658	0.01789
660	0.01714
662	0.0161
664	0.01428
666	0.01349
668	0.01384
670	0.01312
672	0.01167
674	0.01013
676	0.01012
678	0.01033
680	0.00909
682	0.00831
684	0.00836
686	0.00773
688	0.00783
690	0.00742
692	0.00699
694	0.00687
696	0.00726
698	0.00733
700	0.00633
702	0.00572
704	0.00537
706	0.00429
708	0.00423
710	0.00553
712	0.00596
714	0.00446
716	0.00387
718	0.0027
720	6.40534E-4
722	-1.943E-4
724	3.67865E-4
726	9.1303E-4
728	4.24196E-4
730	-1.44639E-4
732	-6.14734E-5
734	-2.27308E-4
736	-3.36143E-4
738	-4.20196E-4
740	6.89847E-5
742	9.43165E-4
744	0.00131
746	8.67526E-4
748	7.24706E-4
750	-5.93113E-4
752	-3.74933E-4
754	-0.04209
756	-0.50014
758	-1.48323
760	-2.58243
762	-3.63234
764	-4.57411
766	-5.43729
768	-6.21681
770	-6.92978
772	-7.55086
774	-7.84992
776	-7.45815
778	-6.70807
780	-5.87977
782	-5.06831
784	-4.31117
786	-3.62465
788	-3.01457
790	-2.48185
792	-2.0209
794	-1.62906
796	-1.29956
798	-1.02441
800	-0.79811
802	-0.61322
804	-0.46424
806	-0.34455
808	-0.24964
810	-0.17315
812	-0.11563
814	-0.07212
816	-0.03761
818	-0.01017
820	0.01024
822	0.02578
824	0.03759
826	0.04737
828	0.05401
830	0.05938
832	0.06328
834	0.06535
836	0.06673
838	0.06809
840	0.0696
842	0.06991
844	0.06967
846	0.06968
848	0.07083
850	0.07162
852	0.07113
854	0.07002
856	0.06896
858	0.06851
860	0.06819
862	0.06747
864	0.06618
866	0.06588
868	0.06553
870	0.06549
872	0.06421
874	0.06101
876	0.05977
878	0.05844
880	0.05638
882	0.05465
884	0.05257
886	0.0504
888	0.04852
890	0.04572
892	0.04394
894	0.04326
896	0.04193
898	0.04155
900	0.04004
902	0.03882
904	0.03759
906	0.03595
908	0.03506
910	0.03414
912	0.03363
914	0.03314
916	0.03162
918	0.02942
920	0.02818
922	0.02725
924	0.02538
926	0.02421
928	0.02279
930	0.02192
932	0.02107
934	0.02097
936	0.0198
938	0.01889
940	0.01864
942	0.01747
944	0.01686
946	0.01648
948	0.01585
950	0.01556
952	0.01539
954	0.01583
956	0.01673
958	0.01532
960	0.01571
962	0.01519
964	0.01463
966	0.01395
968	0.0136
970	0.01289
972	0.0123
974	0.01163
976	0.01052
978	0.00961
980	0.00967
982	0.00857
984	0.00889
986	0.00894
988	0.0094
990	0.00922
992	0.00962
994	0.01001
996	0.00957
998	0.00894
1000	0.00805
1002	0.00779
1004	0.00735
1006	0.00644
1008	0.00744
1010	0.01341
1012	0.02147
1014	0.02657
1016	0.02786
1018	0.02717
1020	0.02366
1022	0.0202
1024	0.01784
1026	0.01489
1028	0.01285
1030	0.01041
1032	0.00727
1034	0.00452
1036	0.00257
1038	0.00147
1040	9.23538E-4
1042	1.95362E-4
1044	-0.0013
1046	-0.0018
1048	-8.73166E-4
1050	-8.75342E-4
1052	-7.93518E-4
1054	-4.87694E-4
1056	-1.38871E-4
1058	-0.00169
1060	-0.00249
1062	-0.00127
1064	-7.91575E-4
1066	5.80844E-4
1068	6.02046E-4
1070	-1.90752E-4
1072	-6.4555E-4
1074	-2.22349E-4
1076	-6.47147E-4
1078	-7.02945E-4
1080	-0.00179
1082	-0.00232
1084	-0.00214
1086	-0.0021
1088	-0.00122
1090	-0.00129
1092	-0.00216
1094	-0.00195
1096	-0.00269
1098	-0.03565
1100	-0.49773
1102	-1.57583
1104	-2.83444
1106	-4.02836
1108	-5.08843
1110	-6.0587
1112	-6.92226
1114	-7.69678
1116	-8.36799
1118	-8.732
1120	-8.32825
1122	-7.4953
1124	-6.60499
1126	-5.76222
1128	-4.9921
1130	-4.2968
1132	-3.67663
1134	-3.1307
1136	-2.65346
1138	-2.23917
1140	-1.8838
1142	-1.58115
1144	-1.32457
1146	-1.1093
1148	-0.93024
1150	-0.78222
1152	-0.65868
1154	-0.55677
1156	-0.47265
1158	-0.40235
1160	-0.34505
1162	-0.29722
1164	-0.25701
1166	-0.22342
1168	-0.19554
1170	-0.17298
1172	-0.15423
1174	-0.13697
1176	-0.12046
1178	-0.10678
1180	-0.0949
1182	-0.08397
1184	-0.07524
1186	-0.0676
1188	-0.05971
1190	-0.05235
1192	-0.04517
1194	-0.03944
1196	-0.03573
1198	-0.03211
1200	-0.02845
1202	-0.02473
1204	-0.02142
1206	-0.01786
1208	-0.01543
1210	-0.01313
1212	-0.01063
1214	-0.00906
1216	-0.00738
1218	-0.00628
1220	-0.0057
1222	-0.00522
1224	-0.00414
1226	-0.00322
1228	-0.00323
1230	-0.00226
1232	-0.00132
1234	-9.05211E-4
1236	-7.06516E-4
1238	-6.05822E-4
1240	-9.08128E-4
1242	-1.10433E-4
1244	9.65261E-4
1246	0.0015
1248	0.00268
1250	0.00291
1252	0.00332
1254	0.0034
1256	0.00406
1258	0.00309
1260	0.00146
1262	0.00156
1264	0.00214
1266	0.00193
1268	0.00135
1270	-3.93713E-4
1272	-0.00159
1274	-0.00234
1276	-0.0036
1278	-0.00397
1280	-0.00434
1282	-0.00462
1284	-0.00379
1286	-0.00216
1288	-0.00139
1290	-0.00129
1292	-0.00162
1294	-9.2638E-4
1296	-0.001
1298	-0.00154
1300	-0.00142
1302	-0.00163
1304	-0.00168
1306	-0.00123
1308	-0.00114
1310	-7.68826E-4
1312	8.86869E-4
1314	0.00216
1316	0.00288
1318	0.00283
1320	0.0034
1322	0.00274
1324	9.92035E-4
1326	-2.32271E-4
1328	-5.92576E-4
1330	-0.00137
1332	-0.0029
1334	-0.00304
1336	-0.00267
1338	-0.00171
1340	-7.8841E-4
1342	-0.00119
1344	-3.27022E-4
1346	7.71673E-4
1348	3.34367E-4
1350	-9.59939E-4
1352	-0.00186
1354	-0.00256
1356	-0.00231
1358	-0.00263
1360	-0.00203
1362	-0.00183
1364	-0.00227
1366	-0.00227
1368	-0.0021
1370	-0.0015
1372	-0.00147
1374	-8.27606E-4
1376	-1.23912E-4
1378	-4.11218E-4
1380	-6.18523E-4
1382	-4.94829E-4
1384	-1.42135E-4
1386	1.9056E-4
1388	-7.08746E-4
1390	-0.00172
1392	-0.00194
1394	-0.00219
1396	-0.00248
1398	-0.002
1400	-7.05938E-4
1402	-6.42516E-4
1404	-7.90947E-5
1406	-2.46732E-5
1408	8.04748E-4
1410	0.0011
1412	3.10592E-4
1414	8.58013E-4
1416	5.76435E-4
1418	-4.62144E-4
1420	-6.09722E-4
1422	-7.50301E-4
1424	-7.78791E-5
1426	3.15543E-4
1428	-5.17036E-4
1430	-0.00117
1432	-0.00105
1434	-8.44524E-4
1436	-9.58399E-4
1438	-0.00188
1440	-0.00116
1442	-0.02495
1444	-0.43692
1446	-1.52697
1448	-2.83878
1450	-4.09961
1452	-5.2385
1454	-6.26221
1456	-7.16474
1458	-7.96927
1460	-8.66658
1462	-9.07079
1464	-8.69594
1466	-7.85443
1468	-6.94813
1470	-6.08947
1472	-5.30356
1474	-4.59586
1476	-3.9646
1478	-3.40457
1480	-2.9153
1482	-2.49155
1484	-2.12666
1486	-1.8121
1488	-1.54361
1490	-1.31614
1492	-1.12546
1494	-0.96482
1496	-0.82986
1498	-0.71654
1500	-0.62209
1502	-0.54345
1504	-0.47827
1506	-0.42184
1508	-0.37432
1510	-0.33462
1512	-0.3009
1514	-0.27095
1516	-0.2446
1518	-0.22229
1520	-0.20374
1522	-0.18689
1524	-0.17055
1526	-0.15655
1528	-0.14383
1530	-0.13228
1532	-0.12141
1534	-0.11167
1536	-0.10365
1538	-0.09633
1540	-0.08776
1542	-0.08044
1544	-0.07322
1546	-0.06795
1548	-0.06287
1550	-0.05782
1552	-0.05255
1554	-0.04735
1556	-0.04359
1558	-0.04177
1560	-0.03865
1562	-0.03618
1564	-0.03315
1566	-0.03024
1568	-0.02785
1570	-0.02649
1572	-0.02591
1574	-0.02537
1576	-0.02403
1578	-0.02262
1580	-0.01962
1582	-0.01821
1584	-0.01694
1586	-0.01534
1588	-0.01413
1590	-0.01253
1592	-0.01177
1594	-0.01156
1596	-0.01159
1598	-0.01019
1600	-0.00897
1602	-0.00868
1604	-0.00832
1606	-0.00802
1608	-0.00698
1610	-0.00622
1612	-0.00687
1614	-0.00758
1616	-0.00692
1618	-0.00662
1620	-0.00689
1622	-0.00686
1624	-0.00663
1626	-0.00643
1628	-0.00539
1630	-0.00492
1632	-0.0044
1634	-0.0044
1636	-0.00355
1638	-0.00292
1640	-0.00244
1642	-0.00195
1644	-0.00196
1646	-0.00217
1648	-0.00201
1650	-9.09249E-4
1652	1.51573E-4
1654	-8.04605E-4
1656	-0.00249
1658	-0.0032
1660	-0.00306
1662	-0.00286
1664	-0.00324
1666	-0.00229
1668	-0.00157
1670	-0.00132
1672	-0.00122
1674	-0.00197
1676	-0.00118
1678	-1.54741E-4
1680	5.44081E-4
1682	-1.20973E-5
1684	1.17725E-4
1686	-5.96453E-4
1688	-0.00118
1690	-6.19809E-4
1692	-6.11988E-4
1694	-4.27166E-4
1696	6.23656E-4
1698	6.10478E-4
1700	4.123E-4
1702	-5.98777E-5
1704	-2.12056E-4
1706	-4.35234E-4
1708	-6.21412E-4
1710	-0.00131
1712	-0.00114
1714	-0.00114
1716	-0.00141
1718	-1.78302E-4
1720	2.55215E-4
1722	6.56174E-4
1724	3.28133E-4
1726	0.00103
1728	6.70518E-5
1730	8.0011E-5
1732	4.6797E-4
1734	1.62929E-4
1736	3.94889E-4
1738	1.09848E-4
1740	-1.20193E-4
1742	4.23766E-4
1744	0.00129
1746	0.00135
1748	7.69644E-4
1750	-4.23966E-5
1752	4.70563E-4
1754	6.70522E-4
1756	6.54481E-4
1758	0.00182
1760	0.00125
1762	1.24279E-4
1764	3.4669E-4
1766	2.61008E-5
1768	0.00111
1770	0.00206
1772	0.00185
1774	0.00161
1776	9.02156E-4
1778	9.44567E-4
1780	0.00159
1782	0.00189
1784	0.00295
1786	-0.01749
1788	-0.40538
1790	-1.48969
1792	-2.81764
1794	-4.1058
1796	-5.27457
1798	-6.32258
1800	-7.25286
1802	-8.08012
1804	-8.79999
1806	-9.23732
1808	-8.88951
1810	-8.04257
1812	-7.12029
1814	-6.24741
1816	-5.44849
1818	-4.72797
1820	-4.08572
1822	-3.51822
1824	-3.02059
1826	-2.58903
1828	-2.21672
1830	-1.89768
1832	-1.62654
1834	-1.39511
1836	-1.19971
1838	-1.0356
1840	-0.89766
1842	-0.78104
1844	-0.68253
1846	-0.60023
1848	-0.52963
1850	-0.47021
1852	-0.41969
1854	-0.37687
1856	-0.34101
1858	-0.30944
1860	-0.28128
1862	-0.25657
1864	-0.23429
1866	-0.21511
1868	-0.19778
1870	-0.18329
1872	-0.16952
1874	-0.15664
1876	-0.14402
1878	-0.13221
1880	-0.12243
1882	-0.11361
1884	-0.10571
1886	-0.09766
1888	-0.09006
1890	-0.08409
1892	-0.07866
1894	-0.07435
1896	-0.0683
1898	-0.06275
1900	-0.05857
1902	-0.05426
1904	-0.05021
1906	-0.0462
1908	-0.04327
1910	-0.04022
1912	-0.03744
1914	-0.03519
1916	-0.03373
1918	-0.0307
1920	-0.02794
1922	-0.02606
1924	-0.02366
1926	-0.02103
1928	-0.01872
1930	-0.01751
1932	-0.01631
1934	-0.01529
1936	-0.01499
1938	-0.01346
1940	-0.012
1942	-0.01067
1944	-0.0102
1946	-0.01014
1948	-0.00825
1950	-0.00745
1952	-0.00626
1954	-0.00663
1956	-0.00726
1958	-0.00621
1960	-0.0061
1962	-0.00441
1964	-0.00273
1966	-0.00252
1968	-0.00173
1970	-0.00139
1972	-3.59263E-5
1974	2.67517E-5
1976	-4.6057E-4
1978	-1.95892E-4
1980	0.00126
1982	0.00142
1984	0.0018
1986	0.00193
1988	0.00238
1990	0.00343
1992	0.00399
1994	0.00519
1996	0.00443
1998	0.00468
2000	0.00611
2002	0.00548
2004	0.00473
2006	0.00499
2008	0.00524
2010	0.00528
2012	0.0051
2014	0.00551
2016	0.00552
2018	0.00672
2020	0.00806
2022	0.00764
2024	0.00689
2026	0.00715
2028	0.0085
2030	0.00864
2032	0.00875
2034	0.00938
2036	0.01022
2038	0.01059
2040	0.01104
2042	0.00999
2044	0.0098
2046	0.00958
2048	0.0092
2050	0.00871
2052	0.00838
2054	0.00945
2056	0.01042
2058	0.01023
2060	0.00981
2062	0.00951
2064	0.00988
2066	0.00994
2068	0.00859
2070	0.00993
2072	0.00966
2074	0.00974
2076	0.00853
2078	0.0087
2080	0.00756
2082	0.00456
2084	0.00152
2086	-5.00082E-4
2088	-0.00203
2090	-0.00433
2092	-0.00547
2094	-0.00589
2096	-0.00674
2098	-0.00644
2100	-0.00477
2102	-0.00424
2104	-0.00444
2106	-0.00433
2108	-0.00293
2110	-0.00191
2112	-9.57231E-4
2114	-8.25478E-4
2116	-6.49725E-4
2118	-9.94972E-4
2120	-0.00119
2122	-9.55466E-4
2124	7.77287E-4
2126	0.00167
2128	0.0014
2130	-0.0108
2132	-0.34064
2134	-1.37902
2136	-2.71871
2138	-4.0342
2140	-5.22608
2142	-6.2963
2144	-7.24541
2146	-8.08331
2148	-8.81013
2150	-9.29615
2152	-9.0228
2154	-8.19406
2156	-7.26258
2158	-6.37435
2160	-5.55998
2162	-4.82737
2164	-4.17377
2166	-3.59612
2168	-3.09059
2170	-2.65086
2172	-2.27224
2174	-1.94847
2176	-1.67214
2178	-1.43759
2180	-1.238
2182	-1.07011
2184	-0.9297
2186	-0.81193
2188	-0.71159
2190	-0.6256
2192	-0.55096
2194	-0.48867
2196	-0.43745
2198	-0.39447
2200	-0.35798
2202	-0.32611
2204	-0.29746
2206	-0.27274
2208	-0.25171
2210	-0.23268
2212	-0.21402
2214	-0.19676
2216	-0.183
2218	-0.17057
2220	-0.15762
2222	-0.14545
2224	-0.13536
2226	-0.12363
2228	-0.11208
2230	-0.10253
2232	-0.09496
2234	-0.08822
2236	-0.08144
2238	-0.07549
2240	-0.06946
2242	-0.06406
2244	-0.05926
2246	-0.05589
2248	-0.05267
2250	-0.04872
2252	-0.04374
2254	-0.04058
2256	-0.03723
2258	-0.0341
2260	-0.03227
2262	-0.02928
2264	-0.0266
2266	-0.0236
2268	-0.02078
2270	-0.01924
2272	-0.01946
2274	-0.01956
2276	-0.01872
2278	-0.01857
2280	-0.01793
2282	-0.01726
2284	-0.01867
2286	-0.01969
2288	-0.01961
2290	-0.01773
2292	-0.01675
2294	-0.01691
2296	-0.016
2298	-0.01294
2300	-0.00976
2302	-0.00691
2304	-0.00325
2306	-0.00162
2308	-1.90255E-5
2310	-0.0012
2312	-0.0033
2314	-0.00494
2316	-0.00674
2318	-0.00686
2320	-0.00725
2322	-0.01043
2324	-0.01082
2326	-0.01034
2328	-0.01044
2330	-0.00972
2332	-0.00924
2334	-0.00899
2336	-0.00885
2338	-0.00776
2340	-0.00581
2342	-0.0054
2344	-0.00445
2346	-0.0043
2348	-0.00467
2350	-0.00451
2352	-0.00448
2354	-0.00466
2356	-0.00444
2358	-0.00514
2360	-0.00487
2362	-0.00384
2364	-0.00431
2366	-0.00405
2368	-0.00295
2370	-0.00337
2372	-0.002
2374	-0.00175
2376	-0.0015
2378	3.73532E-4
2380	0.00254
2382	0.00284
2384	0.00377
2386	0.00459
2388	0.00496
2390	0.00456
2392	0.00327
2394	0.00257
2396	0.00254
2398	0.00242
2400	0.00203
2402	7.7568E-4
2404	5.80192E-4
2406	-6.62952E-5
2408	3.59217E-4
2410	-1.27049E-6
2412	-5.99758E-4
2414	3.38917E-4
2416	6.79943E-4
2418	5.31969E-4
2420	5.63995E-4
2422	8.25021E-4
2424	0.00148
2426	0.0011
2428	4.31099E-4
2430	4.86125E-4
2432	3.61151E-4
2434	-8.08823E-4
2436	-6.27797E-4
2438	-2.77064E-6
2440	-2.16745E-4
2442	-3.04719E-4
2444	-6.66925E-5
2446	-6.79666E-4
2448	4.33597E-5
2450	2.34386E-4
2452	-1.71588E-4
2454	9.54379E-5
2456	3.44081E-4
2458	-1.98252E-4
2460	2.48414E-4
2462	4.9808E-4
2464	0.00178
2466	0.00238
2468	0.00252
2470	0.00197
2472	0.00155
2474	-0.0076
2476	-0.29615
2478	-1.29546
2480	-2.61718
2482	-3.92082
2484	-5.11499
2486	-6.19401
2488	-7.15179
2490	-8.00457
2492	-8.74881
2494	-9.28323
2496	-9.06937
2498	-8.25679
2500	-7.33655
2502	-6.45756
2504	-5.65051
2506	-4.92043
2508	-4.26704
2510	-3.68754
2512	-3.17985
2514	-2.73694
2516	-2.35381
2518	-2.02637
2520	-1.74602
2522	-1.5082
2524	-1.30638
2526	-1.13548
2528	-0.9906
2530	-0.86844
2532	-0.76457
2534	-0.67745
2536	-0.6024
2538	-0.53942
2540	-0.48565
2542	-0.4385
2544	-0.39791
2546	-0.36202
2548	-0.33155
2550	-0.30378
2552	-0.28013
2554	-0.2595
2556	-0.23993
2558	-0.22238
2560	-0.20595
2562	-0.19003
2564	-0.17662
2566	-0.16427
2568	-0.15133
2570	-0.14065
2572	-0.1303
2574	-0.12118
2576	-0.11291
2578	-0.10529
2580	-0.0978
2582	-0.09095
2584	-0.08392
2586	-0.07872
2588	-0.07466
2590	-0.06939
2592	-0.06592
2594	-0.06071
2596	-0.05671
2598	-0.05325
2600	-0.04985
2602	-0.04621
2604	-0.04363
2606	-0.04218
2608	-0.04005
2610	-0.03738
2612	-0.03437
2614	-0.03132
2616	-0.02967
2618	-0.02868
2620	-0.02692
2622	-0.02667
2624	-0.02483
2626	-0.02227
2628	-0.02157
2630	-0.01985
2632	-0.01945
2634	-0.01801
2636	-0.0167
2638	-0.01544
2640	-0.01514
2642	-0.01381
2644	-0.01389
2646	-0.01454
2648	-0.01336
2650	-0.01384
2652	-0.01357
2654	-0.01258
2656	-0.01273
2658	-0.01191
2660	-0.01048
2662	-0.00883
2664	-0.00864
2666	-0.0078
2668	-0.00756
2670	-0.00721
2672	-0.00686
2674	-0.006
2676	-0.00552
2678	-0.00525
2680	-0.0053
2682	-0.00484
2684	-0.00398
2686	-0.00358
2688	-0.00513
2690	-0.00549
2692	-0.00533
2694	-0.00517
2696	-0.00483
2698	-0.00556
2700	-0.00489
2702	-0.00417
2704	-0.00288
2706	-0.00214
2708	-0.00195
2710	-0.00152
2712	-0.00184
2714	-0.00102
2716	-6.29004E-4
2718	-8.58757E-4
2720	-0.00166
2722	-0.00185
2724	-0.00128
2726	-8.27766E-4
2728	-0.00161
2730	-0.00128
2732	-6.38023E-4
2734	-3.03775E-4
2736	5.27473E-4
2738	-4.7628E-4
2740	2.40968E-4
2742	-1.57841E-5
2744	5.24636E-5
2746	0.00118
2748	2.06959E-4
2750	5.07207E-4
2752	8.91454E-4
2754	4.48702E-4
2756	7.7395E-4
2758	0.00134
2760	0.00102
2762	7.15693E-4
2764	4.55941E-4
2766	7.42188E-4
2768	8.50436E-4
2770	0.00148
2772	3.10932E-4
2774	3.31179E-4
2776	8.30427E-4
2778	0.00139
2780	3.48922E-4
2782	2.4358E-4
2784	4.53217E-4
2786	5.27854E-4
2788	5.46491E-4
2790	5.48129E-4
2792	-5.17234E-4
2794	-2.10597E-4
2796	3.2304E-4
2798	1.01678E-4
2800	-7.66852E-5
2802	4.29952E-4
2804	6.42589E-4
2806	3.41226E-4
2808	5.22864E-4
2810	9.13501E-4
2812	-1.39862E-4
2814	2.05775E-4
2816	0.00104
2818	-0.00714
2820	-0.29263
2822	-1.29638
2824	-2.62598
2826	-3.93631
2828	-5.14169
2830	-6.23595
2832	-7.20856
2834	-8.07052
2836	-8.82073
2838	-9.3604
2840	-9.15115
2842	-8.33402
2844	-7.40426
2846	-6.51671
2848	-5.70102
2850	-4.96285
2852	-4.30132
2854	-3.71542
2856	-3.2026
2858	-2.75644
2860	-2.37026
2862	-2.03928
2864	-1.75615
2866	-1.51671
2868	-1.31454
2870	-1.14188
2872	-0.99541
2874	-0.87271
2876	-0.76883
2878	-0.682
2880	-0.60845
2882	-0.54514
2884	-0.48949
2886	-0.44237
2888	-0.40126
2890	-0.36643
2892	-0.33544
2894	-0.30805
2896	-0.28278
2898	-0.26037
2900	-0.23977
2902	-0.22152
2904	-0.20518
2906	-0.19048
2908	-0.17736
2910	-0.16382
2912	-0.1515
2914	-0.14073
2916	-0.13028
2918	-0.12109
2920	-0.11305
2922	-0.10622
2924	-0.09966
2926	-0.09302
2928	-0.08712
2930	-0.08119
2932	-0.07533
2934	-0.07057
2936	-0.06571
2938	-0.06157
2940	-0.05803
2942	-0.05384
2944	-0.0493
2946	-0.0458
2948	-0.04254
2950	-0.04013
2952	-0.03798
2954	-0.03716
2956	-0.03498
2958	-0.03226
2960	-0.0296
2962	-0.02761
2964	-0.02688
2966	-0.02564
2968	-0.02446
2970	-0.02264
2972	-0.02078
2974	-0.01953
2976	-0.01769
2978	-0.01699
2980	-0.01588
2982	-0.01608
2984	-0.01575
2986	-0.016
2988	-0.01625
2990	-0.01529
2992	-0.01449
2994	-0.01452
2996	-0.01346
2998	-0.01292
3000	-0.01312
3002	-0.01201
3004	-0.01103
3006	-0.0103
3008	-0.01064
3010	-0.00899
3012	-0.00796
3014	-0.00628
3016	-0.00642
3018	-0.00687
3020	-0.00638
3022	-0.00544
3024	-0.00532
3026	-0.00592
3028	-0.00593
3030	-0.00558
3032	-0.00611
3034	-0.0051
3036	-0.0046
3038	-0.00387
3040	-0.00396
3042	-0.00472
3044	-0.00555
3046	-0.00536
3048	-0.0044
3050	-0.00465
3052	-0.00451
3054	-0.00369
3056	-0.00337
3058	-0.00429
3060	-0.00319
3062	-0.00286
3064	-0.00266
3066	-0.00279
3068	-0.00241
3070	-0.00236
3072	-0.00193
3074	-0.00151
3076	-0.00122
3078	-0.00179
3080	-0.00251
3082	-0.00195
3084	-0.0014
3086	-0.00153
3088	-0.00125
3090	-6.92611E-4
3092	-5.91381E-4
3094	-7.0915E-4
3096	-6.3892E-4
3098	-0.00102
3100	-0.00182
3102	-0.00189
3104	-9.11999E-4
3106	-5.07768E-4
3108	2.19462E-4
3110	1.50505E-5
3112	2.10396E-4
3114	2.84741E-4
3116	3.40086E-4
3118	2.85431E-4
3120	6.08777E-4
3122	4.60122E-4
3124	-7.56533E-4
3126	0.00116
3128	0.00167
3130	0.00103
3132	8.00848E-4
3134	1.1193E-5
3136	-0.00144
3138	-0.00173
3140	-4.75771E-4
3142	-3.26426E-4
3144	-3.27081E-4
3146	1.49264E-4
3148	6.25609E-4
3150	0.00124
3152	0.00119
3154	0.00157
3156	0.00205
3158	0.00218
3160	5.96868E-4
3162	-0.00631
3164	-0.24408
3166	-1.20652
3168	-2.56885
3170	-3.9403
3172	-5.19215
3174	-6.30716
3176	-7.29594
3178	-8.17972
3180	-8.95306
3182	-9.54811
3184	-9.43077
3186	-8.61242
3188	-7.6302
3190	-6.69144
3192	-5.83257
3194	-5.06053
3196	-4.37251
3198	-3.76396
3200	-3.23223
3202	-2.76865
3204	-2.36912
3206	-2.02866
3208	-1.73779
3210	-1.4908
3212	-1.28128
3214	-1.10563
3216	-0.95769
3218	-0.83383
3220	-0.72922
3222	-0.64124
3224	-0.5679
3226	-0.5059
3228	-0.45285
3230	-0.40763
3232	-0.36914
3234	-0.33537
3236	-0.30624
3238	-0.28115
3240	-0.25764
3242	-0.2371
3244	-0.21857
3246	-0.20295
3248	-0.18891
3250	-0.17512
3252	-0.162
3254	-0.1499
3256	-0.13959
3258	-0.12966
3260	-0.12032
3262	-0.11223
3264	-0.10351
3266	-0.09531
3268	-0.08839
3270	-0.0822
3272	-0.07661
3274	-0.07123
3276	-0.06697
3278	-0.06247
3280	-0.05847
3282	-0.05459
3284	-0.05237
3286	-0.04946
3288	-0.04614
3290	-0.04276
3292	-0.03971
3294	-0.03608
3296	-0.03491
3298	-0.03313
3300	-0.03147
3302	-0.02869
3304	-0.02555
3306	-0.02356
3308	-0.02219
3310	-0.0226
3312	-0.0222
3314	-0.02075
3316	-0.01885
3318	-0.01699
3320	-0.0167
3322	-0.01653
3324	-0.01542
3326	-0.01441
3328	-0.01437
3330	-0.01371
3332	-0.01352
3334	-0.01405
3336	-0.01456
3338	-0.01338
3340	-0.01141
3342	-0.01086
3344	-0.01117
3346	-0.01126
3348	-0.01086
3350	-0.00998
3352	-0.01004
3354	-0.00974
3356	-0.01012
3358	-0.00996
3360	-0.00942
3362	-0.01071
3364	-0.00924
3366	-0.00761
3368	-0.00679
3370	-0.00591
3372	-0.00529
3374	-0.00742
3376	-0.00853
3378	-0.00749
3380	-0.00735
3382	-0.00723
3384	-0.00681
3386	-0.00584
3388	-0.00434
3390	-0.00315
3392	-0.00255
3394	-0.00261
3396	-0.0036
3398	-0.00394
3400	-0.00469
3402	-0.0049
3404	-0.00351
3406	-0.00353
3408	-0.00362
3410	-0.00369
3412	-0.003
3414	-0.00264
3416	-0.00363
3418	-0.0042
3420	-0.00422
3422	-0.00501
3424	-0.00403
3426	-0.00369
3428	-0.00318
3430	-0.00283
3432	-0.00252
3434	-0.00214
3436	-0.00173
3438	-0.00128
3440	-0.00228
3442	-0.00296
3444	-0.00274
3446	-0.0017
3448	-2.11369E-4
3450	6.16063E-4
3452	-5.68505E-4
3454	-4.82073E-4
3456	6.75358E-4
3458	0.00285
3460	0.00324
3462	0.00396
3464	0.00323
3466	0.00367
3468	0.00443
3470	0.00534
3472	0.00585
3474	0.00661
3476	0.00727
3478	0.00736
3480	0.00818
3482	0.00934
3484	0.00979
3486	0.00314
3488	-0.00674
3490	-0.0132
3492	-0.01495
3494	-0.01336
3496	-0.00937
3498	-0.00436
3500	0.00171
3502	0.0073
3504	0.01267
3506	0.01117
3508	-0.21232
3510	-1.10901
3512	-2.37828
3514	-3.69372
3516	-4.93573
3518	-6.0831
3520	-7.10972
3522	-8.02402
3524	-8.82577
3526	-9.45786
3528	-9.44519
3530	-8.78418
3532	-7.90433
3534	-6.99673
3536	-6.12629
3538	-5.31853
3540	-4.58639
3542	-3.93484
3544	-3.36302
3546	-2.86457
3548	-2.43559
3550	-2.07037
3552	-1.76112
3554	-1.50031
3556	-1.28221
3558	-1.09867
3560	-0.94658
3562	-0.81982
3564	-0.71297
3566	-0.62461
3568	-0.55212
3570	-0.48887
3572	-0.43617
3574	-0.39141
3576	-0.35254
3578	-0.31896
3580	-0.28958
3582	-0.26235
3584	-0.23923
3586	-0.21848
3588	-0.1999
3590	-0.18514
3592	-0.17021
3594	-0.15469
3596	-0.14205
3598	-0.13005
3600	-0.11931
3602	-0.10972
3604	-0.10171
3606	-0.09376
3608	-0.08662
3610	-0.08007
3612	-0.07305
3614	-0.06472
3616	-0.05873
3618	-0.05329
3620	-0.04906
3622	-0.04494
3624	-0.04046
3626	-0.03587
3628	-0.03224
3630	-0.03006
3632	-0.02722
3634	-0.02318
3636	-0.01919
3638	-0.01725
3640	-0.01469
3642	-0.01243
3644	-0.01157
3646	-0.01154
3648	-0.00998
3650	-0.00842
3652	-0.00704
3654	-0.00582
3656	-0.00494
3658	-0.0044
3660	-0.0037
3662	-0.00217
3664	-5.83685E-4
3666	8.37544E-4
3668	0.00171
3670	0.00207
3672	0.00293
3674	0.00443
3676	0.00463
3678	0.00481
3680	0.00373
3682	0.00376
3684	0.00439
3686	0.0047
3688	0.00453
3690	0.00466
3692	0.00559
3694	0.00626
3696	0.0069
3698	0.00635
3700	0.00638
3702	0.00753
3704	0.00841
3706	0.00774
3708	0.00681
3710	0.00654
3712	0.00618
3714	0.00562
3716	0.00617
3718	0.00686
3720	0.00596
3722	0.00684
3724	0.00767
3726	0.00706
3728	0.00607
3730	0.007
3732	0.00692
3734	0.00739
3736	0.00832
3738	0.00713
3740	0.00587
3742	0.00634
3744	0.00734
3746	0.00731
3748	0.00672
3750	0.00631
3752	0.00724
3754	0.00731
3756	0.00648
3758	0.00611
3760	0.00565
3762	0.00536
3764	0.00493
3766	0.00497
3768	0.00461
3770	0.00422
3772	0.00435
3774	0.00405
3776	0.00358
3778	0.00314
3780	0.00341
3782	0.00362
3784	0.00242
3786	0.00197
3788	0.0037
3790	0.00413
3792	0.0039
3794	0.0027
3796	0.00321
3798	0.00392
3800	0.00339
3802	0.00355
3804	0.00338
3806	0.00267
3808	0.00283
3810	0.0034
3812	0.00304
3814	0.00185
3816	0.00224
3818	0.00323
3820	0.00246
3822	0.00217
3824	0.0023
3826	0.00328
3828	0.00368
3830	0.00303
3832	0.00238
3834	0.00272
3836	0.00329
3838	0.00241
3840	0.00169
3842	0.0015
3844	1.96358E-5
3846	-1.01281E-4
3848	-0.00112
3850	-0.00326
3852	-0.18829
3854	-1.04116
3856	-2.31088
3858	-3.64176
3860	-4.91031
3862	-6.07998
3864	-7.12604
3866	-8.06189
3868	-8.8864
3870	-9.55521
3872	-9.60909
3874	-8.97296
3876	-8.08835
3878	-7.16625
3880	-6.28096
3882	-5.45755
3884	-4.71142
3886	-4.04699
3888	-3.46306
3890	-2.95576
3892	-2.51964
3894	-2.14745
3896	-1.83141
3898	-1.56463
3900	-1.34209
3902	-1.15488
3904	-0.9998
3906	-0.86955
3908	-0.76145
3910	-0.67036
3912	-0.59397
3914	-0.53044
3916	-0.47606
3918	-0.42959
3920	-0.38992
3922	-0.35497
3924	-0.32567
3926	-0.29836
3928	-0.27499
3930	-0.25362
3932	-0.23382
3934	-0.21733
3936	-0.20152
3938	-0.18711
3940	-0.17449
3942	-0.16262
3944	-0.15284
3946	-0.14236
3948	-0.13289
3950	-0.12327
3952	-0.11325
3954	-0.1051
3956	-0.09849
3958	-0.09215
3960	-0.08601
3962	-0.08008
3964	-0.07492
3966	-0.06939
3968	-0.06554
3970	-0.06144
3972	-0.05799
3974	-0.05352
3976	-0.04946
3978	-0.04677
3980	-0.04403
3982	-0.04083
3984	-0.03765
3986	-0.03457
3988	-0.03234
3990	-0.03114
3992	-0.02915
3994	-0.02695
3996	-0.02644
3998	-0.0252
4000	-0.02313
4002	-0.02101
4004	-0.02116
4006	-0.02044
4008	-0.01872
4010	-0.01772
4012	-0.01654
4014	-0.01709
4016	-0.01648
4018	-0.01509
4020	-0.0146
4022	-0.01341
4024	-0.01154
4026	-0.01152
4028	-0.01227
4030	-0.01162
4032	-0.01095
4034	-0.01102
4036	-0.01115
4038	-0.01004
4040	-0.00864
4042	-0.00854
4044	-0.00779
4046	-0.00809
4048	-0.00715
4050	-0.00665
4052	-0.00619
4054	-0.00527
4056	-0.00507
4058	-0.005
4060	-0.00383
4062	-0.00403
4064	-0.00359
4066	-0.00214
4068	-0.00147
4070	-0.00101
4072	-8.98983E-4
4074	-0.00103
4076	-0.00245
4078	-0.00358
4080	-0.00299
4082	-0.00226
4084	-0.00227
4086	-0.00185
4088	-0.00238
4090	-0.00306
4092	-0.00389
4094	-0.00345
4096	-0.00237
4098	-0.00158
4100	-0.00164
4102	-0.00249
4104	-0.00197
4106	-0.00174
4108	-0.00137
4110	-1.22967E-4
4112	7.69264E-4
4114	0.00145
4116	0.00119
4118	0.00167
4120	0.00267
4122	0.00256
4124	0.00323
4126	0.00362
4128	0.00365
4130	0.0037
4132	0.00247
4134	0.00188
4136	0.00155
4138	0.001
4140	-2.76371E-5
4142	-8.59162E-5
4144	3.40805E-4
4146	0.00105
4148	0.00107
4150	7.47968E-4
4152	-2.97311E-4
4154	-3.98591E-4
4156	5.8513E-4
4158	0.00135
4160	4.23572E-4
4162	-2.37707E-4
4164	-2.63986E-4
4166	-6.92265E-4
4168	-5.65544E-4
4170	-1.34823E-4
4172	-4.81691E-4
4174	-2.98874E-4
4176	2.24943E-4
4178	0.00122
4180	0.00205
4182	0.00222
4184	0.00273
4186	0.00298
4188	0.00293
4190	0.00246
4192	0.00167
4194	-4.46706E-4
4196	-0.16139
4198	-0.97646
4200	-2.2451
4202	-3.59432
4204	-4.88022
4206	-6.06726
4208	-7.14072
4210	-8.1011
4212	-8.94051
4214	-9.63415
4216	-9.74944
4218	-9.13916
4220	-8.25185
4222	-7.31677
4224	-6.41422
4226	-5.57508
4228	-4.81263
4230	-4.13334
4232	-3.53608
4234	-3.01814
4236	-2.57386
4238	-2.19223
4240	-1.86906
4242	-1.59704
4244	-1.36916
4246	-1.17785
4248	-1.01872
4250	-0.88561
4252	-0.77475
4254	-0.68209
4256	-0.60439
4258	-0.53891
4260	-0.48302
4262	-0.43588
4264	-0.39464
4266	-0.35999
4268	-0.32972
4270	-0.30203
4272	-0.2778
4274	-0.25712
4276	-0.23775
4278	-0.2201
4280	-0.20378
4282	-0.18936
4284	-0.17471
4286	-0.16317
4288	-0.15275
4290	-0.14209
4292	-0.13272
4294	-0.12379
4296	-0.1158
4298	-0.10861
4300	-0.10133
4302	-0.09483
4304	-0.08791
4306	-0.08215
4308	-0.0765
4310	-0.0703
4312	-0.06511
4314	-0.06112
4316	-0.0582
4318	-0.05446
4320	-0.05115
4322	-0.04984
4324	-0.0458
4326	-0.04311
4328	-0.04055
4330	-0.03884
4332	-0.03766
4334	-0.03516
4336	-0.03282
4338	-0.03122
4340	-0.02909
4342	-0.02779
4344	-0.02619
4346	-0.02539
4348	-0.02352
4350	-0.02117
4352	-0.01991
4354	-0.0198
4356	-0.01893
4358	-0.01818
4360	-0.01767
4362	-0.01686
4364	-0.01547
4366	-0.01579
4368	-0.01468
4370	-0.01324
4372	-0.01349
4374	-0.01349
4376	-0.01242
4378	-0.01291
4380	-0.01301
4382	-0.01256
4384	-0.01222
4386	-0.01129
4388	-0.00983
4390	-0.00988
4392	-0.00997
4394	-0.00938
4396	-0.00805
4398	-0.00678
4400	-0.00695
4402	-0.00665
4404	-0.00518
4406	-0.00512
4408	-0.0044
4410	-0.00378
4412	-0.00308
4414	-0.00258
4416	-0.00107
4418	-0.00117
4420	-0.00213
4422	-0.00116
4424	-0.00167
4426	-0.00223
4428	-0.00262
4430	-0.00333
4432	-0.00279
4434	-0.00198
4436	-0.00248
4438	-0.00237
4440	-0.00241
4442	-0.00234
4444	-0.00172
4446	-0.00307
4448	-0.00382
4450	-0.00334
4452	-0.00241
4454	-0.00235
4456	-0.00233
4458	-0.00242
4460	-0.00107
4462	-3.10094E-4
4464	-7.98584E-4
4466	-0.00152
4468	6.43551E-6
4470	0.00105
4472	-4.53545E-4
4474	-0.00154
4476	-0.00136
4478	-0.00117
4480	-0.00185
4482	-0.00187
4484	-0.00164
4486	-7.67976E-4
4488	-4.13466E-4
4490	4.20441E-5
4492	4.31554E-4
4494	2.30639E-5
4496	6.43574E-4
4498	4.64084E-4
4500	-1.76782E-4
4502	1.33095E-4
4504	5.57972E-4
4506	-7.8915E-4
4508	-3.74273E-4
4510	9.38604E-4
4512	9.88481E-4
4514	8.38358E-4
4516	-3.97765E-4
4518	-2.11888E-4
4520	3.15989E-4
4522	8.91866E-4
4524	0.00115
4526	0.00165
4528	9.04978E-5
4530	-5.51625E-4
4532	-3.80748E-4
4534	5.91129E-4
4536	6.30006E-4
4538	-7.71117E-4
4540	-0.14079
4542	-0.92323
4544	-2.19475
4546	-3.55785
4548	-4.8668
4550	-6.07581
4552	-7.16426
4554	-8.14216
4556	-9.00499
4558	-9.73162
4560	-9.91598
4562	-9.33392
4564	-8.44321
4566	-7.49436
4568	-6.57431
4570	-5.71843
4572	-4.9386
4574	-4.24221
4576	-3.62891
4578	-3.09566
4580	-2.63728
4582	-2.24655
4584	-1.91544
4586	-1.6356
4588	-1.40068
4590	-1.20536
4592	-1.04149
4594	-0.90398
4596	-0.79001
4598	-0.69478
4600	-0.61526
4602	-0.54685
4604	-0.48941
4606	-0.44122
4608	-0.3999
4610	-0.36358
4612	-0.33045
4614	-0.30355
4616	-0.27907
4618	-0.25664
4620	-0.23755
4622	-0.22058
4624	-0.2047
4626	-0.18921
4628	-0.17478
4630	-0.16251
4632	-0.15174
4634	-0.14103
4636	-0.1306
4638	-0.12171
4640	-0.11391
4642	-0.10549
4644	-0.09721
4646	-0.09049
4648	-0.08425
4650	-0.07886
4652	-0.07357
4654	-0.06913
4656	-0.06443
4658	-0.05966
4660	-0.05346
4662	-0.04905
4664	-0.0464
4666	-0.04388
4668	-0.04129
4670	-0.03836
4672	-0.03523
4674	-0.03297
4676	-0.03215
4678	-0.03065
4680	-0.02873
4682	-0.02693
4684	-0.02611
4686	-0.02409
4688	-0.02285
4690	-0.02154
4692	-0.02101
4694	-0.02013
4696	-0.01946
4698	-0.01881
4700	-0.01849
4702	-0.01709
4704	-0.01607
4706	-0.01509
4708	-0.01394
4710	-0.01343
4712	-0.01323
4714	-0.01217
4716	-0.01122
4718	-0.00991
4720	-0.00947
4722	-0.01012
4724	-0.00941
4726	-0.00966
4728	-0.00846
4730	-0.00695
4732	-0.00569
4734	-0.0048
4736	-0.00471
4738	-0.00448
4740	-0.00443
4742	-0.00367
4744	-0.00357
4746	-0.00477
4748	-0.00369
4750	-0.00354
4752	-0.00305
4754	-0.00258
4756	-0.00294
4758	-0.00191
4760	-0.00175
4762	-0.00153
4764	-0.00188
4766	-0.0018
4768	-0.00139
4770	-8.0184E-4
4772	1.01923E-4
4774	0.00129
4776	0.00105
4778	-2.43785E-4
4780	2.85979E-4
4782	0.00123
4784	-1.82494E-4
4786	-5.4873E-4
4788	3.35034E-4
4790	-1.06202E-4
4792	8.65616E-5
4794	1.47325E-4
4796	2.60089E-4
4798	9.77853E-4
4800	6.57617E-4
4802	4.53807E-5
4804	2.53145E-4
4806	9.53908E-4
4808	0.00197
4810	0.00204
4812	0.00224
4814	0.00164
4816	7.45727E-4
4818	-4.38509E-4
4820	6.85255E-4
4822	0.00106
4824	4.33783E-4
4826	9.25954E-4
4828	0.00221
4830	0.00244
4832	0.00209
4834	0.00187
4836	0.00167
4838	0.00168
4840	0.00174
4842	0.00112
4844	0.00137
4846	1.43188E-4
4848	4.28312E-4
4850	-2.29565E-4
4852	-0.00126
4854	-8.35318E-4
4856	3.08053E-5
4858	3.47929E-4
4860	0.00118
4862	0.00262
4864	0.00369
4866	0.00342
4868	0.00459
4870	0.00404
4872	0.00287
4874	0.00192
4876	0.00139
4878	0.00104
4880	1.73491E-4
4882	-0.00104
4884	-0.11881
4886	-0.86636
4888	-2.1351
4890	-3.51491
4892	-4.8453
4894	-6.07923
4896	-7.19168
4898	-8.18687
4900	-9.07038
4902	-9.82511
4904	-10.05297
4906	-9.49512
4908	-8.6025
4910	-7.64178
4912	-6.70915
4914	-5.83785
4916	-5.04279
4918	-4.33268
4920	-3.70825
4922	-3.16425
4924	-2.69692
4926	-2.29745
4928	-1.95848
4930	-1.67244
4932	-1.43212
4934	-1.23194
4936	-1.06487
4938	-0.9257
4940	-0.80947
4942	-0.71268
4944	-0.63141
4946	-0.56215
4948	-0.50385
4950	-0.45487
4952	-0.41301
4954	-0.37614
4956	-0.34304
4958	-0.31326
4960	-0.28865
4962	-0.26578
4964	-0.24505
4966	-0.22624
4968	-0.20976
4970	-0.19472
4972	-0.182
4974	-0.16909
4976	-0.15772
4978	-0.14694
4980	-0.13594
4982	-0.1274
4984	-0.11894
4986	-0.11081
4988	-0.1025
4990	-0.09531
4992	-0.08847
4994	-0.08203
4996	-0.07719
4998	-0.07259
5000	-0.06808
5002	-0.06472
5004	-0.06113
5006	-0.05699
5008	-0.05314
5010	-0.05007
5012	-0.04637
5014	-0.04384
5016	-0.04175
5018	-0.03896
5020	-0.03646
5022	-0.03397
5024	-0.03185
5026	-0.03055
5028	-0.02954
5030	-0.02853
5032	-0.02732
5034	-0.0259
5036	-0.02477
5038	-0.02255
5040	-0.02216
5042	-0.02073
5044	-0.01927
5046	-0.01889
5048	-0.01798
5050	-0.01659
5052	-0.01592
5054	-0.01648
5056	-0.01573
5058	-0.01509
5060	-0.0136
5062	-0.0129
5064	-0.01214
5066	-0.01331
5068	-0.01309
5070	-0.01181
5072	-0.01038
5074	-0.00944
5076	-0.00945
5078	-0.0095
5080	-0.00955
5082	-0.00897
5084	-0.00887
5086	-0.0095
5088	-0.0093
5090	-0.00865
5092	-0.00818
5094	-0.00697
5096	-0.0057
5098	-0.00573
5100	-0.00578
5102	-0.00643
5104	-0.00659
5106	-0.00559
5108	-0.00473
5110	-0.00491
5112	-0.00521
5114	-0.00453
5116	-0.00316
5118	-0.00216
5120	-0.00301
5122	-0.00396
5124	-0.00395
5126	-0.00413
5128	-0.00513
5130	-0.00519
5132	-0.00428
5134	-0.00386
5136	-0.00439
5138	-0.00463
5140	-0.00475
5142	-0.00493
5144	-0.00551
5146	-0.00524
5148	-0.0052
5150	-0.00437
5152	-0.00374
5154	-0.0031
5156	-0.00226
5158	-0.00236
5160	-0.00192
5162	-0.00283
5164	-0.00174
5166	-8.82612E-4
5168	2.06633E-5
5170	-9.00618E-5
5172	-1.72787E-4
5174	-3.05512E-4
5176	-2.32237E-4
5178	1.33038E-4
5180	6.01313E-4
5182	1.13587E-4
5184	-1.92138E-4
5186	-0.00138
5188	-0.00175
5190	-9.22313E-4
5192	-0.00105
5194	-0.00105
5196	-8.05487E-5
5198	7.09019E-4
5200	2.09588E-4
5202	-2.28443E-5
5204	7.32724E-4
5206	0.0011
5208	0.00115
5210	9.78428E-4
5212	4.52996E-4
5214	-4.01436E-4
5216	-8.35868E-4
5218	-6.27299E-4
5220	-3.11731E-4
5222	-5.96163E-4
5224	-2.97595E-4
5226	-0.00138
5228	-0.10438
5230	-0.82626
5232	-2.09794
5234	-3.49812
5236	-4.8449
5238	-6.09676
5240	-7.22858
5242	-8.2472
5244	-9.14854
5246	-9.92473
5248	-10.19224
5250	-9.66193
5252	-8.77226
5254	-7.80248
5256	-6.85448
5258	-5.9682
5260	-5.15819
5262	-4.43365
5264	-3.7954
5266	-3.2401
5268	-2.75964
5270	-2.34811
5272	-2.00086
5274	-1.7081
5276	-1.46227
5278	-1.25766
5280	-1.08491
5282	-0.94076
5284	-0.82169
5286	-0.72201
5288	-0.63771
5290	-0.56733
5292	-0.50887
5294	-0.45913
5296	-0.4159
5298	-0.37791
5300	-0.34515
5302	-0.31586
5304	-0.28979
5306	-0.26765
5308	-0.2472
5310	-0.22813
5312	-0.21167
5314	-0.19686
5316	-0.18339
5318	-0.17034
5320	-0.15779
5322	-0.14597
5324	-0.1359
5326	-0.12534
5328	-0.11644
5330	-0.10794
5332	-0.09998
5334	-0.09304
5336	-0.08625
5338	-0.08041
5340	-0.07483
5342	-0.07071
5344	-0.06621
5346	-0.06094
5348	-0.05634
5350	-0.05279
5352	-0.04938
5354	-0.04685
5356	-0.0433
5358	-0.04102
5360	-0.03859
5362	-0.03615
5364	-0.03363
5366	-0.03166
5368	-0.03024
5370	-0.02806
5372	-0.02663
5374	-0.02518
5376	-0.02443
5378	-0.02386
5380	-0.02314
5382	-0.02143
5384	-0.02005
5386	-0.01899
5388	-0.01837
5390	-0.01749
5392	-0.01604
5394	-0.01621
5396	-0.01539
5398	-0.01385
5400	-0.01384
5402	-0.01297
5404	-0.01323
5406	-0.01311
5408	-0.01155
5410	-0.01025
5412	-0.00975
5414	-0.0101
5416	-0.00964
5418	-0.00899
5420	-0.00812
5422	-0.00783
5424	-0.00879
5426	-0.00831
5428	-0.00707
5430	-0.00591
5432	-0.00554
5434	-0.00527
5436	-0.00306
5438	-0.00229
5440	-0.00184
5442	-9.65557E-4
5444	-0.00115
5446	-0.00145
5448	-4.21637E-4
5450	2.71336E-4
5452	6.83096E-5
5454	-0.00113
5456	-0.00306
5458	-0.00365
5460	-0.00327
5462	-0.00225
5464	-0.00236
5466	-0.00379
5468	-0.00387
5470	-0.00323
5472	-0.00383
5474	-0.00392
5476	-0.00219
5478	-0.00179
5480	-0.00104
5482	-5.95673E-4
5484	-4.7882E-4
5486	-5.47967E-4
5488	-3.15113E-4
5490	-9.92599E-5
5492	-5.14407E-4
5494	-6.25553E-4
5496	1.913E-4
5498	-7.54846E-4
5500	-0.00109
5502	-0.00111
5504	-0.00116
5506	-0.00138
5508	-0.0011
5510	-9.97726E-4
5512	-0.00157
5514	-0.00167
5516	-4.25166E-4
5518	-8.45313E-4
5520	-0.00161
5522	-0.00164
5524	-0.00189
5526	-0.0013
5528	1.89707E-4
5530	6.2426E-4
5532	9.50813E-4
5534	0.0011
5536	3.05919E-4
5538	2.75471E-4
5540	5.79024E-4
5542	7.23577E-4
5544	-1.1187E-4
5546	-0.00101
5548	-7.42764E-4
5550	-2.24212E-4
5552	3.03411E-5
5554	5.58939E-5
5556	5.13447E-4
5558	9.41E-4
5560	0.00157
5562	8.18514E-4
5564	7.60845E-4
5566	1.10175E-4
5568	-8.14949E-5
5570	3.84835E-4
5572	-0.07737
5574	-0.73837
5576	-1.99309
5578	-3.40461
5580	-4.77962
5582	-6.06257
5584	-7.23131
5586	-8.27814
5588	-9.20131
5590	-10.00155
5592	-10.35196
5594	-9.87811
5596	-8.9965
5598	-8.01616
5600	-7.04812
5602	-6.13991
5604	-5.30961
5606	-4.56411
5608	-3.90581
5610	-3.33392
5612	-2.84064
5614	-2.41776
5616	-2.05949
5618	-1.75695
5620	-1.50207
5622	-1.28961
5624	-1.11234
5626	-0.96406
5628	-0.84024
5630	-0.73723
5632	-0.65058
5634	-0.57805
5636	-0.5163
5638	-0.46402
5640	-0.41973
5642	-0.38124
5644	-0.3476
5646	-0.31808
5648	-0.29196
5650	-0.26931
5652	-0.24901
5654	-0.23063
5656	-0.21347
5658	-0.1972
5660	-0.18215
5662	-0.16936
5664	-0.15796
5666	-0.1467
5668	-0.13546
5670	-0.12635
5672	-0.11882
5674	-0.11042
5676	-0.10235
5678	-0.09441
5680	-0.08913
5682	-0.08265
5684	-0.07673
5686	-0.07163
5688	-0.06771
5690	-0.0632
5692	-0.05916
5694	-0.05541
5696	-0.05151
5698	-0.04772
5700	-0.04382
5702	-0.04108
5704	-0.03876
5706	-0.03541
5708	-0.03322
5710	-0.03124
5712	-0.02898
5714	-0.02638
5716	-0.02482
5718	-0.02293
5720	-0.02194
5722	-0.02151
5724	-0.02069
5726	-0.01959
5728	-0.01958
5730	-0.0184
5732	-0.01772
5734	-0.01618
5736	-0.01481
5738	-0.01414
5740	-0.01344
5742	-0.01306
5744	-0.01183
5746	-0.01102
5748	-0.01108
5750	-0.01058
5752	-0.0102
5754	-0.00987
5756	-0.00926
5758	-0.00859
5760	-0.00947
5762	-0.00946
5764	-0.00823
5766	-0.00763
5768	-0.00759
5770	-0.00701
5772	-0.00628
5774	-0.00642
5776	-0.00769
5778	-0.00725
5780	-0.0074
5782	-0.00666
5784	-0.00615
5786	-0.00613
5788	-0.00584
5790	-0.00535
5792	-0.0049
5794	-0.00455
5796	-0.00395
5798	-0.00413
5800	-0.00378
5802	-0.00362
5804	-0.00383
5806	-0.00404
5808	-0.00351
5810	-0.00309
5812	-0.00269
5814	-0.00148
5816	-0.00104
5818	-0.00215
5820	-0.00331
5822	-0.00209
5824	-0.00148
5826	-0.00155
5828	-0.00119
5830	2.71794E-4
5832	1.35811E-4
5834	-1.58173E-4
5836	0.00117
5838	0.00181
5840	0.00163
5842	0.00131
5844	4.6691E-4
5846	-3.46074E-4
5848	-9.93799E-4
5850	1.57575E-5
5852	8.34314E-4
5854	1.08699E-5
5856	-4.01574E-4
5858	-0.00134
5860	-0.00195
5862	-0.00195
5864	-0.00149
5866	-8.97793E-4
5868	-0.00199
5870	-0.0018
5872	-3.77124E-4
5874	-1.22568E-4
5876	4.18988E-4
5878	9.64544E-4
5880	7.771E-4
5882	8.66657E-4
5884	0.00111
5886	7.50769E-4
5888	4.02618E-4
5890	3.531E-5
5892	-0.00104
5894	-0.00103
5896	-5.59615E-4
5898	-3.5923E-5
5900	9.30769E-4
5902	0.00139
5904	0.0011
5906	1.32844E-4
5908	1.52536E-4
5910	0.00112
5912	0.00121
5914	7.72611E-4
5916	-0.07497
5918	-0.72227
5920	-1.98092
5922	-3.40726
5924	-4.80092
5926	-6.10134
5928	-7.2875
5930	-8.35313
5932	-9.29791
5934	-10.12688
5936	-10.5356
5938	-10.09655
5940	-9.21271
5942	-8.21768
5944	-7.23199
5946	-6.30346
5948	-5.45248
5950	-4.68807
5952	-4.01323
5954	-3.42592
5956	-2.9191
5958	-2.48518
5960	-2.11687
5962	-1.80574
5964	-1.54438
5966	-1.32455
5968	-1.14139
5970	-0.99012
5972	-0.86352
5974	-0.75813
5976	-0.66939
5978	-0.59429
5980	-0.53153
5982	-0.47896
5984	-0.43259
5986	-0.39293
5988	-0.35792
5990	-0.3262
5992	-0.29903
5994	-0.27447
5996	-0.25285
5998	-0.23434
6000	-0.21705
6002	-0.20093
6004	-0.18675
6006	-0.17297
6008	-0.16015
6010	-0.14819
6012	-0.13737
6014	-0.12763
6016	-0.11854
6018	-0.10989
6020	-0.10216
6022	-0.09417
6024	-0.08872
6026	-0.0833
6028	-0.07862
6030	-0.07445
6032	-0.07001
6034	-0.06514
6036	-0.05934
6038	-0.05442
6040	-0.0515
6042	-0.04848
6044	-0.04502
6046	-0.04172
6048	-0.03866
6050	-0.03642
6052	-0.03375
6054	-0.03194
6056	-0.03087
6058	-0.02879
6060	-0.0246
6062	-0.02227
6064	-0.0216
6066	-0.02122
6068	-0.02087
6070	-0.01949
6072	-0.01819
6074	-0.01738
6076	-0.01708
6078	-0.0163
6080	-0.01578
6082	-0.01369
6084	-0.01252
6086	-0.01191
6088	-0.01187
6090	-0.01138
6092	-0.01056
6094	-0.01058
6096	-0.01041
6098	-0.01041
6100	-0.01026
6102	-0.00915
6104	-0.00944
6106	-0.00908
6108	-0.0088
6110	-0.0085
6112	-0.00708
6114	-0.00522
6116	-0.00445
6118	-0.00372
6120	-0.00349
6122	-0.00322
6124	-0.00338
6126	-0.00321
6128	-0.00207
6130	-0.00275
6132	-0.00232
6134	-0.00152
6136	-0.00142
6138	-9.97962E-4
6140	-0.00125
6142	-0.00147
6144	-0.00127
6146	-0.00149
6148	-0.00109
6150	3.89975E-4
6152	4.12631E-4
6154	-9.04713E-4
6156	-0.00152
6158	-6.66401E-4
6160	-1.07446E-5
6162	5.44911E-4
6164	0.00142
6166	0.0014
6168	0.00149
6170	3.74536E-4
6172	0.00103
6174	0.00309
6176	0.00382
6178	0.00368
6180	0.00261
6182	0.00252
6184	0.00376
6186	0.00423
6188	0.00471
6190	0.004
6192	0.00456
6194	0.00322
6196	0.00316
6198	0.00344
6200	0.00317
6202	0.00251
6204	0.00237
6206	0.00181
6208	0.00191
6210	0.00123
6212	0.0012
6214	0.00171
6216	0.00196
6218	0.00142
6220	0.00142
6222	0.00207
6224	5.19077E-4
6226	-1.58766E-4
6228	8.12391E-4
6230	8.54548E-4
6232	5.24705E-4
6234	4.58862E-4
6236	0.00107
6238	0.00103
6240	9.24333E-4
6242	0.00199
6244	0.00339
6246	0.00443
6248	0.00472
6250	0.0041
6252	0.00339
6254	0.00311
6256	0.00375
6258	0.00329
6260	-0.04674
6262	-0.60793
6264	-1.82423
6266	-3.25511
6268	-4.67891
6270	-6.01283
6272	-7.23233
6274	-8.32806
6276	-9.29808
6278	-10.14796
6280	-10.63021
6282	-10.27634
6284	-9.43024
6286	-8.44351
6288	-7.45178
6290	-6.51143
6292	-5.64476
6294	-4.86297
6296	-4.1707
6298	-3.56562
6300	-3.04248
6302	-2.59395
6304	-2.21161
6306	-1.8867
6308	-1.61391
6310	-1.38507
6312	-1.19369
6314	-1.0351
6316	-0.90197
6318	-0.78981
6320	-0.69571
6322	-0.61778
6324	-0.55198
6326	-0.49498
6328	-0.44687
6330	-0.40652
6332	-0.37141
6334	-0.3401
6336	-0.31153
6338	-0.2866
6340	-0.26372
6342	-0.24277
6344	-0.22435
6346	-0.20874
6348	-0.19434
6350	-0.17973
6352	-0.16626
6354	-0.15439
6356	-0.14413
6358	-0.13545
6360	-0.12522
6362	-0.11523
6364	-0.10733
6366	-0.10139
6368	-0.09463
6370	-0.08726
6372	-0.08093
6374	-0.07498
6376	-0.06979
6378	-0.06489
6380	-0.06131
6382	-0.05654
6384	-0.0526
6386	-0.04925
6388	-0.0456
6390	-0.04222
6392	-0.03968
6394	-0.03704
6396	-0.03418
6398	-0.03135
6400	-0.02864
6402	-0.02792
6404	-0.02671
6406	-0.02485
6408	-0.02371
6410	-0.02213
6412	-0.02036
6414	-0.01948
6416	-0.01895
6418	-0.01762
6420	-0.01565
6422	-0.01535
6424	-0.01495
6426	-0.01466
6428	-0.01451
6430	-0.01537
6432	-0.01486
6434	-0.01318
6436	-0.01131
6438	-0.01016
6440	-0.01101
6442	-0.01081
6444	-0.01023
6446	-0.00879
6448	-0.0091
6450	-0.00893
6452	-0.00871
6454	-0.00797
6456	-0.00726
6458	-0.00731
6460	-0.0075
6462	-0.00791
6464	-0.00727
6466	-0.0069
6468	-0.0062
6470	-0.00536
6472	-0.0047
6474	-0.00495
6476	-0.00459
6478	-0.00405
6480	-0.004
6482	-0.00357
6484	-0.00301
6486	-0.00214
6488	-0.00255
6490	-0.00299
6492	-0.0034
6494	-0.00352
6496	-0.00318
6498	-0.00305
6500	-0.00248
6502	-0.00291
6504	-0.00285
6506	-0.00288
6508	-0.0026
6510	-0.00158
6512	-0.00126
6514	-0.00204
6516	-0.00228
6518	-0.00242
6520	-0.00281
6522	-0.00258
6524	-0.00174
6526	-8.11415E-5
6528	-3.2754E-4
6530	-2.51939E-4
6532	2.41662E-4
6534	5.76263E-4
6536	8.79864E-4
6538	0.001
6540	0.00187
6542	0.00237
6544	0.00312
6546	0.00263
6548	0.00195
6550	0.00241
6552	0.00199
6554	0.00261
6556	0.00235
6558	0.00151
6560	0.00151
6562	0.00162
6564	7.31325E-4
6566	-2.13032E-4
6568	2.19611E-4
6570	3.08254E-4
6572	9.18967E-5
6574	-2.34604E-5
6576	5.81825E-5
6578	-2.01746E-5
6580	-1.53532E-4
6582	3.04111E-4
6584	8.91382E-5
6586	-4.42786E-4
6588	2.4529E-4
6590	0.00103
6592	0.00182
6594	0.00166
6596	7.03593E-4
6598	6.26669E-4
6600	3.05744E-4
6602	-2.018E-5
6604	-0.03803
6606	-0.55484
6608	-1.76406
6610	-3.2198
6612	-4.67224
6614	-6.0268
6616	-7.26979
6618	-8.39277
6620	-9.3941
6622	-10.2679
6624	-10.77665
6626	-10.4525
6628	-9.61298
6630	-8.61794
6632	-7.61157
6634	-6.65383
6636	-5.76975
6638	-4.97209
6640	-4.26615
6642	-3.64692
6644	-3.11073
6646	-2.65096
6648	-2.26013
6650	-1.92969
6652	-1.65042
6654	-1.41654
6656	-1.22031
6658	-1.05651
6660	-0.92004
6662	-0.80515
6664	-0.71018
6666	-0.63116
6668	-0.56409
6670	-0.50736
6672	-0.45916
6674	-0.41772
6676	-0.38029
6678	-0.34718
6680	-0.31906
6682	-0.29443
6684	-0.2712
6686	-0.25024
6688	-0.2319
6690	-0.21485
6692	-0.19951
6694	-0.18507
6696	-0.17231
6698	-0.16027
6700	-0.14903
6702	-0.13706
6704	-0.12663
6706	-0.11753
6708	-0.10832
6710	-0.10078
6712	-0.09311
6714	-0.08566
6716	-0.07958
6718	-0.07336
6720	-0.06839
6722	-0.06415
6724	-0.06009
6726	-0.05528
6728	-0.05088
6730	-0.04685
6732	-0.04273
6734	-0.04113
6736	-0.03964
6738	-0.03664
6740	-0.0338
6742	-0.03197
6744	-0.03064
6746	-0.02869
6748	-0.02719
6750	-0.02691
6752	-0.02612
6754	-0.02417
6756	-0.02378
6758	-0.02334
6760	-0.0221
6762	-0.02095
6764	-0.01805
6766	-0.01636
6768	-0.01493
6770	-0.01396
6772	-0.01517
6774	-0.01596
6776	-0.01555
6778	-0.01459
6780	-0.0136
6782	-0.01176
6784	-0.0115
6786	-0.01107
6788	-0.01133
6790	-0.01027
6792	-0.00875
6794	-0.00802
6796	-0.00781
6798	-0.00623
6800	-0.00576
6802	-0.00555
6804	-0.00564
6806	-0.00558
6808	-0.00566
6810	-0.00604
6812	-0.0049
6814	-0.00465
6816	-0.00435
6818	-0.00432
6820	-0.00413
6822	-0.0032
6824	-0.00371
6826	-0.00447
6828	-0.00379
6830	-0.00272
6832	-0.00209
6834	-0.0018
6836	-8.90461E-4
6838	3.16741E-4
6840	0.00112
6842	0.00146
6844	0.00164
6846	9.34547E-4
6848	0.0011
6850	1.09509E-5
6852	-0.00101
6854	-0.00172
6856	-0.00208
6858	-0.00161
6860	-0.00181
6862	-0.00199
6864	-0.00187
6866	1.72564E-4
6868	0.00136
6870	0.0013
6872	6.5812E-4
6874	4.58599E-4
6876	6.02078E-4
6878	2.82557E-4
6880	7.94035E-4
6882	0.00181
6884	0.00166
6886	0.00126
6888	1.54951E-4
6890	7.4543E-4
6892	7.39909E-4
6894	-1.29612E-4
6896	4.42867E-4
6898	0.00188
6900	0.00181
6902	0.0013
6904	7.87782E-4
6906	7.84261E-4
6908	8.4074E-4
6910	0.00103
6912	0.00206
6914	0.00192
6916	3.58749E-4
6918	-1.33394E-4
6920	2.24464E-4
6922	3.71322E-4
6924	-0.0015
6926	-0.00175
6928	-0.00142
6930	-8.02479E-5
6932	5.6461E-4
6934	3.12467E-4
6936	5.50325E-4
6938	0.00165
6940	0.00169
6942	0.00207
6944	0.0013
6946	5.40613E-4
6948	-0.02788
6950	-0.499
6952	-1.69891
6954	-3.17128
6956	-4.64945
6958	-6.03717
6960	-7.30742
6962	-8.44858
6964	-9.46647
6966	-10.36593
6968	-10.93826
6970	-10.65695
6972	-9.81671
6974	-8.80741
6976	-7.78243
6978	-6.80554
6980	-5.90447
6982	-5.08971
6984	-4.36614
6986	-3.73256
6988	-3.18474
6990	-2.71429
6992	-2.3133
6994	-1.97366
6996	-1.68753
6998	-1.44822
7000	-1.24633
7002	-1.07839
7004	-0.93854
7006	-0.82188
7008	-0.72429
7010	-0.64186
7012	-0.57349
7014	-0.51519
7016	-0.46574
7018	-0.42331
7020	-0.38564
7022	-0.35268
7024	-0.32372
7026	-0.29813
7028	-0.27494
7030	-0.2532
7032	-0.23348
7034	-0.21542
7036	-0.1997
7038	-0.18557
7040	-0.17156
7042	-0.15895
7044	-0.14757
7046	-0.13674
7048	-0.1268
7050	-0.11806
7052	-0.10897
7054	-0.10089
7056	-0.09369
7058	-0.08729
7060	-0.0808
7062	-0.07509
7064	-0.07024
7066	-0.06522
7068	-0.06158
7070	-0.05789
7072	-0.05344
7074	-0.04966
7076	-0.04456
7078	-0.04103
7080	-0.03891
7082	-0.03611
7084	-0.03444
7086	-0.03264
7088	-0.03131
7090	-0.03066
7092	-0.02918
7094	-0.02693
7096	-0.02426
7098	-0.02189
7100	-0.02086
7102	-0.02011
7104	-0.01961
7106	-0.01802
7108	-0.01709
7110	-0.01602
7112	-0.01462
7114	-0.01393
7116	-0.01402
7118	-0.01296
7120	-0.01185
7122	-0.0116
7124	-0.01156
7126	-0.01241
7128	-0.01174
7130	-0.00971
7132	-0.00779
7134	-0.00691
7136	-0.00618
7138	-0.00665
7140	-0.00659
7142	-0.00594
7144	-0.00501
7146	-0.00588
7148	-0.00638
7150	-0.00633
7152	-0.00644
7154	-0.00536
7156	-0.00554
7158	-0.0055
7160	-0.00466
7162	-0.00454
7164	-0.00568
7166	-0.00628
7168	-0.00686
7170	-0.0065
7172	-0.00536
7174	-0.00387
7176	-0.00391
7178	-0.00238
7180	-0.0012
7182	-0.00129
7184	-0.00111
7186	-0.00243
7188	-0.00258
7190	-0.00348
7192	-0.00275
7194	-0.00173
7196	-0.00238
7198	-0.0032
7200	-0.00252
7202	-7.3674E-4
7204	-6.04305E-4
7206	-5.0787E-4
7208	-0.00104
7210	-0.00145
7212	-0.00215
7214	-0.00285
7216	-0.0031
7218	-0.00309
7220	-0.00261
7222	-0.00242
7224	-0.002
7226	-0.00138
7228	-0.0014
7230	-0.00201
7232	-0.00226
7234	-0.00246
7236	-0.00155
7238	-6.2709E-4
7240	-5.05009E-4
7242	7.23072E-4
7244	0.00124
7246	4.47233E-4
7248	-6.17686E-4
7250	-0.00158
7252	-0.00144
7254	-2.99444E-4
7256	1.82637E-4
7258	2.71796E-6
7260	7.37799E-4
7262	5.7588E-4
7264	4.9496E-4
7266	2.33041E-4
7268	-2.09878E-4
7270	-3.53797E-4
7272	7.52283E-4
7274	7.28364E-4
7276	7.54449E-5
7278	-3.14012E-4
7280	7.49445E-5
7282	0.00127
7284	5.46858E-4
7286	5.94815E-4
7288	6.33772E-4
7290	1.36729E-4
7292	-0.01972
7294	-0.43566
7296	-1.59628
7298	-3.06628
7300	-4.56475
7302	-5.97867
7304	-7.28409
7306	-8.46365
7308	-9.51549
7310	-10.42967
7312	-11.06557
7314	-10.88585
7316	-10.0862
7318	-9.07733
7320	-8.03566
7322	-7.03605
7324	-6.10918
7326	-5.26896
7328	-4.52219
7330	-3.86608
7332	-3.29796
7334	-2.81019
7336	-2.39385
7338	-2.04096
7340	-1.7446
7342	-1.49619
7344	-1.28767
7346	-1.11358
7348	-0.96784
7350	-0.84554
7352	-0.74391
7354	-0.6591
7356	-0.58758
7358	-0.5275
7360	-0.4749
7362	-0.4309
7364	-0.39122
7366	-0.35569
7368	-0.32526
7370	-0.2984
7372	-0.27534
7374	-0.25415
7376	-0.23383
7378	-0.2167
7380	-0.2012
7382	-0.18665
7384	-0.173
7386	-0.16094
7388	-0.1499
7390	-0.13874
7392	-0.12795
7394	-0.11828
7396	-0.11003
7398	-0.10186
7400	-0.09486
7402	-0.08803
7404	-0.08151
7406	-0.07511
7408	-0.06996
7410	-0.06548
7412	-0.06178
7414	-0.05703
7416	-0.05302
7418	-0.04945
7420	-0.04608
7422	-0.04238
7424	-0.03832
7426	-0.03622
7428	-0.03334
7430	-0.03157
7432	-0.02909
7434	-0.02638
7436	-0.02622
7438	-0.02536
7440	-0.02363
7442	-0.02129
7444	-0.01918
7446	-0.01748
7448	-0.01762
7450	-0.01705
7452	-0.016
7454	-0.01433
7456	-0.01476
7458	-0.01467
7460	-0.01375
7462	-0.01308
7464	-0.01219
7466	-0.012
7468	-0.00973
7470	-0.008
7472	-0.00775
7474	-0.00764
7476	-0.00688
7478	-0.0059
7480	-0.00715
7482	-0.00834
7484	-0.00716
7486	-0.00706
7488	-0.00672
7490	-0.00607
7492	-0.00555
7494	-0.00459
7496	-0.00373
7498	-0.00365
7500	-0.0029
7502	-0.00294
7504	-0.00208
7506	-0.0023
7508	-0.00288
7510	-0.0025
7512	-0.00219
7514	-0.00104
7516	-9.42393E-4
7518	-8.23725E-4
7520	-0.00164
7522	-0.00168
7524	-0.00159
7526	-9.01655E-4
7528	-5.54252E-4
7530	-2.34849E-4
7532	-3.49445E-4
7534	-0.00121
7536	-0.00124
7538	-2.52353E-5
7540	3.63168E-4
7542	0.00106
7544	0.00224
7546	0.00257
7548	0.0023
7550	0.00174
7552	0.00128
7554	0.00184
7556	0.00207
7558	0.00247
7560	0.0024
7562	0.0019
7564	0.00258
7566	0.00242
7568	0.00231
7570	0.00135
7572	0.00183
7574	0.00115
7576	0.00131
7578	0.00177
7580	0.00147
7582	0.00288
7584	0.00274
7586	0.00249
7588	0.00238
7590	0.00225
7592	0.00172
7594	0.00173
7596	0.00258
7598	0.00249
7600	8.68206E-4
7602	5.17656E-4
7604	-3.38929E-5
7606	-3.02458E-4
7608	2.64172E-6
7610	7.53741E-4
7612	8.39841E-4
7614	0.00142
7616	0.00137
7618	0.00177
7620	0.00222
7622	0.00282
7624	0.00171
7626	0.00167
7628	0.00333
7630	0.00323
7632	0.00278
7634	0.0031
7636	-0.01285
7638	-0.40119
7640	-1.54808
7642	-3.03722
7644	-4.56186
7646	-5.99785
7648	-7.3178
7650	-8.50911
7652	-9.58072
7654	-10.52401
7656	-11.21524
7658	-11.10029
7660	-10.31858
7662	-9.30004
7664	-8.24011
7666	-7.21909
7668	-6.27036
7670	-5.41007
7672	-4.64391
7674	-3.97152
7676	-3.38829
7678	-2.88778
7680	-2.46237
7682	-2.09996
7684	-1.79382
7686	-1.53791
7688	-1.32408
7690	-1.14575
7692	-0.99636
7694	-0.87015
7696	-0.76458
7698	-0.67811
7700	-0.60441
7702	-0.54076
7704	-0.4868
7706	-0.43939
7708	-0.39902
7710	-0.36508
7712	-0.33524
7714	-0.30834
7716	-0.28426
7718	-0.26275
7720	-0.24373
7722	-0.22471
7724	-0.20713
7726	-0.1918
7728	-0.17795
7730	-0.16504
7732	-0.1533
7734	-0.14251
7736	-0.13267
7738	-0.12273
7740	-0.11408
7742	-0.10556
7744	-0.09876
7746	-0.09169
7748	-0.08514
7750	-0.07854
7752	-0.07335
7754	-0.06878
7756	-0.06406
7758	-0.05882
7760	-0.05473
7762	-0.05012
7764	-0.04519
7766	-0.04167
7768	-0.03915
7770	-0.03644
7772	-0.03378
7774	-0.03197
7776	-0.03129
7778	-0.03052
7780	-0.02844
7782	-0.02646
7784	-0.02488
7786	-0.02266
7788	-0.0197
7790	-0.01765
7792	-0.01824
7794	-0.01845
7796	-0.01751
7798	-0.01764
7800	-0.01748
7802	-0.01528
7804	-0.01337
7806	-0.0129
7808	-0.013
7810	-0.01393
7812	-0.01404
7814	-0.01226
7816	-0.0113
7818	-0.01089
7820	-0.00945
7822	-0.00947
7824	-0.00966
7826	-0.00881
7828	-0.00724
7830	-0.00668
7832	-0.00638
7834	-0.00584
7836	-0.00539
7838	-0.00533
7840	-0.00521
7842	-0.00539
7844	-0.00541
7846	-0.00448
7848	-0.00363
7850	-0.00445
7852	-0.00408
7854	-0.00372
7856	-0.00319
7858	-0.00239
7860	-0.00227
7862	-0.00287
7864	-0.00361
7866	-0.00428
7868	-0.00476
7870	-0.00501
7872	-0.00494
7874	-0.00347
7876	-0.00274
7878	-0.00275
7880	-0.00295
7882	-0.00165
7884	-6.07457E-4
7886	-6.61638E-4
7888	-7.56818E-4
7890	-2.99993E-5
7892	5.2682E-4
7894	1.53639E-4
7896	-7.55418E-5
7898	7.32773E-5
7900	-3.76903E-4
7902	-2.91084E-4
7904	-2.16265E-4
7906	-4.43446E-4
7908	-8.74627E-4
7910	-0.00106
7912	-0.00161
7914	-0.00124
7916	-0.00185
7918	-9.91531E-4
7920	-2.50712E-4
7922	-9.04893E-4
7924	-8.45073E-4
7926	-1.42254E-4
7928	-2.03435E-4
7930	5.44384E-4
7932	6.66032E-4
7934	5.87541E-4
7936	2.8005E-4
7938	0.00113
7940	0.0016
7942	7.48577E-4
7944	-5.88914E-4
7946	-1.37406E-4
7948	5.26103E-4
7950	3.27612E-4
7952	3.69121E-4
7954	3.1263E-4
7956	-3.97861E-4
7958	-5.04352E-4
7960	9.63156E-4
7962	4.96653E-5
7964	4.18174E-4
7966	0.00148
7968	0.0011
7970	5.10701E-4
7972	3.3221E-4
7974	8.78266E-4
7976	9.39605E-4
7978	5.14944E-4
7980	-0.01324
7982	-0.36635
7984	-1.48507
7986	-2.97137
7988	-4.5074
7990	-5.96564
7992	-7.31692
7994	-8.53498
7996	-9.63051
7998	-10.59418
8000	-11.31891
8002	-11.26745
8004	-10.51607
8006	-9.50373
8008	-8.43839
8010	-7.40694
8012	-6.44308
8014	-5.56669
8016	-4.78376
8018	-4.0962
8020	-3.49808
8022	-2.98252
8024	-2.54276
8026	-2.16963
8028	-1.85508
8030	-1.59098
8032	-1.36951
8034	-1.18487
8036	-1.02995
8038	-0.8986
8040	-0.7889
8042	-0.69752
8044	-0.62121
8046	-0.55686
8048	-0.50188
8050	-0.45463
8052	-0.41337
8054	-0.37745
8056	-0.34567
8058	-0.31638
8060	-0.29154
8062	-0.26974
8064	-0.24918
8066	-0.2289
8068	-0.21132
8070	-0.19562
8072	-0.18036
8074	-0.16676
8076	-0.15548
8078	-0.14454
8080	-0.13402
8082	-0.1236
8084	-0.11408
8086	-0.1065
8088	-0.09941
8090	-0.09173
8092	-0.08487
8094	-0.07871
8096	-0.07352
8098	-0.06851
8100	-0.06442
8102	-0.05983
8104	-0.05562
8106	-0.05179
8108	-0.04832
8110	-0.04524
8112	-0.04121
8114	-0.03815
8116	-0.03561
8118	-0.03295
8120	-0.03048
8122	-0.02794
8124	-0.02473
8126	-0.02238
8128	-0.02061
8130	-0.02021
8132	-0.01894
8134	-0.01849
8136	-0.01808
8138	-0.01752
8140	-0.01597
8142	-0.01475
8144	-0.0138
8146	-0.01236
8148	-0.01073
8150	-0.00963
8152	-0.00998
8154	-0.00939
8156	-0.00913
8158	-0.00971
8160	-0.01049
8162	-0.00983
8164	-0.0098
8166	-0.00774
8168	-0.00717
8170	-0.00616
8172	-0.00582
8174	-0.00574
8176	-0.00487
8178	-0.0045
8180	-0.00468
8182	-0.00473
8184	-0.00413
8186	-0.00385
8188	-0.00317
8190	-0.00223
8192	-0.00275
8194	-0.00307
8196	-0.0038
8198	-0.00336
8200	-0.00347
8202	-0.00262
8204	-0.00337
8206	-0.00372
8208	-0.0027
8210	-0.00144
8212	-6.04107E-4
8214	-4.62796E-4
8216	-4.98486E-4
8218	-0.0015
8220	-0.00211
8222	-0.00292
8224	-0.0036
8226	-0.00315
8228	-0.00243
8230	-0.00133
8232	-0.00131
8234	-0.00125
8236	-5.18381E-4
8238	-7.90708E-5
8240	9.82397E-5
8242	5.9555E-4
8244	0.00142
8246	6.88171E-4
8248	4.74482E-4
8250	-7.53208E-4
8252	-0.00104
8254	-0.00187
8256	-5.73277E-4
8258	7.14034E-4
8260	1.48969E-4
8262	5.66239E-4
8264	0.00163
8266	0.00139
8268	2.5205E-4
8270	-2.60679E-4
8272	-5.44409E-4
8274	-6.84139E-4
8276	-4.62868E-4
8278	9.69402E-4
8280	0.00157
8282	0.00218
8284	0.00217
8286	0.00158
8288	0.00164
8290	0.00186
8292	9.85295E-4
8294	-1.35435E-4
8296	-0.00148
8298	-0.00127
8300	-2.96367E-4
8302	2.6244E-4
8304	5.16247E-4
8306	9.80054E-4
8308	4.7986E-4
8310	7.32667E-4
8312	7.56474E-4
8314	7.93281E-4
8316	8.40088E-4
8318	0.001
8320	0.00103
8322	0.0016
8324	-0.00539
8326	-0.29677
8328	-1.35489
8330	-2.83446
8332	-4.38673
8334	-5.8766
8336	-7.26686
8338	-8.52858
8340	-9.65745
8342	-10.64923
8344	-11.42298
8346	-11.463
8348	-10.75232
8350	-9.74119
8352	-8.66152
8354	-7.60653
8356	-6.61998
8358	-5.72045
8360	-4.91725
8362	-4.20998
8364	-3.59528
8366	-3.06529
8368	-2.61354
8370	-2.23008
8372	-1.90564
8374	-1.63294
8376	-1.40543
8378	-1.21494
8380	-1.05528
8382	-0.92171
8384	-0.81122
8386	-0.71738
8388	-0.63852
8390	-0.571
8392	-0.51364
8394	-0.46363
8396	-0.42102
8398	-0.38334
8400	-0.34945
8402	-0.32081
8404	-0.29479
8406	-0.27174
8408	-0.25126
8410	-0.23194
8412	-0.21358
8414	-0.19712
8416	-0.18156
8418	-0.16897
8420	-0.15721
8422	-0.14499
8424	-0.13534
8426	-0.12607
8428	-0.11705
8430	-0.10803
8432	-0.09961
8434	-0.09165
8436	-0.08529
8438	-0.07964
8440	-0.07392
8442	-0.06928
8444	-0.0649
8446	-0.0606
8448	-0.05642
8450	-0.05216
8452	-0.04816
8454	-0.0444
8456	-0.04141
8458	-0.03791
8460	-0.03497
8462	-0.03261
8464	-0.02995
8466	-0.02741
8468	-0.02561
8470	-0.02457
8472	-0.02333
8474	-0.02199
8476	-0.01981
8478	-0.01878
8480	-0.01855
8482	-0.01729
8484	-0.01533
8486	-0.01466
8488	-0.01459
8490	-0.01357
8492	-0.01235
8494	-0.0122
8496	-0.01216
8498	-0.01162
8500	-0.01165
8502	-0.01156
8504	-0.01099
8506	-0.01
8508	-0.00916
8510	-0.00889
8512	-0.00927
8514	-0.00925
8516	-0.00764
8518	-0.00606
8520	-0.00561
8522	-0.00623
8524	-0.00627
8526	-0.00649
8528	-0.00641
8530	-0.00497
8532	-0.00387
8534	-0.00265
8536	-0.00214
8538	-0.00133
8540	-0.00144
8542	-0.00251
8544	-0.00272
8546	-0.00268
8548	-0.00266
8550	-0.00324
8552	-0.00346
8554	-0.0025
8556	-0.00239
8558	-0.0026
8560	-0.0032
8562	-0.00215
8564	-0.00171
8566	-0.00248
8568	-0.0024
8570	-0.00201
8572	-0.00214
8574	-0.00234
8576	-0.00214
8578	-0.00172
8580	-8.07542E-4
8582	2.28815E-4
8584	9.09171E-4
8586	8.09577E-5
8588	-0.00108
8590	-0.00103
8592	1.81999E-6
8594	5.93441E-4
8596	0.00128
8598	-1.38318E-4
8600	-0.00123
8602	-0.0015
8604	-0.00101
8606	-4.71835E-4
8608	-7.78214E-4
8610	-2.67593E-4
8612	-1.28972E-4
8614	-1.47352E-4
8616	-7.54731E-4
8618	-0.00119
8620	-1.93489E-4
8622	2.97132E-4
8624	0.00145
8626	0.00148
8628	7.69654E-4
8630	1.54174E-4
8632	4.06693E-4
8634	3.86213E-4
8636	3.96733E-4
8638	3.75253E-4
8640	9.73772E-4
8642	5.63292E-4
8644	6.15812E-4
8646	1.91331E-4
8648	-4.54149E-4
8650	-0.00164
8652	-0.0014
8654	-4.5059E-4
8656	3.6693E-4
8658	8.64494E-5
8660	-5.79031E-4
8662	4.55489E-4
8664	0.00136
8666	0.00243
8668	-0.00505
8670	-0.28874
8672	-1.336
8674	-2.8241
8676	-4.40014
8678	-5.92246
8680	-7.3368
8682	-8.61959
8684	-9.76644
8686	-10.78266
8688	-11.60535
8690	-11.70093
8692	-11.01434
8694	-10.00165
8696	-8.90593
8698	-7.83096
8700	-6.82278
8702	-5.90309
8704	-5.07892
8706	-4.35088
8708	-3.71682
8710	-3.17139
8712	-2.70382
8714	-2.30641
8716	-1.97122
8718	-1.68846
8720	-1.45232
8722	-1.25547
8724	-1.09029
8726	-0.95097
8728	-0.83505
8730	-0.73816
8732	-0.65551
8734	-0.58536
8736	-0.52717
8738	-0.47694
8740	-0.4328
8742	-0.3955
8744	-0.36084
8746	-0.32989
8748	-0.30389
8750	-0.28038
8752	-0.25878
8754	-0.23932
8756	-0.22148
8758	-0.20461
8760	-0.18924
8762	-0.17605
8764	-0.16383
8766	-0.15205
8768	-0.1415
8770	-0.13098
8772	-0.12151
8774	-0.11323
8776	-0.10578
8778	-0.09805
8780	-0.09048
8782	-0.08398
8784	-0.07708
8786	-0.07233
8788	-0.06831
8790	-0.06304
8792	-0.05799
8794	-0.05366
8796	-0.04966
8798	-0.04733
8800	-0.04485
8802	-0.04177
8804	-0.03834
8806	-0.03563
8808	-0.03326
8810	-0.03102
8812	-0.02949
8814	-0.02866
8816	-0.02682
8818	-0.02353
8820	-0.02252
8822	-0.02058
8824	-0.01885
8826	-0.01839
8828	-0.01698
8830	-0.01654
8832	-0.01566
8834	-0.01433
8836	-0.01322
8838	-0.01202
8840	-0.01037
8842	-0.01048
8844	-0.01002
8846	-0.0089
8848	-0.00809
8850	-0.00871
8852	-0.01044
8854	-0.0104
8856	-0.01003
8858	-0.00847
8860	-0.00776
8862	-0.00674
8864	-0.00536
8866	-0.00624
8868	-0.00728
8870	-0.00624
8872	-0.00549
8874	-0.00546
8876	-0.00531
8878	-0.00477
8880	-0.00476
8882	-0.00449
8884	-0.00368
8886	-0.00397
8888	-0.00387
8890	-0.00323
8892	-0.00232
8894	-0.00226
8896	-0.00296
8898	-0.00392
8900	-0.00483
8902	-0.00416
8904	-0.00423
8906	-0.00375
8908	-0.00325
8910	-0.00265
8912	-0.00275
8914	-0.00171
8916	-0.00192
8918	-0.00281
8920	-0.00205
8922	-0.00115
8924	-1.91196E-4
8926	5.14136E-5
8928	-6.87977E-4
8930	-0.00149
8932	-0.00179
8934	-0.00204
8936	-0.00189
8938	-0.00209
8940	-0.00272
8942	-0.00307
8944	-0.003
8946	-0.00336
8948	-0.0033
8950	-0.00264
8952	-0.00129
8954	-5.23618E-4
8956	-5.77762E-4
8958	-0.00148
8960	-0.00141
8962	-0.00129
8964	-0.00108
8966	-0.00166
8968	-0.00181
8970	-0.00228
8972	-0.00247
8974	-0.00203
8976	-0.00156
8978	3.60648E-4
8980	0.00172
8982	0.00113
8984	5.85214E-4
8986	5.41069E-4
8988	-3.12075E-4
8990	-9.1722E-4
8992	-2.49364E-4
8994	3.59491E-4
8996	5.09363E-4
8998	0.00104
9000	4.85775E-4
9002	6.7298E-4
9004	3.99186E-4
9006	-2.68609E-4
9008	-3.74031E-5
9010	-0.00143
9012	-0.00473
9014	-0.21654
9016	-1.18763
9018	-2.67045
9020	-4.27451
9022	-5.83522
9024	-7.29128
9026	-8.60649
9028	-9.7825
9030	-10.83372
9032	-11.70957
9034	-11.89341
9036	-11.25087
9038	-10.24589
9040	-9.14147
9042	-8.05125
9044	-7.02411
9046	-6.08233
9048	-5.23708
9050	-4.49226
9052	-3.84281
9054	-3.28279
9056	-2.80321
9058	-2.39554
9060	-2.04885
9062	-1.75616
9064	-1.51054
9066	-1.30581
9068	-1.13392
9070	-0.99004
9072	-0.86942
9074	-0.76792
9076	-0.68245
9078	-0.6103
9080	-0.54863
9082	-0.49679
9084	-0.45099
9086	-0.41081
9088	-0.37414
9090	-0.34269
9092	-0.31553
9094	-0.2902
9096	-0.26748
9098	-0.2474
9100	-0.22894
9102	-0.21287
9104	-0.19666
9106	-0.18176
9108	-0.16837
9110	-0.15505
9112	-0.14379
9114	-0.13401
9116	-0.12433
9118	-0.11588
9120	-0.1082
9122	-0.10055
9124	-0.09333
9126	-0.08658
9128	-0.08034
9130	-0.07346
9132	-0.06869
9134	-0.06444
9136	-0.06057
9138	-0.05674
9140	-0.05204
9142	-0.04788
9144	-0.04447
9146	-0.04246
9148	-0.03983
9150	-0.03749
9152	-0.035
9154	-0.03319
9156	-0.03111
9158	-0.02925
9160	-0.02717
9162	-0.02588
9164	-0.02394
9166	-0.02287
9168	-0.02288
9170	-0.02202
9172	-0.02025
9174	-0.01913
9176	-0.01866
9178	-0.01768
9180	-0.01626
9182	-0.01494
9184	-0.01443
9186	-0.01455
9188	-0.01312
9190	-0.0128
9192	-0.01269
9194	-0.0117
9196	-0.01106
9198	-0.01109
9200	-0.01014
9202	-0.00966
9204	-0.00969
9206	-0.00909
9208	-0.00751
9210	-0.00741
9212	-0.00806
9214	-0.00699
9216	-0.0062
9218	-0.00711
9220	-0.00839
9222	-0.00852
9224	-0.00808
9226	-0.00608
9228	-0.0059
9230	-0.00696
9232	-0.00695
9234	-0.00723
9236	-0.00679
9238	-0.00593
9240	-0.00485
9242	-0.00438
9244	-0.00487
9246	-0.00469
9248	-0.00592
9250	-0.00596
9252	-0.00567
9254	-0.00572
9256	-0.00516
9258	-0.00532
9260	-0.00536
9262	-0.00503
9264	-0.00421
9266	-0.00365
9268	-0.00361
9270	-0.00327
9272	-0.00283
9274	-0.00211
9276	-0.0012
9278	-0.00149
9280	-0.0021
9282	-0.00203
9284	-4.88813E-4
9286	-6.64816E-6
9288	-0.00128
9290	-0.00209
9292	-0.00225
9294	-0.00176
9296	-0.00112
9298	-3.07661E-4
9300	-7.05496E-4
9302	-9.99332E-4
9304	-8.33167E-4
9306	-0.00156
9308	-0.00181
9310	-0.0016
9312	-0.00258
9314	-0.00232
9316	-0.00183
9318	-0.00186
9320	-9.5185E-4
9322	-8.21941E-4
9324	4.6028E-4
9326	3.31501E-4
9328	7.20722E-4
9330	-2.31057E-4
9332	-2.23836E-4
9334	-1.21614E-4
9336	-2.10393E-4
9338	3.29828E-4
9340	4.05049E-4
9342	-1.1273E-4
9344	-7.72509E-4
9346	-6.21288E-4
9348	1.67933E-4
9350	-5.16846E-4
9352	-8.61625E-4
9354	-8.88404E-4
9356	-0.00284
9358	-0.19229
9360	-1.13569
9362	-2.62552
9364	-4.2465
9366	-5.8211
9368	-7.29054
9370	-8.63935
9372	-9.85742
9374	-10.93113
9376	-11.82131
9378	-12.05178
9380	-11.44743
9382	-10.45281
9384	-9.33906
9386	-8.23003
9388	-7.18246
9390	-6.22067
9392	-5.3569
9394	-4.59292
9396	-3.92781
9398	-3.35191
9400	-2.85926
9402	-2.44044
9404	-2.08577
9406	-1.78657
9408	-1.53655
9410	-1.32656
9412	-1.15047
9414	-1.00398
9416	-0.88102
9418	-0.77798
9420	-0.69036
9422	-0.61665
9424	-0.55385
9426	-0.50031
9428	-0.45472
9430	-0.41383
9432	-0.37613
9434	-0.34583
9436	-0.31839
9438	-0.29324
9440	-0.27055
9442	-0.24952
9444	-0.22997
9446	-0.21254
9448	-0.19733
9450	-0.18206
9452	-0.16856
9454	-0.15752
9456	-0.14605
9458	-0.13507
9460	-0.12485
9462	-0.11575
9464	-0.10805
9466	-0.10074
9468	-0.09342
9470	-0.08634
9472	-0.07987
9474	-0.07349
9476	-0.0678
9478	-0.0627
9480	-0.05839
9482	-0.05399
9484	-0.05072
9486	-0.0478
9488	-0.04399
9490	-0.04102
9492	-0.03855
9494	-0.03658
9496	-0.03408
9498	-0.03144
9500	-0.02908
9502	-0.02755
9504	-0.02677
9506	-0.02532
9508	-0.02345
9510	-0.02175
9512	-0.02027
9514	-0.01901
9516	-0.0178
9518	-0.01696
9520	-0.01657
9522	-0.01603
9524	-0.0148
9526	-0.01341
9528	-0.01207
9530	-0.01117
9532	-0.01116
9534	-0.00943
9536	-0.00867
9538	-0.00973
9540	-0.01029
9542	-0.00885
9544	-0.00768
9546	-0.00808
9548	-0.00772
9550	-0.00704
9552	-0.00743
9554	-0.00672
9556	-0.00566
9558	-0.00563
9560	-0.00478
9562	-0.00381
9564	-0.00341
9566	-0.004
9568	-0.00321
9570	-0.00242
9572	-0.00193
9574	-0.0027
9576	-0.00366
9578	-0.00233
9580	-8.41468E-4
9582	-0.00214
9584	-0.00321
9586	-0.00296
9588	-0.00214
9590	-0.0019
9592	-0.00121
9594	-1.92934E-4
9596	3.18568E-5
9598	1.80647E-4
9600	2.14379E-5
9602	-2.52771E-4
9604	6.20191E-5
9606	9.28097E-5
9608	-2.214E-4
9610	-4.95609E-4
9612	-8.07819E-4
9614	-0.00209
9616	-0.0014
9618	-7.26447E-4
9620	-8.94656E-4
9622	-8.96866E-4
9624	7.59249E-5
9626	0.0017
9628	0.00157
9630	0.00104
9632	0.00118
9634	0.0029
9636	0.00331
9638	0.00323
9640	0.00305
9642	0.00232
9644	0.00142
9646	8.84621E-4
9648	0.00205
9650	0.00319
9652	0.00256
9654	0.00208
9656	0.00135
9658	0.00253
9660	0.00306
9662	0.00266
9664	0.00188
9666	0.0012
9668	8.29325E-4
9670	1.25163E-4
9672	-1.18998E-4
9674	3.8684E-4
9676	3.50678E-4
9678	-8.77483E-4
9680	-5.34645E-4
9682	4.45194E-4
9684	5.57032E-4
9686	9.3987E-4
9688	0.00153
9690	0.0019
9692	0.0025
9694	0.00227
9696	0.00177
9698	0.00193
9700	-2.97585E-4
9702	-0.16177
9704	-1.0611
9706	-2.53938
9708	-4.16979
9710	-5.77197
9712	-7.27037
9714	-8.64779
9716	-9.89432
9718	-10.99834
9720	-11.93403
9722	-12.25372
9724	-11.69744
9726	-10.71195
9728	-9.59076
9730	-8.46489
9732	-7.39775
9734	-6.41553
9736	-5.52967
9738	-4.74435
9740	-4.05855
9742	-3.46524
9744	-2.9572
9746	-2.5243
9748	-2.15738
9750	-1.84791
9752	-1.58919
9754	-1.37257
9756	-1.19096
9758	-1.03808
9760	-0.91042
9762	-0.80317
9764	-0.71358
9766	-0.63717
9768	-0.57082
9770	-0.51444
9772	-0.46678
9774	-0.42529
9776	-0.38802
9778	-0.35436
9780	-0.32421
9782	-0.29811
9784	-0.27498
9786	-0.25386
9788	-0.23567
9790	-0.2188
9792	-0.2041
9794	-0.18807
9796	-0.17282
9798	-0.1595
9800	-0.14875
9802	-0.13828
9804	-0.12724
9806	-0.1176
9808	-0.11063
9810	-0.10301
9812	-0.09528
9814	-0.08871
9816	-0.08157
9818	-0.07452
9820	-0.06894
9822	-0.06465
9824	-0.06024
9826	-0.05561
9828	-0.05192
9830	-0.04852
9832	-0.04495
9834	-0.04163
9836	-0.03767
9838	-0.03451
9840	-0.03102
9842	-0.02904
9844	-0.0283
9846	-0.02839
9848	-0.02624
9850	-0.02463
9852	-0.02354
9854	-0.02232
9856	-0.02203
9858	-0.02107
9860	-0.02042
9862	-0.01941
9864	-0.01843
9866	-0.01805
9868	-0.01578
9870	-0.01474
9872	-0.01475
9874	-0.01333
9876	-0.01304
9878	-0.01204
9880	-0.01113
9882	-0.01055
9884	-0.01058
9886	-0.01157
9888	-0.01035
9890	-0.00879
9892	-0.00807
9894	-0.00796
9896	-0.00668
9898	-0.00576
9900	-0.00426
9902	-0.00405
9904	-0.00402
9906	-0.004
9908	-0.00334
9910	-0.00251
9912	-0.00212
9914	-0.00247
9916	-0.00282
9918	-0.00268
9920	-0.00254
9922	-0.00311
9924	-0.00267
9926	-0.00201
9928	-0.00179
9930	-0.00145
9932	-7.50002E-4
9934	-0.00149
9936	-0.00126
9938	-8.97973E-4
9940	-5.34963E-4
9942	-4.22953E-4
9944	-9.24944E-4
9946	-0.00131
9948	-9.77924E-4
9950	-0.0023
9952	-0.00259
9954	-0.00371
9956	-0.00359
9958	-0.00195
9960	-6.02866E-4
9962	2.81441E-5
9964	-9.52846E-4
9966	-0.00182
9968	-0.00189
9970	-7.93817E-4
9972	-8.28807E-4
9974	-0.00259
9976	-0.00243
9978	-0.00176
9980	-9.82311E-4
9982	-9.43108E-4
9984	-0.001
9986	-0.00177
9988	-0.00152
9990	-7.37298E-4
9992	-0.00114
9994	-8.10893E-4
9996	0.00101
9998	0.00179
10000	0.00148
10002	2.79918E-4
10004	1.9712E-4
10006	0.00158
10008	0.00152
10010	0.00111
10012	-1.6707E-4
10014	1.07133E-4
10016	-1.98664E-4
10018	1.05929E-4
10020	-8.31637E-5
10022	-2.81256E-4
10024	-3.26348E-4
10026	7.65595E-5
10028	-3.30533E-4
10030	-7.51625E-4
10032	2.31283E-4
10034	3.6019E-4
10036	9.83098E-4
10038	-2.08994E-4
10040	2.25914E-4
10042	1.62821E-4
10044	-0.00137
10046	-0.14664
10048	-1.01691
10050	-2.49251
10052	-4.14507
10054	-5.77883
10056	-7.32139
10058	-8.73705
10060	-10.01505
10062	-11.13555
10064	-12.09269
10066	-12.44646
10068	-11.90432
10070	-10.91004
10072	-9.77101
10074	-8.62615
10076	-7.5385
10078	-6.53604
10080	-5.63317
10082	-4.83395
10084	-4.13543
10086	-3.53116
10088	-3.01389
10090	-2.57358
10092	-2.20115
10094	-1.88677
10096	-1.62289
10098	-1.40148
10100	-1.21664
10102	-1.06176
10104	-0.93112
10106	-0.82246
10108	-0.7306
10110	-0.6528
10112	-0.58716
10114	-0.52953
10116	-0.48003
10118	-0.43674
10120	-0.40007
10122	-0.36779
10124	-0.3378
10126	-0.31206
10128	-0.28864
10130	-0.26707
10132	-0.24691
10134	-0.22815
10136	-0.21126
10138	-0.19547
10140	-0.18173
10142	-0.1685
10144	-0.15642
10146	-0.14482
10148	-0.13475
10150	-0.12577
10152	-0.11677
10154	-0.10767
10156	-0.09941
10158	-0.09215
10160	-0.08552
10162	-0.07976
10164	-0.07408
10166	-0.06962
10168	-0.06634
10170	-0.06354
10172	-0.05793
10174	-0.05256
10176	-0.0499
10178	-0.04636
10180	-0.04461
10182	-0.04271
10184	-0.03983
10186	-0.03622
10188	-0.03397
10190	-0.03197
10192	-0.03097
10194	-0.02895
10196	-0.0273
10198	-0.02554
10200	-0.02331
10202	-0.02314
10204	-0.02308
10206	-0.02212
10208	-0.02045
10210	-0.02022
10212	-0.01965
10214	-0.01835
10216	-0.01799
10218	-0.01735
10220	-0.01679
10222	-0.01575
10224	-0.01475
10226	-0.01333
10228	-0.01314
10230	-0.01251
10232	-0.01211
10234	-0.01132
10236	-0.01021
10238	-0.00918
10240	-0.00914
10242	-0.00924
10244	-0.00864
10246	-0.00874
10248	-0.00799
10250	-0.00731
10252	-0.00738
10254	-0.00697
10256	-0.00634
10258	-0.00603
10260	-0.00585
10262	-0.00531
10264	-0.00454
10266	-0.00422
10268	-0.00332
10270	-0.00416
10272	-0.00361
10274	-0.00324
10276	-0.00335
10278	-0.00261
10280	-0.00319
10282	-0.00372
10284	-0.00442
10286	-0.00491
10288	-0.00506
10290	-0.0046
10292	-0.0043
10294	-0.004
10296	-0.00275
10298	-0.00169
10300	-0.00163
10302	-0.00146
10304	-0.00126
10306	-0.00168
10308	-0.00254
10310	-0.00338
10312	-0.00263
10314	-0.0018
10316	-9.55475E-4
10318	-8.01034E-4
10320	-0.00102
10322	-5.62152E-4
10324	3.38288E-4
10326	7.84729E-4
10328	2.8217E-4
10330	-8.82389E-4
10332	-0.00173
10334	-0.00167
10336	-7.36067E-4
10338	-5.95626E-4
10340	-0.0011
10342	-0.0018
10344	-0.0017
10346	-0.00136
10348	-9.09471E-4
10350	-3.09195E-4
10352	-4.21918E-4
10354	-3.55641E-4
10356	-5.00364E-4
10358	-6.39088E-4
10360	3.29189E-4
10362	9.22466E-4
10364	0.00121
10366	0.00173
10368	0.00227
10370	0.00128
10372	8.27849E-4
10374	0.00105
10376	5.12403E-4
10378	3.26796E-5
10380	-6.46044E-4
10382	-8.50767E-4
10384	-5.4049E-4
