time	cp
2	-0.00566
4	-0.00615
6	-0.00567
8	-0.00423
10	-0.00442
12	-0.00456
14	-0.00475
16	-0.00462
18	-0.00466
20	-0.00538
22	-0.00605
24	-0.0052
26	-0.00412
28	-0.00313
30	-0.00315
32	-0.00263
34	-0.00142
36	-0.00164
38	-0.00241
40	-0.00264
42	-0.00305
44	-0.0035
46	-0.00298
48	-0.00289
50	-0.00283
52	-0.00298
54	-0.00156
56	-0.0012
58	-8.9879E-4
60	2.16051E-4
62	-2.10724E-6
64	-0.00141
66	-0.09374
68	-0.50575
70	-1.12157
72	-1.73424
74	-2.30095
76	-2.80769
78	-3.26381
80	-3.66107
82	-4.01959
84	-4.22198
86	-4.00554
88	-3.54903
90	-3.07951
92	-2.64401
94	-2.25363
96	-1.9088
98	-1.60773
100	-1.34759
102	-1.12651
104	-0.93869
106	-0.78122
108	-0.65165
110	-0.54324
112	-0.45496
114	-0.38385
116	-0.32692
118	-0.28087
120	-0.24305
122	-0.21158
124	-0.18644
126	-0.16596
128	-0.14951
130	-0.1361
132	-0.12293
134	-0.1115
136	-0.10322
138	-0.09494
140	-0.08656
142	-0.07979
144	-0.07378
146	-0.06877
148	-0.06377
150	-0.05849
152	-0.05369
154	-0.04986
156	-0.04586
158	-0.04186
160	-0.03778
162	-0.03477
164	-0.03298
166	-0.03041
168	-0.02712
170	-0.02471
172	-0.02274
174	-0.02198
176	-0.02125
178	-0.01985
180	-0.01805
182	-0.01715
184	-0.01476
186	-0.01351
188	-0.01304
190	-0.01285
192	-0.0117
194	-0.0106
196	-0.00954
198	-0.00846
200	-0.0075
202	-0.0068
204	-0.00603
206	-0.00534
208	-0.00561
210	-0.00536
212	-0.00489
214	-0.0053
216	-0.00536
218	-0.00497
220	-0.00553
222	-0.00498
224	-0.00518
226	-0.00504
228	-0.00535
230	-0.0043
232	-0.00374
234	-0.0029
236	-0.00237
238	-0.00177
240	-0.00256
242	-0.00235
244	-0.0018
246	-0.0016
248	-0.0012
250	-0.00193
252	-0.00289
254	-0.002
256	-0.00195
258	-0.00108
260	-9.15026E-4
262	-8.39474E-4
264	-5.91921E-4
266	-6.30368E-4
268	-9.87815E-4
270	-9.65262E-4
272	-0.00151
274	-0.00137
276	-0.00139
278	-0.00205
280	-0.00179
282	-5.99945E-4
284	-0.00131
286	-0.00135
288	-0.00818
290	-0.19173
292	-0.7312
294	-1.40379
296	-2.03483
298	-2.60456
300	-3.11002
302	-3.56622
304	-3.96836
306	-4.32703
308	-4.54674
310	-4.34977
312	-3.87814
314	-3.37588
316	-2.9063
318	-2.48338
320	-2.10878
322	-1.78037
324	-1.49575
326	-1.25173
328	-1.04389
330	-0.86985
332	-0.7247
334	-0.60436
336	-0.50632
338	-0.42563
340	-0.35956
342	-0.30671
344	-0.263
346	-0.22661
348	-0.19802
350	-0.17404
352	-0.15335
354	-0.1366
356	-0.12211
358	-0.10947
360	-0.09992
362	-0.091
364	-0.08379
366	-0.07584
368	-0.06899
370	-0.06261
372	-0.05674
374	-0.05119
376	-0.04641
378	-0.04188
380	-0.03708
382	-0.03333
384	-0.02985
386	-0.02737
388	-0.02461
390	-0.02105
392	-0.01866
394	-0.01669
396	-0.01443
398	-0.01249
400	-0.01065
402	-0.00924
404	-0.00852
406	-0.00848
408	-0.00714
410	-0.00574
412	-0.00472
414	-0.00485
416	-0.00325
418	-0.00121
420	-0.00103
422	-0.00125
424	-0.00143
426	-0.00167
428	-0.00235
430	-0.002
432	-4.98451E-4
434	-5.33065E-4
436	6.13201E-5
438	8.70706E-4
440	0.00104
442	3.88476E-4
444	0.00116
446	9.91247E-4
448	3.09633E-4
450	-2.59817E-5
452	4.45404E-4
454	8.58789E-4
456	9.04175E-4
458	-9.04398E-5
460	-8.42054E-4
462	-9.51669E-4
464	-4.82283E-4
466	1.67102E-4
468	-4.64513E-4
470	-0.0017
472	-0.00233
474	-0.00221
476	-0.00115
478	-2.76585E-4
480	2.68003E-5
482	-3.64814E-4
484	-1.11429E-4
486	1.52957E-4
488	4.33421E-5
490	5.13728E-4
492	4.16113E-4
494	4.95498E-4
496	5.94884E-4
498	-5.40731E-4
500	-2.34345E-4
502	-1.2696E-4
504	-3.42574E-4
506	7.79811E-4
508	8.72197E-4
510	7.46582E-4
512	6.73968E-4
514	5.24353E-4
516	8.86739E-4
518	2.81124E-4
520	2.20509E-4
522	5.54895E-4
524	3.9628E-4
526	1.13666E-4
528	1.78051E-4
530	-1.58563E-4
532	-3.78178E-4
534	1.87208E-4
536	-1.32407E-4
538	-4.91021E-4
540	0.00114
542	0.00106
544	7.40135E-4
546	0.00136
548	1.95906E-4
550	-1.86709E-4
552	-0.00129
554	-0.00252
556	-0.00228
558	-0.00199
560	-0.00131
562	-0.00113
564	-5.10103E-5
566	1.03375E-4
568	-5.11743E-5
570	-1.02361E-5
572	3.40702E-4
574	-3.5036E-4
576	-1.98421E-4
578	6.99517E-4
580	9.87455E-4
582	5.71394E-4
584	-7.56682E-5
586	-2.7473E-4
588	-3.94792E-4
590	1.48147E-4
592	-5.28915E-4
594	-4.71977E-4
596	-1.08039E-4
598	2.039E-4
600	3.75838E-4
602	-6.62224E-4
604	1.19714E-4
606	9.86653E-4
608	0.00102
610	0.00129
612	9.04529E-4
614	8.66475E-4
616	2.3442E-4
618	4.27366E-4
620	0.00171
622	0.00142
624	0.00135
626	0.00222
628	0.0025
630	0.00251
632	-0.00286
634	-0.15511
636	-0.67003
638	-1.35287
640	-2.01419
642	-2.61828
644	-3.15839
646	-3.64548
648	-4.07471
650	-4.45604
652	-4.70682
654	-4.54006
656	-4.0743
658	-3.56355
660	-3.08082
662	-2.64136
664	-2.25074
666	-1.90833
668	-1.61075
670	-1.35531
672	-1.13663
674	-0.95286
676	-0.7991
678	-0.67075
680	-0.56472
682	-0.47837
684	-0.40716
686	-0.34887
688	-0.30188
690	-0.26332
692	-0.2321
694	-0.20575
696	-0.18343
698	-0.16507
700	-0.14872
702	-0.13409
704	-0.12163
706	-0.11077
708	-0.10267
710	-0.09531
712	-0.0886
714	-0.08091
716	-0.07382
718	-0.0677
720	-0.06225
722	-0.0573
724	-0.0514
726	-0.04793
728	-0.04421
730	-0.04
732	-0.03736
734	-0.03454
736	-0.0321
738	-0.02894
740	-0.02664
742	-0.02427
744	-0.02141
746	-0.01903
748	-0.01686
750	-0.01492
752	-0.01353
754	-0.01337
756	-0.01288
758	-0.013
760	-0.01186
762	-0.01195
764	-0.01081
766	-0.01055
768	-0.00968
770	-0.00894
772	-0.00843
774	-0.00816
776	-0.00763
778	-0.00706
780	-0.00688
782	-0.00723
784	-0.0077
786	-0.00758
788	-0.00669
790	-0.00577
792	-0.00569
794	-0.00605
796	-0.0061
798	-0.00528
800	-0.00543
802	-0.00508
804	-0.0042
806	-0.00443
808	-0.00429
810	-0.00429
812	-0.00427
814	-0.00422
816	-0.00408
818	-0.0041
820	-0.00348
822	-0.00237
824	-0.00168
826	-0.00262
828	-0.00349
830	-0.00396
832	-0.00407
834	-0.00399
836	-0.00455
838	-0.00321
840	-0.00329
842	-0.00339
844	-0.004
846	-0.00403
848	-0.00369
850	-0.0039
852	-0.00359
854	-0.00289
856	-0.00217
858	-0.00326
860	-0.00354
862	-0.00286
864	-0.00296
866	-0.00265
868	-0.00336
870	-0.00407
872	-0.00291
874	-0.00166
876	-0.00235
878	-0.00294
880	-0.0034
882	-0.00254
884	-0.00229
886	-0.00346
888	-0.0035
890	-0.00232
892	-9.22664E-4
894	-4.23248E-4
896	-7.24833E-4
898	-0.00166
900	-0.002
902	-0.00239
904	-0.00107
906	-6.19756E-4
908	-8.9234E-4
910	-0.00206
912	-0.00233
914	-0.00154
916	-0.00165
918	-0.00139
920	-0.0018
922	-8.11432E-4
924	-0.00101
926	-0.00113
928	-0.0015
930	-0.00161
932	4.03945E-4
934	8.62888E-5
936	-5.76367E-4
938	-0.00102
940	-5.72679E-4
942	-0.00122
944	-0.0014
946	-5.11646E-4
948	-0.00115
950	-6.36958E-4
952	0.00158
954	0.00139
956	0.00121
958	0.00134
960	0.0013
962	1.88107E-4
964	-3.86549E-4
966	-8.06205E-4
968	-0.00129
970	-4.68516E-4
972	7.90672E-4
974	0.00177
976	-0.00195
978	-0.13667
980	-0.64236
982	-1.34126
984	-2.03189
986	-2.66824
988	-3.23974
990	-3.75165
992	-4.206
994	-4.60835
996	-4.89123
998	-4.76244
1000	-4.30261
1002	-3.78016
1004	-3.27793
1006	-2.81941
1008	-2.41046
1010	-2.0501
1012	-1.73468
1014	-1.46272
1016	-1.22991
1018	-1.03305
1020	-0.86879
1022	-0.73051
1024	-0.61661
1026	-0.52263
1028	-0.44603
1030	-0.38387
1032	-0.33323
1034	-0.29009
1036	-0.25501
1038	-0.22678
1040	-0.20189
1042	-0.18164
1044	-0.16338
1046	-0.14806
1048	-0.13434
1050	-0.12294
1052	-0.1137
1054	-0.10515
1056	-0.09576
1058	-0.08664
1060	-0.0796
1062	-0.07378
1064	-0.06784
1066	-0.063
1068	-0.05827
1070	-0.05318
1072	-0.04901
1074	-0.04494
1076	-0.03966
1078	-0.03479
1080	-0.03185
1082	-0.02929
1084	-0.02669
1086	-0.025
1088	-0.02333
1090	-0.02251
1092	-0.01993
1094	-0.01847
1096	-0.01775
1098	-0.01595
1100	-0.01452
1102	-0.01373
1104	-0.01311
1106	-0.01161
1108	-0.01039
1110	-0.00997
1112	-0.00885
1114	-0.00808
1116	-0.00776
1118	-0.00726
1120	-0.00691
1122	-0.00724
1124	-0.0071
1126	-0.00694
1128	-0.00613
1130	-0.00542
1132	-0.00589
1134	-0.00599
1136	-0.00574
1138	-0.00527
1140	-0.00471
1142	-0.00588
1144	-0.00605
1146	-0.00654
1148	-0.00677
1150	-0.00641
1152	-0.00678
1154	-0.0057
1156	-0.00518
1158	-0.00529
1160	-0.00528
1162	-0.00513
1164	-0.00417
1166	-0.00397
1168	-0.00521
1170	-0.00701
1172	-0.00743
1174	-0.00734
1176	-0.00703
1178	-0.00574
1180	-0.00385
1182	-0.00229
1184	-0.00217
1186	-0.00283
1188	-0.00356
1190	-0.00306
1192	-0.00329
1194	-0.00425
1196	-0.00377
1198	-0.00374
1200	-0.00345
1202	-0.003
1204	-0.00266
1206	-0.00323
1208	-0.00309
1210	-0.00294
1212	-0.0026
1214	-0.00198
1216	-0.00166
1218	-0.00279
1220	-0.00452
1222	-0.00379
1224	-0.00283
1226	-0.00156
1228	-0.00123
1230	-0.00199
1232	-0.0023
1234	-0.00207
1236	-0.00179
1238	-0.00195
1240	-0.00153
1242	-0.00141
1244	-0.00117
1246	-0.00229
1248	-0.0017
1250	-0.0013
1252	-0.00204
1254	-0.00138
1256	-0.00114
1258	-0.00153
1260	-7.88328E-4
1262	-2.48267E-4
1264	-3.71205E-4
1266	-6.44143E-4
1268	-0.00104
1270	-0.00106
1272	-0.00104
1274	-7.24896E-4
1276	3.66165E-4
1278	4.17227E-4
1280	0.00102
1282	8.9735E-4
1284	-5.83588E-4
1286	-9.69526E-4
1288	-0.00192
1290	-0.00253
1292	-0.00134
1294	2.5072E-4
1296	5.27409E-4
1298	0.0018
1300	0.00188
1302	5.80771E-4
1304	9.87225E-4
1306	0.00163
1308	7.22133E-4
1310	7.24587E-4
1312	-1.20959E-4
1314	-1.65051E-5
1316	-1.30511E-5
1318	6.43403E-4
1320	-1.28143E-4
1322	-0.10907
1324	-0.59462
1326	-1.3098
1328	-2.02995
1330	-2.70055
1332	-3.30306
1334	-3.84352
1336	-4.32223
1338	-4.75255
1340	-5.07619
1342	-4.9939
1344	-4.54028
1346	-4.00148
1348	-3.4811
1350	-3.00208
1352	-2.5715
1354	-2.18993
1356	-1.85717
1358	-1.57012
1360	-1.32527
1362	-1.11538
1364	-0.9386
1366	-0.79143
1368	-0.66911
1370	-0.56868
1372	-0.48464
1374	-0.41702
1376	-0.36167
1378	-0.315
1380	-0.27643
1382	-0.24414
1384	-0.21823
1386	-0.19551
1388	-0.17698
1390	-0.16048
1392	-0.1459
1394	-0.13219
1396	-0.12084
1398	-0.11138
1400	-0.10228
1402	-0.09382
1404	-0.08566
1406	-0.078
1408	-0.07226
1410	-0.06652
1412	-0.06056
1414	-0.05602
1416	-0.05132
1418	-0.04679
1420	-0.04328
1422	-0.0397
1424	-0.03659
1426	-0.03454
1428	-0.03262
1430	-0.02908
1432	-0.02507
1434	-0.02351
1436	-0.02222
1438	-0.02121
1440	-0.02036
1442	-0.01935
1444	-0.01829
1446	-0.01726
1448	-0.01577
1450	-0.0142
1452	-0.01248
1454	-0.01154
1456	-0.01083
1458	-0.00978
1460	-0.00995
1462	-0.00919
1464	-0.0079
1466	-0.00836
1468	-0.00798
1470	-0.00693
1472	-0.00653
1474	-0.00557
1476	-0.00614
1478	-0.00731
1480	-0.00846
1482	-0.00937
1484	-0.00874
1486	-0.0075
1488	-0.00787
1490	-0.00819
1492	-0.00721
1494	-0.00699
1496	-0.00654
1498	-0.00679
1500	-0.00691
1502	-0.00727
1504	-0.00583
1506	-0.00482
1508	-0.00634
1510	-0.00635
1512	-0.00564
1514	-0.00642
1516	-0.00658
1518	-0.00738
1520	-0.00774
1522	-0.0077
1524	-0.00758
1526	-0.00662
1528	-0.00662
1530	-0.00682
1532	-0.00656
1534	-0.00595
1536	-0.00445
1538	-0.00422
1540	-0.00385
1542	-0.0033
1544	-0.00321
1546	-0.00383
1548	-0.00426
1550	-0.00437
1552	-0.00324
1554	-0.00325
1556	-0.00287
1558	-0.00327
1560	-0.00353
1562	-0.00404
1564	-0.004
1566	-0.00496
1568	-0.0044
1570	-0.00445
1572	-0.00441
1574	-0.00361
1576	-0.0043
1578	-0.00479
1580	-0.0048
1582	-0.00457
1584	-0.00362
1586	-0.00384
1588	-0.00447
1590	-0.00376
1592	-0.00488
1594	-0.00426
1596	-0.0032
1598	-0.00294
1600	-0.0032
1602	-0.00354
1604	-0.00318
1606	-0.00262
1608	-0.00219
1610	-0.00242
1612	-0.00218
1614	-0.00204
1616	-0.00184
1618	-0.00151
1620	-2.23952E-4
1622	3.87178E-4
1624	1.49307E-4
1626	6.17436E-4
1628	7.56566E-4
1630	-2.64305E-4
1632	9.48245E-5
1634	4.85954E-4
1636	7.31083E-4
1638	0.00121
1640	4.70342E-4
1642	0.00114
1644	6.06008E-5
1646	-9.9927E-4
1648	-0.00121
1650	-0.00161
1652	-0.00168
1654	-0.00132
1656	-5.72623E-4
1658	-6.85494E-4
1660	3.49335E-4
1662	0.00124
1664	2.84466E-4
1666	-0.10597
1668	-0.59189
1670	-1.32311
1672	-2.06633
1674	-2.75899
1676	-3.38565
1678	-3.954
1680	-4.45922
1682	-4.90723
1684	-5.25009
1686	-5.18938
1688	-4.73804
1690	-4.1887
1692	-3.65257
1694	-3.15618
1696	-2.70892
1698	-2.3117
1700	-1.96248
1702	-1.6599
1704	-1.4015
1706	-1.18095
1708	-0.99557
1710	-0.83971
1712	-0.71027
1714	-0.60434
1716	-0.51596
1718	-0.44329
1720	-0.38409
1722	-0.3345
1724	-0.29297
1726	-0.25848
1728	-0.22979
1730	-0.20597
1732	-0.1854
1734	-0.16857
1736	-0.1526
1738	-0.13802
1740	-0.12559
1742	-0.11585
1744	-0.10467
1746	-0.09635
1748	-0.0893
1750	-0.08107
1752	-0.07391
1754	-0.06762
1756	-0.06187
1758	-0.05732
1760	-0.0515
1762	-0.04643
1764	-0.04281
1766	-0.0387
1768	-0.03542
1770	-0.03288
1772	-0.03077
1774	-0.02699
1776	-0.02432
1778	-0.02186
1780	-0.01911
1782	-0.01688
1784	-0.01505
1786	-0.01375
1788	-0.01358
1790	-0.01292
1792	-0.01172
1794	-0.01071
1796	-0.01041
1798	-0.00908
1800	-0.00915
1802	-0.00913
1804	-0.00762
1806	-0.00681
1808	-0.00658
1810	-0.00651
1812	-0.00556
1814	-0.00481
1816	-0.0049
1818	-0.00603
1820	-0.00637
1822	-0.00485
1824	-0.00422
1826	-0.00467
1828	-0.00443
1830	-0.00393
1832	-0.00432
1834	-0.00466
1836	-0.00418
1838	-0.00378
1840	-0.00368
1842	-0.00465
1844	-0.00418
1846	-0.00405
1848	-0.00363
1850	-0.00295
1852	-0.0028
1854	-0.00191
1856	-0.00175
1858	-0.00181
1860	-0.00206
1862	-0.00225
1864	-0.00182
1866	-0.00251
1868	-0.0039
1870	-0.00442
1872	-0.00498
1874	-0.00449
1876	-0.00351
1878	-0.00338
1880	-0.00255
1882	-0.00116
1884	-0.00148
1886	-0.00253
1888	-0.00244
1890	-0.00228
1892	-0.00189
1894	-0.00147
1896	-0.00146
1898	-0.00136
1900	-0.00174
1902	-0.00199
1904	-0.00159
1906	-8.13324E-4
1908	-0.0011
1910	-0.00148
1912	-7.11338E-4
1914	-6.03009E-4
1916	-0.00105
1918	-0.0024
1920	-0.00133
1922	-0.00118
1924	-6.97366E-4
1926	1.21963E-4
1928	-5.47083E-5
1930	1.8162E-4
1932	-3.9051E-5
1934	9.41278E-4
1936	1.20606E-4
1938	2.53935E-4
1940	0.00153
1942	0.00146
1944	9.3618E-4
1946	0.00142
1948	0.00189
1950	0.00182
1952	0.00143
1954	4.70676E-4
1956	4.71976E-4
1958	9.56275E-4
1960	0.00144
1962	0.00126
1964	0.00124
1966	-1.39528E-4
1968	-0.00117
1970	-0.00112
1972	-7.61631E-4
1974	-0.00168
1976	-8.21032E-4
1978	2.33267E-4
1980	7.79566E-4
1982	8.4378E-4
1984	0.00127
1986	0.00201
1988	0.00166
1990	6.73523E-4
1992	0.00112
1994	0.00189
1996	0.00217
1998	7.87265E-4
2000	6.48451E-4
2002	0.00151
2004	0.00121
2006	0.00238
2008	0.00242
2010	-0.09602
2012	-0.58109
2014	-1.32884
2016	-2.10147
2018	-2.8212
2020	-3.47479
2022	-4.06632
2024	-4.59329
2026	-5.05963
2028	-5.42649
2030	-5.40317
2032	-4.96298
2034	-4.40204
2036	-3.84616
2038	-3.33098
2040	-2.86424
2042	-2.44832
2044	-2.08241
2046	-1.76608
2048	-1.49343
2050	-1.26087
2052	-1.06451
2054	-0.89964
2056	-0.76167
2058	-0.6482
2060	-0.5528
2062	-0.47488
2064	-0.41131
2066	-0.3587
2068	-0.31524
2070	-0.27807
2072	-0.24632
2074	-0.2213
2076	-0.19876
2078	-0.18066
2080	-0.16358
2082	-0.14903
2084	-0.13644
2086	-0.12416
2088	-0.11344
2090	-0.10337
2092	-0.09475
2094	-0.08718
2096	-0.08013
2098	-0.0727
2100	-0.06764
2102	-0.0615
2104	-0.05574
2106	-0.05081
2108	-0.04634
2110	-0.04262
2112	-0.0392
2114	-0.03655
2116	-0.03289
2118	-0.02939
2120	-0.02605
2122	-0.02468
2124	-0.02231
2126	-0.02054
2128	-0.01974
2130	-0.01926
2132	-0.0176
2134	-0.01678
2136	-0.01524
2138	-0.01343
2140	-0.01217
2142	-0.01169
2144	-0.012
2146	-0.01129
2148	-0.01024
2150	-0.01101
2152	-0.01
2154	-0.00845
2156	-0.00864
2158	-0.00916
2160	-0.00918
2162	-0.00802
2164	-0.0078
2166	-0.00837
2168	-0.00792
2170	-0.00778
2172	-0.00722
2174	-0.00708
2176	-0.00697
2178	-0.00746
2180	-0.00783
2182	-0.00677
2184	-0.0068
2186	-0.00672
2188	-0.00706
2190	-0.00678
2192	-0.0067
2194	-0.00555
2196	-0.00493
2198	-0.00451
2200	-0.00467
2202	-0.00414
2204	-0.004
2206	-0.00377
2208	-0.0046
2210	-0.00512
2212	-0.0041
2214	-0.00453
2216	-0.00474
2218	-0.00487
2220	-0.00461
2222	-0.00489
2224	-0.00422
2226	-0.00317
2228	-0.00396
2230	-0.00428
2232	-0.00438
2234	-0.00341
2236	-0.00301
2238	-0.00293
2240	-0.00417
2242	-0.00457
2244	-0.00368
2246	-0.00304
2248	-0.00187
2250	-8.20844E-4
2252	-7.20017E-4
2254	-9.5419E-4
2256	-0.00124
2258	-0.00189
2260	-0.00107
2262	-2.48882E-4
2264	-6.75055E-4
2266	-5.05831E-4
2268	-2.1202E-4
2270	-2.69209E-4
2272	-8.94398E-4
2274	-0.00132
2276	-0.00145
2278	-0.00145
2280	-0.00101
2282	-0.00146
2284	-0.00159
2286	-0.00174
2288	-0.00193
2290	-0.00161
2292	-0.00169
2294	-0.00129
2296	-0.0022
2298	-0.00175
2300	-0.00215
2302	-0.00316
2304	-0.00205
2306	-0.00177
2308	-0.0017
2310	-0.0017
2312	-0.00116
2314	-0.00139
2316	-0.00149
2318	-0.00163
2320	-0.00185
2322	-0.00202
2324	-0.00132
2326	-0.00138
2328	-2.88561E-4
2330	2.76962E-4
2332	7.52486E-4
2334	6.70009E-4
2336	-5.05468E-4
2338	-9.39444E-5
2340	8.85579E-4
2342	5.41102E-4
2344	3.87626E-4
2346	8.07761E-4
2348	5.85212E-4
2350	9.35663E-4
2352	0.00122
2354	-0.08052
2356	-0.5418
2358	-1.29586
2360	-2.08934
2362	-2.8406
2364	-3.52232
2366	-4.14644
2368	-4.69851
2370	-5.18237
2372	-5.58155
2374	-5.61535
2376	-5.19621
2378	-4.6299
2380	-4.0587
2382	-3.5229
2384	-3.03615
2386	-2.60234
2388	-2.21801
2390	-1.88139
2392	-1.59236
2394	-1.34695
2396	-1.13892
2398	-0.96366
2400	-0.8165
2402	-0.69558
2404	-0.59609
2406	-0.51237
2408	-0.44439
2410	-0.38751
2412	-0.34044
2414	-0.30008
2416	-0.26673
2418	-0.23881
2420	-0.21432
2422	-0.19307
2424	-0.17575
2426	-0.16039
2428	-0.14639
2430	-0.1339
2432	-0.12363
2434	-0.11358
2436	-0.1045
2438	-0.09672
2440	-0.08982
2442	-0.08222
2444	-0.07524
2446	-0.06932
2448	-0.06343
2450	-0.05784
2452	-0.05268
2454	-0.04794
2456	-0.04464
2458	-0.04173
2460	-0.03822
2462	-0.03394
2464	-0.03158
2466	-0.02832
2468	-0.02542
2470	-0.02453
2472	-0.02338
2474	-0.02138
2476	-0.01956
2478	-0.0189
2480	-0.01801
2482	-0.01717
2484	-0.01569
2486	-0.01491
2488	-0.01397
2490	-0.01427
2492	-0.01524
2494	-0.01495
2496	-0.01365
2498	-0.01351
2500	-0.01338
2502	-0.01222
2504	-0.0117
2506	-0.01166
2508	-0.01198
2510	-0.01203
2512	-0.0121
2514	-0.01071
2516	-0.01014
2518	-0.01011
2520	-0.01021
2522	-0.00966
2524	-0.00949
2526	-0.00912
2528	-0.00871
2530	-0.00904
2532	-0.00921
2534	-0.00892
2536	-0.00906
2538	-0.00941
2540	-0.0095
2542	-0.00819
2544	-0.00895
2546	-0.00952
2548	-0.00971
2550	-0.0093
2552	-0.00934
2554	-0.00919
2556	-0.00773
2558	-0.00745
2560	-0.00773
2562	-0.00839
2564	-0.00898
2566	-0.0084
2568	-0.00814
2570	-0.00836
2572	-0.00802
2574	-0.0082
2576	-0.00805
2578	-0.00785
2580	-0.00832
2582	-0.00724
2584	-0.0071
2586	-0.00756
2588	-0.0069
2590	-0.007
2592	-0.00729
2594	-0.00692
2596	-0.0076
2598	-0.00675
2600	-0.00704
2602	-0.00654
2604	-0.00559
2606	-0.00572
2608	-0.00674
2610	-0.00725
2612	-0.00644
2614	-0.00637
2616	-0.00597
2618	-0.00601
2620	-0.00659
2622	-0.0063
2624	-0.00555
2626	-0.00481
2628	-0.00461
2630	-0.00542
2632	-0.00498
2634	-0.00438
2636	-0.00346
2638	-0.00384
2640	-0.00547
2642	-0.00527
2644	-0.00473
2646	-0.00397
2648	-0.00476
2650	-0.00468
2652	-0.00369
2654	-0.00336
2656	-0.0035
2658	-0.00283
2660	-0.00235
2662	-0.00208
2664	-0.00118
2666	-4.15754E-5
2668	0.00108
2670	9.37914E-4
2672	0.00139
2674	0.00337
2676	0.00237
2678	5.13985E-4
2680	-7.19969E-5
2682	-0.00116
2684	-0.00134
2686	-0.00195
2688	-0.00153
2690	-1.34908E-4
2692	1.4111E-4
2694	5.01273E-5
2696	-1.86855E-4
2698	-0.07388
2700	-0.52084
2702	-1.27881
2704	-2.09356
2706	-2.86842
2708	-3.58041
2710	-4.22172
2712	-4.79395
2714	-5.30495
2716	-5.73319
2718	-5.81407
2720	-5.4169
2722	-4.84448
2724	-4.2581
2726	-3.7039
2728	-3.19795
2730	-2.74413
2732	-2.34239
2734	-1.99081
2736	-1.68766
2738	-1.42942
2740	-1.20977
2742	-1.02487
2744	-0.8699
2746	-0.74048
2748	-0.63485
2750	-0.54702
2752	-0.47406
2754	-0.41282
2756	-0.36256
2758	-0.31989
2760	-0.28387
2762	-0.25414
2764	-0.22852
2766	-0.20542
2768	-0.18573
2770	-0.16905
2772	-0.15396
2774	-0.14026
2776	-0.12847
2778	-0.11738
2780	-0.10808
2782	-0.09975
2784	-0.09149
2786	-0.08446
2788	-0.07829
2790	-0.07173
2792	-0.06456
2794	-0.05962
2796	-0.05486
2798	-0.0503
2800	-0.04685
2802	-0.04208
2804	-0.03855
2806	-0.03516
2808	-0.03217
2810	-0.02984
2812	-0.02741
2814	-0.02578
2816	-0.02468
2818	-0.02271
2820	-0.0218
2822	-0.02066
2824	-0.01966
2826	-0.01817
2828	-0.01689
2830	-0.01688
2832	-0.0159
2834	-0.0151
2836	-0.01478
2838	-0.01455
2840	-0.01454
2842	-0.01441
2844	-0.01385
2846	-0.01158
2848	-0.01081
2850	-0.01104
2852	-0.01033
2854	-0.00955
2856	-0.00894
2858	-0.00835
2860	-0.00751
2862	-0.00808
2864	-0.00845
2866	-0.00761
2868	-0.00769
2870	-0.00861
2872	-0.0087
2874	-0.00744
2876	-0.00772
2878	-0.00817
2880	-0.00817
2882	-0.00691
2884	-0.00659
2886	-0.00702
2888	-0.00773
2890	-0.0074
2892	-0.00625
2894	-0.00619
2896	-0.00651
2898	-0.00626
2900	-0.00673
2902	-0.00689
2904	-0.00667
2906	-0.00671
2908	-0.0075
2910	-0.00777
2912	-0.00771
2914	-0.00773
2916	-0.00713
2918	-0.00639
2920	-0.00602
2922	-0.00606
2924	-0.00541
2926	-0.00522
2928	-0.00601
2930	-0.0061
2932	-0.0046
2934	-0.00454
2936	-0.0056
2938	-0.00637
2940	-0.00572
2942	-0.0045
2944	-0.00315
2946	-0.0031
2948	-0.00335
2950	-0.00457
2952	-0.00473
2954	-0.00442
2956	-0.00523
2958	-0.00527
2960	-0.00533
2962	-0.00552
2964	-0.00516
2966	-0.00527
2968	-0.00444
2970	-0.00383
2972	-0.00344
2974	-0.00268
2976	-0.00189
2978	-0.00138
2980	-0.00214
2982	-0.00272
2984	-0.00329
2986	-0.00351
2988	-0.00297
2990	-0.00232
2992	-0.00254
2994	-0.00322
2996	-0.00194
2998	-0.00164
3000	-0.00212
3002	-0.00146
3004	-1.46853E-5
3006	1.80215E-4
3008	-5.67885E-4
3010	-8.19841E-5
3012	3.39916E-4
3014	7.03817E-4
3016	0.00137
3018	9.55617E-4
3020	0.00143
3022	7.24418E-4
3024	-2.39681E-4
3026	2.51219E-4
3028	9.96119E-4
3030	0.00137
3032	8.8692E-4
3034	-4.37788E-5
3036	1.66296E-4
3038	2.17372E-4
3040	2.87447E-4
3042	-0.05475
3044	-0.46803
3046	-1.23441
3048	-2.07095
3050	-2.87602
3052	-3.61586
3054	-4.28588
3056	-4.88296
3058	-5.41815
3060	-5.87537
3062	-6.01497
3064	-5.64875
3066	-5.07401
3068	-4.47005
3070	-3.8969
3072	-3.37115
3074	-2.89828
3076	-2.47869
3078	-2.11082
3080	-1.79198
3082	-1.51904
3084	-1.28709
3086	-1.0921
3088	-0.92828
3090	-0.79116
3092	-0.67727
3094	-0.58231
3096	-0.50499
3098	-0.4412
3100	-0.38756
3102	-0.34225
3104	-0.30455
3106	-0.27288
3108	-0.24532
3110	-0.22097
3112	-0.20057
3114	-0.18329
3116	-0.16672
3118	-0.15116
3120	-0.13821
3122	-0.12672
3124	-0.11632
3126	-0.10668
3128	-0.09818
3130	-0.08984
3132	-0.08337
3134	-0.07652
3136	-0.07038
3138	-0.06543
3140	-0.05975
3142	-0.05497
3144	-0.05094
3146	-0.0465
3148	-0.04299
3150	-0.03955
3152	-0.03664
3154	-0.03302
3156	-0.03037
3158	-0.02872
3160	-0.02674
3162	-0.02492
3164	-0.02259
3166	-0.02084
3168	-0.01886
3170	-0.01785
3172	-0.01743
3174	-0.0164
3176	-0.01515
3178	-0.01429
3180	-0.0132
3182	-0.01246
3184	-0.0129
3186	-0.01284
3188	-0.01343
3190	-0.01221
3192	-0.01089
3194	-0.01134
3196	-0.01116
3198	-0.00943
3200	-0.0099
3202	-0.00977
3204	-0.00983
3206	-0.0096
3208	-0.01023
3210	-0.01063
3212	-0.00926
3214	-0.00799
3216	-0.00781
3218	-0.0075
3220	-0.00826
3222	-0.00921
3224	-0.00835
3226	-0.00701
3228	-0.00825
3230	-0.00853
3232	-0.00793
3234	-0.00783
3236	-0.00762
3238	-0.00727
3240	-0.00735
3242	-0.00762
3244	-0.0075
3246	-0.00696
3248	-0.00665
3250	-0.00603
3252	-0.00527
3254	-0.00547
3256	-0.0054
3258	-0.00498
3260	-0.0051
3262	-0.00449
3264	-0.00482
3266	-0.00506
3268	-0.00579
3270	-0.00541
3272	-0.00514
3274	-0.00512
3276	-0.00572
3278	-0.00608
3280	-0.00617
3282	-0.00599
3284	-0.00561
3286	-0.00491
3288	-0.00468
3290	-0.00487
3292	-0.0046
3294	-0.00425
3296	-0.00431
3298	-0.00397
3300	-0.00396
3302	-0.00349
3304	-0.00394
3306	-0.00381
3308	-0.00235
3310	-0.00216
3312	-0.00208
3314	-0.00215
3316	-0.00276
3318	-0.00344
3320	-0.00396
3322	-0.00384
3324	-0.00333
3326	-0.00392
3328	-0.00443
3330	-0.00553
3332	-0.00639
3334	-0.00585
3336	-0.00501
3338	-0.00354
3340	-0.00173
3342	-3.71402E-4
3344	-2.39623E-4
3346	-7.54844E-4
3348	-0.00189
3350	-0.0012
3352	-8.13507E-4
3354	-3.11728E-4
3356	-2.03175E-5
3358	4.29373E-4
3360	-1.12937E-4
3362	-2.69247E-4
3364	8.15443E-4
3366	0.00128
3368	0.00192
3370	0.00185
3372	6.85204E-4
3374	-6.39106E-4
3376	-5.44416E-4
3378	-1.94726E-4
3380	-9.20355E-5
3382	9.03655E-4
3384	6.99345E-4
3386	-0.04724
3388	-0.44245
3390	-1.20833
3392	-2.0642
3394	-2.89432
3396	-3.65727
3398	-4.35081
3400	-4.97001
3402	-5.52542
3404	-6.00242
3406	-6.1831
3408	-5.84342
3410	-5.26925
3412	-4.65546
3414	-4.06732
3416	-3.52446
3418	-3.03392
3420	-2.59836
3422	-2.21549
3424	-1.88363
3426	-1.59829
3428	-1.35622
3430	-1.15136
3432	-0.97958
3434	-0.83561
3436	-0.7165
3438	-0.61723
3440	-0.5339
3442	-0.46512
3444	-0.40876
3446	-0.36074
3448	-0.32092
3450	-0.28684
3452	-0.25788
3454	-0.23216
3456	-0.20977
3458	-0.1896
3460	-0.17345
3462	-0.15794
3464	-0.1454
3466	-0.1343
3468	-0.12283
3470	-0.113
3472	-0.10406
3474	-0.09557
3476	-0.08804
3478	-0.0799
3480	-0.07313
3482	-0.06835
3484	-0.06308
3486	-0.05742
3488	-0.05322
3490	-0.04887
3492	-0.04458
3494	-0.03905
3496	-0.03602
3498	-0.0333
3500	-0.0316
3502	-0.02879
3504	-0.02661
3506	-0.0238
3508	-0.0213
3510	-0.02
3512	-0.0201
3514	-0.01876
3516	-0.0179
3518	-0.017
3520	-0.01634
3522	-0.01451
3524	-0.0131
3526	-0.01189
3528	-0.01142
3530	-0.0117
3532	-0.01234
3534	-0.01218
3536	-0.01113
3538	-0.01073
3540	-0.01099
3542	-0.01058
3544	-0.01082
3546	-0.01033
3548	-0.00865
3550	-0.00824
3552	-0.00855
3554	-0.00683
3556	-0.00694
3558	-0.00755
3560	-0.00727
3562	-0.007
3564	-0.00789
3566	-0.00682
3568	-0.00619
3570	-0.00651
3572	-0.00704
3574	-0.00734
3576	-0.0082
3578	-0.00741
3580	-0.00684
3582	-0.00582
3584	-0.0057
3586	-0.00547
3588	-0.00584
3590	-0.00608
3592	-0.00636
3594	-0.00607
3596	-0.0063
3598	-0.0055
3600	-0.00602
3602	-0.00648
3604	-0.00516
3606	-0.00456
3608	-0.00516
3610	-0.0061
3612	-0.00595
3614	-0.0056
3616	-0.00563
3618	-0.00541
3620	-0.0043
3622	-0.00325
3624	-0.00224
3626	-0.00299
3628	-0.0026
3630	-0.00352
3632	-0.00407
3634	-0.00344
3636	-0.00257
3638	-0.00234
3640	-0.00246
3642	-0.00205
3644	-0.00193
3646	-0.00384
3648	-0.00462
3650	-0.00436
3652	-0.00514
3654	-0.00544
3656	-0.00473
3658	-0.00359
3660	-0.00304
3662	-0.00263
3664	-0.00259
3666	-0.00191
3668	-0.00153
3670	-0.00172
3672	-0.00171
3674	-3.885E-4
3676	-0.00113
3678	-0.00167
3680	-0.00237
3682	-0.00129
3684	-3.13021E-4
3686	3.06682E-4
3688	6.70385E-4
3690	-2.00913E-4
3692	4.97896E-5
3694	9.73492E-4
3696	8.11195E-4
3698	-6.11103E-4
3700	-0.0014
3702	-0.00211
3704	-0.00155
3706	-4.72293E-4
3708	6.2241E-4
3710	2.65112E-4
3712	-1.99185E-4
3714	5.44517E-4
3716	7.1722E-4
3718	0.00146
3720	0.00116
3722	6.73254E-4
3724	6.49259E-4
3726	0.00186
3728	0.00144
3730	-0.03759
3732	-0.40954
3734	-1.17603
3736	-2.04932
3738	-2.90275
3740	-3.69302
3742	-4.41553
3744	-5.06207
3746	-5.63465
3748	-6.13012
3750	-6.34827
3752	-6.04053
3754	-5.47063
3756	-4.84607
3758	-4.24079
3760	-3.68085
3762	-3.17442
3764	-2.72278
3766	-2.32467
3768	-1.97853
3770	-1.68078
3772	-1.42693
3774	-1.21314
3776	-1.03303
3778	-0.88227
3780	-0.75674
3782	-0.6532
3784	-0.56671
3786	-0.49443
3788	-0.43343
3790	-0.38274
3792	-0.33961
3794	-0.3028
3796	-0.27131
3798	-0.24506
3800	-0.22302
3802	-0.20219
3804	-0.18435
3806	-0.16873
3808	-0.1539
3810	-0.14112
3812	-0.12806
3814	-0.11737
3816	-0.1079
3818	-0.09909
3820	-0.09087
3822	-0.08365
3824	-0.07683
3826	-0.07102
3828	-0.06571
3830	-0.05984
3832	-0.05497
3834	-0.0502
3836	-0.04621
3838	-0.04266
3840	-0.03986
3842	-0.03699
3844	-0.03412
3846	-0.03167
3848	-0.02874
3850	-0.02576
3852	-0.02376
3854	-0.02271
3856	-0.02105
3858	-0.02017
3860	-0.01931
3862	-0.01743
3864	-0.01657
3866	-0.01582
3868	-0.01526
3870	-0.01508
3872	-0.01501
3874	-0.01442
3876	-0.01339
3878	-0.01287
3880	-0.01176
3882	-0.01082
3884	-0.01049
3886	-0.01073
3888	-0.01057
3890	-0.01068
3892	-0.00979
3894	-0.00936
3896	-0.00975
3898	-0.01083
3900	-0.0108
3902	-0.00955
3904	-0.00967
3906	-0.00951
3908	-0.00992
3910	-0.00964
3912	-0.0091
3914	-0.00883
3916	-0.00851
3918	-0.00723
3920	-0.00685
3922	-0.00546
3924	-0.0055
3926	-0.00572
3928	-0.00589
3930	-0.00558
3932	-0.00545
3934	-0.0052
3936	-0.00537
3938	-0.00412
3940	-0.00446
3942	-0.00527
3944	-0.00431
3946	-0.00339
3948	-0.00431
3950	-0.00471
3952	-0.00497
3954	-0.00599
3956	-0.00644
3958	-0.00656
3960	-0.00578
3962	-0.00503
3964	-0.00387
3966	-0.00395
3968	-0.00361
3970	-0.004
3972	-0.00371
3974	-0.00218
3976	-0.00184
3978	-0.00226
3980	-0.00267
3982	-0.00285
3984	-0.0027
3986	-0.00228
3988	-0.00221
3990	-0.00212
3992	-0.00206
3994	-0.00328
3996	-0.00355
3998	-0.0032
4000	-0.00377
4002	-0.00273
4004	-0.00155
4006	-0.00148
4008	-0.00172
4010	-0.001
4012	-0.0015
4014	-0.00108
4016	-1.77509E-4
4018	6.08609E-4
4020	-1.51274E-4
4022	-6.15591E-6
4024	8.96962E-4
4026	2.3208E-4
4028	7.02197E-4
4030	4.94315E-4
4032	5.20433E-4
4034	3.0055E-4
4036	-9.24332E-4
4038	4.72786E-4
4040	1.49904E-4
4042	3.00214E-5
4044	-6.07843E-5
4046	9.72457E-5
4048	0.00147
4050	0.00115
4052	3.35572E-7
4054	0.00135
4056	0.00202
4058	0.00154
4060	5.17455E-4
4062	2.85485E-4
4064	-2.12485E-4
4066	5.35545E-4
4068	0.00231
4070	0.00334
4072	0.00277
4074	-0.03253
4076	-0.39239
4078	-1.16194
4080	-2.05375
4082	-2.92846
4084	-3.74222
4086	-4.48817
4088	-5.15836
4090	-5.75335
4092	-6.26721
4094	-6.51267
4096	-6.22201
4098	-5.65182
4100	-5.01793
4102	-4.39963
4104	-3.82583
4106	-3.30432
4108	-2.8374
4110	-2.4247
4112	-2.06536
4114	-1.75679
4116	-1.49415
4118	-1.27074
4120	-1.0828
4122	-0.92524
4124	-0.79335
4126	-0.6834
4128	-0.59259
4130	-0.51787
4132	-0.45599
4134	-0.40408
4136	-0.35945
4138	-0.32049
4140	-0.28788
4142	-0.26008
4144	-0.23532
4146	-0.21274
4148	-0.19519
4150	-0.17992
4152	-0.16473
4154	-0.15035
4156	-0.13829
4158	-0.12666
4160	-0.11678
4162	-0.10747
4164	-0.09937
4166	-0.09077
4168	-0.08325
4170	-0.07653
4172	-0.0711
4174	-0.06613
4176	-0.06081
4178	-0.0556
4180	-0.0504
4182	-0.04648
4184	-0.04335
4186	-0.04025
4188	-0.03764
4190	-0.03527
4192	-0.03185
4194	-0.03031
4196	-0.02784
4198	-0.02546
4200	-0.02462
4202	-0.02257
4204	-0.02103
4206	-0.01944
4208	-0.01896
4210	-0.01891
4212	-0.01817
4214	-0.01742
4216	-0.01678
4218	-0.01551
4220	-0.01466
4222	-0.01392
4224	-0.01346
4226	-0.01364
4228	-0.01301
4230	-0.01232
4232	-0.01153
4234	-0.01075
4236	-0.01096
4238	-0.01051
4240	-0.01014
4242	-0.01031
4244	-0.01126
4246	-0.01072
4248	-0.00907
4250	-0.009
4252	-0.00974
4254	-0.00949
4256	-0.00996
4258	-0.01068
4260	-0.009
4262	-0.00744
4264	-0.00815
4266	-0.00826
4268	-0.00807
4270	-0.00724
4272	-0.00621
4274	-0.00673
4276	-0.0063
4278	-0.0054
4280	-0.00583
4282	-0.00563
4284	-0.00598
4286	-0.0069
4288	-0.00704
4290	-0.00682
4292	-0.00708
4294	-0.00751
4296	-0.00769
4298	-0.00751
4300	-0.00655
4302	-0.00613
4304	-0.0059
4306	-0.00519
4308	-0.0045
4310	-0.0047
4312	-0.00505
4314	-0.0044
4316	-0.00432
4318	-0.00426
4320	-0.00522
4322	-0.00589
4324	-0.00599
4326	-0.00612
4328	-0.00581
4330	-0.00487
4332	-0.00436
4334	-0.00446
4336	-0.0047
4338	-0.00529
4340	-0.00464
4342	-0.00373
4344	-0.00334
4346	-0.00363
4348	-0.00371
4350	-0.00344
4352	-0.00318
4354	-0.00265
4356	-0.00288
4358	-0.00348
4360	-0.00263
4362	-0.00156
4364	-0.00173
4366	-0.00245
4368	-0.00188
4370	-0.00104
4372	-4.69923E-4
4374	-5.47407E-4
4376	-0.0011
4378	-4.92375E-4
4380	5.5814E-4
4382	-9.33437E-5
4384	1.82172E-4
4386	-3.38312E-4
4388	5.50204E-4
4390	-9.02805E-5
4392	-9.77648E-5
4394	1.99751E-4
4396	0.00132
4398	0.00137
4400	7.67298E-4
4402	6.24814E-4
4404	-3.66999E-6
4406	1.13815E-4
4408	-1.48943E-4
4410	-1.187E-4
4412	6.95542E-4
4414	0.001
4416	6.70027E-4
4418	-0.02671
4420	-0.36038
4422	-1.12774
4424	-2.03582
4426	-2.93436
4428	-3.77455
4430	-4.54317
4432	-5.23138
4434	-5.84823
4436	-6.38764
4438	-6.6806
4440	-6.42522
4442	-5.85555
4444	-5.20819
4446	-4.57241
4448	-3.97955
4450	-3.43879
4452	-2.95425
4454	-2.5286
4456	-2.15673
4458	-1.83632
4460	-1.56183
4462	-1.32856
4464	-1.13277
4466	-0.96878
4468	-0.83259
4470	-0.7173
4472	-0.62141
4474	-0.54114
4476	-0.47487
4478	-0.41892
4480	-0.37216
4482	-0.33274
4484	-0.29917
4486	-0.27007
4488	-0.24406
4490	-0.22216
4492	-0.2033
4494	-0.18527
4496	-0.16962
4498	-0.15631
4500	-0.1425
4502	-0.13092
4504	-0.1206
4506	-0.11163
4508	-0.10394
4510	-0.09563
4512	-0.08788
4514	-0.08069
4516	-0.07283
4518	-0.06738
4520	-0.0611
4522	-0.05724
4524	-0.05277
4526	-0.04828
4528	-0.04431
4530	-0.04215
4532	-0.03898
4534	-0.03528
4536	-0.03242
4538	-0.02949
4540	-0.02698
4542	-0.02525
4544	-0.02326
4546	-0.02215
4548	-0.02119
4550	-0.01947
4552	-0.01906
4554	-0.01666
4556	-0.0162
4558	-0.01651
4560	-0.01688
4562	-0.01557
4564	-0.01445
4566	-0.01435
4568	-0.01404
4570	-0.01283
4572	-0.01267
4574	-0.0136
4576	-0.01207
4578	-0.01261
4580	-0.01264
4582	-0.0107
4584	-0.01079
4586	-0.01088
4588	-0.01041
4590	-0.00949
4592	-0.00937
4594	-0.01019
4596	-0.0097
4598	-0.00927
4600	-0.0088
4602	-0.00786
4604	-0.00786
4606	-0.00797
4608	-0.00817
4610	-0.00866
4612	-0.00765
4614	-0.00748
4616	-0.00649
4618	-0.00709
4620	-0.00829
4622	-0.00849
4624	-0.00793
4626	-0.00841
4628	-0.00804
4630	-0.00723
4632	-0.00745
4634	-0.00763
4636	-0.00771
4638	-0.00796
4640	-0.00739
4642	-0.00693
4644	-0.00603
4646	-0.00601
4648	-0.00561
4650	-0.00447
4652	-0.00524
4654	-0.00616
4656	-0.00636
4658	-0.00579
4660	-0.00512
4662	-0.00459
4664	-0.00405
4666	-0.00387
4668	-0.00309
4670	-0.00272
4672	-0.00344
4674	-0.0042
4676	-0.00274
4678	-0.00249
4680	-0.00239
4682	-0.00376
4684	-0.00486
4686	-0.00466
4688	-0.0046
4690	-0.00335
4692	-0.00191
4694	-0.00186
4696	-0.00211
4698	-0.00206
4700	-0.00185
4702	-6.58563E-4
4704	-5.55286E-4
4706	-7.1401E-4
4708	-0.00136
4710	1.64542E-4
4712	0.00224
4714	0.00195
4716	0.0015
4718	0.00234
4720	0.00234
4722	0.00392
4724	0.00323
4726	0.0018
4728	0.00165
4730	0.00145
4732	-1.95627E-4
4734	-2.53163E-4
4736	0.00113
4738	2.75766E-4
4740	-8.7977E-4
4742	-0.00112
4744	-0.00115
4746	-8.13377E-4
4748	-5.75912E-4
4750	5.55186E-6
4752	4.06016E-4
4754	0.00127
4756	0.00223
4758	0.00182
4760	0.00127
4762	-0.02216
4764	-0.33842
4766	-1.09693
4768	-2.01238
4770	-2.93241
4772	-3.79801
4774	-4.58888
4776	-5.3001
4778	-5.93644
4780	-6.49682
4782	-6.8341
4784	-6.61551
4786	-6.05183
4788	-5.39637
4790	-4.74651
4792	-4.13829
4794	-3.58136
4796	-3.08137
4798	-2.63939
4800	-2.2538
4802	-1.92089
4804	-1.63587
4806	-1.39301
4808	-1.18808
4810	-1.01608
4812	-0.87247
4814	-0.75399
4816	-0.65306
4818	-0.569
4820	-0.49907
4822	-0.44016
4824	-0.39042
4826	-0.34819
4828	-0.31222
4830	-0.28118
4832	-0.25403
4834	-0.23025
4836	-0.2094
4838	-0.19158
4840	-0.17692
4842	-0.16348
4844	-0.15013
4846	-0.13666
4848	-0.12618
4850	-0.11601
4852	-0.10506
4854	-0.09684
4856	-0.08937
4858	-0.08351
4860	-0.07725
4862	-0.07068
4864	-0.0642
4866	-0.05916
4868	-0.05521
4870	-0.04993
4872	-0.04506
4874	-0.0419
4876	-0.03897
4878	-0.03581
4880	-0.03364
4882	-0.03076
4884	-0.02763
4886	-0.02527
4888	-0.02486
4890	-0.02474
4892	-0.02342
4894	-0.02112
4896	-0.01911
4898	-0.01774
4900	-0.01598
4902	-0.0145
4904	-0.01375
4906	-0.01347
4908	-0.01317
4910	-0.01185
4912	-0.01043
4914	-0.00966
4916	-0.00925
4918	-0.00931
4920	-0.00933
4922	-0.00914
4924	-0.00939
4926	-0.0096
4928	-0.00988
4930	-0.0091
4932	-0.00777
4934	-0.0071
4936	-0.00729
4938	-0.00687
4940	-0.00675
4942	-0.00701
4944	-0.00664
4946	-0.00563
4948	-0.00552
4950	-0.00629
4952	-0.00705
4954	-0.00792
4956	-0.00847
4958	-0.00736
4960	-0.00635
4962	-0.00485
4964	-0.00439
4966	-0.00549
4968	-0.00626
4970	-0.00583
4972	-0.00488
4974	-0.00496
4976	-0.00478
4978	-0.00495
4980	-0.00701
4982	-0.00591
4984	-0.00511
4986	-0.00548
4988	-0.00367
4990	-0.00319
4992	-0.00293
4994	-0.0033
4996	-0.00303
4998	-0.00431
5000	-0.00453
5002	-0.00384
5004	-0.00272
5006	-0.00157
5008	-0.00155
5010	-0.0015
5012	-7.35657E-4
5014	-0.00197
5016	-0.00187
5018	-0.00176
5020	-0.00155
5022	-1.02838E-4
5024	-7.44746E-5
5026	0.00103
5028	5.42253E-4
5030	-5.01383E-4
5032	-5.13019E-4
5034	-5.30656E-4
5036	-5.08292E-4
5038	-1.88928E-4
5040	-4.52564E-4
5042	-4.092E-4
5044	2.61164E-4
5046	1.52738E-6
5048	-6.81109E-4
5050	-2.9745E-5
5052	3.29619E-4
5054	8.07763E-4
5056	2.01136E-4
5058	-0.00103
5060	1.35882E-4
5062	0.00153
5064	0.00101
5066	4.49002E-4
5068	5.53375E-4
5070	7.42749E-4
5072	1.48122E-4
5074	-7.12505E-4
5076	-5.57132E-4
5078	-3.18758E-4
5080	-4.73852E-5
5082	-9.81012E-4
5084	-8.12639E-4
5086	4.34734E-4
5088	0.00137
5090	0.00136
5092	4.08854E-4
5094	5.50459E-4
5096	2.08872E-4
5098	1.1284E-5
5100	0.00169
5102	0.00288
5104	0.00261
5106	-0.01459
5108	-0.30102
5110	-1.0464
5112	-1.98002
5114	-2.92438
5116	-3.81182
5118	-4.62735
5120	-5.36437
5122	-6.02637
5124	-6.60842
5126	-6.97802
5128	-6.79905
5130	-6.25022
5132	-5.591
5134	-4.92842
5136	-4.30263
5138	-3.72973
5140	-3.21406
5142	-2.7554
5144	-2.355
5146	-2.00884
5148	-1.71158
5150	-1.45798
5152	-1.24364
5154	-1.0648
5156	-0.91505
5158	-0.78915
5160	-0.68405
5162	-0.59618
5164	-0.52297
5166	-0.46191
5168	-0.41003
5170	-0.36717
5172	-0.3294
5174	-0.2963
5176	-0.26894
5178	-0.24373
5180	-0.22131
5182	-0.20243
5184	-0.18441
5186	-0.16859
5188	-0.15524
5190	-0.1437
5192	-0.1318
5194	-0.12132
5196	-0.11229
5198	-0.1037
5200	-0.0959
5202	-0.08759
5204	-0.08053
5206	-0.07531
5208	-0.06884
5210	-0.06177
5212	-0.05707
5214	-0.05306
5216	-0.04823
5218	-0.04563
5220	-0.04196
5222	-0.03803
5224	-0.03548
5226	-0.03324
5228	-0.0306
5230	-0.02805
5232	-0.02731
5234	-0.02671
5236	-0.0257
5238	-0.02353
5240	-0.02124
5242	-0.0206
5244	-0.02021
5246	-0.01947
5248	-0.01772
5250	-0.0169
5252	-0.01631
5254	-0.01568
5256	-0.01514
5258	-0.01471
5260	-0.01368
5262	-0.01291
5264	-0.01272
5266	-0.01213
5268	-0.01248
5270	-0.01152
5272	-0.01006
5274	-0.0094
5276	-0.0085
5278	-0.00905
5280	-0.00896
5282	-0.00938
5284	-0.00915
5286	-0.00892
5288	-0.00972
5290	-0.00917
5292	-0.00838
5294	-0.00811
5296	-0.00787
5298	-0.00742
5300	-0.0077
5302	-0.00786
5304	-0.00825
5306	-0.00754
5308	-0.00744
5310	-0.00717
5312	-0.00827
5314	-0.00864
5316	-0.00684
5318	-0.00731
5320	-0.0076
5322	-0.00725
5324	-0.00776
5326	-0.00691
5328	-0.00676
5330	-0.00647
5332	-0.00609
5334	-0.00584
5336	-0.00623
5338	-0.0064
5340	-0.00677
5342	-0.00602
5344	-0.0055
5346	-0.0049
5348	-0.00477
5350	-0.00297
5352	-0.00287
5354	-0.00241
5356	-0.00302
5358	-0.00399
5360	-0.00339
5362	-0.00249
5364	-0.00323
5366	-0.00418
5368	-0.00467
5370	-0.00304
5372	-0.00262
5374	-0.00291
5376	-0.00268
5378	-0.00224
5380	-0.00142
5382	-0.00206
5384	-0.00213
5386	-0.00177
5388	-0.00159
5390	-0.0015
5392	-0.00107
5394	-0.00175
5396	-0.00297
5398	-0.00264
5400	-0.0011
5402	-0.00118
5404	-0.00218
5406	-0.00145
5408	-0.00267
5410	-0.00352
5412	-0.00416
5414	-0.00273
5416	-0.00143
5418	-7.62762E-4
5420	-2.50696E-4
5422	0.00166
5424	8.98437E-4
5426	0.00126
5428	0.00159
5430	0.00121
5432	6.61703E-4
5434	3.30769E-4
5436	4.05835E-4
5438	0.0011
5440	3.24968E-4
5442	-3.34965E-4
5444	-5.08899E-4
5446	6.11673E-5
5448	0.00158
5450	-0.00962
5452	-0.25166
5454	-0.96712
5456	-1.90459
5458	-2.87176
5460	-3.78642
5462	-4.62925
5464	-5.39385
5466	-6.07818
5468	-6.68026
5470	-7.10367
5472	-6.99144
5474	-6.4644
5476	-5.80238
5478	-5.12759
5480	-4.48639
5482	-3.89482
5484	-3.35924
5486	-2.88362
5488	-2.46674
5490	-2.10498
5492	-1.79482
5494	-1.53145
5496	-1.30731
5498	-1.1183
5500	-0.9606
5502	-0.82934
5504	-0.71933
5506	-0.6268
5508	-0.54839
5510	-0.48402
5512	-0.43009
5514	-0.38358
5516	-0.34389
5518	-0.31083
5520	-0.28158
5522	-0.25508
5524	-0.23196
5526	-0.21301
5528	-0.19587
5530	-0.17967
5532	-0.16348
5534	-0.14958
5536	-0.1375
5538	-0.12624
5540	-0.11506
5542	-0.10569
5544	-0.09762
5546	-0.08976
5548	-0.08213
5550	-0.07588
5552	-0.07083
5554	-0.06504
5556	-0.06001
5558	-0.05495
5560	-0.05008
5562	-0.04565
5564	-0.04287
5566	-0.03945
5568	-0.03679
5570	-0.03362
5572	-0.03213
5574	-0.03197
5576	-0.02992
5578	-0.02775
5580	-0.02628
5582	-0.02432
5584	-0.02394
5586	-0.02315
5588	-0.02165
5590	-0.01964
5592	-0.01848
5594	-0.01672
5596	-0.01555
5598	-0.01482
5600	-0.01407
5602	-0.01409
5604	-0.01451
5606	-0.013
5608	-0.01257
5610	-0.01239
5612	-0.01161
5614	-0.01117
5616	-0.01126
5618	-0.01153
5620	-0.01166
5622	-0.01195
5624	-0.01207
5626	-0.01149
5628	-0.01071
5630	-0.00965
5632	-0.00808
5634	-0.00842
5636	-0.00835
5638	-0.00901
5640	-0.00815
5642	-0.00875
5644	-0.0086
5646	-0.00817
5648	-0.00758
5650	-0.00719
5652	-0.00716
5654	-0.00799
5656	-0.00801
5658	-0.00706
5660	-0.00752
5662	-0.00763
5664	-0.00656
5666	-0.00659
5668	-0.00602
5670	-0.00563
5672	-0.00521
5674	-0.00592
5676	-0.00518
5678	-0.00516
5680	-0.00539
5682	-0.00497
5684	-0.00471
5686	-0.00453
5688	-0.00442
5690	-0.00404
5692	-0.00248
5694	-0.00312
5696	-0.0043
5698	-0.00462
5700	-0.0044
5702	-0.00511
5704	-0.0047
5706	-0.00367
5708	-0.00306
5710	-0.00191
5712	-0.00212
5714	-0.00212
5716	-0.00288
5718	-0.002
5720	-0.00249
5722	-0.00231
5724	-0.00145
5726	-0.00271
5728	-0.00282
5730	-0.00287
5732	-0.0029
5734	-0.00277
5736	-0.00219
5738	-9.27173E-4
5740	9.69012E-5
5742	-3.04373E-4
5744	-4.50648E-4
5746	-8.99922E-4
5748	-1.67197E-4
5750	3.84529E-4
5752	-6.71746E-4
5754	-7.3802E-4
5756	2.71705E-4
5758	9.39431E-4
5760	2.83156E-4
5762	6.49882E-4
5764	9.24607E-4
5766	0.00108
5768	6.40058E-4
5770	4.85784E-4
5772	1.33509E-4
5774	2.12235E-4
5776	-1.6004E-4
5778	-5.97314E-4
5780	-8.34125E-4
5782	-0.00113
5784	-6.24447E-4
5786	9.86892E-4
5788	0.00186
5790	0.00221
5792	0.00312
5794	-0.00757
5796	-0.24635
5798	-0.96677
5800	-1.92155
5802	-2.90824
5804	-3.84322
5806	-4.70392
5808	-5.48137
5810	-6.18128
5812	-6.80154
5814	-7.24584
5816	-7.15152
5818	-6.62457
5820	-5.95255
5822	-5.26256
5824	-4.60624
5826	-4.00126
5828	-3.45455
5830	-2.9688
5832	-2.54164
5834	-2.17091
5836	-1.85154
5838	-1.57968
5840	-1.34986
5842	-1.15555
5844	-0.99354
5846	-0.85756
5848	-0.74351
5850	-0.64806
5852	-0.56918
5854	-0.50281
5856	-0.44561
5858	-0.39815
5860	-0.35656
5862	-0.31998
5864	-0.28917
5866	-0.26277
5868	-0.23995
5870	-0.21943
5872	-0.20027
5874	-0.18251
5876	-0.16761
5878	-0.15486
5880	-0.1423
5882	-0.13172
5884	-0.12135
5886	-0.11121
5888	-0.1023
5890	-0.0941
5892	-0.08731
5894	-0.08086
5896	-0.07371
5898	-0.067
5900	-0.06174
5902	-0.05685
5904	-0.05147
5906	-0.04723
5908	-0.04437
5910	-0.04106
5912	-0.03741
5914	-0.03431
5916	-0.03406
5918	-0.03253
5920	-0.02947
5922	-0.02793
5924	-0.02577
5926	-0.02463
5928	-0.02403
5930	-0.02188
5932	-0.02021
5934	-0.01875
5936	-0.01792
5938	-0.01721
5940	-0.01659
5942	-0.01626
5944	-0.01532
5946	-0.01492
5948	-0.01336
5950	-0.01259
5952	-0.01195
5954	-0.01159
5956	-0.01184
5958	-0.01127
5960	-0.01124
5962	-0.01182
5964	-0.01156
5966	-0.01087
5968	-0.00961
5970	-0.00911
5972	-0.00933
5974	-0.00935
5976	-0.00819
5978	-0.00763
5980	-0.00671
5982	-0.00647
5984	-0.00685
5986	-0.00619
5988	-0.00617
5990	-0.00634
5992	-0.00647
5994	-0.00604
5996	-0.00599
5998	-0.00604
6000	-0.00585
6002	-0.00461
6004	-0.00421
6006	-0.00431
6008	-0.00429
6010	-0.00508
6012	-0.0057
6014	-0.00486
6016	-0.00498
6018	-0.00509
6020	-0.00326
6022	-0.00275
6024	-0.00351
6026	-0.00317
6028	-0.00322
6030	-0.00277
6032	-0.00226
6034	-0.00222
6036	-0.00133
6038	-8.70193E-4
6040	-0.00147
6042	-0.00145
6044	-0.0017
6046	-0.00193
6048	-9.17892E-4
6050	-9.65632E-4
6052	-4.88372E-4
6054	-3.41112E-4
6056	-6.78851E-4
6058	-4.65591E-4
6060	-5.94331E-4
6062	-9.66071E-4
6064	-4.57367E-4
6066	-8.52755E-4
6068	-0.00112
6070	-3.80531E-4
6072	-5.37919E-4
6074	-0.00164
6076	-0.00192
6078	-0.002
6080	-0.00264
6082	-0.00261
6084	-0.00179
6086	-0.00103
6088	-9.21025E-4
6090	-6.32413E-4
6092	-6.77801E-4
6094	-1.85189E-4
6096	4.07423E-4
6098	3.36035E-4
6100	6.32647E-4
6102	6.18258E-4
6104	3.10833E-4
6106	-6.53528E-4
6108	-4.2289E-4
6110	-2.09252E-4
6112	2.85387E-4
6114	2.32025E-4
6116	-1.83365E-5
6118	6.70302E-4
6120	1.8294E-4
6122	-2.89421E-4
6124	-1.63783E-4
6126	8.57855E-4
6128	0.00142
6130	0.00278
6132	0.0019
6134	0.00134
6136	0.0017
6138	-0.00663
6140	-0.22005
6142	-0.921
6144	-1.88477
6146	-2.88658
6148	-3.84325
6150	-4.72663
6152	-5.5293
6154	-6.24933
6156	-6.88901
6158	-7.35897
6160	-7.30802
6162	-6.80321
6164	-6.13335
6166	-5.43539
6168	-4.76629
6170	-4.14634
6172	-3.5843
6174	-3.083
6176	-2.6434
6178	-2.2601
6180	-1.92967
6182	-1.64762
6184	-1.40919
6186	-1.20796
6188	-1.03837
6190	-0.89592
6192	-0.77758
6194	-0.67937
6196	-0.59582
6198	-0.52594
6200	-0.46706
6202	-0.41631
6204	-0.37246
6206	-0.33583
6208	-0.30446
6210	-0.27753
6212	-0.25251
6214	-0.23022
6216	-0.2106
6218	-0.19347
6220	-0.17735
6222	-0.16202
6224	-0.1496
6226	-0.13802
6228	-0.1267
6230	-0.11502
6232	-0.10526
6234	-0.09719
6236	-0.08967
6238	-0.08256
6240	-0.07613
6242	-0.06982
6244	-0.06511
6246	-0.06102
6248	-0.05678
6250	-0.05311
6252	-0.0488
6254	-0.04462
6256	-0.04116
6258	-0.03734
6260	-0.0344
6262	-0.03183
6264	-0.03008
6266	-0.02919
6268	-0.02813
6270	-0.02614
6272	-0.02388
6274	-0.02277
6276	-0.02149
6278	-0.02006
6280	-0.02003
6282	-0.01899
6284	-0.01778
6286	-0.01759
6288	-0.01649
6290	-0.01507
6292	-0.01423
6294	-0.01402
6296	-0.01393
6298	-0.01351
6300	-0.01269
6302	-0.01206
6304	-0.0114
6306	-0.01055
6308	-0.01023
6310	-0.00907
6312	-0.00825
6314	-0.00821
6316	-0.00754
6318	-0.00676
6320	-0.00717
6322	-0.00598
6324	-0.00572
6326	-0.00575
6328	-0.00591
6330	-0.00502
6332	-0.00602
6334	-0.00649
6336	-0.00558
6338	-0.00509
6340	-0.00558
6342	-0.00586
6344	-0.0065
6346	-0.00575
6348	-0.00555
6350	-0.00496
6352	-0.00428
6354	-0.00441
6356	-0.00442
6358	-0.00411
6360	-0.00335
6362	-0.00283
6364	-0.0029
6366	-0.00267
6368	-0.00184
6370	-0.00164
6372	-8.11516E-4
6374	-9.4331E-4
6376	-8.37105E-4
6378	-0.00172
6380	-0.00203
6382	-0.0023
6384	-0.00175
6386	-0.00159
6388	-0.00186
6390	-0.00217
6392	-0.00159
6394	-0.00163
6396	-0.00113
6398	-4.77675E-4
6400	3.99072E-4
6402	4.22819E-4
6404	5.10566E-4
6406	-1.4687E-5
6408	-5.1794E-4
6410	-9.59193E-4
6412	-0.00176
6414	-0.00131
6416	-6.26952E-4
6418	-6.07205E-4
6420	-0.0011
6422	-6.49712E-4
6424	-4.31965E-4
6426	4.24939E-4
6428	5.82578E-4
6430	1.43216E-4
6432	-0.00103
6434	-0.00133
6436	-0.00129
6438	-0.00171
6440	-0.00144
6442	-0.00128
6444	-0.00156
6446	-0.00204
6448	-7.65042E-4
6450	-5.19404E-4
6452	-1.18766E-4
6454	-3.41279E-5
6456	7.95102E-5
6458	7.61482E-5
6460	7.98786E-4
6462	7.81424E-4
6464	0.0013
6466	0.00119
6468	0.00218
6470	0.00235
6472	0.0025
6474	0.00209
6476	0.00182
6478	0.00228
6480	0.00332
6482	-0.00319
6484	-0.18936
6486	-0.86544
6488	-1.82913
6490	-2.84447
6492	-3.82253
6494	-4.72966
6496	-5.5569
6498	-6.30136
6500	-6.96005
6502	-7.47893
6504	-7.49089
6506	-7.00702
6508	-6.33075
6510	-5.61797
6512	-4.93168
6514	-4.29495
6516	-3.71675
6518	-3.19937
6520	-2.74363
6522	-2.34533
6524	-2.00381
6526	-1.71153
6528	-1.46426
6530	-1.25544
6532	-1.0792
6534	-0.93125
6536	-0.80799
6538	-0.70485
6540	-0.61853
6542	-0.54593
6544	-0.4845
6546	-0.43302
6548	-0.38806
6550	-0.34997
6552	-0.31691
6554	-0.2879
6556	-0.26285
6558	-0.2407
6560	-0.22045
6562	-0.20206
6564	-0.18672
6566	-0.17225
6568	-0.15819
6570	-0.14542
6572	-0.13376
6574	-0.1224
6576	-0.11213
6578	-0.10207
6580	-0.09389
6582	-0.08783
6584	-0.08172
6586	-0.07536
6588	-0.06917
6590	-0.06386
6592	-0.05978
6594	-0.05607
6596	-0.05193
6598	-0.04855
6600	-0.04639
6602	-0.04236
6604	-0.03891
6606	-0.03688
6608	-0.03494
6610	-0.0331
6612	-0.03101
6614	-0.0295
6616	-0.02795
6618	-0.0257
6620	-0.02348
6622	-0.02283
6624	-0.02245
6626	-0.02124
6628	-0.02074
6630	-0.019
6632	-0.01688
6634	-0.01644
6636	-0.01621
6638	-0.01596
6640	-0.01495
6642	-0.01401
6644	-0.01407
6646	-0.0143
6648	-0.01371
6650	-0.01305
6652	-0.01137
6654	-0.00957
6656	-0.00959
6658	-0.00956
6660	-0.00967
6662	-0.00956
6664	-0.01054
6666	-0.01078
6668	-0.00971
6670	-0.00931
6672	-0.00888
6674	-0.00863
6676	-0.00815
6678	-0.0084
6680	-0.00776
6682	-0.00702
6684	-0.00748
6686	-0.00828
6688	-0.00775
6690	-0.00745
6692	-0.00725
6694	-0.00727
6696	-0.00725
6698	-0.00744
6700	-0.00615
6702	-0.00516
6704	-0.00355
6706	-0.00317
6708	-0.00388
6710	-0.0041
6712	-0.00248
6714	-0.00141
6716	-0.00151
6718	-0.00202
6720	-0.00278
6722	-0.00289
6724	-0.00336
6726	-0.00353
6728	-0.00193
6730	-0.00155
6732	-0.00275
6734	-0.00364
6736	-0.00291
6738	-0.00295
6740	-0.00285
6742	-0.00232
6744	-0.00211
6746	-0.00209
6748	-0.00167
6750	-0.00193
6752	-0.00287
6754	-0.00416
6756	-0.00393
6758	-0.00304
6760	-0.00269
6762	-0.00381
6764	-0.00446
6766	-0.00392
6768	-0.00355
6770	-0.00255
6772	-0.00193
6774	-0.00105
6776	-3.70454E-4
6778	6.21554E-5
6780	0.00101
6782	3.26374E-4
6784	7.49834E-5
6786	5.927E-7
6788	-3.51798E-4
6790	-7.07705E-4
6792	1.06888E-4
6794	-1.29519E-4
6796	9.90738E-5
6798	5.70667E-4
6800	7.4526E-4
6802	0.00103
6804	0.00126
6806	0.00215
6808	0.00152
6810	0.00236
6812	0.00276
6814	0.00219
6816	0.00289
6818	0.00343
6820	0.00356
6822	0.00265
6824	0.00225
6826	-6.86033E-4
6828	-0.16277
6830	-0.81484
6832	-1.77911
6834	-2.80742
6836	-3.80671
6838	-4.73901
6840	-5.59073
6842	-6.35624
6844	-7.039
6846	-7.58237
6848	-7.63668
6850	-7.17928
6852	-6.5098
6854	-5.79138
6856	-5.09371
6858	-4.44296
6860	-3.84995
6862	-3.32015
6864	-2.85137
6866	-2.4415
6868	-2.08718
6870	-1.78347
6872	-1.52698
6874	-1.31018
6876	-1.12727
6878	-0.97432
6880	-0.84528
6882	-0.73835
6884	-0.64754
6886	-0.57117
6888	-0.50713
6890	-0.45245
6892	-0.40461
6894	-0.36399
6896	-0.32913
6898	-0.29887
6900	-0.27226
6902	-0.24859
6904	-0.22779
6906	-0.20942
6908	-0.193
6910	-0.17871
6912	-0.16574
6914	-0.15311
6916	-0.1421
6918	-0.13121
6920	-0.12014
6922	-0.11136
6924	-0.10181
6926	-0.09331
6928	-0.08522
6930	-0.07795
6932	-0.07186
6934	-0.06689
6936	-0.06215
6938	-0.05674
6940	-0.05251
6942	-0.04852
6944	-0.04553
6946	-0.04258
6948	-0.03953
6950	-0.03721
6952	-0.03558
6954	-0.03348
6956	-0.03115
6958	-0.02981
6960	-0.02751
6962	-0.02464
6964	-0.02331
6966	-0.02238
6968	-0.02213
6970	-0.02193
6972	-0.02159
6974	-0.02108
6976	-0.0198
6978	-0.0183
6980	-0.01829
6982	-0.01794
6984	-0.01801
6986	-0.01845
6988	-0.01696
6990	-0.01536
6992	-0.01413
6994	-0.01321
6996	-0.01436
6998	-0.01452
7000	-0.01438
7002	-0.0141
7004	-0.01396
7006	-0.01333
7008	-0.0118
7010	-0.01128
7012	-0.01099
7014	-0.0108
7016	-0.01089
7018	-0.00963
7020	-0.00935
7022	-0.00918
7024	-0.00937
7026	-0.00938
7028	-0.00892
7030	-0.00813
7032	-0.00806
7034	-0.0079
7036	-0.00687
7038	-0.00636
7040	-0.00664
7042	-0.00772
7044	-0.00923
7046	-0.00899
7048	-0.00857
7050	-0.00923
7052	-0.00862
7054	-0.0071
7056	-0.00575
7058	-0.00536
7060	-0.00471
7062	-0.00507
7064	-0.00532
7066	-0.00484
7068	-0.00522
7070	-0.00566
7072	-0.00498
7074	-0.00513
7076	-0.00514
7078	-0.00466
7080	-0.00524
7082	-0.00502
7084	-0.00519
7086	-0.0062
7088	-0.00551
7090	-0.00451
7092	-0.00408
7094	-0.0041
7096	-0.00417
7098	-0.00391
7100	-0.00562
7102	-0.00529
7104	-0.00467
7106	-0.00373
7108	-0.003
7110	-0.00227
7112	-0.00243
7114	-0.00347
7116	-0.00242
7118	-0.0023
7120	-0.00248
7122	-0.00255
7124	-0.00138
7126	-0.00146
7128	-0.00112
7130	-4.83388E-4
7132	-3.47209E-4
7134	5.4969E-5
7136	3.51475E-5
7138	0.00104
7140	-4.64956E-5
7142	-0.00107
7144	-3.00139E-4
7146	0.00104
7148	-3.47782E-4
7150	-9.02603E-4
7152	-8.54248E-5
7154	-1.7002E-4
7156	-9.58981E-4
7158	-7.70943E-4
7160	-5.79905E-4
7162	-3.04867E-4
7164	-4.10829E-4
7166	0.00141
7168	0.00142
7170	-0.00237
7172	-0.14373
7174	-0.76886
7176	-1.73038
7178	-2.77806
7180	-3.80354
7182	-4.75537
7184	-5.62317
7186	-6.40573
7188	-7.10615
7190	-7.67468
7192	-7.77408
7194	-7.34318
7196	-6.67733
7198	-5.95198
7200	-5.24083
7202	-4.57586
7204	-3.96858
7206	-3.42396
7208	-2.9415
7210	-2.51939
7212	-2.15493
7214	-1.84269
7216	-1.57838
7218	-1.3543
7220	-1.1658
7222	-1.00688
7224	-0.87404
7226	-0.76253
7228	-0.66777
7230	-0.58738
7232	-0.51904
7234	-0.4627
7236	-0.41542
7238	-0.37448
7240	-0.33815
7242	-0.30602
7244	-0.27898
7246	-0.25551
7248	-0.23391
7250	-0.21534
7252	-0.19821
7254	-0.18161
7256	-0.16578
7258	-0.15246
7260	-0.13992
7262	-0.12974
7264	-0.1204
7266	-0.10997
7268	-0.10054
7270	-0.09301
7272	-0.08748
7274	-0.08099
7276	-0.07481
7278	-0.06879
7280	-0.06429
7282	-0.06061
7284	-0.05596
7286	-0.05207
7288	-0.04832
7290	-0.04479
7292	-0.04098
7294	-0.03728
7296	-0.03678
7298	-0.03456
7300	-0.0321
7302	-0.03021
7304	-0.028
7306	-0.02649
7308	-0.02546
7310	-0.02379
7312	-0.02142
7314	-0.01957
7316	-0.01952
7318	-0.01955
7320	-0.01841
7322	-0.01727
7324	-0.01656
7326	-0.01653
7328	-0.01594
7330	-0.01477
7332	-0.01433
7334	-0.01325
7336	-0.01191
7338	-0.01094
7340	-0.01049
7342	-0.01107
7344	-0.0105
7346	-0.01133
7348	-0.01156
7350	-0.0105
7352	-0.00878
7354	-0.00796
7356	-0.00771
7358	-0.00756
7360	-0.00758
7362	-0.00788
7364	-0.00824
7366	-0.00761
7368	-0.00768
7370	-0.00663
7372	-0.0057
7374	-0.00562
7376	-0.00592
7378	-0.0055
7380	-0.00499
7382	-0.00583
7384	-0.00597
7386	-0.00521
7388	-0.00557
7390	-0.00604
7392	-0.00665
7394	-0.00618
7396	-0.00553
7398	-0.00607
7400	-0.00676
7402	-0.00725
7404	-0.0061
7406	-0.00436
7408	-0.00438
7410	-0.00535
7412	-0.00508
7414	-0.00375
7416	-0.00363
7418	-0.00293
7420	-0.0039
7422	-0.00474
7424	-0.00424
7426	-0.00414
7428	-0.003
7430	-0.00348
7432	-0.00389
7434	-0.00321
7436	-0.00259
7438	-0.00317
7440	-0.00398
7442	-0.00206
7444	-0.00189
7446	-0.00293
7448	-0.00422
7450	-0.00394
7452	-0.00334
7454	-0.00291
7456	-0.00194
7458	-0.0021
7460	-0.00234
7462	-0.00228
7464	-9.80726E-4
7466	-0.00201
7468	-0.0019
7470	-0.0015
7472	-1.19647E-4
7474	0.00117
7476	6.04892E-4
7478	7.41041E-4
7480	5.66509E-4
7482	4.73978E-4
7484	-3.85529E-5
7486	7.79159E-5
7488	6.03385E-4
7490	4.02854E-4
7492	6.63322E-4
7494	6.89791E-4
7496	-1.7174E-4
7498	-6.34271E-4
7500	-5.53802E-4
7502	-0.00148
7504	-0.00102
7506	9.31604E-4
7508	0.0019
7510	0.0025
7512	0.00261
7514	0.00122
7516	-0.10838
7518	-0.68205
7520	-1.63284
7522	-2.69337
7524	-3.73869
7526	-4.71902
7528	-5.62028
7530	-6.42822
7532	-7.14839
7534	-7.74894
7536	-7.92378
7538	-7.54031
7540	-6.88777
7542	-6.15764
7544	-5.43441
7546	-4.75219
7548	-4.12707
7550	-3.56452
7552	-3.06524
7554	-2.62971
7556	-2.25378
7558	-1.9303
7560	-1.65395
7562	-1.41876
7564	-1.22094
7566	-1.0541
7568	-0.914
7570	-0.79657
7572	-0.69837
7574	-0.61513
7576	-0.5451
7578	-0.48593
7580	-0.43479
7582	-0.39141
7584	-0.35429
7586	-0.32105
7588	-0.29013
7590	-0.26506
7592	-0.24294
7594	-0.22414
7596	-0.20733
7598	-0.19091
7600	-0.17533
7602	-0.16113
7604	-0.14944
7606	-0.13791
7608	-0.12744
7610	-0.11664
7612	-0.10774
7614	-0.10003
7616	-0.09276
7618	-0.08549
7620	-0.07906
7622	-0.07249
7624	-0.06696
7626	-0.06167
7628	-0.05723
7630	-0.05374
7632	-0.05012
7634	-0.04731
7636	-0.04342
7638	-0.03958
7640	-0.03663
7642	-0.0344
7644	-0.03287
7646	-0.02994
7648	-0.02752
7650	-0.02652
7652	-0.02472
7654	-0.02207
7656	-0.02043
7658	-0.01922
7660	-0.01759
7662	-0.01681
7664	-0.01662
7666	-0.01669
7668	-0.01614
7670	-0.01523
7672	-0.01455
7674	-0.01388
7676	-0.01265
7678	-0.01175
7680	-0.01246
7682	-0.01201
7684	-0.01208
7686	-0.0115
7688	-0.01084
7690	-0.01086
7692	-0.00955
7694	-0.00942
7696	-0.00964
7698	-0.00967
7700	-0.00996
7702	-0.009
7704	-0.00742
7706	-0.00663
7708	-0.00787
7710	-0.00694
7712	-0.00654
7714	-0.00715
7716	-0.00721
7718	-0.00706
7720	-0.00689
7722	-0.00671
7724	-0.00642
7726	-0.00526
7728	-0.00524
7730	-0.00477
7732	-0.00444
7734	-0.00509
7736	-0.00493
7738	-0.00564
7740	-0.00612
7742	-0.00608
7744	-0.00577
7746	-0.00562
7748	-0.00622
7750	-0.00475
7752	-0.00347
7754	-0.00282
7756	-0.00298
7758	-0.00202
7760	-7.50675E-4
7762	-9.29842E-4
7764	-0.00106
7766	-9.65178E-4
7768	-0.00182
7770	-0.0015
7772	-0.00117
7774	-0.00142
7776	-0.00183
7778	-0.00105
7780	-3.66352E-4
7782	-6.7552E-4
7784	-7.76688E-4
7786	-0.0014
7788	-0.00251
7790	-0.00282
7792	-0.00193
7794	-0.0027
7796	-0.00181
7798	-0.00174
7800	-0.00214
7802	-0.00117
7804	-9.28437E-4
7806	-2.18661E-4
7808	0.001
7810	0.00242
7812	0.00224
7814	9.80444E-4
7816	5.5922E-4
7818	6.08996E-4
7820	8.01772E-4
7822	7.66548E-4
7824	-1.27676E-4
7826	-8.30899E-4
7828	3.58877E-4
7830	4.38653E-4
7832	-5.85571E-4
7834	-3.34795E-4
7836	-8.62019E-4
7838	-7.96243E-4
7840	5.33563E-4
7842	0.00158
7844	0.00198
7846	0.00206
7848	0.0012
7850	0.00129
7852	7.75918E-4
7854	8.5031E-4
7856	4.61703E-4
7858	-6.95904E-4
7860	-0.10182
7862	-0.66373
7864	-1.60896
7866	-2.67181
7868	-3.73163
7870	-4.73459
7872	-5.65316
7874	-6.47555
7876	-7.21262
7878	-7.83425
7880	-8.03919
7882	-7.67873
7884	-7.03318
7886	-6.29992
7888	-5.57014
7890	-4.87911
7892	-4.2429
7894	-3.66915
7896	-3.15906
7898	-2.71245
7900	-2.32579
7902	-1.99224
7904	-1.70745
7906	-1.4667
7908	-1.26359
7910	-1.09311
7912	-0.94958
7914	-0.82758
7916	-0.72483
7918	-0.63944
7920	-0.56702
7922	-0.50588
7924	-0.45242
7926	-0.40638
7928	-0.36763
7930	-0.33367
7932	-0.3044
7934	-0.27888
7936	-0.25415
7938	-0.23399
7940	-0.21577
7942	-0.19863
7944	-0.18295
7946	-0.16884
7948	-0.15601
7950	-0.14318
7952	-0.13109
7954	-0.12023
7956	-0.11052
7958	-0.10233
7960	-0.09552
7962	-0.08756
7964	-0.08192
7966	-0.07677
7968	-0.07209
7970	-0.06653
7972	-0.06127
7974	-0.05711
7976	-0.05231
7978	-0.05028
7980	-0.04718
7982	-0.04355
7984	-0.04098
7986	-0.03851
7988	-0.03662
7990	-0.03455
7992	-0.0323
7994	-0.03022
7996	-0.02809
7998	-0.0266
8000	-0.02544
8002	-0.02308
8004	-0.02214
8006	-0.02195
8008	-0.02156
8010	-0.02
8012	-0.02019
8014	-0.02015
8016	-0.01752
8018	-0.01606
8020	-0.01412
8022	-0.01397
8024	-0.01362
8026	-0.01284
8028	-0.01212
8030	-0.01196
8032	-0.01169
8034	-0.01239
8036	-0.01177
8038	-0.01178
8040	-0.01159
8042	-0.01032
8044	-0.01009
8046	-0.00975
8048	-0.01025
8050	-0.01027
8052	-0.00996
8054	-0.00943
8056	-0.00926
8058	-0.00933
8060	-0.00914
8062	-0.008
8064	-0.00813
8066	-0.00772
8068	-0.00793
8070	-0.00827
8072	-0.00832
8074	-0.00871
8076	-0.00868
8078	-0.0079
8080	-0.00656
8082	-0.00587
8084	-0.00548
8086	-0.0055
8088	-0.00681
8090	-0.00657
8092	-0.00677
8094	-0.00509
8096	-0.00523
8098	-0.00588
8100	-0.0051
8102	-0.00434
8104	-0.00383
8106	-0.00397
8108	-0.00543
8110	-0.00495
8112	-0.005
8114	-0.00415
8116	-0.00428
8118	-0.00498
8120	-0.00437
8122	-0.00337
8124	-0.00367
8126	-0.004
8128	-0.00356
8130	-0.00262
8132	-8.69069E-4
8134	-6.61135E-4
8136	-3.76201E-4
8138	-2.73267E-4
8140	4.33667E-4
8142	2.40601E-4
8144	6.90535E-4
8146	1.68469E-4
8148	-7.19597E-4
8150	-6.21663E-4
8152	-7.19729E-4
8154	-7.48794E-4
8156	-3.2386E-4
8158	-0.00157
8160	-0.00155
8162	-7.00058E-4
8164	-9.75232E-5
8166	-3.47494E-4
8168	1.77536E-4
8170	9.55656E-5
8172	-2.46405E-4
8174	-1.03752E-5
8176	-2.41346E-4
8178	2.80684E-4
8180	0.00127
8182	1.07743E-4
8184	6.58773E-4
8186	-8.74198E-4
8188	-6.76168E-4
8190	9.42862E-4
8192	9.90891E-4
8194	1.17921E-4
8196	8.79505E-5
8198	9.3298E-4
8200	0.00171
8202	0.00145
8204	-0.07566
8206	-0.58453
8208	-1.51448
8210	-2.58899
8212	-3.6695
8214	-4.68841
8216	-5.62208
8218	-6.46392
8220	-7.22361
8222	-7.8787
8224	-8.16073
8226	-7.85039
8228	-7.21789
8230	-6.47967
8232	-5.7357
8234	-5.02754
8236	-4.37484
8238	-3.78556
8240	-3.26023
8242	-2.79749
8244	-2.39853
8246	-2.05474
8248	-1.76109
8250	-1.51177
8252	-1.30214
8254	-1.12444
8256	-0.97523
8258	-0.84861
8260	-0.74212
8262	-0.65404
8264	-0.58018
8266	-0.51759
8268	-0.46345
8270	-0.41685
8272	-0.37558
8274	-0.34064
8276	-0.30921
8278	-0.28123
8280	-0.25715
8282	-0.23575
8284	-0.21651
8286	-0.19872
8288	-0.18342
8290	-0.16942
8292	-0.15549
8294	-0.14367
8296	-0.13254
8298	-0.12276
8300	-0.11384
8302	-0.10532
8304	-0.09731
8306	-0.08888
8308	-0.08266
8310	-0.07652
8312	-0.06995
8314	-0.06442
8316	-0.05973
8318	-0.05592
8320	-0.04963
8322	-0.04515
8324	-0.04182
8326	-0.03869
8328	-0.03692
8330	-0.03521
8332	-0.03258
8334	-0.02977
8336	-0.02884
8338	-0.0277
8340	-0.02584
8342	-0.02423
8344	-0.02422
8346	-0.02298
8348	-0.0218
8350	-0.02034
8352	-0.01968
8354	-0.01822
8356	-0.01785
8358	-0.01709
8360	-0.01608
8362	-0.01574
8364	-0.01551
8366	-0.01401
8368	-0.01203
8370	-0.01177
8372	-0.01284
8374	-0.01185
8376	-0.01116
8378	-0.01075
8380	-0.01068
8382	-0.01105
8384	-0.00983
8386	-0.00937
8388	-0.0092
8390	-0.00877
8392	-0.00957
8394	-0.01072
8396	-0.00968
8398	-0.01022
8400	-0.00955
8402	-0.00941
8404	-0.00862
8406	-0.00785
8408	-0.00714
8410	-0.00696
8412	-0.0067
8414	-0.00711
8416	-0.00728
8418	-0.00689
8420	-0.00587
8422	-0.00592
8424	-0.00589
8426	-0.006
8428	-0.00628
8430	-0.0046
8432	-0.00428
8434	-0.00596
8436	-0.00502
8438	-0.00367
8440	-0.0029
8442	-0.00308
8444	-0.00203
8446	-0.00209
8448	-0.00275
8450	-0.00224
8452	-0.00224
8454	-0.00231
8456	-0.00131
8458	-0.00159
8460	-0.00125
8462	-1.1238E-4
8464	3.84626E-4
8466	-2.54368E-4
8468	-9.34362E-4
8470	-0.00131
8472	-0.00162
8474	-0.00145
8476	-0.00107
8478	-0.00216
8480	-0.00261
8482	-0.00208
8484	-0.00321
8486	-0.00312
8488	-0.00279
8490	-0.00169
8492	-8.55026E-4
8494	-9.5451E-4
8496	-0.00139
8498	-0.0015
8500	4.20381E-5
8502	-7.74446E-4
8504	3.5707E-4
8506	0.00169
8508	0.00228
8510	0.00209
8512	0.00155
8514	2.2465E-4
8516	4.67166E-4
8518	9.16815E-5
8520	-8.47803E-4
8522	-4.21287E-4
8524	6.00229E-4
8526	0.00104
8528	6.81526E-4
8530	2.67976E-4
8532	4.62425E-4
8534	0.00144
8536	0.00169
8538	0.00294
8540	0.00195
8542	0.00168
8544	0.00126
8546	0.00101
8548	-0.06687
8550	-0.56188
8552	-1.49379
8554	-2.5827
8556	-3.68388
8558	-4.72296
8560	-5.68293
8562	-6.55134
8564	-7.32622
8566	-7.99488
8568	-8.30194
8570	-8.01173
8572	-7.38447
8574	-6.63869
8576	-5.88259
8578	-5.16059
8580	-4.49393
8582	-3.89074
8584	-3.35448
8586	-2.8825
8588	-2.47105
8590	-2.11659
8592	-1.81474
8594	-1.55905
8596	-1.34257
8598	-1.1598
8600	-1.006
8602	-0.87748
8604	-0.76925
8606	-0.67649
8608	-0.5975
8610	-0.53261
8612	-0.47745
8614	-0.42929
8616	-0.38798
8618	-0.35243
8620	-0.32079
8622	-0.29284
8624	-0.26786
8626	-0.24511
8628	-0.22528
8630	-0.2079
8632	-0.19151
8634	-0.17691
8636	-0.16382
8638	-0.15104
8640	-0.13959
8642	-0.12912
8644	-0.11932
8646	-0.11061
8648	-0.10242
8650	-0.09393
8652	-0.08806
8654	-0.08077
8656	-0.07454
8658	-0.069
8660	-0.06435
8662	-0.05953
8664	-0.05482
8666	-0.05162
8668	-0.04691
8670	-0.04397
8672	-0.04199
8674	-0.0386
8676	-0.03615
8678	-0.03332
8680	-0.03126
8682	-0.02884
8684	-0.02701
8686	-0.02528
8688	-0.0242
8690	-0.02388
8692	-0.02361
8694	-0.02223
8696	-0.0208
8698	-0.0202
8700	-0.01811
8702	-0.01768
8704	-0.01721
8706	-0.01581
8708	-0.01559
8710	-0.01326
8712	-0.01176
8714	-0.01199
8716	-0.01271
8718	-0.01173
8720	-0.01098
8722	-0.01149
8724	-0.01236
8726	-0.01158
8728	-0.0108
8730	-0.00951
8732	-0.00977
8734	-0.00978
8736	-0.00925
8738	-0.00952
8740	-0.0102
8742	-0.00884
8744	-0.00806
8746	-0.00707
8748	-0.00731
8750	-0.00826
8752	-0.00948
8754	-0.00959
8756	-0.00854
8758	-0.00822
8760	-0.00836
8762	-0.0081
8764	-0.00781
8766	-0.00684
8768	-0.0058
8770	-0.0056
8772	-0.00522
8774	-0.0049
8776	-0.005
8778	-0.00448
8780	-0.0045
8782	-0.00405
8784	-0.00428
8786	-0.00422
8788	-0.00392
8790	-0.00272
8792	-0.00227
8794	-0.00281
8796	-0.00258
8798	-0.00358
8800	-0.00379
8802	-0.00352
8804	-0.00369
8806	-0.00347
8808	-0.00304
8810	-0.0027
8812	-0.00248
8814	-0.00246
8816	-0.00136
8818	-0.00116
8820	-0.00151
8822	-0.00277
8824	-0.00105
8826	-3.78295E-4
8828	-4.08268E-4
8830	-6.4624E-4
8832	-5.32131E-5
8834	9.73814E-4
8836	2.58842E-4
8838	-5.38131E-4
8840	-7.89104E-4
8842	-5.80765E-5
8844	0.00105
8846	0.00135
8848	4.48005E-4
8850	2.38795E-4
8852	1.92203E-4
8854	6.02612E-4
8856	7.8102E-4
8858	8.75428E-4
8860	-7.30164E-4
8862	-4.69755E-4
8864	4.78653E-4
8866	-3.17939E-4
8868	6.34692E-5
8870	5.08774E-5
8872	-2.84714E-4
8874	-3.10306E-4
8876	2.84102E-4
8878	1.6351E-4
8880	1.62918E-4
8882	6.05327E-4
8884	-3.48265E-4
8886	4.33143E-4
8888	0.00226
8890	0.0017
8892	-0.05778
8894	-0.53058
8896	-1.46355
8898	-2.56324
8900	-3.68204
8902	-4.74072
8904	-5.72135
8906	-6.60327
8908	-7.39446
8910	-8.08675
8912	-8.44034
8914	-8.17459
8916	-7.54515
8918	-6.78687
8920	-6.01654
8922	-5.28061
8924	-4.6005
8926	-3.98463
8928	-3.43561
8930	-2.95235
8932	-2.53179
8934	-2.17046
8936	-1.86178
8938	-1.59878
8940	-1.37586
8942	-1.18754
8944	-1.03083
8946	-0.89802
8948	-0.78688
8950	-0.69204
8952	-0.61203
8954	-0.54436
8956	-0.48727
8958	-0.43715
8960	-0.39397
8962	-0.35671
8964	-0.32471
8966	-0.29588
8968	-0.27006
8970	-0.24881
8972	-0.22819
8974	-0.21019
8976	-0.19353
8978	-0.18006
8980	-0.168
8982	-0.15538
8984	-0.14332
8986	-0.13173
8988	-0.12139
8990	-0.11124
8992	-0.10321
8994	-0.09533
8996	-0.08813
8998	-0.08154
9000	-0.07481
9002	-0.06984
9004	-0.06472
9006	-0.05909
9008	-0.0538
9010	-0.05019
9012	-0.04677
9014	-0.04318
9016	-0.04004
9018	-0.03593
9020	-0.03406
9022	-0.0326
9024	-0.02973
9026	-0.02792
9028	-0.02659
9030	-0.02524
9032	-0.02363
9034	-0.02207
9036	-0.02124
9038	-0.02016
9040	-0.0196
9042	-0.0183
9044	-0.01708
9046	-0.01666
9048	-0.01596
9050	-0.01441
9052	-0.01388
9054	-0.01369
9056	-0.01296
9058	-0.01259
9060	-0.01209
9062	-0.01146
9064	-0.01112
9066	-0.01108
9068	-0.01013
9070	-0.01043
9072	-0.01141
9074	-0.01167
9076	-0.0112
9078	-0.01036
9080	-0.00969
9082	-0.00967
9084	-0.00812
9086	-0.00662
9088	-0.00638
9090	-0.00699
9092	-0.00715
9094	-0.00755
9096	-0.00823
9098	-0.00802
9100	-0.00815
9102	-0.00761
9104	-0.00657
9106	-0.00464
9108	-0.00465
9110	-0.00577
9112	-0.00562
9114	-0.0057
9116	-0.00459
9118	-0.00386
9120	-0.00451
9122	-0.00481
9124	-0.00452
9126	-0.00398
9128	-0.00415
9130	-0.00435
9132	-0.00431
9134	-0.00347
9136	-0.00287
9138	-0.00273
9140	-0.00266
9142	-0.00291
9144	-0.0016
9146	-0.00141
9148	-0.00148
9150	-0.00183
9152	-0.00133
9154	-0.00177
9156	-0.0017
9158	-0.00149
9160	-0.00193
9162	-0.00288
9164	-0.00204
9166	-0.00144
9168	-0.0011
9170	-0.00134
9172	-0.00179
9174	-0.00213
9176	-5.64767E-4
9178	-2.05351E-4
9180	-7.67935E-4
9182	-2.34519E-4
9184	-3.01033E-5
9186	-4.26687E-4
9188	-0.00106
9190	-6.30856E-4
9192	4.9956E-4
9194	-3.05024E-4
9196	-3.33608E-4
9198	-8.05193E-4
9200	1.69223E-4
9202	0.00141
9204	8.68055E-4
9206	-4.04529E-4
9208	-8.37113E-4
9210	-5.88698E-4
9212	-6.04282E-4
9214	1.33231E-4
9216	0.0011
9218	0.00101
9220	0.00117
9222	7.29648E-4
9224	3.55503E-4
9226	6.42357E-4
9228	0.00144
9230	0.00255
9232	0.0016
9234	9.94775E-4
9236	-0.04487
9238	-0.47809
9240	-1.39593
9242	-2.50464
9244	-3.6405
9246	-4.7242
9248	-5.72673
9250	-6.62871
9252	-7.43698
9254	-8.14538
9256	-8.54817
9258	-8.32974
9260	-7.71835
9262	-6.95864
9264	-6.17693
9266	-5.42745
9268	-4.73159
9270	-4.10117
9272	-3.53804
9274	-3.04192
9276	-2.61005
9278	-2.23825
9280	-1.92031
9282	-1.64935
9284	-1.4205
9286	-1.22587
9288	-1.06325
9290	-0.92678
9292	-0.81227
9294	-0.71503
9296	-0.63255
9298	-0.56287
9300	-0.50381
9302	-0.4527
9304	-0.40898
9306	-0.37038
9308	-0.33746
9310	-0.30967
9312	-0.28436
9314	-0.26156
9316	-0.23912
9318	-0.22026
9320	-0.20306
9322	-0.18749
9324	-0.17296
9326	-0.16015
9328	-0.14851
9330	-0.13671
9332	-0.12735
9334	-0.11875
9336	-0.1113
9338	-0.10309
9340	-0.0954
9342	-0.08862
9344	-0.08187
9346	-0.07504
9348	-0.06985
9350	-0.0653
9352	-0.06038
9354	-0.05621
9356	-0.05339
9358	-0.04933
9360	-0.04907
9362	-0.05046
9364	-0.0511
9366	-0.05012
9368	-0.0472
9370	-0.04432
9372	-0.04128
9374	-0.03853
9376	-0.03696
9378	-0.03462
9380	-0.03349
9382	-0.0308
9384	-0.02929
9386	-0.02771
9388	-0.02565
9390	-0.0252
9392	-0.02436
9394	-0.02343
9396	-0.02278
9398	-0.02217
9400	-0.02206
9402	-0.02122
9404	-0.02066
9406	-0.01909
9408	-0.01888
9410	-0.01839
9412	-0.01822
9414	-0.01792
9416	-0.01787
9418	-0.01665
9420	-0.01629
9422	-0.01667
9424	-0.01671
9426	-0.01637
9428	-0.01653
9430	-0.01594
9432	-0.0145
9434	-0.014
9436	-0.01345
9438	-0.01355
9440	-0.01363
9442	-0.01345
9444	-0.01294
9446	-0.01335
9448	-0.01309
9450	-0.01262
9452	-0.01184
9454	-0.01197
9456	-0.01117
9458	-0.01098
9460	-0.01003
9462	-0.00931
9464	-0.00834
9466	-0.00699
9468	-0.00691
9470	-0.00681
9472	-0.00658
9474	-0.00687
9476	-0.00652
9478	-0.00651
9480	-0.00637
9482	-0.00777
9484	-0.00775
9486	-0.00702
9488	-0.00754
9490	-0.00751
9492	-0.00682
9494	-0.00569
9496	-0.00452
9498	-0.00343
9500	-0.00364
9502	-0.00479
9504	-0.00459
9506	-0.00386
9508	-0.00358
9510	-0.0032
9512	-0.00359
9514	-0.00265
9516	-0.00171
9518	-0.00225
9520	-0.00235
9522	-0.00149
9524	-0.00163
9526	-0.00266
9528	-0.00298
9530	-0.00336
9532	-0.00345
9534	-0.00222
9536	-0.00201
9538	-0.00244
9540	-0.00232
9542	-0.00187
9544	-0.00115
9546	-5.13794E-4
9548	-6.98892E-4
9550	2.62009E-4
9552	7.9691E-4
9554	0.0011
9556	0.00178
9558	6.38615E-4
9560	-0.00105
9562	-8.49583E-4
9564	-3.05681E-4
9566	2.4822E-4
9568	1.01213E-5
9570	4.66023E-4
9572	7.65924E-4
9574	0.00158
9576	8.83727E-4
9578	5.07214E-4
9580	-0.03298
9582	-0.42468
9584	-1.32146
9586	-2.4316
9588	-3.57834
9590	-4.67973
9592	-5.70535
9594	-6.63271
9596	-7.46558
9598	-8.19965
9600	-8.64172
9602	-8.45443
9604	-7.85
9606	-7.08551
9608	-6.29505
9610	-5.53339
9612	-4.82565
9614	-4.18282
9616	-3.60932
9618	-3.10453
9620	-2.66438
9622	-2.28322
9624	-1.95931
9626	-1.68344
9628	-1.44991
9630	-1.25206
9632	-1.08554
9634	-0.94569
9636	-0.82688
9638	-0.72769
9640	-0.6441
9642	-0.57394
9644	-0.51421
9646	-0.46249
9648	-0.41852
9650	-0.37978
9652	-0.34549
9654	-0.31476
9656	-0.28726
9658	-0.26362
9660	-0.24404
9662	-0.22425
9664	-0.20624
9666	-0.19002
9668	-0.17601
9670	-0.16257
9672	-0.14909
9674	-0.13685
9676	-0.12633
9678	-0.11676
9680	-0.10818
9682	-0.1
9684	-0.09178
9686	-0.0851
9688	-0.07858
9690	-0.07265
9692	-0.0677
9694	-0.06226
9696	-0.05688
9698	-0.0529
9700	-0.05009
9702	-0.04685
9704	-0.04378
9706	-0.04117
9708	-0.03978
9710	-0.03745
9712	-0.03502
9714	-0.03245
9716	-0.03104
9718	-0.0285
9720	-0.02638
9722	-0.0248
9724	-0.02298
9726	-0.02299
9728	-0.02236
9730	-0.0224
9732	-0.02175
9734	-0.01949
9736	-0.01865
9738	-0.01822
9740	-0.01762
9742	-0.01745
9744	-0.01644
9746	-0.01347
9748	-0.01225
9750	-0.01114
9752	-0.01155
9754	-0.01195
9756	-0.01177
9758	-0.01046
9760	-0.01008
9762	-0.01005
9764	-0.00919
9766	-0.00774
9768	-0.00793
9770	-0.00848
9772	-0.00839
9774	-0.00897
9776	-0.00935
9778	-0.00785
9780	-0.00737
9782	-0.00765
9784	-0.0083
9786	-0.00825
9788	-0.00909
9790	-0.0093
9792	-0.00936
9794	-0.009
9796	-0.00931
9798	-0.00908
9800	-0.00795
9802	-0.00706
9804	-0.00633
9806	-0.00615
9808	-0.00609
9810	-0.00639
9812	-0.00635
9814	-0.0051
9816	-0.00349
9818	-0.00451
9820	-0.00332
9822	-0.00289
9824	-0.00337
9826	-0.00322
9828	-0.00339
9830	-0.00267
9832	-0.00258
9834	-0.00151
9836	-0.00153
9838	-0.00251
9840	-0.00255
9842	-0.00191
9844	-8.7443E-4
9846	-0.00213
9848	-0.00283
9850	-0.00304
9852	-0.00306
9854	-0.00213
9856	-0.0017
9858	-0.00217
9860	-0.00245
9862	-0.00267
9864	-0.00195
9866	-9.43466E-4
9868	-0.00137
9870	-0.00124
9872	-0.00107
9874	-0.00119
9876	-0.00202
9878	-0.0017
9880	-0.00122
9882	-0.00228
9884	-0.00225
9886	-0.002
9888	-0.00169
9890	-0.00105
9892	-6.17329E-4
9894	7.97835E-4
9896	0.00106
9898	6.92164E-4
9900	0.0016
9902	0.00279
9904	0.00324
9906	0.00327
9908	0.00254
9910	0.00272
9912	0.00306
9914	0.00261
9916	0.00245
9918	0.003
9920	0.00253
9922	0.00121
9924	-0.02788
9926	-0.39176
9928	-1.27409
9930	-2.39065
9932	-3.55332
9934	-4.6692
9936	-5.71054
9938	-6.65947
9940	-7.51479
9942	-8.26715
9944	-8.77192
9946	-8.65412
9948	-8.07774
9950	-7.31089
9952	-6.50625
9954	-5.72852
9956	-5.0028
9958	-4.34125
9960	-3.74875
9962	-3.22649
9964	-2.77133
9966	-2.37655
9968	-2.03901
9970	-1.7516
9972	-1.50826
9974	-1.30284
9976	-1.13024
9978	-0.98366
9980	-0.8613
9982	-0.7578
9984	-0.67051
9986	-0.59678
9988	-0.53379
9990	-0.48061
9992	-0.43379
9994	-0.39371
9996	-0.35884
9998	-0.32794
10000	-0.30026
10002	-0.276
10004	-0.25442
10006	-0.23549
10008	-0.2169
10010	-0.20139
10012	-0.1855
10014	-0.17122
10016	-0.15894
10018	-0.14712
10020	-0.13582
10022	-0.12549
10024	-0.1166
10026	-0.10866
10028	-0.09997
10030	-0.09264
10032	-0.08535
10034	-0.07909
10036	-0.07356
10038	-0.06866
10040	-0.06447
10042	-0.06107
10044	-0.05735
10046	-0.0541
10048	-0.05088
10050	-0.04742
10052	-0.04489
10054	-0.04122
10056	-0.03756
10058	-0.03671
10060	-0.03643
10062	-0.03429
10064	-0.03257
10066	-0.0313
10068	-0.02934
10070	-0.02839
10072	-0.02761
10074	-0.0254
10076	-0.02385
10078	-0.02213
10080	-0.02083
10082	-0.01859
10084	-0.01815
10086	-0.01906
10088	-0.01763
10090	-0.01658
10092	-0.01586
10094	-0.01616
10096	-0.01391
10098	-0.01344
10100	-0.01414
10102	-0.01445
10104	-0.01414
10106	-0.01289
10108	-0.01304
10110	-0.01382
10112	-0.01465
10114	-0.01427
10116	-0.01306
10118	-0.0114
10120	-0.01221
10122	-0.01189
10124	-0.01181
10126	-0.01204
10128	-0.01293
10130	-0.0118
10132	-0.01182
10134	-0.01141
10136	-0.01066
10138	-0.00958
10140	-0.00896
10142	-0.00868
10144	-0.00796
10146	-0.0082
10148	-0.00797
10150	-0.00825
10152	-0.00794
10154	-0.00732
10156	-0.00797
10158	-0.00807
10160	-0.00806
10162	-0.00831
10164	-0.00734
10166	-0.00808
10168	-0.00851
10170	-0.00876
10172	-0.00751
10174	-0.00842
10176	-0.00789
10178	-0.0079
10180	-0.00734
10182	-0.00727
10184	-0.00639
10186	-0.00633
10188	-0.00613
10190	-0.0057
10192	-0.0062
10194	-0.00675
10196	-0.0059
10198	-0.00513
10200	-0.00564
10202	-0.00702
10204	-0.00618
10206	-0.00563
10208	-0.00546
10210	-0.00522
10212	-0.00454
10214	-0.0053
10216	-0.00383
10218	-0.00245
10220	-0.00306
10222	-0.00302
10224	-0.00135
10226	-4.15468E-4
10228	4.21847E-4
10230	-1.90839E-4
10232	2.44751E-5
10234	1.42789E-4
10236	-2.55896E-4
10238	2.84418E-4
10240	-3.60268E-4
10242	-0.00231
10244	-0.00131
10246	-0.00142
10248	-4.10011E-4
10250	4.73034E-5
10252	-0.00111
10254	-0.001
10256	-0.00109
10258	-0.00123
10260	-0.00138
10262	5.02189E-4
10264	0.00176
