time	cp
2	-0.00153
4	-0.00181
6	-0.0019
8	-0.00226
10	-0.00168
12	-7.35296E-4
14	-0.00123
16	-0.002
18	-0.00138
20	-0.00121
22	-0.00119
24	-6.46317E-4
26	3.70179E-4
28	8.46676E-4
30	-5.58828E-4
32	-0.00221
34	-0.00226
36	-0.00267
38	-0.00222
40	-4.41346E-4
42	-3.0185E-4
44	-6.31353E-4
46	2.98143E-4
48	-2.6036E-4
50	-0.00178
52	-0.00147
54	-6.16871E-4
56	-0.0013
58	-0.00171
60	-7.32382E-4
62	1.41146E-5
64	6.93611E-4
66	0.00233
68	0.02317
70	0.06816
72	0.12785
74	0.19601
76	0.26437
78	0.32922
80	0.3871
82	0.44184
84	0.48861
86	0.51112
88	0.50211
90	0.47233
92	0.43327
94	0.39094
96	0.34816
98	0.30866
100	0.27066
102	0.23642
104	0.20629
106	0.17929
108	0.15659
110	0.13644
112	0.11895
114	0.10432
116	0.09147
118	0.07993
120	0.07127
122	0.06405
124	0.0578
126	0.05162
128	0.04511
130	0.0397
132	0.03555
134	0.03212
136	0.02947
138	0.02699
140	0.02541
142	0.02433
144	0.02276
146	0.01976
148	0.01855
150	0.01809
152	0.01746
154	0.01551
156	0.0137
158	0.013
160	0.0124
162	0.01042
164	0.00955
166	0.00957
168	0.00892
170	0.0082
172	0.00693
174	0.00679
176	0.00673
178	0.00654
180	0.00604
182	0.00609
184	0.00625
186	0.00533
188	0.00432
190	0.00434
192	0.00451
194	0.00504
196	0.0056
198	0.00549
200	0.00494
202	0.00575
204	0.00651
206	0.00665
208	0.00612
210	0.00459
212	0.00373
214	0.00484
216	0.00523
218	0.00521
220	0.00433
222	0.00323
224	0.00347
226	0.00365
228	0.00322
230	0.00253
232	0.00198
234	0.00124
236	0.00103
238	-8.5937E-5
240	-3.62857E-4
242	-0.00104
244	-9.45968E-4
246	-8.15195E-4
248	-0.00111
250	-0.00229
252	-0.00147
254	-5.39102E-4
256	-0.00196
258	-0.00121
260	2.13218E-4
262	7.01991E-4
264	0.00134
266	0.00105
268	-7.13689E-4
270	-4.87163E-4
272	1.92473E-4
274	2.73108E-4
276	4.79744E-4
278	6.96379E-4
280	0.00149
282	0.001
284	-4.65715E-4
286	-9.32079E-4
288	-0.00153
290	0.00653
292	0.04229
294	0.10068
296	0.16944
298	0.23926
300	0.30806
302	0.37117
304	0.42887
306	0.48226
308	0.526
310	0.54692
312	0.53519
314	0.50286
316	0.46079
318	0.41542
320	0.36957
322	0.32724
324	0.28815
326	0.25285
328	0.2205
330	0.19222
332	0.16767
334	0.14575
336	0.12765
338	0.11136
340	0.09648
342	0.0849
344	0.07636
346	0.06692
348	0.05973
350	0.05404
352	0.04808
354	0.04326
356	0.03836
358	0.03404
360	0.03064
362	0.02833
364	0.02654
366	0.02517
368	0.02296
370	0.02063
372	0.01857
374	0.01696
376	0.01587
378	0.01485
380	0.01416
382	0.01234
384	0.01068
386	0.00965
388	0.00897
390	0.00794
392	0.00836
394	0.00804
396	0.0076
398	0.0081
400	0.00689
402	0.00525
404	0.00437
406	0.00322
408	0.0028
410	0.00341
412	0.00521
414	0.00465
416	0.00358
418	0.00351
420	0.00305
422	0.00162
424	7.72917E-4
426	6.30812E-4
428	-8.55293E-4
430	-0.00115
432	-0.00103
434	-0.0016
436	-0.00146
438	-0.00152
440	-0.00184
442	-6.15028E-4
444	7.4867E-5
446	4.91762E-4
448	-3.40343E-4
450	-2.49448E-4
452	-2.63553E-4
454	4.33419E-5
456	-7.43763E-4
458	-0.00175
460	-6.03973E-4
462	-7.07078E-4
464	-6.31183E-4
466	-5.85288E-4
468	-2.71393E-4
470	9.15017E-5
472	-1.24603E-4
474	-7.57083E-5
476	4.17187E-4
478	0.00105
480	0.00137
482	2.49872E-4
484	9.31865E-4
486	0.00111
488	7.68787E-4
490	3.66749E-4
492	1.4071E-4
494	-4.11328E-4
496	1.06633E-4
498	9.67595E-4
500	1.05556E-4
502	9.05517E-4
504	0.00123
506	0.0012
508	9.67402E-4
510	0.00152
512	9.90819E-4
514	0.00731
516	0.04156
518	0.0988
520	0.16903
522	0.2418
524	0.311
526	0.37519
528	0.43628
530	0.49114
532	0.5378
534	0.56054
536	0.5504
538	0.51858
540	0.47656
542	0.42931
544	0.38193
546	0.33802
548	0.29692
550	0.2598
552	0.22726
554	0.19873
556	0.1727
558	0.14973
560	0.13115
562	0.11475
564	0.10148
566	0.08941
568	0.07912
570	0.06955
572	0.06055
574	0.05371
576	0.04951
578	0.04501
580	0.03975
582	0.03601
584	0.03149
586	0.02755
588	0.02587
590	0.02335
592	0.02122
594	0.02054
596	0.01815
598	0.01639
600	0.01498
602	0.01415
604	0.01266
606	0.0116
608	0.01055
610	0.00938
612	0.00849
614	0.00762
616	0.00789
618	0.00678
620	0.00649
622	0.00451
624	0.00244
626	0.00244
628	0.00318
630	0.00225
632	6.55243E-4
634	0.00215
636	0.00257
638	0.00381
640	0.00359
642	0.00417
644	0.00482
646	0.00419
648	0.0035
650	0.00247
652	0.00106
654	-3.18613E-4
656	-5.44873E-4
658	-9.33132E-4
660	-6.21392E-4
662	-7.78652E-4
664	-0.00133
666	-1.61709E-5
668	2.05695E-5
670	6.6731E-4
672	0.0011
674	4.03791E-4
676	4.96531E-4
678	-0.00117
680	-0.00101
682	2.07752E-4
684	6.68492E-4
686	-4.27767E-4
688	-0.00124
690	-0.00162
692	-0.00174
694	-0.00172
696	-0.00181
698	-2.26144E-4
700	5.26938E-4
702	2.2802E-4
704	3.14102E-4
706	0.001
708	0.00157
710	9.85348E-4
712	9.2943E-4
714	6.53512E-4
716	1.59372E-6
718	-2.29324E-4
720	3.44758E-4
722	2.84839E-4
724	-6.06581E-4
726	-0.00101
728	-2.92778E-4
730	2.22624E-4
732	1.88025E-4
734	3.73427E-4
736	2.21829E-4
738	0.00663
740	0.04163
742	0.10104
744	0.17262
746	0.24657
748	0.31889
750	0.38797
752	0.45066
754	0.50743
756	0.55648
758	0.58106
760	0.57051
762	0.53863
764	0.49337
766	0.44565
768	0.39766
770	0.35208
772	0.30934
774	0.27182
776	0.23711
778	0.20715
780	0.18134
782	0.15765
784	0.13786
786	0.12085
788	0.10663
790	0.0945
792	0.08389
794	0.07517
796	0.06686
798	0.05969
800	0.05349
802	0.04844
804	0.0429
806	0.03789
808	0.03438
810	0.032
812	0.02957
814	0.02712
816	0.02439
818	0.02137
820	0.01979
822	0.01889
824	0.01772
826	0.01516
828	0.01445
830	0.01422
832	0.01326
834	0.01167
836	0.01069
838	0.00898
840	0.00871
842	0.00875
844	0.00712
846	0.00691
848	0.00501
850	0.00436
852	0.00374
854	0.00371
856	0.00316
858	0.00317
860	0.00307
862	0.00284
864	0.00193
866	0.00269
868	0.00265
870	0.00296
872	0.0031
874	0.0018
876	9.31657E-4
878	2.5798E-5
880	-2.61061E-4
882	-6.4092E-4
884	-2.8978E-4
886	9.45361E-4
888	0.00265
890	0.00248
892	0.00333
894	0.0025
896	0.00192
898	0.00103
900	1.03472E-5
902	4.11488E-4
904	0.00119
906	9.0977E-4
908	9.17911E-4
910	-3.48657E-4
912	-4.40446E-4
914	-0.00179
916	-0.002
918	-0.00208
920	-0.00211
922	-0.00133
924	-7.47176E-4
926	-5.01965E-4
928	7.64247E-4
930	8.48458E-4
932	2.3967E-4
934	4.46881E-4
936	0.00167
938	8.44772E-4
940	-8.19059E-5
942	-8.50583E-4
944	-4.97261E-4
946	4.90062E-4
948	6.18384E-4
950	6.57066E-5
952	-4.40971E-4
954	8.19352E-4
956	5.62674E-4
958	7.30997E-4
960	4.16319E-4
962	0.007
964	0.04048
966	0.10289
968	0.17609
970	0.25295
972	0.32752
974	0.39753
976	0.46274
978	0.52233
980	0.57636
982	0.60618
984	0.59807
986	0.5649
988	0.51986
990	0.46962
992	0.41865
994	0.37018
996	0.32731
998	0.28884
1000	0.25297
1002	0.22092
1004	0.19195
1006	0.16606
1008	0.14596
1010	0.12906
1012	0.1138
1014	0.09982
1016	0.08795
1018	0.07838
1020	0.06984
1022	0.06235
1024	0.0567
1026	0.04958
1028	0.04386
1030	0.04059
1032	0.03749
1034	0.03382
1036	0.03008
1038	0.02749
1040	0.02497
1042	0.02265
1044	0.0204
1046	0.0182
1048	0.01634
1050	0.01587
1052	0.01512
1054	0.01437
1056	0.01417
1058	0.01318
1060	0.01146
1062	0.00925
1064	0.0083
1066	0.00816
1068	0.00743
1070	0.0053
1072	0.00557
1074	0.00598
1076	0.00555
1078	0.00528
1080	0.00404
1082	0.00243
1084	0.00266
1086	0.00345
1088	0.00293
1090	0.00279
1092	0.00374
1094	0.0041
1096	0.00392
1098	0.00382
1100	0.00289
1102	0.00321
1104	0.00236
1106	0.00184
1108	0.00109
1110	0.00159
1112	0.00199
1114	1.0537E-4
1116	0.00107
1118	0.0012
1120	0.00193
1122	0.00311
1124	0.00251
1126	0.00209
1128	0.00192
1130	0.00289
1132	0.00305
1134	0.00282
1136	0.00264
1138	0.00187
1140	0.00132
1142	0.00169
1144	0.00163
1146	0.00279
1148	0.00343
1150	0.00281
1152	0.00147
1154	0.00235
1156	0.00239
1158	0.00262
1160	0.00252
1162	0.00197
1164	7.82466E-4
1166	-1.47496E-4
1168	-5.20458E-4
1170	-5.9542E-4
1172	-5.84382E-4
1174	4.13656E-4
1176	9.85694E-4
1178	5.04973E-4
1180	0.00137
1182	0.00165
1184	0.00131
1186	0.00784
1188	0.04345
1190	0.10663
1192	0.18524
1194	0.26969
1196	0.35143
1198	0.42953
1200	0.50205
1202	0.56844
1204	0.62768
1206	0.66001
1208	0.65147
1210	0.61748
1212	0.56754
1214	0.51189
1216	0.45498
1218	0.40357
1220	0.35492
1222	0.31157
1224	0.2731
1226	0.23783
1228	0.20748
1230	0.1823
1232	0.1597
1234	0.13882
1236	0.12279
1238	0.10857
1240	0.09588
1242	0.08459
1244	0.07583
1246	0.06865
1248	0.05975
1250	0.05402
1252	0.04828
1254	0.04289
1256	0.03812
1258	0.03581
1260	0.03397
1262	0.03084
1264	0.02826
1266	0.02523
1268	0.0229
1270	0.02191
1272	0.02125
1274	0.01984
1276	0.01818
1278	0.01697
1280	0.01492
1282	0.01231
1284	0.0106
1286	0.0097
1288	0.00945
1290	0.00796
1292	0.00613
1294	0.00477
1296	0.00488
1298	0.0054
1300	0.00484
1302	0.0039
1304	0.00369
1306	0.00401
1308	0.00381
1310	0.00214
1312	0.00141
1314	0.00175
1316	0.00173
1318	8.97422E-4
1320	7.41461E-4
1322	-2.12501E-4
1324	-3.97462E-4
1326	9.30576E-4
1328	0.00154
1330	4.63653E-4
1332	7.13692E-4
1334	-2.6027E-4
1336	-0.00147
1338	-0.00187
1340	-0.00249
1342	-0.00205
1344	-0.00143
1346	-3.18032E-4
1348	-9.0939E-4
1350	-6.43747E-4
1352	5.44896E-4
1354	0.00133
1356	3.65181E-4
1358	-4.90176E-4
1360	-0.00149
1362	-8.63891E-4
1364	-7.73228E-4
1366	-5.12427E-4
1368	-9.44627E-4
1370	-0.00166
1372	-3.51026E-4
1374	-8.68225E-4
1376	-0.00154
1378	-0.00105
1380	-3.43824E-4
1382	0.00167
1384	0.00113
1386	8.93578E-4
1388	0.0015
1390	3.29179E-4
1392	-0.00184
1394	-0.00123
1396	-6.35266E-4
1398	-6.79139E-4
1400	-7.01013E-4
1402	-0.00185
1404	-0.00185
1406	-0.00213
1408	-9.05507E-4
1410	0.00547
1412	0.04292
1414	0.11308
1416	0.20013
1418	0.29269
1420	0.38515
1422	0.47283
1424	0.55411
1426	0.6299
1428	0.69862
1430	0.74021
1432	0.73454
1434	0.69649
1436	0.6409
1438	0.58017
1440	0.51948
1442	0.46028
1444	0.4048
1446	0.35451
1448	0.30922
1450	0.26873
1452	0.23381
1454	0.20493
1456	0.17961
1458	0.15689
1460	0.13885
1462	0.12272
1464	0.10888
1466	0.09722
1468	0.0866
1470	0.07626
1472	0.06774
1474	0.06001
1476	0.05412
1478	0.04917
1480	0.04363
1482	0.03944
1484	0.03713
1486	0.03416
1488	0.0308
1490	0.02931
1492	0.02697
1494	0.02375
1496	0.02147
1498	0.01858
1500	0.01764
1502	0.01672
1504	0.01565
1506	0.0149
1508	0.0146
1510	0.01324
1512	0.01196
1514	0.01065
1516	0.01109
1518	0.00999
1520	0.00807
1522	0.00709
1524	0.00672
1526	0.0053
1528	0.00621
1530	0.0042
1532	0.00372
1534	0.00411
1536	0.00349
1538	0.00376
1540	0.00479
1542	0.0034
1544	0.00245
1546	0.0043
1548	0.00349
1550	0.00256
1552	0.00153
1554	0.00216
1556	0.00212
1558	0.00222
1560	0.00206
1562	0.00174
1564	0.0015
1566	8.62217E-6
1568	7.44528E-5
1570	7.12835E-5
1572	4.00114E-4
1574	2.84945E-4
1576	-0.00106
1578	-7.86394E-4
1580	-0.00106
1582	-2.10733E-4
1584	-3.50902E-4
1586	-6.30071E-4
1588	7.51759E-4
1590	-9.64101E-5
1592	2.77421E-4
1594	-2.84749E-4
1596	-3.04918E-4
1598	5.44913E-4
1600	-7.16257E-4
1602	-0.0019
1604	6.26898E-5
1606	9.0427E-4
1608	-1.9115E-4
1610	3.15431E-4
1612	-2.43989E-4
1614	-0.00171
1616	-4.32828E-4
1618	-0.00134
1620	-0.00157
1622	-0.00169
1624	-0.00232
1626	-0.0025
1628	-0.00227
1630	-9.57766E-4
1632	3.57715E-4
1634	0.00597
1636	0.04658
1638	0.12689
1640	0.22543
1642	0.33195
1644	0.43779
1646	0.5385
1648	0.63207
1650	0.71826
1652	0.79785
1654	0.84713
1656	0.84057
1658	0.79849
1660	0.73379
1662	0.6619
1664	0.59125
1666	0.523
1668	0.45951
1670	0.40383
1672	0.35454
1674	0.30902
1676	0.26844
1678	0.23367
1680	0.20527
1682	0.18049
1684	0.16008
1686	0.13957
1688	0.1211
1690	0.10636
1692	0.09573
1694	0.08654
1696	0.07746
1698	0.06892
1700	0.06342
1702	0.05722
1704	0.05289
1706	0.0487
1708	0.04485
1710	0.0422
1712	0.03923
1714	0.03383
1716	0.03077
1718	0.02776
1720	0.02379
1722	0.02194
1724	0.02053
1726	0.01891
1728	0.01713
1730	0.01685
1732	0.01563
1734	0.01371
1736	0.01259
1738	0.01118
1740	0.00946
1742	0.00954
1744	0.00887
1746	0.00866
1748	0.00829
1750	0.00743
1752	0.00586
1754	0.00615
1756	0.006
1758	0.00519
1760	0.00547
1762	0.00554
1764	0.00465
1766	0.00587
1768	0.00437
1770	0.00364
1772	0.00197
1774	-0.00104
1776	-0.00113
1778	-1.31818E-4
1780	2.97949E-4
1782	3.92717E-4
1784	0.00149
1786	3.32252E-4
1788	9.7102E-4
1790	3.99788E-4
1792	-8.98445E-4
1794	-0.00233
1796	-0.00188
1798	-0.00243
1800	-0.00396
1802	-0.0031
1804	-0.00248
1806	-0.00211
1808	-0.00227
1810	-0.00185
1812	-0.00145
1814	-0.00179
1816	-0.00188
1818	-0.00306
1820	-0.00307
1822	-0.00179
1824	-0.0025
1826	-0.00108
1828	-6.35491E-4
1830	-0.00123
1832	-1.58491E-6
1834	8.65368E-4
1836	0.002
1838	0.00118
1840	0.00103
1842	-8.81931E-6
1844	-4.86716E-4
1846	-2.01427E-4
1848	6.37863E-4
1850	-2.84847E-4
1852	3.54443E-4
1854	1.07323E-5
1856	9.18022E-4
1858	0.00646
1860	0.05047
1862	0.13957
1864	0.25048
1866	0.37139
1868	0.49128
1870	0.60363
1872	0.70848
1874	0.80581
1876	0.89393
1878	0.95066
1880	0.94562
1882	0.89662
1884	0.82495
1886	0.74592
1888	0.66751
1890	0.59158
1892	0.52052
1894	0.45515
1896	0.39719
1898	0.34727
1900	0.30203
1902	0.26296
1904	0.23067
1906	0.20089
1908	0.17505
1910	0.15394
1912	0.13674
1914	0.12152
1916	0.10857
1918	0.09692
1920	0.08726
1922	0.07723
1924	0.06922
1926	0.06325
1928	0.05724
1930	0.05245
1932	0.04871
1934	0.04295
1936	0.03844
1938	0.0356
1940	0.03315
1942	0.02998
1944	0.0272
1946	0.02561
1948	0.02409
1950	0.02076
1952	0.01794
1954	0.01739
1956	0.01568
1958	0.01415
1960	0.01206
1962	0.01152
1964	0.01088
1966	0.01022
1968	0.00941
1970	0.00817
1972	0.00776
1974	0.00747
1976	0.00678
1978	0.00563
1980	0.00452
1982	0.00302
1984	0.00328
1986	0.00414
1988	0.00425
1990	0.00335
1992	0.00332
1994	0.00414
1996	0.00431
1998	0.00462
2000	0.00288
2002	0.00183
2004	0.0022
2006	8.38682E-4
2008	-4.56327E-4
2010	-2.39336E-4
2012	-2.94345E-4
2014	6.80645E-4
2016	9.59636E-4
2018	0.0019
2020	0.00131
2022	0.0013
2024	0.00209
2026	0.00252
2028	0.00197
2030	0.00331
2032	0.00337
2034	0.0032
2036	0.0026
2038	0.00172
2040	0.00197
2042	0.00139
2044	0.00131
2046	3.91914E-4
2048	0.00167
2050	0.00206
2052	6.73522E-4
2054	-4.04608E-4
2056	-5.14738E-4
2058	1.30804E-4
2060	7.47561E-5
2062	3.09709E-4
2064	-1.24339E-4
2066	9.06614E-4
2068	6.48567E-4
2070	6.45191E-5
2072	-1.13528E-4
2074	2.48424E-4
2076	1.65377E-4
2078	-9.46705E-5
2080	-8.67179E-5
2082	0.00655
2084	0.05685
2086	0.15318
2088	0.27587
2090	0.41017
2092	0.54187
2094	0.66666
2096	0.78146
2098	0.8858
2100	0.97965
2102	1.04097
2104	1.03591
2106	0.98152
2108	0.9026
2110	0.81777
2112	0.73021
2114	0.64517
2116	0.56855
2118	0.49903
2120	0.43571
2122	0.37918
2124	0.32861
2126	0.28458
2128	0.2491
2130	0.21741
2132	0.19139
2134	0.17059
2136	0.15077
2138	0.13422
2140	0.11979
2142	0.10689
2144	0.09566
2146	0.08545
2148	0.07581
2150	0.06821
2152	0.06277
2154	0.05746
2156	0.05307
2158	0.04879
2160	0.04428
2162	0.03982
2164	0.03583
2166	0.03381
2168	0.0314
2170	0.02973
2172	0.02742
2174	0.02576
2176	0.02433
2178	0.02323
2180	0.02252
2182	0.01976
2184	0.01642
2186	0.01547
2188	0.01379
2190	0.01296
2192	0.01291
2194	0.0126
2196	0.01218
2198	0.01123
2200	0.00893
2202	0.00812
2204	0.00886
2206	0.00812
2208	0.0063
2210	0.00591
2212	0.00571
2214	0.00546
2216	0.00606
2218	0.00596
2220	0.00515
2222	0.00566
2224	0.00543
2226	0.00501
2228	0.00516
2230	0.00568
2232	0.00392
2234	0.00269
2236	0.0024
2238	0.0032
2240	0.00359
2242	0.00225
2244	0.00234
2246	0.00272
2248	0.00233
2250	0.00266
2252	0.00302
2254	0.00196
2256	0.00214
2258	0.00175
2260	0.0023
2262	0.00245
2264	0.00225
2266	0.00192
2268	0.00277
2270	0.00255
2272	5.58299E-4
2274	2.42275E-4
2276	-3.02748E-4
2278	0.00124
2280	0.00125
2282	1.6518E-4
2284	-4.28844E-4
2286	-1.44868E-4
2288	-2.16892E-4
2290	-7.55916E-4
2292	3.7506E-4
2294	0.00107
2296	3.57013E-4
2298	-1.59167E-4
2300	4.53049E-4
2302	7.29265E-4
2304	7.54481E-4
2306	0.00686
2308	0.05816
2310	0.16075
2312	0.29077
2314	0.43457
2316	0.57661
2318	0.70795
2320	0.82915
2322	0.93646
2324	1.03264
2326	1.09478
2328	1.08878
2330	1.03146
2332	0.95056
2334	0.85968
2336	0.76847
2338	0.6794
2340	0.59569
2342	0.52168
2344	0.45524
2346	0.39566
2348	0.34421
2350	0.3004
2352	0.26256
2354	0.23081
2356	0.20287
2358	0.17696
2360	0.15478
2362	0.13655
2364	0.12235
2366	0.1103
2368	0.09928
2370	0.08861
2372	0.0796
2374	0.07228
2376	0.06741
2378	0.06074
2380	0.05517
2382	0.05102
2384	0.04752
2386	0.04226
2388	0.03834
2390	0.0357
2392	0.03274
2394	0.03008
2396	0.02876
2398	0.02709
2400	0.0252
2402	0.02238
2404	0.01921
2406	0.0177
2408	0.01638
2410	0.01653
2412	0.01617
2414	0.01392
2416	0.01163
2418	0.01212
2420	0.01058
2422	0.00911
2424	0.00754
2426	0.00738
2428	0.00782
2430	0.00797
2432	0.00778
2434	0.00523
2436	0.00391
2438	0.0037
2440	0.00357
2442	0.00333
2444	0.00262
2446	0.00169
2448	0.00235
2450	0.004
2452	0.0039
2454	0.00302
2456	8.48253E-4
2458	-4.0883E-5
2460	8.69365E-4
2462	0.00155
2464	2.99861E-4
2466	3.86109E-4
2468	-2.14643E-4
2470	-0.00248
2472	-0.00199
2474	-0.00148
2476	-7.06651E-4
2478	-4.07403E-4
2480	-0.00103
2482	-1.51907E-4
2484	-1.25659E-4
2486	2.0594E-4
2488	3.88032E-4
2490	-2.98876E-4
2492	4.30216E-4
2494	6.25308E-4
2496	0.00123
2498	-7.68508E-4
2500	-0.00107
2502	0.00169
2504	0.0026
2506	0.00136
2508	5.89952E-4
2510	-5.01956E-4
2512	2.40593E-4
2514	-7.33405E-4
2516	2.70597E-4
2518	6.87599E-4
2520	-1.38399E-4
2522	-3.23397E-4
2524	-0.00177
2526	-0.00107
2528	4.70609E-4
2530	0.0056
2532	0.05404
2534	0.1578
2536	0.29301
2538	0.44005
2540	0.584
2542	0.71887
2544	0.84095
2546	0.94994
2548	1.04703
2550	1.11145
2552	1.10683
2554	1.05095
2556	0.96801
2558	0.87626
2560	0.78331
2562	0.69387
2564	0.61037
2566	0.53437
2568	0.46717
2570	0.40786
2572	0.3555
2574	0.31002
2576	0.27089
2578	0.23577
2580	0.20613
2582	0.18206
2584	0.16148
2586	0.14302
2588	0.12603
2590	0.11117
2592	0.09976
2594	0.09043
2596	0.0826
2598	0.07547
2600	0.06896
2602	0.06209
2604	0.05575
2606	0.05113
2608	0.04762
2610	0.04378
2612	0.03873
2614	0.03437
2616	0.03261
2618	0.03043
2620	0.02727
2622	0.0233
2624	0.02094
2626	0.02007
2628	0.01847
2630	0.01892
2632	0.01764
2634	0.0151
2636	0.01425
2638	0.01416
2640	0.01379
2642	0.01222
2644	0.01008
2646	0.0112
2648	0.01133
2650	0.01288
2652	0.0128
2654	0.01045
2656	0.00985
2658	0.00936
2660	0.00736
2662	0.00737
2664	0.00653
2666	0.0056
2668	0.00534
2670	0.00462
2672	0.00338
2674	0.00233
2676	0.00333
2678	0.00352
2680	0.00289
2682	0.00262
2684	0.00206
2686	0.00294
2688	0.00491
2690	0.0052
2692	0.00374
2694	0.00347
2696	0.00352
2698	0.00237
2700	0.00155
2702	6.23709E-4
2704	5.75935E-4
2706	0.0015
2708	-1.23615E-4
2710	-4.13893E-5
2712	5.23836E-4
2714	0.00207
2716	0.00192
2718	8.03512E-4
2720	0.00163
2722	0.0026
2724	0.00125
2726	0.00162
2728	0.00128
2730	0.00125
2732	7.4524E-4
2734	-4.11799E-4
2736	-9.78378E-5
2738	9.97123E-4
2740	0.00129
2742	0.00145
2744	0.00192
2746	0.00318
2748	0.00194
2750	0.00244
2752	0.00245
2754	0.00655
2756	0.05098
2758	0.15325
2760	0.28759
2762	0.4319
2764	0.57452
2766	0.70923
2768	0.82972
2770	0.93952
2772	1.03517
2774	1.10138
2776	1.09953
2778	1.04479
2780	0.96322
2782	0.8713
2784	0.77894
2786	0.69077
2788	0.60875
2790	0.53138
2792	0.46434
2794	0.40433
2796	0.35115
2798	0.30635
2800	0.268
2802	0.23462
2804	0.20603
2806	0.18005
2808	0.15744
2810	0.13748
2812	0.12101
2814	0.10769
2816	0.09543
2818	0.08555
2820	0.07736
2822	0.07072
2824	0.06358
2826	0.05773
2828	0.05371
2830	0.04955
2832	0.0456
2834	0.04165
2836	0.03684
2838	0.0333
2840	0.03014
2842	0.02835
2844	0.02493
2846	0.02121
2848	0.02074
2850	0.01962
2852	0.01793
2854	0.01597
2856	0.01525
2858	0.01375
2860	0.01285
2862	0.0108
2864	0.00813
2866	0.00739
2868	0.00627
2870	0.00522
2872	0.00452
2874	0.00326
2876	0.00331
2878	0.00246
2880	0.00286
2882	0.00237
2884	0.00252
2886	0.00377
2888	0.00266
2890	0.00102
2892	0.00143
2894	0.00246
2896	0.00184
2898	0.00267
2900	0.00162
2902	-7.43071E-4
2904	-4.76034E-5
2906	0.00143
2908	0.00107
2910	0.00231
2912	0.00251
2914	0.00106
2916	-4.28796E-4
2918	6.77671E-4
2920	2.23139E-4
2922	-2.18393E-4
2924	-8.19251E-5
2926	-6.36457E-4
2928	3.97011E-4
2930	-3.28522E-4
2932	-0.00153
2934	-0.00212
2936	-0.00124
2938	7.8035E-4
2940	0.00135
2942	2.9285E-4
2944	6.39537E-4
2946	6.52225E-4
2948	4.31912E-4
2950	2.05999E-5
2952	2.32874E-5
2954	0.00148
2956	8.77662E-4
2958	2.7335E-4
2960	4.40373E-5
2962	3.93725E-4
2964	1.48412E-4
2966	-6.31548E-4
2968	-0.00104
2970	-3.88615E-4
2972	-4.90149E-4
2974	-2.96824E-5
2976	-9.80216E-4
2978	0.00398
2980	0.04712
2982	0.14591
2984	0.27643
2986	0.41935
2988	0.55674
2990	0.68873
2992	0.80826
2994	0.91511
2996	1.00998
2998	1.07524
3000	1.07618
3002	1.02523
3004	0.94413
3006	0.85435
3008	0.76495
3010	0.67938
3012	0.59965
3014	0.52458
3016	0.45781
3018	0.40007
3020	0.35
3022	0.3049
3024	0.26534
3026	0.23125
3028	0.2024
3030	0.17813
3032	0.15741
3034	0.14069
3036	0.12387
3038	0.10974
3040	0.09687
3042	0.08791
3044	0.08038
3046	0.0732
3048	0.06684
3050	0.06146
3052	0.05603
3054	0.0497
3056	0.04478
3058	0.04196
3060	0.03879
3062	0.03548
3064	0.03277
3066	0.02988
3068	0.02731
3070	0.0269
3072	0.02448
3074	0.02066
3076	0.01946
3078	0.01875
3080	0.01753
3082	0.01705
3084	0.01571
3086	0.01381
3088	0.01301
3090	0.01283
3092	0.01199
3094	0.01097
3096	0.00966
3098	0.0081
3100	0.00693
3102	0.00644
3104	0.00565
3106	0.00409
3108	0.00324
3110	0.0034
3112	0.0043
3114	0.00493
3116	0.00387
3118	0.00391
3120	0.00495
3122	0.00542
3124	0.00343
3126	0.0012
3128	0.00165
3130	0.00249
3132	0.00261
3134	0.00242
3136	7.65933E-4
3138	-2.13579E-4
3140	4.32909E-4
3142	0.00139
3144	3.18884E-4
3146	2.44371E-4
3148	0.0017
3150	0.00228
3152	0.0033
3154	0.00325
3156	0.00282
3158	0.00254
3160	9.87086E-4
3162	-5.65328E-6
3164	-9.63926E-5
3166	0.00101
3168	0.00173
3170	0.00105
3172	9.2765E-4
3174	6.09911E-4
3176	-1.53829E-4
3178	6.79432E-4
3180	-9.61204E-5
3182	1.35679E-4
3184	8.34776E-5
3186	1.67277E-4
3188	9.51076E-4
3190	7.60875E-4
3192	0.00105
3194	2.96473E-4
3196	-5.51728E-4
3198	-6.73929E-4
3200	5.3287E-4
3202	0.00334
3204	0.04205
3206	0.13656
3208	0.26201
3210	0.40073
3212	0.53828
3214	0.66615
3216	0.78206
3218	0.88538
3220	0.97621
3222	1.04309
3224	1.0489
3226	1.00108
3228	0.92617
3230	0.83955
3232	0.75075
3234	0.66511
3236	0.58544
3238	0.51228
3240	0.44757
3242	0.39048
3244	0.33905
3246	0.29561
3248	0.25912
3250	0.22725
3252	0.19971
3254	0.1757
3256	0.15586
3258	0.1386
3260	0.12303
3262	0.10922
3264	0.09681
3266	0.08747
3268	0.07897
3270	0.07117
3272	0.0641
3274	0.05885
3276	0.05334
3278	0.04869
3280	0.04421
3282	0.03982
3284	0.03714
3286	0.03536
3288	0.03283
3290	0.02917
3292	0.02668
3294	0.02494
3296	0.02277
3298	0.02032
3300	0.01851
3302	0.01702
3304	0.01626
3306	0.01573
3308	0.01509
3310	0.01547
3312	0.01525
3314	0.01402
3316	0.01225
3318	0.01152
3320	0.01205
3322	0.00871
3324	0.00617
3326	0.00545
3328	0.00632
3330	0.00537
3332	0.00504
3334	0.00477
3336	0.00451
3338	0.00634
3340	0.00758
3342	0.00675
3344	0.00495
3346	0.0032
3348	0.00342
3350	0.00297
3352	0.00217
3354	0.00258
3356	0.00345
3358	0.00395
3360	0.00484
3362	0.0057
3364	0.00519
3366	0.00376
3368	0.0019
3370	0.00234
3372	0.00277
3374	0.00293
3376	0.00351
3378	0.00318
3380	0.00379
3382	0.00345
3384	0.0028
3386	0.00168
3388	0.00178
3390	0.0025
3392	0.00363
3394	0.00302
3396	0.00219
3398	0.00173
3400	9.04847E-4
3402	-3.69085E-4
3404	-0.00181
3406	-5.23948E-4
3408	-2.74879E-4
3410	-2.19811E-4
3412	4.69258E-4
3414	0.00105
3416	0.00133
3418	2.95464E-4
3420	-3.0571E-4
3422	2.57061E-4
3424	3.28832E-4
3426	0.00384
3428	0.04171
3430	0.13324
3432	0.25461
3434	0.388
3436	0.51978
3438	0.64253
3440	0.75395
3442	0.85427
3444	0.94359
3446	1.00856
3448	1.01428
3450	0.96926
3452	0.89604
3454	0.81164
3456	0.72543
3458	0.64142
3460	0.56463
3462	0.4955
3464	0.43293
3466	0.37798
3468	0.33051
3470	0.28737
3472	0.2492
3474	0.21673
3476	0.19156
3478	0.17049
3480	0.1511
3482	0.13262
3484	0.11622
3486	0.10312
3488	0.09259
3490	0.08264
3492	0.07454
3494	0.06681
3496	0.05998
3498	0.05439
3500	0.05031
3502	0.04576
3504	0.04319
3506	0.04009
3508	0.03555
3510	0.03252
3512	0.03194
3514	0.03201
3516	0.02838
3518	0.02449
3520	0.02208
3522	0.02019
3524	0.01796
3526	0.01643
3528	0.0159
3530	0.01509
3532	0.01415
3534	0.01363
3536	0.01285
3538	0.0126
3540	0.01172
3542	0.00926
3544	0.008
3546	0.00643
3548	0.00625
3550	0.00524
3552	0.00487
3554	0.00582
3556	0.00498
3558	0.00311
3560	0.00341
3562	0.00294
3564	0.00267
3566	0.00334
3568	0.00326
3570	0.00132
3572	0.00133
3574	0.00173
3576	0.00211
3578	0.00277
3580	0.00299
3582	0.00316
3584	0.00171
3586	4.37687E-4
3588	4.19957E-4
3590	0.00118
3592	0.00163
3594	0.00286
3596	0.00408
3598	0.00294
3600	-1.17422E-4
3602	-0.00105
3604	-0.00137
3606	-0.00123
3608	1.86871E-4
3610	1.80544E-4
3612	-0.00121
3614	-3.2411E-4
3616	7.05628E-5
3618	-6.76413E-6
3620	0.00139
3622	9.57582E-4
3624	9.5255E-5
3626	-1.45072E-4
3628	-1.71399E-4
3630	-2.01726E-4
3632	5.97947E-4
3634	8.4283E-4
3636	3.94731E-4
3638	0.00116
3640	0.00129
3642	0.00111
3644	0.0014
3646	0.00181
3648	0.00176
3650	0.00304
3652	0.03582
3654	0.12123
3656	0.23573
3658	0.36401
3660	0.49237
3662	0.61326
3664	0.72225
3666	0.81993
3668	0.90639
3670	0.97178
3672	0.9806
3674	0.93867
3676	0.8693
3678	0.789
3680	0.70662
3682	0.62729
3684	0.55296
3686	0.48604
3688	0.42498
3690	0.3699
3692	0.32286
3694	0.2825
3696	0.2459
3698	0.21508
3700	0.18793
3702	0.16346
3704	0.14382
3706	0.1257
3708	0.11258
3710	0.10089
3712	0.09019
3714	0.08053
3716	0.07139
3718	0.06378
3720	0.05721
3722	0.0533
3724	0.04936
3726	0.04499
3728	0.04067
3730	0.0374
3732	0.0344
3734	0.0316
3736	0.02818
3738	0.02461
3740	0.02319
3742	0.02079
3744	0.01905
3746	0.01922
3748	0.01929
3750	0.01833
3752	0.01636
3754	0.0138
3756	0.01264
3758	0.01226
3760	0.01156
3762	0.01099
3764	0.01001
3766	0.0093
3768	0.00932
3770	0.00788
3772	0.00701
3774	0.00718
3776	0.00588
3778	0.00493
3780	0.00495
3782	0.00474
3784	0.00454
3786	0.00415
3788	0.00374
3790	0.00416
3792	0.00324
3794	0.00221
3796	7.70658E-4
3798	2.15008E-4
3800	-3.07642E-4
3802	-3.66292E-4
3804	-1.46942E-4
3806	5.48408E-4
3808	0.00106
3810	0.00158
3812	0.00286
3814	0.00266
3816	0.00244
3818	0.00135
3820	7.00859E-4
3822	0.00131
3824	0.0024
3826	0.00236
3828	0.00173
3830	7.55609E-4
3832	-2.22041E-4
3834	3.32309E-4
3836	3.93659E-4
3838	3.59009E-4
3840	0.0015
3842	0.00118
3844	5.6806E-4
3846	3.96689E-4
3848	2.53432E-4
3850	3.83174E-4
3852	2.48916E-4
3854	1.77659E-4
3856	1.97401E-4
3858	2.98143E-4
3860	-5.21143E-5
3862	-3.55372E-4
3864	2.2437E-4
3866	-1.18872E-5
3868	5.57855E-4
3870	7.14598E-4
3872	6.2334E-4
3874	0.00111
3876	0.03087
3878	0.11282
3880	0.22609
3882	0.35071
3884	0.47372
3886	0.59169
3888	0.69851
3890	0.79295
3892	0.87661
3894	0.94108
3896	0.95015
3898	0.90958
3900	0.84214
3902	0.76388
3904	0.68435
3906	0.607
3908	0.53281
3910	0.46777
3912	0.40971
3914	0.35716
3916	0.31148
3918	0.27188
3920	0.23815
3922	0.20806
3924	0.18318
3926	0.16214
3928	0.14214
3930	0.12531
3932	0.11256
3934	0.09961
3936	0.08921
3938	0.0811
3940	0.07406
3942	0.06685
3944	0.05907
3946	0.05277
3948	0.04771
3950	0.04426
3952	0.04059
3954	0.03802
3956	0.03448
3958	0.03112
3960	0.02866
3962	0.02446
3964	0.02122
3966	0.01932
3968	0.01824
3970	0.0164
3972	0.01407
3974	0.01345
3976	0.01134
3978	0.01027
3980	0.01083
3982	0.01014
3984	0.00872
3986	0.00718
3988	0.00608
3990	0.00508
3992	0.00425
3994	0.00351
3996	0.00254
3998	0.00202
4000	0.00267
4002	0.0026
4004	0.00199
4006	0.00138
4008	9.47294E-4
4010	0.00107
4012	5.45511E-4
4014	9.91119E-4
4016	0.00166
4018	7.85336E-4
4020	0.00114
4022	4.46553E-4
4024	8.59161E-4
4026	2.7377E-4
4028	-3.45622E-4
4030	1.06987E-4
4032	-2.50405E-4
4034	-0.00126
4036	-0.00182
4038	-0.00161
4040	-2.30971E-4
4042	-2.77362E-4
4044	-0.00123
4046	-0.00239
4048	-0.00298
4050	-0.00241
4052	-0.00114
4054	-0.00115
4056	-7.54103E-4
4058	-8.20495E-4
4060	-6.17991E-4
4062	7.54698E-5
4064	-3.49069E-4
4066	-0.00141
4068	-0.00153
4070	-7.76686E-4
4072	-5.36225E-4
4074	-0.00134
4076	-6.96303E-4
4078	-0.00123
4080	6.61619E-4
4082	0.00213
4084	0.00314
4086	0.00161
4088	-8.73959E-5
4090	-0.00189
4092	-0.00351
4094	-0.00362
4096	-0.00278
4098	-8.35287E-4
4100	0.02523
4102	0.10291
4104	0.20989
4106	0.32913
4108	0.44956
4110	0.56241
4112	0.66585
4114	0.75809
4116	0.83994
4118	0.9011
4120	0.91266
4122	0.8781
4124	0.81575
4126	0.74311
4128	0.66551
4130	0.5897
4132	0.52011
4134	0.45703
4136	0.39994
4138	0.34906
4140	0.30407
4142	0.26461
4144	0.23071
4146	0.20138
4148	0.17643
4150	0.15535
4152	0.13796
4154	0.12299
4156	0.10977
4158	0.09794
4160	0.08634
4162	0.07785
4164	0.06998
4166	0.06241
4168	0.05636
4170	0.05143
4172	0.0471
4174	0.04225
4176	0.03908
4178	0.03671
4180	0.03323
4182	0.02992
4184	0.02706
4186	0.02358
4188	0.02121
4190	0.01947
4192	0.0181
4194	0.01679
4196	0.01485
4198	0.01272
4200	0.0121
4202	0.0102
4204	0.00977
4206	0.00901
4208	0.00845
4210	0.00809
4212	0.00724
4214	0.0071
4216	0.00805
4218	0.00744
4220	0.00683
4222	0.0057
4224	0.0055
4226	0.0057
4228	0.0043
4230	0.00317
4232	0.00278
4234	0.00298
4236	0.00284
4238	0.00258
4240	0.00369
4242	0.00377
4244	0.00251
4246	0.00191
4248	0.002
4250	0.0018
4252	0.00171
4254	0.00155
4256	-1.21875E-4
4258	-9.28528E-4
4260	4.54819E-4
4262	0.0016
4264	0.00196
4266	7.57861E-4
4268	8.05208E-4
4270	7.97556E-4
4272	6.19028E-5
4274	2.41649E-4
4276	-3.05468E-4
4278	-5.85841E-5
4280	3.713E-4
4282	-1.22817E-4
4284	7.63067E-4
4286	0.00178
4288	0.0021
4290	0.00233
4292	0.00102
4294	1.51485E-4
4296	1.83369E-4
4298	1.22253E-4
4300	7.4568E-6
4302	1.85509E-4
4304	9.00561E-4
4306	8.90613E-4
4308	4.76665E-4
4310	-7.79283E-4
4312	-1.20231E-4
4314	0.00198
4316	8.34873E-4
4318	7.30925E-4
4320	0.00201
4322	0.00249
4324	0.02428
4326	0.09533
4328	0.19786
4330	0.31294
4332	0.4272
4334	0.5355
4336	0.63729
4338	0.72832
4340	0.80866
4342	0.87195
4344	0.88757
4346	0.85564
4348	0.79641
4350	0.72462
4352	0.65044
4354	0.57775
4356	0.50927
4358	0.44656
4360	0.3907
4362	0.34178
4364	0.29911
4366	0.26032
4368	0.22723
4370	0.19793
4372	0.17212
4374	0.15069
4376	0.13181
4378	0.11592
4380	0.10246
4382	0.09166
4384	0.08286
4386	0.07451
4388	0.06758
4390	0.05993
4392	0.05363
4394	0.0485
4396	0.04453
4398	0.04105
4400	0.03853
4402	0.03474
4404	0.0304
4406	0.02713
4408	0.02507
4410	0.02305
4412	0.02127
4414	0.01808
4416	0.01509
4418	0.01327
4420	0.01332
4422	0.01229
4424	0.0103
4426	0.00991
4428	0.01004
4430	0.00811
4432	0.00723
4434	0.00573
4436	0.00508
4438	0.00415
4440	0.00342
4442	0.00372
4444	0.00422
4446	0.00414
4448	0.00295
4450	0.00233
4452	0.00232
4454	0.00377
4456	0.00263
4458	0.00166
4460	0.00114
4462	0.00133
4464	0.00118
4466	0.00218
4468	0.00186
4470	2.07146E-4
4472	4.33883E-5
4474	-0.00104
4476	-0.00171
4478	-0.00138
4480	-6.67643E-4
4482	-7.724E-4
4484	-0.00141
4486	-3.91916E-4
4488	-3.63288E-5
4490	-3.52554E-4
4492	-0.00145
4494	-0.00135
4496	-0.00153
4498	-0.00108
4500	-0.001
4502	-4.41905E-4
4504	4.7687E-4
4506	-3.99355E-4
4508	4.44197E-5
4510	2.02195E-4
4512	8.25969E-4
4514	9.1894E-4
4516	9.05011E-4
4518	6.85082E-4
4520	5.59153E-4
4522	0.00116
4524	0.00196
4526	0.00156
4528	7.33437E-4
4530	9.85508E-4
4532	0.00123
4534	0.00146
4536	-2.37279E-4
4538	-0.00137
4540	-0.00179
4542	-1.40798E-5
4544	8.3355E-4
4546	0.00188
4548	0.02299
4550	0.09098
4552	0.18892
4554	0.30087
4556	0.41433
4558	0.52134
4560	0.61984
4562	0.70718
4564	0.78505
4566	0.84748
4568	0.86515
4570	0.8345
4572	0.77624
4574	0.70667
4576	0.63497
4578	0.56546
4580	0.49988
4582	0.43908
4584	0.38594
4586	0.33724
4588	0.29318
4590	0.25549
4592	0.22306
4594	0.19559
4596	0.17266
4598	0.15202
4600	0.13375
4602	0.11867
4604	0.1069
4606	0.09545
4608	0.08611
4610	0.07817
4612	0.07129
4614	0.06313
4616	0.05651
4618	0.05055
4620	0.04662
4622	0.043
4624	0.03969
4626	0.03734
4628	0.03342
4630	0.03062
4632	0.02816
4634	0.02574
4636	0.02346
4638	0.02178
4640	0.01976
4642	0.01837
4644	0.01704
4646	0.01568
4648	0.01503
4650	0.01471
4652	0.01399
4654	0.01298
4656	0.01243
4658	0.0121
4660	0.01073
4662	0.00881
4664	0.00827
4666	0.00827
4668	0.00707
4670	0.00615
4672	0.006
4674	0.00605
4676	0.00447
4678	0.0041
4680	0.00417
4682	0.00319
4684	0.0026
4686	0.00141
4688	0.0015
4690	0.00192
4692	0.00184
4694	0.00141
4696	0.00102
4698	0.00166
4700	0.00191
4702	0.00178
4704	0.00255
4706	0.00318
4708	0.00204
4710	0.00129
4712	0.00235
4714	0.00156
4716	0.00232
4718	0.00135
4720	0.00102
4722	6.12911E-4
4724	0.00143
4726	0.00236
4728	0.0025
4730	0.0016
4732	0.00106
4734	7.47581E-4
4736	0.00114
4738	2.22996E-4
4740	-5.67297E-4
4742	-3.95899E-5
4744	-8.84883E-4
4746	-0.00136
4748	-9.68468E-4
4750	5.18239E-4
4752	0.00154
4754	9.11526E-4
4756	0.00152
4758	4.29454E-4
4760	4.74918E-4
4762	-6.74618E-4
4764	-0.00172
4766	-0.00148
4768	1.17736E-5
4770	5.63238E-4
4772	0.01818
4774	0.08185
4776	0.1766
4778	0.28428
4780	0.39329
4782	0.49739
4784	0.59231
4786	0.67833
4788	0.75492
4790	0.8169
4792	0.83514
4794	0.80759
4796	0.75306
4798	0.68481
4800	0.61506
4802	0.5467
4804	0.48185
4806	0.42311
4808	0.36948
4810	0.32284
4812	0.28169
4814	0.24547
4816	0.21432
4818	0.18838
4820	0.16587
4822	0.14539
4824	0.12771
4826	0.11379
4828	0.10138
4830	0.08984
4832	0.0793
4834	0.07147
4836	0.06454
4838	0.05806
4840	0.05213
4842	0.04735
4844	0.04428
4846	0.03953
4848	0.03662
4850	0.035
4852	0.03178
4854	0.02799
4856	0.0261
4858	0.02482
4860	0.02268
4862	0.02083
4864	0.01866
4866	0.01779
4868	0.01663
4870	0.01557
4872	0.01486
4874	0.01332
4876	0.01123
4878	0.00993
4880	0.00983
4882	0.0102
4884	0.00953
4886	0.00806
4888	0.00688
4890	0.00737
4892	0.00676
4894	0.00642
4896	0.00616
4898	0.00578
4900	0.00638
4902	0.00584
4904	0.00517
4906	0.00551
4908	0.00556
4910	0.00403
4912	0.00364
4914	0.00344
4916	0.00248
4918	0.00216
4920	0.00123
4922	0.00134
4924	0.00197
4926	0.00299
4928	0.00336
4930	0.0027
4932	9.91924E-4
4934	-3.25986E-4
4936	-4.46897E-4
4938	-3.91807E-4
4940	-5.89718E-4
4942	4.66372E-4
4944	8.58461E-4
4946	0.00133
4948	0.00226
4950	0.00217
4952	0.00288
4954	0.00323
4956	0.00227
4958	0.00215
4960	0.00113
4962	6.67267E-4
4964	7.57357E-4
4966	0.00174
4968	0.00194
4970	0.00142
4972	0.00133
4974	0.0011
4976	-9.78064E-5
4978	-5.40798E-4
4980	5.2321E-4
4982	0.00106
4984	0.00184
4986	0.00326
4988	0.00261
4990	0.00329
4992	0.00382
4994	0.00498
4996	0.02113
4998	0.07986
5000	0.16965
5002	0.27317
5004	0.3801
5006	0.48084
5008	0.57275
5010	0.65655
5012	0.73183
5014	0.7931
5016	0.81449
5018	0.79162
5020	0.74068
5022	0.67396
5024	0.60481
5026	0.53792
5028	0.47592
5030	0.41798
5032	0.36641
5034	0.31973
5036	0.27726
5038	0.24096
5040	0.20992
5042	0.18377
5044	0.16078
5046	0.13889
5048	0.12093
5050	0.10723
5052	0.09589
5054	0.08598
5056	0.0779
5058	0.06799
5060	0.06106
5062	0.05608
5064	0.05158
5066	0.0449
5068	0.04015
5070	0.03683
5072	0.03387
5074	0.03072
5076	0.02792
5078	0.02556
5080	0.02395
5082	0.02264
5084	0.01916
5086	0.01787
5088	0.01633
5090	0.01432
5092	0.01368
5094	0.01339
5096	0.01191
5098	0.01118
5100	0.01105
5102	0.01073
5104	0.00903
5106	0.00855
5108	0.00732
5110	0.00772
5112	0.00705
5114	0.0065
5116	0.00539
5118	0.00507
5120	0.00419
5122	0.00373
5124	0.00301
5126	0.00204
5128	0.00103
5130	-9.91065E-4
5132	-0.00173
5134	-0.00232
5136	-0.00152
5138	-0.0014
5140	-4.88495E-4
5142	-7.12581E-4
5144	-9.96676E-5
5146	-0.00123
5148	-0.00164
5150	-3.49926E-4
5152	-1.10122E-5
5154	-5.15098E-4
5156	2.11816E-4
5158	8.91729E-4
5160	4.48643E-4
5162	2.81557E-4
5164	9.02471E-4
5166	-1.50615E-4
5168	-0.00134
5170	-6.14787E-4
5172	-7.74874E-4
5174	-1.3296E-4
5176	-6.71046E-4
5178	-1.83132E-4
5180	-9.10218E-4
5182	-0.00165
5184	-0.00211
5186	-0.00175
5188	-0.00172
5190	-0.00142
5192	-0.0011
5194	-4.11707E-5
5196	7.44933E-5
5198	-3.38427E-5
5200	-1.48179E-4
5202	-2.16515E-4
5204	-4.56851E-4
5206	-5.80187E-4
5208	-0.00183
5210	-0.00356
5212	-0.00234
5214	-8.31785E-4
5216	-1.48529E-4
5218	3.48727E-4
5220	0.01319
5222	0.0688
5224	0.15672
5226	0.25697
5228	0.36066
5230	0.45943
5232	0.5506
5234	0.63248
5236	0.70522
5238	0.76441
5240	0.78776
5242	0.7675
5244	0.71771
5246	0.65607
5248	0.59026
5250	0.52523
5252	0.46326
5254	0.40708
5256	0.35672
5258	0.31145
5260	0.2718
5262	0.23792
5264	0.20876
5266	0.18244
5268	0.1588
5270	0.13835
5272	0.12142
5274	0.10776
5276	0.09654
5278	0.08668
5280	0.07741
5282	0.06991
5284	0.06345
5286	0.05642
5288	0.05232
5290	0.04846
5292	0.04417
5294	0.03884
5296	0.03507
5298	0.03266
5300	0.03048
5302	0.02778
5304	0.02576
5306	0.02319
5308	0.02199
5310	0.02061
5312	0.02013
5314	0.01769
5316	0.01525
5318	0.01408
5320	0.01373
5322	0.01261
5324	0.01229
5326	0.01169
5328	0.01048
5330	0.00991
5332	0.0085
5334	0.00844
5336	0.00897
5338	0.00914
5340	0.00933
5342	0.00847
5344	0.00596
5346	0.00545
5348	0.00583
5350	0.00576
5352	0.00554
5354	0.0051
5356	0.00354
5358	0.00234
5360	0.00171
5362	0.00224
5364	0.00215
5366	0.00208
5368	0.00246
5370	0.00184
5372	0.00223
5374	0.00128
5376	0.00139
5378	0.00214
5380	0.00313
5382	0.00344
5384	0.0039
5386	0.0029
5388	0.002
5390	9.16326E-4
5392	3.51114E-4
5394	-3.06083E-4
5396	-4.24355E-4
5398	1.36373E-4
5400	-1.61898E-4
5402	-6.7917E-4
5404	-5.36442E-4
5406	0.00122
5408	0.00164
5410	8.8743E-5
5412	1.49471E-4
5414	5.452E-4
5416	3.55928E-4
5418	0.00111
5420	7.24384E-4
5422	-1.53443E-4
5424	-2.66062E-4
5426	6.26319E-4
5428	6.89699E-4
5430	0.00144
5432	0.00109
5434	-1.97159E-4
5436	4.52222E-4
5438	0.00189
5440	0.00185
5442	1.70364E-4
5444	0.01101
5446	0.06227
5448	0.14386
5450	0.24169
5452	0.34196
5454	0.43727
5456	0.52558
5458	0.60524
5460	0.67686
5462	0.73623
5464	0.76057
5466	0.74105
5468	0.69527
5470	0.63608
5472	0.57266
5474	0.50937
5476	0.44888
5478	0.39316
5480	0.34272
5482	0.29767
5484	0.25805
5486	0.22236
5488	0.19278
5490	0.16852
5492	0.1465
5494	0.12865
5496	0.11433
5498	0.10167
5500	0.08982
5502	0.08058
5504	0.07311
5506	0.06429
5508	0.05711
5510	0.05196
5512	0.04665
5514	0.04317
5516	0.03715
5518	0.03191
5520	0.02927
5522	0.02685
5524	0.02424
5526	0.02158
5528	0.02089
5530	0.02008
5532	0.01885
5534	0.017
5536	0.01543
5538	0.014
5540	0.01201
5542	0.01206
5544	0.01044
5546	0.00904
5548	0.00758
5550	0.00759
5552	0.00878
5554	0.00882
5556	0.00847
5558	0.00741
5560	0.00646
5562	0.0056
5564	0.00298
5566	0.00222
5568	0.00378
5570	0.00431
5572	0.00515
5574	0.00342
5576	0.00212
5578	0.00207
5580	0.00333
5582	0.0028
5584	0.00163
5586	4.93004E-4
5588	7.27653E-4
5590	0.00129
5592	0.0014
5594	0.001
5596	0.00134
5598	0.00128
5600	6.66551E-4
5602	8.00201E-4
5604	4.9685E-4
5606	0.00109
5608	0.00181
5610	0.00129
5612	0.00147
5614	0.00209
5616	0.0024
5618	0.00275
5620	0.00227
5622	0.00177
5624	6.15141E-4
5626	-3.67538E-4
5628	2.78166E-6
5630	6.61102E-4
5632	-3.59578E-4
5634	-5.43258E-4
5636	-2.20918E-4
5638	-0.00114
5640	-3.00515E-4
5642	-0.00115
5644	-0.00158
5646	-4.53909E-4
5648	0.00175
5650	0.00177
5652	6.58696E-4
5654	2.31898E-4
5656	7.491E-4
5658	2.89302E-4
5660	-8.07496E-4
5662	5.38133E-4
5664	0.00146
5666	-1.28285E-4
5668	0.00879
5670	0.0582
5672	0.13749
5674	0.23074
5676	0.32782
5678	0.4209
5680	0.50575
5682	0.58288
5684	0.65211
5686	0.71144
5688	0.73844
5690	0.72385
5692	0.68069
5694	0.62277
5696	0.55981
5698	0.49787
5700	0.44142
5702	0.38891
5704	0.3399
5706	0.29684
5708	0.25854
5710	0.22579
5712	0.19668
5714	0.17299
5716	0.15104
5718	0.13169
5720	0.11691
5722	0.10321
5724	0.09198
5726	0.08254
5728	0.07411
5730	0.06598
5732	0.05866
5734	0.05291
5736	0.04906
5738	0.04527
5740	0.04057
5742	0.03678
5744	0.03323
5746	0.02906
5748	0.02573
5750	0.02358
5752	0.02062
5754	0.0177
5756	0.01568
5758	0.01463
5760	0.01291
5762	0.01162
5764	0.01107
5766	0.0111
5768	0.00999
5770	0.00853
5772	0.00698
5774	0.00714
5776	0.00701
5778	0.00535
5780	0.00548
5782	0.00625
5784	0.00691
5786	0.0064
5788	0.0054
5790	0.00376
5792	0.00289
5794	0.00278
5796	0.0032
5798	0.0028
5800	0.00315
5802	0.00246
5804	0.00268
5806	0.00307
5808	0.00212
5810	8.21085E-4
5812	5.53888E-4
5814	4.46691E-4
5816	-6.61506E-4
5818	-8.44703E-4
5820	-4.679E-4
5822	9.46951E-5
5824	3.59424E-5
5826	-6.6681E-4
5828	0.00128
5830	0.00298
5832	0.0039
5834	0.00335
5836	0.00267
5838	0.0016
5840	-8.00789E-5
5842	-1.78832E-4
5844	-0.00106
5846	-8.25337E-4
5848	-2.82039E-4
5850	-5.59267E-4
5852	1.38505E-4
5854	8.36277E-4
5856	9.90049E-4
5858	0.00165
5860	8.49594E-4
5862	-5.71634E-4
5864	-7.68862E-4
5866	-0.00106
5868	-9.13318E-4
5870	-4.52545E-4
5872	7.23227E-4
5874	0.0014
5876	0.00147
5878	8.43795E-4
5880	9.6827E-4
5882	9.08745E-4
5884	7.02208E-5
5886	8.37696E-4
5888	0.00182
5890	4.54647E-4
5892	0.00913
5894	0.0535
5896	0.12939
5898	0.22026
5900	0.31349
5902	0.40318
5904	0.48817
5906	0.56418
5908	0.63262
5910	0.69006
5912	0.7163
5914	0.7002
5916	0.65857
5918	0.60363
5920	0.54517
5922	0.48612
5924	0.42934
5926	0.37841
5928	0.33142
5930	0.28882
5932	0.25179
5934	0.21998
5936	0.19172
5938	0.16693
5940	0.1459
5942	0.12748
5944	0.1119
5946	0.09866
5948	0.08857
5950	0.07977
5952	0.07023
5954	0.06225
5956	0.05675
5958	0.0509
5960	0.0451
5962	0.04047
5964	0.03645
5966	0.03246
5968	0.03001
5970	0.02806
5972	0.02636
5974	0.02442
5976	0.02221
5978	0.02036
5980	0.01813
5982	0.01668
5984	0.01594
5986	0.01535
5988	0.01327
5990	0.01249
5992	0.01144
5994	0.00955
5996	0.00963
5998	0.00858
6000	0.00701
6002	0.00692
6004	0.00646
6006	0.00562
6008	0.0058
6010	0.00616
6012	0.0051
6014	0.00392
6016	0.00278
6018	0.00164
6020	0.00175
6022	0.00253
6024	0.00204
6026	0.00182
6028	8.53266E-4
6030	-0.00108
6032	-0.00131
6034	-0.00127
6036	-3.07552E-4
6038	3.59244E-4
6040	6.10039E-4
6042	0.00152
6044	0.00189
6046	0.0013
6048	9.36221E-4
6050	0.00135
6052	8.40812E-4
6054	0.00146
6056	0.0013
6058	9.01199E-4
6060	1.37994E-4
6062	-1.37211E-4
6064	5.75849E-5
6066	-0.00128
6068	-0.00154
6070	-0.00183
6072	-0.00219
6074	-0.00156
6076	-0.00117
6078	-6.49847E-4
6080	-0.00104
6082	3.01744E-4
6084	-5.84604E-5
6086	0.00148
6088	0.0015
6090	8.71785E-4
6092	9.65449E-4
6094	2.95112E-4
6096	1.10776E-4
6098	-0.00108
6100	-0.00159
6102	-2.61233E-4
6104	-9.25699E-5
6106	2.98094E-4
6108	8.14757E-4
6110	0.00202
6112	0.00182
6114	0.00187
6116	0.00801
6118	0.0492
6120	0.12218
6122	0.20906
6124	0.29941
6126	0.38898
6128	0.47038
6130	0.5447
6132	0.61095
6134	0.66643
6136	0.69556
6138	0.68428
6140	0.64601
6142	0.59287
6144	0.53568
6146	0.47712
6148	0.42276
6150	0.37336
6152	0.32763
6154	0.28566
6156	0.24917
6158	0.21664
6160	0.18938
6162	0.16553
6164	0.14546
6166	0.12753
6168	0.11203
6170	0.09899
6172	0.08825
6174	0.07863
6176	0.07013
6178	0.06234
6180	0.05464
6182	0.05098
6184	0.04729
6186	0.04181
6188	0.03843
6190	0.03472
6192	0.03242
6194	0.02885
6196	0.02679
6198	0.02536
6200	0.02316
6202	0.02038
6204	0.01978
6206	0.01845
6208	0.0155
6210	0.01397
6212	0.01385
6214	0.01299
6216	0.01184
6218	0.01113
6220	0.00941
6222	0.00946
6224	0.00945
6226	0.00828
6228	0.00741
6230	0.00709
6232	0.00685
6234	0.00675
6236	0.00497
6238	0.00522
6240	0.00594
6242	0.00618
6244	0.00522
6246	0.00429
6248	0.00432
6250	0.00344
6252	0.00305
6254	0.00252
6256	0.00159
6258	0.00156
6260	0.00295
6262	0.00401
6264	0.00305
6266	0.00276
6268	0.0025
6270	0.00177
6272	0.00151
6274	0.00233
6276	0.00243
6278	0.00223
6280	0.00115
6282	0.00207
6284	0.00178
6286	0.0022
6288	0.00212
6290	9.48064E-4
6292	8.6798E-4
6294	6.64897E-4
6296	0.00185
6298	0.00379
6300	0.00464
6302	0.00514
6304	0.00437
6306	0.00286
6308	0.0033
6310	0.0033
6312	0.0023
6314	7.53009E-4
6316	5.91154E-5
6318	9.22219E-5
6320	9.54328E-4
6322	-8.65652E-5
6324	3.90541E-4
6326	-4.54352E-4
6328	4.43754E-4
6330	8.04415E-4
6332	8.19052E-5
6334	5.66395E-4
6336	0.00114
6338	7.87376E-4
6340	0.00758
6342	0.04676
6344	0.11597
6346	0.2
6348	0.28851
6350	0.37486
6352	0.4552
6354	0.52828
6356	0.59381
6358	0.64923
6360	0.67777
6362	0.66791
6364	0.63044
6366	0.57891
6368	0.52292
6370	0.4675
6372	0.41364
6374	0.36383
6376	0.31832
6378	0.27892
6380	0.24446
6382	0.21391
6384	0.18657
6386	0.16242
6388	0.14185
6390	0.12516
6392	0.11125
6394	0.09911
6396	0.08698
6398	0.07635
6400	0.069
6402	0.06255
6404	0.05616
6406	0.05056
6408	0.04484
6410	0.04183
6412	0.03745
6414	0.03229
6416	0.02888
6418	0.0262
6420	0.02397
6422	0.0231
6424	0.02111
6426	0.02075
6428	0.01877
6430	0.01715
6432	0.01502
6434	0.01396
6436	0.01275
6438	0.01155
6440	0.01104
6442	0.01132
6444	0.01044
6446	0.00899
6448	0.00782
6450	0.00714
6452	0.00729
6454	0.00732
6456	0.00734
6458	0.00742
6460	0.00609
6462	0.00542
6464	0.00331
6466	0.00256
6468	0.00243
6470	0.00244
6472	0.00275
6474	0.00196
6476	0.00117
6478	9.36915E-4
6480	0.00164
6482	0.002
6484	0.00162
6486	0.00141
6488	0.00222
6490	0.00364
6492	0.00349
6494	0.00302
6496	0.00139
6498	-0.00103
6500	-0.00236
6502	-0.0026
6504	-0.00186
6506	-0.0018
6508	-0.00323
6510	-0.00308
6512	-0.00228
6514	-0.00136
6516	-8.81227E-4
6518	-0.00137
6520	-0.00204
6522	-0.0012
6524	-3.43247E-4
6526	-3.74752E-4
6528	-7.42575E-5
6530	5.70237E-4
6532	0.00101
6534	0.00107
6536	-1.72781E-5
6538	-2.07783E-4
6540	-4.45288E-4
6542	-6.64154E-4
6544	-1.6478E-4
6546	7.92594E-4
6548	0.00159
6550	0.00158
6552	3.20716E-4
6554	-2.1191E-4
6556	-6.79537E-4
6558	5.98375E-5
6560	5.92211E-4
6562	5.43585E-4
6564	0.00612
6566	0.04109
6568	0.10713
6570	0.18798
6572	0.27315
6574	0.3566
6576	0.43474
6578	0.5058
6580	0.56968
6582	0.62514
6584	0.65661
6586	0.64845
6588	0.61347
6590	0.56405
6592	0.50842
6594	0.45402
6596	0.40266
6598	0.35491
6600	0.3098
6602	0.27138
6604	0.23862
6606	0.20937
6608	0.18183
6610	0.15861
6612	0.1387
6614	0.12213
6616	0.10717
6618	0.09498
6620	0.0851
6622	0.07607
6624	0.06793
6626	0.05941
6628	0.05233
6630	0.04728
6632	0.04338
6634	0.0392
6636	0.03549
6638	0.03314
6640	0.02981
6642	0.02625
6644	0.02516
6646	0.02316
6648	0.02006
6650	0.01845
6652	0.01699
6654	0.01572
6656	0.01359
6658	0.0117
6660	0.01036
6662	0.00983
6664	0.00931
6666	0.00894
6668	0.00968
6670	0.00991
6672	0.00781
6674	0.00588
6676	0.00546
6678	0.00569
6680	0.00549
6682	0.00449
6684	0.00363
6686	0.00335
6688	0.00373
6690	0.00338
6692	0.00267
6694	0.00326
6696	0.0033
6698	0.00251
6700	0.00216
6702	0.00157
6704	0.00197
6706	0.00139
6708	0.00151
6710	0.00197
6712	0.00145
6714	9.4894E-4
6716	3.80822E-4
6718	-8.28296E-4
6720	-0.00183
6722	-0.00253
6724	-0.00133
6726	-8.74769E-4
6728	-0.00186
6730	-0.00228
6732	-0.00133
6734	-2.78236E-4
6736	-5.45981E-4
6738	-4.70726E-4
6740	2.16529E-4
6742	-3.62216E-4
6744	-7.98961E-4
6746	-0.00156
6748	-0.00251
6750	-0.00258
6752	-0.00253
6754	-0.00181
6756	-0.00154
6758	-1.58782E-5
6760	1.75388E-4
6762	5.09654E-4
6764	3.2792E-4
6766	4.99186E-4
6768	-6.89548E-4
6770	-8.99282E-4
6772	1.80984E-4
6774	4.1225E-4
6776	-3.48484E-4
6778	-0.00116
6780	-9.30952E-4
6782	4.46314E-4
