time	cp
2	-5.48893E-4
4	-8.00974E-4
6	-9.01055E-4
8	-7.19137E-4
10	5.69782E-4
12	7.83701E-4
14	-8.43803E-5
16	-0.0012
18	-6.60543E-4
20	3.35376E-4
22	7.97295E-4
24	0.00117
26	9.23133E-4
28	5.91051E-4
30	-5.1003E-4
32	-0.00179
34	-0.00283
36	-0.00324
38	-0.0027
40	-0.00275
42	-0.00235
44	-7.99598E-4
46	-1.82679E-4
48	2.18239E-4
50	-3.41842E-4
52	-0.00132
54	-4.54004E-4
56	1.30915E-4
58	9.10833E-4
60	-9.96248E-4
62	-0.00104
64	-0.00117
66	-0.00127
68	-5.25727E-5
70	5.87346E-4
72	0.00185
74	0.0028
76	0.00211
78	0.00106
80	0.0025
82	0.00295
84	0.0021
86	0.00139
88	5.95615E-4
90	9.86534E-4
92	-1.44547E-4
94	5.07372E-4
96	0.00166
98	1.59209E-4
100	3.12128E-4
102	5.04047E-4
104	0.00149
106	0.00234
108	0.00223
110	-5.52779E-5
112	-1.08359E-4
114	-1.6144E-4
116	0.00117
118	0.00218
120	8.43316E-4
122	-9.37651E-5
124	-0.00101
126	-0.00815
128	-0.02425
130	-0.04454
132	-0.06691
134	-0.08835
136	-0.1061
138	-0.12278
140	-0.13935
142	-0.1532
144	-0.16557
146	-0.17461
148	-0.18343
150	-0.19109
152	-0.1975
154	-0.19766
156	-0.19069
158	-0.18074
160	-0.16995
162	-0.15918
164	-0.14957
166	-0.13984
168	-0.13153
170	-0.12456
172	-0.11753
174	-0.11007
176	-0.10469
178	-0.09995
180	-0.09544
182	-0.09019
184	-0.08695
186	-0.08424
188	-0.08102
190	-0.07913
192	-0.07665
194	-0.07557
196	-0.07426
198	-0.07232
200	-0.07188
202	-0.06996
204	-0.06816
206	-0.06595
208	-0.06478
210	-0.06333
212	-0.06154
214	-0.06014
216	-0.0591
218	-0.05936
220	-0.05926
222	-0.05785
224	-0.05512
226	-0.05353
228	-0.05219
230	-0.05056
232	-0.05163
234	-0.0519
236	-0.0506
238	-0.04897
240	-0.0489
242	-0.04835
244	-0.04697
246	-0.04591
248	-0.04514
250	-0.04564
252	-0.0461
254	-0.04402
256	-0.04323
258	-0.04347
260	-0.04204
262	-0.04072
264	-0.04116
266	-0.04183
268	-0.041
270	-0.04035
272	-0.03977
274	-0.03961
276	-0.03826
278	-0.03757
280	-0.03689
282	-0.03681
284	-0.03681
286	-0.03645
288	-0.03595
290	-0.03422
292	-0.03405
294	-0.03447
296	-0.03422
298	-0.03362
300	-0.03347
302	-0.03437
304	-0.03374
306	-0.03275
308	-0.03136
310	-0.0311
312	-0.03188
314	-0.0321
316	-0.03082
318	-0.02976
320	-0.02957
322	-0.03012
324	-0.02965
326	-0.02857
328	-0.02916
330	-0.03022
332	-0.03079
334	-0.03174
336	-0.03132
338	-0.03147
340	-0.03107
342	-0.02997
344	-0.02915
346	-0.02734
348	-0.02668
350	-0.02586
352	-0.02607
354	-0.02579
356	-0.02566
358	-0.0259
360	-0.02528
362	-0.02494
364	-0.0243
366	-0.02428
368	-0.02352
370	-0.02391
372	-0.02413
374	-0.02455
376	-0.02462
378	-0.02493
380	-0.02443
382	-0.02327
384	-0.02261
386	-0.02312
388	-0.02331
390	-0.02283
392	-0.02376
394	-0.02325
396	-0.02422
398	-0.02538
400	-0.02462
402	-0.02541
404	-0.02433
406	-0.02376
408	-0.02407
410	-0.02439
412	-0.02377
414	-0.02413
416	-0.02265
418	-0.02177
420	-0.02136
422	-0.02084
424	-0.02183
426	-0.02192
428	-0.02187
430	-0.02012
432	-0.019
434	-0.01881
436	-0.01966
438	-0.01921
440	-0.02082
442	-0.02036
444	-0.02053
446	-0.02222
448	-0.02201
450	-0.02198
452	-0.02171
454	-0.02096
456	-0.02126
458	-0.02159
460	-0.02075
462	-0.01971
464	-0.01853
466	-0.01839
468	-0.01836
470	-0.01926
472	-0.01999
474	-0.01799
476	-0.01742
478	-0.01644
480	-0.01758
482	-0.01864
484	-0.0178
486	-0.0168
488	-0.01609
490	-0.01749
492	-0.01675
494	-0.01563
496	-0.01607
498	-0.01568
500	-0.01615
502	-0.01598
504	-0.01574
506	-0.01562
508	-0.01569
510	-0.01518
512	-0.01438
514	-0.01442
516	-0.01421
518	-0.01478
520	-0.01397
522	-0.01404
524	-0.01399
526	-0.01269
528	-0.01222
530	-0.01276
532	-0.01265
534	-0.01298
536	-0.01203
538	-0.01016
540	-0.01166
542	-0.01275
544	-0.01244
546	-0.01309
548	-0.01391
550	-0.0148
552	-0.01432
554	-0.01406
556	-0.01383
558	-0.01301
560	-0.01199
562	-0.01136
564	-0.00917
566	-0.00847
568	-0.00768
570	-0.00779
572	-0.00925
574	-0.00932
576	-0.00814
578	-0.00706
580	-0.00608
582	-0.0057
584	-0.00628
586	-0.00734
588	-0.00727
590	-0.00686
592	-0.00521
594	-0.00636
596	-0.0061
598	-0.00449
600	-0.00569
602	-0.00592
604	-0.00534
606	-0.00397
608	-0.00451
610	-0.00581
612	-0.00589
614	-0.00666
616	-0.00615
618	-0.00623
620	-0.00666
622	-0.00689
624	-0.00527
626	-0.00447
628	-0.00451
630	-0.0038
632	-0.00327
634	-0.00428
636	-0.00429
638	-0.0035
640	-0.00155
642	-6.14442E-4
644	9.70635E-4
646	0.00116
648	4.69788E-4
650	-1.01135E-4
652	2.55941E-4
654	-4.49982E-4
656	-1.00906E-4
658	7.89171E-4
660	4.73247E-4
662	5.88324E-4
664	1.814E-4
666	0.00129
668	6.53553E-4
670	1.4263E-4
672	7.37064E-5
674	-1.67217E-4
676	-2.0314E-4
678	-3.57064E-4
680	-7.34987E-4
682	-0.00136
684	-0.00192
686	-0.00256
688	-0.00209
690	-0.00189
692	-0.00191
694	-0.00149
696	-0.00225
698	-0.00281
700	-0.00224
702	-6.16811E-4
704	-2.94935E-4
706	-9.52058E-4
708	-0.00109
710	-9.76304E-4
712	-9.44266E-5
714	4.7845E-4
716	4.92327E-4
718	6.04204E-4
720	8.24081E-4
722	-4.93042E-4
724	-0.00214
726	-0.00921
728	-0.0235
730	-0.04163
732	-0.05809
734	-0.07431
736	-0.08905
738	-0.10217
740	-0.11444
742	-0.12567
744	-0.13571
746	-0.14423
748	-0.14993
750	-0.15547
752	-0.15945
754	-0.15868
756	-0.15274
758	-0.14539
760	-0.1367
762	-0.12646
764	-0.11644
766	-0.1068
768	-0.09899
770	-0.09043
772	-0.08411
774	-0.07776
776	-0.07263
778	-0.0683
780	-0.06271
782	-0.05861
784	-0.05574
786	-0.05306
788	-0.04996
790	-0.04811
792	-0.04639
794	-0.04401
796	-0.04289
798	-0.04143
800	-0.04039
802	-0.03903
804	-0.03696
806	-0.03542
808	-0.03372
810	-0.03236
812	-0.03103
814	-0.0299
816	-0.02959
818	-0.02848
820	-0.02729
822	-0.02668
824	-0.02609
826	-0.02613
828	-0.02556
830	-0.0254
832	-0.02537
834	-0.02497
836	-0.02311
838	-0.02173
840	-0.02179
842	-0.02046
844	-0.02086
846	-0.02145
848	-0.02147
850	-0.02083
852	-0.02173
854	-0.02157
856	-0.01943
858	-0.01832
860	-0.01869
862	-0.01859
864	-0.01828
866	-0.01808
868	-0.01821
870	-0.01919
872	-0.01801
874	-0.01668
876	-0.01705
878	-0.01764
880	-0.01684
882	-0.01702
884	-0.01687
886	-0.01639
888	-0.01643
890	-0.01566
892	-0.01489
894	-0.01574
896	-0.01607
898	-0.01445
900	-0.01327
902	-0.01508
904	-0.0147
906	-0.015
908	-0.01431
910	-0.01251
912	-0.01227
914	-0.01205
916	-0.01131
918	-0.01282
920	-0.01202
922	-0.01171
924	-0.01206
926	-0.01241
928	-0.01165
930	-0.01118
932	-0.01043
934	-0.01081
936	-0.01162
938	-0.01035
940	-0.01088
942	-0.01083
944	-0.00994
946	-0.0095
948	-0.00991
950	-0.01042
952	-0.00982
954	-0.00922
956	-0.00805
958	-0.00655
960	-0.0068
962	-0.00675
964	-0.00668
966	-0.00645
968	-0.00655
970	-0.00542
972	-0.0049
974	-0.00535
976	-0.00656
978	-0.00638
980	-0.00554
982	-0.00598
984	-0.00631
986	-0.00689
988	-0.0058
990	-0.00575
992	-0.00636
994	-0.00598
996	-0.00707
998	-0.00754
1000	-0.0064
1002	-0.00537
1004	-0.00459
1006	-0.00365
1008	-0.00411
1010	-0.00261
1012	-0.00368
1014	-0.00478
1016	-0.00366
1018	-0.00244
1020	-0.00262
1022	-0.00215
1024	-0.00119
1026	-0.00151
1028	-9.68522E-4
1030	-6.73188E-4
1032	-2.6855E-5
1034	6.06479E-4
1036	6.06812E-4
1038	4.61456E-5
1040	1.64792E-5
1042	-0.00102
1044	-7.91854E-4
1046	-9.0452E-4
1048	-0.00194
1050	-0.00192
1052	-0.00156
1054	-0.00126
1056	-0.00125
1058	-0.00114
1060	-0.00161
1062	-0.00192
1064	-0.00139
1066	-0.00198
1068	-8.67851E-4
1070	-1.64518E-4
1072	-0.00128
1074	-0.00164
1076	-3.21517E-4
1078	3.33816E-4
1080	2.91497E-5
1082	-0.00159
1084	-0.00187
1086	-0.00218
1088	-0.00157
1090	-0.00202
1092	-0.00212
1094	-0.00279
1096	-0.0025
1098	-0.00258
1100	-0.00206
1102	-0.00153
1104	-6.90848E-4
1106	4.16486E-4
1108	4.54819E-4
1110	0.0021
1112	0.00275
1114	0.00157
1116	0.00175
1118	7.22487E-4
1120	9.5082E-4
1122	0.00302
1124	0.00375
1126	0.00325
1128	0.00301
1130	0.00193
1132	7.46822E-4
1134	0.00167
1136	0.00143
1138	5.35822E-4
1140	6.56156E-4
1142	0.00131
1144	7.73823E-4
1146	3.93156E-4
1148	7.6449E-4
1150	0.00113
1152	0.00183
1154	9.7749E-4
1156	5.02824E-4
1158	3.97157E-4
1160	6.68491E-4
1162	1.05824E-4
1164	-5.85842E-4
1166	-3.11508E-4
1168	7.51825E-4
1170	9.31586E-5
1172	-2.00508E-4
1174	9.68256E-5
1176	8.65159E-4
1178	6.86493E-4
1180	7.67826E-4
1182	0.00128
1184	9.45493E-4
1186	7.38268E-5
1188	-6.2384E-4
1190	-1.16506E-4
1192	5.65827E-4
1194	-8.60839E-4
1196	-0.0013
1198	-4.70172E-4
1200	-5.35839E-4
1202	-6.74505E-4
1204	-2.16171E-4
1206	-4.12838E-4
1208	-6.70504E-4
1210	-8.51171E-4
1212	-0.00166
1214	-0.0018
1216	-7.2217E-4
1218	-8.37837E-4
1220	-5.65032E-5
1222	-1.4017E-4
1224	-6.87836E-4
1226	-6.86503E-4
1228	-2.79169E-4
1230	3.96164E-4
1232	2.00498E-4
1234	-6.51685E-5
1236	6.99165E-4
1238	9.90499E-4
1240	5.03832E-4
1242	5.35166E-4
1244	0.00109
1246	6.06833E-4
1248	-3.00834E-4
1250	-9.195E-4
1252	-0.00158
1254	-0.00137
1256	-8.415E-4
1258	3.27836E-4
1260	4.12172E-4
1262	3.55075E-5
1264	-4.94157E-4
1266	-5.3821E-5
1268	2.70515E-4
1270	7.6185E-4
1272	7.70186E-4
1274	-7.18478E-4
1276	-4.45142E-4
1278	-9.24807E-4
1280	-9.70471E-4
1282	-5.88135E-4
1284	-5.29799E-4
1286	-5.27464E-4
1288	-4.97128E-4
1290	2.20777E-6
1292	7.55435E-5
1294	2.98879E-4
1296	2.77215E-4
1298	8.45507E-5
1300	2.78886E-4
1302	-2.91778E-4
1304	-9.65442E-4
1306	-2.21106E-4
1308	3.02229E-4
1310	0.00188
1312	0.00141
1314	0.00212
1316	0.00229
1318	0.00167
1320	0.00102
1322	0.00159
1324	1.91521E-6
1326	-0.0069
1328	-0.02039
1330	-0.03451
1332	-0.04812
1334	-0.06126
1336	-0.07367
1338	-0.08576
1340	-0.09721
1342	-0.10625
1344	-0.11206
1346	-0.11786
1348	-0.12277
1350	-0.1275
1352	-0.13162
1354	-0.1313
1356	-0.12628
1358	-0.11937
1360	-0.11163
1362	-0.10217
1364	-0.09473
1366	-0.08778
1368	-0.07982
1370	-0.0735
1372	-0.06881
1374	-0.06538
1376	-0.06186
1378	-0.05752
1380	-0.05313
1382	-0.04971
1384	-0.04465
1386	-0.0429
1388	-0.04307
1390	-0.04134
1392	-0.03981
1394	-0.03792
1396	-0.03627
1398	-0.03511
1400	-0.03493
1402	-0.03445
1404	-0.0333
1406	-0.03106
1408	-0.03043
1410	-0.02888
1412	-0.02759
1414	-0.02764
1416	-0.02771
1418	-0.02656
1420	-0.02602
1422	-0.02448
1424	-0.02443
1426	-0.02398
1428	-0.02332
1430	-0.02267
1432	-0.0217
1434	-0.0229
1436	-0.02335
1438	-0.02297
1440	-0.02301
1442	-0.02346
1444	-0.02277
1446	-0.02128
1448	-0.02019
1450	-0.01992
1452	-0.01891
1454	-0.0193
1456	-0.01957
1458	-0.01884
1460	-0.0194
1462	-0.01992
1464	-0.01952
1466	-0.01926
1468	-0.01679
1470	-0.01662
1472	-0.01673
1474	-0.01648
1476	-0.01527
1478	-0.01506
1480	-0.0153
1482	-0.01492
1484	-0.01535
1486	-0.01509
1488	-0.01498
1490	-0.01316
1492	-0.01398
1494	-0.01502
1496	-0.01512
1498	-0.01417
1500	-0.01489
1502	-0.01467
1504	-0.01427
1506	-0.01458
1508	-0.01377
1510	-0.01483
1512	-0.01396
1514	-0.01357
1516	-0.01565
1518	-0.01562
1520	-0.01503
1522	-0.01515
1524	-0.01495
1526	-0.01481
1528	-0.0142
1530	-0.01239
1532	-0.01203
1534	-0.01223
1536	-0.01294
1538	-0.01305
1540	-0.01222
1542	-0.01103
1544	-0.01198
1546	-0.0111
1548	-0.01043
1550	-0.01098
1552	-0.01044
1554	-0.00984
1556	-0.00898
1558	-0.00822
1560	-0.00991
1562	-0.0095
1564	-0.0093
1566	-0.0093
1568	-0.00903
1570	-0.00925
1572	-0.0086
1574	-0.00886
1576	-0.00926
1578	-0.00891
1580	-0.00901
1582	-0.00927
1584	-0.00929
1586	-0.0102
1588	-0.00992
1590	-0.00994
1592	-0.01063
1594	-0.00943
1596	-0.00874
1598	-0.00942
1600	-0.00954
1602	-0.00844
1604	-0.00805
1606	-0.00813
1608	-0.00792
1610	-0.00816
1612	-0.00733
1614	-0.00673
1616	-0.00716
1618	-0.00656
1620	-0.00707
1622	-0.00714
1624	-0.00661
1626	-0.00649
1628	-0.00788
1630	-0.00795
1632	-0.00776
1634	-0.00726
1636	-0.00703
1638	-0.00821
1640	-0.00862
1642	-0.00717
1644	-0.00634
1646	-0.00622
1648	-0.00648
1650	-0.00578
1652	-0.00525
1654	-0.00511
1656	-0.00541
1658	-0.00527
1660	-0.00425
1662	-0.00404
1664	-0.00346
1666	-0.00431
1668	-0.00661
1670	-0.00718
1672	-0.00734
1674	-0.00663
1676	-0.00672
1678	-0.00715
1680	-0.007
1682	-0.00564
1684	-0.00485
1686	-0.00473
1688	-0.0044
1690	-0.00527
1692	-0.00566
1694	-0.00685
1696	-0.00628
1698	-0.0052
1700	-0.00498
1702	-0.0043
1704	-0.0057
1706	-0.00572
1708	-0.0054
1710	-0.00583
1712	-0.00547
1714	-0.00466
1716	-0.00478
1718	-0.00469
1720	-0.00431
1722	-0.00498
1724	-0.00631
1726	-0.00609
1728	-0.00493
1730	-0.00417
1732	-0.00438
1734	-0.00506
1736	-0.00439
1738	-0.00415
1740	-0.00406
1742	-0.00559
1744	-0.00626
1746	-0.00605
1748	-0.00588
1750	-0.00576
1752	-0.00537
1754	-0.0044
1756	-0.00353
1758	-0.00359
1760	-0.00373
1762	-0.00317
1764	-0.00406
1766	-0.00358
1768	-0.0038
1770	-0.00305
1772	-0.00315
1774	-0.00366
1776	-0.0031
1778	-0.00269
1780	-0.00366
1782	-0.00442
1784	-0.00434
1786	-0.00364
1788	-0.00279
1790	-0.00306
1792	-0.00395
1794	-0.00366
1796	-0.0028
1798	-0.00152
1800	-0.00147
1802	-0.00257
1804	-0.00186
1806	-0.00169
1808	-7.57747E-4
1810	6.97526E-4
1812	7.09799E-4
1814	-1.9875E-4
1816	-0.00252
1818	-0.00214
1820	-0.0011
1822	-0.00185
1824	-0.0032
1826	-0.00239
1828	-0.00224
1830	-6.44305E-4
1832	-0.00214
1834	-0.00256
1836	-0.00207
1838	-0.00238
1840	-0.00279
1842	-0.00348
1844	-0.0022
1846	-6.85859E-4
1848	-9.06054E-4
1850	-8.61248E-4
1852	-3.04442E-4
1854	1.60363E-4
1856	-5.36831E-4
1858	7.18974E-4
1860	-2.2622E-4
1862	-7.40414E-4
1864	-7.63609E-4
1866	-2.97803E-4
1868	0.00138
1870	8.45808E-4
1872	-6.19386E-4
1874	-3.9758E-4
1876	-8.12775E-4
1878	4.00031E-4
1880	0.00115
1882	8.93642E-4
1884	-1.97978E-4
1886	-0.00181
1888	-3.86072E-4
1890	0.00104
1892	3.43835E-4
1894	-4.18212E-4
1896	-0.00169
1898	-0.00168
1900	-8.90352E-4
1902	-2.48399E-4
1904	-0.00115
1906	-0.00101
1908	-0.00189
1910	-0.00135
1912	-5.68633E-4
1914	-2.0268E-4
1916	1.09273E-4
1918	2.77227E-4
1920	6.6118E-4
1922	3.86133E-4
1924	-6.42914E-4
1926	-0.0055
1928	-0.01615
1930	-0.02558
1932	-0.038
1934	-0.05064
1936	-0.06022
1938	-0.06865
1940	-0.07672
1942	-0.0836
1944	-0.08867
1946	-0.09277
1948	-0.09769
1950	-0.10126
1952	-0.10414
1954	-0.10321
1956	-0.09875
1958	-0.093
1960	-0.08822
1962	-0.08139
1964	-0.07585
1966	-0.0698
1968	-0.06421
1970	-0.05959
1972	-0.05658
1974	-0.05279
1976	-0.04995
1978	-0.04601
1980	-0.04455
1982	-0.04253
1984	-0.03968
1986	-0.03825
1988	-0.03603
1990	-0.03415
1992	-0.03283
1994	-0.03332
1996	-0.0309
1998	-0.02914
2000	-0.02842
2002	-0.02723
2004	-0.02481
2006	-0.02282
2008	-0.02278
2010	-0.02183
2012	-0.01975
2014	-0.02001
2016	-0.01935
2018	-0.0177
2020	-0.01785
2022	-0.01804
2024	-0.01916
2026	-0.01939
2028	-0.01894
2030	-0.01848
2032	-0.01806
2034	-0.01782
2036	-0.01734
2038	-0.01691
2040	-0.01675
2042	-0.01637
2044	-0.01645
2046	-0.01661
2048	-0.01696
2050	-0.01635
2052	-0.01592
2054	-0.01478
2056	-0.01417
2058	-0.01348
2060	-0.01263
2062	-0.01224
2064	-0.01198
2066	-0.01306
2068	-0.01359
2070	-0.0123
2072	-0.01245
2074	-0.0118
2076	-0.01312
2078	-0.01399
2080	-0.01388
2082	-0.01303
2084	-0.01309
2086	-0.01279
2088	-0.01248
2090	-0.01124
2092	-0.01157
2094	-0.01203
2096	-0.0122
2098	-0.01212
2100	-0.01198
2102	-0.01185
2104	-0.01164
2106	-0.01095
2108	-0.01173
2110	-0.01165
2112	-0.0115
2114	-0.01148
2116	-0.01031
2118	-0.00973
2120	-0.01085
2122	-0.01083
2124	-0.01157
2126	-0.01289
2128	-0.01328
2130	-0.01182
2132	-0.01075
2134	-0.01029
2136	-0.00955
2138	-0.0081
2140	-0.00779
2142	-0.00847
2144	-0.00871
2146	-0.00824
2148	-0.00941
2150	-0.0105
2152	-0.00888
2154	-0.00801
2156	-0.00852
2158	-0.00877
2160	-0.00867
2162	-0.00872
2164	-0.00897
2166	-0.00895
2168	-0.0091
2170	-0.00908
2172	-0.00955
2174	-0.00894
2176	-0.00979
2178	-0.01023
2180	-0.00997
2182	-0.00937
2184	-0.00824
2186	-0.00744
2188	-0.00758
2190	-0.00779
2192	-0.00736
2194	-0.00633
2196	-0.00664
2198	-0.00706
2200	-0.00833
2202	-0.00763
2204	-0.00711
2206	-0.006
2208	-0.00605
2210	-0.00577
2212	-0.00598
2214	-0.00568
2216	-0.00468
2218	-0.00428
2220	-0.00532
2222	-0.00512
2224	-0.00475
2226	-0.00557
2228	-0.00542
2230	-0.00456
2232	-0.00406
2234	-0.00603
2236	-0.00676
2238	-0.00573
2240	-0.00481
2242	-0.00463
2244	-0.00483
2246	-0.00482
2248	-0.00466
2250	-0.00428
2252	-0.00395
2254	-0.00433
2256	-0.00398
2258	-0.00426
2260	-0.00555
2262	-0.00721
2264	-0.00648
2266	-0.00604
2268	-0.00535
2270	-0.00451
2272	-0.00325
2274	-0.00316
2276	-0.00369
2278	-0.00339
2280	-0.00254
2282	-0.00171
2284	-0.00146
2286	-0.00191
2288	-0.00198
2290	-0.00396
2292	-0.00324
2294	-0.00246
2296	-0.00318
2298	-0.00311
2300	-0.00313
2302	-0.00321
2304	-0.00297
2306	-0.0029
2308	-0.00202
2310	-0.00281
2312	-0.00225
2314	-0.00185
2316	-0.00126
2318	-0.00188
2320	-0.00167
2322	-0.00184
2324	-0.00224
2326	-0.00325
2328	-0.00363
2330	-0.0015
2332	-8.85774E-4
2334	-3.15879E-4
2336	-3.35984E-4
2338	-2.29089E-4
2340	1.53806E-4
2342	-1.10299E-4
2344	1.75597E-4
2346	0.00165
2348	0.00149
2350	-0.00104
2352	-8.67823E-4
2354	-8.79927E-4
2356	-9.64032E-4
2358	-9.86137E-4
2360	-8.38242E-4
2362	-0.00234
2364	-0.00218
2366	-0.00237
2368	-8.71661E-4
2370	-2.04766E-4
2372	3.26146E-5
2374	-2.22762E-4
2376	3.10861E-4
2378	9.24484E-4
2380	9.54107E-4
2382	5.37306E-5
2384	-6.39646E-4
2386	-0.00123
2388	-0.00239
2390	-0.00259
2392	-0.00152
2394	-9.0453E-4
2396	-1.64907E-4
2398	0.00135
2400	0.00126
2402	9.48963E-4
2404	0.00115
2406	5.46209E-4
2408	6.44832E-4
2410	-4.85445E-5
2412	-0.00127
2414	-0.00184
2416	-0.0018
2418	-0.00305
2420	-0.00445
2422	-0.00489
2424	-0.00411
2426	-0.00405
2428	-0.00519
2430	-0.00463
2432	-0.00433
2434	-0.00406
2436	-0.00345
2438	-0.00362
2440	-0.00312
2442	-0.00212
2444	-0.00189
2446	-0.00122
2448	3.59424E-4
2450	5.53124E-4
2452	7.80824E-4
2454	4.73524E-4
2456	-6.06776E-4
2458	-7.78076E-4
2460	7.76241E-5
2462	1.54324E-4
2464	5.29024E-4
2466	7.06724E-4
2468	-1.40576E-4
2470	-0.00154
2472	-0.00266
2474	-0.00143
2476	-6.56776E-4
2478	-4.44076E-4
2480	-7.15376E-4
2482	-3.25676E-4
2484	-7.29758E-5
2486	-6.54276E-4
2488	4.34242E-5
2490	-3.97876E-4
2492	5.88824E-4
2494	0.00127
2496	3.76224E-4
2498	0.00115
2500	4.83624E-4
2502	4.15324E-4
2504	6.34024E-4
2506	5.62724E-4
2508	-4.37576E-4
2510	-0.00175
2512	-6.97789E-4
2514	7.20297E-4
2516	7.80383E-4
2518	0.0022
2520	0.00183
2522	2.46642E-4
2524	-5.22271E-4
2526	-0.00417
2528	-0.01167
2530	-0.02157
2532	-0.0318
2534	-0.04087
2536	-0.04867
2538	-0.05589
2540	-0.06152
2542	-0.06796
2544	-0.07228
2546	-0.0728
2548	-0.07447
2550	-0.07716
2552	-0.07935
2554	-0.08033
2556	-0.07661
2558	-0.07185
2560	-0.06824
2562	-0.06227
2564	-0.05772
2566	-0.05405
2568	-0.05099
2570	-0.04694
2572	-0.0442
2574	-0.04145
2576	-0.03935
2578	-0.03704
2580	-0.03331
2582	-0.03296
2584	-0.03166
2586	-0.02981
2588	-0.02878
2590	-0.02786
2592	-0.02727
2594	-0.02653
2596	-0.02648
2598	-0.02521
2600	-0.02467
2602	-0.02431
2604	-0.0236
2606	-0.02138
2608	-0.02185
2610	-0.02161
2612	-0.0223
2614	-0.0227
2616	-0.0207
2618	-0.01948
2620	-0.01879
2622	-0.01805
2624	-0.01698
2626	-0.01631
2628	-0.01597
2630	-0.01564
2632	-0.01591
2634	-0.01619
2636	-0.01534
2638	-0.01526
2640	-0.01597
2642	-0.01642
2644	-0.01645
2646	-0.01614
2648	-0.01611
2650	-0.01449
2652	-0.01341
2654	-0.01279
2656	-0.01204
2658	-0.01178
2660	-0.01124
2662	-0.00996
2664	-0.01025
2666	-0.01093
2668	-0.01042
2670	-0.0097
2672	-0.00814
2674	-0.00596
2676	-0.00485
2678	-0.00455
2680	-0.00494
2682	-0.00464
2684	-0.00533
2686	-0.00556
2688	-0.006
2690	-0.00676
2692	-0.00647
2694	-0.0058
2696	-0.00722
2698	-0.00831
2700	-0.00824
2702	-0.00891
2704	-0.0086
2706	-0.00662
2708	-0.0078
2710	-0.00672
2712	-0.00727
2714	-0.00785
2716	-0.0071
2718	-0.00546
2720	-0.00583
2722	-0.00687
2724	-0.00752
2726	-0.00706
2728	-0.00721
2730	-0.00635
2732	-0.00632
2734	-0.00677
2736	-0.00763
2738	-0.00655
2740	-0.00455
2742	-0.00446
2744	-0.00472
2746	-0.00469
2748	-0.00542
2750	-0.00488
2752	-0.00509
2754	-0.00443
2756	-0.00418
2758	-0.0045
2760	-0.00538
2762	-0.00603
2764	-0.00578
2766	-0.0046
2768	-0.00507
2770	-0.00468
2772	-0.00468
2774	-0.00431
2776	-0.004
2778	-0.00306
2780	-0.00376
2782	-0.00472
2784	-0.00387
2786	-0.00388
2788	-0.00406
2790	-0.00422
2792	-0.00403
2794	-0.0022
2796	-0.00254
2798	-0.00273
2800	-0.00292
2802	-0.00316
2804	-0.00288
2806	-0.00266
2808	-0.00371
2810	-0.00329
2812	-0.00272
2814	-0.00406
2816	-0.00514
2818	-0.00414
2820	-0.00162
2822	-0.00144
2824	-5.86061E-4
2826	-0.00149
2828	-0.00241
2830	-0.00255
2832	-0.00325
2834	-0.00465
2836	-0.00565
2838	-0.00525
2840	-0.00523
2842	-0.00492
2844	-0.00424
2846	-0.00452
2848	-0.00542
2850	-0.00428
2852	-0.00299
2854	-0.00168
2856	-0.00155
2858	-0.003
2860	-0.00352
2862	-0.00284
2864	-0.00456
2866	-0.00581
2868	-0.00604
2870	-0.00637
2872	-0.00627
2874	-0.00727
2876	-0.00819
2878	-0.00594
2880	-0.00614
2882	-0.00492
2884	-0.00443
2886	-0.00518
2888	-0.00666
2890	-0.00538
2892	-0.00465
2894	-0.00352
2896	-0.00368
2898	-0.00308
2900	-0.00461
2902	-0.00459
2904	-0.00395
2906	-0.00357
2908	-0.00305
2910	-0.00277
2912	-0.00339
2914	-0.00317
2916	-0.00302
2918	-0.00341
2920	-0.00426
2922	-0.00514
2924	-0.00443
2926	-0.0036
2928	-0.00316
2930	-0.00254
2932	-0.00169
2934	8.06507E-5
2936	-4.45555E-4
2938	-0.0019
2940	-0.00137
2942	-0.00155
2944	-0.00285
2946	-0.00234
2948	-0.00369
2950	-0.00348
2952	-0.00424
2954	-0.00606
2956	-0.007
2958	-0.00667
2960	-0.00618
2962	-0.00664
2964	-0.00593
2966	-0.005
2968	-0.00453
2970	-0.00426
2972	-0.00386
2974	-0.00409
2976	-0.00393
2978	-0.00359
2980	-0.00414
2982	-0.00398
2984	-0.00406
2986	-0.00389
2988	-0.00232
2990	-0.00182
2992	-0.00182
2994	-0.00103
2996	-0.00152
2998	-0.00166
3000	-0.00199
3002	-7.49328E-4
3004	4.78467E-4
3006	0.00103
3008	8.17057E-4
3010	-0.00113
3012	-9.32354E-4
3014	-9.90559E-4
3016	-8.57764E-4
3018	-7.99694E-5
3020	-7.67175E-4
3022	-0.00195
3024	-0.00211
3026	-0.00151
3028	-0.00121
3030	-0.00207
3032	-0.00251
3034	-0.00315
3036	-0.00108
3038	-4.93022E-4
3040	1.07729E-5
3042	0.00121
3044	9.60362E-4
3046	-2.17843E-4
3048	7.11952E-4
3050	0.00152
3052	0.00168
3054	-4.53664E-4
3056	-0.0011
3058	-5.70074E-4
3060	-0.00204
3062	-5.05485E-4
3064	2.2731E-4
3066	0.00106
3068	0.00141
3070	1.90988E-4
3072	-7.41747E-4
3074	-3.69482E-4
3076	-7.02171E-5
3078	-2.25952E-4
3080	7.01313E-4
3082	0.00125
3084	0.00189
3086	0.00152
3088	0.00111
3090	-9.04362E-4
3092	-6.79097E-4
3094	0.00118
3096	0.00141
3098	0.00123
3100	0.00152
3102	9.49228E-4
3104	3.54928E-5
3106	-2.04242E-4
3108	3.73023E-4
3110	7.52877E-5
3112	7.55527E-5
3114	1.79818E-4
3116	-1.73917E-4
3118	-9.18652E-4
3120	-4.79387E-4
3122	-8.64122E-4
3124	-6.51857E-4
3126	-0.00356
3128	-0.00943
3130	-0.01584
3132	-0.02407
3134	-0.02973
3136	-0.0361
3138	-0.04231
3140	-0.04633
3142	-0.04992
3144	-0.05291
3146	-0.05544
3148	-0.05723
3150	-0.0602
3152	-0.06125
3154	-0.06135
3156	-0.05938
3158	-0.0559
3160	-0.0531
3162	-0.04961
3164	-0.04624
3166	-0.04384
3168	-0.04099
3170	-0.0384
3172	-0.03632
3174	-0.03526
3176	-0.03353
3178	-0.03311
3180	-0.03071
3182	-0.02857
3184	-0.02836
3186	-0.02709
3188	-0.02618
3190	-0.02464
3192	-0.02442
3194	-0.02441
3196	-0.02323
3198	-0.02205
3200	-0.021
3202	-0.02084
3204	-0.02076
3206	-0.01955
3208	-0.01797
3210	-0.01745
3212	-0.01872
3214	-0.01827
3216	-0.0182
3218	-0.0184
3220	-0.01878
3222	-0.01658
3224	-0.01338
3226	-0.01421
3228	-0.01348
3230	-0.01312
3232	-0.01346
3234	-0.01299
3236	-0.01258
3238	-0.0121
3240	-0.01123
3242	-0.00971
3244	-0.01027
3246	-0.01094
3248	-0.01097
3250	-0.0112
3252	-0.01042
3254	-0.00956
3256	-0.01032
3258	-0.01043
3260	-0.00972
3262	-0.00797
3264	-0.0094
3266	-0.01049
3268	-0.00981
3270	-0.00954
3272	-0.00897
3274	-0.00818
3276	-0.00737
3278	-0.0079
3280	-0.00897
3282	-0.00803
3284	-0.00823
3286	-0.0075
3288	-0.00718
3290	-0.00832
3292	-0.00884
3294	-0.00914
3296	-0.00873
3298	-0.0079
3300	-0.00663
3302	-0.00717
3304	-0.00719
3306	-0.00681
3308	-0.00669
3310	-0.00661
3312	-0.00759
3314	-0.00744
3316	-0.0067
3318	-0.0057
3320	-0.00593
3322	-0.00528
3324	-0.00481
3326	-0.00353
3328	-0.00405
3330	-0.00438
3332	-0.00279
3334	-0.00171
3336	-0.00186
3338	-0.00303
3340	-0.00414
3342	-0.00506
3344	-0.00535
3346	-0.00518
3348	-0.0055
3350	-0.00654
3352	-0.00739
3354	-0.00812
3356	-0.00754
3358	-0.00541
3360	-0.00499
3362	-0.00537
3364	-0.00424
3366	-0.00375
3368	-0.00382
3370	-0.00565
3372	-0.00511
3374	-0.00504
3376	-0.0048
3378	-0.00416
3380	-0.00424
3382	-0.00444
3384	-0.00319
3386	-0.00299
3388	-0.00327
3390	-0.00454
3392	-0.00455
3394	-0.0057
3396	-0.00664
3398	-0.00581
3400	-0.00522
3402	-0.00452
3404	-0.00417
3406	-0.00545
3408	-0.00632
3410	-0.00568
3412	-0.00565
3414	-0.00582
3416	-0.00461
3418	-0.0045
3420	-0.0059
3422	-0.00665
3424	-0.00551
3426	-0.00507
3428	-0.003
3430	-0.00229
3432	-0.00288
3434	-0.00305
3436	-0.00377
3438	-0.00476
3440	-0.00433
3442	-0.00353
3444	-0.0041
3446	-0.00423
3448	-0.00499
3450	-0.00486
3452	-0.0036
3454	-0.0028
3456	-0.00285
3458	-0.00176
3460	-0.00221
3462	-0.00256
3464	-0.00321
3466	-0.00342
3468	-0.00396
3470	-0.00292
3472	-0.00284
3474	-0.00356
3476	-0.003
3478	-0.00221
3480	-0.00157
3482	-0.00126
3484	-0.00193
3486	-0.00188
3488	-0.0019
3490	-8.97074E-4
3492	-9.91963E-4
3494	-0.00114
3496	-0.00181
3498	-0.00167
3500	-9.3652E-4
3502	-0.00171
3504	-0.00187
3506	-0.00209
3508	-0.00237
3510	-0.00241
3512	-0.00183
3514	-0.00212
3516	-0.00142
3518	-0.00149
3520	-5.01411E-4
3522	-8.093E-4
3524	-6.3519E-4
3526	-0.00137
3528	-7.42968E-4
3530	-0.00124
3532	-0.00182
3534	-0.00148
3536	-7.52471E-6
3538	-0.00102
3540	-0.00135
3542	-0.00171
3544	-0.00166
3546	-0.00161
3548	-0.0016
3550	-0.00155
3552	-0.00249
3554	-0.00286
3556	-0.00216
3558	-0.00145
3560	-9.61948E-5
3562	-4.16084E-4
3564	-0.00124
3566	-5.50862E-4
3568	2.49248E-4
3570	-6.35641E-4
3572	-5.5953E-4
3574	-3.83419E-4
3576	-4.34308E-4
3578	-0.00145
3580	-0.00276
3582	-0.00201
3584	-0.0014
3586	-4.92754E-4
3588	-3.06643E-4
3590	-4.01532E-4
3592	6.68578E-4
3594	0.00132
3596	0.00191
3598	0.00221
3600	0.00201
3602	0.00217
3604	8.94243E-4
3606	6.09354E-4
3608	0.00176
3610	0.0022
3612	0.002
3614	0.00219
3616	0.00204
3618	0.00232
3620	0.00301
3622	0.00347
3624	0.00324
3626	0.00172
3628	0.00111
3630	-4.96134E-4
3632	4.26421E-4
3634	2.35975E-4
3636	-1.43471E-4
3638	-2.79917E-4
3640	9.06377E-5
3642	-1.68081E-5
3644	5.40746E-4
3646	8.803E-4
3648	4.70855E-4
3650	8.10409E-4
3652	3.59631E-5
3654	1.23517E-4
3656	7.44072E-4
3658	1.67626E-4
3660	8.5718E-4
3662	9.33734E-4
3664	4.65288E-4
3666	0.00152
3668	9.29397E-4
3670	4.28951E-4
3672	0.00226
3674	0.00252
3676	0.00151
3678	3.15168E-4
3680	0.00102
3682	0.00163
3684	9.58831E-4
3686	3.08385E-4
3688	6.68939E-4
3690	5.13493E-4
3692	0.00147
3694	0.00212
3696	9.60592E-4
3698	-4.073E-5
3700	3.87948E-4
3702	2.76625E-4
3704	0.00113
3706	0.00223
3708	0.00356
3710	0.00303
3712	0.00144
3714	0.00114
3716	0.00104
3718	0.00111
3720	0.00193
3722	0.00242
3724	0.00225
3726	-6.91243E-4
3728	-0.00703
3730	-0.01168
3732	-0.01713
3734	-0.02222
3736	-0.0268
3738	-0.0311
3740	-0.03345
3742	-0.03466
3744	-0.03643
3746	-0.03722
3748	-0.03886
3750	-0.04111
3752	-0.04238
3754	-0.0415
3756	-0.03965
3758	-0.03806
3760	-0.03719
3762	-0.03491
3764	-0.0343
3766	-0.03246
3768	-0.03066
3770	-0.03045
3772	-0.02903
3774	-0.02696
3776	-0.02593
3778	-0.02431
3780	-0.02489
3782	-0.02393
3784	-0.02331
3786	-0.02282
3788	-0.02107
3790	-0.01992
3792	-0.01996
3794	-0.02068
3796	-0.01995
3798	-0.02152
3800	-0.02025
3802	-0.01822
3804	-0.01703
3806	-0.01644
3808	-0.01783
3810	-0.01844
3812	-0.01813
3814	-0.0179
3816	-0.01871
3818	-0.01777
3820	-0.01635
3822	-0.01577
3824	-0.0164
3826	-0.01487
3828	-0.01432
3830	-0.01409
3832	-0.01424
3834	-0.0137
3836	-0.014
3838	-0.01418
3840	-0.01415
3842	-0.01394
3844	-0.0135
3846	-0.01371
3848	-0.01334
3850	-0.01337
3852	-0.01312
3854	-0.0114
3856	-0.01006
3858	-0.00914
3860	-0.00776
3862	-0.00772
3864	-0.00934
3866	-0.00865
3868	-0.00871
3870	-0.00839
3872	-0.00837
3874	-0.00767
3876	-0.007
3878	-0.00671
3880	-0.00605
3882	-0.00608
3884	-0.00695
3886	-0.00745
3888	-0.00635
3890	-0.00649
3892	-0.00652
3894	-0.00636
3896	-0.00552
3898	-0.0053
3900	-0.00481
3902	-0.0049
3904	-0.00712
3906	-0.00628
3908	-0.00561
3910	-0.00694
3912	-0.0073
3914	-0.00624
3916	-0.00497
3918	-0.00532
3920	-0.00505
3922	-0.00495
3924	-0.00495
3926	-0.00481
3928	-0.00407
3930	-0.00307
3932	-0.00264
3934	-0.00327
3936	-0.00408
3938	-0.00335
3940	-0.0017
3942	-0.00146
3944	-7.16151E-4
3946	-0.00108
3948	-0.00106
3950	-0.00133
3952	-0.00271
3954	-0.00397
3956	-0.00455
3958	-0.00516
3960	-0.00466
3962	-0.00452
3964	-0.00416
3966	-0.00476
3968	-0.00433
3970	-0.00397
3972	-0.00376
3974	-0.00405
3976	-0.00427
3978	-0.00437
3980	-0.00299
3982	-0.00262
3984	-0.00243
3986	-0.00172
3988	-0.00258
3990	-0.003
3992	-0.00206
3994	-1.75238E-4
3996	-3.23482E-4
3998	0.0011
4000	0.00127
4002	0.00118
4004	0.00102
4006	0.00149
4008	7.89057E-4
4010	5.36814E-4
4012	-0.00105
4014	-0.00171
4016	-0.00352
4018	-0.00475
4020	-0.0054
4022	-0.00587
4024	-0.00599
4026	-0.00499
4028	-0.00534
4030	-0.00537
4032	-0.00501
4034	-0.00377
4036	-0.0038
4038	-0.0043
4040	-0.00384
4042	-0.0023
4044	-0.00206
4046	-0.00329
4048	-0.00198
4050	-4.96056E-4
4052	-2.52993E-5
4054	3.57457E-4
4056	-2.92786E-4
4058	1.4597E-4
4060	0.00138
4062	0.00116
4064	-3.1676E-4
4066	-6.50004E-4
4068	-0.00138
4070	-0.00165
4072	-9.00734E-4
4074	-4.38978E-4
4076	-0.0017
4078	-0.00248
4080	-0.00121
4082	-0.00182
4084	-0.00196
4086	-0.0016
4088	-0.00101
4090	-0.00128
4092	-0.00226
4094	-0.00165
4096	-0.00159
4098	1.01101E-4
4100	-4.31143E-4
4102	9.04614E-4
4104	9.2837E-4
4106	4.68127E-4
4108	-3.62117E-4
4110	-2.3136E-4
4112	-9.70604E-4
4114	-6.61847E-4
4116	1.87909E-4
4118	6.73666E-4
4120	-0.00122
4122	-7.03821E-4
4124	-0.00155
4126	-0.00135
4128	-0.00106
4130	-0.00238
4132	-0.00318
4134	-0.00374
4136	-0.00366
4138	-0.00352
4140	-0.00134
4142	-5.69256E-4
4144	7.85003E-5
4146	2.32568E-5
4148	-9.61987E-4
4150	-0.00293
4152	-0.00337
4154	-0.00267
4156	-0.00387
4158	-0.00316
4160	-0.00261
4162	-0.00212
4164	-0.00165
4166	-0.00132
4168	-0.00227
4170	-4.33665E-4
4172	6.50915E-5
4174	-3.77152E-4
4176	-1.93955E-5
4178	-3.48639E-4
4180	2.02118E-4
4182	-1.49126E-4
4184	3.27376E-4
4186	4.61878E-4
4188	6.3738E-4
4190	0.00111
4192	0.00135
4194	2.75887E-4
4196	9.83389E-4
4198	0.00203
4200	0.0012
4202	3.96895E-4
4204	4.43973E-5
4206	-7.91005E-5
4208	-4.21598E-4
4210	-7.06096E-4
4212	-0.00135
4214	-8.54092E-4
4216	1.7341E-4
4218	0.00112
4220	0.00177
4222	0.00244
4224	7.17419E-4
4226	-1.10079E-4
4228	1.74423E-4
4230	-3.00075E-4
4232	3.90427E-4
4234	-3.19071E-4
4236	-0.0011
4238	-0.00231
4240	-0.00195
4242	-0.00146
4244	-0.00162
4246	-0.00162
4248	-9.38556E-4
4250	-0.00116
4252	-0.00185
4254	-0.00225
4256	-0.00143
4258	-7.88803E-4
4260	-6.30645E-4
4262	-0.00101
4264	-0.00188
4266	-0.00176
4268	-9.84014E-4
4270	-6.70857E-4
4272	2.42301E-4
4274	4.94587E-5
4276	9.94616E-4
4278	7.67774E-4
4280	5.73932E-4
4282	0.00239
4284	0.00238
4286	0.00157
4288	5.01563E-4
4290	6.4872E-4
4292	3.96878E-4
4294	-3.59964E-4
4296	6.19336E-6
4298	0.00152
4300	1.26509E-4
4302	-3.02334E-4
4304	1.07824E-4
4306	6.12982E-4
4308	6.5514E-4
4310	0.00109
4312	0.00187
4314	0.00202
4316	0.00213
4318	0.00144
4320	3.73086E-4
4322	-7.7354E-4
4324	-0.00276
4326	-0.0053
4328	-0.0088
4330	-0.01217
4332	-0.0137
4334	-0.0162
4336	-0.01872
4338	-0.0203
4340	-0.02155
4342	-0.02403
4344	-0.02498
4346	-0.02619
4348	-0.02724
4350	-0.02698
4352	-0.02789
4354	-0.02722
4356	-0.02503
4358	-0.02396
4360	-0.02426
4362	-0.0221
4364	-0.02079
4366	-0.02053
4368	-0.02119
4370	-0.02076
4372	-0.02059
4374	-0.02092
4376	-0.02099
4378	-0.02174
4380	-0.02257
4382	-0.02182
4384	-0.02207
4386	-0.02181
4388	-0.02153
4390	-0.02159
4392	-0.02176
4394	-0.02278
4396	-0.02084
4398	-0.02047
4400	-0.02033
4402	-0.02036
4404	-0.01962
4406	-0.01836
4408	-0.01841
4410	-0.01773
4412	-0.01653
4414	-0.01774
4416	-0.01827
4418	-0.01693
4420	-0.01579
4422	-0.01677
4424	-0.01643
4426	-0.01563
4428	-0.0143
4430	-0.01516
4432	-0.01433
4434	-0.01441
4436	-0.01319
4438	-0.01377
4440	-0.01248
4442	-0.01206
4444	-0.01163
4446	-0.0114
4448	-0.0098
4450	-0.01006
4452	-0.01062
4454	-0.01057
4456	-0.01037
4458	-0.01132
4460	-0.01156
4462	-0.01186
4464	-0.01171
4466	-0.00951
4468	-0.01025
4470	-0.01056
4472	-0.0098
4474	-0.00875
4476	-0.00987
4478	-0.00982
4480	-0.00912
4482	-0.01073
4484	-0.01119
4486	-0.01152
4488	-0.0121
4490	-0.01243
4492	-0.01369
4494	-0.01414
4496	-0.01475
4498	-0.0158
4500	-0.01472
4502	-0.01382
4504	-0.0134
4506	-0.01376
4508	-0.01286
4510	-0.01332
4512	-0.01306
4514	-0.0124
4516	-0.01174
4518	-0.01072
4520	-0.01121
4522	-0.00958
4524	-0.01035
4526	-0.01159
4528	-0.01169
4530	-0.01023
4532	-0.00995
4534	-0.00833
4536	-0.00805
4538	-0.00938
4540	-0.00943
4542	-0.00997
4544	-0.0101
4546	-0.00825
4548	-0.00795
4550	-0.00719
4552	-0.00663
4554	-0.00597
4556	-0.00552
4558	-0.00675
4560	-0.00683
4562	-0.00605
4564	-0.00638
4566	-0.00542
4568	-0.00467
4570	-0.00511
4572	-0.00594
4574	-0.00389
4576	-0.00361
4578	-0.00381
4580	-0.00324
4582	-0.00489
4584	-0.00441
4586	-0.00435
4588	-0.00412
4590	-0.00421
4592	-0.00333
4594	-0.00322
4596	-0.0024
4598	-0.003
4600	-0.00298
4602	-0.00358
4604	-0.00306
4606	-0.00306
4608	-0.00186
4610	-0.00148
4612	-0.00174
4614	-0.00162
4616	-9.25795E-4
4618	-6.48599E-4
4620	-0.00176
4622	-0.00303
4624	-0.00441
4626	-0.00419
4628	-0.00285
4630	-0.00158
4632	-0.00265
4634	-0.00235
4636	-0.00325
4638	-0.00348
4640	-0.00269
4642	-0.00176
4644	-7.7906E-4
4646	-0.00109
4648	-0.00178
4650	-0.00243
4652	-0.00216
4654	-0.00194
4656	-0.00283
4658	-0.00426
4660	-0.00456
4662	-0.00276
4664	-0.002
4666	-0.00225
4668	-0.0018
4670	-5.72433E-4
4672	-0.00156
4674	-0.00194
4676	-0.00263
4678	-0.00186
4680	-0.00158
4682	-0.00191
4684	-0.00244
4686	-0.0039
4688	-0.0033
4690	-0.00131
4692	-0.00172
4694	-0.00127
4696	-0.00143
4698	-0.00187
4700	-0.00241
4702	-0.00169
4704	-2.64223E-4
4706	1.39496E-4
4708	-0.00111
4710	-3.34068E-4
4712	-6.5135E-4
4714	-0.00179
4716	-0.0018
4718	-0.0017
4720	-0.00168
4722	-0.001
4724	-9.7304E-4
4726	-0.00125
4728	-5.99603E-4
4730	-0.00129
4732	-0.00144
4734	-0.00226
4736	-0.00138
4738	-0.00147
4740	-0.00161
4742	-4.41519E-4
4744	3.16992E-4
4746	-4.25497E-4
4748	-8.24986E-4
4750	-0.00151
4752	-0.00104
4754	-0.00162
4756	-0.00214
4758	-0.00225
4760	-0.00154
4762	-0.00269
4764	-0.00271
4766	-0.00335
4768	-0.0028
4770	-0.00267
4772	-0.0034
4774	-0.00356
4776	-0.00185
4778	-2.7832E-4
4780	-6.58095E-5
4782	1.11702E-4
4784	-2.33787E-4
4786	1.80724E-4
4788	-5.83765E-4
4790	6.97455E-5
4792	0.00112
4794	7.64768E-4
4796	0.00105
4798	0.00169
4800	0.00268
4802	0.00294
4804	0.00287
4806	0.00328
4808	0.00226
4810	6.57185E-4
4812	8.96356E-4
4814	0.00188
4816	0.00191
4818	0.00131
4820	0.00179
4822	0.00192
4824	0.00192
4826	0.00141
4828	5.2372E-4
4830	-1.1011E-4
4832	-7.79392E-5
4834	6.92313E-5
4836	2.48402E-4
4838	7.47572E-4
4840	0.00114
4842	6.9133E-6
4844	-0.00116
4846	-0.00125
4848	-1.65752E-5
4850	-2.01405E-4
4852	-3.84234E-4
4854	4.62936E-4
4856	0.00127
4858	5.08277E-4
4860	5.71448E-4
4862	8.67618E-4
4864	0.00118
4866	0.00109
4868	0.00202
4870	0.00142
4872	0.00217
4874	0.00162
4876	8.61812E-4
4878	0.00136
4880	9.55978E-4
4882	0.00177
4884	9.53796E-4
4886	1.38205E-4
4888	5.59613E-4
4890	7.94022E-4
4892	0.00146
4894	0.00146
4896	0.00165
4898	0.00155
4900	0.00172
4902	0.00111
4904	0.00166
4906	9.86293E-4
4908	0.001
4910	0.00283
4912	0.00419
4914	0.00486
4916	0.0054
4918	0.00464
4920	0.00358
4922	0.00497
4924	0.00457
4926	0.00302
4928	6.86789E-4
4930	-0.00277
4932	-0.00479
4934	-0.00508
4936	-0.00645
4938	-0.00766
4940	-0.00741
4942	-0.00861
4944	-0.00963
4946	-0.00953
4948	-0.00795
4950	-0.00795
4952	-0.00746
4954	-0.00616
4956	-0.00525
4958	-0.00528
4960	-0.00605
4962	-0.00758
4964	-0.00796
4966	-0.00913
4968	-0.01073
4970	-0.0117
4972	-0.01206
4974	-0.01194
4976	-0.01205
4978	-0.01244
4980	-0.0114
4982	-0.01131
4984	-0.01233
4986	-0.01375
4988	-0.01297
4990	-0.01328
4992	-0.01179
4994	-0.01151
4996	-0.01326
4998	-0.01288
5000	-0.01101
5002	-0.01105
5004	-0.01024
5006	-0.01094
5008	-0.01054
5010	-0.00979
5012	-0.00966
5014	-0.01024
5016	-0.0099
5018	-0.00992
5020	-0.00952
5022	-0.00989
5024	-0.01031
5026	-0.01
5028	-0.00881
5030	-0.00813
5032	-0.00784
5034	-0.00788
5036	-0.00782
5038	-0.00709
5040	-0.00723
5042	-0.00676
5044	-0.00489
5046	-0.00476
5048	-0.0045
5050	-0.00377
5052	-0.00373
5054	-0.00246
5056	-0.0031
5058	-0.00335
5060	-0.00324
5062	-0.00352
5064	-0.00349
5066	-0.00407
5068	-0.00445
5070	-0.00444
5072	-0.0045
5074	-0.00323
5076	-0.00329
5078	-0.00284
5080	-0.0033
5082	-0.00346
5084	-0.00278
5086	-0.00206
5088	-9.58287E-4
5090	-4.63284E-4
5092	-6.6328E-4
5094	-1.97276E-4
5096	-1.76272E-4
5098	1.89732E-4
5100	2.55736E-4
5102	0.00128
5104	0.00211
5106	0.00193
5108	0.00201
5110	0.00172
5112	0.00149
5114	0.00128
5116	0.0021
5118	0.00234
5120	0.00242
5122	0.00223
5124	0.00274
5126	0.00339
5128	0.00436
5130	0.00404
5132	0.00375
5134	0.00381
5136	0.00308
5138	0.00283
5140	0.00425
5142	0.0045
5144	0.00338
5146	0.00312
5148	0.00252
5150	0.00306
5152	0.00338
5154	0.00213
5156	0.00214
5158	0.00349
5160	0.00329
5162	0.003
5164	0.00218
5166	0.00177
5168	0.00129
5170	0.00146
5172	0.00237
5174	0.00362
5176	0.00388
5178	0.00299
5180	0.00156
5182	0.00353
5184	0.00459
5186	0.00386
5188	0.00316
5190	0.00413
5192	0.00455
5194	0.00418
5196	0.00313
5198	0.00447
5200	0.00409
5202	0.00431
5204	0.00598
5206	0.00609
5208	0.00631
5210	0.00586
5212	0.00591
5214	0.00541
5216	0.00438
5218	0.00354
5220	0.00283
5222	0.00309
5224	0.00483
5226	0.00531
5228	0.00712
5230	0.00653
5232	0.00449
5234	0.00462
5236	0.00428
5238	0.0041
5240	0.00392
5242	0.00369
5244	0.00212
5246	7.56019E-4
5248	9.91022E-4
5250	5.42026E-4
5252	3.7503E-4
5254	7.93034E-4
5256	0.00134
5258	5.70042E-4
5260	-5.76954E-4
5262	-0.00213
5264	-0.00272
5266	-0.00313
5268	-0.00377
5270	-0.00373
5272	-0.00489
5274	-0.00663
5276	-0.00699
5278	-0.00627
5280	-0.00589
5282	-0.00615
5284	-0.00557
5286	-0.00506
5288	-0.00499
5290	-0.00437
5292	-0.00474
5294	-0.00407
5296	-0.00347
5298	-0.0025
5300	-0.00224
5302	-0.00306
5304	-0.0045
5306	-0.00359
5308	-0.00383
5310	-0.00334
5312	-0.00239
5314	-1.3185E-4
5316	-9.18459E-5
5318	-5.86842E-4
5320	-0.00215
5322	-0.00295
5324	-0.00373
5326	-0.00388
5328	-0.0031
5330	-0.00463
5332	-0.00467
5334	-0.00569
5336	-0.00763
5338	-0.00774
5340	-0.0066
5342	-0.0068
5344	-0.00692
5346	-0.00696
5348	-0.00575
5350	-0.00501
5352	-0.00463
5354	-0.00401
5356	-0.00444
5358	-0.00455
5360	-0.0042
5362	-0.00481
5364	-0.00436
5366	-0.00473
5368	-0.00448
5370	-0.00479
5372	-0.00464
5374	-0.00303
5376	-0.00315
5378	-0.00149
5380	-5.53722E-4
5382	2.40282E-4
5384	5.16286E-4
5386	6.1129E-4
5388	1.74293E-4
5390	-6.25703E-4
5392	2.59301E-4
5394	0.00137
5396	0.00157
5398	0.00119
5400	0.00145
5402	0.00159
5404	0.00122
5406	0.00117
5408	0.00126
5410	8.44336E-4
5412	4.2334E-4
5414	2.62344E-4
5416	6.63477E-5
5418	2.93352E-4
5420	-5.33645E-4
5422	-2.26641E-4
5424	8.83363E-4
5426	6.52367E-4
5428	0.00111
5430	1.77375E-4
5432	0.00101
5434	9.41383E-4
5436	0.00268
5438	0.00312
5440	0.00231
5442	8.75907E-4
5444	8.69414E-4
5446	5.46921E-4
5448	0.00193
5450	0.00249
5452	9.09442E-4
5454	0.00152
5456	0.00282
5458	0.00118
5460	3.5647E-4
5462	8.29771E-5
5464	3.16484E-4
5466	-1.75009E-4
5468	-6.2502E-5
5470	7.21005E-4
5472	-3.60488E-4
5474	-2.81981E-4
5476	5.87526E-4
5478	2.48033E-4
5480	4.3454E-4
5482	0.00115
5484	7.19554E-4
5486	0.00153
5488	0.00283
5490	0.00273
5492	0.00136
5494	0.00182
5496	0.00294
5498	0.00348
5500	0.00403
5502	0.00341
5504	0.00282
5506	0.00262
5508	0.00421
5510	0.00549
5512	0.0051
5514	0.00551
5516	0.00586
5518	0.00517
5520	0.00468
5522	0.00459
5524	0.00428
5526	0.00255
5528	3.15057E-4
5530	-5.09871E-5
5532	-1.11031E-4
5534	0.00106
5536	0.00344
5538	0.00504
5540	0.00524
5542	0.00615
5544	0.00653
5546	0.00652
5548	0.00651
5550	0.00707
5552	0.00807
5554	0.0095
5556	0.01031
5558	0.01221
5560	0.0129
5562	0.0099
5564	0.00721
5566	0.00536
5568	0.00514
5570	0.00435
5572	0.00252
5574	0.00123
5576	3.00517E-4
5578	-0.00128
5580	-0.00104
5582	-0.00118
5584	-0.0012
5586	-6.44025E-4
5588	9.9467E-5
5590	-6.76041E-4
5592	3.64504E-5
5594	-5.99058E-4
5596	-0.00107
5598	-0.00168
5600	-0.00117
5602	-9.26091E-4
5604	-8.83599E-4
5606	-2.27108E-4
5608	7.38399E-6
5610	-7.54124E-4
5612	3.14367E-4
5614	5.47859E-4
5616	2.19351E-4
5618	0.0011
5620	0.00239
5622	0.00193
5624	0.00148
5626	0.0011
5628	0.00197
5630	0.00244
5632	0.00194
5634	0.00114
5636	-8.97322E-5
5638	-8.99241E-4
5640	-5.48749E-4
5642	2.31743E-4
5644	0.00144
5646	0.0021
5648	0.00183
5650	0.0015
5652	0.00143
5654	0.00124
5656	0.00211
5658	0.00112
5660	0.00129
5662	0.00106
5664	0.00175
5666	0.00145
5668	0.00225
5670	0.00233
5672	0.00351
5674	0.00477
5676	0.00456
5678	0.00417
5680	0.00378
5682	0.00355
5684	0.00362
5686	0.00459
5688	0.00564
5690	0.00533
5692	0.00474
5694	0.00456
5696	0.00449
5698	0.0038
5700	0.00226
5702	0.00186
5704	0.00297
5706	0.00336
5708	0.00275
5710	0.00192
5712	9.34952E-4
5714	-3.49556E-4
5716	-3.18818E-5
5718	0.00101
5720	0.00147
5722	0.00106
5724	0.00195
5726	0.00299
5728	0.00277
5730	9.21477E-4
5732	0.00121
5734	0.00178
5736	0.00163
5738	-2.24461E-4
5740	3.73305E-4
5742	0.00193
5744	0.00237
5746	0.00212
5748	0.00223
5750	0.0027
5752	0.00336
5754	0.0025
5756	0.00219
5758	0.00264
5760	0.00194
5762	0.0015
5764	0.00137
5766	0.00281
5768	0.0037
5770	0.00288
5772	0.00252
5774	0.00222
5776	0.00216
5778	0.00352
5780	0.00178
5782	-3.28619E-4
5784	1.92147E-4
5786	2.74574E-5
5788	1.39277E-4
5790	-3.15904E-4
5792	-8.05084E-4
5794	1.72735E-4
5796	2.97555E-4
5798	-9.26256E-5
5800	-0.00122
5802	-0.00109
5804	-0.00101
5806	-8.63348E-4
5808	-8.29528E-4
5810	-0.00176
5812	-2.73889E-4
5814	0.00133
5816	4.1575E-4
5818	2.45693E-5
5820	0.00126
5822	8.37208E-4
5824	1.17028E-4
5826	0.00185
5828	0.00368
5830	0.00343
5832	0.00232
5834	0.00161
5836	0.00154
5838	0.00266
5840	0.00296
5842	0.0032
5844	0.00192
5846	0.00103
5848	0.00184
5850	0.00211
5852	0.00236
5854	5.2232E-4
5856	4.1812E-5
5858	7.70304E-4
5860	4.82795E-4
5862	9.32287E-4
5864	7.59779E-4
5866	3.1327E-4
5868	3.30762E-4
5870	9.36254E-4
5872	0.00123
5874	0.00187
5876	3.72729E-4
5878	-4.88779E-4
5880	-0.00103
5882	-5.34796E-4
5884	-6.63304E-4
5886	-4.52813E-4
5888	-4.55321E-4
5890	-0.00149
5892	-5.96337E-4
5894	1.78154E-4
5896	-5.13354E-4
5898	-4.19862E-4
5900	-2.93707E-5
5902	3.60121E-4
5904	0.0047
5906	0.01141
5908	0.01591
5910	0.01803
5912	0.01675
5914	0.01359
5916	0.01141
5918	0.00948
5920	0.00691
5922	0.00471
5924	0.00364
5926	0.00369
5928	0.00324
5930	0.00149
5932	0.00157
5934	-5.33602E-5
5936	-7.28226E-4
5938	-0.00121
5940	-8.95958E-4
5942	-0.00213
5944	-0.00183
5946	-0.00118
5948	-0.0013
5950	-0.00169
5952	-0.00141
5954	-5.02021E-4
5956	0.00109
5958	0.00243
5960	0.00273
5962	0.00219
5964	0.00198
5966	0.00194
5968	0.00167
5970	0.00237
5972	0.00178
5974	7.82319E-4
5976	-3.71547E-4
5978	2.87587E-4
5980	8.95721E-4
5982	1.42855E-4
5984	-3.91011E-4
5986	-7.95877E-4
5988	-0.00135
5990	-3.71609E-4
5992	-1.90475E-4
5994	-0.00129
5996	-4.3845E-4
5998	0.00112
6000	0.00146
6002	0.00198
6004	0.00246
6006	0.00251
6008	0.00265
6010	0.00243
6012	0.0023
6014	0.0024
6016	0.00206
6018	0.00369
6020	0.00373
6022	0.00289
6024	7.86381E-4
6026	6.32583E-4
6028	0.00129
6030	0.00171
6032	0.0011
6034	7.40392E-4
6036	0.00116
6038	0.00137
6040	0.0015
6042	0.00268
6044	0.00339
6046	0.00274
6048	0.00239
6050	0.00217
6052	0.00284
6054	0.00213
6056	0.00308
6058	0.00301
6060	0.00213
6062	0.00219
6064	0.00198
6066	8.9786E-4
6068	0.00108
6070	0.00143
6072	0.00196
6074	0.00234
6076	0.00174
6078	0.00186
6080	0.00196
6082	0.0028
6084	0.0036
6086	0.00366
6088	0.0042
6090	0.00468
6092	0.00486
6094	0.00383
6096	0.00291
6098	0.00345
6100	0.00328
6102	0.00283
6104	0.00406
6106	0.00391
6108	0.00354
6110	0.00443
6112	0.00523
6114	0.00626
6116	0.00538
6118	0.00495
6120	0.00315
6122	0.00266
6124	0.00292
6126	0.00282
6128	0.00141
6130	-6.09678E-4
6132	-9.7232E-4
6134	-0.0015
6136	4.87646E-4
6138	0.00342
6140	0.00592
6142	0.00742
6144	0.01031
6146	0.01102
6148	0.01236
6150	0.01324
6152	0.01502
6154	0.01639
6156	0.01865
6158	0.02046
6160	0.0199
6162	0.0168
6164	0.01301
6166	0.01099
6168	0.01046
6170	0.0079
6172	0.00368
6174	0.0019
6176	0.00166
6178	0.00134
6180	-4.50377E-4
6182	-0.00208
6184	-0.00246
6186	-0.00249
6188	-0.00234
6190	-0.00259
6192	-0.00364
6194	-0.00399
6196	-0.00313
6198	-0.00311
6200	-0.0022
6202	-0.00178
6204	-0.00123
6206	-0.00139
6208	-8.39416E-4
6210	-5.40596E-4
6212	-0.00115
6214	-0.00174
6216	-0.00266
6218	-0.00235
6220	-0.00143
6222	-0.00125
6224	-1.1886E-4
6226	-0.00165
6228	-0.00328
6230	-0.00255
6232	-0.00241
6234	-0.0017
6236	-1.64943E-4
6238	6.90877E-4
6240	-3.23036E-5
6242	3.51516E-4
6244	7.44335E-4
6246	2.60155E-4
6248	8.17974E-4
6250	4.24794E-4
6252	3.12613E-4
6254	-0.00138
6256	-0.00167
6258	-0.00172
6260	-6.48109E-4
6262	-6.70289E-4
6264	-6.4947E-4
6266	-5.0465E-4
6268	-4.31831E-4
6270	0.0014
6272	0.00109
6274	-6.57826E-4
6276	4.3754E-4
6278	-5.28094E-4
6280	5.11272E-4
6282	0.00179
6284	0.00203
6286	0.00189
6288	8.80735E-4
6290	9.75101E-4
6292	0.00277
6294	0.00334
6296	0.00289
6298	0.00324
6300	0.00255
6302	0.00171
6304	7.63661E-4
6306	-1.80973E-4
6308	2.54393E-4
6310	-1.09241E-4
6312	1.70125E-4
6314	1.32491E-4
6316	-5.24144E-4
6318	0.00121
6320	0.0012
6322	0.00108
6324	0.00115
6326	0.00143
6328	0.00226
6330	0.00273
6332	0.00306
6334	0.00209
6336	0.00113
6338	0.00102
6340	0.00108
6342	5.84854E-4
6344	-1.22326E-4
6346	-9.50656E-6
6348	-0.0011
6350	-0.00137
6352	-3.16048E-4
6354	1.45771E-4
6356	-6.22409E-4
6358	-0.00132
6360	-0.00165
6362	-0.00195
6364	-0.00343
6366	-0.00375
6368	-0.00228
6370	-0.00231
6372	-0.00246
6374	-0.00284
6376	-0.00238
6378	-0.00212
6380	-0.00242
6382	-0.00313
6384	-0.00303
6386	-0.00234
6388	-8.85297E-4
6390	-6.54478E-4
6392	-9.46658E-4
6394	-3.91839E-4
6396	-4.57019E-4
6398	-0.00167
6400	-0.00241
6402	-0.00101
6404	1.21259E-4
6406	-0.00107
6408	-0.00227
6410	-0.00204
6412	-0.00242
6414	-0.00139
6416	-5.72582E-4
6418	-2.17515E-4
6420	4.11551E-4
6422	0.00119
6424	6.17684E-4
6426	-1.0225E-4
6428	0.00157
6430	0.00185
6432	0.00122
6434	0.00159
6436	0.00285
6438	9.76148E-4
6440	3.40215E-4
6442	0.00111
6444	-2.35653E-4
6446	-0.00133
6448	-0.00183
6450	-6.85454E-4
6452	6.92613E-4
6454	3.31679E-4
6456	7.72745E-4
6458	-4.82188E-4
6460	1.50878E-4
6462	1.42944E-4
6464	-0.00114
6466	-5.95923E-4
6468	8.96143E-4
6470	0.00144
6472	8.88276E-4
6474	0.00136
6476	0.00163
6478	0.0014
6480	-8.24585E-5
6482	-0.00151
6484	-0.0024
6486	-0.00102
6488	-0.00283
6490	-0.00497
6492	-0.00408
6494	-0.00483
6496	-0.0066
6498	-0.00722
6500	-0.00687
6502	-0.00709
6504	-0.00534
6506	-0.00503
6508	-0.0051
6510	-0.00371
6512	-0.00277
6514	-0.00333
6516	-0.00278
6518	-0.00159
6520	-0.00217
6522	-0.00268
6524	-0.00345
6526	-0.00152
6528	-0.00141
6530	-0.00106
6532	-7.17385E-4
6534	-9.53796E-4
6536	-0.00225
6538	-0.0019
6540	5.36974E-4
6542	0.00116
6544	0.00132
6546	5.24743E-4
6548	-3.87667E-4
6550	-6.64077E-4
6552	-0.00126
6554	-0.00181
6556	-4.08157E-4
6558	-4.03261E-4
6560	-0.00131
6562	-0.0013
6564	-0.00273
6566	-0.00225
6568	-0.00161
6570	-0.0021
6572	-0.00322
6574	-0.00325
6576	-0.00206
6578	-0.00225
6580	-0.00231
6582	-0.00369
6584	-0.00361
6586	-0.00451
6588	-0.00336
6590	-0.00188
6592	-0.00137
6594	-3.98131E-4
6596	-7.78235E-4
6598	-0.00151
6600	-0.00225
6602	-0.00308
6604	-0.00321
6606	-0.00259
6608	-0.00185
6610	-0.00157
6612	-6.60066E-4
6614	5.1583E-4
6616	-7.01274E-4
6618	-9.81378E-4
6620	-9.93482E-4
6622	-8.21327E-4
6624	-3.18721E-4
6626	-6.88115E-4
6628	-1.29509E-4
6630	2.46097E-4
6632	-9.28297E-4
6634	-0.00208
6636	-0.00148
6638	2.81521E-4
6640	4.63127E-4
6642	-4.25267E-4
6644	-1.02661E-4
6646	0.00101
6648	0.00123
6650	5.59157E-4
6652	0.00159
6654	0.00165
6656	1.38975E-4
6658	-0.00143
6660	-0.0014
6662	-0.00154
6664	-7.22601E-4
6666	0.00179
6668	0.00159
6670	6.94217E-4
6672	9.95824E-4
6674	0.00143
6676	8.38036E-4
6678	0.00165
6680	0.00332
6682	0.00339
6684	0.00378
6686	0.0028
6688	0.00119
6690	9.32278E-4
6692	0.00171
6694	0.00116
6696	0.00139
6698	0.00213
6700	0.00103
6702	0.00232
6704	0.00252
6706	0.00251
6708	0.00307
6710	0.00364
6712	0.00282
6714	0.00355
6716	0.00372
6718	0.00316
6720	0.00294
6722	0.00468
6724	0.00494
6726	0.00353
6728	0.00146
6730	0.00114
6732	0.00188
6734	0.00269
6736	0.00522
6738	0.00795
6740	0.01082
6742	0.01397
6744	0.01668
6746	0.01907
6748	0.02185
6750	0.02349
6752	0.02497
6754	0.02783
6756	0.03141
6758	0.03241
6760	0.03062
6762	0.02752
6764	0.02302
6766	0.01898
6768	0.01568
6770	0.01396
6772	0.01192
6774	0.01071
6776	0.00912
6778	0.00699
6780	0.0057
6782	0.00508
6784	0.00261
6786	5.86454E-4
6788	0.00108
6790	1.72999E-4
6792	0.00109
6794	0.00225
6796	0.00225
6798	0.00118
6800	0.00146
6802	3.80633E-4
6804	-4.40941E-5
6806	-5.19822E-4
6808	-0.00126
6810	-0.00146
6812	-0.00201
6814	-0.00153
6816	-0.001
6818	-1.42187E-4
6820	4.89086E-4
6822	6.63582E-5
6824	1.09631E-4
6826	6.00903E-4
6828	9.69176E-4
6830	0.00186
6832	0.00258
6834	0.00262
6836	0.0021
6838	0.00267
6840	0.0022
6842	0.00139
6844	0.00147
6846	0.00124
6848	4.32889E-4
6850	5.80981E-4
6852	8.60741E-5
6854	1.11167E-4
6856	8.92259E-4
6858	0.00173
6860	0.00286
6862	0.00308
6864	0.00237
6866	0.002
6868	0.00227
6870	0.00146
6872	0.00152
6874	0.00194
6876	0.00264
6878	0.00258
6880	0.00118
6882	3.01464E-4
6884	1.30557E-4
6886	0.00108
6888	0.00216
6890	9.89835E-4
6892	-3.56073E-4
6894	-2.0398E-4
6896	9.62113E-4
6898	6.56205E-4
6900	-1.79336E-5
6902	0.00131
6904	0.00119
6906	5.50955E-4
6908	6.25585E-4
6910	8.13214E-4
6912	0.00147
6914	0.00252
6916	0.00253
6918	0.00199
6920	0.00194
6922	9.60992E-4
6924	4.46213E-5
6926	-5.12749E-4
6928	-0.00124
6930	-0.00194
6932	-0.00277
6934	-0.00122
6936	3.78399E-4
6938	6.09028E-4
6940	6.93658E-4
6942	9.01287E-4
6944	3.16917E-4
6946	8.72547E-4
6948	0.00107
6950	6.47806E-4
6952	4.75435E-4
6954	0.00179
6956	7.72694E-4
6958	1.34324E-4
6960	1.41954E-4
6962	3.78583E-4
6964	9.50213E-4
6966	-5.85158E-4
6968	-0.00116
6970	-0.00158
6972	1.45973E-4
6974	6.15547E-4
6976	0.0013
6978	-2.23036E-5
6980	-9.06729E-4
6982	-7.38154E-4
6984	-6.6358E-4
6986	-0.00113
6988	-8.41431E-4
6990	-1.38856E-4
6992	-6.99282E-4
6994	-0.00239
6996	-0.00319
6998	-0.00338
7000	-0.00204
7002	-0.00139
7004	-0.00141
7006	-0.00141
7008	-9.10685E-4
7010	3.5289E-4
7012	3.30464E-4
7014	2.10388E-5
7016	0.00164
7018	0.00223
7020	0.00141
7022	4.70337E-4
7024	-1.26088E-4
7026	-0.00126
7028	-0.00135
7030	-2.42365E-4
7032	3.6921E-4
7034	5.47846E-5
7036	0.00154
7038	0.0027
7040	0.00273
7042	0.00527
7044	0.00471
7046	0.00329
7048	0.0027
7050	0.0034
7052	0.00334
7054	0.00334
7056	0.00274
7058	0.00434
7060	0.00472
7062	0.00393
7064	0.00352
7066	0.00316
7068	0.00302
7070	0.00227
7072	2.58702E-4
7074	5.15276E-4
7076	3.90851E-4
7078	-9.34575E-4
7080	4.19E-4
7082	4.71575E-4
7084	0.0012
7086	0.00107
7088	0.00121
7090	0.00215
7092	0.00117
7094	0.00133
7096	0.0011
7098	0.00231
7100	0.00233
7102	0.00226
7104	8.83895E-4
7106	-1.28531E-4
7108	0.00192
7110	0.00234
7112	0.00143
7114	0.00167
7116	0.00281
7118	0.00352
7120	0.0026
7122	0.00225
7124	0.00256
7126	0.00165
7128	7.47132E-4
7130	0.00146
7132	5.0855E-4
7134	0.00134
7136	0.00218
7138	0.00137
7140	0.00216
7142	0.00278
7144	0.00328
7146	0.00249
7148	0.00235
7150	0.00271
7152	0.00305
7154	0.00246
7156	0.00223
7158	0.00179
7160	0.00127
7162	-4.43185E-5
7164	2.6689E-4
7166	0.00157
7168	0.00162
7170	-2.82483E-4
7172	-9.41275E-4
7174	-0.00161
7176	-0.0015
7178	-0.00281
7180	-0.00381
7182	-0.00224
7184	-0.00136
7186	-0.00276
7188	-0.00253
7190	-0.00131
7192	4.73144E-4
7194	-5.15182E-4
7196	-0.00163
7198	-0.00141
7200	-3.80161E-4
7202	-0.00143
7204	-0.00125
7206	-8.95141E-4
7208	-0.00159
7210	-0.00108
7212	-0.00157
7214	-0.00131
7216	-0.00151
7218	-3.46099E-4
7220	0.00103
7222	0.00173
7224	6.79922E-4
7226	-1.74049E-5
7228	1.85269E-4
7230	-0.00109
7232	-5.65384E-4
7234	5.70289E-4
7236	0.00201
7238	0.00211
7240	0.00109
7242	0.0016
7244	0.00129
7246	9.51331E-4
7248	0.00111
7250	6.66397E-4
7252	9.8161E-4
7254	0.0011
7256	0.0018
7258	0.00213
7260	0.00211
7262	0.00163
7264	0.00123
7266	9.13099E-4
7268	8.63114E-5
7270	6.58524E-4
7272	3.61737E-4
7274	-8.05044E-6
7276	4.11162E-4
7278	-8.68625E-4
7280	-4.89412E-4
7282	2.048E-4
7284	-1.69868E-5
7286	5.58226E-4
7288	0.00197
7290	8.74651E-4
7292	5.18864E-4
7294	8.89077E-4
7296	0.0011
7298	5.75022E-5
7300	3.98715E-4
7302	0.00206
7304	0.00238
7306	0.00242
7308	0.00296
7310	0.00426
7312	0.00395
7314	0.00432
7316	0.00423
7318	0.00398
7320	0.00334
7322	0.00336
7324	0.00442
7326	0.00494
7328	0.00316
7330	0.00195
7332	0.00334
7334	0.0064
7336	0.00889
7338	0.01341
7340	0.0156
7342	0.01883
7344	0.02122
7346	0.02553
7348	0.02937
7350	0.03342
7352	0.03523
7354	0.03729
7356	0.03944
7358	0.03909
7360	0.03667
7362	0.03239
7364	0.02905
7366	0.02554
7368	0.02204
7370	0.01935
7372	0.01666
7374	0.01409
7376	0.01082
7378	0.00749
7380	0.00501
7382	0.00229
7384	0.00184
7386	0.002
7388	3.23803E-4
7390	-5.51541E-4
7392	-1.12886E-4
7394	5.5477E-4
7396	-6.31575E-4
7398	-7.07919E-4
7400	-2.46263E-4
7402	-0.00141
7404	-0.00179
7406	-4.97297E-4
7408	7.31359E-4
7410	-7.18985E-4
7412	-0.0011
7414	-2.94674E-4
7416	5.81981E-4
7418	8.54637E-4
7420	4.17293E-4
7422	-1.08052E-4
7424	-0.00134
7426	-0.00158
7428	-4.54085E-4
7430	2.20571E-4
7432	6.31226E-4
7434	-7.91182E-5
7436	4.45537E-4
7438	0.00137
7440	0.00308
7442	0.00312
7444	0.00161
7446	0.00118
7448	0.00246
7450	0.00153
7452	3.45782E-4
7454	-6.32562E-4
7456	7.40933E-5
7458	-9.93115E-5
7460	-7.75928E-4
7462	-5.25545E-4
7464	-1.82162E-4
7466	-4.09779E-4
7468	-4.69396E-4
7470	-7.32013E-4
7472	3.1437E-4
7474	0.00156
7476	7.87137E-4
7478	8.2852E-4
7480	-3.41097E-4
7482	-2.35714E-4
7484	7.53669E-4
7486	7.85052E-4
7488	2.50435E-4
7490	-5.67182E-4
7492	-4.02798E-4
7494	-1.92415E-4
7496	0.00158
7498	0.00165
7500	-1.73266E-4
7502	-0.00139
7504	-4.975E-4
7506	5.56883E-4
7508	0.00142
7510	0.00108
7512	8.23033E-4
7514	0.00157
7516	9.43799E-4
7518	-5.50818E-4
7520	1.47565E-4
7522	0.00111
7524	0.00128
7526	1.37146E-5
7528	-0.00132
7530	-7.48974E-4
7532	3.93681E-4
7534	8.90337E-4
7536	0.00101
7538	0.00136
7540	0.00101
7542	-2.90406E-5
7544	5.96615E-4
7546	0.00207
7548	0.00157
7550	0.00213
7552	0.00317
7554	0.00412
7556	0.00395
7558	0.00356
7560	0.00308
7562	0.00294
7564	0.00246
7566	0.00255
7568	0.00287
7570	0.00234
7572	9.88793E-4
7574	3.23449E-4
7576	6.50105E-4
7578	1.3576E-4
7580	-4.63584E-4
7582	-7.49287E-5
7584	-3.12731E-5
7586	0.00121
7588	0.00319
7590	0.00317
7592	0.00205
7594	0.00182
7596	0.00135
7598	7.29996E-4
7600	0.00209
7602	0.00251
7604	9.53996E-4
7606	8.34663E-4
7608	0.00138
7610	0.00198
7612	0.00115
7614	7.8633E-4
7616	0.00187
7618	0.00127
7620	0.00129
7622	0.00103
7624	0.00153
7626	0.00241
7628	0.00179
7630	0.0025
7632	4.35332E-4
7634	9.33998E-4
7636	0.00248
7638	0.00243
7640	0.0028
7642	0.00227
7644	8.36332E-4
7646	8.09993E-5
7648	9.20666E-4
7650	9.50333E-4
7652	9.62E-4
7654	-0.00114
7656	-0.00214
7658	-0.0028
7660	-0.00344
7662	-0.00288
7664	-0.00365
7666	-0.00284
7668	-0.00223
7670	-0.00247
7672	-0.00249
7674	-4.0419E-4
7676	-6.54491E-4
7678	-0.00188
7680	-0.00322
7682	-0.00347
7684	-0.00297
7686	-0.0032
7688	-0.00476
7690	-0.00423
7692	-0.00259
7694	-0.00301
7696	-0.00215
7698	-0.00201
7700	-0.003
7702	-0.00429
7704	-0.00373
7706	-0.00209
7708	-9.75298E-4
7710	6.34018E-5
7712	-0.00159
7714	-0.00216
7716	-6.025E-4
7718	6.02E-5
7720	-0.00242
7722	-0.00346
7724	-0.00199
7726	-0.00216
7728	-0.00217
7730	-0.00258
7732	-0.00258
7734	-0.00231
7736	-0.00126
7738	-0.00234
7740	-0.00463
7742	-0.00571
7744	-0.00443
7746	-0.00398
7748	-0.00313
7750	-0.00196
7752	-0.00123
7754	-6.66208E-4
7756	-2.33508E-4
7758	6.44191E-4
7760	0.00227
7762	0.00207
7764	4.6229E-4
7766	4.42989E-4
7768	0.0011
7770	9.41388E-4
7772	7.08799E-6
7774	4.27788E-4
7776	6.77487E-4
7778	5.71187E-4
7780	-4.85114E-4
7782	-0.00138
7784	-0.00127
7786	6.79849E-5
7788	-3.65316E-4
7790	-5.30616E-4
7792	-4.97916E-4
7794	3.44783E-4
7796	-3.06517E-4
7798	-4.34818E-4
7800	-6.51183E-5
7802	7.94581E-4
7804	7.25281E-4
7806	-7.20301E-4
7808	-4.19524E-4
7810	8.72253E-4
7812	1.2403E-4
7814	-2.16193E-4
7816	0.00163
7818	8.80361E-4
7820	-8.73862E-4
7822	-0.00128
7824	-2.86308E-4
7826	0.00116
7828	5.02459E-5
7830	3.40023E-4
7832	3.47999E-5
7834	3.94577E-4
7836	9.78354E-4
7838	4.39131E-4
7840	1.52908E-4
7842	0.00101
7844	8.29462E-4
7846	3.66239E-4
7848	6.35016E-4
7850	2.07931E-5
7852	8.4257E-4
7854	0.00156
7856	0.00167
7858	0.00141
7860	9.84678E-4
7862	-1.76545E-4
7864	7.60232E-4
7866	0.00152
7868	0.0023
7870	0.00319
7872	0.0037
7874	0.00368
7876	0.00457
7878	0.00332
7880	0.00255
7882	0.00351
7884	0.00414
7886	0.00332
7888	0.00256
7890	0.00216
7892	0.003
7894	0.00212
7896	9.02299E-4
7898	6.42119E-4
7900	0.00295
7902	0.00315
7904	0.00265
7906	0.00178
7908	0.00176
7910	0.0014
7912	0.00116
7914	0.00158
7916	0.00208
7918	0.00261
7920	0.00266
7922	0.00367
7924	0.00424
7926	0.00274
7928	-4.13578E-4
7930	-2.72758E-4
7932	0.00164
7934	0.00439
7936	0.00881
7938	0.01367
7940	0.01761
7942	0.02118
7944	0.02349
7946	0.02585
7948	0.02979
7950	0.032
7952	0.03495
7954	0.03589
7956	0.03867
7958	0.04001
7960	0.03856
7962	0.03613
7964	0.03187
7966	0.02641
7968	0.02118
7970	0.01784
7972	0.01431
7974	0.01146
7976	0.00895
7978	0.00782
7980	0.00568
7982	0.00438
7984	0.00298
7986	7.25206E-4
7988	6.26312E-4
7990	1.76418E-4
7992	-5.42476E-4
7994	-0.00137
7996	-0.00288
7998	-0.00233
8000	-5.85052E-4
8002	-2.70947E-4
8004	-0.00205
8006	-0.0029
8008	-0.00128
8010	-0.00196
8012	-0.00244
8014	-3.80886E-4
8016	0.00162
8018	0.00284
8020	0.00237
8022	0.00103
8024	0.00221
8026	0.00227
8028	0.00107
8030	-5.06642E-4
8032	-0.001
8034	-7.03304E-5
8036	-0.0015
8038	-0.00231
8040	-0.00197
8042	-0.00243
8044	-0.00364
8046	-0.00281
8048	-0.00212
8050	-0.00188
8052	-0.0023
8054	-0.00219
8056	-0.00309
8058	-0.0035
8060	-0.00429
8062	-0.00352
8064	-0.00334
8066	-0.00274
8068	-0.00179
8070	-3.1353E-4
8072	4.85126E-4
8074	3.18782E-4
8076	-3.76563E-4
8078	-1.60907E-4
8080	6.89748E-4
8082	7.40404E-4
8084	0.00163
8086	0.00187
8088	5.55651E-4
8090	-4.57002E-4
8092	3.03345E-4
8094	7.64692E-4
8096	9.6804E-4
8098	0.00151
8100	0.0013
8102	0.00143
8104	0.00127
8106	0.00184
8108	-8.54877E-4
8110	-0.00157
8112	-6.31183E-4
8114	-2.42836E-4
8116	5.61511E-4
8118	4.37858E-4
8120	-4.37945E-5
8122	-8.90447E-4
8124	-0.00107
8126	-0.00116
8128	-6.25406E-4
8130	-4.47059E-4
8132	-9.57712E-4
8134	-0.00189
8136	-0.00278
8138	-0.00207
8140	-4.78323E-4
8142	4.38024E-4
8144	-3.68629E-4
8146	-3.07281E-4
8148	-0.00116
8150	-0.00155
8152	-4.6824E-4
8154	-3.81384E-4
8156	-5.28019E-4
8158	-0.0026
8160	-0.00356
8162	-0.00251
8164	-0.00187
8166	-7.72193E-4
8168	-0.00145
8170	-0.00156
8172	-0.00149
8174	-6.45733E-4
8176	-2.11367E-4
8178	-6.27002E-4
8180	-1.60637E-4
8182	-1.87272E-4
8184	5.65093E-4
8186	-9.59542E-4
8188	-8.81177E-4
8190	-5.93811E-4
8192	-1.17446E-4
8194	-6.23081E-4
8196	-7.9716E-5
8198	8.33649E-4
8200	0.00143
8202	4.48379E-4
8204	-0.00116
8206	-0.00238
8208	-0.00147
8210	-7.5316E-4
8212	4.37205E-4
8214	-0.00145
8216	-0.00232
8218	-0.00309
8220	-0.00215
8222	-4.50969E-4
8224	-2.0516E-4
8226	-1.2463E-4
8228	-0.00105
8230	-0.00204
8232	-0.00357
8234	-0.0042
8236	-0.00371
8238	-0.00198
8240	-0.0014
8242	-7.02384E-4
8244	-1.69853E-4
8246	-2.30322E-4
8248	6.67209E-4
8250	7.34739E-4
8252	2.5727E-4
8254	3.71801E-4
8256	1.32332E-4
8258	-2.13771E-6
8260	-4.28607E-4
8262	-0.00177
8264	-0.00215
8266	-0.00156
8268	-2.33484E-4
8270	1.61047E-4
8272	-4.68423E-4
8274	-0.00127
8276	-9.29361E-4
8278	-4.5583E-4
8280	-4.373E-4
8282	-4.21769E-4
8284	-1.46238E-4
8286	2.63293E-4
8288	8.82342E-6
8290	8.92354E-4
8292	-4.21151E-5
8294	-6.20335E-4
8296	3.94495E-4
8298	7.45324E-4
8300	0.00137
8302	0.00134
8304	0.00184
8306	0.00177
8308	0.00252
8310	0.00281
8312	0.00276
8314	0.00231
8316	0.00207
8318	0.00262
8320	0.00139
8322	9.39281E-4
8324	5.44111E-4
8326	3.05941E-4
8328	0.00131
8330	0.00206
8332	0.00303
8334	0.00192
8336	-8.90911E-4
8338	-0.00207
8340	-0.00145
8342	-0.00171
8344	-0.00186
8346	-0.00125
8348	-4.95932E-4
8350	-1.96102E-4
8352	-1.05273E-4
8354	1.99557E-4
8356	7.75387E-4
8358	0.00145
8360	0.00274
8362	0.00316
8364	0.00321
8366	0.00235
8368	0.00203
8370	0.00209
8372	0.00195
8374	6.15062E-4
8376	3.0076E-4
8378	8.13458E-4
8380	0.00128
8382	0.00153
8384	0.00202
8386	0.00155
8388	0.00102
8390	3.07644E-4
8392	-9.76658E-4
8394	-0.0016
8396	-0.0027
8398	-0.00391
8400	-0.00576
8402	-0.00764
8404	-0.00962
8406	-0.00997
8408	-0.01014
8410	-0.01014
8412	-0.0104
8414	-0.00999
8416	-0.00912
8418	-0.00759
8420	-0.0058
8422	-0.00501
8424	-0.00386
8426	-0.00274
8428	-0.00105
8430	1.82598E-4
8432	-2.75827E-4
8434	-6.97867E-4
8436	-3.69074E-5
8438	0.00197
8440	0.00285
8442	0.00164
8444	5.23932E-4
8446	0.00181
8448	0.00217
8450	0.00128
8452	0.00203
8454	0.00283
8456	0.00323
8458	0.00249
8460	0.00258
8462	0.00258
8464	0.00335
8466	0.00299
8468	0.00366
8470	0.00358
8472	0.00384
8474	0.00443
8476	0.00478
8478	0.00441
8480	0.00592
8482	0.00613
8484	0.00556
8486	0.00495
8488	0.00435
8490	0.003
8492	0.00236
8494	0.00219
8496	7.64888E-4
8498	-6.70152E-4
8500	-8.57192E-4
8502	-1.94036E-4
8504	-4.04864E-5
8506	-0.00174
8508	-0.00161
8510	-8.70839E-4
8512	4.78711E-4
8514	0.00104
8516	0.00185
8518	0.00294
8520	0.00534
8522	0.00677
8524	0.00691
8526	0.00664
8528	0.0068
8530	0.00659
8532	0.00885
8534	0.01259
8536	0.01641
8538	0.02106
8540	0.02714
8542	0.03088
8544	0.03482
8546	0.03927
8548	0.0426
8550	0.04636
8552	0.04995
8554	0.05225
8556	0.05273
8558	0.0539
8560	0.05193
8562	0.048
8564	0.04222
8566	0.0377
8568	0.03276
8570	0.02837
8572	0.02496
8574	0.0219
8576	0.01785
8578	0.01438
8580	0.01097
8582	0.00873
8584	0.00784
8586	0.00779
8588	0.00695
8590	0.00614
8592	0.00562
8594	0.00427
8596	0.00463
8598	0.00526
8600	0.00494
8602	0.0043
8604	0.00276
8606	0.00305
8608	0.00377
8610	0.00164
8612	1.24076E-4
8614	4.43815E-4
8616	0.00195
8618	0.00194
8620	0.00193
8622	8.52774E-4
8624	9.52513E-4
8626	0.00119
8628	8.96993E-4
8630	8.54732E-4
8632	4.92472E-4
8634	0.00124
8636	0.00295
8638	0.0036
8640	0.00277
8642	0.00168
8644	-6.4856E-4
8646	-0.00203
8648	-0.00105
8650	-0.00131
8652	-3.61929E-4
8654	6.32729E-4
8656	0.0013
8658	9.85044E-4
8660	7.00702E-4
8662	6.81359E-4
8664	5.17017E-4
8666	-5.11325E-4
8668	-4.86675E-5
8670	9.3199E-4
8672	7.02648E-4
8674	0.00112
8676	0.00169
8678	0.00264
8680	0.00198
8682	0.00157
8684	5.50594E-4
8686	-4.91748E-4
8688	-0.00183
8690	-0.00202
8692	-0.00243
8694	-0.00226
8696	-0.00153
8698	-3.2802E-5
8700	8.58557E-5
8702	2.91513E-4
8704	2.09171E-4
8706	2.82882E-6
8708	2.35487E-4
8710	8.81442E-5
8712	6.53099E-4
8714	0.00118
8716	9.89328E-4
8718	0.00117
8720	0.00233
8722	0.00258
8724	0.0018
8726	0.00212
8728	0.00379
8730	0.00417
8732	0.00312
8734	0.00255
8736	0.00217
8738	0.00167
8740	0.00121
8742	2.22316E-4
8744	-0.00134
8746	-0.00177
8748	1.30159E-4
8750	0.00155
8752	0.00112
8754	0.00189
8756	0.00159
8758	1.16232E-4
8760	0.00121
8762	0.001
8764	0.00194
8766	0.00189
8768	0.00194
8770	0.0022
8772	0.00336
8774	0.00372
8776	0.00347
8778	0.00323
8780	0.00358
8782	0.00469
8784	0.00455
8786	0.00395
8788	0.00499
8790	0.00342
8792	0.00339
8794	0.0048
8796	0.00468
8798	0.00375
8800	0.00364
8802	0.00417
8804	0.00428
8806	0.00417
8808	0.00497
8810	0.00238
8812	8.86822E-4
8814	9.54436E-4
8816	7.75051E-4
8818	8.41665E-4
8820	0.00151
8822	0.00173
8824	0.00105
8826	5.35123E-4
8828	0.00144
8830	0.00108
8832	9.30967E-4
8834	0.00125
8836	0.0012
8838	7.8881E-4
8840	0.00139
8842	0.00111
8844	0.00119
8846	0.00175
8848	0.003
8850	0.00316
8852	0.0021
8854	0.0026
8856	0.00274
8858	0.00248
8860	0.00293
8862	0.00302
8864	0.00262
8866	0.00234
8868	0.00364
8870	0.00381
8872	0.00427
8874	0.00462
8876	0.00541
8878	0.00562
8880	0.00392
8882	0.00243
8884	0.00312
8886	0.00298
8888	0.00175
8890	0.00148
8892	0.00214
8894	0.00237
8896	0.00227
8898	0.00209
8900	0.00177
8902	0.00259
8904	0.00241
8906	6.84766E-4
8908	8.40619E-4
8910	0.0016
8912	8.42326E-4
8914	0.00105
8916	9.32033E-4
8918	0.00184
8920	0.00186
8922	0.00221
8924	0.0034
8926	0.00172
8928	0.00109
8930	0.00133
8932	4.44768E-4
8934	-5.98867E-4
8936	-0.00108
8938	-6.45137E-4
8940	-3.82772E-4
8942	-5.82406E-4
8944	-3.55041E-4
8946	-3.98676E-4
8948	4.37689E-4
8950	8.99054E-4
8952	4.27419E-4
8954	-1.62156E-5
8956	-0.00136
8958	-0.00116
8960	-0.00138
8962	-0.00113
8964	-0.00153
8966	-0.00145
8968	-0.00106
8970	1.94705E-4
8972	4.37071E-4
8974	0.00116
8976	0.00138
8978	3.74166E-4
8980	0.00152
8982	0.0018
8984	0.00258
8986	0.00367
8988	0.0048
8990	0.00496
8992	0.00478
8994	0.00497
8996	0.00433
8998	0.00323
9000	0.0031
9002	0.00243
9004	0.00176
9006	0.00366
9008	0.00415
9010	0.00295
9012	0.0021
9014	6.20014E-4
9016	-2.11639E-4
9018	-2.29195E-6
9020	6.91055E-4
9022	6.24024E-5
9024	-5.5025E-4
9026	-1.13903E-4
9028	-8.35562E-5
9030	-4.20209E-4
9032	-6.56862E-4
9034	-9.52515E-4
9036	-8.17168E-4
9038	-2.3682E-4
9040	-5.71473E-4
9042	-9.16126E-4
9044	-0.00168
9046	-1.24432E-4
9048	0.00144
9050	0.00225
9052	0.00221
9054	0.00182
9056	0.00268
9058	0.00214
9060	0.00117
9062	0.00215
9064	0.0014
9066	5.51206E-4
9068	8.22417E-4
9070	5.31628E-4
9072	-6.93161E-4
9074	2.12049E-4
9076	1.8826E-4
9078	-5.76529E-4
9080	-3.21318E-4
9082	-6.79107E-4
9084	0.00106
9086	0.00264
9088	0.00224
9090	0.0018
9092	5.66946E-4
9094	-0.00133
9096	-0.00249
9098	-0.00356
9100	-0.00418
9102	-0.00281
9104	-0.00317
9106	-0.00251
9108	-0.00158
9110	-8.77157E-4
9112	0.00102
9114	0.00241
9116	0.00294
9118	0.00341
9120	0.00332
9122	0.00393
9124	0.00475
9126	0.00401
9128	0.00353
9130	0.00306
9132	0.00422
9134	0.00945
9136	0.01695
9138	0.02165
9140	0.02665
9142	0.03209
9144	0.03786
9146	0.04371
9148	0.0469
9150	0.04936
9152	0.05223
9154	0.05534
9156	0.05782
9158	0.05906
9160	0.05914
9162	0.05576
9164	0.04956
9166	0.04304
9168	0.03769
9170	0.03316
9172	0.02907
9174	0.02571
9176	0.02295
9178	0.01969
9180	0.01758
9182	0.01494
9184	0.01284
9186	0.00982
9188	0.00979
9190	0.00916
9192	0.0087
9194	0.00781
9196	0.00719
9198	0.0067
9200	0.00597
9202	0.00305
9204	0.00194
9206	0.00238
9208	0.00188
9210	-3.8265E-4
9212	-0.00232
9214	-0.00213
9216	-0.00218
9218	-0.00117
9220	-0.00181
9222	-0.0022
9224	-0.00143
9226	-9.52511E-5
9228	1.48549E-4
9230	-2.45651E-4
9232	6.43148E-4
9234	-9.21052E-4
9236	3.60748E-4
9238	0.00107
9240	5.20348E-4
9242	-7.21852E-4
9244	-0.00104
9246	-1.89253E-4
9248	1.65471E-5
9250	-0.00105
9252	-0.00163
9254	-4.51053E-4
9256	-1.26254E-4
9258	-4.16454E-4
9260	-6.13654E-4
9262	-8.00854E-4
9264	-0.00196
9266	-0.00231
9268	-4.0249E-4
9270	9.84096E-4
9272	0.00241
9274	0.002
9276	0.00181
9278	-0.00115
9280	-0.00126
9282	-8.68388E-4
9284	-5.34802E-4
9286	-1.33216E-4
9288	-7.5563E-4
9290	-8.98044E-4
9292	-2.11458E-4
9294	3.61283E-5
9296	-7.24286E-4
9298	-0.00117
9300	-0.00107
9302	-0.00116
9304	-4.33942E-4
9306	-5.64355E-4
9308	-0.00106
9310	-2.44183E-4
9312	-5.95597E-4
9314	-0.0017
9316	-6.05425E-4
9318	7.23161E-4
9320	0.00148
9322	6.26333E-4
9324	-5.43081E-4
9326	-0.00174
9328	-9.54909E-4
9330	4.09677E-4
9332	0.00143
9334	0.00133
9336	0.00273
9338	0.0032
9340	0.00297
9342	0.00183
9344	0.0016
9346	0.00198
9348	0.0032
9350	0.00255
9352	0.0014
9354	3.70352E-4
9356	0.00116
9358	5.84118E-4
9360	3.15011E-5
9362	-2.06116E-4
9364	2.52673E-5
9366	6.3865E-4
9368	4.18034E-4
9370	-1.03583E-4
9372	2.438E-4
9374	2.83183E-4
9376	-7.84434E-4
9378	-5.46051E-4
9380	-3.06668E-4
9382	-5.11285E-4
9384	-0.00118
9386	-0.00151
9388	-0.00136
9390	-3.12752E-4
9392	1.88631E-4
9394	8.44014E-4
9396	8.11397E-4
9398	-1.3322E-4
9400	-0.0014
9402	-0.00236
9404	-0.00206
9406	-0.00271
9408	-0.00216
9410	-0.00166
9412	-6.97459E-4
9414	2.84756E-4
9416	0.00112
9418	0.00171
9420	0.00249
9422	0.00148
9424	0.00169
9426	0.00276
9428	0.00254
9430	0.00191
9432	7.37688E-4
9434	-2.86097E-4
9436	-2.52882E-4
9438	3.00333E-4
9440	-1.23453E-4
9442	-7.02238E-4
9444	-0.0012
9446	-1.61809E-4
9448	0.00103
9450	0.00115
9452	3.61836E-4
9454	0.0011
9456	7.60265E-4
9458	-1.4152E-4
9460	0.00104
9462	0.0029
9464	0.00392
9466	0.00348
9468	0.00289
9470	0.00173
9472	6.14983E-4
9474	0.00121
9476	0.00112
9478	9.50331E-4
9480	0.00146
9482	0.00119
9484	0.00142
9486	0.00143
9488	0.00227
9490	0.00112
9492	5.61721E-4
9494	-1.90509E-4
9496	5.9261E-5
9498	1.44031E-4
9500	-1.34199E-4
9502	0.00188
9504	0.00195
9506	3.12111E-4
9508	-2.74119E-4
9510	1.49651E-4
9512	0.00123
9514	0.00117
9516	4.23961E-4
9518	6.94732E-4
9520	0.00259
9522	0.00223
9524	0.00247
9526	0.00179
9528	0.00274
9530	0.00268
9532	9.81122E-4
9534	9.74892E-4
9536	1.91662E-4
9538	-8.40568E-4
9540	-5.22798E-4
9542	-5.38028E-4
9544	-0.00149
9546	-0.00107
9548	-5.32782E-4
9550	-0.00198
9552	-0.0021
9554	-0.00162
9556	-0.00165
9558	-0.00156
9560	-0.00113
9562	-6.71336E-4
9564	-2.53843E-4
9566	1.25649E-4
9568	9.00141E-4
9570	0.00116
9572	-1.16874E-4
9574	-2.21381E-4
9576	5.93111E-4
9578	2.40603E-4
9580	4.23096E-4
9582	0.00242
9584	0.00282
9586	0.00144
9588	7.46065E-4
9590	3.52558E-4
9592	-6.4295E-4
9594	-5.10458E-4
9596	-1.85965E-4
9598	-0.00116
9600	-9.3798E-4
9602	1.35512E-4
9604	-1.03996E-4
9606	-2.37503E-4
9608	-0.00126
9610	-0.00233
9612	-0.0016
9614	-0.00249
9616	-0.00254
9618	-0.00259
9620	-0.00321
9622	-0.00167
9624	1.80147E-4
9626	0.00102
9628	-7.07593E-5
9630	3.56788E-4
9632	0.00254
9634	0.0041
9636	0.00235
9638	8.84976E-4
9640	-3.24477E-4
9642	4.80698E-5
9644	5.66617E-4
9646	-2.57836E-4
9648	-2.54289E-4
9650	0.00133
9652	5.54805E-4
9654	0.00148
9656	0.00246
9658	0.00199
9660	0.00137
9662	0.00132
9664	0.00147
9666	4.66634E-4
9668	-4.00819E-4
9670	-1.79272E-4
9672	7.46275E-4
9674	-1.24178E-4
9676	4.68369E-4
9678	-1.22084E-4
9680	5.02463E-4
9682	5.2201E-4
9684	5.18557E-4
9686	7.38592E-6
9688	-5.07377E-4
9690	-5.6514E-4
9692	-5.08903E-4
9694	5.00334E-4
9696	-2.26428E-4
9698	1.78086E-5
9700	0.00131
9702	9.84283E-4
9704	0.00162
9706	0.00274
9708	0.00291
9710	0.00265
9712	0.00317
9714	0.00326
9716	0.00274
9718	0.00246
9720	0.00246
9722	0.00141
9724	0.00119
9726	0.00147
9728	0.00175
9730	0.00135
9732	0.00259
9734	0.00837
9736	0.01508
9738	0.02188
9740	0.02622
9742	0.03218
9744	0.03817
9746	0.04292
9748	0.04833
9750	0.05159
9752	0.05382
9754	0.05588
9756	0.05817
9758	0.05997
9760	0.05849
9762	0.05412
9764	0.04785
9766	0.04141
9768	0.03674
9770	0.03192
9772	0.02734
9774	0.02434
9776	0.01993
9778	0.01614
9780	0.01178
9782	0.00871
9784	0.00783
9786	0.00732
9788	0.00559
9790	0.0035
9792	0.0016
9794	0.00107
9796	6.15402E-4
9798	2.39802E-4
9800	-4.96798E-4
9802	-8.18398E-4
9804	-9.15999E-4
9806	6.93401E-4
9808	0.00106
9810	-3.31799E-4
9812	-8.90399E-4
9814	-5.3E-4
9816	-0.00142
9818	-0.00151
9820	-0.00145
9822	-0.00169
9824	-0.00101
9826	-0.00149
9828	-0.00183
9830	-0.00234
9832	-0.0028
9834	-0.00353
9836	-0.00355
9838	-0.00185
9840	-0.00153
9842	1.93981E-4
9844	3.67073E-4
9846	4.90165E-4
9848	6.00257E-4
9850	0.00112
9852	7.95441E-4
9854	-1.07467E-4
9856	-6.05375E-4
9858	-7.69283E-4
9860	-0.00124
9862	-0.00162
9864	-0.00219
9866	-0.00166
9868	-7.02823E-4
9870	-4.41731E-4
9872	6.3607E-6
9874	0.00217
9876	0.00281
9878	0.00205
9880	0.00138
9882	8.34821E-4
9884	5.11913E-4
9886	4.70045E-5
9888	4.76096E-4
9890	6.91884E-5
9892	5.6428E-4
9894	-3.25628E-4
9896	-5.69141E-4
9898	-0.00112
9900	-0.00161
9902	-9.58589E-4
9904	7.58595E-4
9906	0.002
9908	0.00268
9910	0.00196
9912	0.00156
9914	0.00236
9916	0.00201
9918	7.23882E-4
9920	6.29066E-4
9922	7.0425E-4
9924	-0.00122
9926	-0.00113
9928	-8.56198E-4
9930	-6.70014E-4
9932	5.1017E-4
9934	0.00119
9936	0.00337
9938	0.00164
9940	8.75906E-4
9942	0.00132
9944	6.33274E-4
9946	0.0015
9948	0.00151
9950	0.00136
9952	9.19009E-4
9954	0.00173
9956	0.0014
9958	0.00257
9960	0.00211
9962	0.00198
9964	7.34113E-4
9966	-4.87183E-4
9968	5.48826E-4
9970	-4.08166E-4
9972	-0.00143
9974	-0.003
9976	-0.00218
9978	-0.00128
9980	-0.00148
9982	-1.29117E-4
9984	6.30891E-4
9986	2.92899E-4
9988	0.0016
9990	0.00121
9992	0.00128
9994	0.00182
9996	0.00283
9998	7.36949E-4
10000	-7.55043E-4
10002	2.74965E-4
10004	-8.41027E-4
10006	-0.00161
10008	-0.00152
10010	-0.00195
10012	-0.00139
10014	-8.85986E-4
10016	-0.00124
10018	-2.28969E-4
10020	-8.76961E-4
10022	-0.00127
10024	-3.75945E-4
10026	-6.40936E-4
10028	-7.92828E-6
10030	6.4408E-4
10032	0.00124
10034	0.00115
10036	4.45128E-4
10038	0.0012
10040	0.001
10042	-2.33778E-4
10044	-9.88747E-4
10046	-0.0014
10048	-0.00172
10050	-9.44652E-4
10052	-8.3621E-5
10054	-3.3259E-4
10056	-3.07558E-4
10058	-8.38527E-4
10060	5.60505E-4
10062	2.85536E-4
10064	-6.75433E-4
10066	1.18599E-4
10068	0.00129
10070	0.00108
10072	0.00148
10074	3.80724E-4
10076	7.11756E-4
10078	0.00127
10080	0.0013
10082	7.6185E-4
10084	0.00112
10086	8.09128E-5
10088	-3.46056E-4
10090	-3.23024E-4
10092	6.40071E-5
10094	-4.41962E-4
10096	-2.6793E-4
10098	2.94101E-4
10100	5.99133E-4
10102	5.82164E-4
10104	-6.07805E-4
10106	-1.27731E-5
10108	7.37258E-4
10110	0.00171
10112	0.0018
10114	2.14352E-4
10116	4.62384E-4
10118	9.99415E-4
10120	0.00188
10122	0.0012
10124	9.6351E-4
10126	0.00123
10128	0.00249
10130	0.0048
10132	0.00501
10134	0.0036
10136	0.00163
10138	9.49729E-4
10140	8.49761E-4
10142	0.00177
10144	0.00126
10146	0.00185
10148	0.00273
10150	0.00157
10152	0.00146
10154	0.00173
10156	0.001
10158	-4.29957E-4
10160	-6.95925E-4
10162	0.00173
10164	0.00305
10166	0.00205
10168	0.00214
10170	0.0022
10172	0.00286
10174	0.00128
10176	0.00139
10178	0.0016
10180	0.00171
10182	0.00203
10184	0.00177
10186	0.00153
10188	0.00111
10190	4.6947E-4
10192	4.77613E-4
10194	0.00165
10196	0.00236
10198	0.00246
10200	0.00233
10202	0.00256
10204	0.00339
10206	0.00298
10208	0.00115
10210	0.00165
10212	0.00297
10214	0.00184
10216	9.28321E-4
10218	3.96463E-4
10220	-6.29395E-4
10222	-0.00124
10224	-8.71099E-5
10226	3.99032E-4
10228	6.47175E-4
10230	0.00126
10232	0.00244
10234	0.00444
10236	0.00575
10238	0.00444
10240	0.0023
10242	0.00291
10244	0.00411
10246	0.00447
10248	0.00437
10250	0.00371
10252	0.00451
10254	0.00524
10256	0.00495
10258	0.00485
10260	0.00459
10262	0.00411
10264	0.00392
10266	0.00408
10268	0.00626
10270	0.00565
10272	0.00442
10274	0.00474
10276	0.00526
10278	0.00463
10280	0.0044
10282	0.00599
10284	0.00649
10286	0.00632
10288	0.00513
10290	0.00248
10292	0.00126
10294	0.00191
10296	0.00254
10298	0.00408
10300	0.00335
10302	0.00178
10304	0.00234
10306	0.0028
10308	0.00189
10310	9.61496E-4
10312	0.00167
10314	0.00196
10316	0.0021
10318	0.00407
10320	0.00618
10322	0.00492
10324	0.00549
10326	0.0056
10328	0.00365
10330	0.00428
10332	0.00787
10334	0.01424
10336	0.02013
10338	0.0257
10340	0.0316
10342	0.0383
10344	0.04434
10346	0.04972
10348	0.05471
10350	0.05906
10352	0.06261
10354	0.06463
10356	0.06725
10358	0.06828
10360	0.06709
10362	0.06423
10364	0.0579
10366	0.05206
10368	0.04653
10370	0.04116
10372	0.03458
10374	0.02937
10376	0.02446
10378	0.0204
10380	0.01783
10382	0.0147
10384	0.01095
10386	0.0075
10388	0.00607
10390	0.00626
10392	0.00617
10394	0.00466
10396	0.00343
10398	0.00133
10400	9.16051E-4
10402	4.46277E-4
10404	-0.00155
10406	-0.00167
10408	-0.00164
10410	-0.00229
10412	-0.00229
10414	-0.00211
10416	-0.0016
10418	-0.00185
10420	-0.00208
10422	-9.51465E-4
10424	-0.00262
10426	-0.00352
10428	-0.00362
10430	-0.00275
10432	-0.00277
10434	-0.00281
10436	-0.0032
10438	-0.00267
10440	-0.00204
10442	-0.00163
10444	-8.53981E-4
10446	-6.85756E-4
10448	-7.4553E-4
10450	-6.73304E-4
10452	-0.00107
10454	-8.68621E-4
10456	-6.21164E-4
10458	-0.00252
10460	-0.00338
10462	-0.00347
10464	-0.00343
10466	-0.00287
10468	-0.0021
10470	-0.00141
10472	-7.88509E-4
10474	-5.59052E-4
10476	-4.37595E-4
10478	2.22862E-4
10480	-7.21682E-4
10482	-0.00108
10484	3.35232E-4
10486	0.00163
10488	0.00112
10490	8.20603E-4
10492	9.3506E-4
10494	0.0011
10496	-1.67026E-4
10498	-8.48569E-4
10500	-6.52112E-4
10502	-0.00151
10504	-0.00118
10506	-2.65742E-4
10508	-7.91285E-4
10510	-0.00106
10512	-0.00118
10514	-8.11914E-4
10516	-0.00127
10518	-0.00147
10520	6.04566E-5
10522	1.10709E-5
10524	-5.45277E-5
10526	4.18874E-4
10528	0.00152
10530	4.32676E-4
10532	-0.00129
10534	-0.00122
10536	-3.98119E-4
10538	-5.31718E-4
10540	-8.84317E-4
10542	-3.90915E-4
10544	4.44862E-5
10546	-8.71112E-4
10548	-0.00155
10550	-0.00252
10552	-0.00378
10554	-0.0038
10556	-0.00315
10558	-0.0027
10560	-0.00324
10562	-0.00252
10564	-0.00198
10566	-0.00134
10568	-5.35697E-4
10570	-7.00296E-4
10572	-3.66894E-4
10574	-3.63493E-4
10576	-4.96092E-4
10578	-9.5469E-4
10580	-3.48289E-4
10582	-0.00141
10584	-7.52486E-4
10586	-5.14085E-4
10588	-2.78683E-4
10590	0.00118
10592	9.00591E-4
10594	-8.65592E-4
10596	-8.50775E-4
10598	-0.0013
10600	-0.00308
10602	-0.0027
10604	-0.00237
10606	-0.00253
10608	-0.00139
10610	-9.20565E-5
10612	4.3876E-4
10614	-3.10423E-4
10616	6.21394E-4
10618	0.00193
10620	0.00124
10622	0.00117
10624	0.00191
10626	9.81479E-4
10628	7.89296E-4
10630	0.00177
10632	0.00229
10634	0.00219
10636	0.00198
10638	0.00183
10640	0.00235
10642	0.00237
10644	0.00201
10646	0.00133
10648	0.00118
10650	9.20282E-4
10652	0.00144
10654	0.00233
10656	0.00166
10658	0.00186
10660	0.00239
10662	0.00253
10664	0.00267
10666	0.00257
10668	0.00271
10670	0.00138
10672	0.00184
10674	0.00234
10676	0.00198
10678	7.34108E-4
10680	-1.23617E-4
10682	3.93657E-4
10684	0.00109
10686	0.00121
10688	0.00192
10690	0.00135
10692	1.1003E-4
10694	-1.52696E-4
10696	-0.00103
10698	-0.00168
10700	-0.00112
10702	-6.50597E-4
10704	6.67714E-6
10706	0.002
10708	0.00261
10710	0.00254
10712	0.00183
10714	0.00234
10716	0.00147
10718	9.07599E-4
10720	1.35873E-4
10722	5.63148E-4
10724	0.00172
10726	0.00176
10728	2.68972E-4
10730	-4.90754E-4
10732	7.26005E-4
10734	8.37007E-4
10736	-5.26992E-4
10738	-0.00117
10740	-2.75989E-4
10742	7.53012E-4
10744	5.18014E-4
10746	8.04015E-4
10748	-3.49837E-5
10750	-8.61982E-4
10752	-5.99981E-4
10754	-3.7898E-4
10756	-1.52978E-4
10758	0.00138
10760	0.00243
10762	0.00311
10764	0.00392
10766	0.0028
10768	0.00179
10770	0.00125
10772	0.00148
10774	0.00134
10776	0.00155
10778	0.0019
10780	0.00169
10782	3.3604E-4
10784	-7.72959E-4
10786	-8.57958E-4
10788	0.00114
10790	0.00248
10792	0.00292
10794	0.00428
10796	0.00371
10798	0.00203
10800	0.00258
10802	0.00333
10804	0.00245
10806	0.00167
10808	1.72905E-4
10810	-4.09003E-4
10812	8.09089E-4
10814	0.00226
10816	0.0036
10818	0.00473
10820	0.00335
10822	0.00299
10824	0.00385
10826	0.00326
10828	0.00385
10830	0.00561
10832	0.00448
10834	0.00253
10836	0.00281
10838	0.00386
10840	0.00367
10842	0.00403
10844	0.00341
10846	0.00348
10848	0.00386
10850	0.00397
10852	0.00426
10854	0.00413
10856	0.00313
10858	0.00258
10860	0.00267
10862	0.00159
10864	0.00222
10866	0.00201
10868	0.00275
10870	0.0033
10872	0.0032
10874	0.00258
10876	0.00283
10878	0.0023
10880	7.90641E-4
10882	9.43618E-4
10884	0.00143
10886	8.41572E-4
10888	0.00292
10890	0.00481
10892	0.00513
10894	0.0041
10896	0.0027
10898	0.0016
10900	3.15412E-4
10902	-0.00193
10904	-0.0012
10906	2.90343E-4
10908	5.2332E-4
10910	9.40297E-4
10912	0.0023
10914	0.00322
10916	0.00346
10918	0.00312
10920	0.00266
10922	0.00357
10924	0.00278
10926	0.00303
10928	0.00319
10930	0.00357
10932	0.00773
10934	0.0127
10936	0.02036
10938	0.02991
10940	0.03687
10942	0.04258
10944	0.04936
10946	0.05461
10948	0.05902
10950	0.06298
10952	0.06607
10954	0.07
10956	0.0723
10958	0.07315
10960	0.07114
10962	0.06676
10964	0.06053
10966	0.05517
10968	0.04836
10970	0.04165
10972	0.03589
10974	0.03094
10976	0.0265
10978	0.02262
10980	0.01994
10982	0.01839
10984	0.01565
10986	0.01232
10988	0.01042
10990	0.00789
10992	0.00761
10994	0.00712
10996	0.0059
10998	0.00447
11000	0.00454
11002	0.00461
11004	0.0035
11006	0.00184
11008	2.06173E-4
11010	9.15526E-4
11012	0.00132
11014	0.0013
11016	0.00248
11018	0.0019
11020	3.62376E-4
11022	5.21345E-4
11024	9.45315E-4
11026	0.00127
11028	0.00152
11030	0.0013
11032	0.00164
11034	0.00137
11036	0.00235
11038	0.00274
11040	0.00175
11042	0.00133
11044	0.00166
11046	0.00293
11048	0.00327
11050	0.00225
11052	-2.66107E-4
11054	-0.00138
11056	-7.39167E-4
11058	-0.00163
11060	-0.0018
11062	-0.00145
11064	-0.00177
11066	-0.00225
11068	-0.00171
11070	-0.00105
11072	4.48591E-4
11074	3.76561E-4
11076	-8.31469E-4
11078	-6.18499E-4
11080	-5.7259E-4
11082	-3.61741E-4
11084	-7.06892E-4
11086	-0.00125
11088	-0.00158
11090	-0.00101
11092	-0.0012
11094	-0.00215
11096	-0.00119
11098	-0.001
11100	-0.00104
11102	-1.8425E-4
11104	-8.02401E-4
11106	-7.55522E-5
11108	2.75297E-4
11110	-6.24854E-4
11112	-1.04005E-4
11114	0.00164
11116	0.00303
11118	0.00347
11120	0.00326
11122	0.00281
11124	0.0033
11126	0.00344
11128	0.00168
11130	5.43636E-4
11132	-1.76515E-4
11134	-9.83666E-4
11136	-0.00169
11138	-4.09967E-4
11140	0.00239
11142	0.00285
11144	0.00213
11146	0.00275
11148	0.00228
11150	0.00193
11152	0.00105
11154	4.95711E-4
11156	2.91767E-4
11158	7.59824E-4
11160	0.00181
11162	0.00206
11164	0.0036
11166	0.00336
11168	0.00306
11170	0.00369
11172	0.00265
11174	0.00368
11176	0.00336
11178	0.00312
11180	0.00292
11182	0.0022
11184	0.00145
11186	0.00106
11188	-1.06331E-4
11190	-1.51275E-4
11192	-1.33219E-4
11194	1.01838E-4
11196	7.03894E-4
11198	6.19502E-5
11200	-2.85993E-4
11202	-0.00107
11204	-0.00107
11206	-3.91824E-4
11208	-6.67682E-5
11210	4.57288E-4
11212	2.87344E-4
11214	-1.41599E-4
11216	-8.63543E-4
11218	1.53513E-4
11220	1.351E-4
11222	-8.70809E-4
11224	1.20283E-4
11226	5.20375E-4
11228	9.24674E-5
11230	6.23559E-4
11232	0.00194
11234	0.00224
11236	0.00244
11238	0.00124
11240	4.43019E-4
11242	-2.36889E-4
11244	-7.92797E-4
11246	2.04295E-4
11248	6.44387E-4
11250	-1.70521E-4
11252	9.12571E-4
11254	0.00176
11256	0.00184
11258	0.00173
11260	0.00196
11262	0.00213
11264	0.00262
11266	0.00268
11268	0.00373
11270	0.0051
11272	0.00458
11274	0.00292
11276	0.00261
11278	0.00171
11280	0.00157
11282	0.00172
11284	0.00376
11286	0.00345
11288	0.00225
11290	7.51625E-4
11292	-4.89758E-5
11294	8.92423E-4
11296	0.00175
11298	-1.50779E-4
11300	-0.00163
11302	-0.00258
11304	-0.00223
11306	-0.00122
11308	-0.00112
11310	-9.88386E-4
11312	-5.42987E-4
11314	5.33411E-4
11316	9.0781E-4
11318	9.70209E-4
11320	7.44608E-4
11322	5.18007E-4
11324	-7.95945E-5
11326	5.45804E-4
11328	0.00158
11330	0.0027
11332	0.00259
11334	0.00191
11336	3.42798E-4
11338	-2.15803E-4
11340	-2.11404E-4
11342	-1.23005E-4
11344	-0.00108
11346	-0.00185
11348	-0.00111
11350	-1.7641E-4
11352	-5.40011E-4
11354	-8.2612E-5
11356	4.27787E-4
11358	6.41205E-4
11360	0.00108
11362	0.00131
11364	9.61749E-4
11366	8.85264E-4
11368	2.74778E-4
11370	0.00109
11372	7.66808E-4
11374	-5.47677E-4
11376	-6.50163E-4
11378	3.12352E-4
11380	0.00163
11382	2.64381E-4
11384	1.10896E-4
11386	6.74411E-4
11388	-0.00111
11390	-0.00233
11392	-0.00197
11394	-0.00189
11396	-0.00231
11398	-0.0021
11400	-0.00221
11402	-0.0028
11404	-0.0022
11406	-0.00122
11408	-5.03928E-4
11410	-1.47413E-4
11412	-1.40898E-4
11414	-7.75383E-4
11416	-0.00107
11418	-0.00149
11420	-0.00142
11422	-8.96325E-4
11424	-0.00192
11426	-0.00183
11428	-0.0019
11430	-0.00121
11432	-0.00205
11434	-0.00102
11436	-4.30118E-4
11438	-2.55079E-4
11440	-0.00146
11442	-0.00239
11444	-0.00186
11446	-7.47924E-4
11448	-0.00164
11450	-0.00298
11452	-0.00357
11454	-0.00315
11456	-0.00127
11458	-0.00115
11460	-0.001
11462	-2.57614E-4
11464	2.41424E-4
11466	-1.32537E-4
11468	-4.83498E-4
11470	-3.98459E-4
11472	-4.77421E-4
11474	1.29618E-4
11476	-0.00138
11478	-0.00189
11480	-0.00199
11482	6.17728E-5
11484	5.99812E-4
11486	-3.8915E-4
11488	-0.00164
11490	-0.00257
11492	-0.00235
11494	-0.00239
11496	-0.00266
11498	-0.00105
11500	-0.00109
11502	-2.91121E-4
11504	8.00206E-4
11506	5.26532E-4
11508	3.29859E-4
11510	0.00105
11512	0.00184
11514	0.00222
11516	0.003
11518	0.00246
11520	0.00238
11522	0.0032
11524	0.00243
11526	0.00216
11528	0.00149
11530	0.00134
11532	0.00463
11534	0.00904
11536	0.0163
11538	0.02531
11540	0.03393
11542	0.03967
11544	0.04756
11546	0.05288
11548	0.05808
11550	0.06412
11552	0.069
11554	0.07223
11556	0.07434
11558	0.07708
11560	0.07682
11562	0.07382
11564	0.06754
11566	0.06076
11568	0.05561
11570	0.04915
11572	0.04306
11574	0.03808
11576	0.03216
11578	0.0267
11580	0.02261
11582	0.01902
11584	0.01675
11586	0.01453
11588	0.01268
11590	0.01078
11592	0.00983
11594	0.01046
11596	0.00767
11598	0.00504
11600	0.00425
11602	0.00303
11604	0.00112
11606	0.00122
11608	0.00137
11610	0.00204
11612	0.00265
11614	0.0015
11616	-2.74454E-4
11618	0.00108
11620	0.00141
11622	0.00189
11624	0.00285
11626	0.00328
11628	0.00235
11630	0.00239
11632	0.00287
11634	0.00329
11636	0.00283
11638	0.00279
11640	0.0022
11642	0.00225
11644	0.0024
11646	0.00307
11648	0.00223
11650	0.00148
11652	0.00143
11654	0.00143
11656	0.00179
11658	0.00238
11660	0.00223
11662	0.0018
11664	7.44616E-4
11666	0.00131
11668	6.54077E-4
11670	7.63807E-4
11672	0.00136
11674	9.49268E-4
11676	1.50998E-4
11678	-3.85272E-4
11680	9.94585E-5
11682	-5.57811E-4
11684	-6.30081E-4
11686	-5.75351E-4
11688	-3.2362E-4
11690	3.10987E-6
11692	-7.7116E-4
11694	-0.00129
11696	-5.76699E-4
11698	-0.00134
11700	-2.26239E-4
11702	0.00113
11704	4.22179E-6
11706	-8.72048E-4
11708	1.49706E-4
11710	-2.34539E-4
11712	-2.64785E-4
11714	2.42969E-4
11716	-1.58277E-4
11718	-8.02522E-4
11720	-7.70768E-4
11722	-0.00145
11724	-0.00157
11726	-0.00246
11728	-0.00226
11730	-0.00143
11732	-0.00235
11734	-0.00363
11736	-0.00314
11738	-0.00272
11740	-0.00436
11742	-0.00381
11744	-0.00317
11746	-0.00274
11748	-0.00194
11750	-0.0018
11752	-0.00217
11754	-0.00202
11756	-0.00291
11758	-0.00384
11760	-0.00285
11762	-0.00208
11764	-0.00188
11766	-0.0012
11768	-2.49666E-4
11770	0.00121
11772	4.39843E-4
11774	-4.90403E-4
11776	-0.00132
11778	-3.28365E-4
11780	2.10128E-4
11782	-6.63378E-4
11784	-0.00214
11786	-0.00292
11788	-0.00309
11790	-0.00327
11792	-0.00181
11794	-8.74417E-4
11796	3.29077E-4
11798	0.00189
11800	0.00218
11802	6.05558E-4
11804	0.00166
11806	0.0014
11808	5.66038E-4
11810	3.08532E-4
11812	2.58026E-4
11814	0.00132
11816	4.80013E-4
11818	-6.28494E-4
11820	-9.05E-4
11822	6.56493E-4
11824	4.94987E-4
11826	2.83481E-4
11828	-3.60026E-4
11830	4.19468E-4
11832	-7.07039E-4
11834	-0.00118
11836	-0.00121
11838	-0.00209
11840	-0.00198
11842	-8.28571E-4
11844	9.59229E-5
11846	6.34417E-4
11848	0.00206
11850	0.00236
11852	0.0019
11854	0.00313
11856	0.00334
11858	0.00308
11860	0.00418
11862	0.00357
11864	0.00379
11866	0.00406
11868	0.00494
11870	0.00339
11872	0.0038
11874	0.00301
11876	0.00155
11878	0.00214
11880	0.003
11882	0.00241
11884	0.0024
11886	0.00334
11888	0.00242
11890	0.00259
11892	0.00403
11894	0.0036
11896	0.0031
11898	0.00242
11900	0.00263
11902	0.00128
11904	7.65731E-4
11906	0.00234
11908	0.00342
11910	0.00327
11912	0.003
11914	0.00223
11916	0.00118
11918	0.00221
11920	0.00336
11922	0.00166
11924	0.00195
11926	0.00214
11928	0.00183
11930	0.00107
11932	4.04294E-4
11934	-0.00122
11936	-0.00163
11938	-9.53819E-4
11940	-3.1819E-4
11942	-0.0013
11944	-0.00133
11946	-0.00145
11948	-0.00241
11950	-0.00148
11952	-0.00207
11954	-0.00111
11956	-4.21156E-4
11958	-8.02527E-4
11960	-0.00203
11962	-0.0021
11964	-0.00129
11966	-0.00173
11968	-0.00167
11970	-8.95751E-4
11972	-0.00154
11974	-0.00146
11976	-0.00128
11978	-9.55235E-4
11980	5.70395E-4
11982	0.00229
11984	0.00267
11986	0.00197
11988	0.00281
11990	0.00357
11992	0.0036
11994	0.00356
11996	0.00403
11998	0.00417
12000	0.00457
12002	0.00456
12004	0.00271
12006	0.00261
12008	0.00216
12010	0.00218
12012	0.00281
12014	0.00203
12016	0.00142
12018	8.81682E-4
12020	3.12011E-4
12022	-9.42659E-4
12024	1.9567E-4
12026	3.84999E-4
12028	8.15328E-4
12030	-3.56343E-4
12032	-0.00134
12034	-9.85684E-4
12036	-9.63355E-4
12038	-7.30026E-4
12040	-8.16697E-4
12042	-1.58368E-4
12044	6.59616E-5
12046	-6.22709E-4
12048	-1.9638E-4
12050	-3.38051E-4
12052	-6.91722E-4
12054	-5.86393E-4
12056	-5.8603E-4
12058	-0.0013
12060	-0.00173
12062	1.85279E-4
12064	0.00114
12066	-5.36182E-4
12068	2.42588E-4
12070	0.00156
12072	0.00263
12074	0.0027
12076	0.00352
12078	0.00377
12080	0.00309
12082	0.00371
12084	0.00404
12086	0.00377
12088	0.00165
12090	8.29053E-4
12092	9.88822E-4
12094	0.00176
12096	0.00219
12098	0.00412
12100	0.00417
12102	0.0045
12104	0.00508
12106	0.00598
12108	0.00515
12110	0.00614
12112	0.00527
12114	0.00528
12116	0.00581
12118	0.00572
12120	0.00519
12122	0.00652
12124	0.00643
