time	cp
2	0.10009
4	0.09687
6	0.09368
8	0.08935
10	0.08682
12	0.08456
14	0.08169
16	0.07983
18	0.07785
20	0.07455
22	0.07263
24	0.07096
26	0.06776
28	0.06444
30	0.06144
32	0.05883
34	0.05723
36	0.0542
38	0.05127
40	0.04737
42	0.04358
44	0.04022
46	0.03791
48	0.03498
50	0.03369
52	0.02901
54	0.02541
56	0.02259
58	0.01946
60	0.01666
62	0.01363
64	0.01163
66	0.00861
68	0.00532
70	0.00255
72	7.92701E-4
74	0.00126
76	0.00186
78	0.00295
80	0.00298
82	0.00398
84	0.00399
86	0.0027
88	0.00281
90	0.0015
92	0.00177
94	0.00334
96	0.00186
98	0.00141
100	0.00193
102	0.00323
104	0.00237
106	0.00182
108	0.00182
110	1.00358E-4
112	-0.00113
114	-7.55994E-4
116	-2.1217E-4
118	-3.29346E-4
120	-7.38522E-4
122	-5.26979E-5
124	9.61261E-5
126	-7.04987E-6
128	0.01
130	0.03326
132	0.0662
134	0.09955
136	0.1336
138	0.16672
140	0.19739
142	0.22352
144	0.24614
146	0.26658
148	0.28418
150	0.30006
152	0.31246
154	0.32314
156	0.32275
158	0.30697
160	0.28408
162	0.25593
164	0.22721
166	0.20137
168	0.1764
170	0.15538
172	0.13551
174	0.11886
176	0.1046
178	0.08956
180	0.0786
182	0.06935
184	0.0608
186	0.05331
188	0.04732
190	0.04396
192	0.03924
194	0.03363
196	0.03096
198	0.02831
200	0.02629
202	0.02265
204	0.01988
206	0.01724
208	0.01606
210	0.01438
212	0.01351
214	0.01387
216	0.01244
218	0.01085
220	0.00924
222	0.00844
224	0.00757
226	0.00653
228	0.00592
230	0.00593
232	0.00585
234	0.00567
236	0.00591
238	0.00714
240	0.00698
242	0.00556
244	0.00533
246	0.00589
248	0.00388
250	0.00271
252	0.00424
254	0.00381
256	0.00222
258	0.00169
260	8.92901E-4
262	0.00169
264	0.00363
266	0.00394
268	0.00426
270	0.00239
272	0.00145
274	5.04298E-4
276	-7.75788E-4
278	-1.76874E-4
280	2.5004E-4
282	0.00127
284	0.00261
286	0.00343
288	0.00164
290	0.00115
292	5.33828E-4
294	4.16841E-4
296	1.9854E-5
298	0.00102
300	5.3388E-4
302	6.66893E-4
304	4.06905E-4
306	7.30918E-4
308	2.92931E-4
310	0.00102
312	6.53957E-4
314	4.7397E-4
316	3.06982E-4
318	8.49995E-4
320	7.84008E-4
322	-5.64979E-4
324	-0.00209
326	-0.00193
328	-0.00169
330	-0.00246
332	-8.65915E-4
334	2.67098E-4
336	-1.05889E-4
338	2.25124E-4
340	4.68136E-4
342	-6.05851E-4
344	-5.15838E-4
346	-2.03825E-4
348	-0.00125
350	-0.00192
352	-0.00221
354	-0.00116
356	-0.00106
358	-8.61684E-4
360	-0.00187
362	-0.00168
364	3.47776E-4
366	4.95929E-4
368	-7.14917E-4
370	4.34236E-4
372	5.23895E-5
374	-0.00105
376	-5.14304E-4
378	-9.1215E-4
380	-0.00191
382	-0.00328
384	-0.00268
386	-0.00182
388	-0.00218
390	-0.00228
392	-0.00189
394	-0.0017
396	-4.43769E-4
398	7.65384E-4
400	-4.40463E-4
402	-0.00133
404	-6.01156E-4
406	-2.05002E-4
408	-1.71849E-4
410	6.47304E-4
412	9.71458E-4
414	0.00146
416	0.00217
418	9.00918E-4
420	0.00126
422	3.51055E-4
424	-7.01932E-4
426	-2.39196E-5
428	9.12093E-4
430	6.82106E-4
432	-0.00114
434	-0.00112
436	-0.0012
438	-0.00142
440	2.8617E-4
442	-3.59817E-4
444	-8.60804E-4
446	-0.00101
448	-0.00133
450	-6.77656E-5
452	6.44247E-4
454	6.3926E-4
456	0.00107
458	-3.80714E-4
460	-0.00106
462	-0.00202
464	-4.17676E-4
466	-7.90663E-4
468	-7.0865E-4
470	-4.80637E-4
472	2.36376E-4
474	0.00134
476	0.00228
478	0.00252
480	0.00239
482	0.00305
484	9.06453E-4
486	3.54465E-4
488	3.03478E-4
490	-5.23579E-5
492	4.16486E-4
494	3.66329E-4
496	2.09173E-4
498	-5.63984E-4
500	-7.9414E-4
502	-9.66297E-4
504	-6.17453E-4
506	0.00105
508	0.00188
510	0.00203
512	7.10921E-4
514	2.69764E-4
516	0.00147
518	0.00162
520	0.00101
522	0.00203
524	0.0029
526	0.00261
528	0.00154
530	0.00134
532	0.00136
534	0.00175
536	0.00184
538	8.28887E-4
540	3.5773E-4
542	6.77574E-4
544	-5.81583E-4
546	2.52261E-4
548	2.03104E-4
550	8.12948E-4
552	-7.53209E-4
554	-0.00153
556	-0.00194
558	-0.00141
560	-7.54051E-4
562	-3.51559E-4
564	6.29933E-4
566	0.00104
568	0.00202
570	0.00285
572	0.00298
574	0.00378
576	0.00409
578	0.0017
580	0.00147
582	0.0017
584	0.00196
586	9.56346E-4
588	0.00227
590	0.00215
592	0.00114
594	3.02314E-4
596	-2.53194E-4
598	-1.70702E-4
600	-5.4321E-4
602	-8.46718E-4
604	-3.68225E-4
606	3.45267E-4
608	-1.03241E-4
610	-0.00112
612	-0.00105
614	3.19235E-4
616	-5.25273E-4
618	-0.00141
620	-5.52289E-4
622	3.16203E-4
624	6.66951E-5
626	3.54187E-4
628	-6.73208E-5
630	2.54848E-4
632	-6.32841E-4
634	-6.05313E-5
636	2.00779E-4
638	-1.74911E-4
640	2.70399E-4
642	3.46709E-4
644	0.00124
646	8.0233E-4
648	3.364E-5
650	5.1495E-4
652	-3.6374E-4
654	-7.41429E-4
656	-0.00124
658	-0.00261
660	-0.00372
662	-0.00261
664	-0.00196
666	-9.77568E-4
668	-6.48258E-4
670	-0.00149
672	-7.01638E-4
674	-9.19328E-4
676	-0.00193
678	-0.0016
680	9.36031E-5
682	7.19913E-4
684	0.00105
686	0.00117
688	8.43844E-4
690	1.50154E-4
692	4.84464E-4
694	8.27774E-4
696	0.00127
698	0.00138
700	0.00104
702	-2.12383E-4
704	-8.9705E-4
706	-0.00108
708	-0.00131
710	-6.14048E-4
712	-0.00194
714	-0.00118
716	-9.39046E-4
718	-9.33712E-4
720	-2.63784E-5
722	3.03956E-4
724	-2.70711E-4
726	-4.33767E-5
728	0.01103
730	0.03615
732	0.06836
734	0.10283
736	0.13682
738	0.16867
740	0.19755
742	0.22359
744	0.24559
746	0.26503
748	0.28008
750	0.29455
752	0.30907
754	0.32074
756	0.32385
758	0.30889
760	0.28448
762	0.25606
764	0.22886
766	0.20066
768	0.17563
770	0.15386
772	0.1335
774	0.11671
776	0.10111
778	0.08796
780	0.07589
782	0.06514
784	0.05753
786	0.05112
788	0.04555
790	0.04102
792	0.03691
794	0.03261
796	0.02932
798	0.02699
800	0.02432
802	0.02228
804	0.01822
806	0.01732
808	0.01744
810	0.01537
812	0.01307
814	0.01125
816	0.01133
818	0.01075
820	0.00931
822	0.00851
824	0.00682
826	0.00623
828	0.00647
830	0.0065
832	0.00473
834	0.0031
836	0.00217
838	0.0048
840	0.00632
842	0.00703
844	0.00568
846	0.00521
848	0.00381
850	0.00281
852	0.00251
854	0.00252
856	0.00211
858	0.00197
860	0.00145
862	0.00164
864	9.42857E-4
866	4.1942E-4
868	-3.98018E-4
870	-1.91455E-4
872	9.31107E-4
874	8.1967E-4
876	-4.00768E-4
878	-0.00133
880	-0.00117
882	-5.20799E-5
884	0.00176
886	0.00228
888	0.00126
890	1.17026E-6
892	-2.82672E-5
894	-2.49705E-4
896	-0.00141
898	-0.00134
900	-8.71017E-4
902	-7.71454E-4
904	-9.87892E-4
906	-0.00119
908	-3.14785E-4
910	-0.00138
912	-0.00265
914	-0.00172
916	-0.00152
918	-0.00128
920	2.30431E-4
922	-7.14199E-4
924	-6.2083E-4
926	-0.00117
928	-0.00236
930	-0.00149
932	-0.00141
934	-3.85984E-4
936	-6.07614E-4
938	-0.00113
940	-0.00112
942	-0.00145
944	-7.61372E-5
946	5.17232E-4
948	7.67601E-4
950	5.89971E-4
952	-4.566E-5
954	-0.00138
956	-2.38921E-4
958	-3.85552E-4
960	-2.46183E-4
962	-6.65814E-4
964	-0.00157
966	-9.87075E-4
968	-9.38706E-4
970	5.66368E-6
972	0.00102
974	-4.21598E-4
976	-0.00247
978	-0.00216
980	-0.00164
982	-0.00182
984	-0.00281
986	-0.00355
988	-0.00239
990	-0.00272
992	-0.00254
994	-0.00104
996	-6.13535E-4
998	-6.70166E-4
1000	-0.00106
1002	-0.00128
1004	-4.70583E-5
1006	-6.25689E-4
1008	-9.43197E-5
1010	-3.3895E-4
1012	2.98419E-4
1014	2.47788E-4
1016	-0.00194
1018	-0.00255
1020	-0.0019
1022	-0.00111
1024	-0.00155
1026	-0.00101
1028	-0.00119
1030	-0.00111
1032	-9.99888E-4
1034	-0.00167
1036	-7.95149E-4
1038	0.00104
1040	0.00107
1042	7.29584E-5
1044	2.41328E-4
1046	-4.6303E-5
1048	-5.50934E-4
1050	-1.34564E-4
1052	-0.0018
1054	-0.00174
1056	-0.00326
1058	-0.00402
1060	-0.00376
1062	-0.00304
1064	-0.00144
1066	-5.7561E-4
1068	-0.00273
1070	-0.00398
1072	-0.00314
1074	-0.00162
1076	-0.00139
1078	-3.74394E-4
1080	-0.00169
1082	-0.00149
1084	-0.00119
1086	7.12083E-4
1088	0.00158
1090	-1.31785E-5
1092	-8.09157E-7
1094	3.3456E-4
1096	2.05929E-4
1098	-6.76701E-4
1100	-0.00299
1102	-0.00192
1104	-0.00167
1106	-0.00112
1108	-2.19855E-4
1110	4.72515E-4
1112	-0.00103
1114	-0.0013
1116	-0.00134
1118	-2.19008E-4
1120	-2.90639E-4
1122	-5.3827E-4
1124	-4.269E-4
1126	-5.22531E-4
1128	-0.00137
1130	-0.00147
1132	-0.00171
1134	-0.00144
1136	-7.79685E-4
1138	-0.00115
1140	-9.68946E-4
1142	-0.00153
1144	-0.00172
1146	-0.00282
1148	-0.00298
1150	-0.00294
1152	-0.00202
1154	-2.46361E-4
1156	-2.13992E-4
1158	-0.00191
1160	-0.00127
1162	-0.00182
1164	-7.43514E-4
1166	9.81855E-4
1168	6.40224E-4
1170	-3.20407E-4
1172	-8.60037E-4
1174	-5.46668E-4
1176	1.53701E-4
1178	-4.07929E-4
1180	-0.0016
1182	-7.11191E-4
1184	4.21179E-4
1186	-9.50452E-4
1188	-0.00224
1190	-0.00196
1192	-0.00122
1194	-7.05975E-4
1196	1.36394E-4
1198	-0.00147
1200	-0.00193
1202	-9.35498E-4
1204	0.00144
1206	0.00322
1208	0.00237
1210	9.04979E-4
1212	6.05349E-4
1214	0.00112
1216	8.97087E-4
1218	2.67457E-4
1220	-8.70174E-4
1222	-6.66805E-4
1224	5.07564E-4
1226	-5.06621E-6
1228	4.66303E-4
1230	3.88672E-4
1232	2.19042E-4
1234	-0.00101
1236	9.1578E-4
1238	0.00188
1240	0.0029
1242	0.00348
1244	0.0041
1246	0.00371
1248	0.00286
1250	0.00122
1252	0.00141
1254	1.39104E-4
1256	-3.71527E-4
1258	9.85143E-4
1260	-7.0146E-4
1262	-0.00118
1264	-0.00202
1266	-0.00246
1268	-5.26873E-4
1270	0.00148
1272	0.00169
1274	4.72318E-4
1276	2.54714E-4
1278	1.84111E-4
1280	1.06508E-4
1282	9.04942E-7
1284	-3.04698E-4
1286	1.73699E-4
1288	4.93095E-4
1290	-3.95078E-5
1292	-7.64111E-4
1294	-0.00128
1296	-1.75317E-4
1298	0.00135
1300	0.00183
1302	-3.41268E-5
1304	-8.4973E-4
1306	-2.90333E-4
1308	2.41064E-4
1310	3.4846E-4
1312	0.00168
1314	4.66254E-4
1316	-5.43491E-5
1318	-6.35952E-4
1320	5.07445E-4
1322	2.05841E-4
1324	-8.27762E-4
1326	-0.00204
1328	0.00543
1330	0.02836
1332	0.06197
1334	0.09669
1336	0.12968
1338	0.15989
1340	0.18976
1342	0.21498
1344	0.23691
1346	0.25664
1348	0.27442
1350	0.28815
1352	0.30104
1354	0.31227
1356	0.3165
1358	0.30266
1360	0.27924
1362	0.25321
1364	0.22553
1366	0.19934
1368	0.17443
1370	0.15186
1372	0.13192
1374	0.116
1376	0.10027
1378	0.08522
1380	0.07584
1382	0.06693
1384	0.05838
1386	0.05122
1388	0.04358
1390	0.03741
1392	0.03426
1394	0.02957
1396	0.02647
1398	0.02302
1400	0.01992
1402	0.01863
1404	0.01782
1406	0.01722
1408	0.01572
1410	0.0154
1412	0.01481
1414	0.01302
1416	0.01172
1418	0.01079
1420	0.00889
1422	0.00931
1424	0.00895
1426	0.00683
1428	0.0072
1430	0.00683
1432	0.00682
1434	0.00657
1436	0.00528
1438	0.00437
1440	0.00327
1442	0.00241
1444	0.00306
1446	0.003
1448	0.0028
1450	0.00296
1452	0.00304
1454	0.0019
1456	1.57127E-4
1458	-4.03748E-5
1460	-9.20876E-4
1462	-0.0014
1464	-0.00235
1466	-0.00107
1468	-4.95565E-5
1470	0.00104
1472	0.00158
1474	0.00127
1476	0.00222
1478	0.00242
1480	0.00146
1482	-2.16264E-4
1484	-8.31079E-4
1486	-4.27895E-4
1488	-4.3371E-4
1490	-9.22525E-4
1492	-0.0012
1494	-0.00198
1496	-0.00179
1498	-6.28787E-4
1500	0.00108
1502	0.00105
1504	6.06767E-4
1506	6.43952E-4
1508	6.56137E-4
1510	0.00144
1512	0.00104
1514	-0.00103
1516	-0.00165
1518	-0.002
1520	-0.00207
1522	-0.00291
1524	-0.00313
1526	-0.00158
1528	1.67983E-4
1530	6.17168E-4
1532	-1.15648E-4
1534	-0.00183
1536	-5.62278E-4
1538	0.00168
1540	9.45091E-4
1542	6.61276E-4
1544	0.00127
1546	-6.55355E-4
1548	-3.6717E-4
1550	-0.00106
1552	-8.79801E-4
1554	-0.00206
1556	-0.00259
1558	1.67753E-4
1560	2.24938E-4
1562	1.30122E-4
1564	-0.00127
1566	-0.00162
1568	-3.02324E-4
1570	9.46861E-4
1572	0.00108
1574	9.0423E-4
1576	1.99415E-4
1578	-6.624E-4
1580	-0.0026
1582	-0.002
1584	-7.30847E-4
1586	-1.18662E-4
1588	-0.00103
1590	-0.00228
1592	-0.00247
1594	-0.00136
1596	-0.00106
1598	-8.4554E-5
1600	-0.00192
1602	-0.00264
1604	-0.00176
1606	-0.00146
1608	-0.00178
1610	-0.00192
1612	-0.00246
1614	-0.00221
1616	-0.00326
1618	-0.00244
1620	-2.72523E-4
1622	5.56619E-5
1624	-3.75153E-4
1626	-0.00143
1628	-0.0013
1630	-8.90599E-4
1632	-7.25415E-4
1634	-8.2623E-4
1636	-5.38046E-4
1638	-2.86087E-6
1640	5.19324E-4
1642	-5.39492E-4
1644	-7.37307E-4
1646	-3.83122E-4
1648	-4.20938E-4
1650	-0.00126
1652	-0.00129
1654	-2.23836E-5
1656	4.84801E-4
1658	-5.56014E-4
1660	-7.0183E-4
1662	-0.00114
1664	-0.00285
1666	-0.00288
1668	-7.62091E-4
1670	-2.41906E-4
1672	-4.67218E-5
1674	-6.92537E-4
1676	-4.01352E-4
1678	-5.20168E-4
1680	6.85017E-4
1682	1.39202E-4
1684	-3.46614E-4
1686	-0.00134
1688	-6.38245E-4
1690	-2.7606E-4
1692	-9.16875E-4
1694	-0.00136
1696	-4.55059E-5
1698	-1.82321E-4
1700	5.90863E-4
1702	4.49048E-4
1704	-1.04767E-4
1706	1.90417E-4
1708	-2.01398E-4
1710	-0.00143
1712	-7.89029E-4
1714	-3.75844E-4
1716	-0.002
1718	-0.00188
1720	-0.00115
1722	5.90895E-4
1724	0.00115
1726	2.52264E-4
1728	0.00123
1730	-2.93668E-5
1732	-0.00193
1734	-0.0017
1736	-0.00168
1738	-0.00246
1740	-0.00134
1742	-0.0013
1744	-0.00188
1746	-0.00241
1748	-0.00117
1750	-7.9752E-4
1752	-9.18336E-4
1754	-8.02151E-4
1756	9.18034E-4
1758	0.00156
1760	0.00104
1762	-1.10412E-4
1764	2.97723E-5
1766	6.72957E-4
1768	1.97142E-4
1770	3.24326E-4
1772	1.47511E-4
1774	-8.60304E-4
1776	-3.81197E-5
1778	-0.00112
1780	-0.00178
1782	-0.00359
1784	-0.00395
1786	-0.00255
1788	-0.00164
1790	-0.00183
1792	-0.00114
1794	-0.00142
1796	-0.00209
1798	-5.09089E-4
1800	-1.83904E-4
1802	1.46281E-4
1804	7.20465E-4
1806	7.3065E-4
1808	0.00197
1810	0.00209
1812	0.00172
1814	0.00152
1816	0.00146
1818	9.98668E-4
1820	0.00143
1822	0.00216
1824	9.61141E-4
1826	6.84632E-4
1828	7.51226E-5
1830	6.08613E-4
1832	-1.25896E-4
1834	-4.16405E-4
1836	-0.00213
1838	-0.00217
1840	-5.87932E-4
1842	9.55874E-6
1844	7.9005E-4
1846	3.91541E-4
1848	-9.49686E-5
1850	7.39522E-4
1852	0.00138
1854	0.00104
1856	8.87995E-4
1858	5.80486E-4
1860	-1.83023E-4
1862	-1.32532E-4
1864	-3.16042E-4
1866	-8.83551E-4
1868	-0.00161
1870	-0.00201
1872	-3.38078E-4
1874	-3.46587E-4
1876	-6.20963E-5
1878	1.48395E-4
1880	-4.23114E-4
1882	7.06376E-4
1884	4.22977E-4
1886	-2.04113E-4
1888	-8.72204E-4
1890	-0.00138
1892	-0.00146
1894	-0.00166
1896	-0.00134
1898	-0.00224
1900	-0.00177
1902	-1.20837E-4
1904	4.50726E-5
1906	-0.00121
1908	-0.00107
1910	-4.59199E-4
1912	-1.73289E-4
1914	8.2962E-4
1916	3.1553E-4
1918	5.54394E-5
1920	0.0011
1922	0.00168
1924	0.00105
1926	-0.00147
1928	0.00333
1930	0.02586
1932	0.05847
1934	0.09255
1936	0.12507
1938	0.15553
1940	0.18447
1942	0.21131
1944	0.2331
1946	0.2502
1948	0.26804
1950	0.28217
1952	0.29331
1954	0.30442
1956	0.3084
1958	0.29785
1960	0.27603
1962	0.25018
1964	0.22338
1966	0.19733
1968	0.17398
1970	0.15205
1972	0.13402
1974	0.11738
1976	0.10215
1978	0.08909
1980	0.07809
1982	0.06897
1984	0.06086
1986	0.05282
1988	0.04675
1990	0.04276
1992	0.03936
1994	0.03575
1996	0.03135
1998	0.0278
2000	0.02499
2002	0.02133
2004	0.01962
2006	0.01891
2008	0.01747
2010	0.01581
2012	0.01514
2014	0.01357
2016	0.01178
2018	0.01066
2020	0.01048
2022	0.01134
2024	0.01031
2026	0.00931
2028	0.00668
2030	0.00659
2032	0.00497
2034	0.00556
2036	0.00445
2038	0.00321
2040	0.00398
2042	0.00158
2044	0.00219
2046	9.98363E-4
2048	6.38173E-4
2050	0.0019
2052	0.00304
2054	0.002
2056	0.00225
2058	0.00241
2060	0.00174
2062	4.98392E-5
2064	1.64871E-6
2066	-7.30542E-4
2068	-0.00174
2070	-0.00206
2072	-0.00276
2074	-0.00139
2076	-0.0026
2078	-0.00131
2080	1.35125E-4
2082	-1.43066E-4
2084	-5.21256E-4
2086	-5.25447E-4
2088	5.61363E-4
2090	0.00186
2092	0.00219
2094	0.00225
2096	0.00338
2098	0.00166
2100	0.00137
2102	-1.76971E-4
2104	-8.08161E-4
2106	-2.88352E-4
2108	2.20458E-4
2110	7.55267E-4
2112	5.41077E-4
2114	7.50886E-4
2116	-2.67304E-4
2118	-0.00205
2120	-0.00184
2122	-0.00159
2124	-6.70661E-5
2126	2.74345E-6
2128	-0.00167
2130	-0.00169
2132	-0.00108
2134	-0.00168
2136	-4.16209E-4
2138	-0.00204
2140	-0.00156
2142	-0.00115
2144	-9.89971E-4
2146	1.88839E-4
2148	-9.43352E-4
2150	-4.32542E-4
2152	-1.75733E-4
2154	9.89077E-4
2156	0.00186
2158	0.00234
2160	0.00102
2162	0.00224
2164	0.00304
2166	0.00258
2168	-1.31257E-4
2170	-6.09447E-4
2172	1.23362E-4
2174	-0.00126
2176	-0.00158
2178	1.39791E-4
2180	5.836E-4
2182	-7.6259E-4
2184	8.41219E-4
2186	0.00197
2188	0.00158
2190	1.46648E-4
2192	-0.00129
2194	-6.87733E-4
2196	1.99076E-4
2198	-1.69114E-4
2200	-0.00151
2202	-0.00285
2204	-0.00242
2206	-0.00189
2208	-0.00174
2210	-0.0012
2212	-0.00105
2214	-0.00235
2216	-0.00302
2218	-0.00281
2220	-4.4021E-4
2222	-3.344E-4
2224	0.00131
2226	0.00146
2228	-3.62972E-4
2230	-9.34162E-4
2232	-0.00122
2234	-3.44543E-4
2236	-9.23734E-4
2238	-0.0022
2240	-0.00152
2242	-0.0021
2244	-0.00132
2246	-0.00127
2248	-7.38766E-5
2250	-0.00266
2252	-0.00391
2254	-0.00194
2256	-0.00125
2258	-8.41829E-4
2260	-0.00166
2262	-0.00207
2264	-8.52401E-4
2266	-2.64591E-4
2268	-0.0026
2270	-0.00235
2272	-0.0013
2274	-0.00186
2276	-0.00295
2278	-0.00375
2280	-0.00259
2282	-0.00171
2284	-7.63055E-5
2286	-0.00112
2288	-0.00282
2290	-0.0016
2292	-0.00241
2294	-0.00183
2296	-0.0014
2298	-0.00117
2300	-5.20829E-4
2302	-9.1102E-4
2304	-3.9121E-4
2306	-0.00154
2308	-0.00171
2310	-0.00197
2312	-0.00194
2314	-1.01163E-4
2316	3.43647E-4
2318	8.13456E-4
2320	6.82657E-5
2322	8.30075E-4
2324	1.04885E-4
2326	-2.42306E-4
2328	-9.80496E-4
2330	-4.06868E-5
2332	-9.68877E-4
2334	-0.00182
2336	-0.0015
2338	-4.61449E-4
2340	-1.24639E-4
2342	-9.0983E-4
2344	-1.8202E-4
2346	4.27893E-5
2348	1.88599E-4
2350	3.36408E-4
2352	8.51218E-4
2354	9.41027E-4
2356	2.03837E-4
2358	9.48646E-4
2360	3.88456E-4
2362	5.52653E-5
2364	0.00116
2366	8.79884E-4
2368	0.00174
2370	0.00188
2372	6.59629E-4
2374	5.02353E-4
2376	4.07076E-4
2378	-0.00108
2380	-4.27476E-4
2382	-0.00205
2384	-0.00313
2386	-0.00287
2388	-0.00351
2390	-0.00403
2392	-0.00237
2394	-0.00282
2396	-0.00145
2398	-0.00104
2400	-0.00158
2402	-4.57514E-4
2404	1.25209E-4
2406	1.70933E-4
2408	0.00157
2410	0.00235
2412	0.00223
2414	-0.00134
2416	-0.00302
2418	-0.00364
2420	-0.0022
2422	-0.00318
2424	-0.00345
2426	-0.00181
2428	-0.00154
2430	-0.0023
2432	-0.00357
2434	-0.00447
2436	-0.0041
2438	-0.00162
2440	-5.62762E-4
2442	-0.00158
2444	-0.00113
2446	-2.31449E-4
2448	-0.00144
2450	2.05385E-4
2452	7.54302E-4
2454	8.9122E-4
2456	-2.83863E-4
2458	0.0011
2460	2.97971E-4
2462	2.82889E-4
2464	5.93806E-4
2466	0.00113
2468	7.9464E-4
2470	4.11558E-4
2472	1.63475E-4
2474	-4.73608E-4
2476	-2.70691E-4
2478	7.34227E-4
2480	6.35144E-4
2482	1.91061E-4
2484	3.59785E-5
2486	5.31896E-4
2488	-8.67187E-4
2490	-0.00211
2492	-0.00197
2494	-0.0012
2496	-2.76518E-4
2498	3.06399E-4
2500	0.00219
2502	8.58234E-4
2504	-4.14849E-4
2506	2.97068E-4
2508	0.00113
2510	-5.08097E-4
2512	-0.00128
2514	4.1868E-4
2516	2.56411E-4
2518	-0.00107
2520	-0.00177
2522	-0.00195
2524	-6.48663E-4
2526	-9.15932E-4
2528	0.00492
2530	0.0258
2532	0.05654
2534	0.0908
2536	0.12302
2538	0.15273
2540	0.17946
2542	0.2055
2544	0.22801
2546	0.2451
2548	0.26112
2550	0.27476
2552	0.28735
2554	0.2986
2556	0.30598
2558	0.29555
2560	0.27605
2562	0.25042
2564	0.22171
2566	0.1942
2568	0.16943
2570	0.14996
2572	0.13227
2574	0.11643
2576	0.10286
2578	0.08963
2580	0.076
2582	0.06588
2584	0.05751
2586	0.05189
2588	0.04349
2590	0.03895
2592	0.03459
2594	0.03071
2596	0.02781
2598	0.02489
2600	0.02257
2602	0.0208
2604	0.01948
2606	0.0169
2608	0.01529
2610	0.01306
2612	0.01276
2614	0.01252
2616	0.0121
2618	0.01185
2620	0.01046
2622	0.00878
2624	0.00735
2626	0.00673
2628	0.00639
2630	0.00684
2632	0.00545
2634	0.00543
2636	0.00262
2638	0.00265
2640	0.00304
2642	0.00263
2644	0.0021
2646	0.00137
2648	1.82601E-4
2650	0.00166
2652	0.00246
2654	0.00306
2656	0.00118
2658	-3.2112E-4
2660	7.0512E-4
2662	0.00264
2664	0.00204
2666	0.00196
2668	3.73077E-4
2670	0.00133
2672	0.00247
2674	0.00281
2676	0.00236
2678	0.00343
2680	0.0026
2682	0.00202
2684	0.00139
2686	7.15231E-4
2688	-3.06529E-4
2690	-0.00112
2692	-0.00169
2694	-8.81134E-6
2696	5.38428E-4
2698	-4.05333E-4
2700	2.85907E-4
2702	-1.54854E-4
2704	-0.00106
2706	-0.00222
2708	-0.00225
2710	-0.00175
2712	-0.00107
2714	-7.35418E-4
2716	-7.91786E-5
2718	-5.30939E-4
2720	-0.00106
2722	-6.92963E-4
2724	9.04963E-4
2726	5.38891E-5
2728	-5.66185E-4
2730	0.00149
2732	0.00152
2734	0.00104
2736	2.9352E-4
2738	0.00126
2740	0.00389
2742	0.00533
2744	0.0033
2746	0.00333
2748	0.00304
2750	0.00253
2752	4.79931E-4
2754	4.75857E-4
2756	2.17783E-4
2758	-7.82907E-5
2760	-7.63644E-5
2762	-0.00114
2764	-3.98512E-4
2766	0.00116
2768	8.01341E-4
2770	9.57267E-4
2772	1.93198E-7
2774	-0.00134
2776	-0.00191
2778	-0.00224
2780	-0.00215
2782	-0.00185
2784	-8.92492E-5
2786	0.00241
2788	0.00193
2790	0.00147
2792	0.00229
2794	0.00149
2796	0.00149
2798	0.00175
2800	0.00162
2802	8.9832E-4
2804	-2.98941E-4
2806	-0.00156
2808	-0.00104
2810	8.45277E-4
2812	-0.00206
2814	-0.00244
2816	-0.00281
2818	-0.00132
2820	-3.27027E-4
2822	-3.46288E-4
2824	-0.00122
2826	0.00126
2828	0.00123
2830	0.00149
2832	0.0025
2834	0.00224
2836	7.78887E-4
2838	0.00144
2840	2.99365E-4
2842	-0.00173
2844	-0.00141
2846	-0.00132
2848	-0.00162
2850	-0.00122
2852	-0.00146
2854	-0.00141
2856	-0.00253
2858	-0.00133
2860	-6.09392E-4
2862	-0.00167
2864	-0.001
2866	2.92093E-4
2868	-1.37745E-4
2870	1.44169E-5
2872	5.95788E-5
2874	4.49741E-4
2876	0.00129
2878	-2.29356E-5
2880	-6.22774E-4
2882	-0.00123
2884	-0.00215
2886	-0.00217
2888	-6.81126E-4
2890	-4.94964E-4
2892	-6.64802E-4
2894	-0.00155
2896	-7.70479E-4
2898	-0.00124
2900	-0.00318
2902	-0.00333
2904	-0.00358
2906	-0.0032
2908	-0.00225
2910	-0.00225
2912	-4.97184E-4
2914	-1.90022E-4
2916	-3.3286E-4
2918	-3.0698E-5
2920	-1.44536E-4
2922	0.00159
2924	0.00147
2926	3.4995E-4
2928	-0.00175
2930	-8.69502E-4
2932	8.40002E-4
2934	0.00232
2936	0.00169
2938	0.00118
2940	0.00138
2942	9.6552E-4
2944	9.52023E-4
2946	4.69527E-4
2948	-8.7297E-4
2950	-3.27466E-4
2952	-6.18962E-4
2954	-9.18459E-4
2956	0.00147
2958	0.00137
2960	6.35052E-4
2962	-1.86444E-4
2964	-0.00116
2966	-0.00115
2968	-0.00212
2970	-0.00189
2972	-0.00261
2974	-0.00108
2976	3.53081E-4
2978	1.35845E-5
2980	-0.00175
2982	-9.97408E-4
2984	6.06095E-4
2986	-7.64011E-5
2988	-0.00155
2990	-0.00292
2992	-0.00222
2994	-0.00229
2996	-0.00113
2998	4.44621E-4
3000	-3.30073E-4
3002	0.00137
3004	3.08032E-4
3006	-5.25416E-4
3008	5.86136E-4
3010	6.68822E-6
3012	-0.00111
3014	-5.23207E-4
3016	0.00107
3018	-4.21031E-5
3020	-0.0012
3022	-0.00222
3024	-0.00238
3026	-5.46894E-4
3028	8.08658E-4
3030	-2.9879E-4
3032	-5.90238E-4
3034	1.13142E-5
3036	6.47866E-4
3038	-0.00133
3040	-0.00183
3042	-0.00239
3044	-0.00205
3046	-4.93373E-4
3048	2.78179E-4
3050	7.19732E-4
3052	8.39284E-4
3054	1.10836E-4
3056	-0.00118
3058	-0.00171
3060	-0.00143
3062	-0.00102
3064	-0.00238
3066	-4.37851E-4
3068	8.38685E-4
3070	-4.19664E-5
3072	-0.00173
3074	-0.0025
3076	-2.69196E-5
3078	0.00171
3080	-3.13222E-4
3082	-1.78873E-4
3084	4.54761E-5
3086	4.90825E-4
3088	0.00248
3090	0.00188
3092	0.00123
3094	5.73221E-4
3096	0.00117
3098	9.96919E-4
3100	0.00309
3102	0.00124
3104	-5.94035E-4
3106	-0.00202
3108	-0.00205
3110	-2.38988E-4
3112	6.48361E-4
3114	4.9171E-4
3116	-0.00136
3118	-6.84592E-4
3120	-1.71243E-4
3122	-0.00214
3124	-3.67545E-4
3126	3.49804E-4
3128	0.00466
3130	0.02285
3132	0.05068
3134	0.08302
3136	0.11449
3138	0.14559
3140	0.1736
3142	0.19607
3144	0.21924
3146	0.23796
3148	0.25434
3150	0.27003
3152	0.28286
3154	0.29453
3156	0.30078
3158	0.29243
3160	0.27323
3162	0.24837
3164	0.22175
3166	0.19677
3168	0.17179
3170	0.15056
3172	0.1323
3174	0.1159
3176	0.10204
3178	0.08652
3180	0.07462
3182	0.06686
3184	0.05925
3186	0.05288
3188	0.04724
3190	0.03959
3192	0.03567
3194	0.0305
3196	0.02495
3198	0.022
3200	0.0203
3202	0.01976
3204	0.01823
3206	0.01626
3208	0.01525
3210	0.01297
3212	0.01132
3214	0.01193
3216	0.01233
3218	0.01121
3220	0.00998
3222	0.00927
3224	0.00891
3226	0.00956
3228	0.00819
3230	0.00845
3232	0.00704
3234	0.00601
3236	0.00546
3238	0.00435
3240	0.00551
3242	0.00681
3244	0.00603
3246	0.00417
3248	0.00359
3250	0.00426
3252	0.00394
3254	0.00192
3256	0.00417
3258	0.00325
3260	0.00373
3262	0.00417
3264	0.00452
3266	0.00477
3268	0.00494
3270	0.00467
3272	0.00403
3274	0.00547
3276	0.00438
3278	0.00337
3280	0.00436
3282	0.00316
3284	0.00237
3286	0.0027
3288	0.00266
3290	-1.15203E-4
3292	-1.89597E-4
3294	-3.19907E-5
3296	-2.82385E-4
3298	-0.00107
3300	-1.38173E-4
3302	5.12434E-4
3304	5.4504E-4
3306	1.64571E-6
3308	4.97252E-4
3310	-3.38142E-4
3312	-0.00188
3314	-5.6793E-4
3316	0.00228
3318	0.00292
3320	0.00207
3322	0.00123
3324	0.00138
3326	0.00278
3328	0.00247
3330	0.00177
3332	4.23525E-4
3334	-4.32869E-4
3336	0.00117
3338	0.00112
3340	0.0011
3342	-2.45445E-4
3344	-0.00114
3346	-0.00153
3348	-0.00168
3350	-8.96021E-4
3352	-9.08415E-4
3354	-3.01809E-4
3356	-7.37202E-4
3358	-1.66596E-4
3360	-2.2999E-4
3362	4.65616E-4
3364	6.43222E-4
3366	6.92828E-4
3368	0.00129
3370	6.9604E-4
3372	-0.001
3374	-0.00153
3376	-0.00116
3378	-0.00157
3380	-5.5493E-4
3382	0.00206
3384	0.00164
3386	0.00146
3388	0.00254
3390	0.00312
3392	0.00275
3394	0.002
3396	5.01919E-4
3398	-5.57475E-4
3400	-0.0018
3402	1.73717E-6
3404	8.19343E-4
3406	0.00147
3408	0.00291
3410	0.0015
3412	7.59768E-4
3414	7.90374E-4
3416	6.9898E-4
3418	0.00119
3420	-4.52657E-4
3422	-0.0016
3424	-0.0018
3426	-9.42964E-4
3428	-6.20399E-4
3430	-0.00155
3432	-9.47271E-4
3434	-9.75706E-4
3436	-0.00124
3438	-0.0021
3440	-0.00224
3442	-8.97449E-4
3444	-3.24884E-4
3446	-6.4832E-4
3448	-0.00144
3450	-0.00314
3452	-0.00297
3454	-0.00182
3456	-0.00217
3458	-0.00225
3460	6.75631E-4
3462	0.00172
3464	-4.64241E-4
3466	-8.49676E-4
3468	5.08888E-4
3470	0.00201
3472	0.00325
3474	0.00278
3476	0.00356
3478	0.00353
3480	9.24274E-4
3482	1.69839E-4
3484	-2.35597E-4
3486	-5.0816E-4
3488	1.58636E-4
3490	-2.13568E-4
3492	0.00222
3494	0.00322
3496	0.00233
3498	0.00271
3500	0.00251
3502	0.00223
3504	5.97006E-4
3506	0.00111
3508	0.00169
3510	-4.75605E-4
3512	-0.00126
3514	-7.05013E-4
3516	-9.59217E-4
3518	-0.00108
3520	0.00105
3522	0.00107
3524	2.75968E-4
3526	0.00118
3528	-1.8044E-4
3530	3.53357E-4
3532	0.00112
3534	0.00144
3536	5.57745E-4
3538	5.28541E-4
3540	0.00118
3542	9.67134E-4
3544	-1.2307E-4
3546	6.15726E-4
3548	-1.11477E-4
3550	2.61319E-4
3552	-2.21885E-4
3554	-7.56089E-4
3556	6.14798E-4
3558	8.05032E-4
3560	7.09266E-4
3562	-7.385E-4
3564	-1.74266E-4
3566	9.32968E-4
3568	0.00153
3570	0.00109
3572	0.00108
3574	0.00146
3576	0.00189
3578	4.32371E-4
3580	4.38605E-4
3582	4.96839E-4
3584	9.15073E-4
3586	9.90307E-4
3588	3.02541E-4
3590	-3.62225E-4
3592	5.3009E-5
3594	0.00247
3596	0.00231
3598	0.00162
3600	0.00211
3602	7.86179E-4
3604	-4.45872E-5
3606	7.47647E-4
3608	0.0016
3610	0.00199
3612	0.00158
3614	8.62583E-4
3616	0.0026
3618	0.00295
3620	0.00271
3622	0.00199
3624	-5.74248E-4
3626	-0.00141
3628	-0.00117
3630	-0.00108
3632	-0.00153
3634	-8.17411E-4
3636	-2.17277E-4
3638	0.00167
3640	0.00279
3642	0.00306
3644	0.0018
3646	0.00163
3648	0.00115
3650	0.00318
3652	0.00283
3654	0.00226
3656	0.00229
3658	2.78197E-4
3660	-0.00162
3662	-0.00222
3664	4.55988E-5
3666	4.50733E-4
3668	-1.54133E-4
3670	2.26001E-4
3672	8.30135E-4
3674	3.50269E-4
3676	7.69403E-4
3678	8.29537E-4
3680	-1.85329E-4
3682	-6.76195E-4
3684	-3.84061E-4
3686	1.51073E-4
3688	0.00103
3690	2.71341E-4
3692	2.77475E-4
3694	4.36087E-5
3696	-6.08067E-4
3698	-5.88465E-4
3700	-0.0011
3702	8.00738E-4
3704	0.00202
3706	0.00173
3708	0.00401
3710	0.00273
3712	-3.61252E-4
3714	-9.2065E-4
3716	-9.72048E-4
3718	7.09553E-4
3720	0.00216
3722	0.00243
3724	0.0021
3726	0.00199
3728	0.00409
3730	0.02051
3732	0.04743
3734	0.07844
3736	0.10985
3738	0.1408
3740	0.16837
3742	0.19261
3744	0.21598
3746	0.23654
3748	0.25284
3750	0.26707
3752	0.27924
3754	0.2894
3756	0.29568
3758	0.28966
3760	0.27202
3762	0.24792
3764	0.22183
3766	0.19653
3768	0.17247
3770	0.1522
3772	0.13142
3774	0.11366
3776	0.09844
3778	0.08688
3780	0.07509
3782	0.06575
3784	0.05961
3786	0.05201
3788	0.04489
3790	0.03834
3792	0.03417
3794	0.03133
3796	0.02796
3798	0.02512
3800	0.02312
3802	0.02044
3804	0.01775
3806	0.01555
3808	0.01427
3810	0.01358
3812	0.01309
3814	0.01446
3816	0.01281
3818	0.01123
3820	0.00962
3822	0.00724
3824	0.0078
3826	0.00758
3828	0.00638
3830	0.00547
3832	0.00502
3834	0.00527
3836	0.00648
3838	0.00572
3840	0.00616
3842	0.00668
3844	0.00629
3846	0.00551
3848	0.00611
3850	0.00862
3852	0.00816
3854	0.00669
3856	0.00653
3858	0.00744
3860	0.00645
3862	0.00632
3864	0.00501
3866	0.00624
3868	0.00456
3870	0.0036
3872	0.0014
3874	0.00188
3876	0.0022
3878	0.00281
3880	0.00124
3882	8.9388E-5
3884	8.83652E-4
3886	7.82916E-4
3888	9.2418E-4
3890	0.00122
3892	0.00118
3894	3.70973E-4
3896	-8.64763E-4
3898	-0.00151
3900	-0.0013
3902	-5.70971E-4
3904	3.47298E-4
3906	0.00159
3908	6.59702E-4
3910	-8.75962E-5
3912	-0.00168
3914	-4.59193E-4
3916	0.00169
3918	0.00229
3920	0.0032
3922	0.00413
3924	0.0036
3926	0.00446
3928	0.00357
3930	0.00264
3932	0.00163
3934	0.00143
3936	4.71528E-4
3938	1.4123E-4
3940	1.79932E-4
3942	-6.80367E-4
3944	-0.00223
3946	5.07037E-4
3948	0.00137
3950	0.00163
3952	0.00123
3954	0.00135
3956	0.00133
3958	0.00358
3960	0.00232
3962	0.00261
3964	0.00308
3966	0.00434
3968	0.00265
3970	0.00139
3972	0.00166
3974	0.00236
3976	0.00138
3978	8.9258E-4
3980	4.03966E-4
3982	-3.09649E-4
3984	-3.57263E-4
3986	-0.00216
3988	-0.00315
3990	-0.00131
3992	-7.6072E-4
3994	7.30666E-4
3996	0.00225
3998	0.00143
4000	4.33823E-4
4002	-4.51792E-4
4004	4.50594E-4
4006	3.3698E-4
4008	-9.13634E-4
4010	-0.00129
4012	-0.00102
4014	-9.64773E-5
4016	0.0011
4018	2.91294E-4
4020	-9.6532E-4
4022	-3.30934E-4
4024	8.64451E-4
4026	1.58369E-5
4028	-3.90777E-4
4030	3.03608E-4
4032	4.61994E-4
4034	0.00234
4036	0.00148
4038	0.00138
4040	0.00105
4042	0.0019
4044	0.00225
4046	0.00199
4048	0.00111
4050	5.23559E-4
4052	0.00104
4054	9.27787E-4
4056	-1.19599E-4
4058	-0.0011
4060	-7.53371E-4
4062	0.00125
4064	0.00225
4066	0.00198
4068	0.00159
4070	7.84698E-4
4072	6.65312E-4
4074	4.58926E-4
4076	-6.73461E-4
4078	-0.00129
4080	-0.00104
4082	-0.00105
4084	-0.00159
4086	-0.00192
4088	-0.00162
4090	-0.00136
4092	-4.3455E-4
4094	-3.43936E-4
4096	5.24678E-4
4098	-4.87082E-5
4100	6.77906E-4
4102	0.00213
4104	0.00302
4106	0.00364
4108	0.00308
4110	0.0039
4112	0.00226
4114	4.61448E-4
4116	3.93513E-4
4118	0.00114
4120	0.00124
4122	0.00157
4124	0.00168
4126	0.00144
4128	0.00143
4130	0.00112
4132	7.9703E-4
4134	0.00176
4136	0.00242
4138	0.00283
4140	0.00305
4142	0.00367
4144	0.00353
4146	0.00322
4148	-1.55453E-4
4150	-8.50388E-4
4152	-4.03236E-5
4154	6.28741E-4
4156	9.34806E-4
4158	-9.7913E-4
4160	-2.34065E-4
4162	0.00271
4164	0.00362
4166	0.00337
4168	0.00162
4170	7.70258E-4
4172	5.81323E-4
4174	7.88387E-4
4176	-2.25548E-4
4178	-4.01483E-4
4180	7.66581E-4
4182	1.99646E-4
4184	-4.39253E-5
4186	1.45642E-4
4188	-3.5279E-4
4190	0.00149
4192	9.22346E-4
4194	0.00199
4196	0.00148
4198	7.38049E-4
4200	0.00227
4202	0.00296
4204	0.00272
4206	0.00408
4208	0.0039
4210	0.00345
4212	0.0023
4214	5.05591E-4
4216	4.07158E-4
4218	7.60726E-4
4220	-7.87061E-5
4222	-5.01384E-5
4224	0.00155
4226	0.00202
4228	0.00199
4230	2.71133E-4
4232	-3.52998E-5
4234	0.0013
4236	0.00157
4238	3.97403E-4
4240	4.64971E-4
4242	-0.00163
4244	-0.00223
4246	-0.00323
4248	-0.00434
4250	-0.00385
4252	-0.00154
4254	-2.72073E-4
4256	6.57896E-4
4258	8.61864E-4
4260	-5.11676E-5
4262	5.53801E-4
4264	0.00104
4266	7.83737E-4
4268	2.07706E-4
4270	7.72674E-4
4272	0.00156
4274	-9.43893E-5
4276	-1.75421E-4
4278	-6.14453E-4
4280	-0.00226
4282	5.34484E-4
4284	8.81452E-4
4286	-4.42579E-4
4288	1.91389E-4
4290	-1.63643E-4
4292	-0.00262
4294	-0.00164
4296	-8.33738E-4
4298	-7.79769E-4
4300	4.27199E-4
4302	0.00101
4304	0.0011
4306	2.81104E-4
4308	0.00112
4310	1.31041E-4
4312	-6.57991E-4
4314	-2.70023E-4
4316	-3.20054E-4
4318	-4.98086E-4
4320	2.70882E-4
4322	0.00134
4324	4.45484E-4
4326	-1.41795E-4
4328	0.00202
4330	0.01655
4332	0.04202
4334	0.07428
4336	0.10501
4338	0.13542
4340	0.16239
4342	0.18559
4344	0.20637
4346	0.22563
4348	0.24232
4350	0.25537
4352	0.26817
4354	0.27893
4356	0.28832
4358	0.28455
4360	0.26609
4362	0.2426
4364	0.21835
4366	0.19431
4368	0.17287
4370	0.15205
4372	0.13344
4374	0.11727
4376	0.10234
4378	0.08899
4380	0.0766
4382	0.06765
4384	0.05971
4386	0.05213
4388	0.04614
4390	0.04169
4392	0.03763
4394	0.03117
4396	0.02786
4398	0.02474
4400	0.02065
4402	0.0185
4404	0.01805
4406	0.01611
4408	0.01434
4410	0.01181
4412	0.01242
4414	0.01143
4416	0.01028
4418	0.00991
4420	0.01004
4422	0.01003
4424	0.00942
4426	0.00957
4428	0.00863
4430	0.00679
4432	0.00492
4434	0.00424
4436	0.00423
4438	0.00387
4440	0.00219
4442	0.00157
4444	0.00196
4446	0.00201
4448	0.00143
4450	0.00221
4452	0.0025
4454	0.00134
4456	0.00233
4458	0.00114
4460	9.94352E-4
4462	7.04149E-4
4464	7.45946E-4
4466	0.00157
4468	0.00231
4470	0.00163
4472	0.00178
4474	0.00255
4476	0.00235
4478	0.0026
4480	0.00229
4482	8.97119E-4
4484	0.00243
4486	0.00268
4488	0.00367
4490	0.00268
4492	0.0025
4494	0.00265
4496	0.00312
4498	0.00268
4500	7.80292E-4
4502	-6.91911E-4
4504	-0.00138
4506	-0.00275
4508	-0.00216
4510	-0.00135
4512	-9.49926E-4
4514	-0.00123
4516	-0.00101
4518	-2.13535E-4
4520	-0.00174
4522	-1.81941E-4
4524	0.00111
4526	0.00283
4528	0.00203
4530	7.51247E-4
4532	-1.94956E-4
4534	-0.00121
4536	-0.00117
4538	-0.00101
4540	-9.72768E-4
4542	-4.22971E-4
4544	7.97826E-4
4546	7.37623E-4
4548	9.5042E-4
4550	-5.91783E-4
4552	3.96014E-4
4554	4.50811E-4
4556	7.34608E-4
4558	0.0011
4560	8.98202E-4
4562	3.86999E-4
4564	-8.09204E-4
4566	-9.22407E-4
4568	3.7539E-4
4570	-4.22813E-4
4572	-0.00225
4574	-0.00293
4576	-0.0024
4578	-0.00225
4580	-0.00222
4582	-0.00129
4584	-2.19234E-4
4586	-6.12437E-4
4588	3.73598E-5
4590	0.00112
4592	-1.08046E-4
4594	-3.53249E-4
4596	-5.62452E-4
4598	0.00135
4600	3.02142E-4
4602	-1.91061E-4
4604	-0.001
4606	-0.00192
4608	-0.00208
4610	-0.00188
4612	-0.00183
4614	5.47721E-4
4616	7.00518E-4
4618	0.00143
4620	5.21112E-4
4622	-7.30914E-5
4624	0.00113
4626	7.93503E-4
4628	4.103E-4
4630	0.00106
4632	-5.85106E-4
4634	-8.01309E-4
4636	-4.05512E-4
4638	5.03285E-4
4640	9.13082E-4
4642	0.00139
4644	7.14676E-4
4646	-5.15527E-4
4648	-4.1373E-4
4650	-7.10933E-4
4652	-0.00183
4654	-0.002
4656	-0.00146
4658	-0.00188
4660	-0.00202
4662	-0.00214
4664	-3.75355E-4
4666	-9.25576E-5
4668	-7.44761E-4
4670	-5.29636E-5
4672	-0.00269
4674	-0.00227
4676	-0.00175
4678	-3.52776E-4
4680	-6.99786E-5
4682	-0.00209
4684	-0.00282
4686	-0.00107
4688	-7.25791E-4
4690	-0.00165
4692	-0.00129
4694	-0.00229
4696	-0.00193
4698	-2.78057E-5
4700	8.67991E-4
4702	1.94788E-4
4704	-0.00117
4706	-0.00192
4708	-0.00251
4710	-0.00233
4712	-0.00131
4714	-0.00108
4716	-0.0013
4718	6.36164E-4
4720	2.25961E-4
4722	3.83758E-4
4724	0.00108
4726	6.09352E-4
4728	6.76149E-4
4730	8.71946E-4
4732	4.17743E-4
4734	-5.45989E-6
4736	-7.46663E-4
4738	-4.33866E-4
4740	-0.00183
4742	-0.00347
4744	-0.00374
4746	-0.00248
4748	-3.50718E-4
4750	8.58091E-4
4752	-2.13099E-4
4754	-0.00128
4756	-4.35481E-4
4758	-0.00134
4760	-0.00131
4762	-3.33053E-4
4764	-0.00108
4766	-6.00435E-4
4768	-8.83626E-4
4770	-5.36816E-4
4772	6.00993E-4
4774	6.12802E-4
4776	-1.88389E-4
4778	0.00114
4780	0.00158
4782	0.00101
4784	0.00146
4786	0.00179
4788	0.00178
4790	0.00136
4792	0.00125
4794	0.00206
4796	0.00144
4798	0.00173
4800	6.22322E-4
4802	0.00157
4804	8.1194E-4
4806	0.00165
4808	9.93559E-4
4810	5.22359E-5
4812	-1.6123E-4
4814	-0.00212
4816	-0.00136
4818	-8.13628E-4
4820	-3.48094E-4
4822	-0.00253
4824	-0.0022
4826	-0.00206
4828	-0.00403
4830	-0.00295
4832	-0.00219
4834	-0.00193
4836	-8.12822E-4
4838	-8.86288E-4
4840	-0.0031
4842	-0.00139
4844	-8.21686E-4
4846	6.18485E-5
4848	9.66383E-4
4850	-2.33083E-4
4852	-7.46549E-4
4854	-1.31015E-4
4856	4.17519E-4
4858	0.00159
4860	1.95868E-5
4862	-0.0011
4864	0.00119
4866	0.00153
4868	0.0011
4870	-6.4743E-5
4872	-8.1209E-5
4874	-0.00122
4876	-4.60141E-4
4878	7.02393E-4
4880	-2.18177E-4
4882	-0.00122
4884	-6.34335E-4
4886	-4.84143E-5
4888	-3.49324E-6
4890	-4.91572E-4
4892	3.18349E-4
4894	0.00107
4896	0.00172
4898	7.35112E-4
4900	4.66033E-4
4902	5.32954E-4
4904	7.98875E-4
4906	6.61796E-4
4908	3.41717E-4
4910	3.31638E-4
4912	-2.04406E-5
4914	-3.5352E-4
4916	9.40151E-6
4918	-4.01677E-4
4920	2.64244E-4
4922	-0.00187
4924	-0.00269
4926	-0.00291
4928	7.59278E-5
4930	0.0123
4932	0.03609
4934	0.06608
4936	0.09607
4938	0.12466
4940	0.15242
4942	0.1767
4944	0.19748
4946	0.21578
4948	0.2329
4950	0.24716
4952	0.26104
4954	0.27065
4956	0.27981
4958	0.27938
4960	0.26325
4962	0.24143
4964	0.21668
4966	0.19073
4968	0.16823
4970	0.1499
4972	0.13055
4974	0.11309
4976	0.09836
4978	0.08534
4980	0.07414
4982	0.06551
4984	0.05794
4986	0.05095
4988	0.04514
4990	0.04004
4992	0.03443
4994	0.02963
4996	0.02567
4998	0.02345
5000	0.0212
5002	0.02084
5004	0.01819
5006	0.01695
5008	0.01586
5010	0.01284
5012	0.01203
5014	0.0112
5016	0.01244
5018	0.01218
5020	0.0115
5022	0.00939
5024	0.0093
5026	0.01067
5028	0.00982
5030	0.00809
5032	0.0073
5034	0.00632
5036	0.00639
5038	0.00706
5040	0.0078
5042	0.00623
5044	0.00521
5046	0.00461
5048	0.00111
5050	0.00136
5052	5.87357E-4
5054	0.00118
5056	0.00137
5058	0.00167
5060	7.18133E-4
5062	6.20077E-4
5064	-0.00112
5066	-0.00166
5068	-0.00146
5070	-0.00141
5072	-3.12202E-4
5074	2.91742E-4
5076	-8.30314E-4
5078	1.50631E-4
5080	0.00122
5082	0.00146
5084	3.02463E-4
5086	-0.00137
5088	-0.00241
5090	-0.00198
5092	-0.00135
5094	-8.15557E-4
5096	0.0012
5098	2.56616E-4
5100	-5.88798E-4
5102	-6.42113E-5
5104	0.00145
5106	7.96174E-6
5108	-7.45175E-6
5110	-4.48865E-4
5112	-7.69279E-4
5114	1.17308E-4
5116	0.00142
5118	3.65481E-4
5120	5.61067E-4
5122	-6.46346E-4
5124	-8.3676E-4
5126	-0.00152
5128	-0.00157
5130	-0.00208
5132	-0.00323
5134	-0.0021
5136	-0.00111
5138	1.02346E-4
5140	-1.12067E-4
5142	9.17519E-4
5144	8.21106E-4
5146	0.0022
5148	0.00279
5150	0.00306
5152	0.00211
5154	0.00171
5156	0.00228
5158	0.00125
5160	-0.00159
5162	-0.00276
5164	-7.67029E-4
5166	-2.63443E-4
5168	2.24144E-4
5170	8.57302E-5
5172	3.96317E-4
5174	-5.50967E-5
5176	2.7349E-4
5178	7.31076E-4
5180	-8.13372E-5
5182	-8.19751E-4
5184	-7.69164E-4
5186	-6.69578E-4
5188	-0.00122
5190	-0.00101
5192	7.57182E-4
5194	0.00217
5196	0.0018
5198	0.00122
5200	0.00175
5202	0.00193
5204	5.06701E-4
5206	-8.06712E-4
5208	-0.00154
5210	-6.99539E-4
5212	-6.28953E-4
5214	9.86634E-4
5216	6.0122E-4
5218	-4.48193E-4
5220	-7.70607E-4
5222	1.0498E-4
5224	-0.00108
5226	-0.00111
5228	0.00154
5230	0.00289
5232	0.00156
5234	6.06499E-4
5236	0.00106
5238	8.49672E-4
5240	-0.00116
5242	-0.00145
5244	-0.00218
5246	-0.00128
5248	-7.17396E-4
5250	-4.70809E-4
5252	-3.96223E-4
5254	2.23639E-5
5256	0.00162
5258	0.00186
5260	0.00121
5262	0.00121
5264	3.55296E-4
5266	2.49883E-4
5268	-9.65305E-5
5270	-0.00139
5272	-0.00163
5274	-2.79771E-4
5276	0.00117
5278	7.65402E-4
5280	-3.72011E-4
5282	-2.23425E-4
5284	-1.63838E-4
5286	-4.22252E-4
5288	-0.00171
5290	-8.21079E-4
5292	-0.00124
5294	-0.0016
5296	-0.00162
5298	8.64267E-4
5300	0.00147
5302	0.00156
5304	0.00176
5306	0.00105
5308	0.00145
5310	2.37786E-4
5312	0.00111
5314	0.00325
5316	0.00388
5318	0.00369
5320	0.00263
5322	0.00316
5324	0.00235
5326	7.23478E-4
5328	-8.7935E-5
5330	-6.20349E-4
5332	5.21238E-4
5334	-2.00175E-4
5336	-5.88981E-7
5338	3.16998E-4
5340	8.18584E-4
5342	5.07171E-4
5344	-0.0013
5346	-0.00167
5348	-0.00128
5350	4.97517E-4
5352	0.00196
5354	0.00122
5356	0.00239
5358	0.00247
5360	3.18449E-4
5362	5.21036E-4
5364	0.0017
5366	0.00264
5368	0.00238
5370	0.00144
5372	-3.51032E-4
5374	-0.00198
5376	-0.00226
5378	-0.00277
5380	-1.87686E-4
5382	0.00198
5384	0.00137
5386	9.43074E-4
5388	0.00199
5390	0.00122
5392	4.98335E-5
5394	-7.8658E-4
5396	-0.00266
5398	-3.0407E-5
5400	-1.3882E-4
5402	-8.77234E-4
5404	-2.70647E-4
5406	6.70939E-4
5408	-1.17474E-4
5410	-6.41888E-4
5412	7.12699E-4
5414	9.17285E-4
5416	0.00243
5418	0.00385
5420	0.00424
5422	0.00373
5424	0.00278
5426	0.00229
5428	0.00215
5430	0.00112
5432	0.00124
5434	0.00223
5436	0.00194
5438	0.00226
5440	8.28871E-4
5442	2.71878E-4
5444	0.00103
5446	0.00138
5448	4.04896E-4
5450	-4.06098E-4
5452	-7.99092E-4
5454	5.03914E-4
5456	5.15921E-4
5458	4.60927E-4
5460	-4.96067E-4
5462	4.15939E-4
5464	0.00141
5466	9.14951E-4
5468	5.73958E-4
5470	-0.00227
5472	-0.00262
5474	-0.00207
5476	-0.00142
5478	-0.00159
5480	-0.0014
5482	-2.55999E-4
5484	0.00137
5486	0.00136
5488	0.00319
5490	0.00296
5492	0.00243
5494	0.00226
5496	0.00212
5498	0.00203
5500	7.15056E-4
5502	8.07062E-4
5504	7.80069E-4
5506	0.00207
5508	0.00164
5510	0.00283
5512	0.00172
5514	2.63985E-4
5516	3.62645E-4
5518	-7.76956E-5
5520	-6.42036E-4
5522	-0.00199
5524	-0.00316
5526	-0.00363
5528	-4.35397E-4
5530	0.01145
5532	0.03503
5534	0.06328
5536	0.09427
5538	0.12303
5540	0.14906
5542	0.17402
5544	0.19505
5546	0.21347
5548	0.2303
5550	0.24493
5552	0.25796
5554	0.26702
5556	0.27543
5558	0.27634
5560	0.26258
5562	0.24257
5564	0.2181
5566	0.19272
5568	0.16987
5570	0.15094
5572	0.13299
5574	0.11656
5576	0.10178
5578	0.08835
5580	0.07639
5582	0.06688
5584	0.05883
5586	0.05198
5588	0.04705
5590	0.04105
5592	0.03553
5594	0.03054
5596	0.02912
5598	0.02614
5600	0.02478
5602	0.02261
5604	0.01831
5606	0.01546
5608	0.01307
5610	0.01082
5612	0.01149
5614	0.01285
5616	0.01018
5618	0.00824
5620	0.00773
5622	0.00662
5624	0.0042
5626	0.00472
5628	0.00615
5630	0.00628
5632	0.00396
5634	0.00387
5636	0.00282
5638	0.00297
5640	0.00409
5642	0.00466
5644	0.00298
5646	0.00171
5648	4.27207E-4
5650	-7.76288E-4
5652	-8.80783E-4
5654	-6.33278E-4
5656	3.63228E-4
5658	0.00122
5660	5.72385E-5
5662	1.27438E-5
5664	-0.00113
5666	-0.00258
5668	-0.00117
5670	6.91765E-4
5672	1.5427E-4
5674	5.30776E-4
5676	6.52281E-4
5678	0.00179
5680	0.00241
5682	0.0015
5684	0.00159
5686	0.00259
5688	0.00123
5690	-4.60182E-4
5692	-2.31676E-4
5694	4.30829E-4
5696	-1.92666E-4
5698	-5.8516E-4
5700	4.19345E-4
5702	-4.0915E-4
5704	-9.47644E-4
5706	-0.00109
5708	-0.00213
5710	-0.0025
5712	-0.00133
5714	-7.22118E-4
5716	0.00107
5718	0.00117
5720	0.00105
5722	0.00202
5724	0.00173
5726	0.00183
5728	0.00152
5730	2.21925E-4
5732	6.6743E-4
5734	-2.32065E-4
5736	-0.00277
5738	-0.00267
5740	-0.00387
5742	-0.00433
5744	-0.00429
5746	-0.0034
5748	-0.0032
5750	-0.00378
5752	-0.00295
5754	-0.00179
5756	-0.002
5758	-0.00113
5760	-4.54495E-4
5762	0.00128
5764	0.0014
5766	-2.85979E-4
5768	0.00164
5770	0.00244
5772	7.35537E-4
5774	9.00419E-5
5776	-8.31453E-4
5778	-0.00157
5780	-0.00176
5782	-0.00221
5784	-0.00237
5786	-0.00156
5788	-7.25421E-4
5790	-9.08915E-4
5792	-0.0019
5794	-0.00308
5796	-0.00207
5798	-9.84894E-4
5800	-0.00111
5802	-0.00243
5804	-0.00346
5806	-0.00456
5808	-0.00443
5810	-0.00285
5812	-0.0018
5814	-0.0028
5816	-0.00307
5818	-0.0021
5820	-0.00138
5822	-0.00201
5824	-0.00109
5826	-2.1182E-4
5828	7.90686E-4
5830	0.0017
5832	9.30696E-4
5834	6.63202E-4
5836	4.86707E-4
5838	0.00135
5840	0.00296
5842	0.00108
5844	-4.80272E-4
5846	-1.91766E-4
5848	-9.31261E-4
5850	-8.29756E-4
5852	-0.0013
5854	-0.00297
5856	-0.00234
5858	-7.22734E-4
5860	-4.67229E-4
5862	-1.67238E-5
5864	-0.00219
5866	-0.00283
5868	-0.00243
5870	-0.00135
5872	5.52803E-4
5874	-4.83692E-4
5876	-6.32187E-4
5878	0.00113
5880	0.00217
5882	0.00303
5884	0.00212
5886	6.1534E-4
5888	4.12845E-4
5890	6.16351E-4
5892	3.00856E-4
5894	4.77361E-4
5896	-7.79133E-4
5898	-6.06628E-4
5900	-9.64123E-4
5902	-6.60617E-4
5904	-4.17112E-4
5906	8.83933E-5
5908	1.51899E-4
5910	-4.95961E-5
5912	-2.69091E-4
5914	-0.00254
5916	-0.00391
5918	-0.00227
5920	2.56931E-4
5922	-5.56414E-6
5924	-3.38059E-4
5926	-6.35553E-4
5928	1.61952E-4
5930	-1.60543E-4
5932	-6.29038E-4
5934	1.95468E-4
5936	3.80973E-4
5938	0.00115
5940	-3.96016E-4
5942	-8.06511E-4
5944	9.39994E-4
5946	6.135E-4
5948	3.95005E-4
5950	9.3551E-4
5952	2.80016E-4
5954	-2.39479E-4
5956	-5.20974E-4
5958	3.56532E-4
5960	2.78037E-4
5962	-1.12458E-4
5964	9.80477E-5
5966	-0.00103
5968	-9.17942E-4
5970	-0.00116
5972	-0.00249
5974	-0.00155
5976	6.6108E-4
5978	9.11585E-4
5980	6.10902E-5
5982	-9.19404E-4
5984	-0.00147
5986	-0.00159
5988	-0.00145
5990	-0.00189
5992	-0.00106
5994	-5.49372E-4
5996	-7.1619E-6
5998	-8.99474E-4
6000	-7.07785E-4
6002	-0.00225
6004	-0.00307
6006	-0.00203
6008	-0.00191
6010	-2.21344E-4
6012	-1.41655E-4
6014	-0.00113
6016	-0.00159
6018	-0.00189
6020	-0.00232
6022	-4.50214E-4
6024	0.00145
6026	0.00205
6028	9.94851E-4
6030	0.00125
6032	0.00126
6034	5.09916E-4
6036	-6.39571E-6
6038	-0.00132
6040	-0.00104
6042	-3.54331E-4
6044	3.20358E-4
6046	-0.0015
6048	-0.00183
6050	-0.00168
6052	-0.00108
6054	-0.00185
6056	-3.74513E-4
6058	-3.17824E-4
6060	-0.00195
6062	-0.00145
6064	-0.00263
6066	-0.00224
6068	-2.96434E-4
6070	0.00118
6072	0.00125
6074	0.00111
6076	4.13216E-4
6078	-2.92121E-4
6080	-6.36459E-4
6082	-9.97796E-4
6084	-0.0013
6086	-0.00303
6088	-0.00253
6090	3.53854E-4
6092	0.00214
6094	0.00137
6096	8.06842E-4
6098	9.23505E-4
6100	0.0016
6102	0.00191
6104	0.00184
6106	4.0155E-5
6108	-2.59182E-4
6110	8.5348E-4
6112	-0.0014
6114	-7.46195E-4
6116	0.00108
6118	4.93131E-4
6120	-0.00187
6122	-0.00297
6124	-0.00121
6126	-0.00184
6128	-0.0015
6130	0.0089
6132	0.0307
6134	0.05826
6136	0.08642
6138	0.11554
6140	0.14228
6142	0.1647
6144	0.18611
6146	0.20536
6148	0.22399
6150	0.23955
6152	0.2514
6154	0.26234
6156	0.27194
6158	0.27315
6160	0.25993
6162	0.23926
6164	0.21632
6166	0.19374
6168	0.17037
6170	0.14907
6172	0.12955
6174	0.11293
6176	0.09868
6178	0.08663
6180	0.07549
6182	0.06587
6184	0.05785
6186	0.05167
6188	0.04575
6190	0.03943
6192	0.03597
6194	0.03146
6196	0.02778
6198	0.02468
6200	0.02203
6202	0.0194
6204	0.0179
6206	0.01618
6208	0.01529
6210	0.01464
6212	0.01402
6214	0.01253
6216	0.01204
6218	0.01027
6220	0.00998
6222	0.00905
6224	0.00722
6226	0.00701
6228	0.00754
6230	0.00771
6232	0.00753
6234	0.00791
6236	0.0068
6238	0.00458
6240	0.00328
6242	0.0034
6244	0.00417
6246	0.00372
6248	0.00245
6250	0.00243
6252	9.51936E-4
6254	-0.00132
6256	-0.00274
6258	-0.00208
6260	-0.00148
6262	-0.00245
6264	-0.00137
6266	-8.03641E-4
6268	9.6342E-4
6270	0.00166
6272	0.00195
6274	0.00106
6276	-1.40338E-4
6278	0.00163
6280	4.64783E-4
6282	9.22843E-4
6284	9.38904E-4
6286	0.00133
6288	0.00182
6290	0.00162
6292	7.45146E-4
6294	-7.79794E-4
6296	3.87267E-4
6298	0.00141
6300	0.00265
6302	6.51448E-4
6304	-6.43492E-4
6306	-0.0014
6308	-9.35371E-4
6310	-9.1031E-4
6312	-0.00228
6314	-0.00209
6316	-9.90129E-4
6318	-8.50068E-4
6320	9.27992E-4
6322	0.00142
6324	5.91134E-5
6326	1.99174E-4
6328	0.00169
6330	0.0011
6332	0.00321
6334	0.00352
6336	0.00271
6338	0.00172
6340	-1.69403E-4
6342	-3.03423E-5
6344	0.0014
6346	0.00178
6348	4.86839E-4
6350	0.00111
6352	0.0016
6354	0.00193
6356	5.70081E-4
6358	3.07142E-4
6360	0.00112
6362	0.00139
6364	0.00114
6366	0.00205
6368	0.00114
6370	5.96505E-4
6372	2.61565E-4
6374	6.41625E-4
6376	4.53686E-4
6378	-6.69254E-4
6380	7.97807E-4
6382	0.00254
6384	0.00199
6386	0.0021
6388	0.00149
6390	0.00165
6392	9.0817E-4
6394	0.00186
6396	0.0013
6398	0.00191
6400	2.96412E-4
6402	-0.00101
6404	-0.00163
6406	-7.54407E-4
6408	6.09654E-4
6410	3.88714E-4
6412	1.58775E-4
6414	3.31835E-4
6416	0.00177
6418	0.00222
6420	4.38017E-4
6422	0.00144
6424	0.00188
6426	0.0013
6428	0.00103
6430	0.00276
6432	0.00138
6434	3.7244E-4
6436	-9.35499E-4
6438	-0.00153
6440	-0.00215
6442	-0.0022
6444	-0.00144
6446	-0.00121
6448	-0.00202
6450	-0.00147
6452	-0.00105
6454	-0.00228
6456	-0.00322
6458	-0.00211
6460	-1.02774E-4
6462	5.68287E-4
6464	-1.19653E-4
6466	0.00118
6468	0.00164
6470	8.44529E-4
6472	8.01589E-4
6474	3.4865E-4
6476	-3.3229E-4
6478	0.00124
6480	9.79831E-4
6482	0.00145
6484	0.00127
6486	2.23013E-4
6488	3.57073E-4
6490	7.50134E-4
6492	-5.63806E-4
6494	-8.18745E-4
6496	-0.00146
6498	-0.00252
6500	-0.00103
6502	-0.00123
6504	-0.00106
6506	-0.00126
6508	-6.91322E-4
6510	0.0022
6512	0.00249
6514	0.00157
6516	5.0892E-4
6518	0.00204
6520	0.00272
6522	0.00122
6524	4.86162E-4
6526	0.00142
6528	0.00246
6530	0.00239
6532	0.0028
6534	0.00238
6536	0.00352
6538	0.00318
6540	0.0026
6542	0.00199
6544	0.00234
6546	0.00169
6548	0.00126
6550	0.00123
6552	4.77195E-4
6554	-3.65178E-4
6556	-0.00119
6558	-0.00174
6560	-0.00179
6562	-0.00137
6564	-8.48042E-4
6566	7.77585E-4
6568	0.00183
6570	3.0984E-4
6572	-4.65533E-4
6574	-0.00153
6576	-7.47279E-4
6578	-7.80652E-4
6580	-0.00105
6582	2.29603E-4
6584	-3.3177E-4
6586	4.08571E-5
6588	-5.06516E-4
6590	3.09111E-4
6592	0.00148
6594	0.00154
6596	-8.13007E-4
6598	-2.1938E-4
6600	-1.12753E-4
6602	8.78744E-5
6604	3.42502E-4
6606	0.00186
6608	0.0013
6610	3.35383E-4
6612	8.2201E-4
6614	4.71637E-4
6616	7.99265E-4
6618	8.15892E-4
6620	2.06519E-4
6622	3.54974E-4
6624	1.05042E-4
6626	0.00223
6628	0.00195
6630	2.06246E-4
6632	0.00183
6634	0.00105
6636	0.00177
6638	5.88518E-4
6640	-9.04414E-4
6642	-4.37346E-4
6644	-0.00172
6646	-0.00157
6648	-5.35142E-4
6650	-4.74074E-4
6652	5.19941E-5
6654	2.27062E-4
6656	5.4513E-4
6658	0.00117
6660	0.00108
6662	-7.71666E-4
6664	-0.00161
6666	-5.7853E-4
6668	7.08538E-4
6670	8.41606E-4
6672	-7.32577E-6
6674	1.32742E-4
6676	0.00109
6678	-7.51217E-5
6680	0.00101
6682	0.00136
6684	-3.41918E-4
6686	-4.7385E-4
6688	-2.19782E-4
6690	-0.00146
6692	-0.00257
6694	-8.50769E-4
6696	7.6562E-4
6698	0.00174
6700	7.23397E-4
6702	0.0011
6704	8.12174E-4
6706	0.00217
6708	0.00166
6710	3.26339E-4
6712	1.1728E-5
6714	-1.97883E-4
6716	2.35505E-4
6718	2.62894E-4
6720	7.29282E-4
6722	6.00671E-4
6724	0.00169
6726	7.40448E-4
6728	9.92836E-4
6730	0.00866
6732	0.02882
6734	0.05423
6736	0.08303
6738	0.11149
6740	0.13723
6742	0.16212
6744	0.18318
6746	0.20252
6748	0.21938
6750	0.23387
6752	0.24783
6754	0.2588
6756	0.26829
6758	0.26915
6760	0.25837
6762	0.2389
6764	0.21619
6766	0.19164
6768	0.17022
6770	0.15109
6772	0.13246
6774	0.11527
6776	0.10121
6778	0.08815
6780	0.07682
6782	0.06842
6784	0.06161
6786	0.05188
6788	0.04588
6790	0.04267
6792	0.0386
6794	0.03547
6796	0.03101
6798	0.02586
6800	0.02239
6802	0.02025
6804	0.01753
6806	0.0143
6808	0.0136
6810	0.01275
6812	0.01235
6814	0.01287
6816	0.01195
6818	0.0109
6820	0.01018
6822	0.00731
6824	0.00716
6826	0.00797
6828	0.00624
6830	0.00689
6832	0.00923
6834	0.00846
6836	0.00728
6838	0.00625
6840	0.00484
6842	0.00441
6844	0.00463
6846	0.00458
6848	0.00424
6850	0.00394
6852	0.00369
6854	0.00449
6856	0.0043
6858	0.00348
6860	0.0022
6862	0.00126
6864	0.00186
6866	0.00329
6868	0.00137
6870	0.00121
6872	0.00239
6874	0.00313
6876	0.00332
6878	0.00158
6880	0.0021
6882	0.00234
6884	0.00236
6886	0.00307
6888	0.00425
6890	0.00309
6892	9.81396E-4
6894	-1.44305E-5
6896	-5.58257E-4
6898	-0.00158
6900	-0.0023
6902	-0.00241
6904	-0.00244
6906	-3.6963E-4
6908	9.06602E-4
6910	4.49834E-4
6912	-1.66933E-4
6914	-1.93701E-4
6916	4.28531E-4
6918	-2.67237E-4
6920	1.79956E-5
6922	-4.65772E-4
6924	-7.75398E-5
6926	-4.16308E-4
6928	2.40925E-4
6930	-5.60843E-4
6932	0.00172
6934	0.00107
6936	-1.82146E-4
6938	3.0861E-6
6940	4.73184E-5
6942	0.00108
6944	0.0016
6946	0.00126
6948	0.00166
6950	0.00151
6952	0.00162
6954	0.00196
6956	0.00141
6958	0.00114
6960	7.78641E-4
6962	9.76873E-4
6964	0.00211
6966	7.85338E-4
6968	7.5857E-4
6970	6.09802E-4
6972	0.00166
6974	0.00179
6976	0.00403
6978	0.00291
6980	0.00238
6982	0.00332
6984	0.00344
6986	0.00277
6988	0.00278
6990	0.00362
6992	0.0019
6994	-2.0541E-4
6996	-5.17178E-4
6998	-2.29946E-4
7000	0.00149
7002	0.00203
7004	5.13751E-4
7006	0.00118
7008	0.00251
7010	0.00206
7012	-4.7132E-4
7014	8.83912E-4
7016	9.49145E-4
7018	0.00127
7020	0.00159
7022	0.0014
7024	0.00186
7026	0.00352
7028	0.00238
7030	0.002
7032	0.00115
7034	0.00185
7036	0.00343
7038	0.0031
7040	0.0017
7042	0.00233
7044	0.00193
7046	0.00253
7048	0.00344
7050	0.00485
7052	0.00332
7054	0.00356
7056	0.00433
7058	0.00438
7060	0.00458
7062	0.00368
7064	0.00477
7066	0.00418
7068	0.00299
7070	0.00112
7072	6.52648E-4
7074	0.00124
7076	2.93113E-4
7078	1.67345E-4
7080	-5.26423E-4
7082	5.4981E-4
7084	-7.12958E-4
7086	-6.70726E-4
7088	-0.00155
7090	-0.00192
7092	-0.00127
7094	-8.51797E-4
7096	0.00125
7098	0.00109
7100	0.00133
7102	4.12132E-4
7104	-2.56353E-5
7106	1.53597E-4
7108	-1.17074E-6
7110	0.0019
7112	0.0026
7114	0.00323
7116	0.00164
7118	0.00208
7120	0.00182
7122	0.00208
7124	0.00134
7126	6.0592E-4
7128	7.30152E-4
7130	0.00162
7132	6.72617E-4
7134	5.28849E-4
7136	-3.53919E-4
7138	0.0016
7140	0.00191
7142	0.0011
7144	-2.4499E-4
7146	4.44242E-4
7148	0.00135
7150	0.00157
7152	0.00179
7154	0.00251
7156	0.00218
7158	0.00135
7160	0.00204
7162	0.00302
7164	8.85333E-4
7166	-0.00121
7168	-0.00177
7170	4.80297E-5
7172	0.00104
7174	3.78494E-4
7176	7.52727E-4
7178	0.00193
7180	0.00311
7182	0.00268
7184	0.00266
7186	0.00213
7188	8.7012E-4
7190	0.00151
7192	0.00315
7194	0.00343
7196	0.0025
7198	0.00105
7200	2.93514E-4
7202	-2.91254E-4
7204	5.22978E-4
7206	7.93211E-4
7208	0.001
7210	6.11675E-4
7212	5.09907E-4
7214	0.00219
7216	0.00332
7218	0.00279
7220	0.00277
7222	0.00222
7224	0.00112
7226	9.56533E-4
7228	6.59766E-4
7230	-6.57002E-4
7232	-0.00121
7234	-6.20538E-4
7236	7.42695E-4
7238	0.00148
7240	0.00192
7242	0.00179
7244	0.00181
7246	0.00279
7248	0.00254
7250	0.00183
7252	0.00338
7254	0.00465
7256	0.006
7258	0.00415
7260	0.00384
7262	0.00193
7264	0.00295
7266	0.00171
7268	0.00186
7270	0.00182
7272	8.76879E-4
7274	7.57647E-4
7276	-1.08586E-4
7278	-8.50819E-4
7280	-3.74051E-4
7282	-2.72284E-4
7284	9.16483E-4
7286	7.27251E-4
7288	0.00106
7290	0.00138
7292	0.00119
7294	-3.66798E-5
7296	-6.65912E-4
7298	0.00103
7300	0.0033
7302	0.00284
7304	0.00214
7306	0.00201
7308	0.00175
7310	0.00367
7312	0.00446
7314	0.00395
7316	0.00332
7318	0.00266
7320	0.00368
7322	0.00363
7324	0.00311
7326	0.00212
7328	0.00128
7330	0.00722
7332	0.02568
7334	0.05109
7336	0.08043
7338	0.11114
7340	0.13604
7342	0.15861
7344	0.17845
7346	0.19666
7348	0.2143
7350	0.2273
7352	0.23802
7354	0.24856
7356	0.2589
7358	0.26518
7360	0.25573
7362	0.23797
7364	0.21637
7366	0.1927
7368	0.17031
7370	0.15184
7372	0.13408
7374	0.11785
7376	0.1019
7378	0.08614
7380	0.07413
7382	0.06626
7384	0.05854
7386	0.05043
7388	0.04511
7390	0.03996
7392	0.03527
7394	0.03107
7396	0.02755
7398	0.02619
7400	0.02446
7402	0.02052
7404	0.01817
7406	0.01675
7408	0.01495
7410	0.01483
7412	0.01492
7414	0.01252
7416	0.01176
7418	0.01171
7420	0.00917
7422	0.00934
7424	0.00878
7426	0.00728
7428	0.00669
7430	0.00684
7432	0.00551
7434	0.00441
7436	0.00325
7438	0.00271
7440	0.00315
7442	0.00402
7444	0.00436
7446	0.00185
7448	0.00183
7450	9.20909E-4
7452	1.08738E-4
7454	2.19567E-4
7456	0.00103
7458	-7.66953E-4
7460	-0.00111
7462	6.78178E-4
7464	0.00181
7466	0.00313
7468	0.00292
7470	8.82439E-4
7472	8.49505E-4
7474	0.00188
7476	-1.03649E-5
7478	-2.52996E-5
7480	0.00109
7482	-2.11689E-5
7484	-2.45104E-4
7486	0.00107
7488	0.00129
7490	0.00125
7492	4.62158E-4
7494	-8.20777E-4
7496	3.17288E-4
7498	0.00132
7500	1.41881E-6
7502	-0.00116
7504	-0.0013
7506	-0.00148
7508	-0.00162
7510	-5.22255E-4
7512	4.20811E-4
7514	1.54876E-4
7516	0.00171
7518	0.0018
7520	0.00301
7522	2.15137E-4
7524	-0.00174
7526	-3.10732E-4
7528	-3.67257E-4
7530	-0.0014
7532	-0.00122
7534	-0.00222
7536	-0.0024
7538	-0.00239
7540	-7.84468E-4
7542	1.28497E-4
7544	0.00115
7546	-1.25573E-4
7548	-0.00116
7550	-0.00182
7552	-0.00155
7554	5.99286E-4
7556	9.82251E-4
7558	0.00163
7560	9.20181E-4
7562	-0.00124
7564	-0.00153
7566	-0.0015
7568	-0.00101
7570	-4.24995E-4
7572	-4.8603E-4
7574	-0.00284
7576	-0.00284
7578	-0.00189
7580	-0.00145
7582	-0.0015
7584	-0.00167
7586	-0.00174
7588	1.68689E-4
7590	-3.10346E-4
7592	-0.00167
7594	-0.00201
7596	-0.00174
7598	1.95898E-4
7600	7.19682E-4
7602	0.00121
7604	5.8225E-4
7606	-0.0019
7608	-0.00174
7610	3.32602E-4
7612	-9.18615E-4
7614	-0.00122
7616	-0.00107
7618	-0.00112
7620	-4.88479E-4
7622	0.00134
7624	0.00146
7626	7.29873E-4
7628	9.71657E-4
7630	0.00158
7632	1.88224E-4
7634	2.12008E-4
7636	9.52792E-4
7638	7.30576E-4
7640	9.2936E-4
7642	-5.21856E-4
7644	6.37928E-4
7646	0.00124
7648	-8.44504E-4
7650	-0.00131
7652	-5.95937E-4
7654	-0.00132
7656	-0.00212
7658	-0.00117
7660	3.28199E-4
7662	0.00131
7664	-1.94233E-4
7666	-0.00145
7668	-8.44087E-4
7670	-0.00233
7672	-0.00206
7674	-0.00148
7676	-0.00151
7678	-0.00137
7680	-5.80876E-4
7682	-0.0015
7684	-0.00154
7686	-1.13771E-4
7688	4.29265E-4
7690	-2.377E-4
7692	-1.21665E-4
7694	9.6737E-4
7696	0.00127
7698	6.6544E-4
7700	-5.68525E-4
7702	7.68511E-4
7704	0.0025
7706	0.00186
7708	0.00302
7710	0.00202
7712	0.00167
7714	0.00194
7716	0.00158
7718	0.00197
7720	0.00183
7722	-2.61138E-4
7724	0.00129
7726	0.00215
7728	0.0013
7730	0.00178
7732	0.00235
7734	-7.25927E-4
7736	-0.00142
7738	-0.00189
7740	-9.58929E-4
7742	-0.00195
7744	-5.25568E-4
7746	-6.75387E-4
7748	-9.25206E-4
7750	-7.70247E-5
7752	-1.52844E-4
7754	-4.85663E-4
7756	-6.19482E-4
7758	6.65699E-4
7760	8.2988E-4
7762	0.00141
7764	5.97242E-4
7766	4.79423E-4
7768	8.78604E-4
7770	0.00147
7772	0.00141
7774	7.50147E-4
7776	0.00112
7778	7.44509E-4
7780	0.00163
7782	7.83871E-4
7784	0.00107
7786	1.66232E-4
7788	-2.21587E-4
7790	1.27594E-4
7792	-0.00113
7794	-7.75044E-4
7796	7.66137E-4
7798	0.00113
7800	-3.50501E-4
7802	-2.7432E-4
7804	0.00116
7806	9.45197E-4
7808	-9.90868E-4
7810	-9.58933E-4
7812	5.09001E-4
7814	4.58936E-4
7816	5.83871E-4
7818	0.00131
7820	0.00275
7822	0.00297
7824	6.1761E-4
7826	-0.00147
7828	-0.00203
7830	-0.00144
7832	-0.00221
7834	-0.00154
7836	-8.12782E-4
7838	-9.12848E-4
7840	-0.00138
7842	-0.00118
7844	-0.00113
7846	-9.35109E-4
7848	-5.25174E-4
7850	-0.00207
7852	-0.0022
7854	-0.00212
7856	-0.00172
7858	-3.64501E-4
7860	9.12434E-4
7862	2.55369E-4
7864	-1.19697E-4
7866	-4.91762E-4
7868	-5.61827E-4
7870	-7.50892E-4
7872	7.99042E-4
7874	3.99769E-5
7876	-8.22002E-4
7878	-0.00129
7880	2.31687E-4
7882	0.00104
7884	0.00108
7886	0.00206
7888	0.00247
7890	0.00248
7892	0.00319
7894	0.00223
7896	0.00125
7898	2.11285E-4
7900	0.00181
7902	0.00156
7904	5.45817E-4
7906	0.00225
7908	0.00192
7910	0.00137
7912	-8.78057E-5
7914	-7.85961E-4
7916	-7.63117E-4
7918	1.45727E-4
7920	6.95712E-5
7922	0.00175
7924	0.00118
7926	-2.32896E-4
7928	4.11948E-4
7930	0.00556
7932	0.02262
7934	0.04723
7936	0.07446
7938	0.10303
7940	0.12831
7942	0.15097
7944	0.173
7946	0.19333
7948	0.21048
7950	0.22365
7952	0.23455
7954	0.24344
7956	0.25294
7958	0.25984
7960	0.25227
7962	0.23304
7964	0.21164
7966	0.18913
7968	0.16876
7970	0.14888
7972	0.1312
7974	0.1156
7976	0.10066
7978	0.0866
7980	0.07732
7982	0.06721
7984	0.05836
7986	0.05177
7988	0.04564
7990	0.04049
7992	0.03603
7994	0.03291
7996	0.02978
7998	0.02785
8000	0.02494
8002	0.02273
8004	0.01988
8006	0.01778
8008	0.01539
8010	0.01354
8012	0.01279
8014	0.01271
8016	0.01165
8018	0.01052
8020	0.00935
8022	0.00911
8024	0.00943
8026	0.00779
8028	0.00679
8030	0.00532
8032	0.00539
8034	0.00553
8036	0.00565
8038	0.00528
8040	0.00369
8042	0.00421
8044	0.0042
8046	0.00251
8048	0.00371
8050	0.00332
8052	0.00289
8054	0.00388
8056	0.00441
8058	0.00409
8060	0.00442
8062	0.00581
8064	0.00653
8066	0.00431
8068	0.00223
8070	0.00199
8072	0.00318
8074	0.00289
8076	0.00293
8078	0.00323
8080	0.00168
8082	0.00179
8084	0.00354
8086	0.00417
8088	0.00328
8090	0.0031
8092	0.00272
8094	0.00188
8096	0.00252
8098	0.00346
8100	0.00199
8102	8.75494E-4
8104	0.00188
8106	0.00131
8108	-1.12948E-4
8110	-0.00129
8112	-8.36576E-4
8114	6.62609E-4
8116	9.95795E-4
8118	6.34981E-4
8120	-4.01833E-4
8122	-0.00123
8124	-6.86461E-4
8126	0.0011
8128	0.00198
8130	-5.79903E-4
8132	-0.00183
8134	-0.00116
8136	-0.00104
8138	-0.00187
8140	-0.00148
8142	4.32127E-5
8144	5.86399E-4
8146	0.00186
8148	0.00157
8150	-2.23044E-4
8152	-7.23858E-4
8154	-0.00123
8156	-0.00153
8158	-8.57214E-4
8160	-3.0034E-4
8162	-1.23465E-4
8164	3.14091E-5
8166	-4.91717E-4
8168	6.25158E-4
8170	0.00257
8172	0.00326
8174	0.00237
8176	0.00254
8178	0.00165
8180	0.00184
8182	0.00162
8184	0.00217
8186	0.00198
8188	0.00271
8190	0.00317
8192	0.00209
8194	-6.34753E-5
8196	2.66399E-4
8198	-1.86727E-4
8200	-3.28521E-5
8202	-8.90978E-4
8204	-0.00114
8206	0.00105
8208	0.00174
8210	0.00176
8212	0.00223
8214	0.0023
8216	0.0013
8218	8.61017E-4
8220	2.48916E-5
8222	-0.00144
8224	-4.4636E-4
8226	3.68778E-4
8228	8.80825E-4
8230	0.00227
8232	0.00382
8234	0.00348
8236	0.00158
8238	3.74061E-4
8240	7.32108E-4
8242	0.00115
8244	-6.77797E-4
8246	-0.00213
8248	-0.00198
8250	-3.06655E-4
8252	6.63392E-4
8254	3.03439E-4
8256	-8.50514E-4
8258	-2.13466E-4
8260	-8.47419E-4
8262	-0.00196
8264	-6.13245E-5
8266	3.99723E-4
8268	4.7977E-4
8270	-4.34183E-4
8272	-1.79135E-4
8274	6.78912E-4
8276	-7.3041E-5
8278	-0.00132
8280	-0.001
8282	0.00112
8284	0.00126
8286	0.00126
8288	9.24243E-4
8290	-4.5071E-4
8292	-9.62663E-4
8294	-7.8853E-5
8296	7.7099E-4
8298	6.35834E-4
8300	0.00127
8302	0.00251
8304	7.03363E-4
8306	3.84207E-4
8308	-4.6995E-4
8310	-5.48107E-4
8312	-8.04263E-4
8314	0.00139
8316	0.00209
8318	0.00204
8320	0.0023
8322	0.00262
8324	6.56796E-4
8326	9.4764E-4
8328	0.00149
8330	0.00103
8332	0.00146
8334	6.10013E-4
8336	6.59856E-4
8338	0.00202
8340	0.00151
8342	0.00173
8344	2.58229E-4
8346	-5.73927E-4
8348	8.76916E-4
8350	9.90759E-4
8352	0.00123
8354	0.00142
8356	0.00135
8358	0.00181
8360	9.43976E-4
8362	-9.85181E-4
8364	-0.00162
8366	4.99323E-4
8368	0.00199
8370	0.00225
8372	0.00143
8374	0.00228
8376	0.00148
8378	9.88811E-4
8380	0.00147
8382	9.0864E-4
8384	3.86054E-4
8386	0.00164
8388	0.00167
8390	0.00205
8392	0.00293
8394	0.00196
8396	0.0021
8398	0.00298
8400	0.00371
8402	0.00479
8404	0.0034
8406	6.72615E-4
8408	-0.00181
8410	-6.33556E-4
8412	7.67858E-4
8414	0.00174
8416	7.09687E-4
8418	-9.52898E-4
8420	-0.00169
8422	-0.00224
8424	-0.00122
8426	-9.9324E-4
8428	-0.00101
8430	-2.87411E-4
8432	0.00192
8434	0.00124
8436	0.00124
8438	0.00184
8440	0.00128
8442	3.73944E-4
8444	0.00125
8446	0.00167
8448	6.54997E-4
8450	4.11014E-4
8452	6.03031E-4
8454	7.29049E-4
8456	0.00106
8458	0.00147
8460	9.72101E-4
8462	0.00212
8464	0.00224
8466	4.74153E-4
8468	-5.0983E-4
8470	6.23188E-4
8472	0.00187
8474	0.0021
8476	0.00106
8478	0.00105
8480	1.68275E-4
8482	-3.90708E-4
8484	8.74309E-4
8486	-3.62673E-4
8488	-0.00105
8490	-7.32639E-4
8492	-0.00133
8494	-0.00194
8496	-0.00319
8498	-0.00115
8500	5.58448E-4
8502	0.00218
8504	0.00195
8506	-0.00132
8508	-8.43588E-4
8510	0.00115
8512	0.00152
8514	0.0024
8516	0.00161
8518	-2.89101E-4
8520	-8.01403E-4
8522	1.98295E-4
8524	6.29921E-5
8526	0.00122
8528	0.00198
8530	0.00436
8532	0.01914
8534	0.0436
8536	0.07115
8538	0.09777
8540	0.1229
8542	0.1451
8544	0.16663
8546	0.18484
8548	0.2015
8550	0.21536
8552	0.2286
8554	0.2407
8556	0.25062
8558	0.25669
8560	0.25235
8562	0.23548
8564	0.21342
8566	0.1911
8568	0.16969
8570	0.15057
8572	0.1318
8574	0.11578
8576	0.1016
8578	0.08958
8580	0.07891
8582	0.06662
8584	0.05847
8586	0.05276
8588	0.04648
8590	0.03984
8592	0.03548
8594	0.03268
8596	0.02944
8598	0.02582
8600	0.02329
8602	0.02127
8604	0.01903
8606	0.01692
8608	0.01673
8610	0.01517
8612	0.01288
8614	0.01171
8616	0.01016
8618	0.00993
8620	0.00948
8622	0.00888
8624	0.00877
8626	0.00911
8628	0.00947
8630	0.00799
8632	0.00765
8634	0.0076
8636	0.00777
8638	0.00763
8640	0.00707
8642	0.00625
8644	0.00336
8646	0.00125
8648	0.00125
8650	0.00227
8652	0.00262
8654	0.0012
8656	9.18636E-4
8658	0.00119
8660	7.86754E-4
8662	0.00173
8664	0.00158
8666	0.00232
8668	0.00336
8670	0.00217
8672	2.02108E-4
8674	-1.65333E-4
8676	9.67226E-4
8678	7.40785E-4
8680	2.34345E-4
8682	8.08904E-4
8684	-9.17537E-4
8686	-0.00188
8688	-0.0021
8690	-0.00204
8692	-7.82301E-4
8694	0.00147
8696	0.00204
8698	0.00201
8700	0.00184
8702	8.83494E-4
8704	7.96053E-4
8706	0.00305
8708	0.00249
8710	0.00252
8712	0.0024
8714	0.00345
8716	0.00244
8718	0.00206
8720	0.00114
8722	9.17871E-4
8724	-3.30715E-4
8726	-2.89301E-4
8728	1.71133E-5
8730	-6.90473E-4
8732	-3.31059E-4
8734	-2.46645E-4
8736	-0.00218
8738	-0.00238
8740	-0.00179
8742	-7.27989E-4
8744	-3.17575E-4
8746	-0.00133
8748	-8.91747E-4
8750	6.47667E-4
8752	1.59081E-4
8754	6.77495E-4
8756	0.00188
8758	0.00117
8760	4.39737E-4
8762	4.62151E-4
8764	4.15565E-4
8766	2.75979E-4
8768	-0.00143
8770	-0.00155
8772	-2.83779E-4
8774	0.0011
8776	7.66049E-4
8778	-0.00122
8780	-0.002
8782	-0.0011
8784	-3.2307E-4
8786	2.54413E-4
8788	-6.11048E-5
8790	-0.00267
8792	-0.00269
8794	-1.69658E-4
8796	-0.00109
8798	-0.00262
8800	-0.00105
8802	-6.80728E-4
8804	5.36755E-4
8806	0.00201
8808	0.00183
8810	5.82202E-4
8812	-6.35316E-4
8814	-1.98332E-5
8816	9.30649E-4
8818	0.00119
8820	-5.2386E-5
8822	-2.45904E-4
8824	-0.00165
8826	-1.21939E-4
8828	0.00234
8830	0.00403
8832	0.00333
8834	0.00113
8836	-7.51527E-4
8838	-0.00206
8840	-4.23562E-4
8842	-0.00115
8844	-0.0022
8846	-0.00286
8848	-9.80632E-4
8850	-0.00113
8852	-9.35565E-4
8854	-7.95848E-4
8856	-0.00127
8858	-0.00174
8860	-0.00141
8862	-0.00173
8864	-0.00105
8866	3.04538E-5
8868	1.31707E-5
8870	4.32888E-4
8872	3.26605E-4
8874	3.68322E-4
8876	-2.76962E-4
8878	-5.07245E-4
8880	-0.00121
8882	-9.16811E-4
8884	9.20906E-4
8886	0.00127
8888	0.00148
8890	0.00111
8892	0.00204
8894	0.00228
8896	0.00205
8898	0.00119
8900	0.00122
8902	8.77359E-4
8904	4.45076E-4
8906	0.00143
8908	8.47509E-4
8910	4.51226E-4
8912	-2.17057E-4
8914	1.1466E-4
8916	4.30377E-4
8918	-4.27906E-4
8920	0.0012
8922	0.00287
8924	0.00303
8926	0.00238
8928	0.00116
8930	0.00159
8932	0.00266
8934	0.00232
8936	-9.1996E-5
8938	-6.33142E-4
8940	-6.79287E-4
8942	-6.04433E-4
8944	3.39421E-4
8946	-3.49724E-4
8948	-8.4187E-4
8950	2.82984E-4
8952	1.83838E-4
8954	4.00693E-4
8956	-1.64529E-5
8958	8.71401E-4
8960	3.60256E-4
8962	0.00168
8964	0.00199
8966	0.00204
8968	0.00247
8970	0.00282
8972	0.00225
8974	0.00288
8976	0.00213
8978	0.00288
8980	0.00217
8982	9.99653E-4
8984	3.95507E-4
8986	-7.55638E-4
8988	-1.12784E-4
8990	-4.0493E-4
8992	-2.84156E-4
8994	-5.8659E-4
8996	-0.00112
8998	-1.84458E-4
9000	7.45108E-4
9002	-0.00136
9004	-8.87759E-4
9006	-4.59193E-4
9008	8.18373E-4
9010	0.00238
9012	7.01505E-4
9014	-7.62929E-4
9016	1.29638E-4
9018	-3.39796E-4
9020	-2.5323E-4
9022	5.29336E-4
9024	7.29021E-5
9026	-1.86532E-4
9028	-6.44966E-4
9030	-8.97399E-4
9032	-0.00297
9034	-0.00394
9036	-0.00267
9038	-0.00112
9040	-0.00121
9042	-0.00184
9044	-9.10436E-4
9046	7.9413E-4
9048	7.24696E-4
9050	0.00181
9052	0.00108
9054	9.66394E-4
9056	0.00185
9058	0.0026
9060	0.00272
9062	0.00381
9064	0.00375
9066	0.00211
9068	1.396E-4
9070	9.09462E-4
9072	8.71325E-4
9074	-8.06812E-4
9076	-8.0095E-4
9078	3.21913E-4
9080	5.79775E-4
9082	0.00211
9084	0.00277
9086	0.00184
9088	9.52259E-5
9090	-0.00133
9092	-6.59049E-4
9094	0.00123
9096	0.0012
9098	0.00237
9100	0.00304
9102	0.00157
9104	0.00127
9106	2.6599E-4
9108	-4.79148E-4
9110	-8.73285E-4
9112	-0.00115
9114	-6.1756E-4
9116	-0.00148
9118	-0.00304
9120	-0.00234
9122	-0.00394
9124	-0.00283
9126	-8.21384E-4
9128	-5.15216E-5
9130	0.00307
9132	0.01609
9134	0.03978
9136	0.06716
9138	0.09673
9140	0.12282
9142	0.14608
9144	0.16533
9146	0.18485
9148	0.20142
9150	0.21392
9152	0.2257
9154	0.23611
9156	0.24481
9158	0.25201
9160	0.24739
9162	0.23242
9164	0.21259
9166	0.1906
9168	0.16961
9170	0.15051
9172	0.13232
9174	0.11605
9176	0.10082
9178	0.08833
9180	0.0805
9182	0.07078
9184	0.06101
9186	0.0521
9188	0.04518
9190	0.04076
9192	0.0359
9194	0.03147
9196	0.02793
9198	0.0251
9200	0.0221
9202	0.01837
9204	0.01744
9206	0.01743
9208	0.01634
9210	0.01436
9212	0.01334
9214	0.01241
9216	0.01234
9218	0.01184
9220	0.01102
9222	0.01121
9224	0.00891
9226	0.00808
9228	0.00819
9230	0.00671
9232	0.00671
9234	0.00728
9236	0.00589
9238	0.0041
9240	0.00434
9242	0.00542
9244	0.00582
9246	0.00617
9248	0.00482
9250	0.00444
9252	0.00514
9254	0.00292
9256	0.00234
9258	0.0039
9260	0.00581
9262	0.00515
9264	0.00383
9266	0.00267
9268	0.00125
9270	0.0017
9272	0.00189
9274	0.00216
9276	0.00256
9278	0.00273
9280	0.0018
9282	0.00263
9284	0.00165
9286	5.36402E-4
9288	0.00173
9290	0.00241
9292	0.00203
9294	0.00263
9296	0.0017
9298	5.44076E-4
9300	7.82855E-4
9302	0.00114
9304	0.00196
9306	4.85192E-4
9308	-0.00104
9310	-6.76251E-4
9312	-9.81472E-4
9314	4.15307E-4
9316	9.40086E-4
9318	8.10865E-4
9320	0.00139
9322	0.00124
9324	0.00224
9326	0.00143
9328	7.0076E-4
9330	-1.40461E-4
9332	-4.05683E-4
9334	-1.69904E-4
9336	3.98875E-4
9338	-4.04346E-4
9340	8.17509E-4
9342	0.00187
9344	0.00273
9346	8.55921E-4
9348	0.0013
9350	0.00285
9352	0.00248
9354	0.00163
9356	7.35608E-4
9358	5.32745E-4
9360	-1.49118E-4
9362	3.7502E-4
9364	0.00101
9366	-6.72706E-4
9368	-7.78568E-4
9370	-0.00111
9372	-1.94293E-4
9374	7.00844E-4
9376	0.00109
9378	0.0021
9380	0.0021
9382	0.00192
9384	0.0027
9386	0.00292
9388	0.00219
9390	0.00199
9392	0.00235
9394	0.00169
9396	0.00226
9398	0.00279
9400	7.4863E-4
9402	0.00186
9404	0.00202
9406	0.00211
9408	6.27179E-4
9410	3.43807E-4
9412	8.99241E-4
9414	0.00159
9416	9.06109E-4
9418	1.01543E-4
9420	8.95977E-4
9422	0.00265
9424	0.00165
9426	0.00243
9428	0.0032
9430	0.00312
9432	0.00278
9434	0.00203
9436	7.19448E-4
9438	-5.91186E-5
9440	-0.001
9442	9.47491E-5
9444	-6.63817E-4
9446	-1.06383E-4
9448	-8.64949E-4
9450	2.11485E-4
9452	-5.73082E-4
9454	4.29352E-4
9456	-6.02138E-5
9458	-3.1278E-4
9460	7.35654E-4
9462	7.51088E-4
9464	-5.69478E-4
9466	7.39555E-5
9468	8.55389E-4
9470	0.00195
9472	0.00139
9474	5.17691E-4
9476	8.78125E-4
9478	0.001
9480	6.45615E-4
9482	8.35753E-4
9484	-3.2211E-4
9486	3.76027E-4
9488	0.00151
9490	6.78302E-4
9492	4.28439E-4
9494	0.0017
9496	0.00218
9498	0.00242
9500	0.00269
9502	0.00163
9504	-6.87363E-5
9506	-9.45599E-4
9508	-5.14462E-4
9510	-9.61324E-4
9512	-6.42187E-4
9514	-9.31049E-4
9516	-9.90912E-4
9518	-2.38775E-4
9520	0.00108
9522	-4.34999E-5
9524	-2.30363E-4
9526	-9.01225E-4
9528	8.79122E-5
9530	-6.5595E-4
9532	-0.00111
9534	2.40324E-4
9536	0.00132
9538	0.00101
9540	4.26736E-4
9542	3.02874E-4
9544	4.79011E-4
9546	0.00383
9548	0.00396
9550	0.00276
9552	0.0028
9554	0.00241
9556	8.5704E-4
9558	8.8724E-4
9560	0.00101
9562	7.84638E-4
9564	0.00223
9566	0.00242
9568	0.00102
9570	-2.71564E-4
9572	0.00261
9574	0.00135
9576	-4.19661E-5
9578	4.69233E-4
9580	-1.77567E-4
9582	-3.43368E-4
9584	5.18313E-5
9586	6.29031E-4
9588	-3.5877E-4
9590	-0.00113
9592	0.00125
9594	9.56828E-4
9596	6.22027E-4
9598	6.51227E-4
9600	-4.22574E-4
9602	-0.00163
9604	-0.00199
9606	-1.77976E-4
9608	4.83224E-4
9610	-0.00141
9612	-5.87378E-4
9614	-3.88178E-4
9616	-8.97894E-6
9618	0.0016
9620	0.00216
9622	7.69312E-4
9624	3.56091E-4
9626	9.9187E-4
9628	5.25649E-4
9630	6.44428E-4
9632	3.93207E-4
9634	0.00107
9636	3.57764E-4
9638	7.95543E-4
9640	0.001
9642	0.00118
9644	0.00149
9646	0.00192
9648	0.00152
9650	9.15217E-4
9652	7.37996E-4
9654	-8.69225E-4
9656	-0.00131
9658	3.90332E-4
9660	8.68111E-4
9662	0.0018
9664	0.00221
9666	4.68448E-4
9668	-2.77308E-6
9670	3.01006E-4
9672	7.10785E-4
9674	-0.00164
9676	-0.00116
9678	-5.47879E-4
9680	-0.0014
9682	-0.00258
9684	-0.00252
9686	-9.83763E-4
9688	-0.00202
9690	-0.00177
9692	-0.00177
9694	-9.82017E-4
9696	-3.30941E-4
9698	-8.74866E-4
9700	-3.3379E-4
9702	0.00145
9704	0.00299
9706	0.0034
9708	0.00441
9710	0.00334
9712	0.00145
9714	0.00121
9716	0.00189
9718	2.60888E-4
9720	0.00128
9722	9.17039E-4
9724	-1.88557E-6
9726	0.00188
9728	0.00121
9730	0.00191
9732	0.01461
9734	0.03585
9736	0.06015
9738	0.08762
9740	0.11225
9742	0.13642
9744	0.15622
9746	0.1755
9748	0.19251
9750	0.20546
9752	0.21758
9754	0.22843
9756	0.23778
9758	0.24574
9760	0.24342
9762	0.22856
9764	0.20846
9766	0.18833
9768	0.16674
9770	0.14781
9772	0.131
9774	0.11481
9776	0.10085
9778	0.08797
9780	0.07823
9782	0.06802
9784	0.05746
9786	0.05046
9788	0.0455
9790	0.04036
9792	0.03505
9794	0.03032
9796	0.02684
9798	0.02307
9800	0.02084
9802	0.01876
9804	0.01691
9806	0.01732
9808	0.01729
9810	0.01545
9812	0.01382
9814	0.01242
9816	0.01037
9818	0.00887
9820	0.00722
9822	0.00549
9824	0.00497
9826	0.00538
9828	0.00473
9830	0.0047
9832	0.00393
9834	0.00533
9836	0.00607
9838	0.0059
9840	0.00576
9842	0.00441
9844	0.00408
9846	0.00567
9848	0.00742
9850	0.00795
9852	0.00698
9854	0.00525
9856	0.00491
9858	0.00539
9860	0.0045
9862	0.00243
9864	0.00202
9866	0.0028
9868	0.00297
9870	0.0029
9872	0.0019
9874	-6.51567E-4
9876	-6.75209E-4
9878	-8.8285E-4
9880	-7.65492E-4
9882	7.88667E-5
9884	4.31225E-4
9886	2.93584E-4
9888	5.13942E-4
9890	-0.00127
9892	-0.00345
9894	-0.00326
9896	-0.0018
9898	3.25942E-4
9900	0.00293
9902	0.00161
9904	-4.27832E-4
9906	-4.10756E-4
9908	-9.8681E-5
9910	6.23394E-4
9912	-0.00189
9914	-0.00187
9916	-0.00233
9918	-0.00267
9920	-0.00247
9922	-7.33153E-4
9924	-0.00141
9926	-0.00182
9928	-0.00136
9930	-0.00163
9932	-8.03776E-4
9934	1.63299E-4
9936	2.38375E-4
9938	2.6745E-4
9940	1.46525E-4
9942	-6.63993E-5
9944	8.36676E-4
9946	0.00203
9948	4.85827E-4
9950	0.00163
9952	0.00247
9954	0.00164
9956	0.0016
9958	0.00109
9960	-2.52721E-4
9962	-0.00176
9964	-0.00163
9966	-0.0011
9968	-0.00122
9970	-0.00177
9972	-0.0031
9974	-0.0039
9976	-0.00156
9978	-0.00201
9980	9.14948E-5
9982	2.30198E-4
9984	5.21902E-4
9986	5.63605E-4
9988	4.75309E-4
9990	-6.60988E-4
9992	-0.00108
9994	-7.83581E-4
9996	-3.98771E-5
9998	5.33826E-4
10000	8.4753E-4
10002	0.00186
10004	0.00124
10006	0.00103
10008	0.00104
10010	9.68048E-4
10012	7.60751E-4
10014	7.32455E-4
10016	9.71158E-4
10018	4.25862E-4
10020	7.60565E-4
10022	-1.82731E-4
10024	-3.48028E-4
10026	0.00115
10028	0.00125
10030	-3.24917E-4
10032	3.68786E-4
10034	6.3849E-4
10036	-0.00182
10038	-0.00314
10040	-0.00126
10042	-1.6016E-4
10044	1.97137E-4
10046	-4.37567E-4
10048	4.1473E-4
10050	4.49026E-4
10052	5.76322E-4
10054	0.00223
10056	0.00106
10058	-4.56788E-4
10060	-0.00103
10062	-1.20195E-4
10064	7.31014E-5
10066	-7.26602E-4
10068	-8.63056E-5
10070	0.00115
10072	3.60287E-4
10074	4.87584E-4
10076	-2.2612E-4
10078	2.95177E-4
10080	0.00166
10082	0.00124
10084	8.34066E-4
10086	0.00101
10088	9.79659E-4
10090	0.00147
10092	0.00125
10094	2.60549E-4
10096	-8.31155E-4
10098	0.00133
10100	0.00209
10102	0.0021
10104	0.00141
10106	0.0016
10108	2.54251E-4
10110	-1.74831E-5
10112	-6.01217E-4
10114	-0.00141
10116	5.93158E-5
10118	-2.00418E-4
10120	2.58485E-5
10122	0.0011
10124	0.00181
10126	0.00193
10128	0.00103
10130	2.9318E-4
10132	7.84464E-5
10134	-0.0011
10136	-9.64021E-4
10138	7.38245E-4
10140	3.83512E-4
10142	-8.82219E-5
10144	-3.89956E-4
10146	1.57311E-4
10148	2.00577E-4
10150	0.0018
10152	5.5811E-4
10154	-7.00624E-4
10156	-0.00123
10158	-0.00144
10160	-2.96825E-4
10162	-0.00135
10164	-0.00202
10166	-0.00122
10168	-7.2476E-4
10170	5.24507E-4
10172	0.00107
10174	0.00109
10176	0.0011
10178	7.35824E-4
10180	0.00184
10182	0.00348
10184	0.00212
10186	6.28889E-4
10188	-9.67345E-4
10190	-6.97579E-4
10192	-2.59813E-4
10194	-0.00145
10196	-0.00141
10198	-0.00193
10200	-0.00213
10202	-8.51983E-4
10204	-2.02169E-5
10206	-7.29451E-4
10208	-0.00366
10210	-0.00295
10212	-0.00151
10214	-5.88387E-4
10216	-1.36207E-5
10218	4.15145E-4
10220	-2.86089E-4
10222	-2.65323E-4
10224	6.14444E-4
10226	0.00279
10228	0.00349
10230	0.00258
10232	0.00163
10234	0.00142
10236	0.00158
10238	0.00213
10240	0.00234
10242	0.00291
10244	0.0018
10246	0.0028
10248	0.00311
10250	0.00242
10252	0.0034
10254	0.00382
10256	0.00222
10258	3.75478E-4
10260	0.0012
10262	0.00187
10264	0.00211
10266	0.00188
10268	-2.29673E-4
10270	1.25297E-4
10272	7.30267E-4
10274	-4.97634E-5
10276	-0.00149
10278	-0.00216
10280	1.69146E-4
10282	-6.10884E-4
10284	-0.00377
10286	-0.00252
10288	-4.12975E-4
10290	7.48995E-4
10292	0.00203
10294	8.29935E-4
10296	9.82905E-4
10298	0.00163
10300	0.00244
10302	0.00132
10304	4.09784E-4
10306	-1.31246E-4
10308	-4.98276E-4
10310	-0.00172
10312	-0.00224
10314	-0.00163
10316	-5.08281E-4
10318	3.84831E-4
10320	0.00188
10322	8.93056E-4
10324	-1.19832E-4
10326	-6.8372E-4
10328	-5.27608E-4
10330	0.00177
10332	0.01267
10334	0.03232
10336	0.05878
10338	0.08626
10340	0.11011
10342	0.13275
10344	0.1541
10346	0.17281
10348	0.18781
10350	0.20183
10352	0.21571
10354	0.22654
10356	0.23487
10358	0.24133
10360	0.24047
10362	0.2287
10364	0.2114
10366	0.18997
10368	0.16858
10370	0.15019
10372	0.13215
10374	0.11665
10376	0.10215
10378	0.09013
10380	0.07854
10382	0.06826
10384	0.05832
10386	0.05156
10388	0.04689
10390	0.0422
10392	0.03549
10394	0.03145
10396	0.02936
10398	0.0276
10400	0.0235
10402	0.01911
10404	0.0175
10406	0.01764
10408	0.01688
10410	0.01737
10412	0.01626
10414	0.01272
10416	0.01175
10418	0.01095
10420	0.01035
10422	0.01005
10424	0.00822
10426	0.00876
10428	0.0085
10430	0.00706
10432	0.00605
10434	0.00551
10436	0.00575
10438	0.00508
10440	0.00419
10442	0.00465
10444	0.00498
10446	0.00417
10448	0.00406
10450	0.00459
10452	0.00428
10454	0.0041
10456	0.00462
10458	0.00307
10460	0.00262
10462	0.0018
10464	0.00113
10466	0.00152
10468	0.00135
10470	0.00193
10472	0.00113
10474	5.43827E-4
10476	6.5562E-4
10478	9.02413E-4
10480	-7.23794E-4
10482	-0.00104
10484	0.00109
10486	0.00101
10488	-2.13622E-4
10490	7.91713E-5
10492	0.00161
10494	0.0018
10496	0.00246
10498	0.00297
10500	0.00295
10502	0.00278
10504	0.00254
10506	0.00203
10508	0.0013
10510	0.00157
10512	0.00139
10514	9.15688E-4
10516	0.00146
10518	3.15274E-4
10520	-2.72933E-4
10522	-3.94139E-4
10524	-3.128E-4
10526	4.35475E-4
10528	0.00214
10530	0.00174
10532	4.843E-4
10534	0.00214
10536	0.00174
10538	0.002
10540	0.00102
10542	0.00163
10544	0.00269
10546	0.00234
10548	0.00313
10550	0.00198
10552	0.00202
10554	5.53324E-4
10556	-4.68401E-4
10558	-0.00195
10560	-6.62851E-4
10562	-4.79576E-4
10564	4.06699E-4
10566	1.69974E-4
10568	0.00271
10570	4.26524E-4
10572	2.41799E-4
10574	8.48074E-4
10576	-6.95652E-4
10578	-0.00122
10580	-0.00108
10582	-2.70827E-4
10584	1.37448E-4
10586	3.17723E-4
10588	1.86998E-4
10590	-3.72727E-4
10592	-6.00452E-4
10594	6.36823E-4
10596	6.09098E-4
10598	-1.82627E-4
10600	7.16648E-4
10602	0.00123
10604	5.70198E-4
10606	5.18473E-4
10608	3.17475E-5
10610	-0.00111
10612	-3.17703E-4
10614	0.0012
10616	-1.39153E-4
10618	-0.00152
10620	-0.00158
10622	-6.72328E-4
10624	-1.68053E-4
10626	-1.46778E-4
10628	0.00105
10630	6.14772E-4
10632	5.65047E-4
10634	0.00172
10636	0.00415
10638	0.00366
10640	0.00303
10642	0.00168
10644	0.00127
10646	0.00328
10648	0.00337
10650	0.00255
10652	0.00219
10654	5.32071E-4
10656	-3.22654E-4
10658	-0.00157
10660	-0.00124
10662	-0.00112
10664	-0.00253
10666	-0.0021
10668	-0.00202
10670	-0.00126
10672	-6.84543E-5
10674	7.12821E-4
10676	0.00183
10678	0.00224
10680	0.00163
10682	7.7592E-4
10684	0.00119
10686	-1.8953E-4
10688	-0.00149
10690	-0.00103
10692	-8.08705E-4
10694	0.00107
10696	0.00113
10698	7.4312E-4
10700	9.52395E-4
10702	0.00203
10704	0.00264
10706	0.00197
10708	3.78495E-4
10710	2.1377E-4
10712	-2.86955E-4
10714	-6.4468E-4
10716	-2.30406E-4
10718	8.44869E-4
10720	3.23144E-4
10722	3.41931E-6
10724	0.00141
10726	8.57969E-4
10728	8.71244E-4
10730	0.00182
10732	0.00261
10734	0.00118
10736	-6.17656E-4
10738	-0.00111
10740	-0.00138
10742	-2.98313E-5
10744	1.35444E-4
10746	-5.92281E-4
10748	4.30994E-4
10750	-2.20731E-4
10752	2.61543E-4
10754	-2.72182E-4
10756	-0.00129
10758	-9.79632E-4
10760	-8.34357E-4
10762	-0.00151
10764	-0.00214
10766	-0.00115
10768	-0.00245
10770	-0.0035
10772	-0.00102
10774	-0.00139
10776	-0.0025
10778	-0.00189
10780	-0.00154
10782	-0.00196
10784	-0.00142
10786	9.09217E-4
10788	0.00178
10790	0.00104
10792	7.84042E-4
10794	-1.42683E-4
10796	-3.19408E-4
10798	2.58867E-4
10800	-0.001
10802	-3.32583E-4
10804	1.50692E-4
10806	-4.81033E-4
10808	5.44242E-4
10810	0.00206
10812	0.003
10814	2.13067E-4
10816	-0.00248
10818	-0.00102
10820	-6.06108E-4
10822	2.06166E-4
10824	-9.35559E-4
10826	-4.15284E-4
10828	4.72991E-4
10830	1.50266E-4
10832	-8.16459E-4
10834	0.00103
10836	-4.51909E-4
10838	-0.00172
10840	-3.23359E-4
10842	0.00104
10844	-7.40809E-4
10846	-0.00137
10848	-0.00213
10850	-0.00117
10852	-5.58709E-4
10854	-4.81434E-4
10856	-0.00164
10858	-0.00168
10860	-0.00282
10862	-0.00256
10864	-0.00145
10866	-6.63785E-4
10868	-2.0151E-4
10870	-0.00101
10872	-0.00204
10874	-9.63363E-4
10876	-9.9989E-4
10878	-7.96417E-4
10880	8.22056E-4
10882	1.83529E-4
10884	8.28002E-4
10886	4.97475E-4
10888	7.57948E-4
10890	0.00112
10892	5.44893E-4
10894	-4.23634E-4
10896	3.14839E-4
10898	8.80312E-4
10900	0.00207
10902	0.00227
10904	0.00218
10906	-3.19796E-4
10908	-8.70323E-4
10910	-0.00115
10912	-0.00191
10914	-0.00175
10916	-0.00139
10918	3.04163E-6
10920	-0.00121
10922	-0.00122
10924	3.1746E-4
10926	7.42933E-4
10928	4.62406E-4
10930	1.36879E-4
10932	0.00771
10934	0.02793
10936	0.05126
10938	0.07719
10940	0.10446
10942	0.12692
10944	0.14722
10946	0.16379
10948	0.1795
10950	0.19531
10952	0.20742
10954	0.21689
10956	0.22641
10958	0.23553
10960	0.23787
10962	0.22718
10964	0.20982
10966	0.18878
10968	0.16874
10970	0.14846
10972	0.13026
10974	0.11454
10976	0.09956
10978	0.08625
10980	0.07592
10982	0.06756
10984	0.05842
10986	0.05181
10988	0.04551
10990	0.04166
10992	0.03727
10994	0.03218
10996	0.02734
10998	0.02319
11000	0.01998
11002	0.01881
11004	0.02032
11006	0.01951
11008	0.01684
11010	0.01368
11012	0.011
11014	0.01098
11016	0.01151
11018	0.01227
11020	0.01118
11022	0.00839
11024	0.00686
11026	0.00683
11028	0.00678
11030	0.00624
11032	0.0066
11034	0.00532
11036	0.0054
11038	0.00589
11040	0.00479
11042	0.00458
11044	0.00318
11046	0.00287
11048	0.00269
11050	0.00269
11052	0.00327
11054	0.0023
11056	0.00191
11058	0.0033
11060	6.32157E-4
11062	-8.01552E-4
11064	-0.00146
11066	-0.00139
11068	3.36322E-4
11070	0.00136
11072	0.00107
11074	0.00171
11076	0.00158
11078	-3.41222E-4
11080	-8.79308E-5
11082	9.18093E-4
11084	0.00111
11086	8.4453E-4
11088	0.00108
11090	3.50966E-4
11092	-5.73316E-4
11094	-9.71598E-4
11096	2.7612E-4
11098	0.00177
11100	0.00195
11102	0.00268
11104	0.0027
11106	0.00102
11108	0.00258
11110	0.0011
11112	-1.33135E-4
11114	6.07584E-4
11116	4.07302E-4
11118	-0.00159
11120	-0.00162
11122	-0.002
11124	-0.00176
11126	-0.00141
11128	-8.98389E-4
11130	-4.04671E-4
11132	7.60047E-4
11134	0.001
11136	0.00218
11138	0.00285
11140	0.00188
11142	0.00153
11144	0.00143
11146	0.0011
11148	-3.00208E-4
11150	-0.00152
11152	-0.00137
11154	5.79464E-5
11156	-2.40335E-4
11158	-0.00124
11160	-6.63899E-4
11162	-0.00184
11164	-0.00225
11166	-5.86745E-4
11168	1.41973E-4
11170	-7.11309E-4
11172	-9.2559E-4
11174	-0.00184
11176	-4.01154E-4
11178	-9.3436E-5
11180	-9.72718E-4
11182	-3.53E-4
11184	8.28718E-4
11186	7.24437E-4
11188	0.00128
11190	0.00159
11192	0.00129
11194	0.00219
11196	0.00277
11198	0.00338
11200	0.00342
11202	0.00293
11204	0.0025
11206	0.00276
11208	0.00202
11210	0.00159
11212	5.98772E-4
11214	-4.57509E-4
11216	1.50209E-4
11218	-2.50073E-4
11220	1.43645E-4
11222	1.95363E-4
11224	2.01081E-4
11226	7.66799E-4
11228	0.00193
11230	0.00156
11232	0.00113
11234	7.79672E-4
11236	-2.8161E-4
11238	3.24108E-4
11240	7.92826E-4
11242	-9.65456E-4
11244	-0.0022
11246	-0.00135
11248	-0.00105
11250	-0.00154
11252	-0.00115
11254	-7.21467E-5
11256	5.18571E-4
11258	7.2929E-4
11260	6.27008E-4
11262	5.97726E-4
11264	3.2444E-5
11266	0.00147
11268	0.00179
11270	6.06598E-4
11272	-7.41683E-4
11274	-0.00115
11276	-2.01247E-4
11278	3.95471E-4
11280	8.16189E-4
11282	2.67907E-4
11284	0.0013
11286	0.0029
11288	0.00141
11290	5.6078E-4
11292	-1.05502E-4
11294	-9.07784E-4
11296	6.58934E-4
11298	0.00144
11300	4.3737E-4
11302	6.57089E-4
11304	1.95807E-4
11306	7.02525E-4
11308	0.00172
11310	0.00249
11312	5.25679E-4
11314	0.00103
11316	0.00176
11318	0.00217
11320	0.00238
11322	0.00197
11324	0.00145
11326	7.93706E-4
11328	-3.25756E-5
11330	-7.93857E-4
11332	5.38607E-5
11334	0.00141
11336	0.00103
11338	0.00162
11340	2.34733E-4
11342	9.21451E-4
11344	0.00128
11346	0.0011
11348	-2.18394E-4
11350	-4.26761E-5
11352	1.61042E-4
11354	-2.2624E-4
11356	9.48478E-4
11358	0.00115
11360	0.00139
11362	0.00104
11364	7.30351E-4
11366	0.00258
11368	0.00283
11370	0.00297
11372	0.00275
11374	0.00344
11376	0.00369
11378	0.00339
11380	0.00305
11382	0.00328
11384	0.00285
11386	7.8225E-4
11388	9.38969E-4
11390	0.00153
11392	0.00203
11394	2.96123E-4
11396	-1.55159E-4
11398	3.54559E-4
11400	0.00126
11402	7.29996E-4
11404	9.75714E-4
11406	0.00228
11408	0.00204
11410	9.54868E-4
11412	-6.81414E-4
11414	-0.00101
11416	-0.00191
11418	-0.00143
11420	-0.0014
11422	-0.00185
11424	-9.20105E-4
11426	-3.78387E-4
11428	7.88331E-4
11430	-2.76485E-4
11432	-9.27136E-4
11434	-5.36786E-4
11436	3.99564E-4
11438	-2.74086E-4
11440	-2.39737E-4
11442	-1.80387E-4
11444	3.49963E-4
11446	5.30313E-4
11448	0.00163
11450	4.67012E-4
11452	1.86362E-4
11454	1.93712E-4
11456	0.00123
11458	3.12411E-4
11460	3.30761E-4
11462	0.00115
11464	0.0016
11466	0.00218
11468	0.0021
11470	-3.60491E-4
11472	-6.98141E-4
11474	-7.96791E-4
11476	-0.00119
11478	8.80908E-4
11480	0.00199
11482	0.00243
11484	0.00193
11486	0.00205
11488	0.00253
11490	0.00142
11492	5.33357E-4
11494	-2.12937E-5
11496	7.6056E-5
11498	-4.44594E-4
11500	4.52374E-4
11502	4.41282E-4
11504	-1.9881E-4
11506	5.25098E-4
11508	9.59006E-4
11510	0.0024
11512	9.42822E-4
11514	9.0373E-4
11516	0.00145
11518	0.001
11520	0.001
11522	0.00182
11524	0.00222
11526	0.00254
11528	0.00252
11530	9.68993E-4
11532	0.00684
11534	0.02474
11536	0.04778
11538	0.07379
11540	0.10005
11542	0.12275
11544	0.14293
11546	0.15977
11548	0.17656
11550	0.19178
11552	0.20336
11554	0.21384
11556	0.22474
11558	0.23378
11560	0.23553
11562	0.22343
11564	0.20583
11566	0.18561
11568	0.16501
11570	0.1469
11572	0.12963
11574	0.11289
11576	0.09919
11578	0.08756
11580	0.07693
11582	0.06655
11584	0.05935
11586	0.05274
11588	0.04583
11590	0.03948
11592	0.03414
11594	0.03045
11596	0.02781
11598	0.02617
11600	0.02265
11602	0.01933
11604	0.0191
11606	0.01912
11608	0.01797
11610	0.01597
11612	0.01549
11614	0.01477
11616	0.01369
11618	0.01131
11620	0.01011
11622	0.0092
11624	0.00837
11626	0.00826
11628	0.0087
11630	0.00615
11632	0.00593
11634	0.0062
11636	0.00343
11638	0.00247
11640	0.00365
11642	0.00421
11644	0.0021
11646	0.00262
11648	0.00277
11650	0.00211
11652	0.00204
11654	0.00266
11656	0.00228
11658	-5.89837E-4
11660	-7.29532E-4
11662	0.00106
11664	-8.45922E-4
11666	-0.00103
11668	-9.50313E-4
11670	-0.00207
11672	-0.0038
11674	-0.0044
11676	-0.00289
11678	-0.00218
11680	-0.00277
11682	-0.00146
11684	-1.43875E-4
11686	0.00107
11688	-7.30266E-4
11690	-5.58961E-4
11692	-6.36566E-5
11694	-0.00105
11696	-8.12047E-4
11698	-6.23743E-4
11700	-6.48438E-4
11702	-8.11133E-4
11704	4.82172E-4
11706	0.0017
11708	0.00124
11710	-5.37914E-4
11712	-7.5761E-4
11714	-0.00123
11716	-6.77E-4
11718	2.33305E-4
11720	3.31609E-4
11722	9.90914E-4
11724	4.85219E-4
11726	5.34523E-4
11728	-2.82172E-4
11730	0.00143
11732	3.93437E-4
11734	-0.00204
11736	-0.00269
11738	-7.20648E-4
11740	4.03656E-4
11742	-3.89039E-4
11744	-0.00129
11746	-3.0743E-4
11748	3.18875E-4
11750	4.5618E-4
11752	-6.35155E-5
11754	-5.39211E-4
11756	0.00126
11758	0.00122
11760	0.00109
11762	0.00139
11764	3.74313E-4
11766	-3.13826E-5
11768	-8.31078E-4
11770	6.56227E-4
11772	8.94531E-4
11774	5.38362E-5
11776	2.71141E-4
11778	1.89446E-4
11780	-0.00142
11782	-0.00162
11784	-0.0011
11786	2.26664E-4
11788	-2.51031E-4
11790	-0.00137
11792	-0.00143
11794	-5.43117E-4
11796	-4.36812E-4
11798	-0.00141
11800	-0.00161
11802	-0.00149
11804	-0.00162
11806	-0.00177
11808	-0.00211
11810	-0.00145
11812	-6.79374E-4
11814	-0.00151
11816	-0.00161
11818	-8.3346E-4
11820	0.00107
11822	0.00154
11824	3.48454E-4
11826	-0.00134
11828	-1.28937E-4
11830	3.01368E-4
11832	4.64673E-4
11834	5.46977E-4
11836	0.00125
11838	-3.37413E-4
11840	9.68914E-5
11842	3.19606E-6
11844	-9.40499E-4
11846	-3.42195E-4
11848	-4.8489E-4
11850	-0.00147
11852	-0.00264
11854	-0.00204
11856	-2.73671E-4
11858	4.79634E-4
11860	-1.96062E-4
11862	-0.00149
11864	-0.00192
11866	-9.88148E-4
11868	3.95157E-4
11870	-1.54538E-4
11872	-0.00204
11874	-0.00155
11876	-1.51624E-4
11878	6.81681E-4
11880	4.38985E-4
11882	1.9029E-4
11884	3.74595E-4
11886	5.949E-4
11888	6.74204E-4
11890	-2.90491E-4
11892	-0.00133
11894	-0.00114
11896	-8.51577E-4
11898	-0.00101
11900	-9.02968E-4
11902	-8.31663E-4
11904	5.36418E-5
11906	-0.00129
11908	-0.00111
11910	-5.83444E-4
11912	-0.00166
11914	-0.00369
11916	-0.00428
11918	-0.00298
11920	-0.00173
11922	-9.27616E-4
11924	6.43689E-4
11926	1.91994E-4
11928	-7.99702E-4
11930	-2.09397E-4
11932	-9.30923E-5
11934	-9.77876E-5
11936	6.75517E-4
11938	3.47822E-4
11940	-5.08735E-5
11942	-4.09569E-4
11944	5.10736E-4
11946	4.95041E-4
11948	-2.42655E-4
11950	-0.00202
11952	-0.00193
11954	-0.00257
11956	-0.00244
11958	-0.00195
11960	-0.00203
11962	-0.00264
11964	-0.00115
11966	3.14088E-4
11968	8.23392E-4
11970	0.00135
11972	0.00143
11974	0.00232
11976	0.00333
11978	0.0042
11980	0.00438
11982	0.00334
11984	0.00181
11986	3.88135E-4
11988	-0.00119
11990	-0.00278
11992	-0.00259
11994	-0.00322
11996	-0.00375
11998	-0.00172
12000	-0.00259
12002	-0.00314
12004	-0.00223
12006	-0.00145
12008	-0.00241
12010	-0.00248
12012	-0.00216
12014	-0.00217
12016	-0.00162
12018	-8.51359E-4
12020	-6.62951E-4
12022	-2.53542E-4
12024	-5.95133E-4
12026	-0.0025
12028	-0.0014
12030	-3.29907E-4
12032	-1.98498E-4
12034	-0.00107
12036	-0.00186
12038	-0.00159
12040	-0.00158
12042	-0.00265
12044	-0.00395
12046	-0.00487
12048	-0.0057
12050	-0.00569
12052	-0.00332
12054	-0.00339
12056	-0.00311
12058	-0.0025
12060	-0.00117
12062	-0.00128
12064	-0.00122
12066	-0.00125
12068	2.02093E-4
12070	0.00226
12072	0.00311
12074	0.00155
12076	6.6451E-4
12078	0.00283
12080	0.00239
12082	0.00129
12084	9.50928E-4
12086	8.19282E-4
12088	0.00112
12090	-3.14009E-4
12092	-0.00121
12094	-0.00192
12096	-0.00191
12098	-0.00196
12100	-0.00128
12102	-9.19883E-4
12104	-0.00129
12106	-6.19174E-4
12108	5.4918E-4
12110	1.54535E-4
12112	-3.50111E-4
12114	-0.00112
12116	-7.94402E-4
12118	0.00124
12120	0.0017
12122	0.00155
12124	6.51015E-4
12126	8.95369E-4
