time	cp
2	-0.01085
4	-0.01073
6	-0.0125
8	-0.01463
10	-0.01641
12	-0.01905
14	-0.0208
16	-0.02005
18	-0.01991
20	-0.02026
22	-0.02087
24	-0.02115
26	-0.02163
28	-0.01991
30	-0.01875
32	-0.01678
34	-0.01596
36	-0.01503
38	-0.01407
40	-0.01282
42	-0.01098
44	-0.00971
46	-0.00783
48	-0.00714
50	-0.0057
52	-0.00461
54	-0.00425
56	-0.00462
58	-0.00433
60	-0.00421
62	-0.00378
64	-0.00525
66	-0.00625
68	-0.0062
70	-0.00686
72	-0.00768
74	-0.00716
76	-0.00726
78	-0.00649
80	-0.00557
82	-0.00412
84	-0.00339
86	-0.00221
88	-0.00279
90	-0.00279
92	-0.00236
94	-0.00357
96	-0.00396
98	-0.00252
100	-0.00149
102	-4.3385E-4
104	-5.47791E-4
106	-0.00108
108	-1.15674E-4
110	-6.10615E-4
112	-1.81556E-4
114	-7.94971E-5
116	2.86562E-4
118	4.05621E-4
120	2.01679E-4
122	-2.27262E-4
124	-8.32203E-4
126	-0.0057
128	-0.03304
130	-0.08894
132	-0.16853
134	-0.26784
136	-0.38106
138	-0.5036
140	-0.62874
142	-0.75505
144	-0.88036
146	-1.00233
148	-1.11889
150	-1.23001
152	-1.33299
154	-1.42776
156	-1.49661
158	-1.53506
160	-1.54702
162	-1.53723
164	-1.51184
166	-1.47514
168	-1.43183
170	-1.38462
172	-1.335
174	-1.28362
176	-1.23297
178	-1.18139
180	-1.13248
182	-1.08425
184	-1.03878
186	-0.99397
188	-0.95275
190	-0.91405
192	-0.87769
194	-0.84319
196	-0.81116
198	-0.78224
200	-0.75416
202	-0.72761
204	-0.70292
206	-0.67966
208	-0.65812
210	-0.6377
212	-0.61765
214	-0.59872
216	-0.58087
218	-0.56442
220	-0.54928
222	-0.5351
224	-0.52022
226	-0.50575
228	-0.49325
230	-0.48171
232	-0.47003
234	-0.45781
236	-0.44795
238	-0.43671
240	-0.42679
242	-0.41596
244	-0.4058
246	-0.39609
248	-0.38679
250	-0.37879
252	-0.37145
254	-0.36323
256	-0.35531
258	-0.34729
260	-0.33986
262	-0.33284
264	-0.32572
266	-0.31964
268	-0.31357
270	-0.30801
272	-0.30089
274	-0.29456
276	-0.28892
278	-0.28421
280	-0.27856
282	-0.27307
284	-0.26902
286	-0.26534
288	-0.26092
290	-0.25586
292	-0.25014
294	-0.24617
296	-0.24236
298	-0.23843
300	-0.23411
302	-0.23169
304	-0.22727
306	-0.22447
308	-0.22135
310	-0.2167
312	-0.21324
314	-0.21029
316	-0.2065
318	-0.20267
320	-0.19838
322	-0.19583
324	-0.19277
326	-0.18979
328	-0.18688
330	-0.18462
332	-0.18289
334	-0.18182
336	-0.18061
338	-0.17758
340	-0.17548
342	-0.17281
344	-0.16944
346	-0.16628
348	-0.16403
350	-0.1624
352	-0.16047
354	-0.15819
356	-0.15557
358	-0.15521
360	-0.15535
362	-0.15273
364	-0.14872
366	-0.14567
368	-0.1434
370	-0.14172
372	-0.14015
374	-0.13846
376	-0.13739
378	-0.13638
380	-0.1355
382	-0.13386
384	-0.13233
386	-0.13019
388	-0.12956
390	-0.12956
392	-0.12972
394	-0.12863
396	-0.12707
398	-0.12526
400	-0.12308
402	-0.1208
404	-0.11863
406	-0.11864
408	-0.11504
410	-0.11232
412	-0.11216
414	-0.11109
416	-0.11001
418	-0.10707
420	-0.10519
422	-0.1044
424	-0.10458
426	-0.10423
428	-0.10462
430	-0.10354
432	-0.10036
434	-0.09827
436	-0.09747
438	-0.09683
440	-0.09506
442	-0.09223
444	-0.09147
446	-0.0909
448	-0.09025
450	-0.08865
452	-0.08726
454	-0.08681
456	-0.08626
458	-0.08499
460	-0.08352
462	-0.08303
464	-0.08171
466	-0.08056
468	-0.07993
470	-0.07907
472	-0.07811
474	-0.07711
476	-0.07517
478	-0.07342
480	-0.07263
482	-0.07098
484	-0.06969
486	-0.07068
488	-0.07002
490	-0.06886
492	-0.06759
494	-0.0665
496	-0.06607
498	-0.06513
500	-0.06261
502	-0.06132
504	-0.06105
506	-0.06039
508	-0.05953
510	-0.05772
512	-0.05768
514	-0.05686
516	-0.05525
518	-0.05415
520	-0.05302
522	-0.05196
524	-0.05033
526	-0.04966
528	-0.05019
530	-0.04968
532	-0.05004
534	-0.04983
536	-0.04876
538	-0.04785
540	-0.04607
542	-0.04495
544	-0.04487
546	-0.04413
548	-0.04299
550	-0.04353
552	-0.04241
554	-0.04109
556	-0.0406
558	-0.04116
560	-0.04271
562	-0.04155
564	-0.04073
566	-0.03879
568	-0.03796
570	-0.03788
572	-0.03839
574	-0.03608
576	-0.03478
578	-0.03457
580	-0.03393
582	-0.03342
584	-0.03311
586	-0.03226
588	-0.03194
590	-0.03203
592	-0.03133
594	-0.02966
596	-0.02926
598	-0.03005
600	-0.0288
602	-0.02852
604	-0.02919
606	-0.0293
608	-0.03017
610	-0.02903
612	-0.02724
614	-0.02662
616	-0.02526
618	-0.02542
620	-0.02427
622	-0.02182
624	-0.02138
626	-0.02211
628	-0.02165
630	-0.02214
632	-0.02135
634	-0.02048
636	-0.01937
638	-0.01858
640	-0.01802
642	-0.01769
644	-0.01766
646	-0.01789
648	-0.01644
650	-0.01501
652	-0.0138
654	-0.01249
656	-0.01204
658	-0.01133
660	-0.01052
662	-0.00999
664	-0.01016
666	-0.01108
668	-0.01108
670	-0.01063
672	-0.009
674	-0.00952
676	-0.00901
678	-0.00848
680	-0.00736
682	-0.00628
684	-0.00674
686	-0.00676
688	-0.00565
690	-0.00482
692	-0.00491
694	-0.00297
696	-0.00133
698	-0.00101
700	-0.00139
702	-3.11055E-4
704	-9.15744E-5
706	8.96906E-4
708	0.00104
710	0.0016
712	0.00441
714	0.00547
716	0.00382
718	0.00282
720	0.00392
722	0.00429
724	0.00484
726	6.36714E-4
728	-0.02551
730	-0.07165
732	-0.13108
734	-0.19807
736	-0.27111
738	-0.34573
740	-0.42252
742	-0.50172
744	-0.58115
746	-0.65776
748	-0.73171
750	-0.8022
752	-0.87305
754	-0.94086
756	-0.98989
758	-1.01387
760	-1.02228
762	-1.01929
764	-1.00768
766	-0.99055
768	-0.96992
770	-0.94569
772	-0.9214
774	-0.8954
776	-0.86843
778	-0.84055
780	-0.81447
782	-0.79125
784	-0.76769
786	-0.74526
788	-0.72525
790	-0.7063
792	-0.68741
794	-0.66851
796	-0.64997
798	-0.63129
800	-0.61493
802	-0.60101
804	-0.58533
806	-0.5698
808	-0.55463
810	-0.53976
812	-0.52624
814	-0.513
816	-0.50044
818	-0.48838
820	-0.47696
822	-0.46646
824	-0.45651
826	-0.44663
828	-0.437
830	-0.42829
832	-0.41956
834	-0.41351
836	-0.40535
838	-0.39793
840	-0.38982
842	-0.38198
844	-0.37471
846	-0.36874
848	-0.36092
850	-0.35482
852	-0.34872
854	-0.34272
856	-0.33813
858	-0.33086
860	-0.32556
862	-0.31917
864	-0.31407
866	-0.30846
868	-0.30226
870	-0.29698
872	-0.29044
874	-0.28387
876	-0.278
878	-0.27395
880	-0.26939
882	-0.2661
884	-0.26086
886	-0.25854
888	-0.25563
890	-0.25291
892	-0.25082
894	-0.24736
896	-0.24221
898	-0.2379
900	-0.23391
902	-0.23087
904	-0.22734
906	-0.22381
908	-0.21978
910	-0.21736
912	-0.21395
914	-0.21173
916	-0.20915
918	-0.20652
920	-0.20291
922	-0.19993
924	-0.19785
926	-0.19764
928	-0.19688
930	-0.19409
932	-0.19204
934	-0.18887
936	-0.18761
938	-0.18535
940	-0.18337
942	-0.18221
944	-0.18055
946	-0.17779
948	-0.17494
950	-0.17204
952	-0.17087
954	-0.16942
956	-0.16648
958	-0.16412
960	-0.16145
962	-0.15887
964	-0.1571
966	-0.15515
968	-0.15403
970	-0.15306
972	-0.15008
974	-0.14765
976	-0.14696
978	-0.14596
980	-0.14439
982	-0.14236
984	-0.14123
986	-0.14004
988	-0.13843
990	-0.13604
992	-0.1345
994	-0.13252
996	-0.13089
998	-0.12917
1000	-0.12775
1002	-0.12782
1004	-0.12624
1006	-0.12255
1008	-0.12201
1010	-0.12218
1012	-0.12079
1014	-0.11872
1016	-0.1164
1018	-0.1148
1020	-0.11307
1022	-0.11156
1024	-0.10955
1026	-0.10789
1028	-0.10656
1030	-0.10484
1032	-0.10331
1034	-0.10232
1036	-0.10028
1038	-0.09895
1040	-0.09783
1042	-0.0962
1044	-0.09637
1046	-0.09661
1048	-0.09567
1050	-0.09446
1052	-0.09336
1054	-0.09247
1056	-0.09314
1058	-0.09148
1060	-0.09009
1062	-0.09001
1064	-0.08862
1066	-0.08672
1068	-0.08473
1070	-0.08367
1072	-0.08194
1074	-0.0801
1076	-0.07992
1078	-0.07944
1080	-0.07866
1082	-0.07784
1084	-0.07694
1086	-0.07593
1088	-0.07487
1090	-0.07239
1092	-0.07024
1094	-0.06909
1096	-0.06852
1098	-0.06878
1100	-0.06801
1102	-0.06647
1104	-0.06602
1106	-0.06568
1108	-0.06306
1110	-0.06368
1112	-0.06359
1114	-0.06349
1116	-0.06262
1118	-0.06076
1120	-0.06036
1122	-0.05883
1124	-0.05916
1126	-0.05779
1128	-0.05545
1130	-0.05464
1132	-0.05482
1134	-0.05457
1136	-0.05319
1138	-0.05323
1140	-0.05207
1142	-0.04992
1144	-0.048
1146	-0.04835
1148	-0.04817
1150	-0.04669
1152	-0.04617
1154	-0.04659
1156	-0.04465
1158	-0.04312
1160	-0.04233
1162	-0.04161
1164	-0.04118
1166	-0.04171
1168	-0.03987
1170	-0.03796
1172	-0.03657
1174	-0.036
1176	-0.03547
1178	-0.0349
1180	-0.03373
1182	-0.03262
1184	-0.03185
1186	-0.03251
1188	-0.03196
1190	-0.03127
1192	-0.03055
1194	-0.0288
1196	-0.0283
1198	-0.02916
1200	-0.02816
1202	-0.02743
1204	-0.02678
1206	-0.02676
1208	-0.02564
1210	-0.02457
1212	-0.02463
1214	-0.02424
1216	-0.0236
1218	-0.02205
1220	-0.02118
1222	-0.02067
1224	-0.01906
1226	-0.01767
1228	-0.01754
1230	-0.01761
1232	-0.01792
1234	-0.01752
1236	-0.01616
1238	-0.01509
1240	-0.0137
1242	-0.01241
1244	-0.01081
1246	-0.00842
1248	-0.00738
1250	-0.0075
1252	-0.00809
1254	-0.00868
1256	-0.0094
1258	-0.00893
1260	-0.00775
1262	-0.00751
1264	-0.00695
1266	-0.006
1268	-0.00613
1270	-0.00505
1272	-0.00441
1274	-0.00442
1276	-0.00422
1278	-0.00334
1280	-0.00216
1282	-0.00224
1284	-0.00149
1286	-8.49085E-4
1288	-3.18063E-4
1290	-5.05041E-4
1292	6.66981E-4
1294	0.00287
1296	0.00332
1298	0.00202
1300	0.00147
1302	-1.2991E-4
1304	-0.00131
1306	-0.00196
1308	-0.00138
1310	7.32177E-4
1312	0.00168
1314	0.00205
1316	9.03243E-4
1318	4.81265E-4
1320	-3.54713E-4
1322	-0.00143
1324	5.23305E-5
1326	-0.00259
1328	-0.02179
1330	-0.05808
1332	-0.10136
1334	-0.15028
1336	-0.20123
1338	-0.25245
1340	-0.30256
1342	-0.35275
1344	-0.4021
1346	-0.45015
1348	-0.4983
1350	-0.54813
1352	-0.59644
1354	-0.64
1356	-0.67081
1358	-0.68301
1360	-0.6844
1362	-0.68021
1364	-0.67145
1366	-0.65909
1368	-0.64569
1370	-0.63331
1372	-0.61837
1374	-0.60316
1376	-0.58839
1378	-0.57624
1380	-0.56211
1382	-0.55027
1384	-0.53804
1386	-0.5257
1388	-0.51408
1390	-0.50425
1392	-0.49529
1394	-0.48577
1396	-0.47561
1398	-0.46646
1400	-0.45666
1402	-0.4477
1404	-0.43979
1406	-0.43085
1408	-0.42047
1410	-0.41147
1412	-0.40411
1414	-0.397
1416	-0.38872
1418	-0.38118
1420	-0.37463
1422	-0.3689
1424	-0.36233
1426	-0.35532
1428	-0.34873
1430	-0.34257
1432	-0.33761
1434	-0.33164
1436	-0.32618
1438	-0.32135
1440	-0.31562
1442	-0.31203
1444	-0.30902
1446	-0.30361
1448	-0.29681
1450	-0.29205
1452	-0.28762
1454	-0.28334
1456	-0.27807
1458	-0.27308
1460	-0.26965
1462	-0.26667
1464	-0.26368
1466	-0.25885
1468	-0.25619
1470	-0.25415
1472	-0.25071
1474	-0.2463
1476	-0.24411
1478	-0.24123
1480	-0.23821
1482	-0.23472
1484	-0.23049
1486	-0.22704
1488	-0.2247
1490	-0.22078
1492	-0.21839
1494	-0.21631
1496	-0.21298
1498	-0.2123
1500	-0.20886
1502	-0.20551
1504	-0.20149
1506	-0.19809
1508	-0.19457
1510	-0.19401
1512	-0.19157
1514	-0.18855
1516	-0.18497
1518	-0.18224
1520	-0.18044
1522	-0.17973
1524	-0.17653
1526	-0.17411
1528	-0.17146
1530	-0.16957
1532	-0.16653
1534	-0.16551
1536	-0.16441
1538	-0.16209
1540	-0.15974
1542	-0.1612
1544	-0.15962
1546	-0.15623
1548	-0.1535
1550	-0.15178
1552	-0.14996
1554	-0.14754
1556	-0.14589
1558	-0.14481
1560	-0.14472
1562	-0.14345
1564	-0.14112
1566	-0.13893
1568	-0.13747
1570	-0.13706
1572	-0.13621
1574	-0.13394
1576	-0.13156
1578	-0.13057
1580	-0.13102
1582	-0.13
1584	-0.12792
1586	-0.1249
1588	-0.12377
1590	-0.12268
1592	-0.12037
1594	-0.11856
1596	-0.11822
1598	-0.11711
1600	-0.11556
1602	-0.11319
1604	-0.11061
1606	-0.10924
1608	-0.10832
1610	-0.10718
1612	-0.10677
1614	-0.10579
1616	-0.10389
1618	-0.10196
1620	-0.10012
1622	-0.09898
1624	-0.0989
1626	-0.09807
1628	-0.09779
1630	-0.09568
1632	-0.09424
1634	-0.09346
1636	-0.09344
1638	-0.0928
1640	-0.09234
1642	-0.09143
1644	-0.09021
1646	-0.08756
1648	-0.08624
1650	-0.08454
1652	-0.08453
1654	-0.08435
1656	-0.08297
1658	-0.08048
1660	-0.07856
1662	-0.07793
1664	-0.07797
1666	-0.07667
1668	-0.07636
1670	-0.07463
1672	-0.0736
1674	-0.07259
1676	-0.07131
1678	-0.07006
1680	-0.06884
1682	-0.06642
1684	-0.06607
1686	-0.06665
1688	-0.06487
1690	-0.06396
1692	-0.06272
1694	-0.06104
1696	-0.06042
1698	-0.06095
1700	-0.0591
1702	-0.05828
1704	-0.05744
1706	-0.05761
1708	-0.05731
1710	-0.05653
1712	-0.05653
1714	-0.05595
1716	-0.05503
1718	-0.05357
1720	-0.05145
1722	-0.05048
1724	-0.04976
1726	-0.0482
1728	-0.04712
1730	-0.04706
1732	-0.04614
1734	-0.04615
1736	-0.04553
1738	-0.04399
1740	-0.04346
1742	-0.04304
1744	-0.044
1746	-0.0431
1748	-0.04246
1750	-0.0422
1752	-0.04127
1754	-0.0403
1756	-0.03857
1758	-0.03755
1760	-0.03733
1762	-0.03715
1764	-0.03584
1766	-0.03373
1768	-0.03323
1770	-0.0329
1772	-0.03321
1774	-0.03255
1776	-0.03113
1778	-0.02996
1780	-0.02863
1782	-0.02912
1784	-0.02919
1786	-0.02765
1788	-0.02661
1790	-0.02503
1792	-0.02526
1794	-0.02372
1796	-0.02206
1798	-0.02204
1800	-0.02158
1802	-0.02075
1804	-0.01963
1806	-0.01862
1808	-0.01742
1810	-0.01647
1812	-0.01569
1814	-0.01468
1816	-0.01491
1818	-0.01643
1820	-0.01633
1822	-0.01563
1824	-0.0155
1826	-0.01366
1828	-0.01213
1830	-0.01231
1832	-0.01215
1834	-0.01096
1836	-0.01042
1838	-0.01194
1840	-0.01199
1842	-0.01134
1844	-0.01135
1846	-0.01238
1848	-0.01248
1850	-0.0108
1852	-0.01076
1854	-0.00903
1856	-0.00711
1858	-0.00667
1860	-0.00703
1862	-0.00726
1864	-0.00683
1866	-0.00766
1868	-0.00735
1870	-0.0061
1872	-0.00538
1874	-0.0059
1876	-0.00594
1878	-0.00592
1880	-0.00434
1882	-0.00382
1884	-0.00375
1886	-0.00368
1888	-0.00367
1890	-0.00315
1892	-0.003
1894	-0.00313
1896	-0.00282
1898	-0.0023
1900	-7.65722E-4
1902	-0.00108
1904	4.40411E-4
1906	0.00101
1908	0.00132
1910	0.00137
1912	0.00194
1914	0.00293
1916	0.00283
1918	0.00155
1920	0.00244
1922	0.00323
1924	0.00357
1926	0.00124
1928	-0.0147
1930	-0.04483
1932	-0.08163
1934	-0.12011
1936	-0.15776
1938	-0.19625
1940	-0.2346
1942	-0.27041
1944	-0.3042
1946	-0.33807
1948	-0.37312
1950	-0.40718
1952	-0.44118
1954	-0.47288
1956	-0.49416
1958	-0.49808
1960	-0.49316
1962	-0.48449
1964	-0.47494
1966	-0.46515
1968	-0.45422
1970	-0.44357
1972	-0.43448
1974	-0.42455
1976	-0.41497
1978	-0.40779
1980	-0.40036
1982	-0.39349
1984	-0.38819
1986	-0.38351
1988	-0.37625
1990	-0.36888
1992	-0.36285
1994	-0.35802
1996	-0.35251
1998	-0.34723
2000	-0.34164
2002	-0.33604
2004	-0.3296
2006	-0.32452
2008	-0.32057
2010	-0.31617
2012	-0.31194
2014	-0.30786
2016	-0.30415
2018	-0.30057
2020	-0.29563
2022	-0.28988
2024	-0.28522
2026	-0.28031
2028	-0.27686
2030	-0.27314
2032	-0.2704
2034	-0.26627
2036	-0.26303
2038	-0.26009
2040	-0.25553
2042	-0.25215
2044	-0.24853
2046	-0.24426
2048	-0.24098
2050	-0.23926
2052	-0.23515
2054	-0.23094
2056	-0.22772
2058	-0.2245
2060	-0.22123
2062	-0.21823
2064	-0.21555
2066	-0.21334
2068	-0.21158
2070	-0.20841
2072	-0.2054
2074	-0.20247
2076	-0.19942
2078	-0.19756
2080	-0.19486
2082	-0.19207
2084	-0.18946
2086	-0.18788
2088	-0.18544
2090	-0.18263
2092	-0.18153
2094	-0.17965
2096	-0.17639
2098	-0.17445
2100	-0.17332
2102	-0.17191
2104	-0.17064
2106	-0.16856
2108	-0.16748
2110	-0.16803
2112	-0.16809
2114	-0.16736
2116	-0.16513
2118	-0.16296
2120	-0.16013
2122	-0.15754
2124	-0.15615
2126	-0.15554
2128	-0.15543
2130	-0.15381
2132	-0.15214
2134	-0.15077
2136	-0.1481
2138	-0.14454
2140	-0.14302
2142	-0.14109
2144	-0.13911
2146	-0.13725
2148	-0.13525
2150	-0.13356
2152	-0.13382
2154	-0.1313
2156	-0.12777
2158	-0.126
2160	-0.12337
2162	-0.12282
2164	-0.12299
2166	-0.12173
2168	-0.11876
2170	-0.11693
2172	-0.11663
2174	-0.11703
2176	-0.11757
2178	-0.11636
2180	-0.11359
2182	-0.11119
2184	-0.11055
2186	-0.10896
2188	-0.10615
2190	-0.10455
2192	-0.10401
2194	-0.10285
2196	-0.10334
2198	-0.10244
2200	-0.10249
2202	-0.10129
2204	-0.10122
2206	-0.09996
2208	-0.09931
2210	-0.0985
2212	-0.09686
2214	-0.09489
2216	-0.09364
2218	-0.09108
2220	-0.08898
2222	-0.08885
2224	-0.08759
2226	-0.08635
2228	-0.0851
2230	-0.08353
2232	-0.08252
2234	-0.08188
2236	-0.08173
2238	-0.08037
2240	-0.07977
2242	-0.0791
2244	-0.07817
2246	-0.07768
2248	-0.07658
2250	-0.07511
2252	-0.07471
2254	-0.07346
2256	-0.07143
2258	-0.0687
2260	-0.06826
2262	-0.06834
2264	-0.06777
2266	-0.06638
2268	-0.06686
2270	-0.06721
2272	-0.06692
2274	-0.06594
2276	-0.06531
2278	-0.0661
2280	-0.06485
2282	-0.06356
2284	-0.06121
2286	-0.06178
2288	-0.06183
2290	-0.05987
2292	-0.0581
2294	-0.05709
2296	-0.05543
2298	-0.05366
2300	-0.05229
2302	-0.05068
2304	-0.05065
2306	-0.04965
2308	-0.04934
2310	-0.04835
2312	-0.04761
2314	-0.04812
2316	-0.04743
2318	-0.04572
2320	-0.04453
2322	-0.04341
2324	-0.04234
2326	-0.03949
2328	-0.03825
2330	-0.03956
2332	-0.03955
2334	-0.03951
2336	-0.03879
2338	-0.0389
2340	-0.03922
2342	-0.03851
2344	-0.03888
2346	-0.03842
2348	-0.03693
2350	-0.03675
2352	-0.03567
2354	-0.03549
2356	-0.03357
2358	-0.03267
2360	-0.03297
2362	-0.03249
2364	-0.03036
2366	-0.02746
2368	-0.02551
2370	-0.0244
2372	-0.02438
2374	-0.02421
2376	-0.02285
2378	-0.02316
2380	-0.02376
2382	-0.0237
2384	-0.02252
2386	-0.02239
2388	-0.02236
2390	-0.02231
2392	-0.02267
2394	-0.02216
2396	-0.02147
2398	-0.02146
2400	-0.02066
2402	-0.02043
2404	-0.02081
2406	-0.02023
2408	-0.01977
2410	-0.01867
2412	-0.01718
2414	-0.01677
2416	-0.01438
2418	-0.01399
2420	-0.01395
2422	-0.01366
2424	-0.01396
2426	-0.01354
2428	-0.01365
2430	-0.01158
2432	-0.0113
2434	-0.01203
2436	-0.01122
2438	-0.0102
2440	-0.01062
2442	-0.01012
2444	-0.00902
2446	-0.00754
2448	-0.0073
2450	-0.00718
2452	-0.00555
2454	-0.00573
2456	-0.0071
2458	-0.00759
2460	-0.00743
2462	-0.00803
2464	-0.00885
2466	-0.00897
2468	-0.009
2470	-0.00918
2472	-0.00842
2474	-0.00796
2476	-0.00781
2478	-0.00754
2480	-0.00619
2482	-0.00467
2484	-0.00365
2486	-0.00326
2488	-0.00235
2490	-0.00248
2492	-0.00162
2494	-0.00117
2496	-4.08094E-4
2498	-0.00198
2500	-0.00364
2502	-0.0024
2504	-6.34815E-4
2506	-7.82456E-5
2508	8.47324E-4
2510	8.01894E-4
2512	1.05744E-4
2514	-2.27549E-4
2516	5.92157E-4
2518	0.00152
2520	0.00355
2522	0.00388
2524	0.00471
2526	0.00287
2528	-0.00977
2530	-0.03581
2532	-0.06792
2534	-0.10266
2536	-0.13391
2538	-0.16333
2540	-0.19274
2542	-0.22112
2544	-0.24667
2546	-0.27177
2548	-0.29717
2550	-0.32145
2552	-0.34382
2554	-0.36637
2556	-0.38132
2558	-0.38249
2560	-0.37363
2562	-0.36087
2564	-0.34946
2566	-0.34062
2568	-0.33081
2570	-0.32143
2572	-0.31226
2574	-0.30619
2576	-0.29999
2578	-0.29388
2580	-0.28749
2582	-0.28344
2584	-0.2789
2586	-0.27405
2588	-0.26964
2590	-0.26664
2592	-0.26326
2594	-0.2601
2596	-0.25497
2598	-0.24901
2600	-0.24571
2602	-0.24367
2604	-0.24106
2606	-0.23854
2608	-0.23658
2610	-0.23508
2612	-0.23239
2614	-0.22869
2616	-0.22652
2618	-0.22456
2620	-0.22343
2622	-0.22078
2624	-0.2174
2626	-0.21424
2628	-0.21047
2630	-0.20769
2632	-0.20422
2634	-0.20164
2636	-0.19998
2638	-0.19772
2640	-0.19532
2642	-0.19146
2644	-0.18766
2646	-0.18506
2648	-0.1838
2650	-0.18184
2652	-0.18132
2654	-0.17948
2656	-0.17646
2658	-0.17541
2660	-0.17397
2662	-0.17235
2664	-0.16984
2666	-0.16857
2668	-0.16725
2670	-0.16533
2672	-0.1639
2674	-0.16145
2676	-0.15905
2678	-0.15677
2680	-0.1574
2682	-0.15837
2684	-0.15528
2686	-0.15234
2688	-0.14984
2690	-0.14787
2692	-0.14662
2694	-0.14473
2696	-0.14388
2698	-0.1422
2700	-0.13941
2702	-0.13822
2704	-0.13745
2706	-0.13726
2708	-0.13637
2710	-0.13531
2712	-0.13425
2714	-0.13222
2716	-0.1301
2718	-0.12953
2720	-0.12734
2722	-0.12719
2724	-0.12706
2726	-0.12756
2728	-0.12587
2730	-0.12294
2732	-0.1214
2734	-0.12096
2736	-0.11848
2738	-0.11626
2740	-0.11486
2742	-0.11524
2744	-0.11367
2746	-0.11256
2748	-0.11225
2750	-0.11151
2752	-0.11115
2754	-0.11079
2756	-0.11029
2758	-0.11045
2760	-0.1092
2762	-0.10738
2764	-0.10555
2766	-0.10538
2768	-0.10369
2770	-0.1023
2772	-0.10067
2774	-0.09865
2776	-0.09638
2778	-0.09644
2780	-0.09511
2782	-0.09366
2784	-0.0926
2786	-0.09143
2788	-0.09198
2790	-0.0903
2792	-0.08895
2794	-0.08705
2796	-0.08718
2798	-0.0856
2800	-0.08484
2802	-0.08334
2804	-0.08297
2806	-0.08187
2808	-0.08042
2810	-0.07971
2812	-0.07968
2814	-0.07999
2816	-0.07963
2818	-0.07874
2820	-0.07782
2822	-0.07568
2824	-0.07462
2826	-0.07328
2828	-0.0722
2830	-0.07076
2832	-0.0697
2834	-0.06938
2836	-0.06948
2838	-0.06751
2840	-0.06637
2842	-0.06547
2844	-0.06349
2846	-0.06165
2848	-0.06218
2850	-0.06161
2852	-0.05943
2854	-0.0602
2856	-0.06059
2858	-0.0588
2860	-0.05747
2862	-0.05698
2864	-0.05594
2866	-0.05494
2868	-0.05425
2870	-0.05477
2872	-0.05394
2874	-0.05303
2876	-0.05269
2878	-0.05128
2880	-0.05146
2882	-0.05114
2884	-0.05116
2886	-0.05123
2888	-0.05073
2890	-0.05086
2892	-0.04971
2894	-0.04946
2896	-0.0492
2898	-0.04903
2900	-0.04783
2902	-0.04489
2904	-0.04273
2906	-0.04378
2908	-0.04375
2910	-0.04345
2912	-0.04317
2914	-0.04172
2916	-0.0405
2918	-0.03961
2920	-0.03854
2922	-0.03868
2924	-0.03909
2926	-0.04047
2928	-0.0394
2930	-0.03945
2932	-0.03947
2934	-0.03922
2936	-0.03887
2938	-0.03713
2940	-0.03675
2942	-0.03554
2944	-0.03457
2946	-0.03465
2948	-0.03424
2950	-0.03293
2952	-0.03142
2954	-0.03019
2956	-0.02806
2958	-0.02762
2960	-0.02817
2962	-0.02685
2964	-0.02674
2966	-0.02597
2968	-0.02425
2970	-0.02404
2972	-0.02336
2974	-0.02219
2976	-0.02303
2978	-0.02268
2980	-0.02237
2982	-0.02135
2984	-0.01954
2986	-0.01911
2988	-0.01856
2990	-0.01642
2992	-0.01603
2994	-0.01713
2996	-0.01619
2998	-0.01482
3000	-0.01489
3002	-0.01394
3004	-0.01248
3006	-0.01391
3008	-0.01465
3010	-0.01454
3012	-0.01504
3014	-0.0152
3016	-0.01562
3018	-0.01444
3020	-0.0141
3022	-0.01371
3024	-0.01305
3026	-0.01195
3028	-0.01119
3030	-0.01049
3032	-0.01001
3034	-0.00825
3036	-0.00841
3038	-0.00828
3040	-0.00867
3042	-0.00736
3044	-0.00742
3046	-0.00827
3048	-0.00836
3050	-0.00753
3052	-0.00614
3054	-0.00481
3056	-0.00571
3058	-0.00568
3060	-0.00541
3062	-0.00456
3064	-0.00319
3066	-0.00227
3068	-0.00106
3070	-0.00164
3072	-0.00224
3074	-0.00119
3076	-3.14165E-4
3078	3.2855E-4
3080	0.00179
3082	0.00175
3084	8.93694E-4
3086	4.31408E-4
3088	4.04123E-4
3090	6.25838E-4
3092	0.00124
3094	0.00337
3096	0.00349
3098	0.00325
3100	0.00271
3102	0.00346
3104	0.00377
3106	0.00641
3108	0.00842
3110	0.00931
3112	0.00862
3114	0.0096
3116	0.00946
3118	0.00906
3120	0.0083
3122	0.00772
3124	0.0087
3126	0.00693
3128	-0.00182
3130	-0.02486
3132	-0.05261
3134	-0.08011
3136	-0.10508
3138	-0.13037
3140	-0.15496
3142	-0.17617
3144	-0.19721
3146	-0.21609
3148	-0.23542
3150	-0.25416
3152	-0.27161
3154	-0.28935
3156	-0.30065
3158	-0.30016
3160	-0.2929
3162	-0.28157
3164	-0.26917
3166	-0.25886
3168	-0.24943
3170	-0.24107
3172	-0.23351
3174	-0.22805
3176	-0.22269
3178	-0.21895
3180	-0.21505
3182	-0.21155
3184	-0.20819
3186	-0.20332
3188	-0.19945
3190	-0.19766
3192	-0.19632
3194	-0.19533
3196	-0.19329
3198	-0.1906
3200	-0.18977
3202	-0.18824
3204	-0.18614
3206	-0.18252
3208	-0.18129
3210	-0.18106
3212	-0.17904
3214	-0.17747
3216	-0.17574
3218	-0.17258
3220	-0.17007
3222	-0.16921
3224	-0.16722
3226	-0.16526
3228	-0.1647
3230	-0.16318
3232	-0.15909
3234	-0.15825
3236	-0.15698
3238	-0.15485
3240	-0.15251
3242	-0.15166
3244	-0.15012
3246	-0.14895
3248	-0.14866
3250	-0.14793
3252	-0.14802
3254	-0.14726
3256	-0.14572
3258	-0.14538
3260	-0.14467
3262	-0.14288
3264	-0.14056
3266	-0.13829
3268	-0.13726
3270	-0.13566
3272	-0.1336
3274	-0.13355
3276	-0.13144
3278	-0.13011
3280	-0.12846
3282	-0.12716
3284	-0.12464
3286	-0.12273
3288	-0.12165
3290	-0.12056
3292	-0.12077
3294	-0.1186
3296	-0.11797
3298	-0.11679
3300	-0.11767
3302	-0.1165
3304	-0.11573
3306	-0.11569
3308	-0.11559
3310	-0.11532
3312	-0.11392
3314	-0.1132
3316	-0.11302
3318	-0.1122
3320	-0.112
3322	-0.11235
3324	-0.11059
3326	-0.10845
3328	-0.10668
3330	-0.10539
3332	-0.10435
3334	-0.10227
3336	-0.10034
3338	-0.09922
3340	-0.09963
3342	-0.09889
3344	-0.09884
3346	-0.09866
3348	-0.09752
3350	-0.09623
3352	-0.09505
3354	-0.09373
3356	-0.09378
3358	-0.09396
3360	-0.09246
3362	-0.08974
3364	-0.08808
3366	-0.08866
3368	-0.08863
3370	-0.08772
3372	-0.08585
3374	-0.08505
3376	-0.0836
3378	-0.08325
3380	-0.0834
3382	-0.08433
3384	-0.08409
3386	-0.08214
3388	-0.08069
3390	-0.07869
3392	-0.07667
3394	-0.0749
3396	-0.07335
3398	-0.07288
3400	-0.07165
3402	-0.07221
3404	-0.07214
3406	-0.07218
3408	-0.07193
3410	-0.07119
3412	-0.07021
3414	-0.06885
3416	-0.06704
3418	-0.06704
3420	-0.06701
3422	-0.06687
3424	-0.06527
3426	-0.06459
3428	-0.0643
3430	-0.06301
3432	-0.06126
3434	-0.06145
3436	-0.06053
3438	-0.05928
3440	-0.06018
3442	-0.06179
3444	-0.0616
3446	-0.06007
3448	-0.06
3450	-0.06019
3452	-0.05857
3454	-0.05708
3456	-0.05617
3458	-0.05606
3460	-0.05595
3462	-0.05463
3464	-0.05361
3466	-0.0524
3468	-0.04987
3470	-0.04821
3472	-0.04777
3474	-0.04771
3476	-0.04666
3478	-0.04588
3480	-0.04689
3482	-0.04687
3484	-0.04635
3486	-0.04486
3488	-0.04354
3490	-0.04323
3492	-0.0439
3494	-0.04451
3496	-0.04441
3498	-0.04337
3500	-0.04258
3502	-0.04266
3504	-0.04167
3506	-0.04206
3508	-0.04028
3510	-0.03843
3512	-0.03942
3514	-0.03882
3516	-0.03884
3518	-0.03895
3520	-0.03821
3522	-0.03775
3524	-0.0367
3526	-0.03514
3528	-0.03491
3530	-0.034
3532	-0.03306
3534	-0.03161
3536	-0.03145
3538	-0.03006
3540	-0.02852
3542	-0.02804
3544	-0.02851
3546	-0.02811
3548	-0.02848
3550	-0.02958
3552	-0.02973
3554	-0.02836
3556	-0.02763
3558	-0.0276
3560	-0.02715
3562	-0.02638
3564	-0.02648
3566	-0.02768
3568	-0.02617
3570	-0.02593
3572	-0.02516
3574	-0.02413
3576	-0.02375
3578	-0.02248
3580	-0.02106
3582	-0.01955
3584	-0.0203
3586	-0.01982
3588	-0.02001
3590	-0.02053
3592	-0.02045
3594	-0.01973
3596	-0.01847
3598	-0.01798
3600	-0.01809
3602	-0.01742
3604	-0.01541
3606	-0.01464
3608	-0.01435
3610	-0.01342
3612	-0.01277
3614	-0.01261
3616	-0.01219
3618	-0.01195
3620	-0.01133
3622	-0.01068
3624	-0.00978
3626	-0.0091
3628	-0.00823
3630	-0.00599
3632	-0.00436
3634	-0.0021
3636	-0.00304
3638	-0.00686
3640	-0.01038
3642	-0.01052
3644	-0.00886
3646	-0.00857
3648	-0.00815
3650	-0.00782
3652	-0.00799
3654	-0.00604
3656	-0.00553
3658	-0.00449
3660	-0.00417
3662	-0.00395
3664	-0.00341
3666	-0.00322
3668	-0.00215
3670	-4.93048E-4
3672	-4.3095E-5
3674	-0.00205
3676	-0.00203
3678	-0.00138
3680	-0.00154
3682	-0.00145
3684	-0.00218
3686	-0.0029
3688	-0.00241
3690	-0.001
3692	-5.66566E-4
3694	-3.26131E-5
3696	-2.18048E-4
3698	-3.58873E-4
3700	-4.66979E-5
3702	-8.68523E-4
3704	-6.20347E-4
3706	3.82828E-4
3708	-4.27997E-4
3710	0.00103
3712	0.00284
3714	0.00283
3716	0.00319
3718	0.00235
3720	0.00203
3722	0.0027
3724	0.00319
3726	0.00249
3728	-0.0054
3730	-0.02386
3732	-0.04672
3734	-0.072
3736	-0.09644
3738	-0.11635
3740	-0.13563
3742	-0.15284
3744	-0.16736
3746	-0.18531
3748	-0.20143
3750	-0.21423
3752	-0.23056
3754	-0.24465
3756	-0.25274
3758	-0.25051
3760	-0.2408
3762	-0.22786
3764	-0.21713
3766	-0.20742
3768	-0.19931
3770	-0.19076
3772	-0.1835
3774	-0.17742
3776	-0.17397
3778	-0.1703
3780	-0.16431
3782	-0.16116
3784	-0.15788
3786	-0.15497
3788	-0.15435
3790	-0.15512
3792	-0.1561
3794	-0.15341
3796	-0.15128
3798	-0.14975
3800	-0.14883
3802	-0.14751
3804	-0.14601
3806	-0.1447
3808	-0.14282
3810	-0.1414
3812	-0.1415
3814	-0.1411
3816	-0.14062
3818	-0.13879
3820	-0.1375
3822	-0.137
3824	-0.13399
3826	-0.13298
3828	-0.13135
3830	-0.13062
3832	-0.12953
3834	-0.129
3836	-0.12773
3838	-0.12663
3840	-0.12551
3842	-0.12373
3844	-0.12145
3846	-0.12061
3848	-0.11966
3850	-0.11849
3852	-0.11748
3854	-0.11751
3856	-0.11761
3858	-0.11658
3860	-0.11491
3862	-0.11325
3864	-0.11249
3866	-0.11168
3868	-0.11077
3870	-0.11067
3872	-0.10943
3874	-0.10745
3876	-0.10689
3878	-0.10671
3880	-0.10655
3882	-0.10729
3884	-0.10421
3886	-0.10297
3888	-0.10388
3890	-0.10374
3892	-0.1024
3894	-0.10065
3896	-0.09935
3898	-0.09759
3900	-0.0972
3902	-0.09521
3904	-0.09382
3906	-0.09233
3908	-0.09213
3910	-0.09066
3912	-0.0905
3914	-0.09099
3916	-0.09142
3918	-0.08974
3920	-0.08914
3922	-0.08742
3924	-0.0865
3926	-0.08523
3928	-0.08531
3930	-0.08395
3932	-0.08371
3934	-0.08326
3936	-0.08215
3938	-0.08033
3940	-0.07984
3942	-0.07996
3944	-0.08058
3946	-0.08064
3948	-0.08032
3950	-0.07879
3952	-0.07672
3954	-0.0766
3956	-0.07535
3958	-0.07471
3960	-0.07442
3962	-0.07441
3964	-0.07285
3966	-0.07228
3968	-0.07237
3970	-0.07227
3972	-0.07282
3974	-0.07215
3976	-0.07026
3978	-0.06942
3980	-0.06969
3982	-0.0687
3984	-0.06702
3986	-0.06689
3988	-0.06504
3990	-0.06338
3992	-0.06421
3994	-0.06473
3996	-0.06457
3998	-0.06439
4000	-0.06409
4002	-0.06267
4004	-0.06047
4006	-0.05837
4008	-0.05925
4010	-0.05968
4012	-0.05755
4014	-0.05632
4016	-0.05628
4018	-0.05587
4020	-0.05536
4022	-0.05589
4024	-0.05498
4026	-0.05404
4028	-0.05155
4030	-0.05126
4032	-0.05166
4034	-0.05134
4036	-0.05037
4038	-0.05129
4040	-0.05069
4042	-0.05096
4044	-0.05062
4046	-0.04949
4048	-0.04891
4050	-0.04795
4052	-0.04747
4054	-0.04789
4056	-0.04796
4058	-0.04721
4060	-0.04632
4062	-0.04578
4064	-0.04494
4066	-0.04495
4068	-0.04279
4070	-0.04174
4072	-0.04154
4074	-0.04079
4076	-0.0401
4078	-0.03957
4080	-0.03907
4082	-0.03927
4084	-0.03934
4086	-0.03769
4088	-0.03648
4090	-0.03623
4092	-0.03627
4094	-0.03524
4096	-0.03431
4098	-0.03311
4100	-0.03254
4102	-0.03214
4104	-0.03086
4106	-0.03074
4108	-0.02923
4110	-0.02925
4112	-0.02938
4114	-0.03044
4116	-0.03215
4118	-0.03386
4120	-0.0342
4122	-0.03246
4124	-0.03132
4126	-0.03069
4128	-0.02997
4130	-0.02815
4132	-0.02816
4134	-0.02752
4136	-0.02711
4138	-0.02622
4140	-0.02696
4142	-0.02605
4144	-0.0256
4146	-0.02557
4148	-0.02413
4150	-0.02344
4152	-0.02331
4154	-0.02177
4156	-0.0208
4158	-0.01971
4160	-0.01958
4162	-0.01857
4164	-0.01716
4166	-0.01643
4168	-0.01582
4170	-0.0167
4172	-0.01626
4174	-0.01532
4176	-0.01524
4178	-0.01493
4180	-0.01299
4182	-0.01213
4184	-0.01126
4186	-0.01072
4188	-0.01076
4190	-0.01149
4192	-0.01165
4194	-0.01209
4196	-0.01165
4198	-0.01092
4200	-0.01035
4202	-0.01004
4204	-0.00951
4206	-0.01087
4208	-0.01048
4210	-0.01115
4212	-0.01226
4214	-0.01171
4216	-0.01037
4218	-0.00999
4220	-0.00998
4222	-0.01122
4224	-0.01178
4226	-0.01186
4228	-0.00964
4230	-0.00819
4232	-0.00726
4234	-0.0059
4236	-0.00633
4238	-0.00705
4240	-0.00789
4242	-0.00725
4244	-0.00747
4246	-0.01034
4248	-0.01076
4250	-0.0108
4252	-0.00966
4254	-0.00991
4256	-0.01003
4258	-0.0088
4260	-0.00974
4262	-0.00962
4264	-0.00844
4266	-0.00819
4268	-0.00784
4270	-0.00704
4272	-0.00557
4274	-0.00589
4276	-0.00655
4278	-0.0077
4280	-0.00612
4282	-0.00535
4284	-0.00339
4286	-0.00334
4288	-0.00284
4290	-0.00272
4292	-0.00137
4294	-0.00179
4296	-0.00166
4298	-0.00217
4300	-9.80189E-4
4302	-8.14878E-4
4304	-0.00142
4306	-0.00214
4308	-5.96945E-4
4310	-7.07634E-4
4312	-0.00121
4314	-0.00117
4316	-0.00134
4318	7.41611E-4
4320	7.13922E-4
4322	0.00184
4324	0.00235
4326	0.00305
4328	-0.00225
4330	-0.01936
4332	-0.03949
4334	-0.05998
4336	-0.07856
4338	-0.09755
4340	-0.11472
4342	-0.12809
4344	-0.14205
4346	-0.15636
4348	-0.16995
4350	-0.18191
4352	-0.19379
4354	-0.2058
4356	-0.2135
4358	-0.21012
4360	-0.2019
4362	-0.19226
4364	-0.18409
4366	-0.17528
4368	-0.16681
4370	-0.15959
4372	-0.15213
4374	-0.14733
4376	-0.1435
4378	-0.14035
4380	-0.13871
4382	-0.1376
4384	-0.13639
4386	-0.13422
4388	-0.13274
4390	-0.13052
4392	-0.12967
4394	-0.13016
4396	-0.12973
4398	-0.12898
4400	-0.12663
4402	-0.12476
4404	-0.12278
4406	-0.12243
4408	-0.12234
4410	-0.12154
4412	-0.11982
4414	-0.1194
4416	-0.11952
4418	-0.11729
4420	-0.1165
4422	-0.11608
4424	-0.11414
4426	-0.11268
4428	-0.11079
4430	-0.10999
4432	-0.10997
4434	-0.10896
4436	-0.10727
4438	-0.10633
4440	-0.10622
4442	-0.10681
4444	-0.10718
4446	-0.10625
4448	-0.10586
4450	-0.10618
4452	-0.10573
4454	-0.10328
4456	-0.10067
4458	-0.10087
4460	-0.1003
4462	-0.10085
4464	-0.10179
4466	-0.10152
4468	-0.1016
4470	-0.10067
4472	-0.10117
4474	-0.10148
4476	-0.0999
4478	-0.09893
4480	-0.09927
4482	-0.09906
4484	-0.09795
4486	-0.09602
4488	-0.0956
4490	-0.09501
4492	-0.09476
4494	-0.09357
4496	-0.09247
4498	-0.09159
4500	-0.09005
4502	-0.08889
4504	-0.08694
4506	-0.0868
4508	-0.08527
4510	-0.08482
4512	-0.08561
4514	-0.085
4516	-0.08285
4518	-0.08055
4520	-0.0783
4522	-0.07749
4524	-0.07822
4526	-0.07766
4528	-0.07748
4530	-0.07746
4532	-0.07749
4534	-0.07634
4536	-0.07566
4538	-0.0758
4540	-0.07503
4542	-0.07347
4544	-0.07209
4546	-0.07147
4548	-0.07074
4550	-0.06974
4552	-0.06962
4554	-0.07028
4556	-0.07007
4558	-0.0701
4560	-0.06836
4562	-0.06636
4564	-0.06549
4566	-0.06605
4568	-0.06426
4570	-0.06271
4572	-0.06217
4574	-0.06327
4576	-0.0626
4578	-0.06144
4580	-0.06165
4582	-0.06201
4584	-0.06116
4586	-0.05987
4588	-0.05987
4590	-0.05906
4592	-0.05741
4594	-0.05714
4596	-0.05722
4598	-0.05694
4600	-0.05659
4602	-0.05518
4604	-0.05321
4606	-0.05203
4608	-0.05305
4610	-0.05348
4612	-0.05348
4614	-0.05327
4616	-0.05316
4618	-0.05212
4620	-0.05161
4622	-0.05169
4624	-0.05159
4626	-0.05077
4628	-0.04972
4630	-0.04981
4632	-0.04988
4634	-0.04846
4636	-0.04718
4638	-0.04655
4640	-0.04583
4642	-0.0445
4644	-0.04377
4646	-0.044
4648	-0.0441
4650	-0.04561
4652	-0.04546
4654	-0.04583
4656	-0.04585
4658	-0.04473
4660	-0.04522
4662	-0.04601
4664	-0.04409
4666	-0.0424
4668	-0.04249
4670	-0.04253
4672	-0.04176
4674	-0.04232
4676	-0.04181
4678	-0.0401
4680	-0.03812
4682	-0.03843
4684	-0.03948
4686	-0.03874
4688	-0.03876
4690	-0.03869
4692	-0.03734
4694	-0.03743
4696	-0.03593
4698	-0.03425
4700	-0.03436
4702	-0.03443
4704	-0.03298
4706	-0.03201
4708	-0.03087
4710	-0.03136
4712	-0.03222
4714	-0.03247
4716	-0.03299
4718	-0.03384
4720	-0.03277
4722	-0.03118
4724	-0.03055
4726	-0.0294
4728	-0.02825
4730	-0.02872
4732	-0.02898
4734	-0.02886
4736	-0.02865
4738	-0.02719
4740	-0.02698
4742	-0.02806
4744	-0.02818
4746	-0.02669
4748	-0.02424
4750	-0.0239
4752	-0.02298
4754	-0.02136
4756	-0.0217
4758	-0.02192
4760	-0.02134
4762	-0.02083
4764	-0.01975
4766	-0.01912
4768	-0.01994
4770	-0.01973
4772	-0.01947
4774	-0.01924
4776	-0.01784
4778	-0.01804
4780	-0.01724
4782	-0.01608
4784	-0.01717
4786	-0.01714
4788	-0.01608
4790	-0.01572
4792	-0.01559
4794	-0.01516
4796	-0.0145
4798	-0.01471
4800	-0.01424
4802	-0.01349
4804	-0.01322
4806	-0.01183
4808	-0.01103
4810	-0.01132
4812	-0.01193
4814	-0.01193
4816	-0.01166
4818	-0.0116
4820	-0.0121
4822	-0.012
4824	-0.01062
4826	-0.00962
4828	-0.01012
4830	-0.0091
4832	-0.008
4834	-0.00826
4836	-0.00737
4838	-0.00633
4840	-0.0074
4842	-0.00638
4844	-0.00663
4846	-0.00761
4848	-0.00803
4850	-0.00746
4852	-0.00639
4854	-0.006
4856	-0.00593
4858	-0.00475
4860	-0.00402
4862	-0.00221
4864	-1.49548E-4
4866	-8.36176E-4
4868	-0.00196
4870	-0.00265
4872	-0.00191
4874	-2.6069E-4
4876	7.44682E-4
4878	4.22054E-4
4880	4.01615E-4
4882	-6.06471E-4
4884	-0.00131
4886	-0.00146
4888	-0.00109
4890	3.01188E-4
4892	5.58102E-4
4894	1.76017E-4
4896	-6.06858E-6
4898	-5.61154E-4
4900	-2.59239E-4
4902	6.21675E-4
4904	3.4059E-4
4906	0.00147
4908	0.00213
4910	0.00362
4912	0.00404
4914	0.00392
4916	0.00367
4918	0.00431
4920	0.00351
4922	0.00349
4924	0.00421
4926	0.00464
4928	0.00103
4930	-0.0136
4932	-0.03323
4934	-0.04983
4936	-0.06491
4938	-0.08133
4940	-0.09669
4942	-0.10892
4944	-0.12005
4946	-0.13165
4948	-0.14108
4950	-0.15172
4952	-0.16139
4954	-0.16945
4956	-0.17768
4958	-0.17701
4960	-0.16979
4962	-0.16082
4964	-0.15142
4966	-0.1438
4968	-0.13681
4970	-0.13225
4972	-0.12818
4974	-0.12357
4976	-0.12209
4978	-0.11979
4980	-0.11689
4982	-0.11579
4984	-0.11668
4986	-0.11617
4988	-0.11492
4990	-0.11243
4992	-0.11123
4994	-0.10985
4996	-0.11059
4998	-0.10966
5000	-0.10864
5002	-0.10837
5004	-0.10658
5006	-0.10429
5008	-0.10279
5010	-0.10178
5012	-0.10195
5014	-0.10257
5016	-0.10282
5018	-0.10185
5020	-0.10112
5022	-0.09871
5024	-0.09714
5026	-0.0978
5028	-0.09657
5030	-0.0961
5032	-0.09566
5034	-0.09496
5036	-0.09512
5038	-0.09347
5040	-0.09176
5042	-0.09081
5044	-0.08877
5046	-0.08823
5048	-0.08832
5050	-0.08753
5052	-0.08637
5054	-0.08668
5056	-0.08738
5058	-0.08767
5060	-0.08773
5062	-0.08498
5064	-0.08296
5066	-0.08204
5068	-0.08088
5070	-0.07944
5072	-0.07781
5074	-0.07806
5076	-0.07821
5078	-0.07825
5080	-0.07786
5082	-0.07779
5084	-0.07684
5086	-0.07451
5088	-0.07389
5090	-0.07418
5092	-0.07437
5094	-0.07497
5096	-0.07648
5098	-0.07843
5100	-0.07742
5102	-0.07566
5104	-0.07456
5106	-0.074
5108	-0.07387
5110	-0.07432
5112	-0.07387
5114	-0.07199
5116	-0.07124
5118	-0.06948
5120	-0.06957
5122	-0.06966
5124	-0.06895
5126	-0.06881
5128	-0.0689
5130	-0.06775
5132	-0.06668
5134	-0.06601
5136	-0.06598
5138	-0.06692
5140	-0.06641
5142	-0.06531
5144	-0.06598
5146	-0.06748
5148	-0.06689
5150	-0.06506
5152	-0.06376
5154	-0.06305
5156	-0.06114
5158	-0.05881
5160	-0.05808
5162	-0.05865
5164	-0.05862
5166	-0.05895
5168	-0.05913
5170	-0.05736
5172	-0.05658
5174	-0.05867
5176	-0.06062
5178	-0.06202
5180	-0.06229
5182	-0.06188
5184	-0.06325
5186	-0.06189
5188	-0.06046
5190	-0.0584
5192	-0.05637
5194	-0.05651
5196	-0.05589
5198	-0.05521
5200	-0.05596
5202	-0.05675
5204	-0.0562
5206	-0.05553
5208	-0.05316
5210	-0.05246
5212	-0.05148
5214	-0.05104
5216	-0.04988
5218	-0.04789
5220	-0.04862
5222	-0.04867
5224	-0.04777
5226	-0.04648
5228	-0.04568
5230	-0.0458
5232	-0.04619
5234	-0.04586
5236	-0.04516
5238	-0.04454
5240	-0.04396
5242	-0.04349
5244	-0.04424
5246	-0.0428
5248	-0.04323
5250	-0.04302
5252	-0.04174
5254	-0.03814
5256	-0.03611
5258	-0.03674
5260	-0.03798
5262	-0.03857
5264	-0.03958
5266	-0.03989
5268	-0.03911
5270	-0.03929
5272	-0.03951
5274	-0.0385
5276	-0.03845
5278	-0.03851
5280	-0.03803
5282	-0.03744
5284	-0.03752
5286	-0.038
5288	-0.03691
5290	-0.03485
5292	-0.03363
5294	-0.03318
5296	-0.03298
5298	-0.03253
5300	-0.0326
5302	-0.0311
5304	-0.03098
5306	-0.03286
5308	-0.03321
5310	-0.0331
5312	-0.03234
5314	-0.032
5316	-0.03019
5318	-0.02962
5320	-0.02898
5322	-0.02898
5324	-0.02889
5326	-0.02756
5328	-0.02738
5330	-0.02789
5332	-0.02751
5334	-0.02582
5336	-0.02534
5338	-0.02797
5340	-0.02762
5342	-0.02712
5344	-0.02621
5346	-0.02548
5348	-0.02357
5350	-0.02384
5352	-0.0252
5354	-0.02563
5356	-0.02702
5358	-0.02569
5360	-0.02508
5362	-0.02324
5364	-0.02373
5366	-0.02349
5368	-0.02212
5370	-0.02238
5372	-0.02236
5374	-0.02131
5376	-0.02008
5378	-0.01971
5380	-0.01969
5382	-0.01892
5384	-0.02021
5386	-0.0208
5388	-0.01999
5390	-0.0196
5392	-0.01981
5394	-0.01938
5396	-0.01836
5398	-0.01662
5400	-0.01549
5402	-0.01575
5404	-0.01543
5406	-0.01619
5408	-0.01607
5410	-0.01411
5412	-0.01474
5414	-0.01509
5416	-0.01382
5418	-0.01331
5420	-0.0121
5422	-0.01149
5424	-0.01218
5426	-0.01211
5428	-0.01211
5430	-0.01171
5432	-0.01102
5434	-0.01068
5436	-0.01046
5438	-0.01112
5440	-0.01142
5442	-0.01098
5444	-0.00989
5446	-0.01078
5448	-0.00936
5450	-0.00619
5452	-0.00506
5454	-0.00625
5456	-0.00628
5458	-0.00541
5460	-0.005
5462	-0.00703
5464	-0.00557
5466	-0.00391
5468	-0.00231
5470	-0.00128
5472	-0.00171
5474	-0.00169
5476	-5.56744E-4
5478	-9.49558E-4
5480	-9.54371E-4
5482	-2.96185E-4
5484	-8.38999E-4
5486	-0.00173
5488	-5.60626E-4
5490	-6.44E-6
5492	-4.18254E-4
5494	-9.40067E-4
5496	-1.14881E-4
5498	-0.00158
5500	-0.00132
5502	-3.16322E-4
5504	0.00111
5506	9.0805E-4
5508	-7.49285E-4
5510	-0.00146
5512	-0.00236
5514	-0.0029
5516	-0.00281
5518	-0.00152
5520	-2.9004E-4
5522	-0.00117
5524	-6.90292E-4
5526	-7.26418E-4
5528	-0.00489
5530	-0.0165
5532	-0.03194
5534	-0.04663
5536	-0.05889
5538	-0.07068
5540	-0.08304
5542	-0.09354
5544	-0.10403
5546	-0.11418
5548	-0.12332
5550	-0.13172
5552	-0.13871
5554	-0.14677
5556	-0.15361
5558	-0.15249
5560	-0.14503
5562	-0.13771
5564	-0.13065
5566	-0.12294
5568	-0.11547
5570	-0.11019
5572	-0.10845
5574	-0.10648
5576	-0.10345
5578	-0.09973
5580	-0.09848
5582	-0.09759
5584	-0.09673
5586	-0.09669
5588	-0.09658
5590	-0.09525
5592	-0.09429
5594	-0.09503
5596	-0.09519
5598	-0.09561
5600	-0.09439
5602	-0.09344
5604	-0.0938
5606	-0.09296
5608	-0.09084
5610	-0.09073
5612	-0.09104
5614	-0.09065
5616	-0.09075
5618	-0.08977
5620	-0.09067
5622	-0.09155
5624	-0.09148
5626	-0.09043
5628	-0.08871
5630	-0.08774
5632	-0.08661
5634	-0.08579
5636	-0.0871
5638	-0.0856
5640	-0.08368
5642	-0.08236
5644	-0.08236
5646	-0.08135
5648	-0.0815
5650	-0.08029
5652	-0.08095
5654	-0.08285
5656	-0.08289
5658	-0.08081
5660	-0.0794
5662	-0.08032
5664	-0.07944
5666	-0.07896
5668	-0.07936
5670	-0.0792
5672	-0.07863
5674	-0.07765
5676	-0.07778
5678	-0.07611
5680	-0.07578
5682	-0.07532
5684	-0.07427
5686	-0.07239
5688	-0.07225
5690	-0.07303
5692	-0.07287
5694	-0.07201
5696	-0.07095
5698	-0.06852
5700	-0.06749
5702	-0.06792
5704	-0.06753
5706	-0.06565
5708	-0.06518
5710	-0.06476
5712	-0.0647
5714	-0.06478
5716	-0.065
5718	-0.06417
5720	-0.06495
5722	-0.06597
5724	-0.06502
5726	-0.06474
5728	-0.06374
5730	-0.06277
5732	-0.06291
5734	-0.06235
5736	-0.06069
5738	-0.06106
5740	-0.06142
5742	-0.05982
5744	-0.06013
5746	-0.06079
5748	-0.05994
5750	-0.05955
5752	-0.05716
5754	-0.05563
5756	-0.05441
5758	-0.05441
5760	-0.05502
5762	-0.05473
5764	-0.05377
5766	-0.05269
5768	-0.05229
5770	-0.05294
5772	-0.05189
5774	-0.05056
5776	-0.0497
5778	-0.04944
5780	-0.04909
5782	-0.04903
5784	-0.04877
5786	-0.05033
5788	-0.04981
5790	-0.04972
5792	-0.04895
5794	-0.04821
5796	-0.04919
5798	-0.04862
5800	-0.04947
5802	-0.04995
5804	-0.04989
5806	-0.04921
5808	-0.04775
5810	-0.04758
5812	-0.04676
5814	-0.04482
5816	-0.04579
5818	-0.04602
5820	-0.0451
5822	-0.04413
5824	-0.0425
5826	-0.04143
5828	-0.04076
5830	-0.04055
5832	-0.04123
5834	-0.04157
5836	-0.03945
5838	-0.03809
5840	-0.03899
5842	-0.03806
5844	-0.03754
5846	-0.03775
5848	-0.03691
5850	-0.03655
5852	-0.03657
5854	-0.03628
5856	-0.03554
5858	-0.03621
5860	-0.03522
5862	-0.03324
5864	-0.033
5866	-0.03308
5868	-0.03415
5870	-0.03393
5872	-0.03247
5874	-0.03222
5876	-0.03186
5878	-0.03244
5880	-0.03191
5882	-0.03281
5884	-0.03219
5886	-0.03135
5888	-0.0315
5890	-0.03239
5892	-0.03331
5894	-0.03082
5896	-0.03092
5898	-0.03144
5900	-0.02974
5902	-0.02767
5904	-0.02598
5906	-0.02528
5908	-0.0256
5910	-0.02549
5912	-0.02575
5914	-0.02582
5916	-0.02509
5918	-0.0244
5920	-0.02398
5922	-0.02291
5924	-0.02404
5926	-0.02517
5928	-0.02418
5930	-0.02296
5932	-0.02414
5934	-0.02474
5936	-0.02337
5938	-0.01991
5940	-0.02007
5942	-0.02062
5944	-0.01959
5946	-0.01961
5948	-0.01692
5950	-0.01517
5952	-0.01592
5954	-0.01576
5956	-0.01612
5958	-0.01801
5960	-0.01809
5962	-0.01711
5964	-0.01745
5966	-0.01694
5968	-0.01739
5970	-0.01758
5972	-0.01651
5974	-0.01638
5976	-0.01576
5978	-0.01641
5980	-0.01723
5982	-0.01658
5984	-0.0149
5986	-0.01393
5988	-0.01326
5990	-0.01349
5992	-0.01178
5994	-0.01038
5996	-0.0096
5998	-0.01095
6000	-0.01095
6002	-0.01073
6004	-0.0129
6006	-0.01286
6008	-0.0111
6010	-0.01036
6012	-0.01107
6014	-0.0119
6016	-0.01091
6018	-0.0104
6020	-0.00964
6022	-0.00961
6024	-0.00981
6026	-0.00862
6028	-0.00821
6030	-0.00846
6032	-0.00797
6034	-0.00737
6036	-0.00667
6038	-0.00669
6040	-0.00765
6042	-0.00845
6044	-0.00636
6046	-0.00449
6048	-0.004
6050	-0.0033
6052	-0.00365
6054	-0.00408
6056	-0.00306
6058	-0.00241
6060	-0.0028
6062	-0.00162
6064	-0.00131
6066	-0.00106
6068	-0.00143
6070	-0.00173
6072	-0.0011
6074	-2.82985E-4
6076	-0.00146
6078	-0.00192
6080	-0.00272
6082	-0.00292
6084	-0.00181
6086	-0.00174
6088	-0.00338
6090	-0.00394
6092	-0.00367
6094	-0.00236
6096	-0.00249
6098	-0.00281
6100	-0.0025
6102	-0.00262
6104	-0.00176
6106	4.03331E-4
6108	0.00119
6110	0.00147
6112	0.00199
6114	0.00265
6116	0.00283
6118	0.00224
6120	9.14781E-4
6122	1.56988E-4
6124	1.50196E-4
6126	0.00159
6128	9.0561E-4
6130	-0.00716
6132	-0.02115
6134	-0.03614
6136	-0.04957
6138	-0.06183
6140	-0.07099
6142	-0.08076
6144	-0.08708
6146	-0.09184
6148	-0.09894
6150	-0.10638
6152	-0.11456
6154	-0.12305
6156	-0.13027
6158	-0.12985
6160	-0.12636
6162	-0.12142
6164	-0.11643
6166	-0.10987
6168	-0.1043
6170	-0.10111
6172	-0.0999
6174	-0.09701
6176	-0.09496
6178	-0.09397
6180	-0.09264
6182	-0.09225
6184	-0.09209
6186	-0.09367
6188	-0.09514
6190	-0.09439
6192	-0.09388
6194	-0.09413
6196	-0.09397
6198	-0.09484
6200	-0.09392
6202	-0.09332
6204	-0.09347
6206	-0.09278
6208	-0.09279
6210	-0.09191
6212	-0.09183
6214	-0.09067
6216	-0.09056
6218	-0.09045
6220	-0.09143
6222	-0.09259
6224	-0.09119
6226	-0.09011
6228	-0.08987
6230	-0.08759
6232	-0.08665
6234	-0.086
6236	-0.08362
6238	-0.08242
6240	-0.08161
6242	-0.08166
6244	-0.07978
6246	-0.07883
6248	-0.07843
6250	-0.07915
6252	-0.07817
6254	-0.07731
6256	-0.07713
6258	-0.0763
6260	-0.07555
6262	-0.07558
6264	-0.07487
6266	-0.07321
6268	-0.07384
6270	-0.07383
6272	-0.07438
6274	-0.07301
6276	-0.07204
6278	-0.07085
6280	-0.07063
6282	-0.07066
6284	-0.0694
6286	-0.06772
6288	-0.06754
6290	-0.067
6292	-0.06625
6294	-0.06657
6296	-0.06638
6298	-0.06668
6300	-0.06595
6302	-0.06505
6304	-0.06382
6306	-0.06319
6308	-0.06236
6310	-0.06122
6312	-0.06099
6314	-0.06195
6316	-0.06009
6318	-0.05936
6320	-0.05934
6322	-0.05798
6324	-0.05646
6326	-0.05607
6328	-0.05547
6330	-0.05673
6332	-0.05851
6334	-0.05815
6336	-0.05834
6338	-0.05875
6340	-0.05722
6342	-0.05812
6344	-0.05794
6346	-0.05798
6348	-0.05832
6350	-0.05814
6352	-0.05779
6354	-0.05779
6356	-0.05665
6358	-0.05509
6360	-0.05453
6362	-0.05418
6364	-0.05482
6366	-0.05313
6368	-0.05145
6370	-0.05172
6372	-0.05107
6374	-0.0488
6376	-0.0473
6378	-0.04753
6380	-0.04808
6382	-0.04597
6384	-0.0449
6386	-0.04433
6388	-0.0451
6390	-0.04488
6392	-0.04442
6394	-0.04288
6396	-0.0433
6398	-0.04313
6400	-0.04201
6402	-0.04233
6404	-0.04203
6406	-0.04138
6408	-0.04122
6410	-0.04094
6412	-0.04026
6414	-0.04162
6416	-0.04407
6418	-0.0446
6420	-0.04455
6422	-0.04342
6424	-0.0435
6426	-0.04297
6428	-0.04099
6430	-0.03966
6432	-0.03989
6434	-0.04004
6436	-0.04014
6438	-0.04071
6440	-0.03969
6442	-0.03886
6444	-0.03776
6446	-0.03606
6448	-0.03587
6450	-0.03493
6452	-0.03409
6454	-0.03492
6456	-0.03373
6458	-0.03333
6460	-0.03168
6462	-0.03112
6464	-0.03054
6466	-0.02897
6468	-0.02767
6470	-0.02776
6472	-0.02679
6474	-0.02522
6476	-0.02579
6478	-0.02592
6480	-0.0263
6482	-0.0265
6484	-0.02426
6486	-0.02259
6488	-0.02277
6490	-0.02349
6492	-0.02404
6494	-0.02447
6496	-0.02444
6498	-0.02496
6500	-0.02423
6502	-0.02551
6504	-0.02577
6506	-0.02662
6508	-0.0273
6510	-0.02703
6512	-0.02729
6514	-0.0273
6516	-0.02665
6518	-0.02666
6520	-0.02574
6522	-0.02502
6524	-0.02423
6526	-0.02273
6528	-0.02185
6530	-0.02099
6532	-0.01887
6534	-0.01859
6536	-0.01761
6538	-0.01785
6540	-0.0181
6542	-0.01745
6544	-0.0157
6546	-0.01514
6548	-0.01522
6550	-0.01396
6552	-0.01315
6554	-0.01255
6556	-0.0113
6558	-0.01024
6560	-0.01158
6562	-0.01301
6564	-0.01352
6566	-0.01257
6568	-0.01172
6570	-0.01205
6572	-0.01184
6574	-0.0103
6576	-0.01044
6578	-0.01048
6580	-0.00884
6582	-0.00749
6584	-0.00652
6586	-0.00638
6588	-0.00591
6590	-0.00661
6592	-0.00672
6594	-0.007
6596	-0.00699
6598	-0.00671
6600	-0.00725
6602	-0.00767
6604	-0.00708
6606	-0.00596
6608	-0.00628
6610	-0.00534
6612	-0.00497
6614	-0.0041
6616	-0.00463
6618	-0.00511
6620	-0.00439
6622	-0.00362
6624	-0.00268
6626	-0.00194
6628	-0.00218
6630	-0.002
6632	-0.00168
6634	-0.00224
6636	-0.00205
6638	-0.00203
6640	-0.00207
6642	-0.00217
6644	-0.00201
6646	-2.70521E-4
6648	3.48466E-4
6650	8.78453E-4
6652	7.00441E-4
6654	-5.99572E-4
6656	-0.00125
6658	-0.00167
6660	-0.00168
6662	-0.00117
6664	-0.00115
6666	-0.00133
6668	-0.00119
6670	-2.36737E-5
6672	0.00124
6674	0.00119
6676	9.37288E-4
6678	0.00212
6680	0.0036
6682	0.00271
6684	0.00126
6686	8.08225E-4
6688	4.56212E-4
6690	-9.18801E-4
6692	-0.00182
6694	-3.92444E-4
6696	7.1126E-4
6698	0.00211
6700	0.00403
6702	0.00398
6704	0.00353
6706	0.00325
6708	0.0035
6710	0.0029
6712	0.00242
6714	0.0042
6716	0.0067
6718	0.00506
6720	0.00388
6722	0.00214
6724	0.00303
6726	0.00422
6728	0.00358
6730	-0.00364
6732	-0.01577
6734	-0.0268
6736	-0.03486
6738	-0.04458
6740	-0.05386
6742	-0.06207
6744	-0.06983
6746	-0.0772
6748	-0.08359
6750	-0.0891
6752	-0.0959
6754	-0.10181
6756	-0.10652
6758	-0.10863
6760	-0.10599
6762	-0.10001
6764	-0.09631
6766	-0.09185
6768	-0.08959
6770	-0.08745
6772	-0.08563
6774	-0.08681
6776	-0.08665
6778	-0.08586
6780	-0.08505
6782	-0.08602
6784	-0.08623
6786	-0.08743
6788	-0.08825
6790	-0.0866
6792	-0.08516
6794	-0.08545
6796	-0.08714
6798	-0.08772
6800	-0.0872
6802	-0.0881
6804	-0.08786
6806	-0.08775
6808	-0.08764
6810	-0.08731
6812	-0.08672
6814	-0.08643
6816	-0.08725
6818	-0.08637
6820	-0.08585
6822	-0.08411
6824	-0.08322
6826	-0.08333
6828	-0.08355
6830	-0.08326
6832	-0.08262
6834	-0.08245
6836	-0.08121
6838	-0.08026
6840	-0.07901
6842	-0.07669
6844	-0.07643
6846	-0.07704
6848	-0.07638
6850	-0.07612
6852	-0.07574
6854	-0.07654
6856	-0.07653
6858	-0.07664
6860	-0.07675
6862	-0.07732
6864	-0.07755
6866	-0.07652
6868	-0.07611
6870	-0.0749
6872	-0.0741
6874	-0.07354
6876	-0.0736
6878	-0.07383
6880	-0.07272
6882	-0.07068
6884	-0.07135
6886	-0.07029
6888	-0.06929
6890	-0.06996
6892	-0.06915
6894	-0.06847
6896	-0.06935
6898	-0.06895
6900	-0.06893
6902	-0.06937
6904	-0.06894
6906	-0.06845
6908	-0.06753
6910	-0.0659
6912	-0.0659
6914	-0.06624
6916	-0.0648
6918	-0.06442
6920	-0.06395
6922	-0.06458
6924	-0.06452
6926	-0.06452
6928	-0.06465
6930	-0.0625
6932	-0.06098
6934	-0.05983
6936	-0.05829
6938	-0.05776
6940	-0.05692
6942	-0.05677
6944	-0.05704
6946	-0.05651
6948	-0.05509
6950	-0.05426
6952	-0.05476
6954	-0.05457
6956	-0.05438
6958	-0.05487
6960	-0.05459
6962	-0.05375
6964	-0.05271
6966	-0.05312
6968	-0.05383
6970	-0.05266
6972	-0.05078
6974	-0.04993
6976	-0.04922
6978	-0.05092
6980	-0.04958
6982	-0.04928
6984	-0.04899
6986	-0.04763
6988	-0.04669
6990	-0.04568
6992	-0.04498
6994	-0.04372
6996	-0.04151
6998	-0.04225
7000	-0.04241
7002	-0.04266
7004	-0.04378
7006	-0.04424
7008	-0.04376
7010	-0.04318
7012	-0.04293
7014	-0.04269
7016	-0.04203
7018	-0.0419
7020	-0.04243
7022	-0.04199
7024	-0.04115
7026	-0.0421
7028	-0.04232
7030	-0.04123
7032	-0.04074
7034	-0.0404
7036	-0.03871
7038	-0.03896
7040	-0.03819
7042	-0.03699
7044	-0.03706
7046	-0.0374
7048	-0.03815
7050	-0.03791
7052	-0.03715
7054	-0.03596
7056	-0.03534
7058	-0.03503
7060	-0.03542
7062	-0.03361
7064	-0.0333
7066	-0.03439
7068	-0.03401
7070	-0.03231
7072	-0.03211
7074	-0.03063
7076	-0.03076
7078	-0.03067
7080	-0.03179
7082	-0.03095
7084	-0.03039
7086	-0.0301
7088	-0.02996
7090	-0.02934
7092	-0.02993
7094	-0.02973
7096	-0.0286
7098	-0.0291
7100	-0.02907
7102	-0.02981
7104	-0.02861
7106	-0.02772
7108	-0.02833
7110	-0.02868
7112	-0.02711
7114	-0.0262
7116	-0.02596
7118	-0.0269
7120	-0.02805
7122	-0.0286
7124	-0.02836
7126	-0.02756
7128	-0.02686
7130	-0.02577
7132	-0.02358
7134	-0.02248
7136	-0.02162
7138	-0.02203
7140	-0.0229
7142	-0.0228
7144	-0.02192
7146	-0.02289
7148	-0.02122
7150	-0.01926
7152	-0.02029
7154	-0.02131
7156	-0.0208
7158	-0.02026
7160	-0.01978
7162	-0.01958
7164	-0.0187
7166	-0.01874
7168	-0.01951
7170	-0.01973
7172	-0.01809
7174	-0.01671
7176	-0.01707
7178	-0.01739
7180	-0.01653
7182	-0.01571
7184	-0.01483
7186	-0.01453
7188	-0.01461
7190	-0.01462
7192	-0.0144
7194	-0.014
7196	-0.01484
7198	-0.01545
7200	-0.01494
7202	-0.01428
7204	-0.01362
7206	-0.0135
7208	-0.01269
7210	-0.0121
7212	-0.01112
7214	-0.01129
7216	-0.01158
7218	-0.01104
7220	-0.01043
7222	-0.00887
7224	-0.0076
7226	-0.00707
7228	-0.00704
7230	-0.00706
7232	-0.00556
7234	-0.00566
7236	-0.00526
7238	-0.00387
7240	-0.00288
7242	-0.00327
7244	-0.00486
7246	-0.00561
7248	-0.0042
7250	-0.0053
7252	-0.00565
7254	-0.00626
7256	-0.00672
7258	-0.00559
7260	-0.00427
7262	-0.00485
7264	-0.00434
7266	-0.00316
7268	-0.00268
7270	-0.00156
7272	-2.3792E-4
7274	-5.43048E-4
7276	-0.00138
7278	-0.00108
7280	-2.45431E-4
7282	-4.22558E-4
7284	-8.75686E-4
7286	-0.00129
7288	-0.00141
7290	-9.85068E-4
7292	-8.90196E-4
7294	-5.94324E-4
7296	-6.16451E-4
7298	-2.13579E-4
7300	6.98294E-4
7302	0.0011
7304	8.23038E-4
7306	3.42911E-4
7308	1.42783E-4
7310	1.46557E-5
7312	-1.13472E-4
7314	-0.00129
7316	-4.10727E-4
7318	0.00191
7320	0.00334
7322	0.0028
7324	0.00435
7326	0.00509
7328	0.00279
7330	-0.00337
7332	-0.01383
7334	-0.02409
7336	-0.03444
7338	-0.04118
7340	-0.04827
7342	-0.05522
7344	-0.05846
7346	-0.0625
7348	-0.06847
7350	-0.0749
7352	-0.07812
7354	-0.08447
7356	-0.08909
7358	-0.09163
7360	-0.0904
7362	-0.08886
7364	-0.086
7366	-0.08413
7368	-0.08252
7370	-0.08062
7372	-0.07661
7374	-0.07525
7376	-0.07524
7378	-0.07615
7380	-0.07775
7382	-0.07857
7384	-0.0795
7386	-0.08134
7388	-0.08181
7390	-0.08043
7392	-0.08046
7394	-0.08077
7396	-0.08056
7398	-0.08061
7400	-0.08008
7402	-0.08012
7404	-0.0803
7406	-0.08123
7408	-0.08239
7410	-0.08139
7412	-0.0801
7414	-0.08017
7416	-0.08082
7418	-0.08052
7420	-0.0798
7422	-0.08037
7424	-0.07955
7426	-0.08038
7428	-0.08051
7430	-0.08046
7432	-0.08121
7434	-0.07926
7436	-0.07775
7438	-0.07615
7440	-0.07461
7442	-0.07582
7444	-0.07654
7446	-0.0758
7448	-0.07518
7450	-0.07543
7452	-0.07523
7454	-0.07378
7456	-0.07265
7458	-0.07263
7460	-0.07278
7462	-0.07238
7464	-0.0729
7466	-0.07269
7468	-0.07161
7470	-0.07044
7472	-0.06872
7474	-0.06848
7476	-0.06727
7478	-0.0664
7480	-0.06498
7482	-0.0646
7484	-0.06288
7486	-0.0617
7488	-0.06292
7490	-0.06461
7492	-0.06299
7494	-0.0639
7496	-0.06418
7498	-0.06366
7500	-0.06524
7502	-0.06578
7504	-0.06635
7506	-0.06577
7508	-0.06573
7510	-0.06505
7512	-0.06537
7514	-0.06524
7516	-0.06381
7518	-0.065
7520	-0.06422
7522	-0.0628
7524	-0.06187
7526	-0.06071
7528	-0.06015
7530	-0.06031
7532	-0.05902
7534	-0.05896
7536	-0.05736
7538	-0.05454
7540	-0.05513
7542	-0.055
7544	-0.05531
7546	-0.05443
7548	-0.05271
7550	-0.05183
7552	-0.05095
7554	-0.05172
7556	-0.05104
7558	-0.0502
7560	-0.05031
7562	-0.05076
7564	-0.05211
7566	-0.05394
7568	-0.05227
7570	-0.05207
7572	-0.05187
7574	-0.05119
7576	-0.05149
7578	-0.05162
7580	-0.05015
7582	-0.04916
7584	-0.04917
7586	-0.04882
7588	-0.04862
7590	-0.04879
7592	-0.04717
7594	-0.04687
7596	-0.04639
7598	-0.0482
7600	-0.04858
7602	-0.04898
7604	-0.04821
7606	-0.04763
7608	-0.04734
7610	-0.04629
7612	-0.0458
7614	-0.04407
7616	-0.04375
7618	-0.04341
7620	-0.04146
7622	-0.04202
7624	-0.04137
7626	-0.04186
7628	-0.0415
7630	-0.0401
7632	-0.03914
7634	-0.0393
7636	-0.03751
7638	-0.03569
7640	-0.03637
7642	-0.03786
7644	-0.03835
7646	-0.03778
7648	-0.03767
7650	-0.03752
7652	-0.03765
7654	-0.03772
7656	-0.0389
7658	-0.03795
7660	-0.03535
7662	-0.03436
7664	-0.03492
7666	-0.0344
7668	-0.03371
7670	-0.03282
7672	-0.03241
7674	-0.03355
7676	-0.03309
7678	-0.03133
7680	-0.03228
7682	-0.03161
7684	-0.03236
7686	-0.03195
7688	-0.03086
7690	-0.0299
7692	-0.03092
7694	-0.03068
7696	-0.02914
7698	-0.03077
7700	-0.03161
7702	-0.03036
7704	-0.02957
7706	-0.02889
7708	-0.02923
7710	-0.02902
7712	-0.02849
7714	-0.0291
7716	-0.02902
7718	-0.02879
7720	-0.02832
7722	-0.02834
7724	-0.02781
7726	-0.02758
7728	-0.02775
7730	-0.02714
7732	-0.02464
7734	-0.02247
7736	-0.02217
7738	-0.022
7740	-0.02323
7742	-0.02445
7744	-0.0236
7746	-0.0234
7748	-0.02192
7750	-0.02097
7752	-0.01885
7754	-0.01952
7756	-0.01972
7758	-0.02067
7760	-0.02061
7762	-0.01864
7764	-0.01904
7766	-0.01837
7768	-0.0164
7770	-0.01564
7772	-0.0184
7774	-0.0195
7776	-0.02068
7778	-0.02012
7780	-0.01965
7782	-0.01862
7784	-0.01699
7786	-0.01644
7788	-0.01713
7790	-0.01808
7792	-0.01668
7794	-0.01575
7796	-0.01582
7798	-0.01566
7800	-0.01473
7802	-0.01415
7804	-0.0128
7806	-0.01235
7808	-0.01248
7810	-0.01179
7812	-0.01115
7814	-0.01142
7816	-0.01041
7818	-0.00938
7820	-0.00834
7822	-0.00758
7824	-0.00846
7826	-0.00897
7828	-0.01003
7830	-0.01098
7832	-0.01178
7834	-0.01155
7836	-0.01105
7838	-0.01142
7840	-0.01145
7842	-0.0124
7844	-0.01253
7846	-0.01185
7848	-0.01121
7850	-0.01131
7852	-0.01087
7854	-0.01135
7856	-0.01034
7858	-0.00836
7860	-0.00809
7862	-0.00789
7864	-0.00683
7866	-0.00742
7868	-0.00683
7870	-0.0048
7872	-0.00275
7874	-6.75624E-4
7876	0.00126
7878	2.29674E-4
7880	8.71832E-4
7882	2.79893E-5
7884	7.03147E-4
7886	-1.65696E-4
7888	-4.91538E-4
7890	6.61619E-4
7892	3.47777E-4
7894	-5.07066E-4
7896	-0.00156
7898	-0.00203
7900	-0.00261
7902	-0.00191
7904	-0.00102
7906	-2.02121E-4
7908	-0.00143
7910	-0.00391
7912	-0.00336
7914	-0.0023
7916	-8.82334E-4
7918	-5.13177E-4
7920	8.00981E-4
7922	0.00189
7924	0.00157
7926	0.00193
7928	0.00173
7930	-0.00416
7932	-0.01146
7934	-0.01795
7936	-0.02499
7938	-0.03089
7940	-0.03543
7942	-0.04095
7944	-0.04568
7946	-0.04927
7948	-0.05147
7950	-0.05633
7952	-0.06147
7954	-0.06735
7956	-0.07272
7958	-0.07345
7960	-0.07339
7962	-0.0718
7964	-0.07019
7966	-0.06906
7968	-0.06932
7970	-0.0672
7972	-0.06533
7974	-0.0649
7976	-0.0675
7978	-0.06827
7980	-0.0691
7982	-0.07013
7984	-0.07143
7986	-0.0741
7988	-0.07488
7990	-0.07649
7992	-0.07646
7994	-0.07579
7996	-0.07546
7998	-0.07603
8000	-0.07682
8002	-0.07504
8004	-0.07293
8006	-0.07386
8008	-0.07496
8010	-0.07547
8012	-0.07507
8014	-0.07605
8016	-0.07475
8018	-0.07452
8020	-0.07604
8022	-0.07551
8024	-0.07466
8026	-0.07291
8028	-0.07204
8030	-0.07314
8032	-0.07217
8034	-0.07129
8036	-0.07002
8038	-0.06873
8040	-0.06927
8042	-0.07066
8044	-0.07053
8046	-0.07114
8048	-0.07042
8050	-0.06887
8052	-0.06791
8054	-0.06883
8056	-0.0688
8058	-0.0681
8060	-0.06914
8062	-0.06951
8064	-0.06897
8066	-0.06854
8068	-0.06802
8070	-0.06719
8072	-0.06587
8074	-0.0653
8076	-0.06458
8078	-0.06549
8080	-0.06516
8082	-0.06412
8084	-0.06393
8086	-0.06306
8088	-0.06061
8090	-0.05928
8092	-0.05933
8094	-0.06029
8096	-0.06193
8098	-0.06196
8100	-0.06005
8102	-0.06054
8104	-0.0598
8106	-0.05797
8108	-0.05751
8110	-0.05742
8112	-0.05782
8114	-0.05935
8116	-0.05786
8118	-0.05648
8120	-0.05647
8122	-0.05601
8124	-0.05564
8126	-0.05541
8128	-0.05538
8130	-0.05417
8132	-0.05414
8134	-0.0543
8136	-0.05443
8138	-0.05406
8140	-0.05499
8142	-0.05465
8144	-0.05293
8146	-0.05208
8148	-0.05174
8150	-0.05221
8152	-0.05209
8154	-0.05033
8156	-0.04991
8158	-0.05184
8160	-0.05177
8162	-0.05038
8164	-0.04947
8166	-0.04896
8168	-0.04745
8170	-0.04729
8172	-0.04597
8174	-0.04598
8176	-0.04558
8178	-0.04492
8180	-0.04466
8182	-0.0442
8184	-0.04375
8186	-0.04461
8188	-0.04496
8190	-0.04341
8192	-0.04313
8194	-0.04331
8196	-0.04277
8198	-0.04343
8200	-0.04229
8202	-0.04231
8204	-0.04324
8206	-0.04232
8208	-0.04105
8210	-0.04055
8212	-0.03951
8214	-0.03866
8216	-0.03875
8218	-0.03933
8220	-0.0394
8222	-0.03845
8224	-0.03748
8226	-0.03563
8228	-0.03427
8230	-0.03367
8232	-0.03364
8234	-0.03217
8236	-0.03203
8238	-0.03265
8240	-0.03253
8242	-0.03222
8244	-0.03224
8246	-0.03286
8248	-0.03161
8250	-0.02974
8252	-0.03027
8254	-0.03182
8256	-0.03313
8258	-0.03138
8260	-0.02965
8262	-0.0295
8264	-0.02914
8266	-0.02972
8268	-0.02886
8270	-0.02846
8272	-0.02784
8274	-0.02817
8276	-0.02971
8278	-0.02861
8280	-0.02815
8282	-0.02865
8284	-0.02932
8286	-0.02888
8288	-0.02856
8290	-0.02776
8292	-0.02881
8294	-0.02927
8296	-0.02871
8298	-0.0268
8300	-0.0262
8302	-0.02664
8304	-0.02618
8306	-0.02623
8308	-0.02658
8310	-0.0263
8312	-0.02572
8314	-0.02459
8316	-0.02367
8318	-0.02235
8320	-0.02091
8322	-0.02047
8324	-0.02072
8326	-0.01922
8328	-0.01857
8330	-0.01749
8332	-0.01753
8334	-0.01734
8336	-0.01725
8338	-0.01636
8340	-0.01496
8342	-0.01616
8344	-0.01702
8346	-0.01795
8348	-0.01944
8350	-0.01823
8352	-0.01708
8354	-0.01697
8356	-0.01578
8358	-0.01569
8360	-0.0153
8362	-0.01533
8364	-0.01475
8366	-0.01441
8368	-0.01558
8370	-0.01598
8372	-0.01615
8374	-0.01659
8376	-0.01522
8378	-0.01364
8380	-0.01343
8382	-0.01375
8384	-0.01325
8386	-0.01359
8388	-0.0141
8390	-0.01217
8392	-0.01217
8394	-0.01295
8396	-0.01266
8398	-0.01331
8400	-0.01282
8402	-0.0112
8404	-0.00997
8406	-0.00925
8408	-0.01008
8410	-0.01048
8412	-0.01047
8414	-0.00986
8416	-0.01031
8418	-0.00985
8420	-0.00901
8422	-0.00894
8424	-0.0052
8426	-0.00409
8428	-0.00456
8430	-0.00551
8432	-0.00617
8434	-0.00628
8436	-0.00469
8438	-0.00495
8440	-0.00339
8442	-0.00286
8444	-0.00278
8446	-0.00168
8448	-6.05737E-4
8450	-0.00128
8452	-0.00231
8454	-5.99518E-4
8456	1.87221E-4
8458	-9.36039E-4
8460	-5.853E-4
8462	-0.00124
8464	-0.00168
8466	-5.41081E-4
8468	-9.03416E-5
8470	-3.52602E-4
8472	1.61374E-5
8474	-1.42123E-4
8476	-6.36384E-4
8478	-0.00147
8480	-4.19045E-5
8482	2.11835E-4
8484	9.56575E-4
8486	0.00103
8488	0.00214
8490	0.00211
8492	-4.31467E-4
8494	-0.00186
8496	-0.00169
8498	-6.25249E-4
8500	-3.94509E-4
8502	9.5023E-4
8504	0.00205
8506	0.00183
8508	0.00182
8510	0.0026
8512	0.00105
8514	9.8292E-4
8516	0.00139
8518	0.00167
8520	0.00311
8522	0.00309
8524	0.00388
8526	0.00324
8528	0.00167
8530	-0.00152
8532	-0.0077
8534	-0.01303
8536	-0.01743
8538	-0.02091
8540	-0.02472
8542	-0.02823
8544	-0.03116
8546	-0.03526
8548	-0.03791
8550	-0.04143
8552	-0.04368
8554	-0.0497
8556	-0.05508
8558	-0.05696
8560	-0.05668
8562	-0.05798
8564	-0.05629
8566	-0.05457
8568	-0.05529
8570	-0.05581
8572	-0.05613
8574	-0.05824
8576	-0.06136
8578	-0.06294
8580	-0.06508
8582	-0.06683
8584	-0.06573
8586	-0.06817
8588	-0.07081
8590	-0.072
8592	-0.07298
8594	-0.07372
8596	-0.07456
8598	-0.07571
8600	-0.07589
8602	-0.07575
8604	-0.07649
8606	-0.07816
8608	-0.07711
8610	-0.07611
8612	-0.07562
8614	-0.07646
8616	-0.07788
8618	-0.07835
8620	-0.07783
8622	-0.07755
8624	-0.07684
8626	-0.07561
8628	-0.0753
8630	-0.07558
8632	-0.07468
8634	-0.07486
8636	-0.07298
8638	-0.07155
8640	-0.07268
8642	-0.07359
8644	-0.07305
8646	-0.07223
8648	-0.07182
8650	-0.07137
8652	-0.07184
8654	-0.06972
8656	-0.07004
8658	-0.07045
8660	-0.07047
8662	-0.07042
8664	-0.07073
8666	-0.07125
8668	-0.07113
8670	-0.07171
8672	-0.0717
8674	-0.07106
8676	-0.06937
8678	-0.06828
8680	-0.06698
8682	-0.06625
8684	-0.06631
8686	-0.06545
8688	-0.06401
8690	-0.06327
8692	-0.06349
8694	-0.06391
8696	-0.06312
8698	-0.06249
8700	-0.06342
8702	-0.06189
8704	-0.0609
8706	-0.05967
8708	-0.05948
8710	-0.06127
8712	-0.06022
8714	-0.05909
8716	-0.05948
8718	-0.06079
8720	-0.06033
8722	-0.05867
8724	-0.05827
8726	-0.05982
8728	-0.06066
8730	-0.05984
8732	-0.05923
8734	-0.05679
8736	-0.05433
8738	-0.05421
8740	-0.05469
8742	-0.05414
8744	-0.05443
8746	-0.05363
8748	-0.05356
8750	-0.05302
8752	-0.0522
8754	-0.05099
8756	-0.05098
8758	-0.05078
8760	-0.04971
8762	-0.05013
8764	-0.04943
8766	-0.04935
8768	-0.05025
8770	-0.04978
8772	-0.04992
8774	-0.04955
8776	-0.04944
8778	-0.05016
8780	-0.04886
8782	-0.04819
8784	-0.04757
8786	-0.04661
8788	-0.04438
8790	-0.04452
8792	-0.0433
8794	-0.04176
8796	-0.04148
8798	-0.04241
8800	-0.04446
8802	-0.04484
8804	-0.04533
8806	-0.04542
8808	-0.0457
8810	-0.045
8812	-0.04396
8814	-0.04393
8816	-0.04304
8818	-0.04076
8820	-0.04078
8822	-0.04014
8824	-0.04068
8826	-0.0396
8828	-0.03937
8830	-0.03897
8832	-0.03938
8834	-0.03871
8836	-0.0381
8838	-0.03845
8840	-0.03857
8842	-0.03687
8844	-0.03415
8846	-0.03556
8848	-0.03667
8850	-0.03638
8852	-0.03587
8854	-0.03572
8856	-0.03434
8858	-0.03265
8860	-0.03111
8862	-0.0315
8864	-0.03239
8866	-0.03261
8868	-0.03289
8870	-0.0331
8872	-0.03246
8874	-0.0324
8876	-0.03135
8878	-0.02916
8880	-0.02895
8882	-0.02794
8884	-0.02931
8886	-0.02993
8888	-0.02943
8890	-0.02863
8892	-0.03005
8894	-0.02788
8896	-0.02757
8898	-0.02803
8900	-0.02705
8902	-0.0271
8904	-0.02717
8906	-0.02658
8908	-0.02646
8910	-0.02629
8912	-0.027
8914	-0.02743
8916	-0.02485
8918	-0.02512
8920	-0.02381
8922	-0.02273
8924	-0.02361
8926	-0.02415
8928	-0.02283
8930	-0.02199
8932	-0.02199
8934	-0.02175
8936	-0.02171
8938	-0.02159
8940	-0.02132
8942	-0.02088
8944	-0.02111
8946	-0.01902
8948	-0.01795
8950	-0.01855
8952	-0.01927
8954	-0.02069
8956	-0.02026
8958	-0.01898
8960	-0.01826
8962	-0.01889
8964	-0.01865
8966	-0.01803
8968	-0.0182
8970	-0.01876
8972	-0.01714
8974	-0.0166
8976	-0.01719
8978	-0.01867
8980	-0.01899
8982	-0.01795
8984	-0.01677
8986	-0.01597
8988	-0.01512
8990	-0.01308
8992	-0.01321
8994	-0.01368
8996	-0.01343
8998	-0.01303
9000	-0.0126
9002	-0.01385
9004	-0.01483
9006	-0.01536
9008	-0.01489
9010	-0.01507
9012	-0.01409
9014	-0.01287
9016	-0.0127
9018	-0.01235
9020	-0.01249
9022	-0.01036
9024	-0.00849
9026	-0.00829
9028	-0.00827
9030	-0.00868
9032	-0.00789
9034	-0.00725
9036	-0.0084
9038	-0.00909
9040	-0.00921
9042	-0.00815
9044	-0.00738
9046	-0.0057
9048	-0.00473
9050	-0.00456
9052	-0.00438
9054	-0.0037
9056	-0.00437
9058	-0.00411
9060	-0.00319
9062	-0.00301
9064	-0.00299
9066	-0.00325
9068	-0.003
9070	-0.00374
9072	-0.0037
9074	-0.00307
9076	-0.00409
9078	-0.00205
9080	-0.00127
9082	-6.89053E-4
9084	2.52211E-5
9086	6.64495E-4
9088	0.00156
9090	0.00225
9092	0.00323
9094	0.00395
9096	0.00265
9098	0.0032
9100	0.00545
9102	0.00479
9104	0.00352
9106	0.00298
9108	0.00419
9110	0.00304
9112	0.00141
9114	0.00279
9116	0.00252
9118	0.00254
9120	0.00197
9122	0.00286
9124	0.00473
9126	0.00361
9128	0.00172
9130	3.14754E-4
9132	-0.00414
9134	-0.00845
9136	-0.01236
9138	-0.01327
9140	-0.01561
9142	-0.01716
9144	-0.01943
9146	-0.02194
9148	-0.02084
9150	-0.02312
9152	-0.02761
9154	-0.03269
9156	-0.03648
9158	-0.03853
9160	-0.04067
9162	-0.04111
9164	-0.04329
9166	-0.0439
9168	-0.04509
9170	-0.04817
9172	-0.05126
9174	-0.05418
9176	-0.0556
9178	-0.05842
9180	-0.06196
9182	-0.06477
9184	-0.06599
9186	-0.06731
9188	-0.06947
9190	-0.07179
9192	-0.07271
9194	-0.07393
9196	-0.07461
9198	-0.07472
9200	-0.0746
9202	-0.07612
9204	-0.07584
9206	-0.07699
9208	-0.07794
9210	-0.07774
9212	-0.07699
9214	-0.0772
9216	-0.07773
9218	-0.07764
9220	-0.07538
9222	-0.07426
9224	-0.07447
9226	-0.07442
9228	-0.07396
9230	-0.07252
9232	-0.07332
9234	-0.07289
9236	-0.0729
9238	-0.07359
9240	-0.0735
9242	-0.07403
9244	-0.0734
9246	-0.07192
9248	-0.07214
9250	-0.07155
9252	-0.0709
9254	-0.07079
9256	-0.07056
9258	-0.06935
9260	-0.06773
9262	-0.06806
9264	-0.06816
9266	-0.06899
9268	-0.06863
9270	-0.06695
9272	-0.06636
9274	-0.0651
9276	-0.06454
9278	-0.06317
9280	-0.06376
9282	-0.06326
9284	-0.06307
9286	-0.06372
9288	-0.06335
9290	-0.06334
9292	-0.06246
9294	-0.06019
9296	-0.05892
9298	-0.06017
9300	-0.06236
9302	-0.06105
9304	-0.06018
9306	-0.0593
9308	-0.05809
9310	-0.05777
9312	-0.05778
9314	-0.05685
9316	-0.05468
9318	-0.05473
9320	-0.05508
9322	-0.05628
9324	-0.05671
9326	-0.05469
9328	-0.05363
9330	-0.05275
9332	-0.05301
9334	-0.05443
9336	-0.0547
9338	-0.0535
9340	-0.05375
9342	-0.05246
9344	-0.0506
9346	-0.05132
9348	-0.05274
9350	-0.05333
9352	-0.05258
9354	-0.05184
9356	-0.04999
9358	-0.04819
9360	-0.04822
9362	-0.0503
9364	-0.04949
9366	-0.04835
9368	-0.04695
9370	-0.04626
9372	-0.04652
9374	-0.04702
9376	-0.04604
9378	-0.04415
9380	-0.04242
9382	-0.04096
9384	-0.04132
9386	-0.04087
9388	-0.04024
9390	-0.03948
9392	-0.03909
9394	-0.03944
9396	-0.03952
9398	-0.03867
9400	-0.04023
9402	-0.03927
9404	-0.03843
9406	-0.03759
9408	-0.03887
9410	-0.03838
9412	-0.03816
9414	-0.03809
9416	-0.03705
9418	-0.03572
9420	-0.03558
9422	-0.03337
9424	-0.03104
9426	-0.03144
9428	-0.03393
9430	-0.0329
9432	-0.03279
9434	-0.0311
9436	-0.03027
9438	-0.03046
9440	-0.03077
9442	-0.02982
9444	-0.03008
9446	-0.02896
9448	-0.02779
9450	-0.02785
9452	-0.02785
9454	-0.02814
9456	-0.02804
9458	-0.02682
9460	-0.02545
9462	-0.02518
9464	-0.0273
9466	-0.02694
9468	-0.02612
9470	-0.02798
9472	-0.02765
9474	-0.027
9476	-0.02522
9478	-0.02462
9480	-0.02378
9482	-0.02217
9484	-0.02158
9486	-0.02079
9488	-0.02218
9490	-0.02327
9492	-0.02252
9494	-0.02158
9496	-0.02077
9498	-0.01964
9500	-0.01796
9502	-0.0167
9504	-0.01621
9506	-0.01691
9508	-0.01745
9510	-0.01794
9512	-0.01853
9514	-0.01921
9516	-0.01716
9518	-0.01689
9520	-0.01782
9522	-0.0184
9524	-0.0174
9526	-0.01689
9528	-0.01708
9530	-0.01689
9532	-0.01641
9534	-0.0169
9536	-0.01713
9538	-0.01762
9540	-0.01587
9542	-0.01496
9544	-0.01452
9546	-0.0138
9548	-0.01261
9550	-0.01172
9552	-0.01022
9554	-0.00934
9556	-0.00906
9558	-0.00893
9560	-0.01055
9562	-0.00986
9564	-0.00787
9566	-0.00729
9568	-0.00717
9570	-0.00631
9572	-0.00541
9574	-0.00547
9576	-0.00641
9578	-0.00514
9580	-0.005
9582	-0.00419
9584	-0.00327
9586	-0.00418
9588	-0.00484
9590	-0.00507
9592	-0.00512
9594	-0.00582
9596	-0.00689
9598	-0.00758
9600	-0.00711
9602	-0.00705
9604	-0.00638
9606	-0.00554
9608	-0.00535
9610	-0.00505
9612	-0.00667
9614	-0.00637
9616	-0.00374
9618	-0.00298
9620	-0.00184
9622	0.00102
9624	9.58877E-4
9626	1.85456E-5
9628	4.32214E-4
9630	6.16883E-4
9632	7.46552E-4
9634	0.00178
9636	0.0023
9638	0.0022
9640	0.00221
9642	0.00276
9644	0.00417
9646	0.00437
9648	0.00416
9650	0.00334
9652	0.00278
9654	0.00353
9656	0.00273
9658	0.00107
9660	-1.81086E-4
9662	-8.95417E-4
9664	-0.00187
9666	-0.00195
9668	-0.0014
9670	-0.00244
9672	-0.00368
9674	-0.00238
9676	-0.00135
9678	3.61933E-4
9680	0.0012
9682	6.9927E-4
9684	6.08939E-4
9686	-5.59392E-4
9688	-0.00182
9690	-0.00241
9692	-0.0018
9694	-2.11078E-4
9696	2.5165E-4
9698	0.00134
9700	0.00257
9702	0.00374
9704	0.00489
9706	0.00436
9708	0.00561
9710	0.00696
9712	0.00732
9714	0.00697
9716	0.00625
9718	0.0065
9720	0.00919
9722	0.0105
9724	0.00827
9726	0.00716
9728	0.00644
9730	0.00258
9732	-1.73233E-4
9734	-0.00239
9736	-0.00483
9738	-0.00654
9740	-0.00664
9742	-0.00641
9744	-0.00703
9746	-0.00657
9748	-0.01021
9750	-0.01303
9752	-0.01541
9754	-0.01925
9756	-0.02571
9758	-0.03037
9760	-0.03262
9762	-0.03618
9764	-0.04023
9766	-0.04217
9768	-0.04459
9770	-0.04855
9772	-0.05236
9774	-0.05484
9776	-0.0576
9778	-0.0603
9780	-0.06183
9782	-0.06578
9784	-0.06725
9786	-0.06711
9788	-0.06835
9790	-0.0707
9792	-0.07168
9794	-0.07268
9796	-0.0748
9798	-0.07546
9800	-0.07448
9802	-0.07434
9804	-0.07349
9806	-0.07419
9808	-0.07427
9810	-0.07376
9812	-0.0734
9814	-0.07358
9816	-0.07243
9818	-0.06971
9820	-0.06932
9822	-0.0712
9824	-0.07243
9826	-0.07436
9828	-0.07431
9830	-0.07291
9832	-0.0723
9834	-0.07372
9836	-0.07266
9838	-0.0731
9840	-0.07242
9842	-0.07138
9844	-0.07103
9846	-0.06939
9848	-0.07
9850	-0.06927
9852	-0.06788
9854	-0.06666
9856	-0.06734
9858	-0.06805
9860	-0.06789
9862	-0.06697
9864	-0.06562
9866	-0.06503
9868	-0.06571
9870	-0.06605
9872	-0.06527
9874	-0.06416
9876	-0.06363
9878	-0.06417
9880	-0.06401
9882	-0.06361
9884	-0.06409
9886	-0.06501
9888	-0.06542
9890	-0.06324
9892	-0.06148
9894	-0.06102
9896	-0.0618
9898	-0.06152
9900	-0.06158
9902	-0.06122
9904	-0.0612
9906	-0.06025
9908	-0.05921
9910	-0.05925
9912	-0.05893
9914	-0.0598
9916	-0.05953
9918	-0.05828
9920	-0.056
9922	-0.05663
9924	-0.05649
9926	-0.05608
9928	-0.05636
9930	-0.05553
9932	-0.05557
9934	-0.05554
9936	-0.05491
9938	-0.05622
9940	-0.05682
9942	-0.05561
9944	-0.05371
9946	-0.05206
9948	-0.05075
9950	-0.05067
9952	-0.05061
9954	-0.05166
9956	-0.05142
9958	-0.05232
9960	-0.05204
9962	-0.04988
9964	-0.04954
9966	-0.04955
9968	-0.05059
9970	-0.05138
9972	-0.04956
9974	-0.04924
9976	-0.04843
9978	-0.04749
9980	-0.04663
9982	-0.04649
9984	-0.04562
9986	-0.04488
9988	-0.0441
9990	-0.04362
9992	-0.04321
9994	-0.04228
9996	-0.04217
9998	-0.0411
10000	-0.0405
10002	-0.04163
10004	-0.04121
10006	-0.04114
10008	-0.03962
10010	-0.03832
10012	-0.03863
10014	-0.04016
10016	-0.03957
10018	-0.03789
10020	-0.03919
10022	-0.03941
10024	-0.0376
10026	-0.03663
10028	-0.0372
10030	-0.03541
10032	-0.03538
10034	-0.03538
10036	-0.03665
10038	-0.03681
10040	-0.03595
10042	-0.0347
10044	-0.03431
10046	-0.03508
10048	-0.0361
10050	-0.03678
10052	-0.03606
10054	-0.03558
10056	-0.03538
10058	-0.03478
10060	-0.03454
10062	-0.03379
10064	-0.03259
10066	-0.0329
10068	-0.03369
10070	-0.03387
10072	-0.03372
10074	-0.03327
10076	-0.0336
10078	-0.03323
10080	-0.03206
10082	-0.03141
10084	-0.0315
10086	-0.03175
10088	-0.03197
10090	-0.03116
10092	-0.02948
10094	-0.03113
10096	-0.03201
10098	-0.03077
10100	-0.02998
10102	-0.02827
10104	-0.02751
10106	-0.02715
10108	-0.02798
10110	-0.02789
10112	-0.02713
10114	-0.02679
10116	-0.02618
10118	-0.02656
10120	-0.02671
10122	-0.02594
10124	-0.02541
10126	-0.02441
10128	-0.02357
10130	-0.02264
10132	-0.02105
10134	-0.02079
10136	-0.02193
10138	-0.02041
10140	-0.01878
10142	-0.01932
10144	-0.01991
10146	-0.01954
10148	-0.01834
10150	-0.01678
10152	-0.01639
10154	-0.01756
10156	-0.01742
10158	-0.01628
10160	-0.01639
10162	-0.01718
10164	-0.01668
10166	-0.0156
10168	-0.01324
10170	-0.01212
10172	-0.01375
10174	-0.01518
10176	-0.01521
10178	-0.01487
10180	-0.01444
10182	-0.01542
10184	-0.0161
10186	-0.01602
10188	-0.01769
10190	-0.01811
10192	-0.01723
10194	-0.01562
10196	-0.01468
10198	-0.01422
10200	-0.01433
10202	-0.01428
10204	-0.01416
10206	-0.01347
10208	-0.01138
10210	-0.0101
10212	-0.01098
10214	-0.01141
10216	-0.01097
10218	-0.00991
10220	-0.00956
10222	-0.01005
10224	-0.01081
10226	-0.01006
10228	-0.00854
10230	-0.00913
10232	-0.00882
10234	-0.00935
10236	-0.00822
10238	-0.00734
10240	-0.00822
10242	-0.00844
10244	-0.00789
10246	-0.00783
10248	-0.00629
10250	-0.00486
10252	-0.00439
10254	-0.00469
10256	-0.00566
10258	-0.00564
10260	-0.00487
10262	-0.00462
10264	-0.00332
10266	-0.00438
10268	-0.00395
10270	-0.00381
10272	-0.0042
10274	-0.00404
10276	-0.00299
10278	-0.00244
10280	-8.85648E-4
10282	-3.011E-4
10284	-1.00553E-4
10286	-1.62005E-4
10288	8.02542E-4
10290	0.00196
10292	0.00217
10294	0.00185
10296	8.2733E-5
10298	3.32806E-5
10300	1.86828E-4
10302	1.11376E-4
10304	1.34924E-4
10306	3.58471E-4
10308	-1.33981E-4
10310	-0.00142
10312	-0.00223
10314	-2.16338E-4
10316	0.00247
10318	0.00299
10320	0.00237
10322	0.00271
10324	0.00429
10326	0.00305
10328	0.00181
10330	-8.50624E-4
10332	-0.00491
10334	-0.0067
10336	-0.00753
10338	-0.00807
10340	-0.00632
10342	-0.0041
10344	-0.00294
10346	-0.00338
10348	-0.00551
10350	-0.00671
10352	-0.0081
10354	-0.0109
10356	-0.01401
10358	-0.01716
10360	-0.01873
10362	-0.02171
10364	-0.02507
10366	-0.02779
10368	-0.03051
10370	-0.03593
10372	-0.03994
10374	-0.04367
10376	-0.04759
10378	-0.05152
10380	-0.05695
10382	-0.06032
10384	-0.06436
10386	-0.0663
10388	-0.06828
10390	-0.06964
10392	-0.07039
10394	-0.07124
10396	-0.07088
10398	-0.0723
10400	-0.07261
10402	-0.07321
10404	-0.07348
10406	-0.07492
10408	-0.07605
10410	-0.07459
10412	-0.07481
10414	-0.07353
10416	-0.07263
10418	-0.07336
10420	-0.07381
10422	-0.07375
10424	-0.07285
10426	-0.07161
10428	-0.07087
10430	-0.07032
10432	-0.0693
10434	-0.06875
10436	-0.06838
10438	-0.06768
10440	-0.06844
10442	-0.06629
10444	-0.06528
10446	-0.06513
10448	-0.06717
10450	-0.0666
10452	-0.06708
10454	-0.06707
10456	-0.06687
10458	-0.0671
10460	-0.0685
10462	-0.06812
10464	-0.06596
10466	-0.06373
10468	-0.06331
10470	-0.06331
10472	-0.0631
10474	-0.06276
10476	-0.06304
10478	-0.06265
10480	-0.06229
10482	-0.06253
10484	-0.06143
10486	-0.06008
10488	-0.06147
10490	-0.062
10492	-0.06172
10494	-0.06162
10496	-0.06276
10498	-0.06247
10500	-0.06225
10502	-0.06083
10504	-0.05914
10506	-0.05914
10508	-0.0599
10510	-0.05956
10512	-0.05872
10514	-0.05946
10516	-0.05855
10518	-0.05688
10520	-0.05579
10522	-0.05478
10524	-0.05299
10526	-0.05278
10528	-0.05435
10530	-0.05342
10532	-0.05248
10534	-0.05411
10536	-0.05554
10538	-0.05514
10540	-0.05499
10542	-0.05451
10544	-0.05374
10546	-0.05322
10548	-0.05182
10550	-0.05217
10552	-0.05284
10554	-0.0517
10556	-0.05058
10558	-0.04997
10560	-0.04924
10562	-0.04857
10564	-0.04714
10566	-0.04583
10568	-0.04317
10570	-0.04337
10572	-0.04223
10574	-0.04185
10576	-0.04157
10578	-0.04374
10580	-0.04322
10582	-0.04368
10584	-0.04339
10586	-0.04364
10588	-0.04342
10590	-0.04197
10592	-0.04122
10594	-0.03986
10596	-0.03967
10598	-0.04225
10600	-0.04213
10602	-0.04074
10604	-0.04073
10606	-0.03807
10608	-0.0366
10610	-0.037
10612	-0.03685
10614	-0.03545
10616	-0.03494
10618	-0.03509
10620	-0.0358
10622	-0.03564
10624	-0.03501
10626	-0.03609
10628	-0.03692
10630	-0.03726
10632	-0.03722
10634	-0.03592
10636	-0.03407
10638	-0.03392
10640	-0.03611
10642	-0.03771
10644	-0.0381
10646	-0.0358
10648	-0.03457
10650	-0.03381
10652	-0.03299
10654	-0.03276
10656	-0.03091
10658	-0.03115
10660	-0.03057
10662	-0.03102
10664	-0.03096
10666	-0.02959
10668	-0.02966
10670	-0.02987
10672	-0.0303
10674	-0.03107
10676	-0.03011
10678	-0.02942
10680	-0.02847
10682	-0.02774
10684	-0.02731
10686	-0.02758
10688	-0.0282
10690	-0.02767
10692	-0.02592
10694	-0.02615
10696	-0.02666
10698	-0.0254
10700	-0.02438
10702	-0.02547
10704	-0.02552
10706	-0.02478
10708	-0.02439
10710	-0.02605
10712	-0.02689
10714	-0.02634
10716	-0.02494
10718	-0.02358
10720	-0.02286
10722	-0.02155
10724	-0.02249
10726	-0.02271
10728	-0.02265
10730	-0.02291
10732	-0.02167
10734	-0.0207
10736	-0.02053
10738	-0.02069
10740	-0.02044
10742	-0.01922
10744	-0.01995
10746	-0.02059
10748	-0.01947
10750	-0.01964
10752	-0.02007
10754	-0.01823
10756	-0.01858
10758	-0.01797
10760	-0.01699
10762	-0.01764
10764	-0.01849
10766	-0.01854
10768	-0.01714
10770	-0.01657
10772	-0.01336
10774	-0.01274
10776	-0.01403
10778	-0.01488
10780	-0.01347
10782	-0.01179
10784	-0.01099
10786	-0.01056
10788	-0.01132
10790	-0.01081
10792	-0.0098
10794	-0.01065
10796	-0.00983
10798	-0.01014
10800	-0.01272
10802	-0.01422
10804	-0.01223
10806	-0.01041
10808	-0.01028
10810	-0.00999
10812	-0.00669
10814	-0.00699
10816	-0.0096
10818	-0.00978
10820	-0.00866
10822	-0.00744
10824	-0.00769
10826	-0.00806
10828	-0.00901
10830	-0.00845
10832	-0.00775
10834	-0.00805
10836	-0.00717
10838	-0.00678
10840	-0.00782
10842	-0.00812
10844	-0.00745
10846	-0.00645
10848	-0.00624
10850	-0.00584
10852	-0.00569
10854	-0.0056
10856	-0.00389
10858	-0.00209
10860	-6.31911E-4
10862	5.97193E-4
10864	2.37297E-4
10866	8.94014E-5
10868	5.11506E-4
10870	5.9361E-4
10872	-8.66424E-4
10874	-0.00159
10876	-0.00185
10878	-8.29116E-4
10880	3.45987E-4
10882	-6.79101E-5
10884	0.00123
10886	0.00125
10888	0.00291
10890	0.00409
10892	0.00318
10894	0.00198
10896	0.00137
10898	0.00278
10900	0.00553
10902	0.00483
10904	0.00285
10906	0.00286
10908	0.00512
10910	0.00464
10912	0.00425
10914	0.00418
10916	0.00455
10918	0.00532
10920	0.00562
10922	0.00706
10924	0.00709
10926	0.00662
10928	0.00421
10930	0.00144
10932	-0.0025
10934	-0.00296
10936	-8.79134E-4
10938	5.02968E-4
10940	0.00314
10942	0.00414
10944	0.00685
10946	0.00689
10948	0.0065
10950	0.00615
10952	0.00466
10954	0.00348
10956	2.29269E-4
10958	-9.46973E-4
10960	-0.00131
10962	-0.00476
10964	-0.00973
10966	-0.01458
10968	-0.02005
10970	-0.02517
10972	-0.03115
10974	-0.03462
10976	-0.0378
10978	-0.04275
10980	-0.04581
10982	-0.04896
10984	-0.05191
10986	-0.05382
10988	-0.05662
10990	-0.05897
10992	-0.06186
10994	-0.06412
10996	-0.06502
10998	-0.0651
11000	-0.06645
11002	-0.06727
11004	-0.0679
11006	-0.0688
11008	-0.06828
11010	-0.06876
11012	-0.07086
11014	-0.07347
11016	-0.07318
11018	-0.07191
11020	-0.0703
11022	-0.07005
11024	-0.06989
11026	-0.0687
11028	-0.06747
11030	-0.06768
11032	-0.06998
11034	-0.07089
11036	-0.07114
11038	-0.06998
11040	-0.07065
11042	-0.07076
11044	-0.07218
11046	-0.07355
11048	-0.07148
11050	-0.07069
11052	-0.0693
11054	-0.06979
11056	-0.07033
11058	-0.06968
11060	-0.06875
11062	-0.06989
11064	-0.06899
11066	-0.06822
11068	-0.06768
11070	-0.06703
11072	-0.06707
11074	-0.06631
11076	-0.06612
11078	-0.06607
11080	-0.06593
11082	-0.06513
11084	-0.06232
11086	-0.06095
11088	-0.06217
11090	-0.06192
11092	-0.06155
11094	-0.06149
11096	-0.0598
11098	-0.05907
11100	-0.05978
11102	-0.05946
11104	-0.05948
11106	-0.05861
11108	-0.0579
11110	-0.05911
11112	-0.05889
11114	-0.05724
11116	-0.05635
11118	-0.05582
11120	-0.05538
11122	-0.05609
11124	-0.05636
11126	-0.05724
11128	-0.05484
11130	-0.05414
11132	-0.05425
11134	-0.05494
11136	-0.05379
11138	-0.05319
11140	-0.05449
11142	-0.05388
11144	-0.05354
11146	-0.05344
11148	-0.05279
11150	-0.04972
11152	-0.04819
11154	-0.04795
11156	-0.04776
11158	-0.04743
11160	-0.047
11162	-0.04566
11164	-0.04571
11166	-0.04652
11168	-0.04497
11170	-0.04398
11172	-0.04505
11174	-0.04527
11176	-0.04738
11178	-0.04701
11180	-0.04684
11182	-0.04601
11184	-0.04446
11186	-0.04376
11188	-0.0439
11190	-0.04367
11192	-0.04348
11194	-0.04333
11196	-0.04325
11198	-0.04307
11200	-0.04189
11202	-0.04193
11204	-0.0413
11206	-0.04031
11208	-0.04136
11210	-0.041
11212	-0.04065
11214	-0.04069
11216	-0.03874
11218	-0.03865
11220	-0.03761
11222	-0.03845
11224	-0.03802
11226	-0.03728
11228	-0.0355
11230	-0.03621
11232	-0.03795
11234	-0.039
11236	-0.03755
11238	-0.03611
11240	-0.03574
11242	-0.03585
11244	-0.03475
11246	-0.03452
11248	-0.03562
11250	-0.03458
11252	-0.0357
11254	-0.0344
11256	-0.03339
11258	-0.03337
11260	-0.03222
11262	-0.03246
11264	-0.03211
11266	-0.03109
11268	-0.03118
11270	-0.03058
11272	-0.03032
11274	-0.03027
11276	-0.03015
11278	-0.02828
11280	-0.02505
11282	-0.02645
11284	-0.02865
11286	-0.02827
11288	-0.02781
11290	-0.02795
11292	-0.02915
11294	-0.02818
11296	-0.02714
11298	-0.02739
11300	-0.02916
11302	-0.02963
11304	-0.02844
11306	-0.02761
11308	-0.02655
11310	-0.02513
11312	-0.02605
11314	-0.02702
11316	-0.02546
11318	-0.02493
11320	-0.02586
11322	-0.02559
11324	-0.02479
11326	-0.02252
11328	-0.02119
11330	-0.02089
11332	-0.02093
11334	-0.01996
11336	-0.01958
11338	-0.02006
11340	-0.02076
11342	-0.02057
11344	-0.01961
11346	-0.02035
11348	-0.02097
11350	-0.02016
11352	-0.01876
11354	-0.01847
11356	-0.01939
11358	-0.01874
11360	-0.01715
11362	-0.01689
11364	-0.01775
11366	-0.01695
11368	-0.01697
11370	-0.01594
11372	-0.01612
11374	-0.01639
11376	-0.01609
11378	-0.01512
11380	-0.01355
11382	-0.01243
11384	-0.01352
11386	-0.01246
11388	-0.01183
11390	-0.01179
11392	-0.01143
11394	-0.01139
11396	-0.01159
11398	-0.01151
11400	-0.0106
11402	-0.0108
11404	-0.01103
11406	-0.01184
11408	-0.01119
11410	-0.00997
11412	-0.00951
11414	-0.00966
11416	-0.01117
11418	-0.0103
11420	-0.01075
11422	-0.00948
11424	-0.00905
11426	-0.00816
11428	-0.00719
11430	-0.00682
11432	-0.00827
11434	-0.00836
11436	-0.008
11438	-0.00788
11440	-0.00865
11442	-0.00874
11444	-0.00855
11446	-0.00847
11448	-0.00887
11450	-0.00688
11452	-0.00605
11454	-0.00477
11456	-0.00487
11458	-0.00527
11460	-0.00556
11462	-0.004
11464	-0.00544
11466	-0.00673
11468	-0.00506
11470	-0.00302
11472	-8.87904E-4
11474	7.51726E-5
11476	-8.97751E-4
11478	-0.00291
11480	-0.00193
11482	-7.9652E-4
11484	7.80557E-4
11486	0.0017
11488	8.5471E-4
11490	0.00296
11492	0.00237
11494	9.41941E-4
11496	7.12018E-4
11498	0.00105
11500	0.0011
11502	9.25748E-4
11504	-1.11475E-4
11506	-6.72698E-4
11508	-0.00121
11510	-7.40144E-4
11512	-6.22367E-4
11514	-0.00115
11516	-0.00176
11518	-4.66037E-4
11520	3.5074E-4
11522	-2.06483E-4
11524	-0.00204
11526	-0.00124
11528	-0.0016
11530	-0.00157
11532	-0.00223
11534	-0.00294
11536	-0.00313
11538	-0.00129
11540	0.00229
11542	0.00578
11544	0.00991
11546	0.01348
11548	0.01576
11550	0.01608
11552	0.01489
11554	0.01293
11556	0.01
11558	0.00707
11560	0.005
11562	0.0011
11564	-0.00233
11566	-0.0077
11568	-0.01315
11570	-0.01747
11572	-0.02344
11574	-0.02835
11576	-0.03247
11578	-0.03575
11580	-0.03838
11582	-0.0436
11584	-0.04688
11586	-0.04932
11588	-0.05185
11590	-0.05598
11592	-0.05842
11594	-0.05995
11596	-0.06159
11598	-0.06343
11600	-0.06479
11602	-0.06655
11604	-0.06733
11606	-0.06835
11608	-0.06866
11610	-0.07014
11612	-0.06941
11614	-0.0694
11616	-0.06883
11618	-0.06875
11620	-0.06789
11622	-0.06799
11624	-0.06756
11626	-0.06786
11628	-0.06787
11630	-0.06582
11632	-0.06681
11634	-0.0667
11636	-0.0665
11638	-0.0669
11640	-0.0673
11642	-0.06742
11644	-0.06647
11646	-0.06629
11648	-0.06497
11650	-0.06441
11652	-0.06408
11654	-0.06339
11656	-0.06244
11658	-0.0627
11660	-0.06073
11662	-0.05812
11664	-0.05835
11666	-0.05865
11668	-0.0597
11670	-0.06035
11672	-0.06
11674	-0.05919
11676	-0.05936
11678	-0.05892
11680	-0.05858
11682	-0.05711
11684	-0.05693
11686	-0.05674
11688	-0.05638
11690	-0.05517
11692	-0.05442
11694	-0.054
11696	-0.05434
11698	-0.05395
11700	-0.05352
11702	-0.05191
11704	-0.0516
11706	-0.05228
11708	-0.05108
11710	-0.05137
11712	-0.05001
11714	-0.04984
11716	-0.05101
11718	-0.05192
11720	-0.05072
11722	-0.05045
11724	-0.05069
11726	-0.0504
11728	-0.04917
11730	-0.04895
11732	-0.04826
11734	-0.04869
11736	-0.04915
11738	-0.04958
11740	-0.04844
11742	-0.04629
11744	-0.04575
11746	-0.04561
11748	-0.04429
11750	-0.04328
11752	-0.042
11754	-0.04255
11756	-0.0432
11758	-0.04324
11760	-0.04264
11762	-0.04167
11764	-0.04096
11766	-0.03895
11768	-0.03986
11770	-0.03931
11772	-0.03893
11774	-0.03772
11776	-0.03819
11778	-0.0386
11780	-0.03814
11782	-0.03759
11784	-0.03764
11786	-0.03665
11788	-0.03592
11790	-0.03424
11792	-0.03387
11794	-0.03328
11796	-0.03286
11798	-0.03236
11800	-0.03221
11802	-0.03191
11804	-0.03166
11806	-0.03156
11808	-0.03193
11810	-0.03059
11812	-0.03029
11814	-0.02983
11816	-0.02952
11818	-0.0293
11820	-0.02993
11822	-0.02945
11824	-0.02902
11826	-0.02804
11828	-0.0286
11830	-0.0298
11832	-0.02892
11834	-0.02938
11836	-0.02969
11838	-0.02866
11840	-0.02762
11842	-0.02808
11844	-0.02845
11846	-0.02783
11848	-0.02773
11850	-0.02708
11852	-0.02615
11854	-0.02522
11856	-0.0254
11858	-0.02528
11860	-0.02615
11862	-0.02635
11864	-0.02602
11866	-0.02581
11868	-0.0262
11870	-0.02633
11872	-0.02655
11874	-0.02535
11876	-0.02407
11878	-0.02349
11880	-0.02284
11882	-0.02261
11884	-0.02272
11886	-0.02282
11888	-0.02153
11890	-0.02059
11892	-0.02176
11894	-0.02145
11896	-0.02068
11898	-0.0218
11900	-0.0231
11902	-0.02136
11904	-0.02125
11906	-0.02104
11908	-0.02058
11910	-0.01991
11912	-0.01782
11914	-0.01739
11916	-0.01705
11918	-0.01706
11920	-0.01649
11922	-0.01654
11924	-0.01719
11926	-0.0182
11928	-0.01905
11930	-0.01764
11932	-0.01769
11934	-0.01675
11936	-0.01631
11938	-0.01695
11940	-0.01598
11942	-0.0164
11944	-0.01679
11946	-0.0164
11948	-0.01606
11950	-0.01635
11952	-0.01615
11954	-0.01515
11956	-0.01435
11958	-0.01448
11960	-0.01296
11962	-0.01164
11964	-0.01157
11966	-0.01166
11968	-0.01253
11970	-0.01242
11972	-0.01274
11974	-0.01377
11976	-0.01346
11978	-0.01238
11980	-0.01163
11982	-0.00922
11984	-0.00983
11986	-0.01004
11988	-0.0097
11990	-0.00948
11992	-0.00796
11994	-0.00793
11996	-0.00848
11998	-0.00727
12000	-0.00617
12002	-0.00658
12004	-0.00603
12006	-0.00518
12008	-0.00516
12010	-0.00548
12012	-0.00468
12014	-0.00521
12016	-0.00587
12018	-0.00442
12020	-0.0032
12022	-0.00436
12024	-0.0056
12026	-0.00539
12028	-0.00484
12030	-0.00473
12032	-0.00263
12034	-0.00187
12036	-0.00344
12038	-0.00324
12040	-0.00329
12042	-0.00346
12044	-0.00357
12046	-0.00336
12048	-0.00263
12050	-0.00341
12052	-0.00176
12054	-0.00158
12056	-0.00225
12058	-0.00267
12060	-0.00189
12062	-0.00182
12064	-0.00266
12066	-0.00237
12068	-0.00299
12070	-0.00206
12072	-0.00151
12074	-0.00174
12076	-0.00235
12078	-0.00254
12080	-0.0014
12082	-0.0018
12084	-3.42907E-4
12086	5.99056E-4
12088	5.73019E-4
12090	0.00125
12092	0.00248
12094	0.00312
12096	0.00442
12098	0.00522
12100	0.00362
12102	0.00418
12104	0.00348
12106	0.00232
12108	0.00199
12110	3.71612E-4
12112	0.00166
12114	0.00261
12116	0.00309
12118	0.00332
12120	0.00378
12122	0.00367
12124	0.00349
12126	0.00345
