time	cp
2	0.68627
4	0.6663
6	0.64557
8	0.62532
10	0.60427
12	0.58433
14	0.56345
16	0.54507
18	0.52548
20	0.50628
22	0.48589
24	0.46402
26	0.44433
28	0.42517
30	0.40697
32	0.38661
34	0.36642
36	0.3451
38	0.32562
40	0.30643
42	0.28599
44	0.26597
46	0.2453
48	0.22577
50	0.20516
52	0.18533
54	0.16639
56	0.14573
58	0.12475
60	0.10435
62	0.08257
64	0.06196
66	0.04393
68	0.02422
70	0.00439
72	-0.01252
74	-0.01249
76	-0.01106
78	-0.0104
80	-0.01161
82	-0.01183
84	-0.01148
86	-0.01065
88	-0.00917
90	-0.00775
92	-0.00761
94	-0.00716
96	-0.00504
98	-0.00395
100	-0.00384
102	-0.00346
104	-0.00246
106	-0.00108
108	-0.00109
110	-0.00161
112	-1.91746E-5
114	0.00154
116	0.00224
118	0.00148
120	-4.48483E-4
122	-1.6756E-4
124	7.98363E-4
126	6.69286E-4
128	0.00419
130	0.0328
132	0.08166
134	0.13707
136	0.19771
138	0.25441
140	0.30746
142	0.35768
144	0.40602
146	0.44745
148	0.48473
150	0.51628
152	0.54449
154	0.56595
156	0.55649
158	0.51407
160	0.45883
162	0.40052
164	0.34519
166	0.29562
168	0.24915
170	0.20873
172	0.17398
174	0.14307
176	0.11556
178	0.09221
180	0.07309
182	0.05667
184	0.04126
186	0.03062
188	0.02058
190	0.01193
192	0.00429
194	-0.00217
196	-0.00821
198	-0.01222
200	-0.01636
202	-0.01907
204	-0.02078
206	-0.02263
208	-0.02381
210	-0.0245
212	-0.02583
214	-0.0275
216	-0.0277
218	-0.02859
220	-0.02822
222	-0.02661
224	-0.02527
226	-0.02718
228	-0.02948
230	-0.03002
232	-0.03046
234	-0.03124
236	-0.03032
238	-0.02956
240	-0.02912
242	-0.03034
244	-0.03186
246	-0.03197
248	-0.03221
250	-0.031
252	-0.03039
254	-0.03054
256	-0.03089
258	-0.03049
260	-0.03032
262	-0.0296
264	-0.02975
266	-0.03008
268	-0.02907
270	-0.02861
272	-0.02723
274	-0.02642
276	-0.02391
278	-0.02126
280	-0.01969
282	-0.01852
284	-0.01755
286	-0.01599
288	-0.0151
290	-0.01423
292	-0.01356
294	-0.01181
296	-0.00976
298	-0.0093
300	-0.00657
302	-0.00506
304	-0.00461
306	-0.00457
308	-0.00363
310	-0.00329
312	-0.00205
314	-2.36831E-4
316	0.00107
318	9.83553E-4
320	3.41745E-4
322	-8.82063E-4
324	-6.99871E-4
326	-0.00169
328	-0.00131
330	6.16705E-4
332	0.00137
334	0.00118
336	-4.1572E-4
338	-5.40528E-4
340	-0.00115
342	-0.00124
344	-0.0026
346	-0.00299
348	-0.0018
350	-0.00164
352	-0.00274
354	-0.00235
356	-0.00129
358	1.04513E-4
360	0.00117
362	8.43293E-4
364	-4.61317E-4
366	-0.00115
368	-8.45537E-4
370	-0.00171
372	-8.04757E-4
374	-8.12367E-4
376	-6.06978E-4
378	-7.71588E-4
380	-0.00192
382	-0.00165
384	-0.00119
386	0.00107
388	0.00139
390	0.00184
392	0.00113
394	0.00117
396	6.10922E-4
398	0.00207
400	0.00238
402	0.00184
404	4.35482E-4
406	8.89872E-4
408	9.61262E-4
410	3.66652E-4
412	-4.70958E-4
414	-3.22568E-4
416	0.00138
418	0.00215
420	0.00153
422	0.00133
424	-2.1556E-4
426	0.00137
428	0.00192
430	4.82594E-4
432	-7.28354E-4
434	-2.91303E-4
436	-1.42516E-5
438	-5.012E-4
440	-0.00184
442	-0.00165
444	-0.00268
446	-0.0029
448	-0.0025
450	-0.00184
452	-0.00279
454	-0.00295
456	-0.00278
458	-0.00201
460	-0.00174
462	-5.51584E-4
464	-4.59533E-4
466	-0.00114
468	-0.00126
470	-8.46379E-4
472	-9.91328E-4
474	-0.00101
476	-0.00231
478	-0.00276
480	-0.00293
482	-0.00159
484	-8.4702E-4
486	-4.98968E-4
488	-8.60917E-4
490	-6.37864E-4
492	-0.0012
494	-0.00126
496	-0.00137
498	-0.00215
500	-0.00262
502	-0.00187
504	-0.00249
506	-0.00239
508	-0.00346
510	-0.00564
512	-0.00591
514	-0.00671
516	-0.00656
518	-0.0056
520	-0.00663
522	-0.00482
524	-0.00457
526	-0.00382
528	-0.00385
530	-0.00352
532	-0.0022
534	-0.00214
536	-0.0031
538	-0.00385
540	-0.00295
542	-0.00183
544	-0.00117
546	-9.71181E-4
548	-1.08479E-4
550	4.74224E-4
552	-0.00118
554	-0.0011
556	-9.88667E-4
558	-0.00125
560	-5.84744E-4
562	-9.94416E-5
564	-1.13934E-6
566	7.75163E-4
568	1.23465E-4
570	-9.56233E-4
572	-6.8693E-4
574	7.64372E-4
576	3.26743E-5
578	8.54977E-4
580	0.00164
582	0.00211
584	0.00146
586	0.00124
588	0.00236
590	0.00248
592	9.92092E-4
594	8.23948E-5
596	5.27697E-4
598	0.00139
600	0.00105
602	3.32604E-4
604	-2.67094E-4
606	1.43208E-4
608	6.07511E-4
610	-2.49187E-4
612	-0.00202
614	-0.00108
616	-9.9228E-4
618	-6.79978E-4
620	4.81324E-4
622	-5.64373E-4
624	-0.00208
626	-0.00261
628	-0.00321
630	-0.00375
632	-0.00518
634	-0.00559
636	-0.00465
638	-0.0033
640	-0.00112
642	9.31948E-5
644	-0.00102
646	2.5161E-4
648	2.15318E-4
650	4.19026E-4
652	1.32733E-4
654	9.57441E-4
656	5.08149E-4
658	-7.20143E-4
660	-4.08436E-4
662	-1.92728E-4
664	-7.10203E-5
666	-3.57313E-4
668	-0.00216
670	-0.00362
672	-0.00341
674	-0.00381
676	-0.00351
678	-0.00135
680	-2.09359E-4
682	7.91349E-4
684	5.05057E-4
686	-0.00172
688	-0.003
690	-0.00213
692	-4.28112E-4
694	-0.00106
696	-0.00158
698	-0.0019
700	-0.00187
702	-0.00143
704	-0.00211
706	-0.00183
708	-0.00281
710	-0.00324
712	-0.00248
714	-0.00169
716	-0.00156
718	-0.00101
720	-0.00128
722	-0.00209
724	-0.00152
726	0.00198
728	0.03284
730	0.09
732	0.1591
734	0.22988
736	0.29703
738	0.35754
740	0.41378
742	0.46619
744	0.5129
746	0.55325
748	0.58841
750	0.62061
752	0.64915
754	0.67393
756	0.67123
758	0.63024
760	0.57395
762	0.51271
764	0.45191
766	0.39546
768	0.34468
770	0.30137
772	0.26014
774	0.22474
776	0.19467
778	0.16919
780	0.14702
782	0.12723
784	0.11038
786	0.0965
788	0.08444
790	0.07447
792	0.06718
794	0.05966
796	0.05272
798	0.04557
800	0.04143
802	0.03862
804	0.0346
806	0.03131
808	0.02763
810	0.02457
812	0.02127
814	0.01911
816	0.01747
818	0.01695
820	0.01649
822	0.01513
824	0.0139
826	0.0116
828	0.01033
830	0.00915
832	0.00772
834	0.00773
836	0.00675
838	0.00648
840	0.00613
842	0.00493
844	0.00484
846	0.00332
848	0.00251
850	0.00271
852	0.00273
854	0.0017
856	8.67322E-4
858	2.2106E-4
860	-0.00166
862	-0.00252
864	-0.0024
866	-9.56992E-4
868	-0.0031
870	-0.00384
872	-0.00347
874	-0.00156
876	-0.0021
878	-0.00218
880	-0.00259
882	-0.00425
884	-0.00644
886	-0.00654
888	-0.0054
890	-0.00435
892	-0.00352
894	-0.00234
896	-0.00308
898	-0.00349
900	-0.00496
902	-0.00385
904	-0.00288
906	-0.00393
908	-0.00461
910	-0.00483
912	-0.00615
914	-0.00534
916	-0.00629
918	-0.00859
920	-0.01008
922	-0.0105
924	-0.01087
926	-0.01167
928	-0.01325
930	-0.0156
932	-0.0146
934	-0.01402
936	-0.01481
938	-0.01537
940	-0.01524
942	-0.01355
944	-0.01131
946	-0.01078
948	-0.00814
950	-0.00632
952	-0.00623
954	-0.00368
956	-0.00238
958	-0.00213
960	-2.45189E-4
962	0.00187
964	3.43213E-4
966	0.00231
968	0.00328
970	0.00341
972	0.00394
974	0.00447
976	0.00608
978	0.00485
980	0.00461
982	0.00431
984	0.0039
986	0.00439
988	0.00303
990	9.48111E-4
992	0.00165
994	0.00263
996	0.00152
998	0.00104
1000	7.08607E-4
1002	-6.78094E-4
1004	-0.0023
1006	-0.00192
1008	7.88036E-5
1010	-0.00151
1012	-0.00365
1014	-0.00533
1016	-0.00511
1018	-0.006
1020	-0.00662
1022	-0.00492
1024	-0.00536
1026	-0.0073
1028	-0.00902
1030	-0.00941
1032	-0.01002
1034	-0.0103
1036	-0.01105
1038	-0.01116
1040	-0.01231
1042	-0.01364
1044	-0.01335
1046	-0.01323
1048	-0.01293
1050	-0.01272
1052	-0.01223
1054	-0.01077
1056	-0.00919
1058	-0.00749
1060	-0.00495
1062	-0.00544
1064	-0.0039
1066	-0.00254
1068	-0.00274
1070	-0.0017
1072	-0.00289
1074	-0.00298
1076	-0.00179
1078	-0.00111
1080	-0.00128
1082	-0.00106
1084	-9.89447E-4
1086	-0.00136
1088	-7.70253E-4
1090	-1.45157E-4
1092	-0.00104
1094	-0.00261
1096	-0.00266
1098	-0.00329
1100	-0.00527
1102	-0.0048
1104	-0.00429
1106	-0.00468
1108	-0.00509
1110	-0.00512
1112	-0.00443
1114	-0.00532
1116	-0.00631
1118	-0.00701
1120	-0.00724
1122	-0.00698
1124	-0.00671
1126	-0.0073
1128	-0.00631
1130	-0.00473
1132	-0.00313
1134	-0.00108
1136	-0.00105
1138	-2.0756E-4
1140	-8.65592E-7
1142	4.85829E-4
1144	0.00195
1146	0.00144
1148	2.12911E-4
1150	1.83605E-4
1152	0.00194
1154	0.00145
1156	0.00136
1158	0.0023
1160	0.00342
1162	0.00355
1164	0.00506
1166	0.00547
1168	0.00425
1170	0.00479
1172	0.00351
1174	0.00319
1176	0.00317
1178	0.00205
1180	4.84018E-4
1182	5.47121E-5
1184	2.04406E-4
1186	-0.00177
1188	-0.00239
1190	-0.00331
1192	-0.00417
1194	-0.00498
1196	-0.00528
1198	-0.00482
1200	-0.00405
1202	-0.00298
1204	-0.00267
1206	-0.00303
1208	-0.00325
1210	-0.00409
1212	-0.00425
1214	-0.00532
1216	-0.00581
1218	-0.00583
1220	-0.00754
1222	-0.00775
1224	-0.00669
1226	-0.00725
1228	-0.00849
1230	-0.00817
1232	-0.00977
1234	-0.00951
1236	-0.00911
1238	-0.00988
1240	-0.01027
1242	-0.00933
1244	-0.00983
1246	-0.0091
1248	-0.00727
1250	-0.00686
1252	-0.00597
1254	-0.00399
1256	-0.00209
1258	-0.0019
1260	-0.00176
1262	-0.00218
1264	-3.83889E-4
1266	0.00138
1268	6.5569E-4
1270	-2.50521E-4
1272	-9.37322E-5
1274	2.93057E-4
1276	7.07846E-4
1278	0.00157
1280	0.00183
1282	0.00212
1284	0.00342
1286	0.00391
1288	0.00338
1290	0.00328
1292	0.00307
1294	0.00306
1296	0.0023
1298	0.00157
1300	9.27316E-4
1302	0.00186
1304	0.00207
1306	0.00104
1308	2.46472E-4
1310	0.00112
1312	-5.4895E-4
1314	-0.00162
1316	-5.22372E-4
1318	-9.95582E-4
1320	-0.00188
1322	-0.00238
1324	-0.0032
1326	-0.00276
1328	0.01972
1330	0.07336
1332	0.14437
1334	0.22028
1336	0.2923
1338	0.36013
1340	0.42126
1342	0.47687
1344	0.5248
1346	0.56907
1348	0.60583
1350	0.63933
1352	0.67043
1354	0.6969
1356	0.69785
1358	0.65978
1360	0.60207
1362	0.53872
1364	0.47544
1366	0.41563
1368	0.36094
1370	0.31275
1372	0.27029
1374	0.23234
1376	0.19907
1378	0.17065
1380	0.147
1382	0.12677
1384	0.11073
1386	0.09551
1388	0.08296
1390	0.07203
1392	0.06295
1394	0.05555
1396	0.04948
1398	0.04618
1400	0.04102
1402	0.03581
1404	0.03158
1406	0.02851
1408	0.02424
1410	0.02224
1412	0.02007
1414	0.01756
1416	0.01554
1418	0.01261
1420	0.00975
1422	0.00975
1424	0.00811
1426	0.00656
1428	0.00496
1430	0.00219
1432	7.93962E-4
1434	8.96217E-5
1436	1.19281E-4
1438	-2.0606E-4
1440	-0.00118
1442	-0.00139
1444	-0.00239
1446	-0.00258
1448	-0.0034
1450	-0.00331
1452	-0.00378
1454	-0.00388
1456	-0.00549
1458	-0.0059
1460	-0.0065
1462	-0.00772
1464	-0.00822
1466	-0.00846
1468	-0.00714
1470	-0.00601
1472	-0.0082
1474	-0.00888
1476	-0.0083
1478	-0.007
1480	-0.00891
1482	-0.009
1484	-0.00901
1486	-0.01058
1488	-0.01105
1490	-0.01144
1492	-0.01143
1494	-0.01087
1496	-0.00989
1498	-0.01035
1500	-0.01091
1502	-0.01289
1504	-0.0142
1506	-0.01459
1508	-0.01493
1510	-0.01487
1512	-0.01545
1514	-0.01442
1516	-0.01433
1518	-0.01374
1520	-0.01408
1522	-0.01539
1524	-0.01507
1526	-0.01541
1528	-0.01467
1530	-0.01494
1532	-0.01572
1534	-0.01636
1536	-0.01529
1538	-0.01603
1540	-0.01804
1542	-0.01908
1544	-0.01937
1546	-0.01909
1548	-0.02063
1550	-0.02164
1552	-0.02164
1554	-0.02028
1556	-0.02057
1558	-0.02089
1560	-0.02071
1562	-0.0191
1564	-0.01909
1566	-0.01949
1568	-0.01922
1570	-0.02162
1572	-0.02283
1574	-0.02178
1576	-0.0229
1578	-0.02467
1580	-0.02425
1582	-0.02342
1584	-0.023
1586	-0.02365
1588	-0.02221
1590	-0.02214
1592	-0.02351
1594	-0.0242
1596	-0.02472
1598	-0.02257
1600	-0.02112
1602	-0.02082
1604	-0.02159
1606	-0.02157
1608	-0.02314
1610	-0.0231
1612	-0.02124
1614	-0.02056
1616	-0.0223
1618	-0.02292
1620	-0.02278
1622	-0.02246
1624	-0.02192
1626	-0.02249
1628	-0.02302
1630	-0.02229
1632	-0.02001
1634	-0.01749
1636	-0.01774
1638	-0.0186
1640	-0.01771
1642	-0.01493
1644	-0.01375
1646	-0.01173
1648	-0.0106
1650	-0.00906
1652	-0.00835
1654	-0.00769
1656	-0.00782
1658	-0.00813
1660	-0.00715
1662	-0.00613
1664	-0.00725
1666	-0.00789
1668	-0.00672
1670	-0.00552
1672	-0.00466
1674	-0.00406
1676	-0.00505
1678	-0.00569
1680	-0.00451
1682	-0.00556
1684	-0.00652
1686	-0.00688
1688	-0.00661
1690	-0.00788
1692	-0.00829
1694	-0.007
1696	-0.0074
1698	-0.00854
1700	-0.01114
1702	-0.01341
1704	-0.01348
1706	-0.01255
1708	-0.01063
1710	-0.01172
1712	-0.01298
1714	-0.01376
1716	-0.01473
1718	-0.01534
1720	-0.01606
1722	-0.01634
1724	-0.01599
1726	-0.0174
1728	-0.01764
1730	-0.01572
1732	-0.01462
1734	-0.01212
1736	-0.01
1738	-0.0097
1740	-0.0081
1742	-0.00682
1744	-0.00661
1746	-0.00624
1748	-0.00562
1750	-0.00407
1752	-0.00307
1754	-0.00347
1756	-0.00292
1758	-0.00259
1760	-0.00135
1762	-1.32538E-4
1764	-0.00135
1766	-0.00144
1768	7.95753E-4
1770	1.84183E-4
1772	8.62613E-4
1774	9.55044E-4
1776	0.00142
1778	0.00176
1780	4.57334E-4
1782	4.81764E-4
1784	7.59195E-4
1786	2.79625E-4
1788	-0.00154
1790	-0.00162
1792	2.79915E-4
1794	6.49346E-4
1796	2.75776E-4
1798	-3.07794E-4
1800	-9.77364E-4
1802	-0.0027
1804	-0.00265
1806	-0.00192
1808	-3.98643E-4
1810	-0.00206
1812	-0.00251
1814	-0.00249
1816	-0.00256
1818	-0.0014
1820	-0.00197
1822	-0.00177
1824	-0.00186
1826	-0.00239
1828	-0.00134
1830	1.149E-4
1832	7.42434E-4
1834	-0.00151
1836	-0.00175
1838	-0.00277
1840	-0.00315
1842	-0.00283
1844	-0.00354
1846	-0.00325
1848	-0.00117
1850	-0.00222
1852	-0.00459
1854	-0.00575
1856	-0.00415
1858	-0.00273
1860	-0.00226
1862	-0.00329
1864	-0.00301
1866	-0.00137
1868	-0.00148
1870	-0.00179
1872	-7.44896E-4
1874	-4.63363E-4
1876	7.65171E-4
1878	0.001
1880	0.00163
1882	0.00205
1884	0.00121
1886	3.84834E-4
1888	-3.69456E-4
1890	-4.67747E-4
1892	-8.37037E-4
1894	-6.40327E-4
1896	-0.00195
1898	-0.00131
1900	-0.00123
1902	-6.75488E-4
1904	-4.31778E-4
1906	0.00116
1908	2.06415E-5
1910	-5.86649E-4
1912	-8.07939E-4
1914	-5.17229E-4
1916	-9.25519E-4
1918	-0.00191
1920	-0.00184
1922	-0.00133
1924	5.4032E-4
1926	0.00172
1928	0.02486
1930	0.08362
1932	0.15959
1934	0.23771
1936	0.3162
1938	0.38684
1940	0.44962
1942	0.50701
1944	0.55842
1946	0.60379
1948	0.64432
1950	0.67833
1952	0.70621
1954	0.73246
1956	0.73809
1958	0.70468
1960	0.64604
1962	0.57731
1964	0.51267
1966	0.4495
1968	0.3924
1970	0.34022
1972	0.29326
1974	0.25374
1976	0.21908
1978	0.18784
1980	0.16113
1982	0.13937
1984	0.12111
1986	0.10486
1988	0.09128
1990	0.08028
1992	0.07081
1994	0.06473
1996	0.05726
1998	0.0506
2000	0.04402
2002	0.03911
2004	0.03679
2006	0.03194
2008	0.0295
2010	0.02631
2012	0.02378
2014	0.02143
2016	0.01687
2018	0.01377
2020	0.01166
2022	0.01022
2024	0.00969
2026	0.00929
2028	0.00735
2030	0.00649
2032	0.00648
2034	0.0073
2036	0.0056
2038	0.00464
2040	0.004
2042	0.00324
2044	0.00192
2046	0.0017
2048	0.00273
2050	0.004
2052	0.00302
2054	0.00287
2056	0.0036
2058	0.00193
2060	5.38569E-4
2062	0.00197
2064	0.00248
2066	0.00265
2068	0.00235
2070	0.0016
2072	0.00155
2074	0.00247
2076	0.00185
2078	0.00223
2080	4.73446E-4
2082	-2.23066E-4
2084	-0.00171
2086	-0.00154
2088	-0.00318
2090	-0.00253
2092	-8.95627E-4
2094	-0.00207
2096	-0.00341
2098	-0.00217
2100	-0.00242
2102	-0.00253
2104	-0.00223
2106	-0.00247
2108	-0.00183
2110	-0.0012
2112	9.4625E-4
2114	0.00141
2116	2.23226E-4
2118	-3.88287E-4
2120	-6.51799E-4
2122	-5.23311E-4
2124	3.49177E-4
2126	6.06664E-4
2128	0.00142
2130	0.00146
2132	0.00142
2134	0.00212
2136	0.00146
2138	-1.79409E-4
2140	6.45079E-4
2142	-3.77434E-4
2144	1.16054E-4
2146	3.88542E-4
2148	-8.29705E-5
2150	-5.84827E-5
2152	-0.00123
2154	-0.0011
2156	-3.85019E-4
2158	9.25468E-4
2160	0.00175
2162	0.00117
2164	5.26279E-4
2166	0.0016
2168	8.01492E-4
2170	3.86099E-4
2172	0.00274
2174	0.00448
2176	0.00345
2178	0.00259
2180	0.00209
2182	0.00173
2184	0.00132
2186	6.10951E-4
2188	8.36558E-4
2190	0.00163
2192	0.00182
2194	-6.05623E-4
2196	-9.23016E-4
2198	-0.00111
2200	-0.00139
2202	-3.58196E-4
2204	-1.3459E-4
2206	4.11017E-4
2208	0.00157
2210	0.00257
2212	0.00252
2214	0.00124
2216	0.00195
2218	0.0023
2220	0.0042
2222	0.00301
2224	0.00241
2226	0.00273
2228	0.00196
2230	0.00261
2232	0.0037
2234	0.00235
2236	9.53977E-4
2238	2.0765E-5
2240	-3.44447E-4
2242	2.91341E-4
2244	-9.92871E-4
2246	-8.73083E-4
2248	-9.29295E-4
2250	-3.65506E-4
2252	-1.14718E-4
2254	-7.1593E-4
2256	-7.61142E-4
2258	3.74646E-4
2260	6.16434E-4
2262	1.02222E-4
2264	4.4401E-4
2266	0.00114
2268	0.00143
2270	0.00249
2272	0.00325
2274	0.00266
2276	0.00146
2278	4.28527E-4
2280	8.12315E-4
2282	0.00107
2284	0.0024
2286	0.00333
2288	0.0015
2290	2.21256E-4
2292	0.00103
2294	0.00298
2296	0.00108
2298	5.23408E-4
2300	3.09196E-4
2302	7.18088E-4
2304	0.00182
2306	0.00173
2308	0.00193
2310	0.00109
2312	0.00103
2314	5.77481E-4
2316	-1.61988E-6
2318	0.0011
2320	0.00119
2322	0.00112
2324	0.00132
2326	0.00102
2328	2.70774E-4
2330	0.00142
2332	0.00126
2334	-2.91529E-4
2336	-7.05631E-4
2338	9.34268E-4
2340	0.00135
2342	0.00211
2344	0.00279
2346	0.00163
2348	0.00138
2350	0.00138
2352	0.0019
2354	0.00142
2356	0.00162
2358	0.00113
2360	0.00143
2362	0.00141
2364	0.00196
2366	0.00242
2368	0.00292
2370	0.00262
2372	0.00347
2374	0.00252
2376	0.00223
2378	0.00323
2380	0.0023
2382	0.0023
2384	0.00256
2386	0.00242
2388	0.00264
2390	0.00342
2392	0.00332
2394	0.00269
2396	0.0017
2398	0.00214
2400	0.00297
2402	0.00331
2404	0.00271
2406	0.00227
2408	0.00122
2410	-5.88729E-4
2412	-0.00151
2414	3.66874E-4
2416	0.00133
2418	4.73478E-4
2420	-0.00227
2422	-8.12918E-4
2424	-5.11577E-6
2426	-6.97314E-4
2428	-0.00248
2430	-0.0038
2432	-0.00291
2434	-0.00213
2436	-0.002
2438	-0.00127
2440	-0.00243
2442	-0.00325
2444	-0.00377
2446	-0.00268
2448	-0.0023
2450	-0.00286
2452	-0.00432
2454	-0.00302
2456	-0.00284
2458	-0.00173
2460	-0.00177
2462	-0.00196
2464	-7.63977E-4
2466	0.00111
2468	0.00121
2470	1.18027E-4
2472	-9.34972E-4
2474	-0.00115
2476	-0.00122
2478	-0.00193
2480	-0.00273
2482	-0.00121
2484	-0.00146
2486	-0.00209
2488	-0.00161
2490	-0.00173
2492	-0.0023
2494	-0.00181
2496	-5.11957E-4
2498	4.35044E-4
2500	5.70451E-5
2502	-2.70954E-4
2504	-8.87952E-4
2506	-0.00234
2508	-0.00271
2510	-0.00206
2512	-0.00118
2514	-4.45467E-4
2516	-0.00217
2518	-0.00317
2520	-0.00289
2522	-0.00373
2524	-0.00432
2526	-0.00313
2528	0.0167
2530	0.06939
2532	0.14307
2534	0.22432
2536	0.30009
2538	0.37133
2540	0.43727
2542	0.49574
2544	0.54726
2546	0.59257
2548	0.63048
2550	0.66639
2552	0.69675
2554	0.72376
2556	0.73223
2558	0.70173
2560	0.64593
2562	0.58191
2564	0.51795
2566	0.45772
2568	0.40159
2570	0.35164
2572	0.30646
2574	0.26702
2576	0.23196
2578	0.20252
2580	0.17679
2582	0.15374
2584	0.13482
2586	0.11846
2588	0.10365
2590	0.09199
2592	0.08157
2594	0.07341
2596	0.0661
2598	0.05932
2600	0.05429
2602	0.04891
2604	0.0456
2606	0.04116
2608	0.03758
2610	0.03657
2612	0.03438
2614	0.03138
2616	0.02894
2618	0.02639
2620	0.02465
2622	0.02261
2624	0.02059
2626	0.01928
2628	0.01647
2630	0.01474
2632	0.01186
2634	0.01203
2636	0.01466
2638	0.0154
2640	0.01336
2642	0.01407
2644	0.01346
2646	0.01408
2648	0.01268
2650	0.01206
2652	0.0113
2654	0.0104
2656	0.01078
2658	0.01156
2660	0.01158
2662	0.0131
2664	0.01252
2666	0.01347
2668	0.01219
2670	0.01224
2672	0.01256
2674	0.01199
2676	0.01179
2678	0.01189
2680	0.01171
2682	0.0123
2684	0.01399
2686	0.01252
2688	0.01095
2690	0.01104
2692	0.01131
2694	0.00998
2696	0.00776
2698	0.00749
2700	0.00846
2702	0.00836
2704	0.00598
2706	0.0057
2708	0.00586
2710	0.00536
2712	0.00517
2714	0.00722
2716	0.00815
2718	0.00775
2720	0.00569
2722	0.00673
2724	0.00847
2726	0.00815
2728	0.00685
2730	0.00709
2732	0.00639
2734	0.00495
2736	0.00442
2738	0.00478
2740	0.00422
2742	0.0032
2744	0.00283
2746	0.00371
2748	0.00182
2750	6.33349E-4
2752	2.96377E-4
2754	0.00179
2756	2.26432E-4
2758	-0.00116
2760	-5.04512E-4
2762	-1.40484E-4
2764	-0.00169
2766	-2.50429E-4
2768	0.00195
2770	0.00238
2772	0.00222
2774	0.00186
2776	0.00184
2778	0.003
2780	0.00254
2782	8.76793E-4
2784	0.00189
2786	0.00183
2788	0.00147
2790	3.20127E-4
2792	-3.59887E-4
2794	-4.60901E-4
2796	2.74085E-4
2798	2.52071E-4
2800	-1.69426E-5
2802	-0.00122
2804	-8.9597E-4
2806	-0.00292
2808	-0.00365
2810	-0.00301
2812	-0.00351
2814	-0.00413
2816	-0.00299
2818	-0.00177
2820	-0.00332
2822	-0.00491
2824	-0.00545
2826	-0.00399
2828	-0.00394
2830	-0.00498
2832	-0.00547
2834	-0.00563
2836	-0.00595
2838	-0.00779
2840	-0.00781
2842	-0.00922
2844	-0.00917
2846	-0.00824
2848	-0.00846
2850	-0.00902
2852	-0.00999
2854	-0.0099
2856	-0.00752
2858	-0.00801
2860	-0.00954
2862	-0.00958
2864	-0.00843
2866	-0.0074
2868	-0.00819
2870	-0.01036
2872	-0.01032
2874	-0.01038
2876	-0.01036
2878	-0.00999
2880	-0.00907
2882	-0.009
2884	-0.00993
2886	-0.00893
2888	-0.00954
2890	-0.0091
2892	-0.00927
2894	-0.00955
2896	-0.01005
2898	-0.00929
2900	-0.01021
2902	-0.00849
2904	-0.00728
2906	-0.00788
2908	-0.00715
2910	-0.00848
2912	-0.00869
2914	-0.00897
2916	-0.00828
2918	-0.00816
2920	-0.00889
2922	-0.00851
2924	-0.00658
2926	-0.00726
2928	-0.0068
2930	-0.00665
2932	-0.00742
2934	-0.00484
2936	-0.00265
2938	-0.00172
2940	-9.48497E-4
2942	-3.91299E-4
2944	-3.91006E-5
2946	0.00153
2948	0.00171
2950	7.89494E-4
2952	0.00104
2954	-9.3311E-4
2956	-8.38912E-4
2958	-2.10714E-4
2960	-6.50516E-4
2962	-2.49318E-4
2964	-1.9712E-4
2966	-2.58922E-4
2968	4.27595E-6
2970	-7.95526E-4
2972	-0.00231
2974	-0.00109
2976	-5.49932E-4
2978	-0.00176
2980	-0.00127
2982	2.68662E-4
2984	-8.9414E-4
2986	4.60058E-4
2988	0.00181
2990	4.32454E-4
2992	1.98652E-4
2994	0.0013
2996	0.00295
2998	0.00307
3000	0.0021
3002	3.67137E-4
3004	5.2276E-4
3006	7.22383E-4
3008	-6.02994E-4
3010	-0.00103
3012	-0.00109
3014	8.56876E-4
3016	7.57499E-4
3018	-0.00107
3020	-6.32255E-4
3022	5.64368E-4
3024	0.00147
3026	0.00148
3028	8.25238E-4
3030	-4.88139E-4
3032	-0.00184
3034	-5.61893E-4
3036	3.9073E-4
3038	-0.00127
3040	-0.0016
3042	-0.00103
3044	-0.00139
3046	-0.00301
3048	-0.00367
3050	-0.00253
3052	-0.00282
3054	-0.00247
3056	-2.84038E-4
3058	-6.92415E-4
3060	-0.00236
3062	-1.58169E-4
3064	0.00179
3066	0.00139
3068	0.00213
3070	0.00147
3072	3.94209E-5
3074	-0.00104
3076	-0.00149
3078	-0.00181
3080	-0.00333
3082	-2.15645E-4
3084	4.74741E-4
3086	-3.38872E-4
3088	3.01515E-4
3090	7.31902E-4
3092	-4.22712E-4
3094	-9.97325E-4
3096	-8.09938E-4
3098	-7.23551E-4
3100	-0.00125
3102	-0.00177
3104	3.04609E-4
3106	5.59958E-5
3108	-0.00192
3110	-0.00204
3112	-0.00301
3114	-0.00331
3116	-0.00212
3118	-1.56837E-5
3120	0.00173
3122	0.00173
3124	0.00143
3126	-5.22137E-4
3128	0.01509
3130	0.06915
3132	0.14327
3134	0.22512
3136	0.30415
3138	0.37949
3140	0.45023
3142	0.51018
3144	0.56452
3146	0.6113
3148	0.65303
3150	0.68836
3152	0.71918
3154	0.74794
3156	0.76189
3158	0.73422
3160	0.67757
3162	0.61061
3164	0.54175
3166	0.47746
3168	0.41778
3170	0.3626
3172	0.31345
3174	0.27218
3176	0.23593
3178	0.20453
3180	0.17754
3182	0.15399
3184	0.13415
3186	0.1171
3188	0.10135
3190	0.0874
3192	0.07646
3194	0.06525
3196	0.05845
3198	0.05319
3200	0.04846
3202	0.04391
3204	0.04027
3206	0.03666
3208	0.03192
3210	0.0282
3212	0.02835
3214	0.02672
3216	0.02371
3218	0.0196
3220	0.01724
3222	0.01727
3224	0.01579
3226	0.01357
3228	0.01151
3230	0.01165
3232	0.01065
3234	0.00987
3236	0.00788
3238	0.00683
3240	0.00548
3242	0.00351
3244	0.00428
3246	0.00554
3248	0.00285
3250	0.00239
3252	0.00291
3254	0.00322
3256	0.00246
3258	0.00185
3260	0.00151
3262	9.3661E-4
3264	0.00118
3266	0.0011
3268	0.00143
3270	7.13478E-4
3272	3.66446E-4
3274	-1.38587E-4
3276	7.0638E-4
3278	0.0016
3280	4.33389E-4
3282	-5.72155E-4
3284	-7.57699E-4
3286	-0.00136
3288	-6.51788E-4
3290	-6.75332E-4
3292	-0.0014
3294	-0.00114
3296	7.50359E-5
3298	1.14492E-4
3300	-1.08052E-4
3302	-8.70596E-4
3304	-0.00223
3306	-3.00685E-4
3308	1.57713E-5
3310	5.30227E-4
3312	-3.97317E-4
3314	-0.00109
3316	-1.16405E-4
3318	-0.00144
3320	-0.00244
3322	-0.00122
3324	-0.00282
3326	-0.00364
3328	-0.00229
3330	-0.00328
3332	-0.00247
3334	-0.00245
3336	-0.00264
3338	-0.00165
3340	-0.00138
3342	-0.00257
3344	-0.00102
3346	-9.39567E-4
3348	-1.18111E-4
3350	0.00122
3352	4.02801E-4
3354	2.40257E-4
3356	-0.00134
3358	-0.00161
3360	-0.00126
3362	-4.8692E-4
3364	-7.54637E-5
3366	-6.10008E-4
3368	-0.00205
3370	-0.00281
3372	-0.00335
3374	-0.00317
3376	-0.00274
3378	-0.00278
3380	-0.00195
3382	-1.30361E-4
3384	-9.90476E-6
3386	-0.00123
3388	-0.00254
3390	-0.00216
3392	-0.00163
3394	-0.0019
3396	-6.96169E-4
3398	-3.49714E-4
3400	-0.0016
3402	-0.0026
3404	-0.0031
3406	-0.0015
3408	-0.001
3410	-0.00186
3412	-8.86522E-4
3414	-4.33066E-4
3416	6.63895E-5
3418	5.08845E-4
3420	9.93013E-5
3422	-5.31243E-4
3424	1.98213E-4
3426	-7.43331E-4
3428	-0.00149
3430	-0.00226
3432	-0.00193
3434	-0.00214
3436	-4.55052E-4
3438	3.63404E-4
3440	3.5686E-4
3442	5.61316E-4
3444	-1.99228E-4
3446	1.29228E-4
3448	0.00125
3450	-0.00142
3452	-0.00184
3454	-0.00112
3456	-3.86493E-4
3458	-0.00137
3460	-9.14581E-4
3462	-9.84125E-4
3464	7.70331E-4
3466	6.50787E-4
3468	2.69243E-4
3470	0.00249
3472	0.00187
3474	9.2661E-4
3476	2.46066E-4
3478	9.22522E-4
3480	-0.00134
3482	-0.00362
3484	-0.00299
3486	-1.86542E-5
3488	-0.00129
3490	-0.00262
3492	-0.00291
3494	-0.00319
3496	-0.00257
3498	-0.00253
3500	-0.00236
3502	-0.00216
3504	-0.00104
3506	-0.00181
3508	-9.88639E-4
3510	-1.64183E-4
3512	-6.57275E-5
3514	3.77284E-5
3516	-3.67816E-4
3518	0.00101
3520	0.00106
3522	0.0011
3524	8.53008E-4
3526	-4.08536E-4
3528	-7.4708E-4
3530	0.00165
3532	0.00253
3534	0.00101
3536	-3.63257E-4
3538	3.82199E-4
3540	1.39655E-4
3542	2.12111E-4
3544	1.63567E-4
3546	0.00186
3548	0.00339
3550	0.00348
3552	0.00292
3554	0.00195
3556	-4.39698E-4
3558	-3.3242E-5
3560	-2.66786E-4
3562	8.8267E-4
3564	0.00115
3566	-2.09418E-4
3568	-0.0017
3570	-0.00202
3572	-0.00101
3574	-0.00255
3576	-0.00174
3578	-0.00319
3580	-0.00273
3582	-0.00347
3584	-0.00414
3586	-0.00221
3588	-8.86404E-4
3590	2.34052E-4
3592	-8.57492E-4
3594	-0.00116
3596	6.742E-5
3598	-0.00104
3600	-2.86668E-4
3602	-6.95212E-4
3604	-0.00102
3606	-0.0019
3608	-0.00131
3610	-0.0016
3612	-0.00296
3614	-0.00347
3616	-0.0035
3618	-0.00399
3620	-0.00342
3622	-0.0027
3624	-7.16197E-4
3626	1.52146E-4
3628	4.35234E-4
3630	-3.75678E-4
3632	-0.00176
3634	1.86498E-4
3636	0.00113
3638	2.53674E-4
3640	-5.51237E-4
3642	-2.51494E-5
3644	-2.80061E-4
3646	-8.95973E-4
3648	-9.44885E-4
3650	5.25203E-4
3652	0.00168
3654	0.00176
3656	-3.06533E-4
3658	-0.00175
3660	0.0022
3662	0.00178
3664	0.00111
3666	2.26907E-4
3668	-0.00162
3670	-0.00148
3672	-8.96828E-4
3674	6.0926E-4
3676	8.43477E-5
3678	-0.00187
3680	-0.0033
3682	-0.00358
3684	-0.0036
3686	-0.00243
3688	-5.82124E-4
3690	5.51964E-4
3692	9.56052E-4
3694	6.3914E-4
3696	4.54966E-4
3698	-0.00332
3700	-0.00274
3702	-0.00163
3704	-6.61584E-4
3706	-0.0019
3708	-0.00268
3710	-0.00128
3712	9.98867E-4
3714	0.00318
3716	0.0023
3718	0.0015
3720	0.00335
3722	0.00264
3724	0.00132
3726	0.00185
3728	0.01519
3730	0.06393
3732	0.1385
3734	0.22022
3736	0.2999
3738	0.37704
3740	0.44625
3742	0.50804
3744	0.56527
3746	0.61657
3748	0.65928
3750	0.69555
3752	0.72869
3754	0.75651
3756	0.7714
3758	0.74877
3760	0.6956
3762	0.62929
3764	0.56144
3766	0.49681
3768	0.43492
3770	0.37927
3772	0.33086
3774	0.28691
3776	0.24907
3778	0.2181
3780	0.19241
3782	0.16748
3784	0.1448
3786	0.12445
3788	0.10816
3790	0.0955
3792	0.08466
3794	0.07633
3796	0.06908
3798	0.06257
3800	0.05698
3802	0.04973
3804	0.04372
3806	0.04012
3808	0.0359
3810	0.03215
3812	0.03038
3814	0.02515
3816	0.02351
3818	0.02272
3820	0.02005
3822	0.01807
3824	0.01748
3826	0.01514
3828	0.01416
3830	0.01341
3832	0.01159
3834	0.01148
3836	0.01029
3838	0.01022
3840	0.00817
3842	0.00561
3844	0.00533
3846	0.00636
3848	0.00586
3850	0.00543
3852	0.00527
3854	0.00605
3856	0.00679
3858	0.00527
3860	0.00468
3862	0.00556
3864	0.00492
3866	0.00486
3868	0.00538
3870	0.00537
3872	0.00434
3874	0.00388
3876	0.00373
3878	0.00246
3880	0.00158
3882	6.96181E-4
3884	2.84053E-4
3886	-8.43074E-4
3888	-8.46202E-4
3890	-0.00116
3892	2.73542E-4
3894	-4.97585E-4
3896	-1.95713E-4
3898	7.79159E-4
3900	4.00031E-4
3902	-7.30096E-4
3904	-7.1644E-4
3906	-0.00249
3908	-7.45216E-4
3910	-5.96104E-4
3912	-4.93992E-4
3914	-0.00116
3916	-0.00119
3918	-9.94657E-4
3920	-0.00192
3922	-0.00185
3924	-0.00177
3926	-0.00154
3928	-4.79097E-4
3930	-9.89986E-4
3932	-0.00292
3934	-0.00247
3936	0.00154
3938	0.00126
3940	2.86574E-4
3942	0.00261
3944	0.00337
3946	0.00391
3948	0.00201
3950	4.89133E-4
3952	1.77245E-4
3954	2.82357E-4
3956	-0.00129
3958	-0.00284
3960	-2.20308E-4
3962	-3.21196E-4
3964	-0.00128
3966	-7.63972E-4
3968	-4.4286E-4
3970	0.00204
3972	0.00223
3974	0.00201
3976	0.00221
3978	2.74699E-4
3980	7.98811E-4
3982	4.34923E-4
3984	-3.83965E-4
3986	5.94146E-4
3988	4.00258E-4
3990	6.7937E-4
3992	-2.40518E-4
3994	6.25594E-4
3996	-3.44294E-4
3998	-0.00112
4000	-2.55071E-4
4002	5.41041E-4
4004	-2.32847E-4
4006	-2.42735E-4
4008	7.23768E-5
4010	-2.33511E-4
4012	-0.00185
4014	-0.00253
4016	-0.0013
4018	-0.00103
4020	-0.00146
4022	-0.00214
4024	-0.00182
4026	-0.00159
4028	-0.00394
4030	-0.00613
4032	-0.00628
4034	-0.00685
4036	-0.00722
4038	-0.0061
4040	-0.00795
4042	-0.00892
4044	-0.01038
4046	-0.01136
4048	-0.01209
4050	-0.01189
4052	-0.01212
4054	-0.01267
4056	-0.01306
4058	-0.01279
4060	-0.01441
4062	-0.01441
4064	-0.01574
4066	-0.01749
4068	-0.01851
4070	-0.01839
4072	-0.01822
4074	-0.0173
4076	-0.014
4078	-0.01255
4080	-0.01339
4082	-0.01257
4084	-0.01179
4086	-0.01111
4088	-0.01003
4090	-0.00969
4092	-0.00946
4094	-0.00774
4096	-0.00478
4098	-0.00474
4100	-0.00488
4102	-0.00321
4104	-0.00269
4106	-0.00272
4108	-0.0019
4110	-7.67275E-4
4112	-0.00297
4114	-0.00469
4116	-0.0042
4118	-0.00445
4120	-0.0033
4122	-0.00262
4124	-0.00388
4126	-0.004
4128	-0.00374
4130	-0.00405
4132	-0.00455
4134	-0.00572
4136	-0.00519
4138	-0.00461
4140	-0.00425
4142	-0.00449
4144	-0.00425
4146	-0.00422
4148	-0.00257
4150	-6.58472E-4
4152	-0.00125
4154	-0.00119
4156	-0.00102
4158	-6.35025E-4
4160	-0.00253
4162	-0.00315
4164	-0.00202
4166	-0.00167
4168	-5.15465E-4
4170	3.85646E-4
4172	0.00131
4174	-4.41299E-5
4176	4.55982E-4
4178	0.00133
4180	-3.03794E-4
4182	8.93318E-4
4184	0.00193
4186	0.00129
4188	-5.67483E-4
4190	-1.915E-4
4192	9.69483E-4
4194	0.00165
4196	2.54448E-4
4198	-9.93569E-4
4200	-7.49587E-4
4202	-5.98604E-4
4204	-7.01621E-4
4206	-0.00155
4208	-0.00237
4210	-7.66673E-4
4212	-0.00158
4214	-0.00118
4216	-0.00209
4218	-0.00301
4220	-0.00265
4222	-0.00311
4224	-0.00351
4226	-0.00402
4228	-0.00377
4230	-0.00443
4232	-0.00207
4234	-0.00168
4236	-0.00288
4238	-0.0026
4240	-0.00269
4242	-0.00319
4244	-0.0033
4246	-0.0012
4248	-0.00146
4250	-0.00152
4252	-0.00195
4254	-0.00201
4256	-0.00273
4258	-0.00425
4260	-0.00377
4262	-0.00304
4264	-0.00481
4266	-0.00301
4268	-0.00267
4270	-0.00147
4272	-6.44897E-4
4274	-0.00165
4276	-0.00266
4278	-0.00251
4280	-4.0324E-4
4282	4.70425E-4
4284	4.40089E-4
4286	0.00198
4288	0.00212
4290	3.90818E-5
4292	-0.00217
4294	-7.1259E-4
4296	-2.09925E-4
4298	-0.00208
4300	-0.00138
4302	-3.89932E-4
4304	8.96732E-4
4306	-0.00117
4308	-0.00189
4310	-0.00183
4312	-0.00185
4314	-0.00457
4316	-0.00266
4318	-7.75618E-4
4320	5.68047E-4
4322	-0.00116
4324	-0.00123
4326	-0.00133
4328	0.01039
4330	0.05581
4332	0.12537
4334	0.20704
4336	0.28987
4338	0.36635
4340	0.43894
4342	0.50283
4344	0.55917
4346	0.60845
4348	0.65268
4350	0.6901
4352	0.72253
4354	0.75016
4356	0.77047
4358	0.75326
4360	0.70332
4362	0.63887
4364	0.57195
4366	0.50518
4368	0.4432
4370	0.38796
4372	0.33728
4374	0.29302
4376	0.25477
4378	0.22042
4380	0.19076
4382	0.16503
4384	0.14223
4386	0.12373
4388	0.10957
4390	0.096
4392	0.08489
4394	0.07729
4396	0.06899
4398	0.06294
4400	0.05717
4402	0.04994
4404	0.04448
4406	0.04075
4408	0.03709
4410	0.03138
4412	0.02876
4414	0.02643
4416	0.0244
4418	0.02273
4420	0.01851
4422	0.01506
4424	0.01372
4426	0.01353
4428	0.01338
4430	0.01137
4432	0.01002
4434	0.0089
4436	0.00641
4438	0.00422
4440	0.00427
4442	0.00408
4444	0.0029
4446	0.0012
4448	0.00283
4450	0.00342
4452	0.00387
4454	0.00217
4456	8.72135E-4
4458	8.67799E-4
4460	3.94463E-4
4462	6.31267E-5
4464	8.60791E-4
4466	0.00111
4468	-1.88813E-5
4470	7.95783E-4
4472	6.37447E-4
4474	-8.20889E-4
4476	-7.62225E-4
4478	3.28439E-4
4480	6.84103E-4
4482	0.0014
4484	0.00318
4486	7.74095E-4
4488	-8.50241E-4
4490	-0.00289
4492	-0.00255
4494	-1.23249E-4
4496	0.00182
4498	0.00214
4500	7.06743E-4
4502	-2.32593E-4
4504	-3.46929E-4
4506	-1.45265E-4
4508	-0.00146
4510	-0.00286
4512	-0.00247
4514	-0.00248
4516	-0.00179
4518	-0.00146
4520	-0.00295
4522	-0.00242
4524	-0.00126
4526	-0.0012
4528	-1.82962E-4
4530	-0.00178
4532	-0.0033
4534	-0.00344
4536	-0.00286
4538	-0.00401
4540	-0.00358
4542	-0.00289
4544	-0.00401
4546	-0.00263
4548	-0.00288
4550	-0.0017
4552	-0.00128
4554	-0.00211
4556	-0.00252
4558	-0.00372
4560	-0.00241
4562	-0.00195
4564	-0.00107
4566	-0.00281
4568	-0.00175
4570	-0.00157
4572	-0.00112
4574	2.9631E-4
4576	-0.00204
4578	-0.00232
4580	-0.00112
4582	-0.00237
4584	-0.00327
4586	-0.00327
4588	-0.00113
4590	-8.15378E-4
4592	-8.91714E-4
4594	7.19502E-5
4596	-8.13386E-4
4598	-0.00101
4600	-0.00276
4602	-0.00237
4604	-0.00214
4606	-0.00248
4608	-0.00429
4610	-0.00226
4612	-0.00313
4614	-0.00195
4616	-3.85746E-4
4618	-0.00174
4620	-0.00199
4622	-0.00165
4624	7.7991E-4
4626	0.00122
4628	3.86238E-4
4630	-4.14098E-4
4632	1.88566E-4
4634	2.6723E-4
4636	-3.72106E-4
4638	1.79558E-4
4640	-7.11778E-4
4642	-7.43114E-4
4644	-1.3245E-4
4646	6.67214E-4
4648	4.58878E-4
4650	0.00138
4652	0.00189
4654	-7.1213E-4
4656	-0.00313
4658	-0.00311
4660	-0.00451
4662	-0.00601
4664	-0.00563
4666	-0.00515
4668	-0.00571
4670	-0.00492
4672	-0.00349
4674	-0.003
4676	-0.00339
4678	-0.0042
4680	-0.00491
4682	-0.00347
4684	-0.00338
4686	-0.00184
4688	-0.00163
4690	-6.93178E-4
4692	-0.00251
4694	-0.00342
4696	-0.00219
4698	-0.00349
4700	-0.00371
4702	-0.00269
4704	-9.3753E-4
4706	-0.00168
4708	-5.55202E-4
4710	4.03462E-4
4712	-0.00181
4714	-0.00305
4716	-0.0037
4718	-0.00258
4720	-0.00301
4722	-0.00236
4724	-0.00128
4726	-0.00162
4728	-3.53562E-4
4730	7.36102E-4
4732	0.0018
4734	-1.8057E-4
4736	-0.00247
4738	-0.00225
4740	-0.00253
4742	-0.0027
4744	-0.00232
4746	-0.00191
4748	-8.11488E-4
4750	-6.49939E-4
4752	-7.94389E-4
4754	-2.5084E-4
4756	-0.00265
4758	-0.00354
4760	-0.00454
4762	-0.00288
4764	-0.00234
4766	-0.00321
4768	-0.00306
4770	-0.00327
4772	-0.00291
4774	-0.0039
4776	-0.0042
4778	-0.00188
4780	-0.00155
4782	-0.00227
4784	-0.00255
4786	-0.00394
4788	-0.00412
4790	-0.00357
4792	-0.00373
4794	-0.00373
4796	-0.0023
4798	-0.00167
4800	-0.00357
4802	-0.00373
4804	-0.00254
4806	-0.00207
4808	-0.00294
4810	-0.00373
4812	-0.00264
4814	-0.00219
4816	-7.92048E-4
4818	0.00112
4820	-0.00173
4822	-0.00423
4824	-0.00346
4826	-0.00309
4828	-0.00465
4830	-0.00217
4832	-6.71974E-4
4834	-0.00106
4836	3.93544E-4
4838	9.54304E-4
4840	2.06063E-4
4842	1.27822E-4
4844	-4.06419E-4
4846	-2.57659E-4
4848	-0.00264
4850	-0.00238
4852	-0.00218
4854	-0.00389
4856	-0.00482
4858	-0.00379
4860	-0.00106
4862	-1.53586E-4
4864	3.14174E-4
4866	2.77933E-4
4868	8.29692E-4
4870	-1.92549E-4
4872	-0.00207
4874	-0.00264
4876	-0.00139
4878	-0.00187
4880	-0.00343
4882	-0.00437
4884	-0.00375
4886	-0.00142
4888	-7.97245E-4
4890	-0.00153
4892	-0.00325
4894	-0.00171
4896	0.00107
4898	0.00158
4900	-2.3962E-4
4902	-0.00208
4904	-8.29412E-4
4906	2.16922E-5
4908	-2.46204E-4
4910	-2.841E-4
4912	-0.00184
4914	-0.00338
4916	-0.00356
4918	-0.005
4920	-0.00242
4922	-0.00132
4924	-0.00115
4926	-0.00133
4928	0.00346
4930	0.04414
4932	0.11405
4934	0.19433
4936	0.27645
4938	0.35182
4940	0.42483
4942	0.49051
4944	0.54855
4946	0.60097
4948	0.64488
4950	0.68352
4952	0.71693
4954	0.74704
4956	0.76729
4958	0.75493
4960	0.70794
4962	0.64488
4964	0.57803
4966	0.51214
4968	0.44823
4970	0.39363
4972	0.34363
4974	0.29888
4976	0.25997
4978	0.22672
4980	0.19732
4982	0.17064
4984	0.14937
4986	0.12927
4988	0.11369
4990	0.10127
4992	0.08799
4994	0.07819
4996	0.06973
4998	0.06317
5000	0.05762
5002	0.05141
5004	0.04653
5006	0.04191
5008	0.03627
5010	0.032
5012	0.02745
5014	0.02758
5016	0.02425
5018	0.02123
5020	0.01954
5022	0.01823
5024	0.01682
5026	0.01493
5028	0.0142
5030	0.01204
5032	0.01076
5034	0.01133
5036	0.01029
5038	0.01023
5040	0.00869
5042	0.00764
5044	0.00745
5046	0.00632
5048	0.00545
5050	0.00459
5052	0.00525
5054	0.0048
5056	0.00268
5058	0.00232
5060	9.76024E-4
5062	0.00135
5064	0.00154
5066	-4.91022E-4
5068	-7.77704E-4
5070	3.11614E-4
5072	-4.99068E-4
5074	7.0925E-4
5076	0.00168
5078	-2.63115E-4
5080	-2.86797E-4
5082	6.20521E-4
5084	7.47839E-4
5086	-5.18431E-5
5088	-9.37525E-4
5090	-0.00112
5092	3.31621E-4
5094	0.00125
5096	-2.39592E-4
5098	-8.17699E-4
5100	8.61942E-5
5102	2.46087E-4
5104	-0.00213
5106	-0.00281
5108	-0.00146
5110	-0.00191
5112	-0.00223
5114	-0.00182
5116	-0.00161
5118	-8.99767E-4
5120	-2.48741E-5
5122	-9.99809E-5
5124	6.07912E-4
5126	5.45805E-4
5128	-5.03014E-5
5130	4.26592E-4
5132	0.00181
5134	0.0012
5136	1.54271E-4
5138	9.58164E-4
5140	8.26058E-4
5142	0.00151
5144	-1.15598E-6
5146	-3.96263E-4
5148	-5.7337E-4
5150	-0.00268
5152	-0.00329
5154	-0.00289
5156	-0.00299
5158	-0.00304
5160	-0.00124
5162	-4.75117E-4
5164	-9.32242E-5
5166	-8.13331E-4
5168	-6.62438E-4
5170	3.98455E-4
5172	2.69348E-4
5174	0.00145
5176	0.00157
5178	5.11028E-4
5180	-1.86079E-4
5182	5.98144E-5
5184	-7.44292E-4
5186	-0.00232
5188	-0.00202
5190	-7.40613E-4
5192	8.5528E-4
5194	9.47173E-4
5196	-0.00109
5198	1.1996E-4
5200	-4.31471E-5
5202	7.37746E-4
5204	0.00258
5206	0.0017
5208	6.06426E-4
5210	2.23188E-5
5212	-9.21788E-4
5214	-0.00228
5216	-0.00157
5218	-7.51108E-4
5220	-0.00124
5222	-0.00107
5224	6.79571E-4
5226	3.53464E-4
5228	0.00111
5230	-7.01749E-4
5232	-1.33856E-4
5234	0.00263
5236	0.00258
5238	0.00155
5240	-3.66284E-4
5242	-2.3539E-4
5244	4.52503E-4
5246	9.96396E-4
5248	4.89289E-4
5250	-0.00117
5252	-9.76924E-4
5254	0.00144
5256	5.26862E-4
5258	0.00115
5260	0.00166
5262	8.08541E-4
5264	9.85435E-4
5266	0.00117
5268	0.00211
5270	1.36114E-4
5272	-2.97993E-4
5274	6.589E-4
5276	-0.0022
5278	-0.00257
5280	3.6558E-4
5282	3.31473E-4
5284	-0.00164
5286	-0.00109
5288	-5.68847E-4
5290	-6.32954E-4
5292	2.00939E-4
5294	4.65832E-4
5296	0.00106
5298	0.00134
5300	5.04512E-4
5302	-0.00188
5304	-0.00403
5306	-0.00229
5308	-5.81916E-4
5310	-6.11022E-4
5312	8.08871E-4
5314	0.00108
5316	3.88657E-4
5318	-6.94497E-5
5320	-7.00557E-4
5322	-0.00157
5324	-0.00314
5326	-0.00282
5328	-0.00137
5330	-5.20091E-4
5332	-0.00285
5334	-0.0034
5336	-0.00434
5338	-0.00489
5340	-0.00272
5342	-0.00341
5344	-0.00302
5346	-2.76945E-4
5348	-0.00175
5350	-0.00145
5352	-4.38266E-4
5354	-7.52373E-4
5356	-8.58479E-4
5358	4.54414E-4
5360	-5.66693E-4
5362	-1.198E-4
5364	-0.00107
5366	-0.00146
5368	-0.00123
5370	-0.00187
5372	-6.46334E-4
5374	-2.94408E-5
5376	1.35452E-4
5378	0.00128
5380	-1.47613E-5
5382	4.94132E-4
5384	6.35025E-4
5386	6.04918E-4
5388	6.65811E-4
5390	6.14705E-4
5392	0.00147
5394	3.78491E-4
5396	-4.06616E-4
5398	-7.72723E-4
5400	-5.9583E-4
5402	-4.06936E-4
5404	-0.00134
5406	0.00141
5408	0.00212
5410	-4.33636E-5
5412	5.45296E-5
5414	4.88423E-4
5416	-3.72684E-4
5418	3.42209E-4
5420	0.00312
5422	0.00258
5424	6.45889E-4
5426	9.42782E-4
5428	6.51675E-4
5430	0.00179
5432	-5.95539E-4
5434	-0.00248
5436	-0.0022
5438	-0.00111
5440	2.07098E-4
5442	3.42721E-4
5444	0.00113
5446	4.20968E-4
5448	0.00207
5450	0.00105
5452	6.36837E-4
5454	0.00163
5456	0.00184
5458	0.00134
5460	0.00172
5462	9.49536E-5
5464	0.00118
5466	2.242E-4
5468	7.38233E-5
5470	-9.73553E-4
5472	-0.00293
5474	-0.00274
5476	-0.00237
5478	-0.0025
5480	-0.00185
5482	2.79186E-4
5484	-7.52191E-4
5486	-0.00156
5488	-0.00102
5490	-0.00117
5492	-0.00166
5494	-5.06074E-4
5496	-0.00178
5498	-0.00322
5500	-8.67205E-4
5502	-9.48582E-4
5504	-0.00135
5506	-0.00127
5508	-8.91658E-4
5510	-0.00176
5512	-9.781E-4
5514	-0.00149
5516	-7.07543E-4
5518	7.51736E-4
5520	-5.39848E-5
5522	-0.00179
5524	-0.00408
5526	-0.00358
5528	6.58131E-4
5530	0.035
5532	0.10174
5534	0.18192
5536	0.2635
5538	0.34268
5540	0.41436
5542	0.47769
5544	0.53364
5546	0.58546
5548	0.63053
5550	0.67263
5552	0.70818
5554	0.73586
5556	0.75903
5558	0.75348
5560	0.70976
5562	0.64873
5564	0.58076
5566	0.51435
5568	0.45245
5570	0.39694
5572	0.34527
5574	0.30092
5576	0.25958
5578	0.22587
5580	0.19708
5582	0.17254
5584	0.15057
5586	0.13383
5588	0.11711
5590	0.10315
5592	0.09062
5594	0.07957
5596	0.07013
5598	0.06267
5600	0.05672
5602	0.05063
5604	0.04498
5606	0.04089
5608	0.03571
5610	0.03107
5612	0.02973
5614	0.0275
5616	0.02491
5618	0.02359
5620	0.02275
5622	0.02135
5624	0.01968
5626	0.01767
5628	0.01677
5630	0.01487
5632	0.01295
5634	0.01231
5636	0.01199
5638	0.01045
5640	0.0106
5642	0.00889
5644	0.00573
5646	0.00517
5648	0.00532
5650	0.00524
5652	0.00637
5654	0.0057
5656	0.00361
5658	0.0033
5660	0.00358
5662	0.00287
5664	0.00149
5666	0.0014
5668	0.00152
5670	0.00373
5672	0.00357
5674	0.00304
5676	0.00157
5678	0.0013
5680	0.00122
5682	0.00114
5684	0.00171
5686	2.14463E-4
5688	-6.82468E-4
5690	1.85601E-4
5692	0.0014
5694	0.00114
5696	-5.41907E-5
5698	-9.41215E-5
5700	4.06948E-4
5702	4.81017E-4
5704	-4.38914E-4
5706	-4.38844E-4
5708	9.34225E-4
5710	-2.34706E-4
5712	0.00215
5714	0.00175
5716	0.00102
5718	0.00223
5720	0.003
5722	0.00376
5724	0.00306
5726	0.00149
5728	-5.16854E-4
5730	-0.00136
5732	-0.00114
5734	-2.51365E-4
5736	-9.73536E-4
5738	-7.77059E-5
5740	-1.52876E-4
5742	-5.34047E-4
5744	4.22783E-4
5746	-1.79387E-4
5748	3.94425E-5
5750	9.49272E-4
5752	0.00193
5754	0.00264
5756	0.00291
5758	2.34591E-4
5760	0.00111
5762	0.0012
5764	-5.5892E-4
5766	8.00909E-4
5768	5.32739E-4
5770	-1.67431E-4
5772	2.60398E-4
5774	-8.16772E-4
5776	-0.00114
5778	2.36887E-4
5780	-6.52829E-5
5782	-1.39453E-4
5784	-9.79624E-4
5786	-0.00205
5788	-0.00107
5790	-2.43016E-4
5792	-4.96214E-4
5794	-0.00101
5796	-0.00119
5798	-0.0018
5800	-0.00212
5802	-1.73204E-4
5804	0.00195
5806	0.0013
5808	-4.92798E-4
5810	-1.99996E-4
5812	8.40806E-4
5814	0.00217
5816	0.00224
5818	0.00248
5820	0.00148
5822	0.00172
5824	4.23617E-4
5826	-3.40581E-4
5828	0.00123
5830	6.60023E-4
5832	-0.00126
5834	-0.00128
5836	-0.00222
5838	-0.0022
5840	-5.61967E-4
5842	3.88349E-5
5844	-1.24363E-4
5846	0.0015
5848	0.00286
5850	0.00234
5852	-4.80155E-4
5854	-0.00147
5856	-0.00141
5858	-0.00192
5860	-1.81016E-4
5862	3.57814E-4
5864	-3.02356E-4
5866	-2.38527E-4
5868	-6.31697E-4
5870	5.96133E-4
5872	5.05962E-4
5874	-5.22208E-4
5876	3.64622E-4
5878	4.64451E-4
5880	-0.00142
5882	-0.00259
5884	-0.00368
5886	-0.00384
5888	-0.00243
5890	-0.00223
5892	-0.00126
5894	-0.00115
5896	-0.00123
5898	-4.25211E-6
5900	-0.00168
5902	-0.0026
5904	-0.00324
5906	-0.00293
5908	-0.0017
5910	-1.72741E-5
5912	9.61556E-4
5914	-2.42615E-4
5916	-0.00151
5918	-3.13955E-4
5920	-4.71126E-4
5922	-5.62296E-4
5924	-5.83466E-4
5926	-0.00115
5928	-7.46222E-4
5930	0.00105
5932	2.81833E-4
5934	-3.1388E-6
5936	-5.04111E-4
5938	-0.00151
5940	-0.00107
5942	-3.05028E-4
5944	-0.00143
5946	-0.00114
5948	-6.15945E-4
5950	-0.00132
5952	-6.54889E-4
5954	-8.48862E-4
5956	-0.00187
5958	-0.00119
5960	-6.94779E-4
5962	-0.002
5964	-0.00297
5966	-0.00314
5968	-0.00256
5970	-0.00291
5972	-0.00208
5974	-0.00144
5976	-0.00265
5978	-0.00274
5980	-0.00372
5982	-0.00471
5984	-0.0033
5986	-0.00243
5988	-0.00231
5990	-0.00209
5992	-0.00269
5994	-0.00289
5996	-0.00145
5998	-0.00234
6000	-0.00497
6002	-0.00643
6004	-0.00518
6006	-0.00465
6008	-0.00371
6010	-0.00346
6012	-0.00317
6014	-0.00188
6016	-0.0016
6018	-0.00249
6020	-0.00217
6022	-0.00355
6024	-0.0018
6026	-0.00128
6028	-0.00184
6030	-0.00261
6032	-0.00233
6034	-0.00328
6036	-0.00263
6038	-0.00222
6040	-0.00366
6042	-0.00375
6044	-0.0037
6046	-0.00391
6048	-0.00385
6050	-0.00398
6052	-0.00382
6054	-0.00419
6056	-0.00538
6058	-0.0043
6060	-0.00319
6062	-0.00214
6064	-3.01824E-4
6066	-6.4975E-4
6068	-0.00287
6070	-0.00271
6072	-0.00226
6074	-0.00403
6076	-0.00357
6078	-0.00238
6080	-0.00257
6082	-0.0019
6084	-0.00279
6086	-0.00229
6088	-0.00261
6090	-0.00159
6092	-0.00203
6094	-0.00179
6096	-0.00234
6098	-0.00241
6100	-0.00292
6102	-0.00307
6104	-0.00238
6106	-0.00138
6108	-0.00225
6110	-0.00191
6112	-0.00211
6114	-0.00261
6116	-0.00304
6118	-0.00272
6120	-0.0027
6122	-0.00258
6124	-0.00213
6126	-0.00289
6128	6.8653E-4
6130	0.03302
6132	0.09469
6134	0.17158
6136	0.25595
6138	0.33297
6140	0.40405
6142	0.46998
6144	0.52858
6146	0.58296
6148	0.63013
6150	0.66767
6152	0.70224
6154	0.73366
6156	0.7596
6158	0.75802
6160	0.71787
6162	0.65611
6164	0.58782
6166	0.52157
6168	0.46041
6170	0.40362
6172	0.35257
6174	0.30741
6176	0.26617
6178	0.22883
6180	0.19921
6182	0.17451
6184	0.15291
6186	0.13271
6188	0.1162
6190	0.10261
6192	0.09061
6194	0.08022
6196	0.07054
6198	0.06316
6200	0.0571
6202	0.05223
6204	0.04646
6206	0.0431
6208	0.03931
6210	0.03564
6212	0.03175
6214	0.02834
6216	0.02547
6218	0.02498
6220	0.02321
6222	0.02129
6224	0.0177
6226	0.01606
6228	0.01658
6230	0.0138
6232	0.01285
6234	0.0114
6236	0.00817
6238	0.00673
6240	0.00663
6242	0.00486
6244	0.00377
6246	0.00422
6248	0.00383
6250	0.0034
6252	0.00423
6254	0.0052
6256	0.00277
6258	0.00137
6260	0.00195
6262	0.00108
6264	0.00165
6266	0.00117
6268	0.00218
6270	0.00225
6272	-1.02703E-4
6274	1.05486E-4
6276	0.0012
6278	8.3886E-4
6280	9.59546E-4
6282	2.22332E-5
6284	-2.6508E-4
6286	0.00115
6288	0.00186
6290	0.00237
6292	0.00221
6294	7.27354E-4
6296	0.00194
6298	0.00214
6300	0.00201
6302	5.69101E-4
6304	0.00169
6306	0.00136
6308	-6.59838E-4
6310	-5.98151E-4
6312	2.84536E-4
6314	-1.09778E-4
6316	6.02909E-4
6318	3.83596E-4
6320	-4.92717E-4
6322	-0.0017
6324	-0.00208
6326	-1.39657E-4
6328	7.5903E-4
6330	0.00113
6332	7.44404E-4
6334	-2.39093E-5
6336	-8.97222E-4
6338	-8.52536E-4
6340	-4.51849E-4
6342	-5.52162E-4
6344	-9.51286E-4
6346	-0.00188
6348	-0.00243
6350	-0.00254
6352	-0.00225
6354	-0.00172
6356	-0.00127
6358	-9.63802E-4
6360	-6.45732E-4
6362	-0.00128
6364	-0.00167
6366	-0.002
6368	-0.00342
6370	-0.00343
6372	-0.00305
6374	-0.00191
6376	-0.00207
6378	-7.13109E-4
6380	-0.00239
6382	-0.00336
6384	-0.00199
6386	-0.0012
6388	0.00117
6390	-4.69693E-4
6392	-0.00175
6394	-4.67555E-4
6396	-7.66485E-4
6398	-0.00106
6400	-0.00124
6402	-0.00225
6404	-0.00144
6406	2.08861E-4
6408	0.00129
6410	3.91E-4
6412	-4.64931E-4
6414	-9.8502E-4
6416	-0.00126
6418	-0.00251
6420	-0.00248
6422	-2.51812E-4
6424	6.5599E-4
6426	-9.36208E-4
6428	-3.71406E-4
6430	8.56396E-4
6432	-4.92802E-4
6434	-6.64E-4
6436	-0.00266
6438	-0.00246
6440	-0.00128
6442	-6.89792E-4
6444	-0.00183
6446	-3.85188E-4
6448	2.65614E-4
6450	-0.00222
6452	-0.00245
6454	-0.00113
6456	-0.00216
6458	-0.00407
6460	-0.00204
6462	3.02227E-4
6464	-5.90971E-4
6466	-7.65169E-4
6468	-8.34367E-4
6470	-0.00117
6472	-0.00212
6474	-0.00236
6476	-0.00157
6478	-4.64357E-4
6480	-9.43555E-4
6482	-4.24753E-4
6484	-0.00224
6486	-8.32819E-4
6488	-2.38989E-4
6490	-9.5916E-4
6492	-6.2333E-4
6494	-0.00129
6496	-8.02671E-4
6498	-0.00141
6500	-4.45011E-4
6502	-0.00107
6504	-0.00294
6506	-0.00118
6508	1.67307E-4
6510	-9.49863E-4
6512	-0.0024
6514	-0.00265
6516	-0.00296
6518	-0.00328
6520	-0.00322
6522	-0.00238
6524	-0.0026
6526	-0.00378
6528	-0.00285
6530	-0.00316
6532	-0.00401
6534	-0.00223
6536	-0.00275
6538	-0.00262
6540	-0.00145
6542	-4.41588E-4
6544	-6.27586E-5
6546	-4.35929E-4
6548	-1.79099E-4
6550	7.67304E-5
6552	-3.60148E-6
6554	-3.56686E-4
6556	-1.17771E-4
6558	-2.47855E-4
6560	4.8706E-4
6562	-0.00118
6564	-0.00157
6566	-0.0015
6568	-0.00206
6570	-0.00285
6572	-0.00339
6574	-0.00336
6576	-0.00351
6578	-0.00361
6580	-0.00262
6582	-0.00202
6584	-0.00337
6586	-0.0029
6588	-0.00435
6590	-0.00496
6592	-0.00543
6594	-0.00503
6596	-0.00402
6598	-0.0024
6600	-0.00289
6602	-0.00284
6604	-0.00323
6606	-0.00306
6608	-0.00415
6610	-0.00508
6612	-0.00474
6614	-0.00435
6616	-0.00353
6618	-0.00487
6620	-0.00559
6622	-0.00448
6624	-0.00331
6626	-0.00174
6628	-0.00168
6630	-0.00405
6632	-0.00409
6634	-0.00269
6636	-0.00247
6638	-0.00295
6640	-0.00197
6642	-0.00112
6644	-1.09275E-4
6646	0.00105
6648	0.00111
6650	-0.00159
6652	-0.00198
6654	-0.003
6656	-0.00425
6658	-0.00477
6660	-0.00231
6662	4.25096E-4
6664	2.25471E-4
6666	-7.47155E-4
6668	3.2522E-4
6670	1.53594E-4
6672	-0.00143
6674	-0.00371
6676	-0.003
6678	-0.00165
6680	-0.00202
6682	-0.0045
6684	-0.00403
6686	-0.003
6688	-0.0017
6690	-0.00156
6692	-0.00266
6694	-0.00131
6696	-2.7014E-4
6698	2.90101E-4
6700	-0.00176
6702	-0.00276
6704	-0.00183
6706	-0.00325
6708	-0.0032
6710	-0.0015
6712	-0.00224
6714	-0.00218
6716	-0.00137
6718	5.66506E-4
6720	0.00137
6722	1.66987E-4
6724	-1.09772E-4
6726	-9.32532E-4
6728	0.00126
6730	0.02931
6732	0.08778
6734	0.16128
6736	0.24411
6738	0.32473
6740	0.3983
6742	0.46434
6744	0.52564
6746	0.57862
6748	0.62403
6750	0.66454
6752	0.69886
6754	0.72947
6756	0.75488
6758	0.75527
6760	0.71909
6762	0.66299
6764	0.59649
6766	0.52926
6768	0.46672
6770	0.40964
6772	0.35814
6774	0.31172
6776	0.27168
6778	0.23703
6780	0.20605
6782	0.18115
6784	0.15706
6786	0.13735
6788	0.12075
6790	0.10714
6792	0.09469
6794	0.08343
6796	0.07475
6798	0.0675
6800	0.06024
6802	0.05448
6804	0.05066
6806	0.04645
6808	0.04232
6810	0.03932
6812	0.03499
6814	0.03157
6816	0.02927
6818	0.0268
6820	0.02392
6822	0.02351
6824	0.02067
6826	0.0169
6828	0.01571
6830	0.01407
6832	0.01262
6834	0.00915
6836	0.0074
6838	0.00839
6840	0.00756
6842	0.00521
6844	0.00518
6846	0.00415
6848	0.00206
6850	0.00158
6852	9.96196E-4
6854	-1.0996E-4
6856	0.00253
6858	0.00183
6860	2.6657E-4
6862	-0.00149
6864	-0.00174
6866	-3.59899E-4
6868	0.00101
6870	-8.67212E-4
6872	-0.00264
6874	-0.00323
6876	-0.00141
6878	-0.00181
6880	-0.00395
6882	-0.00509
6884	-0.00503
6886	-0.00473
6888	-0.00412
6890	-0.00204
6892	-5.51933E-4
6894	-0.00226
6896	-0.00365
6898	-0.00346
6900	-0.0033
6902	-8.23582E-4
6904	-0.00369
6906	-0.003
6908	-0.00263
6910	-0.00327
6912	-0.00404
6914	-0.00303
6916	-0.00245
6918	-7.77167E-4
6920	-0.00147
6922	-0.00107
6924	-7.33761E-4
6926	1.18041E-4
6928	-6.25157E-4
6930	-3.83548E-5
6932	0.00139
6934	-3.67751E-4
6936	-3.00949E-4
6938	5.86853E-4
6940	-2.70345E-4
6942	3.74457E-4
6944	5.88259E-4
6946	-0.00116
6948	-0.00231
6950	-0.00162
6952	-7.55533E-4
6954	0.00113
6956	0.0013
6958	0.00242
6960	0.00193
6962	5.54476E-4
6964	-7.52722E-4
6966	-5.9492E-4
6968	-0.00104
6970	-0.00132
6972	-0.00318
6974	-0.00352
6976	-0.00245
6978	-0.00175
6980	-6.24464E-4
6982	0.00167
6984	-2.82353E-4
6986	-8.74297E-4
6988	-0.00116
6990	8.24814E-4
6992	0.00356
6994	0.00303
6996	-2.3902E-4
6998	-4.99965E-4
7000	-3.99909E-4
7002	-0.00168
7004	-0.0016
7006	-0.00126
7008	-0.00201
7010	-0.00107
7012	-3.64577E-4
7014	-0.00262
7016	-3.25466E-4
7018	0.00101
7020	-0.00161
7022	-0.00121
7024	8.19756E-4
7026	0.00335
7028	0.0025
7030	0.00212
7032	4.23977E-4
7034	-0.00222
7036	-0.00215
7038	-4.40856E-4
7040	-6.01406E-4
7042	-0.00204
7044	-0.00324
7046	-0.00194
7048	-0.00113
7050	-8.94189E-4
7052	-8.63345E-4
7054	5.80498E-4
7056	7.98342E-4
7058	0.00152
7060	0.0012
7062	6.95872E-4
7064	1.17716E-4
7066	2.25594E-5
7068	5.25403E-4
7070	6.63246E-4
7072	-6.4191E-4
7074	-0.00111
7076	-0.00137
7078	-0.00167
7080	-0.00143
7082	-2.26924E-5
7084	-6.37849E-4
7086	6.81995E-4
7088	-3.41619E-5
7090	-6.32318E-4
7092	-0.00127
7094	-9.96313E-5
7096	0.00157
7098	0.0015
7100	1.67899E-4
7102	0.00105
7104	0.00181
7106	3.5543E-4
7108	0.0012
7110	0.00301
7112	0.00174
7114	-5.44574E-4
7116	-0.00152
7118	4.30849E-5
7120	-2.86085E-4
7122	-4.26256E-4
7124	-6.04426E-4
7126	-4.30596E-4
7128	-0.00103
7130	-0.00192
7132	-0.00228
7134	-0.00166
7136	2.63552E-4
7138	-6.47618E-4
7140	-1.12789E-4
7142	-6.93959E-4
7144	-5.25129E-4
7146	-3.29978E-6
7148	-0.00134
7150	-0.0023
7152	-0.00127
7154	-4.99811E-5
7156	9.98485E-5
7158	0.00124
7160	0.00138
7162	0.00181
7164	0.00121
7166	4.75997E-4
7168	-7.49173E-4
7170	-0.00134
7172	2.04859E-5
7174	0.00103
7176	9.35145E-4
7178	1.25975E-4
7180	-0.00128
7182	-0.00185
7184	-0.00116
7186	3.34459E-4
7188	-8.10739E-4
7190	-7.39937E-4
7192	-0.0011
7194	-0.00127
7196	-0.00135
7198	-9.27729E-4
7200	-0.00222
7202	-0.00212
7204	-0.00207
7206	-0.00238
7208	-0.00275
7210	-0.00398
7212	-0.00307
7214	-0.00256
7216	-0.00203
7218	-0.00274
7220	-0.00152
7222	-0.00107
7224	2.74696E-4
7226	0.00127
7228	0.00168
7230	2.36102E-4
7232	-1.73096E-4
7234	-0.00158
7236	-0.00227
7238	-0.00119
7240	3.18112E-4
7242	9.16914E-4
7244	6.55716E-4
7246	-8.10483E-4
7248	-3.63681E-4
7250	-0.0018
7252	-0.00153
7254	-0.00123
7256	-0.00281
7258	-0.0042
7260	-0.00419
7262	-0.00274
7264	-0.00279
7266	-0.00433
7268	-0.00274
7270	-0.00183
7272	-0.0019
7274	-0.00114
7276	-0.00174
7278	-0.00224
7280	-0.00157
7282	-0.00208
7284	-0.00235
7286	-0.00289
7288	-0.00342
7290	-0.00199
7292	-1.77901E-4
7294	-0.00132
7296	-0.00321
7298	-0.0036
7300	-0.00363
7302	-0.00171
7304	-9.9739E-4
7306	-0.0014
7308	-0.002
7310	-0.00223
7312	-0.00155
7314	-0.00354
7316	-0.00448
7318	-0.0044
7320	-0.00579
7322	-0.00372
7324	-0.0038
7326	-0.00433
7328	-0.00501
7330	0.01577
7332	0.07325
7334	0.14885
7336	0.22811
7338	0.30622
7340	0.38059
7342	0.44679
7344	0.50559
7346	0.559
7348	0.60677
7350	0.64953
7352	0.68596
7354	0.71594
7356	0.74154
7358	0.74863
7360	0.71501
7362	0.6595
7364	0.59543
7366	0.52945
7368	0.46653
7370	0.40903
7372	0.35879
7374	0.31338
7376	0.27161
7378	0.23514
7380	0.20485
7382	0.17753
7384	0.15294
7386	0.13439
7388	0.11684
7390	0.10316
7392	0.09014
7394	0.08076
7396	0.0712
7398	0.06183
7400	0.05601
7402	0.0509
7404	0.04485
7406	0.03915
7408	0.0352
7410	0.03272
7412	0.02866
7414	0.02567
7416	0.02181
7418	0.01928
7420	0.01954
7422	0.01753
7424	0.01563
7426	0.01726
7428	0.01629
7430	0.01536
7432	0.01342
7434	0.01145
7436	0.01161
7438	0.01144
7440	0.01092
7442	0.01004
7444	0.01035
7446	0.00896
7448	0.00744
7450	0.00709
7452	0.00659
7454	0.00631
7456	0.00554
7458	0.00488
7460	0.00493
7462	0.00352
7464	0.00252
7466	0.00386
7468	0.00341
7470	0.00296
7472	0.00361
7474	0.00528
7476	0.00329
7478	0.00154
7480	0.00115
7482	0.00183
7484	0.00119
7486	6.03503E-4
7488	0.00108
7490	7.99612E-4
7492	0.00165
7494	0.00111
7496	2.32775E-4
7498	-9.0817E-4
7500	-5.97116E-4
7502	-0.00128
7504	9.21993E-4
7506	0.00246
7508	0.0031
7510	0.00259
7512	0.00226
7514	0.00144
7516	0.00334
7518	0.00156
7520	-5.23572E-4
7522	-1.73518E-4
7524	-5.52463E-4
7526	-0.00166
7528	-0.00184
7530	-0.0015
7532	9.03176E-4
7534	2.53161E-4
7536	0.00114
7538	0.00108
7540	0.00152
7542	-4.88899E-4
7544	-1.92914E-4
7546	4.40716E-5
7548	0.00114
7550	6.26042E-4
7552	0.0012
7554	0.00251
7556	0.0026
7558	0.00213
7560	0.00187
7562	0.0016
7564	4.68938E-4
7566	8.89228E-5
7568	9.91908E-4
7570	0.0017
7572	0.00234
7574	0.00251
7576	7.64848E-4
7578	-6.05166E-4
7580	-3.53181E-4
7582	2.12804E-4
7584	-0.00128
7586	-0.00186
7588	-0.00135
7590	-0.00108
7592	1.84729E-4
7594	4.00715E-4
7596	-8.753E-4
7598	-0.00137
7600	-4.0829E-4
7602	3.29512E-4
7604	1.58314E-4
7606	-7.77884E-4
7608	-3.87082E-4
7610	8.23719E-4
7612	-0.00103
7614	-0.00132
7616	-0.0016
7618	-0.00165
7620	-0.00173
7622	-0.00285
7624	-7.76669E-5
7626	-5.14865E-4
7628	-0.00234
7630	-0.00318
7632	-0.00229
7634	-8.51657E-4
7636	-8.83855E-4
7638	-0.00149
7640	-0.00312
7642	-0.00326
7644	-0.0014
7646	-0.00155
7648	-0.00206
7650	-0.00261
7652	-0.0025
7654	-0.00187
7656	-7.28836E-4
7658	-9.75034E-4
7660	-0.00184
7662	-0.00211
7664	-0.0024
7666	-0.00176
7668	-0.00265
7670	-0.0038
7672	-0.005
7674	-0.00424
7676	-0.0022
7678	-0.00127
7680	-0.00193
7682	-0.00152
7684	-0.00188
7686	-0.00191
7688	-3.12461E-4
7690	9.25059E-4
7692	0.00185
7694	1.75098E-4
7696	-8.45382E-4
7698	1.31138E-4
7700	0.0014
7702	0.00104
7704	5.88697E-4
7706	-6.01783E-4
7708	-0.00159
7710	-8.54743E-4
7712	7.13776E-4
7714	7.4296E-5
7716	4.85816E-4
7718	0.00142
7720	3.23855E-4
7722	-3.96625E-4
7724	-0.00199
7726	-0.00385
7728	-0.0046
7730	-0.00526
7732	-0.00469
7734	-0.00382
7736	-0.00413
7738	-0.00593
7740	-0.00547
7742	-0.00544
7744	-0.00392
7746	-0.00335
7748	-0.0035
7750	-0.00323
7752	-0.00263
7754	-0.00232
7756	-0.00338
7758	-0.0037
7760	-0.00258
7762	-0.00155
7764	-0.00272
7766	-0.00221
7768	-0.0021
7770	-6.65224E-4
7772	1.11365E-4
7774	6.12954E-4
7776	0.00113
7778	5.55132E-4
7780	0.0011
7782	0.0017
7784	0.00141
7786	6.30488E-4
7788	0.00115
7790	-8.93336E-5
7792	0.00115
7794	0.00214
7796	0.00184
7798	0.00426
7800	0.0038
7802	0.00391
7804	0.00326
7806	0.00106
7808	0.00136
7810	0.00128
7812	9.71008E-4
7814	-3.6481E-4
7816	-9.01628E-4
7818	-1.34458E-5
7820	3.50736E-4
7822	3.43919E-4
7824	0.00223
7826	0.00148
7828	-0.00129
7830	-0.00268
7832	-9.21171E-4
7834	0.00163
7836	0.00177
7838	5.32376E-4
7840	4.68558E-4
7842	-4.526E-5
7844	5.65922E-4
7846	0.00198
7848	0.00146
7850	6.01469E-4
7852	-7.19349E-4
7854	-9.16706E-6
7856	4.77015E-4
7858	0.00148
7860	7.69379E-4
7862	0.00182
7864	0.00113
7866	8.44926E-4
7868	0.00117
7870	-0.00183
7872	-0.00139
7874	-7.44346E-4
7876	-0.00119
7878	-0.0015
7880	-6.30401E-4
7882	4.38443E-4
7884	0.0013
7886	0.00118
7888	-9.76027E-4
7890	-5.15183E-4
7892	0.00108
7894	0.00191
7896	0.00236
7898	9.14191E-4
7900	0.00184
7902	8.33878E-4
7904	-8.25278E-4
7906	-9.49435E-4
7908	-9.59591E-4
7910	-1.37479E-5
7912	-5.63904E-4
7914	8.11939E-4
7916	6.56783E-4
7918	-0.00143
7920	-0.00126
7922	-9.55687E-4
7924	-3.12843E-4
7926	2.86E-4
7928	0.00106
7930	0.01675
7932	0.06882
7934	0.14004
7936	0.21982
7938	0.29964
7940	0.37287
7942	0.43952
7944	0.49825
7946	0.55274
7948	0.60101
7950	0.64235
7952	0.67696
7954	0.70626
7956	0.73468
7958	0.74728
7960	0.71883
7962	0.66438
7964	0.60046
7966	0.53663
7968	0.47434
7970	0.41806
7972	0.36634
7974	0.31972
7976	0.2779
7978	0.24072
7980	0.20804
7982	0.18102
7984	0.16012
7986	0.14052
7988	0.12234
7990	0.10796
7992	0.09536
7994	0.08459
7996	0.07603
7998	0.06794
8000	0.05962
8002	0.05455
8004	0.05019
8006	0.04568
8008	0.0405
8010	0.03953
8012	0.03604
8014	0.03191
8016	0.02993
8018	0.02787
8020	0.02462
8022	0.02122
8024	0.0189
8026	0.01688
8028	0.0153
8030	0.01322
8032	0.01237
8034	0.01157
8036	0.00949
8038	0.00882
8040	0.00943
8042	0.00972
8044	0.00908
8046	0.00795
8048	0.00701
8050	0.0054
8052	0.00544
8054	0.00496
8056	0.00528
8058	0.00348
8060	0.0034
8062	0.00305
8064	0.00411
8066	0.00343
8068	0.00267
8070	0.00172
8072	0.0024
8074	0.00399
8076	0.00348
8078	0.00246
8080	5.89857E-4
8082	3.85687E-4
8084	0.00179
8086	8.08698E-4
8088	0.00122
8090	0.00371
8092	0.00367
8094	0.00241
8096	0.00258
8098	0.0027
8100	0.00133
8102	0.00127
8104	8.00414E-4
8106	4.18272E-4
8108	-1.29871E-4
8110	0.00144
8112	0.00111
8114	-2.06299E-4
8116	-7.86441E-4
8118	-3.77584E-4
8120	-8.41727E-4
8122	0.00125
8124	7.38988E-4
8126	2.89845E-4
8128	-1.93297E-4
8130	-0.00103
8132	0.00122
8134	0.00474
8136	0.00437
8138	0.00291
8140	0.00168
8142	0.00158
8144	-9.50438E-4
8146	-0.00171
8148	-7.05723E-4
8150	-0.0023
8152	-0.00282
8154	3.68849E-4
8156	0.00162
8158	6.13133E-4
8160	-4.61037E-4
8162	-0.00122
8164	2.92622E-4
8166	0.00341
8168	0.00346
8170	0.00183
8172	0.00111
8174	0.00179
8176	0.00229
8178	0.00282
8180	0.00186
8182	0.00117
8184	5.93919E-4
8186	6.63749E-4
8188	0.00278
8190	0.00353
8192	0.00429
8194	0.00428
8196	0.00314
8198	0.00176
8200	-3.44361E-6
8202	-0.00103
8204	4.75216E-4
8206	-0.00182
8208	-0.00309
8210	-0.00287
8212	-0.00172
8214	-7.04636E-4
8216	0.00191
8218	0.00179
8220	0.00159
8222	8.00683E-4
8224	0.0014
8226	0.00119
8228	9.94912E-4
8230	0.00247
8232	0.00205
8234	0.00147
8236	0.00215
8238	0.00143
8240	0.00222
8242	0.00205
8244	0.00252
8246	0.00259
8248	0.00282
8250	0.00207
8252	0.0019
8254	0.00235
8256	0.00212
8258	0.00202
8260	0.00137
8262	0.00155
8264	0.00185
8266	3.36939E-4
8268	0.00148
8270	0.00206
8272	9.82469E-4
8274	1.69313E-4
8276	-9.88437E-5
8278	5.95E-4
8280	-2.90157E-4
8282	-0.00112
8284	8.85304E-5
8286	0.00102
8288	8.01217E-4
8290	6.53061E-4
8292	0.0025
8294	0.00311
8296	0.00287
8298	0.00228
8300	0.00113
8302	7.30536E-4
8304	9.93352E-4
8306	-4.41833E-4
8308	-6.94017E-4
8310	-3.90201E-4
8312	-0.00219
8314	-0.00283
8316	-0.0021
8318	-0.00375
8320	-0.00173
8322	-0.00185
8324	-0.00209
8326	-0.0017
8328	-0.00175
8330	-0.00246
8332	-0.00199
8334	-5.84411E-4
8336	6.79405E-4
8338	3.2122E-4
8340	-3.32964E-4
8342	-9.24148E-4
8344	-0.00228
8346	-0.00153
8348	2.82299E-4
8350	2.20115E-4
8352	1.51931E-4
8354	0.00171
8356	0.00293
8358	0.00174
8360	0.00209
8362	0.00105
8364	2.1953E-4
8366	6.96613E-4
8368	7.12696E-4
8370	0.00199
8372	0.00298
8374	0.00105
8376	-0.00221
8378	-0.00297
8380	-8.83805E-4
8382	-1.01722E-4
8384	-3.96639E-4
8386	-3.80556E-4
8388	-9.71473E-4
8390	3.26103E-5
8392	0.0012
8394	-8.81223E-4
8396	-9.9014E-4
8398	0.0014
8400	8.29026E-4
8402	-0.00114
8404	-0.00225
8406	-8.52725E-4
8408	-0.00109
8410	-0.00237
8412	-0.00177
8414	-9.23392E-4
8416	-5.64309E-4
8418	-0.0015
8420	-0.00164
8422	-0.00237
8424	-0.00156
8426	-2.70893E-4
8428	-6.3681E-4
8430	-0.00135
8432	-9.56441E-5
8434	-4.40906E-5
8436	-3.42473E-4
8438	-4.68855E-4
8440	-4.94237E-4
8442	-0.00133
8444	-1.65002E-4
8446	-7.08384E-4
8448	-0.00122
8450	-0.00186
8452	-0.00133
8454	-1.95913E-4
8456	-3.19295E-4
8458	-0.00216
8460	-0.00146
8462	-0.00154
8464	-0.00104
8466	-1.92206E-4
8468	5.94114E-5
8470	-1.08971E-4
8472	-3.54353E-4
8474	3.72265E-4
8476	0.00108
8478	6.845E-4
8480	8.24118E-4
8482	0.00155
8484	0.00134
8486	-2.01029E-4
8488	-2.61411E-4
8490	2.88207E-4
8492	8.03825E-4
8494	0.00115
8496	5.8006E-4
8498	-1.84322E-4
8500	9.28296E-4
8502	0.00167
8504	0.00207
8506	0.00147
8508	6.89022E-4
8510	-4.00176E-4
8512	-3.18374E-4
8514	-4.76572E-4
8516	-0.00134
8518	-0.00114
8520	-6.51167E-4
8522	2.37635E-4
8524	4.91437E-4
8526	4.56239E-4
8528	-2.56959E-4
8530	0.01344
8532	0.0614
8534	0.13259
8536	0.21032
8538	0.28941
8540	0.36502
8542	0.4316
8544	0.49158
8546	0.5455
8548	0.59177
8550	0.63282
8552	0.66679
8554	0.69618
8556	0.72152
8558	0.73355
8560	0.71197
8562	0.66276
8564	0.60148
8566	0.53759
8568	0.4767
8570	0.4182
8572	0.36447
8574	0.31541
8576	0.27457
8578	0.23892
8580	0.20693
8582	0.18154
8584	0.15873
8586	0.13914
8588	0.12152
8590	0.1063
8592	0.09335
8594	0.08281
8596	0.07375
8598	0.06533
8600	0.05756
8602	0.05075
8604	0.04576
8606	0.04213
8608	0.04004
8610	0.03562
8612	0.03138
8614	0.03048
8616	0.02717
8618	0.02349
8620	0.02047
8622	0.01942
8624	0.01798
8626	0.01706
8628	0.0161
8630	0.01545
8632	0.01373
8634	0.01243
8636	0.00913
8638	0.00804
8640	0.00991
8642	0.00902
8644	0.00738
8646	0.00894
8648	0.01008
8650	0.00885
8652	0.00722
8654	0.00783
8656	0.00644
8658	0.00449
8660	0.00427
8662	0.00441
8664	0.0053
8666	0.00553
8668	0.00484
8670	0.00442
8672	0.00412
8674	0.00289
8676	-4.97462E-5
8678	-0.00113
8680	6.32363E-4
8682	0.00152
8684	0.00167
8686	0.00114
8688	-2.2542E-4
8690	-9.83365E-4
8692	-0.00137
8694	-4.00257E-4
8696	-0.00232
8698	-0.00123
8700	-4.33093E-4
8702	-7.76039E-4
8704	-7.42985E-4
8706	-6.4893E-4
8708	2.99124E-4
8710	-0.00181
8712	-0.00171
8714	6.66426E-4
8716	8.76213E-4
8718	0.0018
8720	-6.49213E-4
8722	-8.50426E-4
8724	3.95362E-4
8726	0.00146
8728	0.00197
8730	1.62723E-4
8732	8.1951E-4
8734	-2.96703E-4
8736	-0.00232
8738	-0.0012
8740	1.83658E-4
8742	6.22445E-4
8744	0.00169
8746	7.16019E-4
8748	1.90806E-4
8750	1.22594E-4
8752	0.00171
8754	0.00154
8756	8.55955E-4
8758	0.00118
8760	0.00199
8762	0.00307
8764	0.00305
8766	0.0013
8768	3.21677E-4
8770	-6.24536E-4
8772	-0.0015
8774	-1.89615E-5
8776	2.36826E-4
8778	-3.56387E-4
8780	-0.0013
8782	2.92561E-4
8784	0.00126
8786	0.00232
8788	0.00213
8790	0.00114
8792	1.2816E-4
8794	-2.3232E-4
8796	-4.838E-4
8798	-8.12281E-4
8800	-3.35761E-4
8802	-9.43241E-4
8804	6.49279E-4
8806	0.00224
8808	0.00147
8810	2.93838E-4
8812	-4.86422E-5
8814	-0.00116
8816	-3.33603E-4
8818	0.00174
8820	0.00182
8822	6.11957E-4
8824	-4.77524E-4
8826	8.09996E-4
8828	0.00181
8830	0.00115
8832	-9.53445E-4
8834	-4.63925E-4
8836	-0.00143
8838	-0.00189
8840	-0.00224
8842	-0.00154
8844	3.67401E-6
8846	-3.98062E-5
8848	-2.48286E-4
8850	-6.34767E-4
8852	-0.0028
8854	-0.00253
8856	-9.24207E-4
8858	1.99312E-4
8860	0.00148
8862	0.00243
8864	9.15872E-4
8866	1.52391E-4
8868	7.09111E-5
8870	-4.07569E-4
8872	-0.002
8874	-0.00155
8876	-8.9301E-4
8878	4.4651E-4
8880	-4.8897E-4
8882	-0.00156
8884	1.95069E-4
8886	-3.02411E-4
8888	7.62109E-4
8890	-4.78371E-4
8892	-0.00117
8894	-1.08332E-4
8896	5.14188E-4
8898	1.21708E-4
8900	-4.44773E-4
8902	0.00122
8904	-9.05733E-4
8906	-0.00139
8908	-0.00215
8910	-0.00202
8912	-3.10654E-4
8914	5.97866E-4
8916	-4.06146E-5
8918	-0.00148
8920	-0.00135
8922	-0.0011
8924	-9.97624E-4
8926	-0.00119
8928	-0.00204
8930	-0.00372
8932	-0.00301
8934	-0.00151
8936	-0.00117
8938	-0.00139
8940	-0.00234
8942	-0.00334
8944	-0.00384
8946	-0.00221
8948	-0.00211
8950	-3.41917E-4
8952	1.92138E-4
8954	3.14192E-4
8956	3.02465E-5
8958	-1.49699E-4
8960	-2.27645E-4
8962	0.0011
8964	0.00168
8966	8.34519E-4
8968	0.00145
8970	0.00183
8972	0.00116
8974	0.00257
8976	0.00138
8978	-6.70155E-4
8980	-0.0022
8982	-0.00182
8984	-0.0013
8986	-3.22937E-4
8988	4.20117E-4
8990	-5.71829E-4
8992	-0.00142
8994	9.0243E-4
8996	-1.61758E-5
8998	-8.27814E-5
9000	-6.41387E-4
9002	3.78007E-4
9004	4.35402E-4
9006	-6.42204E-4
9008	-3.37809E-4
9010	-7.71415E-4
9012	-3.20205E-5
9014	-4.99626E-4
9016	3.21768E-4
9018	6.55163E-4
9020	3.36557E-4
9022	-4.10048E-4
9024	3.82346E-4
9026	4.7074E-4
9028	-0.00121
9030	-0.0022
9032	-0.00182
9034	-7.95682E-4
9036	-7.48287E-4
9038	-1.82893E-4
9040	-6.62499E-4
9042	-0.00216
9044	-0.0016
9046	-0.00306
9048	-0.00317
9050	-0.00169
9052	-0.00241
9054	-0.00254
9056	-0.00361
9058	-0.00629
9060	-0.00643
9062	-0.0047
9064	-0.00514
9066	-0.00381
9068	-0.00321
9070	-0.00125
9072	-8.72339E-4
9074	-0.00422
9076	-0.00428
9078	-0.00424
9080	-0.00432
9082	-0.00517
9084	-0.00554
9086	-0.0052
9088	-0.005
9090	-0.00474
9092	-0.00423
9094	-0.00261
9096	-0.0013
9098	-0.002
9100	-0.00261
9102	-0.00303
9104	-0.00405
9106	-0.00155
9108	-0.00227
9110	-0.00443
9112	-0.0036
9114	-0.00288
9116	-0.00258
9118	-0.00211
9120	-0.00271
9122	-0.00349
9124	-0.0034
9126	-0.00313
9128	-0.00537
9130	0.00811
9132	0.0543
9134	0.1235
9136	0.20064
9138	0.27948
9140	0.35108
9142	0.41804
9144	0.47571
9146	0.52951
9148	0.57638
9150	0.61774
9152	0.65323
9154	0.68405
9156	0.71164
9158	0.72776
9160	0.70924
9162	0.66054
9164	0.59895
9166	0.53508
9168	0.4743
9170	0.41428
9172	0.36224
9174	0.31637
9176	0.27428
9178	0.24001
9180	0.20948
9182	0.1829
9184	0.15953
9186	0.13963
9188	0.12152
9190	0.10554
9192	0.09366
9194	0.08264
9196	0.07466
9198	0.06608
9200	0.05822
9202	0.05304
9204	0.0472
9206	0.04093
9208	0.03615
9210	0.03167
9212	0.02852
9214	0.02541
9216	0.02253
9218	0.01995
9220	0.01861
9222	0.01784
9224	0.0166
9226	0.01371
9228	0.01169
9230	0.01266
9232	0.01018
9234	0.0098
9236	0.00927
9238	0.0088
9240	0.00553
9242	0.0052
9244	0.0055
9246	0.00495
9248	0.00441
9250	0.00279
9252	8.70656E-4
9254	-5.94557E-4
9256	-0.001
9258	-5.24983E-4
9260	2.48804E-4
9262	0.00108
9264	-0.00229
9266	-0.00349
9268	-0.00121
9270	-6.98102E-4
9272	2.62192E-5
9274	-6.03459E-4
9276	-3.22137E-4
9278	2.58184E-4
9280	-5.91494E-4
9282	-0.00201
9284	-0.00213
9286	-0.0028
9288	-0.00153
9290	-1.04885E-4
9292	-0.00152
9294	-0.00316
9296	-0.00154
9298	-0.00107
9300	-0.00192
9302	-0.0016
9304	-0.00177
9306	-0.0013
9308	-0.00252
9310	-0.00364
9312	-0.00407
9314	-0.00138
9316	-3.55703E-4
9318	-0.0011
9320	-0.00289
9322	-0.00326
9324	-0.00138
9326	-0.0011
9328	-0.00155
9330	-0.00316
9332	-0.00238
9334	-0.00178
9336	-0.00138
9338	-8.93164E-4
9340	3.05473E-5
9342	-0.00105
9344	-9.08344E-4
9346	-9.5029E-4
9348	-8.73235E-4
9350	7.88193E-5
9352	-9.52126E-4
9354	-0.00222
9356	-0.00189
9358	-9.00963E-4
9360	-1.94909E-4
9362	-0.00127
9364	-0.00192
9366	-0.00227
9368	-8.48691E-4
9370	-1.30637E-4
9372	-5.05582E-4
9374	-5.09528E-4
9376	-0.00111
9378	-0.002
9380	-8.66365E-4
9382	5.5169E-4
9384	-5.48256E-4
9386	-0.00114
9388	-0.00107
9390	0.00146
9392	1.22962E-4
9394	-0.00258
9396	-0.00285
9398	-0.00216
9400	-0.00136
9402	-7.15766E-4
9404	-7.17712E-4
9406	3.21342E-4
9408	8.53397E-4
9410	6.94168E-4
9412	-0.00118
9414	-0.0019
9416	-0.00273
9418	-0.00296
9420	-0.0023
9422	-0.00127
9424	-6.21194E-4
9426	-0.00149
9428	-0.00206
9430	-0.00242
9432	-0.0021
9434	-0.00173
9436	-9.93076E-4
9438	-7.74556E-4
9440	-5.84036E-4
9442	-0.00145
9444	-0.00207
9446	-0.0029
9448	-0.00297
9450	-0.00251
9452	-0.00142
9454	-0.00287
9456	-0.0012
9458	1.57642E-4
9460	-9.18838E-4
9462	-1.21319E-4
9464	-2.85799E-4
9466	-0.00344
9468	-0.006
9470	-0.00451
9472	-0.00251
9474	-0.00171
9476	-0.00209
9478	-0.00186
9480	-0.00233
9482	-0.00194
9484	-0.00393
9486	-0.00369
9488	-0.00235
9490	-0.00126
9492	-0.00275
9494	-0.0029
9496	-0.00249
9498	-0.00174
9500	-0.00257
9502	-0.0031
9504	-0.00125
9506	-2.85587E-4
9508	4.58468E-4
9510	-8.65478E-4
9512	-0.00236
9514	-0.00268
9516	-0.00173
9518	-0.00223
9520	-0.00176
9522	2.72848E-4
9524	5.29903E-4
9526	5.75957E-4
9528	4.44012E-4
9530	-2.71934E-4
9532	-0.00133
9534	-0.00191
9536	-0.00333
9538	-0.00225
9540	-3.25662E-4
9542	-0.00122
9544	-0.00186
9546	-0.0016
9548	-4.24882E-4
9550	-2.21095E-4
9552	-0.00117
9554	-0.00215
9556	-0.00202
9558	-0.00257
9560	-0.00314
9562	-0.00175
9564	-5.89585E-4
9566	-9.79835E-6
9568	-7.92011E-4
9570	-0.00132
9572	-0.00116
9574	4.1735E-4
9576	0.00124
9578	6.84924E-4
9580	-9.33289E-4
9582	-0.00172
9584	2.99285E-4
9586	-6.29275E-5
9588	-8.0014E-4
9590	-0.00112
9592	-5.24566E-4
9594	7.32221E-4
9596	3.80008E-4
9598	9.52795E-4
9600	6.47582E-4
9602	-2.67631E-4
9604	-7.98844E-4
9606	-0.00114
9608	-0.00142
9610	9.75517E-4
9612	8.85304E-4
9614	0.00144
9616	0.00142
9618	0.00234
9620	0.00255
9622	2.76487E-4
9624	0.00194
9626	0.00157
9628	0.00279
9630	0.00262
9632	0.00226
9634	0.00287
9636	0.00279
9638	0.00287
9640	7.02516E-4
9642	5.3853E-5
9644	1.8219E-4
9646	-7.54738E-5
9648	-2.68137E-4
9650	-7.76801E-4
9652	-0.00155
9654	-9.62127E-4
9656	4.35209E-4
9658	7.39546E-4
9660	2.03882E-4
9662	-0.00123
9664	-0.00189
9666	-4.08108E-4
9668	-5.77771E-4
9670	-2.82435E-4
9672	-0.0016
9674	-0.00181
9676	-3.17425E-4
9678	0.00125
9680	0.00104
9682	0.00126
9684	0.00118
9686	0.00157
9688	9.87718E-4
9690	0.0023
9692	0.00433
9694	0.0033
9696	7.42659E-4
9698	-7.50356E-4
9700	-2.28371E-4
9702	3.38614E-4
9704	9.32599E-4
9706	0.00182
9708	0.00178
9710	7.50555E-4
9712	4.5154E-4
9714	2.57525E-4
9716	-4.4549E-4
9718	-4.00505E-4
9720	-7.0152E-4
9722	-5.80535E-4
9724	2.9345E-4
9726	0.00121
9728	0.00144
9730	0.00743
9732	0.04391
9734	0.10695
9736	0.1836
9738	0.2614
9740	0.33587
9742	0.40157
9744	0.46275
9746	0.51903
9748	0.56529
9750	0.60654
9752	0.64153
9754	0.67251
9756	0.69954
9758	0.71691
9760	0.70417
9762	0.66146
9764	0.60264
9766	0.53817
9768	0.47628
9770	0.41926
9772	0.3684
9774	0.32054
9776	0.27878
9778	0.24274
9780	0.21228
9782	0.18553
9784	0.16156
9786	0.14188
9788	0.12511
9790	0.10959
9792	0.09667
9794	0.0858
9796	0.07539
9798	0.06628
9800	0.05915
9802	0.05178
9804	0.04561
9806	0.04239
9808	0.03981
9810	0.03448
9812	0.03149
9814	0.02921
9816	0.02674
9818	0.02387
9820	0.02151
9822	0.0211
9824	0.02167
9826	0.01997
9828	0.01654
9830	0.01515
9832	0.01564
9834	0.01445
9836	0.01294
9838	0.01184
9840	0.00993
9842	0.00926
9844	0.00795
9846	0.0064
9848	0.00562
9850	0.00495
9852	0.00379
9854	0.00218
9856	0.00238
9858	0.00365
9860	0.00368
9862	0.00268
9864	9.46808E-4
9866	-9.34051E-5
9868	5.41382E-4
9870	-8.5831E-5
9872	-0.00194
9874	-0.00204
9876	-3.4947E-4
9878	0.00238
9880	0.00155
9882	6.00891E-4
9884	1.81679E-4
9886	-0.00188
9888	-0.0015
9890	-3.5696E-4
9892	-0.00234
9894	-0.00277
9896	-0.00302
9898	-0.00201
9900	-0.00264
9902	-0.0023
9904	-0.00199
9906	-0.00252
9908	-0.00306
9910	-0.00137
9912	7.23665E-4
9914	-6.95533E-4
9916	-0.00114
9918	-0.00198
9920	-0.00204
9922	-0.00246
9924	-0.00313
9926	-0.00309
9928	-0.00287
9930	-0.0027
9932	-0.00285
9934	-0.0023
9936	-0.0017
9938	-0.00296
9940	-0.00396
9942	-0.0045
9944	-0.00431
9946	-0.00447
9948	-0.00368
9950	-0.00341
9952	-0.00207
9954	-0.00123
9956	-0.00166
9958	-0.00148
9960	-0.00214
9962	-0.00199
9964	4.54516E-4
9966	4.32945E-5
9968	5.70667E-5
9970	-7.61161E-4
9972	-0.00119
9974	-0.00156
9976	-0.00137
9978	-0.00204
9980	-0.00197
9982	-0.00118
9984	-7.45756E-4
9986	-0.00102
9988	-0.00165
9990	-6.75439E-4
9992	-0.00163
9994	-0.00447
9996	-0.0053
9998	-0.00622
10000	-0.00673
10002	-0.00509
10004	-0.00582
10006	-0.00639
10008	-0.00594
10010	-0.00605
10012	-0.00582
10014	-0.00432
10016	-0.00315
10018	-0.00231
10020	-0.00302
10022	-0.00221
10024	-0.00124
10026	-0.00268
10028	-0.00445
10030	-0.00501
10032	-0.00454
10034	-0.00515
10036	-0.00353
10038	-0.00382
10040	-0.0031
10042	-0.00121
10044	-0.00161
10046	-0.00245
10048	-0.00386
10050	-0.00373
10052	-0.00266
10054	-0.00281
10056	-0.00328
10058	-0.00197
10060	-4.4746E-4
10062	-1.81405E-4
10064	9.46492E-5
10066	2.77704E-4
10068	-6.84242E-4
10070	4.03812E-4
10072	8.42867E-4
10074	-1.64079E-4
10076	-5.53024E-4
10078	-8.97003E-6
10080	-4.13916E-4
10082	-4.63861E-4
10084	-9.18807E-4
10086	-0.00257
10088	-0.00357
10090	-0.00343
10092	-0.00308
10094	-0.00338
10096	-0.00372
10098	-0.00345
10100	-8.78372E-4
10102	-3.63172E-5
10104	-8.90263E-4
10106	-7.59025E-4
10108	-0.00189
10110	-0.00248
10112	-0.0022
10114	-0.00378
10116	-0.00439
10118	-0.00281
10120	-0.00164
10122	-0.00171
10124	-8.4359E-4
10126	-0.00173
10128	-0.00316
10130	-0.00267
10132	-0.00185
10134	-0.00215
10136	-0.00186
10138	-0.0017
10140	-0.00175
10142	-9.57155E-4
10144	-1.40551E-4
10146	-9.74947E-4
10148	2.14657E-4
10150	0.00112
10152	3.40865E-4
10154	0.00117
10156	5.88072E-4
10158	0.00102
10160	9.1928E-4
10162	7.05884E-4
10164	4.80488E-4
10166	1.74092E-4
10168	9.14696E-4
10170	7.103E-4
10172	9.62904E-4
10174	4.75077E-5
10176	-8.09707E-4
10178	-0.00127
10180	-0.00197
10182	-0.00148
10184	-0.00199
10186	-0.00171
10188	-1.85678E-4
10190	0.00217
10192	0.00247
10194	0.00157
10196	4.35341E-4
10198	0.00106
10200	-3.06488E-5
10202	2.38561E-5
10204	8.02361E-4
10206	5.48866E-4
10208	-3.21629E-4
10210	-1.73124E-4
10212	0.00163
10214	0.00221
10216	0.00136
10218	0.00148
10220	0.00135
10222	0.00143
10224	0.00383
10226	0.00368
10228	0.0029
10230	0.0037
10232	0.00432
10234	0.00363
10236	0.00232
10238	0.0032
10240	0.00234
10242	0.00288
10244	0.00147
10246	0.00163
10248	0.00196
10250	0.00173
10252	7.83224E-5
10254	0.00102
10256	0.00135
10258	6.20322E-4
10260	0.00169
10262	0.00278
10264	0.00244
10266	3.74322E-4
10268	0.00132
10270	0.00113
10272	-3.14678E-4
10274	-0.00129
10276	-8.64678E-4
10278	-6.10678E-4
10280	-4.74678E-4
10282	3.16322E-4
10284	8.78322E-4
10286	-6.15678E-4
10288	-7.21678E-4
10290	4.27322E-4
10292	0.00108
10294	-1.61678E-4
10296	-5.86776E-5
10298	5.85322E-4
10300	-1.02678E-4
10302	1.67322E-4
10304	1.54322E-4
10306	-0.00131
10308	-1.50678E-4
10310	-6.01678E-4
10312	-0.00221
10314	-0.0011
10316	-0.00115
10318	-0.00262
10320	-0.00329
10322	-0.00328
10324	-0.00217
10326	-0.00156
10328	-0.0018
10330	0.00413
10332	0.03876
10334	0.09992
10336	0.17311
10338	0.24902
10340	0.32338
10342	0.39139
10344	0.45222
10346	0.5056
10348	0.54955
10350	0.59336
10352	0.63164
10354	0.66223
10356	0.68728
10358	0.70799
10360	0.69917
10362	0.65786
10364	0.6037
10366	0.54247
10368	0.48324
10370	0.42739
10372	0.37472
10374	0.32751
10376	0.28415
10378	0.24619
10380	0.21487
10382	0.18674
10384	0.16152
10386	0.14113
10388	0.12367
10390	0.10872
10392	0.09598
10394	0.08597
10396	0.07629
10398	0.06635
10400	0.05879
10402	0.0512
10404	0.04537
10406	0.0402
10408	0.03553
10410	0.03218
10412	0.02851
10414	0.02547
10416	0.02311
10418	0.02128
10420	0.01879
10422	0.01716
10424	0.01549
10426	0.01296
10428	0.01121
10430	0.0083
10432	0.00486
10434	0.0051
10436	0.00486
10438	0.00245
10440	-6.37533E-4
10442	-4.35944E-4
10444	7.96453E-5
10446	2.86234E-4
10448	4.73823E-4
10450	0.00148
10452	3.41001E-4
10454	-8.45175E-4
10456	-8.81135E-4
10458	-0.00196
10460	-0.00333
10462	-0.00299
10464	-0.00107
10466	-8.22938E-4
10468	-9.83898E-4
10470	-1.53859E-4
10472	-0.00204
10474	-8.8078E-4
10476	-2.6074E-4
10478	-6.81701E-4
10480	-5.12661E-4
10482	-0.00235
10484	-0.00201
10486	-0.00113
10488	-0.00279
10490	-0.0028
10492	-0.00364
10494	-0.00476
10496	-0.00499
10498	-0.00188
10500	-4.41266E-4
10502	7.48774E-4
10504	-3.42187E-4
10506	-0.0022
10508	-0.0014
10510	8.84932E-4
10512	0.00115
10514	7.69011E-4
10516	0.00219
10518	0.00245
10520	0.00172
10522	9.82169E-4
10524	-6.94513E-4
10526	-0.00252
10528	-0.00293
10530	-0.00132
10532	-1.95701E-4
10534	-1.42998E-4
10536	-0.00103
10538	4.10408E-4
10540	0.00148
10542	2.26813E-4
10544	-0.00126
10546	-0.00199
10548	-7.43078E-4
10550	-4.49375E-4
10552	0.00131
10554	6.46031E-4
10556	-8.73266E-4
10558	-0.00171
10560	-0.00135
10562	-0.00195
10564	-0.00205
10566	-0.00329
10568	-0.00361
10570	-0.00401
10572	-0.00434
10574	-0.00381
10576	-0.00167
10578	-8.39534E-4
10580	-0.00143
10582	-0.00327
10584	-0.00381
10586	-0.00499
10588	-0.00468
10590	-0.00355
10592	-0.00388
10594	-0.0027
10596	-0.00271
10598	-0.00146
10600	-0.00216
10602	-0.00242
10604	-0.00575
10606	-0.00514
10608	-0.00325
10610	-0.00333
10612	-0.00241
10614	-0.00253
10616	-0.0032
10618	-0.00323
10620	-0.00267
10622	-0.00317
10624	-0.00246
10626	-0.00202
10628	-0.00218
10630	-0.00201
10632	-0.00188
10634	-0.00198
10636	-0.00315
10638	1.39939E-4
10640	9.55543E-4
10642	0.00104
10644	0.00271
10646	0.00386
10648	0.00206
10650	5.35628E-5
10652	-9.49833E-4
10654	2.58771E-4
10656	-0.00133
10658	-0.00124
10660	-7.50418E-4
10662	-0.00111
10664	-0.00246
10666	-4.75618E-4
10668	-1.54915E-4
10670	-0.00146
10672	-0.00224
10674	-0.00173
10676	-0.00208
10678	-0.0013
10680	-5.23697E-4
10682	-0.00109
10684	-0.00131
10686	-0.00121
10688	-7.19886E-4
10690	-1.02183E-4
10692	3.5052E-4
10694	-9.74777E-4
10696	-0.00114
10698	-7.85371E-4
10700	-4.39668E-4
10702	-0.00189
10704	-0.00154
10706	-0.00129
10708	-5.27856E-4
10710	-0.00212
10712	-0.00198
10714	-0.00174
10716	-0.00298
10718	-0.00285
10720	-0.0015
10722	3.23064E-4
10724	-1.92233E-4
10726	-0.00204
10728	-0.00252
10730	-0.00197
10732	-0.00233
10734	-0.00199
10736	-0.00111
10738	-9.59208E-4
10740	4.45057E-4
10742	6.44323E-4
10744	6.85588E-4
10746	3.01853E-4
10748	-6.76881E-4
10750	-7.54616E-4
10752	-2.98351E-4
10754	-0.0011
10756	-0.00199
10758	-0.00174
10760	-0.00107
10762	-7.94024E-4
10764	-9.47592E-5
10766	4.69506E-4
10768	-8.03229E-4
10770	-0.0033
10772	-0.003
10774	1.34567E-4
10776	5.67833E-4
10778	3.26098E-4
10780	2.35363E-4
10782	0.00119
10784	8.35894E-4
10786	-2.01841E-4
10788	-0.0011
10790	3.59689E-4
10792	-1.40045E-4
10794	-9.2378E-4
10796	1.15485E-4
10798	-2.97249E-4
10800	-0.00233
10802	-0.00343
10804	-0.00372
10806	-0.00353
10808	-0.00357
10810	-0.00327
10812	-0.00294
10814	-0.00356
10816	-0.00371
10818	-0.00557
10820	-0.00594
10822	-0.00709
10824	-0.00668
10826	-0.00507
10828	-0.00441
10830	-0.00531
10832	-0.00397
10834	-0.00208
10836	-0.00161
10838	-0.0036
10840	-0.00379
10842	-0.0033
10844	-0.00269
10846	-0.00241
10848	-0.00318
10850	-0.00256
10852	-6.61574E-4
10854	-5.72012E-4
10856	-0.00175
10858	-0.00388
10860	-0.00235
10862	-4.19762E-4
10864	-0.00159
10866	-0.00285
10868	-0.00259
10870	-1.75127E-5
10872	8.88575E-4
10874	0.00194
10876	0.00175
10878	0.00222
10880	9.44157E-4
10882	-8.21972E-5
10884	-6.97552E-4
10886	6.96094E-4
10888	-1.38261E-4
10890	-0.00201
10892	-0.00104
10894	8.81676E-4
10896	1.85321E-4
10898	-1.98033E-4
10900	0.00136
10902	0.00156
10904	0.00212
10906	0.00323
10908	0.00444
10910	0.00573
10912	0.00487
10914	0.00404
10916	0.00434
10918	0.0054
10920	0.00556
10922	0.00429
10924	0.00497
10926	0.0043
10928	0.0025
10930	0.00683
10932	0.03831
10934	0.09571
10936	0.1685
10938	0.24211
10940	0.31533
10942	0.38079
10944	0.44336
10946	0.49822
10948	0.5464
10950	0.5864
10952	0.62431
10954	0.65636
10956	0.68249
10958	0.70301
10960	0.69859
10962	0.66187
10964	0.60845
10966	0.55016
10968	0.49078
10970	0.43322
10972	0.37999
10974	0.33206
10976	0.28928
10978	0.25222
10980	0.21991
10982	0.19331
10984	0.16808
10986	0.14624
10988	0.129
10990	0.11299
10992	0.0991
10994	0.08714
10996	0.07744
10998	0.06902
11000	0.06155
11002	0.0564
11004	0.05031
11006	0.04433
11008	0.04096
11010	0.03602
11012	0.03233
11014	0.03073
11016	0.02898
11018	0.02395
11020	0.02154
11022	0.02015
11024	0.01915
11026	0.01858
11028	0.01731
11030	0.01441
11032	0.01306
11034	0.01208
11036	0.01126
11038	0.00945
11040	0.00832
11042	0.00788
11044	0.00652
11046	0.00542
11048	0.00432
11050	0.00391
11052	0.00183
11054	0.00174
11056	0.00132
11058	0.00195
11060	0.00106
11062	1.74979E-6
11064	0.00122
11066	6.37916E-4
11068	7.06999E-4
11070	0.00145
11072	0.00247
11074	4.04249E-4
11076	4.17332E-4
11078	-3.44585E-4
11080	-0.00226
11082	-0.00213
11084	-0.00192
11086	-0.00229
11088	-0.00268
11090	-0.00141
11092	-0.00237
11094	-0.00379
11096	-0.00538
11098	-0.00538
11100	-0.00588
11102	-0.00566
11104	-0.00518
11106	-0.00478
11108	-0.00528
11110	-0.00493
11112	-0.004
11114	-0.00263
11116	-0.0034
11118	-0.00512
11120	-0.0056
11122	-0.00489
11124	-0.00542
11126	-0.00386
11128	-0.00437
11130	-0.0052
11132	-0.0032
11134	-0.00271
11136	-0.00344
11138	-0.00277
11140	8.85785E-6
11142	8.01644E-4
11144	6.42997E-6
11146	-1.7784E-5
11148	2.44002E-4
11150	-1.54212E-4
11152	-5.38524E-4
11154	2.567E-4
11156	-2.98077E-4
11158	-9.44853E-4
11160	-0.00122
11162	6.95945E-5
11164	-3.59182E-4
11166	-0.00165
11168	-0.00277
11170	-0.0027
11172	-0.00343
11174	-0.0014
11176	5.6116E-4
11178	0.00119
11180	-3.55392E-4
11182	-8.82168E-4
11184	-5.15945E-4
11186	-6.57721E-4
11188	-3.97497E-4
11190	-0.00133
11192	-9.5105E-4
11194	-0.00125
11196	-0.00144
11198	-0.00205
11200	-0.00289
11202	-0.00128
11204	-0.00109
11206	-0.00179
11208	-0.00199
11210	-0.00214
11212	-0.00249
11214	-0.0019
11216	-0.00228
11218	-0.0015
11220	2.80082E-4
11222	8.13306E-4
11224	-0.00117
11226	-0.00265
11228	-0.00445
11230	-0.00324
11232	-0.00204
11234	-7.70352E-4
11236	2.66872E-4
11238	-4.43904E-4
11240	-0.00187
11242	-8.20457E-4
11244	5.81767E-4
11246	-3.1301E-4
11248	-2.58786E-4
11250	6.87438E-4
11252	-4.05338E-4
11254	-0.00206
11256	-0.00209
11258	-0.00225
11260	-0.0025
11262	-0.00114
11264	-9.85996E-4
11266	-0.00302
11268	-0.00461
11270	-0.00373
11272	-0.00226
11274	-5.60878E-4
11276	-4.43654E-4
11278	-0.00108
11280	-3.35206E-4
11282	-0.00111
11284	-0.00182
11286	-5.41535E-4
11288	0.00227
11290	0.00378
11292	0.00258
11294	0.00278
11296	0.00148
11298	9.59633E-4
11300	0.00154
11302	1.68758E-4
11304	8.4132E-4
11306	0.00104
11308	-5.55051E-7
11310	7.38007E-4
11312	0.00211
11314	0.00182
11316	4.56694E-4
11318	-0.00126
11320	1.91819E-4
11322	4.60381E-4
11324	-1.90056E-4
11326	-0.00102
11328	-0.00278
11330	-0.00363
11332	-0.00273
11334	-0.00265
11336	-0.00316
11338	-0.00406
11340	-0.00426
11342	-0.0016
11344	-2.89433E-4
11346	-0.00191
11348	-0.00159
11350	-8.87746E-4
11352	-0.00224
11354	-0.00288
11356	-0.00231
11358	-0.00223
11360	-9.25839E-4
11362	-6.81616E-4
11364	-0.00142
11366	-0.0022
11368	-0.00203
11370	2.52279E-4
11372	8.25503E-4
11374	0.00105
11376	1.49502E-5
11378	4.70174E-4
11380	-5.27602E-4
11382	-0.00171
11384	-0.00152
11386	-0.00178
11388	-0.00163
11390	-0.00113
11392	-8.1226E-4
11394	-0.00139
11396	-0.00311
11398	-0.00303
11400	-0.00156
11402	-4.67141E-4
11404	-0.00247
11406	-0.00271
11408	-0.00244
11410	-7.34247E-4
11412	6.40977E-4
11414	7.67201E-4
11416	-5.98575E-4
11418	-0.00255
11420	-0.00196
11422	-0.00261
11424	-0.00249
11426	-0.00225
11428	-0.00218
11430	-0.00104
11432	1.46076E-4
11434	4.83159E-4
11436	1.86242E-4
11438	7.32326E-4
11440	-5.45913E-5
11442	-3.21508E-4
11444	-6.62425E-4
11446	-0.00169
11448	-0.00105
11450	8.59824E-4
11452	0.00116
11454	0.00153
11456	9.39074E-4
11458	-6.45843E-4
11460	-0.00121
11462	-0.0011
11464	0.00101
11466	7.31489E-4
11468	-4.26428E-4
11470	-2.57344E-4
11472	7.38739E-4
11474	0.00132
11476	0.00103
11478	7.33988E-4
11480	-9.32929E-4
11482	-0.00275
11484	-0.00198
11486	0.00131
11488	0.00181
11490	9.69487E-4
11492	-1.9743E-4
11494	-0.00211
11496	-0.00268
11498	-0.00238
11500	-0.00134
11502	-0.00224
11504	-0.00317
11506	-0.00157
11508	9.69212E-4
11510	0.00232
11512	0.00149
11514	0.00184
11516	0.00163
11518	3.05875E-4
11520	-9.50592E-4
11522	0.00236
11524	0.00436
11526	0.00426
11528	0.00523
11530	0.00485
11532	0.02752
11534	0.08241
11536	0.15141
11538	0.2239
11540	0.29574
11542	0.36488
11544	0.42711
11546	0.48366
11548	0.53297
11550	0.57476
11552	0.61184
11554	0.64357
11556	0.67109
11558	0.69435
11560	0.69466
11562	0.66167
11564	0.60749
11566	0.54766
11568	0.48896
11570	0.43198
11572	0.37907
11574	0.33015
11576	0.28833
11578	0.25135
11580	0.22008
11582	0.19053
11584	0.16532
11586	0.14238
11588	0.12253
11590	0.10703
11592	0.09452
11594	0.08207
11596	0.06925
11598	0.06186
11600	0.05617
11602	0.04955
11604	0.04328
11606	0.03766
11608	0.03269
11610	0.0288
11612	0.02584
11614	0.02323
11616	0.0203
11618	0.02001
11620	0.01684
11622	0.01374
11624	0.0118
11626	0.01301
11628	0.01236
11630	0.00816
11632	0.00608
11634	0.00656
11636	0.00758
11638	0.00647
11640	0.00567
11642	0.0035
11644	0.00264
11646	0.001
11648	1.10455E-5
11650	8.34521E-4
11652	5.04996E-4
11654	2.18471E-4
11656	-0.00113
11658	-0.00121
11660	2.65896E-4
11662	4.58371E-4
11664	-2.51153E-4
11666	2.12322E-4
11668	-2.42203E-4
11670	-0.00163
11672	-2.23253E-4
11674	2.22222E-4
11676	5.26697E-4
11678	0.00184
11680	0.00249
11682	0.00338
11684	0.00154
11686	2.51073E-4
11688	0.00123
11690	2.48023E-4
11692	-9.05501E-4
11694	-4.82026E-4
11696	6.74488E-5
11698	0.00203
11700	0.00247
11702	0.00167
11704	0.00132
11706	0.00361
11708	0.00372
11710	0.00208
11712	0.00168
11714	3.57319E-5
11716	-3.54438E-4
11718	7.55391E-4
11720	4.26221E-4
11722	0.00104
11724	9.1888E-4
11726	0.00101
11728	8.1954E-4
11730	5.50369E-4
11732	9.83199E-4
11734	2.30285E-5
11736	-7.56142E-4
11738	-0.00161
11740	-0.00202
11742	-0.00105
11744	-0.00209
11746	5.68006E-4
11748	4.36836E-4
11750	-7.73342E-5
11752	9.18495E-4
11754	2.89325E-4
11756	-7.88452E-5
11758	0.00115
11760	1.61814E-4
11762	-7.85356E-4
11764	-0.00159
11766	-0.00177
11768	3.46133E-4
11770	0.00203
11772	0.00201
11774	-0.00136
11776	-0.00416
11778	-0.00315
11780	-0.00161
11782	-0.00148
11784	-0.00228
11786	-0.00206
11788	-8.99995E-4
11790	-1.9294E-4
11792	-4.78885E-4
11794	-2.31829E-4
11796	-0.00107
11798	-0.00146
11800	-0.00122
11802	-0.00197
11804	-0.00307
11806	-0.00321
11808	-0.00408
11810	-0.00461
11812	-0.00478
11814	-0.00552
11816	-0.00454
11818	-0.00362
11820	-0.00281
11822	-0.00266
11824	-0.00368
11826	-0.00355
11828	-0.00178
11830	-0.00132
11832	-0.0016
11834	-1.88721E-4
11836	-3.74665E-4
11838	-9.9261E-4
11840	6.65446E-4
11842	0.00157
11844	0.00136
11846	-6.23882E-5
11848	-6.07735E-4
11850	-0.00236
11852	-0.00167
11854	-4.59246E-4
11856	-0.00117
11858	-0.0024
11860	-0.00262
11862	-0.00188
11864	-0.00155
11866	-0.00151
11868	-0.00172
11870	-5.06609E-4
11872	0.00136
11874	-8.59495E-5
11876	-4.1512E-4
11878	4.0271E-4
11880	-4.6246E-4
11882	-0.00204
11884	-0.00238
11886	-0.00227
11888	-4.01418E-5
11890	8.67688E-4
11892	-0.00103
11894	-6.54653E-4
11896	-4.91823E-4
11898	5.05007E-4
11900	8.56836E-4
11902	-1.72334E-4
11904	-9.76504E-4
11906	-0.00154
11908	-0.0014
11910	-0.00188
11912	-0.00311
11914	-0.00305
11916	-0.00254
11918	-7.86882E-4
11920	-7.43011E-4
11922	-7.6114E-4
11924	5.47731E-4
11926	0.00111
11928	-0.0013
11930	-0.00165
11932	-7.85784E-4
11934	-2.79124E-5
11936	-4.19041E-4
11938	-9.1617E-4
11940	-0.00209
11942	-0.00361
11944	-0.0026
11946	-0.00165
11948	-0.002
11950	-7.76943E-4
11952	6.50929E-4
11954	-6.272E-4
11956	-0.00125
11958	1.11542E-4
11960	1.04414E-4
11962	1.02848E-5
11964	0.00163
11966	1.48027E-4
11968	-0.00134
11970	-0.00349
11972	-0.00292
11974	-8.39488E-4
11976	-2.90617E-4
11978	-0.00146
11980	3.96126E-4
11982	0.00195
11984	0.00171
11986	2.7674E-4
11988	-2.54353E-4
11990	-8.91495E-4
11992	-5.78638E-4
11994	-0.00149
11996	-0.00206
11998	-0.00136
12000	-6.71208E-4
12002	-0.00207
12004	-0.00254
12006	-0.00153
12008	-0.00154
12010	-0.00113
12012	6.90936E-4
12014	0.00216
12016	0.00274
12018	0.00332
12020	0.00158
12022	-4.14777E-4
12024	-5.4092E-4
12026	-3.60063E-4
12028	-9.43205E-4
12030	-5.30348E-4
12032	1.0151E-4
12034	-7.82633E-4
12036	6.22243E-5
12038	6.80817E-5
12040	1.65939E-4
12042	1.61796E-4
12044	0.00127
12046	0.00148
12048	0.00111
12050	-1.69774E-4
12052	7.40833E-5
12054	0.00264
12056	0.00384
12058	0.00333
12060	0.0023
12062	0.00125
12064	0.0032
12066	0.00372
12068	0.00372
12070	0.00207
12072	0.00248
12074	0.0029
12076	0.00103
12078	-0.00157
12080	-0.00201
12082	-0.00149
12084	-0.00128
12086	-0.00129
12088	-0.00162
12090	-0.00222
12092	-4.7689E-4
12094	4.32898E-4
12096	-2.13314E-4
12098	-0.00175
12100	-9.05738E-4
12102	-0.00115
12104	-9.56161E-4
12106	-4.39373E-4
12108	-5.87585E-4
12110	-6.07797E-4
12112	1.59991E-4
12114	-0.0015
12116	-0.00187
12118	-0.00204
12120	-0.00195
12122	-0.00155
12124	-6.6128E-4
12126	-7.64924E-5
