time	cp
2	-0.0169
4	-0.01456
6	-0.01316
8	-0.01234
10	-0.01232
12	-0.01232
14	-0.0104
16	-0.01004
18	-0.01049
20	-0.01065
22	-0.01052
24	-0.01167
26	-0.01223
28	-0.01247
30	-0.01348
32	-0.01188
34	-0.01162
36	-0.0109
38	-0.01111
40	-0.01164
42	-0.00973
44	-0.00865
46	-0.00951
48	-0.01087
50	-0.01094
52	-0.00986
54	-0.00931
56	-0.00867
58	-0.00842
60	-0.0066
62	-0.00521
64	-0.00614
66	-0.00697
68	-0.00736
70	-0.00808
72	-0.00776
74	-0.00753
76	-0.00573
78	-0.00421
80	-0.00481
82	-0.00605
84	-0.00572
86	-0.00509
88	-0.00442
90	-0.00448
92	-0.00401
94	-0.00332
96	-0.00125
98	4.82487E-4
100	1.79417E-4
102	2.09347E-4
104	2.22768E-5
106	-3.47934E-5
108	5.21136E-4
110	6.46066E-4
112	6.31996E-4
114	7.49926E-4
116	-4.64144E-4
118	-1.14215E-4
120	0.00125
122	-2.13551E-5
124	-0.00238
126	-0.02634
128	-0.12402
130	-0.28041
132	-0.46441
134	-0.65649
136	-0.84104
138	-1.01175
140	-1.16533
142	-1.30291
144	-1.42336
146	-1.52944
148	-1.62208
150	-1.70044
152	-1.76758
154	-1.79731
156	-1.76822
158	-1.69286
160	-1.59177
162	-1.47677
164	-1.36065
166	-1.25137
168	-1.14858
170	-1.05519
172	-0.97057
174	-0.89543
176	-0.82832
178	-0.76728
180	-0.71357
182	-0.66577
184	-0.62496
186	-0.58947
188	-0.55806
190	-0.5307
192	-0.50581
194	-0.48261
196	-0.46166
198	-0.44309
200	-0.42624
202	-0.41057
204	-0.39671
206	-0.38271
208	-0.36976
210	-0.35617
212	-0.34465
214	-0.33329
216	-0.32228
218	-0.31189
220	-0.30221
222	-0.29438
224	-0.28692
226	-0.27922
228	-0.27063
230	-0.2631
232	-0.25658
234	-0.25111
236	-0.2453
238	-0.23881
240	-0.23173
242	-0.2274
244	-0.2219
246	-0.21673
248	-0.21291
250	-0.20921
252	-0.20358
254	-0.19812
256	-0.19442
258	-0.19254
260	-0.18882
262	-0.18655
264	-0.18527
266	-0.18214
268	-0.17908
270	-0.17831
272	-0.17618
274	-0.17399
276	-0.17183
278	-0.17012
280	-0.1693
282	-0.16602
284	-0.16377
286	-0.16174
288	-0.15879
290	-0.157
292	-0.15557
294	-0.15437
296	-0.1521
298	-0.14944
300	-0.14638
302	-0.14532
304	-0.14334
306	-0.14246
308	-0.14043
310	-0.13973
312	-0.14085
314	-0.14123
316	-0.1398
318	-0.13818
320	-0.13622
322	-0.13378
324	-0.13158
326	-0.1303
328	-0.12987
330	-0.12707
332	-0.124
334	-0.12256
336	-0.12225
338	-0.12056
340	-0.11886
342	-0.11893
344	-0.11992
346	-0.11964
348	-0.11741
350	-0.11659
352	-0.11697
354	-0.11658
356	-0.1154
358	-0.1157
360	-0.1154
362	-0.11523
364	-0.1148
366	-0.11352
368	-0.11081
370	-0.11105
372	-0.1113
374	-0.11142
376	-0.11021
378	-0.10929
380	-0.10896
382	-0.10734
384	-0.10679
386	-0.10679
388	-0.10733
390	-0.10716
392	-0.10772
394	-0.1069
396	-0.10478
398	-0.10348
400	-0.10334
402	-0.10225
404	-0.10161
406	-0.10118
408	-0.09954
410	-0.09978
412	-0.09951
414	-0.09962
416	-0.09956
418	-0.09823
420	-0.09663
422	-0.09623
424	-0.09675
426	-0.09642
428	-0.09639
430	-0.0964
432	-0.09732
434	-0.09633
436	-0.09464
438	-0.09449
440	-0.09374
442	-0.09301
444	-0.09255
446	-0.0922
448	-0.09198
450	-0.09205
452	-0.09178
454	-0.09164
456	-0.09067
458	-0.08914
460	-0.08804
462	-0.08872
464	-0.08896
466	-0.08835
468	-0.08802
470	-0.08803
472	-0.08829
474	-0.08706
476	-0.08744
478	-0.08855
480	-0.08905
482	-0.0871
484	-0.08492
486	-0.08493
488	-0.08328
490	-0.08261
492	-0.08292
494	-0.08294
496	-0.08349
498	-0.08241
500	-0.08205
502	-0.0818
504	-0.08007
506	-0.07771
508	-0.07681
510	-0.0773
512	-0.07584
514	-0.07544
516	-0.07592
518	-0.0765
520	-0.07657
522	-0.07676
524	-0.0763
526	-0.07633
528	-0.07544
530	-0.07482
532	-0.07392
534	-0.07387
536	-0.07365
538	-0.07582
540	-0.07589
542	-0.07528
544	-0.07466
546	-0.0744
548	-0.07452
550	-0.07389
552	-0.07389
554	-0.07391
556	-0.07272
558	-0.07242
560	-0.07129
562	-0.07064
564	-0.07139
566	-0.07215
568	-0.06997
570	-0.06849
572	-0.06826
574	-0.06776
576	-0.06651
578	-0.06537
580	-0.06598
582	-0.06439
584	-0.06261
586	-0.06085
588	-0.06076
590	-0.05931
592	-0.05898
594	-0.05781
596	-0.05632
598	-0.05405
600	-0.05197
602	-0.05102
604	-0.05058
606	-0.04922
608	-0.04721
610	-0.04597
612	-0.04479
614	-0.04434
616	-0.04351
618	-0.04202
620	-0.03864
622	-0.03532
624	-0.03319
626	-0.03178
628	-0.02873
630	-0.027
632	-0.02467
634	-0.02238
636	-0.02003
638	-0.01851
640	-0.01619
642	-0.01282
644	-0.01118
646	-0.01015
648	-0.00859
650	-0.00671
652	-0.00482
654	-0.00378
656	-0.00263
658	-5.45774E-4
660	-1.02942E-6
662	0.00158
664	0.00247
666	0.0045
668	0.00513
670	0.00458
672	0.00328
674	0.00312
676	0.00402
678	0.00549
680	0.00616
682	0.0066
684	0.00771
686	0.0077
688	0.00802
690	0.00837
692	0.0082
694	0.008
696	0.00911
698	0.00943
700	0.00906
702	0.00965
704	0.01002
706	0.01055
708	0.01101
710	0.01269
712	0.01375
714	0.01437
716	0.01513
718	0.01465
720	0.01512
722	0.01652
724	0.01214
726	-0.03881
728	-0.15492
730	-0.30495
732	-0.47104
734	-0.63528
736	-0.79131
738	-0.93415
740	-1.05995
742	-1.17224
744	-1.26968
746	-1.35147
748	-1.41925
750	-1.47682
752	-1.52222
754	-1.54007
756	-1.51157
758	-1.44512
760	-1.35465
762	-1.25447
764	-1.15093
766	-1.05235
768	-0.96259
770	-0.87956
772	-0.80429
774	-0.73741
776	-0.6788
778	-0.62795
780	-0.5821
782	-0.54209
784	-0.50646
786	-0.47461
788	-0.44714
790	-0.42174
792	-0.39901
794	-0.37906
796	-0.36199
798	-0.34591
800	-0.33106
802	-0.31839
804	-0.30578
806	-0.29408
808	-0.28347
810	-0.27184
812	-0.26042
814	-0.25034
816	-0.23972
818	-0.23124
820	-0.22262
822	-0.21374
824	-0.20612
826	-0.19985
828	-0.19523
830	-0.19151
832	-0.18597
834	-0.18115
836	-0.17676
838	-0.17272
840	-0.16728
842	-0.16287
844	-0.15902
846	-0.15598
848	-0.15271
850	-0.14865
852	-0.14583
854	-0.14333
856	-0.13991
858	-0.13687
860	-0.13474
862	-0.13194
864	-0.12886
866	-0.12526
868	-0.12253
870	-0.12066
872	-0.12063
874	-0.11957
876	-0.11851
878	-0.11725
880	-0.11568
882	-0.11377
884	-0.11189
886	-0.10934
888	-0.10652
890	-0.10533
892	-0.10447
894	-0.10346
896	-0.10255
898	-0.10138
900	-0.09957
902	-0.09748
904	-0.09641
906	-0.0964
908	-0.0959
910	-0.09443
912	-0.09411
914	-0.09489
916	-0.09396
918	-0.09282
920	-0.09091
922	-0.09026
924	-0.0908
926	-0.0905
928	-0.09047
930	-0.08965
932	-0.08951
934	-0.08916
936	-0.08877
938	-0.08807
940	-0.08733
942	-0.08629
944	-0.08562
946	-0.0855
948	-0.08528
950	-0.08459
952	-0.08514
954	-0.08404
956	-0.08322
958	-0.08312
960	-0.0827
962	-0.0822
964	-0.08151
966	-0.07984
968	-0.07813
970	-0.07805
972	-0.07883
974	-0.07841
976	-0.0775
978	-0.07673
980	-0.07544
982	-0.07438
984	-0.07424
986	-0.07427
988	-0.07388
990	-0.07302
992	-0.07285
994	-0.074
996	-0.07397
998	-0.07446
1000	-0.07533
1002	-0.07556
1004	-0.0735
1006	-0.07353
1008	-0.07453
1010	-0.07426
1012	-0.07386
1014	-0.07286
1016	-0.0721
1018	-0.0733
1020	-0.07377
1022	-0.0729
1024	-0.07149
1026	-0.07133
1028	-0.0714
1030	-0.07061
1032	-0.07029
1034	-0.07019
1036	-0.07015
1038	-0.06937
1040	-0.06868
1042	-0.06783
1044	-0.06815
1046	-0.06698
1048	-0.06645
1050	-0.06495
1052	-0.06345
1054	-0.06269
1056	-0.06225
1058	-0.06139
1060	-0.06034
1062	-0.05968
1064	-0.05901
1066	-0.05914
1068	-0.06068
1070	-0.06136
1072	-0.06212
1074	-0.06264
1076	-0.06194
1078	-0.06196
1080	-0.06092
1082	-0.05916
1084	-0.05807
1086	-0.05731
1088	-0.0571
1090	-0.05665
1092	-0.05659
1094	-0.05555
1096	-0.05323
1098	-0.05215
1100	-0.0527
1102	-0.05204
1104	-0.05266
1106	-0.05261
1108	-0.05149
1110	-0.05198
1112	-0.05216
1114	-0.05281
1116	-0.05126
1118	-0.04968
1120	-0.04966
1122	-0.05027
1124	-0.04788
1126	-0.04685
1128	-0.04734
1130	-0.04733
1132	-0.04649
1134	-0.04629
1136	-0.04405
1138	-0.04319
1140	-0.04311
1142	-0.04355
1144	-0.04423
1146	-0.04421
1148	-0.04292
1150	-0.04253
1152	-0.0427
1154	-0.04134
1156	-0.04132
1158	-0.03872
1160	-0.03653
1162	-0.03714
1164	-0.038
1166	-0.03845
1168	-0.03728
1170	-0.03593
1172	-0.03577
1174	-0.03575
1176	-0.03451
1178	-0.03598
1180	-0.03557
1182	-0.03462
1184	-0.0339
1186	-0.03292
1188	-0.03262
1190	-0.03318
1192	-0.03202
1194	-0.03088
1196	-0.02925
1198	-0.02743
1200	-0.02688
1202	-0.02666
1204	-0.02696
1206	-0.02713
1208	-0.02629
1210	-0.02756
1212	-0.02815
1214	-0.02733
1216	-0.02627
1218	-0.0246
1220	-0.02416
1222	-0.02432
1224	-0.02503
1226	-0.02589
1228	-0.02551
1230	-0.02359
1232	-0.02312
1234	-0.02202
1236	-0.02087
1238	-0.01981
1240	-0.01947
1242	-0.01752
1244	-0.01639
1246	-0.01549
1248	-0.016
1250	-0.01567
1252	-0.01407
1254	-0.0134
1256	-0.01265
1258	-0.01166
1260	-0.0112
1262	-0.01048
1264	-0.00996
1266	-0.00876
1268	-0.00774
1270	-0.00573
1272	-0.0037
1274	-0.00376
1276	-0.00417
1278	-0.00382
1280	-0.00204
1282	-1.93234E-5
1284	0.00153
1286	0.00238
1288	0.00346
1290	0.00611
1292	0.00873
1294	0.0094
1296	0.01045
1298	0.01212
1300	0.01323
1302	0.01565
1304	0.01645
1306	0.01822
1308	0.01988
1310	0.02118
1312	0.02342
1314	0.02343
1316	0.02415
1318	0.02664
1320	0.02856
1322	0.03026
1324	0.02861
1326	-0.00612
1328	-0.09388
1330	-0.21499
1332	-0.35237
1334	-0.48977
1336	-0.61933
1338	-0.73768
1340	-0.84271
1342	-0.93478
1344	-1.01465
1346	-1.08176
1348	-1.13667
1350	-1.18497
1352	-1.2258
1354	-1.24321
1356	-1.22361
1358	-1.17195
1360	-1.09825
1362	-1.01481
1364	-0.93065
1366	-0.85027
1368	-0.77382
1370	-0.70549
1372	-0.64385
1374	-0.58834
1376	-0.53929
1378	-0.49443
1380	-0.45743
1382	-0.42484
1384	-0.39531
1386	-0.36829
1388	-0.34454
1390	-0.32375
1392	-0.30377
1394	-0.28561
1396	-0.26955
1398	-0.25512
1400	-0.24282
1402	-0.23216
1404	-0.22301
1406	-0.21253
1408	-0.20106
1410	-0.19268
1412	-0.18492
1414	-0.17775
1416	-0.17121
1418	-0.1642
1420	-0.15632
1422	-0.14961
1424	-0.14541
1426	-0.14042
1428	-0.13588
1430	-0.13216
1432	-0.12869
1434	-0.12582
1436	-0.12219
1438	-0.11766
1440	-0.1137
1442	-0.11089
1444	-0.10785
1446	-0.10535
1448	-0.10252
1450	-0.09877
1452	-0.09625
1454	-0.09269
1456	-0.09079
1458	-0.08779
1460	-0.08701
1462	-0.08621
1464	-0.08531
1466	-0.08486
1468	-0.0842
1470	-0.08233
1472	-0.08142
1474	-0.08019
1476	-0.07805
1478	-0.0762
1480	-0.07484
1482	-0.07385
1484	-0.07247
1486	-0.07084
1488	-0.07025
1490	-0.07041
1492	-0.07003
1494	-0.07012
1496	-0.06842
1498	-0.06784
1500	-0.0681
1502	-0.0675
1504	-0.06632
1506	-0.06581
1508	-0.06458
1510	-0.06454
1512	-0.06242
1514	-0.06076
1516	-0.05956
1518	-0.0606
1520	-0.06176
1522	-0.0608
1524	-0.06047
1526	-0.06211
1528	-0.06246
1530	-0.06102
1532	-0.05993
1534	-0.06042
1536	-0.05847
1538	-0.05796
1540	-0.05752
1542	-0.0581
1544	-0.05749
1546	-0.05618
1548	-0.05547
1550	-0.05541
1552	-0.05618
1554	-0.05544
1556	-0.05478
1558	-0.05467
1560	-0.05418
1562	-0.0545
1564	-0.05448
1566	-0.05507
1568	-0.05579
1570	-0.0548
1572	-0.05485
1574	-0.05542
1576	-0.05345
1578	-0.05153
1580	-0.05116
1582	-0.05079
1584	-0.05127
1586	-0.05144
1588	-0.05042
1590	-0.05071
1592	-0.0508
1594	-0.05032
1596	-0.05072
1598	-0.05159
1600	-0.05029
1602	-0.04992
1604	-0.04873
1606	-0.04835
1608	-0.04796
1610	-0.04674
1612	-0.04647
1614	-0.04657
1616	-0.04723
1618	-0.0482
1620	-0.04888
1622	-0.0499
1624	-0.04989
1626	-0.04918
1628	-0.04749
1630	-0.04643
1632	-0.04656
1634	-0.04603
1636	-0.04609
1638	-0.04592
1640	-0.04572
1642	-0.04585
1644	-0.04563
1646	-0.0464
1648	-0.04689
1650	-0.0457
1652	-0.04534
1654	-0.04529
1656	-0.04372
1658	-0.044
1660	-0.04366
1662	-0.04448
1664	-0.04346
1666	-0.04306
1668	-0.04341
1670	-0.04398
1672	-0.04439
1674	-0.04454
1676	-0.04397
1678	-0.04384
1680	-0.04336
1682	-0.04254
1684	-0.04118
1686	-0.03933
1688	-0.03886
1690	-0.04036
1692	-0.03923
1694	-0.03939
1696	-0.04014
1698	-0.04101
1700	-0.04101
1702	-0.03992
1704	-0.03885
1706	-0.03784
1708	-0.0386
1710	-0.03781
1712	-0.03609
1714	-0.03609
1716	-0.03758
1718	-0.03626
1720	-0.03576
1722	-0.0358
1724	-0.03592
1726	-0.03563
1728	-0.03541
1730	-0.03423
1732	-0.03393
1734	-0.03288
1736	-0.03298
1738	-0.03354
1740	-0.03169
1742	-0.03197
1744	-0.03332
1746	-0.03373
1748	-0.03407
1750	-0.03507
1752	-0.03527
1754	-0.03503
1756	-0.03495
1758	-0.0336
1760	-0.03196
1762	-0.03062
1764	-0.03034
1766	-0.03143
1768	-0.03068
1770	-0.03121
1772	-0.03078
1774	-0.03059
1776	-0.03045
1778	-0.03045
1780	-0.02954
1782	-0.02975
1784	-0.03048
1786	-0.02914
1788	-0.02838
1790	-0.02789
1792	-0.02754
1794	-0.02769
1796	-0.02585
1798	-0.02515
1800	-0.02351
1802	-0.02298
1804	-0.02406
1806	-0.02481
1808	-0.02571
1810	-0.02716
1812	-0.02654
1814	-0.02549
1816	-0.02705
1818	-0.02674
1820	-0.02506
1822	-0.02437
1824	-0.02406
1826	-0.02407
1828	-0.02366
1830	-0.02397
1832	-0.0249
1834	-0.02405
1836	-0.02156
1838	-0.02071
1840	-0.02125
1842	-0.02026
1844	-0.01914
1846	-0.01845
1848	-0.01829
1850	-0.01807
1852	-0.01913
1854	-0.01738
1856	-0.01588
1858	-0.01613
1860	-0.01507
1862	-0.01411
1864	-0.01334
1866	-0.01322
1868	-0.01297
1870	-0.01237
1872	-0.01132
1874	-0.00945
1876	-0.00903
1878	-0.00766
1880	-0.00628
1882	-0.00506
1884	-0.00356
1886	-0.00368
1888	-0.00374
1890	-0.00237
1892	-0.00195
1894	-5.37675E-4
1896	0.00129
1898	0.00149
1900	0.00297
1902	0.00555
1904	0.00755
1906	0.01024
1908	0.01211
1910	0.01339
1912	0.01442
1914	0.01516
1916	0.01615
1918	0.01742
1920	0.01954
1922	0.02053
1924	0.01902
1926	-0.00517
1928	-0.07315
1930	-0.16951
1932	-0.28233
1934	-0.39622
1936	-0.50328
1938	-0.60287
1940	-0.69053
1942	-0.76639
1944	-0.83409
1946	-0.89271
1948	-0.94054
1950	-0.98037
1952	-1.01228
1954	-1.0298
1956	-1.02085
1958	-0.98323
1960	-0.92358
1962	-0.85435
1964	-0.78462
1966	-0.71745
1968	-0.65545
1970	-0.59638
1972	-0.54239
1974	-0.49372
1976	-0.44978
1978	-0.41158
1980	-0.37738
1982	-0.34716
1984	-0.32086
1986	-0.29789
1988	-0.27835
1990	-0.25949
1992	-0.24202
1994	-0.22732
1996	-0.2124
1998	-0.20138
2000	-0.19119
2002	-0.18276
2004	-0.17541
2006	-0.16939
2008	-0.1625
2010	-0.15672
2012	-0.15054
2014	-0.14575
2016	-0.13991
2018	-0.13536
2020	-0.1307
2022	-0.12543
2024	-0.12022
2026	-0.1162
2028	-0.11149
2030	-0.10704
2032	-0.10367
2034	-0.10152
2036	-0.09791
2038	-0.09545
2040	-0.09346
2042	-0.09089
2044	-0.08883
2046	-0.08586
2048	-0.08175
2050	-0.07783
2052	-0.07461
2054	-0.07313
2056	-0.07263
2058	-0.07056
2060	-0.06887
2062	-0.06855
2064	-0.06643
2066	-0.06339
2068	-0.06249
2070	-0.06176
2072	-0.05949
2074	-0.05982
2076	-0.05991
2078	-0.05928
2080	-0.05869
2082	-0.05784
2084	-0.05817
2086	-0.05794
2088	-0.05721
2090	-0.05559
2092	-0.05558
2094	-0.05469
2096	-0.05329
2098	-0.05364
2100	-0.05242
2102	-0.0518
2104	-0.05087
2106	-0.04924
2108	-0.04876
2110	-0.04918
2112	-0.04976
2114	-0.05044
2116	-0.04995
2118	-0.0504
2120	-0.05082
2122	-0.05031
2124	-0.04965
2126	-0.0488
2128	-0.0475
2130	-0.0462
2132	-0.04488
2134	-0.04433
2136	-0.04451
2138	-0.04457
2140	-0.04495
2142	-0.04523
2144	-0.04585
2146	-0.04586
2148	-0.04481
2150	-0.04424
2152	-0.04412
2154	-0.04425
2156	-0.04465
2158	-0.044
2160	-0.04332
2162	-0.04324
2164	-0.04251
2166	-0.04271
2168	-0.04219
2170	-0.04219
2172	-0.04289
2174	-0.04182
2176	-0.04209
2178	-0.04226
2180	-0.04315
2182	-0.04246
2184	-0.04225
2186	-0.04374
2188	-0.04199
2190	-0.04193
2192	-0.0425
2194	-0.04236
2196	-0.04153
2198	-0.04112
2200	-0.03966
2202	-0.03978
2204	-0.04013
2206	-0.03917
2208	-0.03856
2210	-0.03814
2212	-0.03927
2214	-0.04006
2216	-0.04126
2218	-0.04023
2220	-0.03888
2222	-0.0376
2224	-0.03554
2226	-0.03537
2228	-0.03608
2230	-0.03657
2232	-0.03577
2234	-0.0343
2236	-0.03459
2238	-0.0361
2240	-0.03642
2242	-0.03443
2244	-0.03346
2246	-0.03389
2248	-0.03442
2250	-0.03446
2252	-0.03698
2254	-0.03677
2256	-0.03544
2258	-0.0349
2260	-0.03381
2262	-0.03309
2264	-0.03397
2266	-0.03614
2268	-0.03733
2270	-0.03736
2272	-0.03651
2274	-0.03598
2276	-0.03511
2278	-0.03334
2280	-0.03328
2282	-0.03131
2284	-0.03038
2286	-0.03113
2288	-0.03204
2290	-0.03166
2292	-0.03188
2294	-0.0321
2296	-0.03112
2298	-0.0287
2300	-0.02703
2302	-0.02691
2304	-0.02843
2306	-0.02733
2308	-0.02629
2310	-0.02684
2312	-0.02803
2314	-0.02724
2316	-0.02761
2318	-0.02836
2320	-0.03062
2322	-0.02968
2324	-0.02867
2326	-0.02899
2328	-0.02824
2330	-0.02738
2332	-0.02752
2334	-0.02703
2336	-0.0279
2338	-0.02779
2340	-0.02629
2342	-0.026
2344	-0.02597
2346	-0.02608
2348	-0.02552
2350	-0.02492
2352	-0.02418
2354	-0.02372
2356	-0.02342
2358	-0.02464
2360	-0.02669
2362	-0.02637
2364	-0.02633
2366	-0.02403
2368	-0.02281
2370	-0.02334
2372	-0.02406
2374	-0.0231
2376	-0.02301
2378	-0.02349
2380	-0.02379
2382	-0.0233
2384	-0.02488
2386	-0.02384
2388	-0.02199
2390	-0.02221
2392	-0.02267
2394	-0.02197
2396	-0.02201
2398	-0.02125
2400	-0.01928
2402	-0.01892
2404	-0.01938
2406	-0.02005
2408	-0.02087
2410	-0.02168
2412	-0.02226
2414	-0.02166
2416	-0.02055
2418	-0.02041
2420	-0.01945
2422	-0.01751
2424	-0.01805
2426	-0.01846
2428	-0.01664
2430	-0.01601
2432	-0.01648
2434	-0.016
2436	-0.01604
2438	-0.0163
2440	-0.01471
2442	-0.01454
2444	-0.01568
2446	-0.01649
2448	-0.01601
2450	-0.01596
2452	-0.01543
2454	-0.01604
2456	-0.01662
2458	-0.01597
2460	-0.01491
2462	-0.0147
2464	-0.01373
2466	-0.01308
2468	-0.01187
2470	-0.00893
2472	-0.0078
2474	-0.00727
2476	-0.00737
2478	-0.00674
2480	-0.00568
2482	-0.00561
2484	-0.00501
2486	-0.003
2488	-9.85926E-4
2490	-7.5566E-4
2492	-6.34394E-4
2494	5.83872E-4
2496	0.00156
2498	0.00255
2500	0.00163
2502	0.00272
2504	0.00403
2506	0.00314
2508	0.00268
2510	0.00213
2512	0.00316
2514	0.00477
2516	0.00638
2518	0.00617
2520	0.00612
2522	0.00764
2524	0.00922
2526	-0.00654
2528	-0.05573
2530	-0.13108
2532	-0.22101
2534	-0.31459
2536	-0.40557
2538	-0.4897
2540	-0.56356
2542	-0.62866
2544	-0.68528
2546	-0.73371
2548	-0.77638
2550	-0.81097
2552	-0.83702
2554	-0.85361
2556	-0.84911
2558	-0.82232
2560	-0.77612
2562	-0.72128
2564	-0.66351
2566	-0.60616
2568	-0.5537
2570	-0.50556
2572	-0.46108
2574	-0.42093
2576	-0.38463
2578	-0.35086
2580	-0.32198
2582	-0.29826
2584	-0.27526
2586	-0.25599
2588	-0.23961
2590	-0.22547
2592	-0.21053
2594	-0.19891
2596	-0.18766
2598	-0.17819
2600	-0.17025
2602	-0.16185
2604	-0.15302
2606	-0.1457
2608	-0.14018
2610	-0.13358
2612	-0.12722
2614	-0.12183
2616	-0.116
2618	-0.11075
2620	-0.10557
2622	-0.10066
2624	-0.09673
2626	-0.09391
2628	-0.09099
2630	-0.08737
2632	-0.08385
2634	-0.08086
2636	-0.07752
2638	-0.07495
2640	-0.07246
2642	-0.07064
2644	-0.06851
2646	-0.06694
2648	-0.06645
2650	-0.0638
2652	-0.06208
2654	-0.05933
2656	-0.0573
2658	-0.05592
2660	-0.05594
2662	-0.0547
2664	-0.05172
2666	-0.05154
2668	-0.05083
2670	-0.05096
2672	-0.04939
2674	-0.04985
2676	-0.04918
2678	-0.04782
2680	-0.0464
2682	-0.04659
2684	-0.04752
2686	-0.04668
2688	-0.04554
2690	-0.04438
2692	-0.04366
2694	-0.04341
2696	-0.04301
2698	-0.04308
2700	-0.04509
2702	-0.04462
2704	-0.04511
2706	-0.04379
2708	-0.04278
2710	-0.04254
2712	-0.04185
2714	-0.03979
2716	-0.0388
2718	-0.03956
2720	-0.03909
2722	-0.03886
2724	-0.03774
2726	-0.03823
2728	-0.03923
2730	-0.03851
2732	-0.03859
2734	-0.03778
2736	-0.03679
2738	-0.03599
2740	-0.0352
2742	-0.03523
2744	-0.03463
2746	-0.03533
2748	-0.03682
2750	-0.03618
2752	-0.034
2754	-0.03407
2756	-0.03447
2758	-0.03481
2760	-0.03486
2762	-0.0343
2764	-0.03347
2766	-0.03334
2768	-0.03383
2770	-0.03389
2772	-0.03417
2774	-0.03455
2776	-0.0348
2778	-0.03475
2780	-0.03397
2782	-0.032
2784	-0.03052
2786	-0.03104
2788	-0.03208
2790	-0.0331
2792	-0.03407
2794	-0.03411
2796	-0.03401
2798	-0.03339
2800	-0.03294
2802	-0.03235
2804	-0.03105
2806	-0.03055
2808	-0.03065
2810	-0.03056
2812	-0.02979
2814	-0.0292
2816	-0.03049
2818	-0.03162
2820	-0.03244
2822	-0.03266
2824	-0.03233
2826	-0.03186
2828	-0.03235
2830	-0.03104
2832	-0.0318
2834	-0.03071
2836	-0.03042
2838	-0.02873
2840	-0.02882
2842	-0.02967
2844	-0.02926
2846	-0.0271
2848	-0.02669
2850	-0.02735
2852	-0.02764
2854	-0.02818
2856	-0.02736
2858	-0.02695
2860	-0.02791
2862	-0.02963
2864	-0.02867
2866	-0.02829
2868	-0.02825
2870	-0.03012
2872	-0.03007
2874	-0.02962
2876	-0.02934
2878	-0.02818
2880	-0.02679
2882	-0.02581
2884	-0.02716
2886	-0.02885
2888	-0.02863
2890	-0.02686
2892	-0.02579
2894	-0.02794
2896	-0.02744
2898	-0.02564
2900	-0.02413
2902	-0.02352
2904	-0.02236
2906	-0.02184
2908	-0.02302
2910	-0.02358
2912	-0.02342
2914	-0.02253
2916	-0.02166
2918	-0.02187
2920	-0.02226
2922	-0.023
2924	-0.0214
2926	-0.02171
2928	-0.02129
2930	-0.02099
2932	-0.02045
2934	-0.02086
2936	-0.02092
2938	-0.01927
2940	-0.01938
2942	-0.01945
2944	-0.01938
2946	-0.01986
2948	-0.02045
2950	-0.02076
2952	-0.01976
2954	-0.01913
2956	-0.02062
2958	-0.02074
2960	-0.01965
2962	-0.01818
2964	-0.01644
2966	-0.01726
2968	-0.01613
2970	-0.01471
2972	-0.01418
2974	-0.01543
2976	-0.01537
2978	-0.01515
2980	-0.01531
2982	-0.01545
2984	-0.01552
2986	-0.01502
2988	-0.01366
2990	-0.01204
2992	-0.01162
2994	-0.01154
2996	-0.01215
2998	-0.01295
3000	-0.01289
3002	-0.01268
3004	-0.01283
3006	-0.01128
3008	-0.01027
3010	-0.00981
3012	-0.00887
3014	-0.00773
3016	-0.00794
3018	-0.00872
3020	-0.00959
3022	-0.00828
3024	-0.00821
3026	-0.0084
3028	-0.0086
3030	-0.00738
3032	-0.00823
3034	-0.00966
3036	-0.0094
3038	-0.00877
3040	-0.00803
3042	-0.00822
3044	-0.00804
3046	-0.00809
3048	-0.00779
3050	-0.00779
3052	-0.00857
3054	-0.00724
3056	-0.00519
3058	-0.00233
3060	-0.00103
3062	-3.3448E-4
3064	6.74715E-4
3066	0.00216
3068	0.00197
3070	0.00128
3072	4.58224E-5
3074	-0.00127
3076	-0.00155
3078	-0.00145
3080	-0.00163
3082	-0.00167
3084	-7.45735E-4
3086	-1.8828E-5
3088	0.00342
3090	0.00513
3092	0.00476
3094	0.00527
3096	0.0061
3098	0.00614
3100	0.00595
3102	0.00649
3104	0.00751
3106	0.00821
3108	0.00851
3110	0.00909
3112	0.00998
3114	0.00959
3116	0.01142
3118	0.01299
3120	0.01354
3122	0.01362
3124	0.01299
3126	0.00243
3128	-0.0394
3130	-0.10204
3132	-0.17757
3134	-0.25591
3136	-0.33194
3138	-0.4024
3140	-0.46604
3142	-0.51935
3144	-0.56448
3146	-0.60414
3148	-0.63753
3150	-0.66668
3152	-0.69044
3154	-0.70934
3156	-0.70831
3158	-0.68755
3160	-0.65257
3162	-0.60742
3164	-0.55848
3166	-0.51055
3168	-0.46582
3170	-0.42573
3172	-0.38789
3174	-0.35312
3176	-0.3222
3178	-0.29479
3180	-0.27124
3182	-0.25138
3184	-0.23301
3186	-0.21542
3188	-0.20069
3190	-0.18782
3192	-0.17673
3194	-0.16633
3196	-0.15608
3198	-0.14717
3200	-0.14084
3202	-0.13265
3204	-0.1249
3206	-0.11936
3208	-0.11422
3210	-0.1091
3212	-0.10464
3214	-0.09965
3216	-0.0953
3218	-0.09168
3220	-0.08876
3222	-0.08569
3224	-0.08199
3226	-0.0795
3228	-0.07682
3230	-0.07372
3232	-0.0725
3234	-0.07104
3236	-0.06708
3238	-0.06371
3240	-0.06167
3242	-0.06007
3244	-0.0583
3246	-0.0574
3248	-0.05373
3250	-0.0506
3252	-0.05116
3254	-0.05134
3256	-0.0496
3258	-0.04822
3260	-0.04708
3262	-0.04595
3264	-0.04619
3266	-0.04678
3268	-0.04606
3270	-0.04493
3272	-0.04374
3274	-0.04199
3276	-0.04059
3278	-0.04101
3280	-0.04231
3282	-0.04117
3284	-0.04132
3286	-0.04068
3288	-0.03992
3290	-0.03908
3292	-0.03787
3294	-0.0369
3296	-0.03586
3298	-0.03351
3300	-0.03356
3302	-0.03532
3304	-0.03604
3306	-0.03508
3308	-0.0329
3310	-0.03168
3312	-0.03282
3314	-0.03373
3316	-0.03455
3318	-0.0364
3320	-0.03636
3322	-0.0351
3324	-0.03364
3326	-0.03305
3328	-0.03367
3330	-0.03494
3332	-0.03473
3334	-0.03445
3336	-0.03578
3338	-0.03642
3340	-0.03508
3342	-0.03304
3344	-0.0322
3346	-0.03167
3348	-0.03166
3350	-0.03123
3352	-0.03077
3354	-0.02946
3356	-0.03115
3358	-0.03086
3360	-0.02854
3362	-0.02733
3364	-0.02755
3366	-0.02797
3368	-0.02939
3370	-0.02924
3372	-0.02823
3374	-0.02767
3376	-0.028
3378	-0.02779
3380	-0.02952
3382	-0.03174
3384	-0.03055
3386	-0.03055
3388	-0.03052
3390	-0.03022
3392	-0.03039
3394	-0.02926
3396	-0.02771
3398	-0.02844
3400	-0.02921
3402	-0.03039
3404	-0.03084
3406	-0.02933
3408	-0.0283
3410	-0.02801
3412	-0.02791
3414	-0.02804
3416	-0.02778
3418	-0.02692
3420	-0.0266
3422	-0.02609
3424	-0.02534
3426	-0.02468
3428	-0.02348
3430	-0.02297
3432	-0.02313
3434	-0.02381
3436	-0.02383
3438	-0.02433
3440	-0.02412
3442	-0.02415
3444	-0.02459
3446	-0.02488
3448	-0.02534
3450	-0.02438
3452	-0.02284
3454	-0.02236
3456	-0.0233
3458	-0.02326
3460	-0.02355
3462	-0.0236
3464	-0.02358
3466	-0.02444
3468	-0.02376
3470	-0.02177
3472	-0.02067
3474	-0.01943
3476	-0.01957
3478	-0.01908
3480	-0.01915
3482	-0.02055
3484	-0.02076
3486	-0.02101
3488	-0.02291
3490	-0.02205
3492	-0.02098
3494	-0.02144
3496	-0.02189
3498	-0.0218
3500	-0.02201
3502	-0.02273
3504	-0.02139
3506	-0.02027
3508	-0.02038
3510	-0.02112
3512	-0.0214
3514	-0.01855
3516	-0.01834
3518	-0.01849
3520	-0.01914
3522	-0.01874
3524	-0.01877
3526	-0.01651
3528	-0.01611
3530	-0.01711
3532	-0.01685
3534	-0.01716
3536	-0.01839
3538	-0.0169
3540	-0.01634
3542	-0.01587
3544	-0.01692
3546	-0.01782
3548	-0.01833
3550	-0.01873
3552	-0.01831
3554	-0.01732
3556	-0.01685
3558	-0.01534
3560	-0.01437
3562	-0.01405
3564	-0.01324
3566	-0.01268
3568	-0.01113
3570	-0.01017
3572	-0.0097
3574	-0.01068
3576	-0.01048
3578	-0.00909
3580	-0.008
3582	-0.0063
3584	-0.00622
3586	-0.00666
3588	-0.0072
3590	-0.00765
3592	-0.00768
3594	-0.00818
3596	-0.00792
3598	-0.00702
3600	-0.00599
3602	-0.00469
3604	-0.00557
3606	-0.0064
3608	-0.00757
3610	-0.00865
3612	-0.0089
3614	-0.0082
3616	-0.00806
3618	-0.00832
3620	-0.00862
3622	-0.00693
3624	-0.00573
3626	-0.00522
3628	-0.00575
3630	-0.00627
3632	-0.00678
3634	-0.00613
3636	-0.00462
3638	-0.00457
3640	-0.0046
3642	-0.00409
3644	-0.00409
3646	-0.0041
3648	-0.00312
3650	-0.00326
3652	-0.00355
3654	-0.00247
3656	-0.00272
3658	-0.00251
3660	-0.00156
3662	-0.00289
3664	-0.0047
3666	-0.00507
3668	-0.00544
3670	-0.00441
3672	-0.00103
3674	-7.60225E-4
3676	-0.00344
3678	-0.00371
3680	-0.00358
3682	-0.00115
3684	1.00541E-4
3686	-1.29305E-4
3688	-6.29152E-4
3690	-0.00239
3692	-0.002
3694	-0.0012
3696	-5.63979E-4
3698	3.67847E-4
3700	0.00124
3702	0.00229
3704	0.00278
3706	0.0039
3708	0.00371
3710	0.00315
3712	0.00369
3714	0.00296
3716	0.00314
3718	0.0046
3720	0.00566
3722	0.0057
3724	0.00582
3726	-0.00248
3728	-0.03413
3730	-0.08303
3732	-0.14341
3734	-0.20657
3736	-0.26786
3738	-0.32491
3740	-0.3774
3742	-0.42328
3744	-0.46373
3746	-0.498
3748	-0.52675
3750	-0.55126
3752	-0.57184
3754	-0.58666
3756	-0.58934
3758	-0.57573
3760	-0.54804
3762	-0.5136
3764	-0.47666
3766	-0.43906
3768	-0.40357
3770	-0.36793
3772	-0.33519
3774	-0.30704
3776	-0.28207
3778	-0.26033
3780	-0.23994
3782	-0.22112
3784	-0.20555
3786	-0.19147
3788	-0.17854
3790	-0.16667
3792	-0.15671
3794	-0.14831
3796	-0.14157
3798	-0.13578
3800	-0.12943
3802	-0.12317
3804	-0.11614
3806	-0.11047
3808	-0.10531
3810	-0.10178
3812	-0.09898
3814	-0.09312
3816	-0.08961
3818	-0.08661
3820	-0.08293
3822	-0.07916
3824	-0.07681
3826	-0.07335
3828	-0.06939
3830	-0.06703
3832	-0.06373
3834	-0.06175
3836	-0.05938
3838	-0.05753
3840	-0.05685
3842	-0.05467
3844	-0.05314
3846	-0.05376
3848	-0.05373
3850	-0.05243
3852	-0.05091
3854	-0.05013
3856	-0.05032
3858	-0.04962
3860	-0.04802
3862	-0.04576
3864	-0.04447
3866	-0.0438
3868	-0.04316
3870	-0.04158
3872	-0.03979
3874	-0.03784
3876	-0.0377
3878	-0.03899
3880	-0.03928
3882	-0.03852
3884	-0.03629
3886	-0.03489
3888	-0.03531
3890	-0.03494
3892	-0.03394
3894	-0.03351
3896	-0.03449
3898	-0.03529
3900	-0.03614
3902	-0.03563
3904	-0.03739
3906	-0.03832
3908	-0.03657
3910	-0.0349
3912	-0.03572
3914	-0.03596
3916	-0.03503
3918	-0.0353
3920	-0.03451
3922	-0.03442
3924	-0.03304
3926	-0.03222
3928	-0.03072
3930	-0.02986
3932	-0.03098
3934	-0.03111
3936	-0.0306
3938	-0.0297
3940	-0.0297
3942	-0.02965
3944	-0.02937
3946	-0.03018
3948	-0.03064
3950	-0.0306
3952	-0.03096
3954	-0.03183
3956	-0.03224
3958	-0.03075
3960	-0.02957
3962	-0.03051
3964	-0.03025
3966	-0.03044
3968	-0.03051
3970	-0.0299
3972	-0.02976
3974	-0.02864
3976	-0.02757
3978	-0.02914
3980	-0.03099
3982	-0.03124
3984	-0.03043
3986	-0.03062
3988	-0.03074
3990	-0.03175
3992	-0.03171
3994	-0.03085
3996	-0.02987
3998	-0.0292
4000	-0.02926
4002	-0.02903
4004	-0.02722
4006	-0.02799
4008	-0.02887
4010	-0.02683
4012	-0.02701
4014	-0.02832
4016	-0.02805
4018	-0.0267
4020	-0.02699
4022	-0.02824
4024	-0.02712
4026	-0.02714
4028	-0.02611
4030	-0.02426
4032	-0.02382
4034	-0.02344
4036	-0.02324
4038	-0.02399
4040	-0.02478
4042	-0.02487
4044	-0.02457
4046	-0.02376
4048	-0.02421
4050	-0.02345
4052	-0.0229
4054	-0.02233
4056	-0.02298
4058	-0.02412
4060	-0.02373
4062	-0.02388
4064	-0.02369
4066	-0.02353
4068	-0.02404
4070	-0.02489
4072	-0.02491
4074	-0.02564
4076	-0.02465
4078	-0.02231
4080	-0.02008
4082	-0.0203
4084	-0.02099
4086	-0.02041
4088	-0.02111
4090	-0.02186
4092	-0.02211
4094	-0.02193
4096	-0.02277
4098	-0.02121
4100	-0.02087
4102	-0.02115
4104	-0.02082
4106	-0.02082
4108	-0.02136
4110	-0.02046
4112	-0.02054
4114	-0.01959
4116	-0.01891
4118	-0.01894
4120	-0.01823
4122	-0.0176
4124	-0.01673
4126	-0.0176
4128	-0.01783
4130	-0.0184
4132	-0.01848
4134	-0.01788
4136	-0.01645
4138	-0.01626
4140	-0.01559
4142	-0.01373
4144	-0.01411
4146	-0.01499
4148	-0.017
4150	-0.01665
4152	-0.01745
4154	-0.01738
4156	-0.01726
4158	-0.01783
4160	-0.01726
4162	-0.01731
4164	-0.01741
4166	-0.01627
4168	-0.0141
4170	-0.01314
4172	-0.01243
4174	-0.01094
4176	-0.00884
4178	-0.00535
4180	-0.00502
4182	-0.00592
4184	-0.00629
4186	-0.00535
4188	-0.00498
4190	-0.00485
4192	-0.00569
4194	-0.00431
4196	-0.00395
4198	-0.00396
4200	-0.00372
4202	-0.00261
4204	-0.00289
4206	-0.0035
4208	-0.00352
4210	-0.00369
4212	-0.00441
4214	-0.00568
4216	-0.00537
4218	-0.00453
4220	-0.00378
4222	-0.00438
4224	-0.00467
4226	-0.00612
4228	-0.00614
4230	-0.00597
4232	-0.00655
4234	-0.00706
4236	-0.00726
4238	-0.00581
4240	-0.00525
4242	-0.00542
4244	-0.00478
4246	-0.00322
4248	-0.00213
4250	-0.00364
4252	-0.00289
4254	-0.00214
4256	-0.00316
4258	-0.00301
4260	-0.00298
4262	-0.00287
4264	-0.00292
4266	-0.00357
4268	-0.00315
4270	-0.0024
4272	-0.00257
4274	-0.00267
4276	-0.00299
4278	-0.00184
4280	-0.00109
4282	5.74229E-5
4284	-3.11313E-4
4286	-5.5505E-4
4288	-6.63786E-4
4290	-6.23522E-4
4292	-2.42583E-5
4294	-1.05995E-4
4296	2.71269E-4
4298	2.02533E-4
4300	-0.00105
4302	-0.00114
4304	0.00123
4306	0.00165
4308	0.00148
4310	6.04116E-4
4312	9.20379E-4
4314	0.00182
4316	0.00272
4318	0.00375
4320	0.00324
4322	0.00295
4324	0.00305
4326	-0.00126
4328	-0.02387
4330	-0.06059
4332	-0.10814
4334	-0.15924
4336	-0.21096
4338	-0.2609
4340	-0.30486
4342	-0.34278
4344	-0.37506
4346	-0.4024
4348	-0.42819
4350	-0.44779
4352	-0.46429
4354	-0.47622
4356	-0.47945
4358	-0.47229
4360	-0.45444
4362	-0.42768
4364	-0.39873
4366	-0.36867
4368	-0.33943
4370	-0.31103
4372	-0.28504
4374	-0.2625
4376	-0.24164
4378	-0.2225
4380	-0.206
4382	-0.19157
4384	-0.18014
4386	-0.1685
4388	-0.15744
4390	-0.14755
4392	-0.13909
4394	-0.13099
4396	-0.12382
4398	-0.11726
4400	-0.11085
4402	-0.1051
4404	-0.10049
4406	-0.09704
4408	-0.09262
4410	-0.08712
4412	-0.08229
4414	-0.07678
4416	-0.07197
4418	-0.06956
4420	-0.06629
4422	-0.06392
4424	-0.06187
4426	-0.05909
4428	-0.05698
4430	-0.05622
4432	-0.0556
4434	-0.05438
4436	-0.05188
4438	-0.04999
4440	-0.04842
4442	-0.04626
4444	-0.04533
4446	-0.04343
4448	-0.04194
4450	-0.04138
4452	-0.04111
4454	-0.03978
4456	-0.03829
4458	-0.0381
4460	-0.03844
4462	-0.03768
4464	-0.03796
4466	-0.03513
4468	-0.03371
4470	-0.03312
4472	-0.03321
4474	-0.03196
4476	-0.03174
4478	-0.0316
4480	-0.03111
4482	-0.03109
4484	-0.03107
4486	-0.03024
4488	-0.02887
4490	-0.02904
4492	-0.03015
4494	-0.0302
4496	-0.03018
4498	-0.02994
4500	-0.02987
4502	-0.02798
4504	-0.02774
4506	-0.02717
4508	-0.02881
4510	-0.02844
4512	-0.02793
4514	-0.02768
4516	-0.02698
4518	-0.02714
4520	-0.02635
4522	-0.02499
4524	-0.02482
4526	-0.02529
4528	-0.02578
4530	-0.02464
4532	-0.02446
4534	-0.02446
4536	-0.02484
4538	-0.02431
4540	-0.02274
4542	-0.022
4544	-0.02267
4546	-0.02189
4548	-0.02164
4550	-0.02305
4552	-0.02427
4554	-0.02433
4556	-0.0235
4558	-0.0247
4560	-0.0238
4562	-0.02445
4564	-0.02465
4566	-0.02541
4568	-0.02605
4570	-0.02563
4572	-0.02335
4574	-0.02289
4576	-0.02438
4578	-0.02569
4580	-0.02608
4582	-0.0246
4584	-0.02438
4586	-0.02441
4588	-0.02365
4590	-0.02329
4592	-0.02399
4594	-0.02338
4596	-0.02155
4598	-0.02238
4600	-0.02258
4602	-0.02139
4604	-0.02135
4606	-0.02218
4608	-0.02284
4610	-0.02263
4612	-0.0214
4614	-0.01989
4616	-0.02005
4618	-0.02053
4620	-0.0197
4622	-0.01911
4624	-0.01978
4626	-0.01931
4628	-0.01909
4630	-0.01887
4632	-0.01884
4634	-0.01856
4636	-0.018
4638	-0.02058
4640	-0.02176
4642	-0.01998
4644	-0.01914
4646	-0.01787
4648	-0.01842
4650	-0.01764
4652	-0.01693
4654	-0.01626
4656	-0.01551
4658	-0.0154
4660	-0.0146
4662	-0.01537
4664	-0.01596
4666	-0.01551
4668	-0.01392
4670	-0.01435
4672	-0.01655
4674	-0.01659
4676	-0.01563
4678	-0.01665
4680	-0.01728
4682	-0.01758
4684	-0.01691
4686	-0.01802
4688	-0.01858
4690	-0.01809
4692	-0.01711
4694	-0.01664
4696	-0.01694
4698	-0.017
4700	-0.01635
4702	-0.01773
4704	-0.01595
4706	-0.01332
4708	-0.01213
4710	-0.01308
4712	-0.01352
4714	-0.01296
4716	-0.01453
4718	-0.01575
4720	-0.01508
4722	-0.01414
4724	-0.01477
4726	-0.01464
4728	-0.01333
4730	-0.0141
4732	-0.01392
4734	-0.01399
4736	-0.01453
4738	-0.01549
4740	-0.01415
4742	-0.01424
4744	-0.01356
4746	-0.01192
4748	-0.01202
4750	-0.01235
4752	-0.01147
4754	-0.01103
4756	-0.01143
4758	-0.01065
4760	-0.01133
4762	-0.01161
4764	-0.01132
4766	-0.01107
4768	-0.01195
4770	-0.01181
4772	-0.01146
4774	-0.01115
4776	-0.01015
4778	-0.01018
4780	-0.01062
4782	-0.0113
4784	-0.00961
4786	-0.00821
4788	-0.00722
4790	-0.00729
4792	-0.00595
4794	-0.00509
4796	-0.00517
4798	-0.00623
4800	-0.00585
4802	-0.00498
4804	-0.00582
4806	-0.00558
4808	-0.00398
4810	-0.00391
4812	-0.0041
4814	-0.00386
4816	-0.00467
4818	-0.00512
4820	-0.00489
4822	-0.00622
4824	-0.00754
4826	-0.00676
4828	-0.00602
4830	-0.00604
4832	-0.00591
4834	-0.00641
4836	-0.00561
4838	-0.00482
4840	-0.00403
4842	-0.00301
4844	-0.00375
4846	-0.00483
4848	-0.00517
4850	-0.00619
4852	-0.00527
4854	-0.00589
4856	-0.00615
4858	-0.00534
4860	-0.00341
4862	-5.89572E-4
4864	-3.89085E-4
4866	-1.02599E-4
4868	0.00108
4870	9.50373E-4
4872	2.19859E-4
4874	-4.03655E-4
4876	-2.30169E-4
4878	8.46317E-4
4880	0.00119
4882	1.84425E-4
4884	-6.18208E-4
4886	-7.0684E-4
4888	-7.2473E-5
4890	7.32894E-4
4892	0.00152
4894	0.00159
4896	0.00122
4898	0.00206
4900	0.00344
4902	0.00313
4904	0.00269
4906	0.00225
4908	0.00206
4910	0.00327
4912	0.00302
4914	0.00268
4916	0.00311
4918	0.0044
4920	0.00636
4922	0.00546
4924	0.00522
4926	3.68509E-4
4928	-0.0169
4930	-0.04745
4932	-0.08594
4934	-0.12686
4936	-0.1684
4938	-0.20668
4940	-0.24318
4942	-0.27514
4944	-0.30217
4946	-0.32505
4948	-0.34398
4950	-0.36156
4952	-0.37508
4954	-0.3867
4956	-0.39159
4958	-0.38628
4960	-0.37238
4962	-0.35309
4964	-0.3285
4966	-0.30343
4968	-0.27929
4970	-0.25765
4972	-0.23729
4974	-0.21775
4976	-0.20131
4978	-0.18612
4980	-0.17251
4982	-0.16017
4984	-0.14922
4986	-0.13986
4988	-0.1317
4990	-0.12358
4992	-0.11675
4994	-0.11009
4996	-0.10164
4998	-0.09462
5000	-0.0888
5002	-0.08483
5004	-0.08008
5006	-0.07561
5008	-0.074
5010	-0.07228
5012	-0.06999
5014	-0.0674
5016	-0.06302
5018	-0.05928
5020	-0.05567
5022	-0.05271
5024	-0.05033
5026	-0.0486
5028	-0.0472
5030	-0.04439
5032	-0.04147
5034	-0.03973
5036	-0.03872
5038	-0.03681
5040	-0.03602
5042	-0.03586
5044	-0.03526
5046	-0.03512
5048	-0.0347
5050	-0.03316
5052	-0.03132
5054	-0.02965
5056	-0.03037
5058	-0.03097
5060	-0.03073
5062	-0.02966
5064	-0.02834
5066	-0.02826
5068	-0.02714
5070	-0.02653
5072	-0.02569
5074	-0.02602
5076	-0.0257
5078	-0.0263
5080	-0.02513
5082	-0.02479
5084	-0.0247
5086	-0.02378
5088	-0.02277
5090	-0.0228
5092	-0.02175
5094	-0.02161
5096	-0.02268
5098	-0.02239
5100	-0.02293
5102	-0.02303
5104	-0.02363
5106	-0.02273
5108	-0.02236
5110	-0.02248
5112	-0.02147
5114	-0.02171
5116	-0.02197
5118	-0.02162
5120	-0.01946
5122	-0.01878
5124	-0.01914
5126	-0.01907
5128	-0.0188
5130	-0.01821
5132	-0.01909
5134	-0.01914
5136	-0.01836
5138	-0.01794
5140	-0.01825
5142	-0.01759
5144	-0.01732
5146	-0.01782
5148	-0.01795
5150	-0.01937
5152	-0.01947
5154	-0.01876
5156	-0.01726
5158	-0.01566
5160	-0.01517
5162	-0.0157
5164	-0.01664
5166	-0.01644
5168	-0.01644
5170	-0.01883
5172	-0.01868
5174	-0.01749
5176	-0.01795
5178	-0.01712
5180	-0.01644
5182	-0.01736
5184	-0.01802
5186	-0.01842
5188	-0.01792
5190	-0.01692
5192	-0.01636
5194	-0.01638
5196	-0.01611
5198	-0.01516
5200	-0.01541
5202	-0.01626
5204	-0.01574
5206	-0.01588
5208	-0.01609
5210	-0.01574
5212	-0.01745
5214	-0.01717
5216	-0.01695
5218	-0.01753
5220	-0.01847
5222	-0.01765
5224	-0.01494
5226	-0.01364
5228	-0.01435
5230	-0.01421
5232	-0.01254
5234	-0.01188
5236	-0.01203
5238	-0.01441
5240	-0.01473
5242	-0.01434
5244	-0.01293
5246	-0.01288
5248	-0.01266
5250	-0.0129
5252	-0.01224
5254	-0.01236
5256	-0.01216
5258	-0.01189
5260	-0.01208
5262	-0.01304
5264	-0.01296
5266	-0.0136
5268	-0.01322
5270	-0.01264
5272	-0.0134
5274	-0.01453
5276	-0.01486
5278	-0.0138
5280	-0.01271
5282	-0.01165
5284	-0.01192
5286	-0.01132
5288	-0.01093
5290	-0.01054
5292	-0.01094
5294	-0.01041
5296	-0.01095
5298	-0.01143
5300	-0.0104
5302	-0.00898
5304	-0.00933
5306	-0.00836
5308	-0.00682
5310	-0.00673
5312	-0.00715
5314	-0.00722
5316	-0.00673
5318	-0.00599
5320	-0.00738
5322	-0.00742
5324	-0.00645
5326	-0.00679
5328	-0.00754
5330	-0.00802
5332	-0.00863
5334	-0.00881
5336	-0.00948
5338	-0.0099
5340	-0.00864
5342	-0.00527
5344	-0.00556
5346	-0.00719
5348	-0.00779
5350	-0.00784
5352	-0.00858
5354	-0.00724
5356	-0.00596
5358	-0.00702
5360	-0.00782
5362	-0.00683
5364	-0.00619
5366	-0.00688
5368	-0.00698
5370	-0.00682
5372	-0.00707
5374	-0.00657
5376	-0.00612
5378	-0.00701
5380	-0.00556
5382	-0.00453
5384	-0.0059
5386	-0.00644
5388	-0.00504
5390	-0.00579
5392	-0.00733
5394	-0.00771
5396	-0.00703
5398	-0.00762
5400	-0.00757
5402	-0.007
5404	-0.00714
5406	-0.00763
5408	-0.00627
5410	-0.00442
5412	-0.00453
5414	-0.00536
5416	-0.00613
5418	-0.00685
5420	-0.00627
5422	-0.00738
5424	-0.00705
5426	-0.00556
5428	-0.00567
5430	-0.00516
5432	-0.00438
5434	-0.00374
5436	-0.00445
5438	-0.00512
5440	-0.00458
5442	-0.00288
5444	-0.00101
5446	-6.68902E-4
5448	-0.0021
5450	-9.62306E-4
5452	-1.64507E-4
5454	7.27291E-4
5456	0.00152
5458	0.00151
5460	0.00111
5462	0.0017
5464	0.00234
5466	0.0019
5468	8.65879E-4
5470	9.26775E-5
5472	-4.53524E-4
5474	-4.41726E-4
5476	-4.49276E-5
5478	-3.29129E-4
5480	-0.00137
5482	-0.00152
5484	-5.97344E-5
5486	8.30064E-4
5488	4.25862E-4
5490	0.00232
5492	0.00305
5494	0.00179
5496	0.00119
5498	0.00298
5500	0.00401
5502	0.00325
5504	0.00329
5506	0.00243
5508	0.00191
5510	0.00247
5512	0.00234
5514	0.00157
5516	9.71872E-4
5518	0.00155
5520	0.00363
5522	0.00429
5524	0.00451
5526	0.00267
5528	-0.00994
5530	-0.03326
5532	-0.06217
5534	-0.09488
5536	-0.12931
5538	-0.16131
5540	-0.18954
5542	-0.21533
5544	-0.23771
5546	-0.25649
5548	-0.27434
5550	-0.28895
5552	-0.30056
5554	-0.31
5556	-0.31662
5558	-0.31508
5560	-0.30746
5562	-0.29318
5564	-0.27557
5566	-0.25799
5568	-0.23979
5570	-0.22159
5572	-0.20456
5574	-0.18876
5576	-0.17595
5578	-0.16471
5580	-0.15212
5582	-0.14028
5584	-0.13051
5586	-0.12172
5588	-0.11354
5590	-0.10651
5592	-0.10129
5594	-0.09573
5596	-0.09048
5598	-0.08575
5600	-0.08227
5602	-0.07753
5604	-0.07418
5606	-0.07032
5608	-0.06691
5610	-0.06423
5612	-0.06153
5614	-0.05877
5616	-0.05476
5618	-0.05059
5620	-0.04861
5622	-0.04838
5624	-0.04633
5626	-0.0458
5628	-0.04461
5630	-0.04281
5632	-0.04153
5634	-0.04062
5636	-0.0383
5638	-0.03614
5640	-0.03599
5642	-0.03493
5644	-0.03434
5646	-0.03219
5648	-0.03144
5650	-0.03078
5652	-0.02919
5654	-0.03014
5656	-0.02936
5658	-0.02845
5660	-0.02969
5662	-0.02967
5664	-0.02747
5666	-0.02388
5668	-0.02392
5670	-0.02319
5672	-0.02219
5674	-0.02217
5676	-0.02262
5678	-0.02202
5680	-0.02194
5682	-0.02224
5684	-0.02187
5686	-0.02027
5688	-0.01951
5690	-0.02039
5692	-0.02064
5694	-0.0199
5696	-0.01899
5698	-0.01888
5700	-0.02033
5702	-0.02033
5704	-0.01965
5706	-0.01852
5708	-0.01768
5710	-0.01604
5712	-0.01567
5714	-0.01694
5716	-0.0163
5718	-0.01731
5720	-0.0177
5722	-0.01688
5724	-0.01691
5726	-0.01631
5728	-0.01533
5730	-0.01621
5732	-0.01595
5734	-0.01527
5736	-0.01495
5738	-0.01615
5740	-0.01556
5742	-0.01617
5744	-0.0163
5746	-0.01587
5748	-0.01648
5750	-0.01635
5752	-0.0155
5754	-0.01454
5756	-0.0142
5758	-0.0139
5760	-0.014
5762	-0.01597
5764	-0.01736
5766	-0.0184
5768	-0.01707
5770	-0.01454
5772	-0.01269
5774	-0.01168
5776	-0.01147
5778	-0.01231
5780	-0.01275
5782	-0.01264
5784	-0.01392
5786	-0.01388
5788	-0.01404
5790	-0.01546
5792	-0.01552
5794	-0.01271
5796	-0.01173
5798	-0.01222
5800	-0.01192
5802	-0.01299
5804	-0.01195
5806	-0.01148
5808	-0.01177
5810	-0.01087
5812	-0.01051
5814	-0.01093
5816	-0.01125
5818	-0.01175
5820	-0.01233
5822	-0.01224
5824	-0.01078
5826	-0.01098
5828	-0.01101
5830	-0.01103
5832	-0.0109
5834	-0.01109
5836	-0.01132
5838	-0.01041
5840	-0.00888
5842	-0.0087
5844	-0.00931
5846	-0.00925
5848	-0.00929
5850	-0.01035
5852	-0.0119
5854	-0.01152
5856	-0.01175
5858	-0.01212
5860	-0.01181
5862	-0.01222
5864	-0.01137
5866	-0.01027
5868	-0.01087
5870	-0.01209
5872	-0.01212
5874	-0.01115
5876	-0.00975
5878	-0.00951
5880	-0.01056
5882	-0.01076
5884	-0.00916
5886	-0.00961
5888	-0.01018
5890	-0.01026
5892	-0.00899
5894	-0.00927
5896	-0.0088
5898	-0.0072
5900	-0.00673
5902	-0.00684
5904	-0.00775
5906	-0.00832
5908	-0.00959
5910	-0.01059
5912	-0.01141
5914	-0.01114
5916	-0.01036
5918	-0.0107
5920	-0.00859
5922	-0.00797
5924	-0.01053
5926	-0.01032
5928	-0.00923
5930	-0.00921
5932	-0.00845
5934	-0.00805
5936	-0.00836
5938	-0.0082
5940	-0.00861
5942	-0.00789
5944	-0.00776
5946	-0.00766
5948	-0.00775
5950	-0.00752
5952	-0.00776
5954	-0.00694
5956	-0.00572
5958	-0.00429
5960	-0.00471
5962	-0.00538
5964	-0.0043
5966	-0.00462
5968	-0.00553
5970	-0.00668
5972	-0.0067
5974	-0.00784
5976	-0.00752
5978	-0.00729
5980	-0.00686
5982	-0.00579
5984	-0.00338
5986	-0.00161
5988	-0.00154
5990	-0.00184
5992	-0.00254
5994	-0.00393
5996	-0.00479
5998	-0.00648
6000	-0.00792
6002	-0.00822
6004	-0.00772
6006	-0.00655
6008	-0.00697
6010	-0.00733
6012	-0.00721
6014	-0.00735
6016	-0.00615
6018	-0.00528
6020	-0.00371
6022	-0.0028
6024	-0.00218
6026	-0.00191
6028	6.96594E-5
6030	4.81535E-4
6032	-5.4059E-4
6034	-0.00185
6036	-0.00151
6038	-0.00127
6040	-0.00368
6042	-0.0048
6044	-0.00661
6046	-0.00648
6048	-0.00509
6050	-0.00361
6052	-0.00288
6054	-9.55959E-4
6056	-0.00118
6058	-0.00269
6060	-0.00165
6062	5.48543E-4
6064	8.83213E-4
6066	0.00152
6068	0.00152
6070	8.77605E-4
6072	0.00157
6074	0.00144
6076	9.51997E-4
6078	-3.93539E-4
6080	-9.26075E-4
6082	-9.23611E-4
6084	-0.00113
6086	-0.0014
6088	-0.00182
6090	5.62448E-5
6092	0.00115
6094	2.01173E-4
6096	4.23637E-4
6098	-4.89919E-6
6100	-6.54352E-5
6102	-0.00129
6104	-0.00214
6106	-0.00141
6108	-5.22579E-4
6110	9.04885E-4
6112	8.40349E-4
6114	0.00127
6116	0.00169
6118	0.00301
6120	0.00181
6122	0.00251
6124	0.00307
6126	0.00258
6128	-0.00502
6130	-0.02226
6132	-0.04433
6134	-0.06924
6136	-0.09367
6138	-0.11881
6140	-0.14234
6142	-0.16257
6144	-0.18059
6146	-0.19557
6148	-0.20885
6150	-0.21913
6152	-0.22881
6154	-0.234
6156	-0.23879
6158	-0.24047
6160	-0.23803
6162	-0.2304
6164	-0.2189
6166	-0.20576
6168	-0.19217
6170	-0.17889
6172	-0.16664
6174	-0.1545
6176	-0.14395
6178	-0.13477
6180	-0.12599
6182	-0.1184
6184	-0.1115
6186	-0.1057
6188	-0.0996
6190	-0.09469
6192	-0.08993
6194	-0.08522
6196	-0.08002
6198	-0.07527
6200	-0.07079
6202	-0.06661
6204	-0.0635
6206	-0.06114
6208	-0.05983
6210	-0.05664
6212	-0.05333
6214	-0.0502
6216	-0.04754
6218	-0.0465
6220	-0.04587
6222	-0.04347
6224	-0.04096
6226	-0.03858
6228	-0.03681
6230	-0.03399
6232	-0.03342
6234	-0.03289
6236	-0.0317
6238	-0.02916
6240	-0.02895
6242	-0.02919
6244	-0.02951
6246	-0.02923
6248	-0.02908
6250	-0.02879
6252	-0.02809
6254	-0.02671
6256	-0.02594
6258	-0.02394
6260	-0.02355
6262	-0.02415
6264	-0.02364
6266	-0.02361
6268	-0.02383
6270	-0.0214
6272	-0.02084
6274	-0.02086
6276	-0.01944
6278	-0.01762
6280	-0.01736
6282	-0.01846
6284	-0.01758
6286	-0.0167
6288	-0.01748
6290	-0.0175
6292	-0.01755
6294	-0.01685
6296	-0.01704
6298	-0.01727
6300	-0.01675
6302	-0.01536
6304	-0.01503
6306	-0.01424
6308	-0.01443
6310	-0.01553
6312	-0.01489
6314	-0.0148
6316	-0.01406
6318	-0.01374
6320	-0.01472
6322	-0.01357
6324	-0.01321
6326	-0.01285
6328	-0.01256
6330	-0.01308
6332	-0.0121
6334	-0.01241
6336	-0.01186
6338	-0.01166
6340	-0.01142
6342	-0.01269
6344	-0.0131
6346	-0.01221
6348	-0.01184
6350	-0.01393
6352	-0.01403
6354	-0.01441
6356	-0.01552
6358	-0.01568
6360	-0.01554
6362	-0.01457
6364	-0.01494
6366	-0.01456
6368	-0.01317
6370	-0.01281
6372	-0.01321
6374	-0.01273
6376	-0.01339
6378	-0.01204
6380	-0.01068
6382	-0.01013
6384	-0.01011
6386	-0.01093
6388	-0.01093
6390	-0.011
6392	-0.0105
6394	-0.01063
6396	-0.01083
6398	-0.0112
6400	-0.01168
6402	-0.01211
6404	-0.01285
6406	-0.0134
6408	-0.01099
6410	-0.01105
6412	-0.01053
6414	-0.01068
6416	-0.00988
6418	-0.01029
6420	-0.0106
6422	-0.01125
6424	-0.01251
6426	-0.01344
6428	-0.01394
6430	-0.01374
6432	-0.01479
6434	-0.01346
6436	-0.01175
6438	-0.01136
6440	-0.01134
6442	-0.0121
6444	-0.01096
6446	-0.00954
6448	-0.00855
6450	-0.00942
6452	-0.00972
6454	-0.00949
6456	-0.01095
6458	-0.01179
6460	-0.01113
6462	-0.00999
6464	-0.01107
6466	-0.01074
6468	-0.01042
6470	-0.01118
6472	-0.01052
6474	-0.0116
6476	-0.01086
6478	-0.01119
6480	-0.01173
6482	-0.01178
6484	-0.01181
6486	-0.0121
6488	-0.00998
6490	-0.00703
6492	-0.00475
6494	-0.00572
6496	-0.00547
6498	-0.00499
6500	-0.00613
6502	-0.00662
6504	-0.0063
6506	-0.00626
6508	-0.00603
6510	-0.00592
6512	-0.00706
6514	-0.00801
6516	-0.00894
6518	-0.00933
6520	-0.00959
6522	-0.01031
6524	-0.01
6526	-0.00928
6528	-0.00844
6530	-0.00756
6532	-0.00823
6534	-0.00817
6536	-0.00705
6538	-0.00717
6540	-0.00833
6542	-0.00713
6544	-0.00665
6546	-0.00672
6548	-0.00638
6550	-0.00771
6552	-0.00818
6554	-0.00846
6556	-0.00619
6558	-0.00608
6560	-0.00682
6562	-0.00768
6564	-0.00811
6566	-0.00886
6568	-0.00962
6570	-0.008
6572	-0.00765
6574	-0.00691
6576	-0.00709
6578	-0.00716
6580	-0.00587
6582	-0.00481
6584	-0.00456
6586	-0.00482
6588	-0.00516
6590	-0.00515
6592	-0.00472
6594	-0.00441
6596	-0.00369
6598	-0.0043
6600	-0.00598
6602	-0.00588
6604	-0.00619
6606	-0.00652
6608	-0.00571
6610	-0.00548
6612	-0.00566
6614	-0.00575
6616	-0.00524
6618	-0.00549
6620	-0.00635
6622	-0.00774
6624	-0.00785
6626	-0.00766
6628	-0.00777
6630	-0.00791
6632	-0.00613
6634	-0.00441
6636	-0.0031
6638	-0.00325
6640	-0.00483
6642	-0.00519
6644	-0.00476
6646	-0.00526
6648	-0.00513
6650	-0.00542
6652	-0.00409
6654	-0.00222
6656	-0.00111
6658	2.61547E-4
6660	0.00161
6662	0.00216
6664	0.00116
6666	0.00161
6668	7.0471E-4
6670	2.11943E-4
6672	-5.61825E-4
6674	1.04081E-5
6676	-1.61359E-4
6678	-2.61267E-5
6680	9.76106E-4
6682	0.00287
6684	0.00393
6686	0.0019
6688	0.00157
6690	0.00136
6692	2.23504E-6
6694	-0.00101
6696	-5.56833E-4
6698	-4.87867E-4
6700	-3.99902E-4
6702	2.76064E-4
6704	-2.5897E-4
6706	1.22996E-4
6708	0.00165
6710	0.00134
6712	8.97893E-4
6714	-1.54141E-4
6716	-5.01749E-5
6718	0.00134
6720	0.00101
6722	7.13723E-4
6724	1.05689E-4
6726	-6.75346E-4
6728	-0.00594
6730	-0.01724
6732	-0.03358
6734	-0.05255
6736	-0.07198
6738	-0.09185
6740	-0.1099
6742	-0.12633
6744	-0.14138
6746	-0.15381
6748	-0.16302
6750	-0.17317
6752	-0.18008
6754	-0.18449
6756	-0.18737
6758	-0.18909
6760	-0.18797
6762	-0.18123
6764	-0.17316
6766	-0.16409
6768	-0.15462
6770	-0.14449
6772	-0.1352
6774	-0.12748
6776	-0.1182
6778	-0.11222
6780	-0.10596
6782	-0.09955
6784	-0.09339
6786	-0.0886
6788	-0.08516
6790	-0.08227
6792	-0.07874
6794	-0.07328
6796	-0.0707
6798	-0.06816
6800	-0.06407
6802	-0.06131
6804	-0.05915
6806	-0.05638
6808	-0.05431
6810	-0.05307
6812	-0.05137
6814	-0.04948
6816	-0.04725
6818	-0.04688
6820	-0.04549
6822	-0.04468
6824	-0.04365
6826	-0.04156
6828	-0.03883
6830	-0.03742
6832	-0.03598
6834	-0.03482
6836	-0.03427
6838	-0.03327
6840	-0.03207
6842	-0.03298
6844	-0.03281
6846	-0.03143
6848	-0.02913
6850	-0.02773
6852	-0.02706
6854	-0.02692
6856	-0.02729
6858	-0.02801
6860	-0.02696
6862	-0.02528
6864	-0.02421
6866	-0.02191
6868	-0.02058
6870	-0.01982
6872	-0.01916
6874	-0.01837
6876	-0.01818
6878	-0.01846
6880	-0.01883
6882	-0.01978
6884	-0.02053
6886	-0.02069
6888	-0.02029
6890	-0.01973
6892	-0.01994
6894	-0.02006
6896	-0.01846
6898	-0.01715
6900	-0.01644
6902	-0.01637
6904	-0.01572
6906	-0.01601
6908	-0.01634
6910	-0.01601
6912	-0.0149
6914	-0.01258
6916	-0.01215
6918	-0.01264
6920	-0.01263
6922	-0.01267
6924	-0.01329
6926	-0.01378
6928	-0.01154
6930	-0.01021
6932	-0.00967
6934	-0.00992
6936	-0.01037
6938	-0.00923
6940	-0.00966
6942	-0.01092
6944	-0.01261
6946	-0.0116
6948	-0.01171
6950	-0.01258
6952	-0.0131
6954	-0.01173
6956	-0.01187
6958	-0.01194
6960	-0.01055
6962	-0.01127
6964	-0.01338
6966	-0.01288
6968	-0.0119
6970	-0.01107
6972	-0.01041
6974	-0.01108
6976	-0.01197
6978	-0.01082
6980	-0.00972
6982	-0.01043
6984	-0.00959
6986	-0.00913
6988	-0.00893
6990	-0.00928
6992	-0.00966
6994	-0.00912
6996	-0.01024
6998	-0.01232
7000	-0.01242
7002	-0.01211
7004	-0.01198
7006	-0.01066
7008	-0.01129
7010	-0.01048
7012	-0.01025
7014	-0.01028
7016	-0.00979
7018	-0.00989
7020	-0.00962
7022	-0.00994
7024	-0.00908
7026	-0.00895
7028	-0.00929
7030	-0.00859
7032	-0.00842
7034	-0.00716
7036	-0.00564
7038	-0.00621
7040	-0.00589
7042	-0.00671
7044	-0.00734
7046	-0.00681
7048	-0.00557
7050	-0.00702
7052	-0.00856
7054	-0.00852
7056	-0.00779
7058	-0.00856
7060	-0.00933
7062	-0.00926
7064	-0.00952
7066	-0.01049
7068	-0.01081
7070	-0.00937
7072	-0.00856
7074	-0.00929
7076	-0.00977
7078	-0.00964
7080	-0.00949
7082	-0.01041
7084	-0.01049
7086	-0.01052
7088	-0.01025
7090	-0.00952
7092	-0.00971
7094	-0.00946
7096	-0.00824
7098	-0.00913
7100	-0.00974
7102	-0.00829
7104	-0.00826
7106	-0.00783
7108	-0.0071
7110	-0.0063
7112	-0.00687
7114	-0.00655
7116	-0.00629
7118	-0.00743
7120	-0.00838
7122	-0.00777
7124	-0.00659
7126	-0.00556
7128	-0.00527
7130	-0.00464
7132	-0.00331
7134	-0.00292
7136	-0.00177
7138	-0.00169
7140	-0.00231
7142	-0.00126
7144	-0.00208
7146	-0.00263
7148	-0.00274
7150	-0.00449
7152	-0.00524
7154	-0.00579
7156	-0.00602
7158	-0.0071
7160	-0.00722
7162	-0.00661
7164	-0.00619
7166	-0.00416
7168	-0.00304
7170	-0.00384
7172	-0.00411
7174	-0.00362
7176	-0.00275
7178	-0.00202
7180	-0.00285
7182	-0.00304
7184	-0.00225
7186	-0.00321
7188	-0.00452
7190	-0.00405
7192	-0.0047
7194	-0.00537
7196	-0.00418
7198	-0.00331
7200	-0.00315
7202	-0.00318
7204	-0.00414
7206	-0.00597
7208	-0.00721
7210	-0.00764
7212	-0.00726
7214	-0.0071
7216	-0.00806
7218	-0.00713
7220	-0.00683
7222	-0.00645
7224	-0.00515
7226	-0.00503
7228	-0.00467
7230	-0.00565
7232	-0.00594
7234	-0.00456
7236	-0.00337
7238	-0.00368
7240	-0.00268
7242	-0.00238
7244	-0.0019
7246	-0.00237
7248	-0.00157
7250	-0.00281
7252	-0.0026
7254	-0.00139
7256	-5.06869E-4
7258	-0.00104
7260	-0.00172
7262	-0.00217
7264	-0.00229
7266	-0.00156
7268	-3.22508E-4
7270	-2.92281E-4
7272	-3.44054E-4
7274	-5.59827E-4
7276	2.884E-4
7278	3.11626E-4
7280	-7.83147E-4
7282	-5.4592E-4
7284	4.4307E-5
7286	8.60534E-4
7288	0.00205
7290	0.0017
7292	0.00125
7294	0.0013
7296	0.00288
7298	0.00357
7300	0.00372
7302	0.00307
7304	0.00292
7306	0.00247
7308	0.00209
7310	0.00188
7312	0.00176
7314	0.00128
7316	0.00228
7318	0.00251
7320	0.00214
7322	0.0029
7324	0.00296
7326	0.00181
7328	-0.00259
7330	-0.01177
7332	-0.02327
7334	-0.03686
7336	-0.04921
7338	-0.06334
7340	-0.07618
7342	-0.08849
7344	-0.0977
7346	-0.10646
7348	-0.11386
7350	-0.12012
7352	-0.12427
7354	-0.12673
7356	-0.12876
7358	-0.13242
7360	-0.13642
7362	-0.1368
7364	-0.13241
7366	-0.12572
7368	-0.1197
7370	-0.115
7372	-0.10792
7374	-0.10142
7376	-0.09622
7378	-0.09271
7380	-0.0883
7382	-0.08353
7384	-0.07936
7386	-0.07528
7388	-0.07137
7390	-0.06711
7392	-0.06475
7394	-0.06398
7396	-0.06317
7398	-0.06187
7400	-0.05987
7402	-0.05699
7404	-0.0541
7406	-0.05119
7408	-0.04752
7410	-0.04503
7412	-0.04373
7414	-0.04209
7416	-0.04044
7418	-0.03864
7420	-0.03637
7422	-0.03455
7424	-0.03322
7426	-0.03262
7428	-0.03353
7430	-0.03376
7432	-0.03304
7434	-0.03251
7436	-0.03138
7438	-0.02964
7440	-0.02894
7442	-0.02846
7444	-0.02647
7446	-0.02529
7448	-0.02523
7450	-0.02658
7452	-0.02647
7454	-0.02501
7456	-0.02472
7458	-0.02289
7460	-0.02041
7462	-0.01959
7464	-0.02012
7466	-0.01961
7468	-0.01794
7470	-0.01677
7472	-0.01502
7474	-0.01437
7476	-0.01529
7478	-0.01447
7480	-0.01557
7482	-0.01498
7484	-0.01449
7486	-0.01519
7488	-0.01372
7490	-0.01221
7492	-0.01246
7494	-0.01377
7496	-0.01472
7498	-0.01527
7500	-0.01489
7502	-0.01444
7504	-0.01518
7506	-0.01648
7508	-0.01688
7510	-0.01691
7512	-0.01607
7514	-0.016
7516	-0.01499
7518	-0.01453
7520	-0.01417
7522	-0.01453
7524	-0.01415
7526	-0.01474
7528	-0.01342
7530	-0.01326
7532	-0.01384
7534	-0.01318
7536	-0.01342
7538	-0.01452
7540	-0.01294
7542	-0.01128
7544	-0.01097
7546	-0.01189
7548	-0.01312
7550	-0.01429
7552	-0.01272
7554	-0.01182
7556	-0.01118
7558	-0.01088
7560	-0.01103
7562	-0.01214
7564	-0.01152
7566	-0.0122
7568	-0.01315
7570	-0.01293
7572	-0.01096
7574	-0.01029
7576	-0.01004
7578	-0.00964
7580	-0.01093
7582	-0.01071
7584	-0.01066
7586	-0.01157
7588	-0.01259
7590	-0.01336
7592	-0.01393
7594	-0.0134
7596	-0.01269
7598	-0.01218
7600	-0.01148
7602	-0.0113
7604	-0.01042
7606	-0.00955
7608	-0.0097
7610	-0.01028
7612	-0.00911
7614	-0.00906
7616	-0.00989
7618	-0.00811
7620	-0.00681
7622	-0.00709
7624	-0.00746
7626	-0.00877
7628	-0.00981
7630	-0.00833
7632	-0.00719
7634	-0.00787
7636	-0.00888
7638	-0.01022
7640	-0.01124
7642	-0.01127
7644	-0.01032
7646	-0.00879
7648	-0.00865
7650	-0.00944
7652	-0.00889
7654	-0.00661
7656	-0.00568
7658	-0.00561
7660	-0.00585
7662	-0.0048
7664	-0.00652
7666	-0.00696
7668	-0.00534
7670	-0.00501
7672	-0.0047
7674	-0.00597
7676	-0.00587
7678	-0.00596
7680	-0.0061
7682	-0.00604
7684	-0.00607
7686	-0.00715
7688	-0.00881
7690	-0.00823
7692	-0.00668
7694	-0.0062
7696	-0.00587
7698	-0.00622
7700	-0.00627
7702	-0.00548
7704	-0.00633
7706	-0.00639
7708	-0.0058
7710	-0.00312
7712	-0.00438
7714	-0.00579
7716	-0.00717
7718	-0.00646
7720	-0.00838
7722	-0.00835
7724	-0.00623
7726	-0.00564
7728	-0.00816
7730	-0.00795
7732	-0.00709
7734	-0.00569
7736	-0.0056
7738	-0.00648
7740	-0.00615
7742	-0.0049
7744	-0.00425
7746	-0.00475
7748	-0.00461
7750	-0.00394
7752	-0.00349
7754	-0.00273
7756	-0.00262
7758	-0.0033
7760	-0.0044
7762	-0.0049
7764	-0.00312
7766	-0.00355
7768	-0.00291
7770	-0.00284
7772	-0.00535
7774	-0.00633
7776	-0.00459
7778	-0.00465
7780	-0.0042
7782	-0.00384
7784	-0.00509
7786	-0.00551
7788	-0.00574
7790	-0.00409
7792	-0.00323
7794	-0.00398
7796	-0.00414
7798	-0.00337
7800	-0.00344
7802	-0.00353
7804	-0.00285
7806	-0.00203
7808	-8.13531E-4
7810	-0.00119
7812	-4.54346E-4
7814	-0.00147
7816	-0.00288
7818	-0.00433
7820	-0.00356
7822	-0.00441
7824	-0.00619
7826	-0.00631
7828	-0.00535
7830	-0.00428
7832	-0.0047
7834	-0.00481
7836	-0.00364
7838	-0.00275
7840	-0.00301
7842	-0.00263
7844	-0.00342
7846	-0.00371
7848	-0.00384
7850	-0.0037
7852	-0.00197
7854	-0.00226
7856	-0.00103
7858	-0.00115
7860	-4.32131E-4
7862	3.08961E-4
7864	-6.89466E-5
7866	-6.99854E-4
7868	0.00111
7870	8.1333E-4
7872	1.64226E-5
7874	5.84515E-4
7876	7.44198E-4
7878	0.00167
7880	7.44001E-4
7882	0.00122
7884	3.74804E-4
7886	4.29206E-4
7888	-5.12393E-4
7890	3.54008E-4
7892	7.6341E-4
7894	-3.08189E-4
7896	-9.28787E-4
7898	-0.0021
7900	-0.00251
7902	-0.00123
7904	1.64819E-4
7906	1.8822E-4
7908	0.0016
7910	7.21023E-4
7912	0.00125
7914	7.98826E-4
7916	3.57228E-4
7918	7.76629E-4
7920	0.00289
7922	0.00291
7924	0.00201
7926	0.00199
7928	-5.94364E-4
7930	-0.00455
7932	-0.01052
7934	-0.01941
7936	-0.02811
7938	-0.03543
7940	-0.04342
7942	-0.0524
7944	-0.05887
7946	-0.06482
7948	-0.07049
7950	-0.07509
7952	-0.07756
7954	-0.07884
7956	-0.08083
7958	-0.08633
7960	-0.09212
7962	-0.09548
7964	-0.09548
7966	-0.09474
7968	-0.09216
7970	-0.08905
7972	-0.08501
7974	-0.08078
7976	-0.07841
7978	-0.07612
7980	-0.07319
7982	-0.07056
7984	-0.06801
7986	-0.06603
7988	-0.06308
7990	-0.0614
7992	-0.06055
7994	-0.05836
7996	-0.0552
7998	-0.0519
8000	-0.04949
8002	-0.04771
8004	-0.04709
8006	-0.04411
8008	-0.04244
8010	-0.04082
8012	-0.03937
8014	-0.03889
8016	-0.03825
8018	-0.03596
8020	-0.03437
8022	-0.03205
8024	-0.0301
8026	-0.02868
8028	-0.02886
8030	-0.0281
8032	-0.02679
8034	-0.02525
8036	-0.02269
8038	-0.02194
8040	-0.02243
8042	-0.02321
8044	-0.02331
8046	-0.02232
8048	-0.02243
8050	-0.02171
8052	-0.01954
8054	-0.01712
8056	-0.01604
8058	-0.01532
8060	-0.01352
8062	-0.01251
8064	-0.01257
8066	-0.01338
8068	-0.01365
8070	-0.01398
8072	-0.01162
8074	-0.01151
8076	-0.01333
8078	-0.01334
8080	-0.01252
8082	-0.01238
8084	-0.01264
8086	-0.01212
8088	-0.01017
8090	-0.00946
8092	-0.00849
8094	-0.00818
8096	-0.00742
8098	-0.00805
8100	-0.00869
8102	-0.00986
8104	-0.01089
8106	-0.01029
8108	-0.00956
8110	-0.01021
8112	-0.01006
8114	-0.01004
8116	-0.01065
8118	-0.01136
8120	-0.01063
8122	-0.00834
8124	-0.00754
8126	-0.00659
8128	-0.00606
8130	-0.00613
8132	-0.00534
8134	-0.00473
8136	-0.0046
8138	-0.00474
8140	-0.00433
8142	-0.00374
8144	-0.00486
8146	-0.00581
8148	-0.00553
8150	-0.00495
8152	-0.00494
8154	-0.00541
8156	-0.00515
8158	-0.00493
8160	-0.00432
8162	-0.00329
8164	-0.00354
8166	-0.00288
8168	-0.00285
8170	-0.00301
8172	-0.00408
8174	-0.00532
8176	-0.00512
8178	-0.00577
8180	-0.00566
8182	-0.00528
8184	-0.00484
8186	-0.0061
8188	-0.00594
8190	-0.00476
8192	-0.00386
8194	-0.00496
8196	-0.00567
8198	-0.00579
8200	-0.0063
8202	-0.00655
8204	-0.00718
8206	-0.00626
8208	-0.00612
8210	-0.00514
8212	-0.00557
8214	-0.00526
8216	-0.00527
8218	-0.00532
8220	-0.00512
8222	-0.00522
8224	-0.00524
8226	-0.00523
8228	-0.00461
8230	-0.00426
8232	-0.00483
8234	-0.00571
8236	-0.00603
8238	-0.00596
8240	-0.00537
8242	-0.00482
8244	-0.00431
8246	-0.00469
8248	-0.00464
8250	-0.00467
8252	-0.00485
8254	-0.00303
8256	-0.00272
8258	-0.00351
8260	-0.00363
8262	-0.00345
8264	-0.00412
8266	-0.00348
8268	-0.00389
8270	-0.00384
8272	-0.00336
8274	-0.00293
8276	-0.00245
8278	-0.00327
8280	-0.00409
8282	-0.00361
8284	-0.00627
8286	-0.00712
8288	-0.00691
8290	-0.00774
8292	-0.00768
8294	-0.00731
8296	-0.00658
8298	-0.00569
8300	-0.00692
8302	-0.00667
8304	-0.00565
8306	-0.00572
8308	-0.0055
8310	-0.00488
8312	-0.00257
8314	-0.00228
8316	-0.00266
8318	-0.0025
8320	-0.0028
8322	-0.00294
8324	-0.00275
8326	-0.00234
8328	-3.42549E-4
8330	-2.55055E-5
8332	-6.46212E-6
8334	-2.43419E-4
8336	-9.48375E-4
8338	-0.00246
8340	-0.00339
8342	-0.0035
8344	-0.00422
8346	-0.00597
8348	-0.00519
8350	-0.00465
8352	-0.00419
8354	-0.00381
8356	-0.00281
8358	-0.0031
8360	-0.00206
8362	3.78188E-4
8364	8.34477E-4
8366	7.39767E-4
8368	-5.95944E-4
8370	-8.42655E-4
8372	-0.00145
8374	-4.69076E-4
8376	-3.93787E-4
8378	-7.42498E-4
8380	-0.00174
8382	-9.32919E-4
8384	-9.6563E-4
8386	-0.0023
8388	-0.0026
8390	-0.00299
8392	-0.00266
8394	-0.00194
8396	-0.00131
8398	-6.01604E-4
8400	3.60685E-4
8402	5.11974E-4
8404	0.0011
8406	-2.25447E-4
8408	-0.00105
8410	-0.00177
8412	-0.0011
8414	-5.5729E-4
8416	-9.84E-4
8418	-0.00303
8420	-0.00432
8422	-0.00302
8424	-0.00233
8426	-0.00194
8428	-0.0021
8430	-0.00144
8432	-0.0016
8434	-0.0027
8436	-0.00231
8438	-0.00224
8440	-0.00154
8442	-0.00159
8444	-0.00158
8446	-0.00313
8448	-0.00333
8450	-0.00152
8452	-0.0022
8454	-0.00272
8456	-0.00316
8458	-0.00213
8460	-0.00139
8462	-0.00181
8464	-0.00265
8466	-0.00307
8468	-0.00289
8470	-0.00291
8472	-0.00277
8474	-0.00245
8476	-0.00202
8478	-0.00199
8480	-0.00134
8482	4.546E-4
8484	0.00203
8486	0.00192
8488	0.0027
8490	0.00268
8492	0.00248
8494	0.00324
8496	0.0037
8498	0.00265
8500	0.0018
8502	0.00168
8504	0.00113
8506	0.00135
8508	3.58301E-4
8510	-9.44353E-5
8512	0.0013
8514	8.39092E-4
8516	8.23559E-5
8518	6.7762E-4
8520	-1.60117E-4
8522	-0.00108
8524	-8.81589E-4
8526	-0.0022
8528	-0.00406
8530	-0.00563
8532	-0.0068
8534	-0.01099
8536	-0.01334
8538	-0.01786
8540	-0.02239
8542	-0.02544
8544	-0.02975
8546	-0.03413
8548	-0.03619
8550	-0.03803
8552	-0.04062
8554	-0.04302
8556	-0.04421
8558	-0.04931
8560	-0.05494
8562	-0.0615
8564	-0.06556
8566	-0.06629
8568	-0.06787
8570	-0.06822
8572	-0.06628
8574	-0.0646
8576	-0.06284
8578	-0.06108
8580	-0.05913
8582	-0.05841
8584	-0.05563
8586	-0.05392
8588	-0.05152
8590	-0.04986
8592	-0.04884
8594	-0.04794
8596	-0.04661
8598	-0.04428
8600	-0.04342
8602	-0.04297
8604	-0.04301
8606	-0.04132
8608	-0.03889
8610	-0.03692
8612	-0.03648
8614	-0.03483
8616	-0.03156
8618	-0.03012
8620	-0.02971
8622	-0.02919
8624	-0.02782
8626	-0.02505
8628	-0.02376
8630	-0.02239
8632	-0.02126
8634	-0.02102
8636	-0.02002
8638	-0.02013
8640	-0.01921
8642	-0.01934
8644	-0.01832
8646	-0.01753
8648	-0.01679
8650	-0.01626
8652	-0.01615
8654	-0.01663
8656	-0.01771
8658	-0.01773
8660	-0.01701
8662	-0.01606
8664	-0.01383
8666	-0.01391
8668	-0.01394
8670	-0.01338
8672	-0.01395
8674	-0.01282
8676	-0.01262
8678	-0.01124
8680	-0.00949
8682	-0.0093
8684	-0.01022
8686	-0.01187
8688	-0.01001
8690	-0.00911
8692	-0.00868
8694	-0.00807
8696	-0.00858
8698	-0.00747
8700	-0.00743
8702	-0.00782
8704	-0.00883
8706	-0.00829
8708	-0.00783
8710	-0.00782
8712	-0.00706
8714	-0.00553
8716	-0.0066
8718	-0.00594
8720	-0.0056
8722	-0.00643
8724	-0.00651
8726	-0.00654
8728	-0.00736
8730	-0.00789
8732	-0.00823
8734	-0.00848
8736	-0.00752
8738	-0.00772
8740	-0.00905
8742	-0.00957
8744	-0.00924
8746	-0.01028
8748	-0.01042
8750	-0.01001
8752	-0.01045
8754	-0.01048
8756	-0.0092
8758	-0.00923
8760	-0.00851
8762	-0.00776
8764	-0.0091
8766	-0.0092
8768	-0.00694
8770	-0.00676
8772	-0.00639
8774	-0.00673
8776	-0.00601
8778	-0.00523
8780	-0.00559
8782	-0.00716
8784	-0.00686
8786	-0.00696
8788	-0.00766
8790	-0.0074
8792	-0.00581
8794	-0.00531
8796	-0.00755
8798	-0.008
8800	-0.0068
8802	-0.00568
8804	-0.00387
8806	-0.00318
8808	-0.00233
8810	-0.00298
8812	-0.00374
8814	-0.0028
8816	-0.00303
8818	-0.00508
8820	-0.00485
8822	-0.00397
8824	-0.00532
8826	-0.00569
8828	-0.00552
8830	-0.00555
8832	-0.00602
8834	-0.00488
8836	-0.00341
8838	-0.00275
8840	-0.00352
8842	-0.00343
8844	-0.00354
8846	-0.00303
8848	-0.00259
8850	-0.00279
8852	-0.00469
8854	-0.00366
8856	-0.00313
8858	-0.00415
8860	-0.00492
8862	-0.00501
8864	-0.00536
8866	-0.00499
8868	-0.00365
8870	-0.00272
8872	-0.00253
8874	-0.00252
8876	-0.00292
8878	-0.00365
8880	-0.00358
8882	-0.00224
8884	-0.0021
8886	-0.00197
8888	-0.00249
8890	-0.00205
8892	-0.00313
8894	-0.00257
8896	-0.00104
8898	6.05263E-5
8900	-3.34148E-4
8902	-7.58822E-4
8904	-0.0018
8906	-0.0023
8908	-0.0016
8910	-0.00124
8912	-7.92194E-4
8914	-2.37868E-4
8916	-4.76542E-4
8918	-0.00257
8920	-0.00306
8922	-0.00387
8924	-0.00214
8926	-0.00192
8928	-0.00236
8930	-0.00178
8932	-7.78936E-4
8934	-9.59611E-4
8936	-8.62851E-5
8938	-6.95959E-4
8940	-8.17634E-4
8942	-3.60308E-4
8944	-7.58982E-4
8946	-0.00181
8948	-3.78331E-4
8950	7.37995E-4
8952	5.63321E-4
8954	-1.01354E-4
8956	-4.24028E-4
8958	-0.00184
8960	-5.39376E-4
8962	-3.17051E-4
8964	-0.00106
8966	-0.00216
8968	-0.00261
8970	-0.0018
8972	-8.08422E-4
8974	-8.85096E-4
8976	-4.15771E-4
8978	6.6555E-5
8980	-9.30119E-4
8982	-0.00184
8984	-0.00267
8986	-0.00264
8988	-0.00276
8990	-0.00306
8992	-0.00296
8994	-0.00258
8996	-0.00169
8998	2.63906E-4
9000	-1.81192E-4
9002	-3.8929E-4
9004	7.77612E-4
9006	-7.22486E-4
9008	1.41594E-6
9010	-7.2682E-5
9012	-9.1878E-4
9014	-3.70878E-4
9016	5.88024E-4
9018	0.00102
9020	-7.71717E-5
9022	9.1173E-4
9024	0.0026
9026	0.00269
9028	0.00325
9030	0.0041
9032	0.00349
9034	0.00336
9036	0.00458
9038	0.00534
9040	0.00453
9042	0.0044
9044	0.00428
9046	0.00308
9048	0.00308
9050	0.00391
9052	0.00354
9054	0.00407
9056	0.00414
9058	0.00426
9060	0.00371
9062	0.00369
9064	0.00483
9066	0.00498
9068	0.00407
9070	0.00308
9072	0.00242
9074	0.00124
9076	3.57679E-4
9078	7.86534E-4
9080	4.49389E-4
9082	-6.56756E-4
9084	-0.00143
9086	-0.00121
9088	-3.5919E-4
9090	-6.43335E-4
9092	3.6452E-4
9094	4.34375E-4
9096	-5.5877E-4
9098	-2.78915E-4
9100	-8.0406E-4
9102	3.13795E-4
9104	7.53651E-4
9106	9.86506E-4
9108	0.00104
9110	0.00233
9112	0.00339
9114	0.00385
9116	0.00366
9118	0.00321
9120	0.0041
9122	0.00357
9124	0.00425
9126	0.00517
9128	0.00385
9130	0.00364
9132	0.0049
9134	0.00469
9136	0.00316
9138	0.00205
9140	9.96602E-5
9142	-3.5735E-4
9144	-0.00286
9146	-0.00473
9148	-0.00543
9150	-0.00738
9152	-0.00861
9154	-0.00751
9156	-0.00742
9158	-0.01278
9160	-0.02086
9162	-0.02791
9164	-0.03385
9166	-0.03804
9168	-0.04199
9170	-0.04429
9172	-0.04625
9174	-0.04636
9176	-0.04471
9178	-0.04369
9180	-0.04401
9182	-0.04311
9184	-0.04226
9186	-0.03968
9188	-0.03923
9190	-0.03834
9192	-0.03726
9194	-0.03605
9196	-0.03594
9198	-0.03654
9200	-0.03458
9202	-0.03352
9204	-0.0321
9206	-0.02931
9208	-0.0291
9210	-0.02833
9212	-0.02783
9214	-0.02609
9216	-0.02699
9218	-0.02718
9220	-0.02568
9222	-0.02418
9224	-0.02444
9226	-0.02411
9228	-0.0244
9230	-0.02498
9232	-0.02383
9234	-0.02293
9236	-0.02216
9238	-0.02195
9240	-0.02168
9242	-0.02124
9244	-0.02121
9246	-0.02068
9248	-0.01932
9250	-0.01826
9252	-0.01878
9254	-0.01894
9256	-0.01831
9258	-0.01801
9260	-0.01715
9262	-0.01567
9264	-0.01397
9266	-0.01392
9268	-0.01339
9270	-0.01321
9272	-0.01309
9274	-0.01263
9276	-0.01159
9278	-0.01173
9280	-0.01321
9282	-0.01382
9284	-0.01427
9286	-0.01411
9288	-0.01333
9290	-0.01258
9292	-0.01419
9294	-0.01476
9296	-0.01367
9298	-0.01212
9300	-0.01128
9302	-0.01174
9304	-0.01152
9306	-0.01066
9308	-0.01163
9310	-0.0126
9312	-0.01177
9314	-0.01243
9316	-0.01266
9318	-0.01217
9320	-0.01178
9322	-0.01119
9324	-0.01059
9326	-0.00957
9328	-0.01025
9330	-0.01035
9332	-0.01094
9334	-0.01053
9336	-0.00948
9338	-0.00835
9340	-0.00843
9342	-0.0092
9344	-0.00864
9346	-0.00844
9348	-0.00787
9350	-0.00818
9352	-0.00751
9354	-0.0072
9356	-0.00763
9358	-0.00668
9360	-0.00675
9362	-0.00604
9364	-0.0068
9366	-0.00745
9368	-0.00735
9370	-0.00706
9372	-0.007
9374	-0.00775
9376	-0.00793
9378	-0.00765
9380	-0.0076
9382	-0.00796
9384	-0.00792
9386	-0.00671
9388	-0.00638
9390	-0.00721
9392	-0.00822
9394	-0.00947
9396	-0.00804
9398	-0.0069
9400	-0.00712
9402	-0.00817
9404	-0.00781
9406	-0.0097
9408	-0.01067
9410	-0.01159
9412	-0.01289
9414	-0.01066
9416	-0.01017
9418	-0.00951
9420	-0.00895
9422	-0.00845
9424	-0.00832
9426	-0.00826
9428	-0.00796
9430	-0.00674
9432	-0.00598
9434	-0.0067
9436	-0.00723
9438	-0.00673
9440	-0.00559
9442	-0.00504
9444	-0.00532
9446	-0.00605
9448	-0.00649
9450	-0.00638
9452	-0.00608
9454	-0.00518
9456	-0.00449
9458	-0.00354
9460	-0.00257
9462	-0.00287
9464	-0.00488
9466	-0.00669
9468	-0.00684
9470	-0.00652
9472	-0.0057
9474	-0.00529
9476	-0.00668
9478	-0.00776
9480	-0.00843
9482	-0.00855
9484	-0.00742
9486	-0.00675
9488	-0.00673
9490	-0.00633
9492	-0.00693
9494	-0.00637
9496	-0.00626
9498	-0.00658
9500	-0.00475
9502	-0.0041
9504	-0.00511
9506	-0.00475
9508	-0.00384
9510	-0.00381
9512	-0.00511
9514	-0.00631
9516	-0.00657
9518	-0.00608
9520	-0.00515
9522	-0.00475
9524	-0.00396
9526	-0.00354
9528	-0.00521
9530	-0.00581
9532	-0.00566
9534	-0.00402
9536	-0.00373
9538	-0.0044
9540	-0.00388
9542	-0.00211
9544	-0.00172
9546	-0.00217
9548	-0.00163
9550	-0.00113
9552	-9.07132E-4
9554	1.56418E-4
9556	0.00101
9558	0.00138
9560	4.24066E-4
9562	-3.42384E-4
9564	-2.48346E-5
9566	0.001
9568	2.50264E-4
9570	-2.25186E-4
9572	4.32364E-4
9574	0.00112
9576	0.00126
9578	3.15012E-4
9580	-2.99438E-4
9582	-6.88889E-4
9584	-8.92339E-4
9586	-0.00184
9588	-0.00197
9590	-0.00146
9592	2.40859E-4
9594	4.68408E-4
9596	7.89578E-5
9598	3.10507E-4
9600	1.87057E-4
9602	1.95606E-4
9604	-6.86844E-4
9606	-0.00262
9608	-0.0038
9610	-0.00411
9612	-0.00468
9614	-0.00561
9616	-0.00519
9618	-0.00609
9620	-0.00489
9622	-0.00274
9624	-0.00221
9626	-7.52582E-4
9628	4.12211E-4
9630	0.00187
9632	0.00102
9634	0.00109
9636	0.00186
9638	0.00213
9640	0.0011
9642	7.83762E-4
9644	0.00122
9646	5.28347E-4
9648	-4.1386E-4
9650	-0.00151
9652	-0.00136
9654	-3.15481E-4
9656	0.00125
9658	3.58105E-4
9660	-2.29102E-4
9662	2.04691E-4
9664	-1.25159E-5
9666	3.47277E-4
9668	-5.593E-5
9670	6.80863E-4
9672	0.00162
9674	0.00115
9676	7.94242E-4
9678	6.08035E-4
9680	-8.71722E-5
9682	-8.81379E-4
9684	-0.00132
9686	-0.00219
9688	-0.00288
9690	-0.00282
9692	-0.0022
9694	-0.00263
9696	-0.00183
9698	-0.00224
9700	-0.00209
9702	-0.00253
9704	-0.00368
9706	-0.00507
9708	-0.00585
9710	-0.00599
9712	-0.00475
9714	-0.0025
9716	-0.00207
9718	-0.00218
9720	-0.00274
9722	-0.00208
9724	-0.00194
9726	-0.00293
9728	-0.00232
9730	1.35035E-4
9732	0.00462
9734	0.00947
9736	0.01437
9738	0.01783
9740	0.02024
9742	0.02188
9744	0.02297
9746	0.02289
9748	0.02364
9750	0.02575
9752	0.02736
9754	0.02884
9756	0.02941
9758	0.0241
9760	0.01362
9762	0.00319
9764	-0.00396
9766	-0.01027
9768	-0.01517
9770	-0.02041
9772	-0.02465
9774	-0.02863
9776	-0.03132
9778	-0.03166
9780	-0.03243
9782	-0.03522
9784	-0.037
9786	-0.03746
9788	-0.03656
9790	-0.0361
9792	-0.03596
9794	-0.0351
9796	-0.0348
9798	-0.03381
9800	-0.03289
9802	-0.03223
9804	-0.03021
9806	-0.02826
9808	-0.02596
9810	-0.0246
9812	-0.02385
9814	-0.02318
9816	-0.02236
9818	-0.02126
9820	-0.02028
9822	-0.01985
9824	-0.01894
9826	-0.01866
9828	-0.01788
9830	-0.01677
9832	-0.01553
9834	-0.01428
9836	-0.01436
9838	-0.01422
9840	-0.014
9842	-0.01422
9844	-0.0134
9846	-0.01306
9848	-0.01344
9850	-0.0132
9852	-0.01218
9854	-0.01025
9856	-0.00851
9858	-0.00915
9860	-0.00899
9862	-0.00882
9864	-0.00887
9866	-0.00907
9868	-0.01068
9870	-0.01133
9872	-0.01024
9874	-0.00823
9876	-0.00695
9878	-0.00734
9880	-0.00853
9882	-0.0086
9884	-0.00884
9886	-0.00784
9888	-0.00729
9890	-0.00715
9892	-0.0073
9894	-0.00642
9896	-0.00694
9898	-0.00687
9900	-0.00691
9902	-0.00754
9904	-0.00706
9906	-0.00661
9908	-0.00685
9910	-0.00741
9912	-0.00756
9914	-0.00738
9916	-0.00541
9918	-0.00398
9920	-0.00361
9922	-0.0033
9924	-0.00448
9926	-0.00599
9928	-0.00623
9930	-0.00381
9932	-0.00357
9934	-0.00233
9936	-0.0021
9938	-0.00302
9940	-0.00356
9942	-0.00337
9944	-0.00286
9946	-0.00306
9948	-0.00287
9950	-0.00273
9952	-0.00358
9954	-0.004
9956	-0.00278
9958	-0.00241
9960	-0.00289
9962	-0.00307
9964	-0.00243
9966	-0.00214
9968	-0.0029
9970	-0.0037
9972	-0.00337
9974	-0.00294
9976	-0.00205
9978	-0.00133
9980	-0.00194
9982	-0.00237
9984	-0.00233
9986	-0.00202
9988	-0.00205
9990	-0.00217
9992	-0.00197
9994	-0.00219
9996	-0.00151
9998	-0.00144
10000	-0.0012
10002	-0.001
10004	-1.16282E-4
10006	-7.11968E-4
10008	-0.00107
10010	-0.00138
10012	-0.00186
10014	-0.00114
10016	-6.02396E-4
10018	5.60918E-4
10020	0.00136
10022	0.00207
10024	0.00294
10026	0.00155
10028	7.6849E-4
10030	9.72804E-4
10032	0.00229
10034	0.00304
10036	0.00174
10038	0.00191
10040	0.00203
10042	0.00181
10044	8.90046E-5
10046	-7.77681E-4
10048	-0.00118
10050	-0.00152
10052	-0.00237
10054	-0.00165
10056	-0.00183
10058	-0.0022
10060	-0.00252
10062	-0.00155
10064	-0.00198
10066	-0.00183
10068	-0.00141
10070	-5.30909E-4
10072	-7.75946E-5
10074	-0.00131
10076	-0.0023
10078	-0.00163
10080	-0.00244
10082	-0.00255
10084	-0.00108
10086	-3.91394E-4
10088	6.9892E-4
10090	9.29234E-4
10092	0.00114
10094	4.27863E-4
10096	6.82177E-4
10098	0.00133
10100	5.33806E-4
10102	-9.5688E-4
10104	-0.00212
10106	-0.00193
10108	-0.0023
10110	-0.00212
10112	-0.0015
10114	-3.83993E-4
10116	7.48321E-4
10118	7.68635E-4
10120	0.00118
10122	-2.25736E-4
10124	-3.31422E-4
10126	4.95893E-4
10128	2.57207E-4
10130	-6.44787E-5
10132	-0.00192
10134	-0.00316
10136	-0.00266
10138	-0.00218
10140	-0.00336
10142	-0.00273
10144	-0.00139
10146	-0.00207
10148	-0.00293
10150	-0.00294
10152	-0.00271
10154	-0.0024
10156	-0.00247
10158	-0.00195
10160	-0.00115
10162	1.07551E-4
10164	-7.48135E-4
10166	-0.00194
10168	-0.00186
10170	-0.00119
10172	-0.00199
10174	-0.00445
10176	-0.0038
10178	-0.00236
10180	-0.00184
10182	-8.60189E-4
10184	-0.00141
10186	-0.00207
10188	-0.00332
10190	-9.82746E-4
10192	-2.08635E-4
10194	-2.87525E-4
10196	-1.90414E-4
10198	-6.33033E-5
10200	-4.92193E-4
10202	-9.72082E-4
10204	-1.68971E-4
10206	-1.87861E-4
10208	-3.0375E-4
10210	-0.00119
10212	-0.00119
10214	-0.00164
10216	-0.00259
10218	-0.00207
10220	-0.00176
10222	-0.00176
10224	-0.00185
10226	-0.00186
10228	-0.00251
10230	-0.00356
10232	-0.00286
10234	-0.00146
10236	-7.33201E-4
10238	2.2791E-4
10240	-0.0011
10242	-0.00274
10244	-2.56289E-4
10246	0.00105
10248	7.45808E-4
10250	0.0011
10252	7.14905E-4
10254	-1.59046E-4
10256	0.00123
10258	7.72051E-4
10260	0.00156
10262	0.00208
10264	0.00237
10266	0.00146
10268	0.00243
10270	0.00144
10272	2.92391E-4
10274	2.05439E-4
10276	6.80488E-4
10278	6.66537E-4
10280	0.00184
10282	0.00299
10284	0.00392
10286	0.00334
10288	0.00144
10290	4.97828E-4
10292	4.38877E-4
10294	6.76925E-4
10296	0.00101
10298	0.00176
10300	0.00164
10302	0.00143
10304	0.00231
10306	0.00161
10308	0.00113
10310	0.0023
10312	0.00273
10314	0.0026
10316	0.00112
10318	4.46547E-4
10320	0.00117
10322	0.00139
10324	-3.59888E-4
10326	3.83E-5
10328	-3.60512E-4
10330	-5.45324E-4
10332	0.00538
10334	0.01269
10336	0.01937
10338	0.02536
10340	0.03042
10342	0.0328
10344	0.03692
10346	0.04163
10348	0.04436
10350	0.0465
10352	0.04759
10354	0.04939
10356	0.05029
10358	0.0469
10360	0.03581
10362	0.02418
10364	0.012
10366	0.00287
10368	-0.00395
10370	-0.01059
10372	-0.01686
10374	-0.02138
10376	-0.02455
10378	-0.02886
10380	-0.03176
10382	-0.03289
10384	-0.03288
10386	-0.03403
10388	-0.03661
10390	-0.03674
10392	-0.03674
10394	-0.03626
10396	-0.03692
10398	-0.03624
10400	-0.03518
10402	-0.03355
10404	-0.0321
10406	-0.03134
10408	-0.03042
10410	-0.03019
10412	-0.02972
10414	-0.02907
10416	-0.02711
10418	-0.02624
10420	-0.02588
10422	-0.02603
10424	-0.02495
10426	-0.02369
10428	-0.02298
10430	-0.02185
10432	-0.02058
10434	-0.02081
10436	-0.01982
10438	-0.0199
10440	-0.01974
10442	-0.01978
10444	-0.01955
10446	-0.01956
10448	-0.0189
10450	-0.01968
10452	-0.01937
10454	-0.01975
10456	-0.01969
10458	-0.02001
10460	-0.019
10462	-0.01754
10464	-0.01618
10466	-0.01595
10468	-0.01679
10470	-0.0178
10472	-0.01555
10474	-0.01297
10476	-0.01267
10478	-0.01329
10480	-0.01154
10482	-0.01116
10484	-0.01247
10486	-0.01324
10488	-0.01385
10490	-0.01424
10492	-0.01434
10494	-0.01334
10496	-0.01335
10498	-0.01331
10500	-0.01317
10502	-0.01314
10504	-0.01164
10506	-0.0104
10508	-0.0095
10510	-0.0091
10512	-0.00818
10514	-0.00784
10516	-0.00813
10518	-0.00749
10520	-0.00794
10522	-0.00772
10524	-0.00659
10526	-0.00641
10528	-0.00627
10530	-0.00565
10532	-0.00623
10534	-0.0057
10536	-0.0052
10538	-0.00421
10540	-0.00321
10542	-0.0031
10544	-0.0032
10546	-0.00361
10548	-0.00428
10550	-0.00507
10552	-0.00497
10554	-0.00492
10556	-0.00618
10558	-0.00603
10560	-0.00444
10562	-0.00438
10564	-0.00563
10566	-0.00668
10568	-0.00806
10570	-0.00951
10572	-0.00791
10574	-0.00757
10576	-0.0079
10578	-0.00825
10580	-0.00752
10582	-0.00707
10584	-0.00612
10586	-0.00628
10588	-0.00623
10590	-0.00744
10592	-0.00667
10594	-0.00709
10596	-0.00689
10598	-0.00585
10600	-0.00647
10602	-0.00697
10604	-0.00772
10606	-0.00737
10608	-0.00682
10610	-0.00639
10612	-0.00637
10614	-0.00637
10616	-0.00514
10618	-0.00341
10620	-0.00243
10622	-0.00139
10624	-0.00109
10626	-0.00192
10628	-0.00247
10630	-0.00195
10632	-0.00295
10634	-0.00273
10636	-0.00307
10638	-0.00317
10640	-0.00325
10642	-0.00407
10644	-0.00458
10646	-0.00424
10648	-0.00296
10650	-0.0033
10652	-0.00262
10654	-0.0022
10656	-0.00213
10658	-0.00365
10660	-0.00474
10662	-0.00521
10664	-0.00407
10666	-0.0032
10668	-0.00468
10670	-0.00551
10672	-0.00594
10674	-0.0065
10676	-0.00579
10678	-0.00573
10680	-0.00489
10682	-0.00431
10684	-0.00464
10686	-0.00313
10688	-0.00276
10690	-0.00313
10692	-0.00519
10694	-0.00531
10696	-0.00448
10698	-0.00589
10700	-0.00612
10702	-0.00443
10704	-0.00314
10706	-9.28598E-4
10708	3.13802E-4
10710	0.00163
10712	1.78602E-4
10714	-8.13998E-4
10716	-0.00127
10718	-0.00238
10720	-0.00275
10722	-0.00207
10724	-0.00161
10726	-0.00234
10728	-0.00408
10730	-0.00426
10732	-0.00368
10734	-0.00367
10736	-0.00405
10738	-0.00402
10740	-0.00218
10742	-0.00213
10744	-0.0021
10746	-0.00199
10748	-0.00143
10750	-5.11794E-4
10752	-5.34394E-4
10754	-7.34994E-4
10756	-0.00263
10758	-0.00259
10760	-0.0032
10762	-0.00234
10764	-0.00214
10766	-0.00223
10768	-0.00165
10770	-0.00246
10772	-0.00234
10774	-0.00291
10776	-0.00211
10778	-0.00298
10780	-0.00378
10782	-0.00319
10784	-0.00263
10786	-0.00334
10788	-0.00317
10790	-0.0023
10792	-0.00114
10794	-3.3199E-4
10796	1.93411E-4
10798	1.57811E-4
10800	8.37211E-4
10802	0.00138
10804	0.00196
10806	7.63412E-4
10808	3.98117E-5
10810	-0.00117
10812	-0.00137
10814	1.30123E-5
10816	-4.69587E-4
10818	0.00101
10820	0.00224
10822	0.00259
10824	0.00354
10826	0.00249
10828	0.00346
10830	0.00373
10832	0.00262
10834	0.00313
10836	0.00273
10838	0.00402
10840	0.00489
10842	0.00515
10844	0.00528
10846	0.00606
10848	0.00523
10850	0.0035
10852	0.0031
10854	0.0035
10856	0.0034
10858	0.00361
10860	0.00288
10862	0.00238
10864	0.00208
10866	0.00212
10868	1.45818E-4
10870	-9.43782E-4
10872	-7.41541E-4
10874	1.237E-4
10876	0.00187
10878	0.00119
10880	0.00105
10882	0.0017
10884	7.57905E-4
10886	-2.70854E-4
10888	-4.13613E-4
10890	-5.06372E-4
10892	-4.00131E-4
10894	1.16109E-4
10896	-5.96495E-5
10898	0.00132
10900	0.00191
10902	0.00224
10904	9.17314E-4
10906	9.77555E-4
10908	0.00159
10910	0.00176
10912	0.0018
10914	0.00243
10916	0.00202
10918	0.0012
10920	4.34242E-4
10922	5.81483E-4
10924	0.00122
10926	0.00153
10928	8.31206E-4
10930	0.00277
10932	0.00856
10934	0.01795
10936	0.02718
10938	0.03521
10940	0.04327
10942	0.05019
10944	0.05718
10946	0.06202
10948	0.0655
10950	0.06995
10952	0.07428
10954	0.0766
10956	0.07971
10958	0.07844
10960	0.06891
10962	0.05533
10964	0.04238
10966	0.02989
10968	0.01899
10970	0.00969
10972	0.00398
10974	-9.87276E-4
10976	-0.00777
10978	-0.01266
10980	-0.01509
10982	-0.01636
10984	-0.0193
10986	-0.02215
10988	-0.02413
10990	-0.02569
10992	-0.0271
10994	-0.02802
10996	-0.02718
10998	-0.02723
11000	-0.02734
11002	-0.0283
11004	-0.02863
11006	-0.02904
11008	-0.03019
11010	-0.03039
11012	-0.02867
11014	-0.02646
11016	-0.02519
11018	-0.0249
11020	-0.02469
11022	-0.02437
11024	-0.02319
11026	-0.0222
11028	-0.02042
11030	-0.02008
11032	-0.01977
11034	-0.01843
11036	-0.01798
11038	-0.01742
11040	-0.01504
11042	-0.01269
11044	-0.01142
11046	-0.01289
11048	-0.01317
11050	-0.01229
11052	-0.01169
11054	-0.01043
11056	-0.01087
11058	-0.01185
11060	-0.01151
11062	-0.01233
11064	-0.01245
11066	-0.01261
11068	-0.01256
11070	-0.01163
11072	-0.01153
11074	-0.0117
11076	-0.01268
11078	-0.01136
11080	-0.01251
11082	-0.01376
11084	-0.01401
11086	-0.01226
11088	-0.01121
11090	-0.00967
11092	-0.01079
11094	-0.01117
11096	-0.01087
11098	-0.01015
11100	-0.00982
11102	-0.00952
11104	-0.00866
11106	-0.00868
11108	-0.00905
11110	-0.00899
11112	-0.00899
11114	-0.00917
11116	-0.00865
11118	-0.00885
11120	-0.00867
11122	-0.00792
11124	-0.00632
11126	-0.00537
11128	-0.00632
11130	-0.00735
11132	-0.00753
11134	-0.00708
11136	-0.00749
11138	-0.00666
11140	-0.00624
11142	-0.00642
11144	-0.00717
11146	-0.00731
11148	-0.00829
11150	-0.01006
11152	-0.00999
11154	-0.01026
11156	-0.00969
11158	-0.01021
11160	-0.00935
11162	-0.00792
11164	-0.0085
11166	-0.00859
11168	-0.00734
11170	-0.00718
11172	-0.00643
11174	-0.00708
11176	-0.00841
11178	-0.00604
11180	-0.00552
11182	-0.00574
11184	-0.00549
11186	-0.00527
11188	-0.00483
11190	-0.00336
11192	-0.00267
11194	-0.00328
11196	-0.00327
11198	-0.00398
11200	-0.00433
11202	-0.00438
11204	-0.00379
11206	-0.00431
11208	-0.00496
11210	-0.00487
11212	-0.00518
11214	-0.00529
11216	-0.00402
11218	-0.00268
11220	-0.00221
11222	-0.00257
11224	-0.00256
11226	-0.00287
11228	-0.0031
11230	-0.00341
11232	-0.00236
11234	-0.00116
11236	-0.00211
11238	-0.00481
11240	-0.00623
11242	-0.00523
11244	-0.00487
11246	-0.00407
11248	-0.00482
11250	-0.00476
11252	-0.00466
11254	-0.00474
11256	-0.00436
11258	-0.00327
11260	-0.00356
11262	-0.00297
11264	-0.00274
11266	-0.00342
11268	-0.00346
11270	-0.00318
11272	-0.0033
11274	-0.00298
11276	-0.00267
11278	-0.00478
11280	-0.00439
11282	-0.00399
11284	-0.00283
11286	-0.00241
11288	-0.0026
11290	-0.0042
11292	-0.00506
11294	-0.00515
11296	-0.00639
11298	-0.00518
11300	-0.00497
11302	-0.00502
11304	-0.00518
11306	-0.00615
11308	-0.00469
11310	-0.0047
11312	-0.0062
11314	-0.00567
11316	-0.00392
11318	-0.00325
11320	-0.00358
11322	-0.00419
11324	-0.00509
11326	-0.00523
11328	-0.00502
11330	-0.00328
11332	-0.00151
11334	-3.78415E-4
11336	-1.96221E-4
11338	-0.00131
11340	-0.00146
11342	-7.38639E-4
11344	1.05555E-4
11346	1.96749E-4
11348	6.23943E-4
11350	0.00103
11352	8.04331E-4
11354	4.04526E-4
11356	-1.1028E-4
11358	1.54914E-4
11360	-0.00119
11362	-3.75698E-4
11364	-5.82504E-4
11366	-8.3931E-4
11368	-5.21164E-5
11370	-3.66922E-4
11372	-6.30728E-4
11374	2.44466E-4
11376	0.00138
11378	0.0013
11380	0.0018
11382	0.00256
11384	0.00374
11386	0.00341
11388	0.00446
11390	0.00469
11392	0.00345
11394	0.00163
11396	6.976E-4
11398	0.0018
11400	0.00232
11402	0.00101
11404	8.28376E-4
11406	9.5657E-4
11408	-2.9236E-5
11410	-0.00119
11412	-0.00212
11414	-0.00242
11416	-0.0024
11418	-0.00217
11420	-0.00187
11422	-0.00248
11424	-0.00312
11426	-0.00156
11428	-6.47438E-4
11430	-0.00179
11432	-0.00214
11434	-0.00208
11436	-0.00168
11438	-0.00266
11440	-0.00343
11442	-0.00416
11444	-0.00337
11446	-0.00225
11448	-0.00224
11450	-0.00186
11452	-0.00274
11454	-0.00373
11456	-0.00212
11458	-0.00235
11460	-0.00305
11462	-0.00245
11464	-0.00249
11466	-0.00255
11468	-0.00183
11470	-1.63326E-4
11472	-1.57559E-4
11474	-5.82792E-4
11476	-1.29024E-4
11478	9.18743E-4
11480	-3.5649E-4
11482	-0.00122
11484	9.61045E-4
11486	0.00124
11488	0.00121
11490	6.23346E-4
11492	-3.01886E-4
11494	0.00116
11496	0.00188
11498	0.0014
11500	0.00164
11502	0.00201
11504	0.0012
11506	0.00102
11508	-1.73244E-4
11510	-0.00141
11512	-0.00152
11514	-2.19395E-5
11516	8.02829E-4
11518	9.86597E-4
11520	0.00132
11522	0.00152
11524	0.00111
11526	5.78669E-4
11528	1.82437E-4
11530	0.00207
11532	0.01038
11534	0.02052
11536	0.03163
11538	0.04424
11540	0.05454
11542	0.06369
11544	0.07182
11546	0.07768
11548	0.0816
11550	0.08582
11552	0.09013
11554	0.09434
11556	0.09732
11558	0.09784
11560	0.08989
11562	0.07656
11564	0.06336
11566	0.0513
11568	0.04062
11570	0.03092
11572	0.02141
11574	0.01445
11576	0.0077
11578	0.00116
11580	-0.00402
11582	-0.00871
11584	-0.01272
11586	-0.01455
11588	-0.01624
11590	-0.01844
11592	-0.0194
11594	-0.02006
11596	-0.02128
11598	-0.02279
11600	-0.02192
11602	-0.02186
11604	-0.02132
11606	-0.02109
11608	-0.02121
11610	-0.02123
11612	-0.02025
11614	-0.02007
11616	-0.01925
11618	-0.01961
11620	-0.01972
11622	-0.01918
11624	-0.01942
11626	-0.01885
11628	-0.01811
11630	-0.01717
11632	-0.01571
11634	-0.01604
11636	-0.01561
11638	-0.01381
11640	-0.01517
11642	-0.01595
11644	-0.01524
11646	-0.01391
11648	-0.01377
11650	-0.01375
11652	-0.01195
11654	-0.01183
11656	-0.01161
11658	-0.00993
11660	-0.01156
11662	-0.01353
11664	-0.01388
11666	-0.01336
11668	-0.01241
11670	-0.01307
11672	-0.01327
11674	-0.0117
11676	-0.01174
11678	-0.01223
11680	-0.01204
11682	-0.01263
11684	-0.01234
11686	-0.0124
11688	-0.01078
11690	-0.00986
11692	-0.00998
11694	-0.00795
11696	-0.00588
11698	-0.00695
11700	-0.00807
11702	-0.00796
11704	-0.00601
11706	-0.00536
11708	-0.0043
11710	-0.00563
11712	-0.00663
11714	-0.00693
11716	-0.00614
11718	-0.0055
11720	-0.00507
11722	-0.00442
11724	-0.0045
11726	-0.00442
11728	-0.00439
11730	-0.00491
11732	-0.00404
11734	-0.0043
11736	-0.00422
11738	-0.00499
11740	-0.00394
11742	-0.00415
11744	-0.00361
11746	-0.00335
11748	-0.00387
11750	-0.00473
11752	-0.0048
11754	-0.00306
11756	-0.00166
11758	-0.00186
11760	-0.00304
11762	-0.00453
11764	-0.0041
11766	-0.00313
11768	-0.00172
11770	-0.00166
11772	-0.00185
11774	-9.51421E-4
11776	-3.1842E-5
11778	5.09035E-5
11780	5.2649E-5
11782	0.00156
11784	0.00109
11786	5.77886E-4
11788	-1.13369E-4
11790	-8.15623E-4
11792	-1.60878E-4
11794	-7.13132E-4
11796	-0.00128
11798	-0.00195
11800	-0.00224
11802	-0.00147
11804	-0.00209
11806	-0.00109
11808	-0.00286
11810	-0.0045
11812	-0.00198
11814	-9.26677E-4
11816	-3.33932E-4
11818	-0.00117
11820	-0.00195
11822	-0.00265
11824	-0.0047
11826	-0.00555
11828	-0.00531
11830	-0.00411
11832	-0.00397
11834	-0.003
11836	-0.00263
11838	-0.00284
11840	-0.00346
11842	-0.00379
11844	-0.00295
11846	-0.00243
11848	-0.00342
11850	-0.00421
11852	-0.00406
11854	-0.00342
11856	-0.00379
11858	-0.00408
11860	-0.00221
11862	-0.00209
11864	-0.00181
11866	-0.00108
11868	-0.00146
11870	-9.70438E-4
11872	-7.2242E-4
11874	-0.00187
11876	-0.00167
11878	2.37635E-4
11880	0.00155
11882	0.00196
11884	0.00134
11886	0.00122
11888	0.00159
11890	0.00148
11892	3.72763E-4
11894	7.00781E-4
11896	2.728E-4
11898	-8.72182E-4
11900	-9.13164E-4
11902	0.00162
11904	0.00145
11906	4.38891E-4
11908	0.00113
11910	0.00112
11912	1.70946E-4
11914	-5.70353E-5
11916	1.56556E-4
11918	8.5972E-4
11920	-4.81116E-4
11922	-0.00296
11924	-0.00381
11926	-0.00264
11928	-0.00227
11930	-0.00339
11932	-0.00342
11934	-0.00225
11936	-0.00274
11938	-0.0027
11940	-0.00315
11942	-0.00178
11944	-0.00191
11946	-0.00148
11948	6.80178E-4
11950	0.00188
11952	0.0026
11954	0.00269
11956	0.00285
11958	0.00431
11960	0.004
11962	0.00264
11964	0.00208
11966	0.00169
11968	8.62817E-4
11970	7.96981E-4
11972	0.00147
11974	5.92309E-4
11976	-8.37527E-4
11978	-0.00114
11980	-0.00164
11982	-0.00182
11984	-8.03872E-4
11986	-8.64586E-4
11988	-0.00194
11990	-0.00161
11992	-5.81548E-4
11994	-9.64202E-4
11996	-0.00182
11998	-0.00213
12000	-0.00315
12002	-0.00338
12004	-0.00309
12006	-0.00281
12008	-0.00166
12010	-0.0019
12012	-0.00181
12014	-0.00172
12016	-1.73944E-5
12018	9.75952E-4
12020	-2.46702E-4
12022	1.99644E-4
12024	-3.2501E-4
12026	0.00111
12028	7.08682E-4
12030	0.00185
12032	0.00138
12034	4.70721E-4
12036	-8.49331E-5
12038	8.17413E-4
12040	0.00137
12042	0.00229
12044	0.00127
12046	0.00108
12048	7.53144E-4
12050	7.5049E-4
12052	-7.71642E-5
12054	3.34182E-4
12056	6.57633E-4
12058	7.38906E-4
12060	0.00144
12062	0.00241
12064	0.00113
12066	-5.86005E-4
12068	-1.82732E-4
12070	5.0354E-4
12072	6.42813E-4
12074	2.26085E-4
12076	3.28357E-4
12078	0.00134
12080	0.00246
12082	0.00176
12084	9.88447E-4
12086	-3.76281E-4
12088	-0.0011
12090	-0.00169
12092	-0.00134
12094	-9.92191E-4
12096	-0.00109
12098	-3.76646E-4
12100	-0.00115
12102	-4.55101E-4
12104	4.17106E-6
12106	-6.78557E-4
12108	-3.97284E-4
12110	6.54988E-4
12112	5.57261E-4
12114	-4.76467E-4
12116	4.35805E-4
12118	0.00227
12120	0.00216
12122	0.00149
12124	0.00138
