time	cp
2	2.58479
4	2.51154
6	2.4353
8	2.36101
10	2.28794
12	2.21204
14	2.13852
16	2.06407
18	1.98949
20	1.91585
22	1.84157
24	1.76728
26	1.69344
28	1.61921
30	1.54412
32	1.47025
34	1.3972
36	1.32323
38	1.25024
40	1.17644
42	1.10255
44	1.02879
46	0.95418
48	0.88002
50	0.80593
52	0.73129
54	0.65591
56	0.58234
58	0.50725
60	0.43341
62	0.35866
64	0.28253
66	0.20861
68	0.13443
70	0.05872
72	-0.00263
74	-0.00276
76	-0.00314
78	-0.00275
80	-0.00245
82	-0.00176
84	-0.00101
86	2.06972E-5
88	0.0011
90	8.04298E-4
92	-3.80402E-4
94	-0.00209
96	-0.00201
98	3.37499E-4
100	-1.482E-4
102	-0.00143
104	-9.176E-4
106	-3.12299E-4
108	0.00167
110	0.00104
112	-4.23984E-5
114	-2.23098E-4
116	-0.00106
118	-4.76497E-4
120	-4.08197E-4
122	-1.13897E-4
124	-2.79596E-4
126	-0.00115
128	-0.00252
130	4.30469E-6
132	0.00351
134	0.00731
136	0.01001
138	0.01385
140	0.01817
142	0.02181
144	0.02689
146	0.03202
148	0.03532
150	0.03984
152	0.04351
154	0.04614
156	0.04551
158	0.04247
160	0.03589
162	0.02988
164	0.02542
166	0.02114
168	0.01746
170	0.01357
172	0.00975
174	0.00833
176	0.00632
178	0.00472
180	0.00268
182	0.00145
184	-6.90095E-4
186	-0.00162
188	-0.00104
190	-2.56328E-4
192	3.46261E-4
194	-1.7315E-4
196	-5.03561E-4
198	1.38028E-4
200	-4.38383E-4
202	-8.29794E-4
204	0.00116
206	0.00177
208	0.00208
210	0.00296
212	0.00285
214	0.00231
216	0.00196
218	0.00155
220	0.00258
222	0.00333
224	0.00342
226	0.00273
228	0.00302
230	0.00316
232	0.00214
234	0.00292
236	0.00236
238	0.0018
240	9.2435E-4
242	0.00116
244	0.00127
246	0.00154
248	0.00287
250	0.00237
252	0.00252
254	0.0027
256	0.0021
258	0.00227
260	0.0029
262	0.00377
264	0.00213
266	0.00185
268	9.68172E-4
270	-1.48388E-6
272	-0.00155
274	-0.00259
276	-0.00198
278	-0.00108
280	-0.00212
282	-7.54417E-4
284	-0.00175
286	-0.00186
288	-6.38424E-6
290	9.7996E-4
292	7.29305E-4
294	-0.00167
296	-0.002
298	-0.00167
300	-8.58318E-4
302	-8.79973E-4
304	-0.00214
306	-0.00244
308	-0.0023
310	-0.00335
312	-0.00311
314	-0.0033
316	-0.00236
318	-0.00258
320	-0.00185
322	-0.00275
324	-0.0023
326	-0.00293
328	-0.00284
330	-0.00127
332	2.34193E-4
334	-0.00157
336	-0.00285
338	-0.00186
340	-0.00225
342	-0.00288
344	-0.00313
346	-0.00313
348	-0.00436
350	-0.00338
352	-0.00255
354	-0.00222
356	-0.00282
358	-0.00259
360	-0.00178
362	-0.00273
364	-0.00194
366	-0.0021
368	-0.00172
370	-0.0014
372	-0.00209
374	-0.00245
376	-0.00205
378	-7.52928E-4
380	-8.47804E-4
382	-6.34679E-4
384	-6.41555E-4
386	-0.00177
388	-0.00103
390	-2.22181E-4
392	7.67943E-4
394	-6.01932E-4
396	-4.31808E-4
398	-9.14683E-4
400	-0.00102
402	-0.00107
404	-9.5131E-4
406	-8.81185E-4
408	-3.16061E-4
410	-2.00936E-4
412	-6.40812E-4
414	-8.89687E-4
416	0.00122
418	0.00157
420	0.00159
422	0.00175
424	0.00245
426	0.00252
428	0.00295
430	0.00116
432	6.63657E-4
434	0.00131
436	0.00136
438	0.00177
440	0.00233
442	0.00157
444	0.00107
446	-6.4621E-4
448	-0.00109
450	-0.00195
452	-0.00155
454	-7.55563E-4
456	-1.72401E-4
458	-9.61239E-4
460	-3.16077E-4
462	7.10085E-4
464	0.00129
466	9.37408E-4
468	-2.7843E-4
470	-3.67268E-4
472	-5.80106E-4
474	1.70056E-4
476	0.00183
478	0.00224
480	0.00196
482	0.00141
484	7.65865E-4
486	0.00129
488	0.00168
490	-5.35141E-4
492	-8.39925E-4
494	-1.11709E-4
496	-9.84932E-5
498	-8.35277E-4
500	-0.00136
502	-0.00138
504	-9.7063E-4
506	-8.84414E-4
508	-2.21985E-5
510	-7.89827E-5
512	-5.73767E-4
514	-6.41551E-4
516	4.57665E-4
518	6.9388E-4
520	0.00276
522	0.00257
524	0.00129
526	-1.88256E-4
528	-1.36041E-4
530	-0.00108
532	-0.00102
534	-9.45393E-4
536	-6.45178E-4
538	8.87038E-4
540	0.00121
542	0.00129
544	0.00113
546	2.60901E-4
548	-0.00104
550	-0.002
552	-0.0017
554	-9.40236E-4
556	-9.9602E-4
558	-9.47804E-4
560	-4.49924E-4
562	-0.0026
564	-0.0021
566	-0.00186
568	-0.00165
570	-7.92882E-4
572	-0.0011
574	-0.00154
576	-0.00234
578	-4.85048E-4
580	-0.00103
582	-0.00141
584	7.98577E-4
586	0.00127
588	-4.41006E-4
590	-0.00176
592	-0.00126
594	-0.00235
596	-0.00167
598	-4.47964E-4
600	7.49244E-4
602	9.74528E-5
604	-4.57339E-4
606	-2.7013E-4
608	1.80078E-4
610	2.76286E-4
612	3.58495E-4
614	5.20703E-4
616	-8.05088E-4
618	-1.3888E-4
620	3.18329E-4
622	5.16537E-4
624	-4.00255E-4
626	-7.08046E-4
628	-8.23838E-4
630	-0.00154
632	-0.00195
634	-0.00162
636	-0.0018
638	-9.43173E-4
640	-0.00196
642	-7.85257E-4
644	-3.90799E-4
646	-3.43341E-4
648	4.99116E-4
650	-5.31426E-4
652	-4.23968E-4
654	2.1449E-4
656	3.39948E-4
658	-2.55941E-5
660	-4.47136E-4
662	-3.75678E-4
664	-9.8922E-4
666	-0.00236
668	-0.00181
670	-8.00847E-4
672	-0.00124
674	-0.00169
676	-0.00244
678	-0.00223
680	-0.00117
682	-3.09099E-4
684	-7.61642E-4
686	-0.00128
688	-0.00197
690	-0.0011
692	7.7019E-4
694	1.06479E-5
696	7.97106E-4
698	2.56564E-4
700	-2.98957E-4
702	-0.00116
704	-0.0018
706	-5.13487E-4
708	-6.12997E-4
710	9.49309E-6
712	1.23983E-4
714	7.04731E-5
716	6.20963E-4
718	2.35453E-4
720	0.00135
722	6.82433E-4
724	-6.77077E-4
726	-0.00203
728	0.002
730	0.00817
732	0.01414
734	0.02095
736	0.02731
738	0.03189
740	0.0369
742	0.04367
744	0.04975
746	0.05401
748	0.05828
750	0.06312
752	0.06681
754	0.06966
756	0.06952
758	0.0661
760	0.05981
762	0.05185
764	0.04497
766	0.03939
768	0.03533
770	0.02989
772	0.02468
774	0.0209
776	0.01573
778	0.012
780	0.00897
782	0.00629
784	0.00524
786	0.00418
788	0.0021
790	-5.28661E-6
792	-3.90816E-4
794	-4.54346E-4
796	5.82124E-4
798	1.07594E-4
800	5.09065E-4
802	-1.62465E-4
804	-0.00157
806	-0.00179
808	-7.11054E-4
810	-4.13584E-4
812	-6.68114E-4
814	-0.00101
816	-0.00137
818	-0.0014
820	-0.00206
822	-0.00167
824	-0.00136
826	-0.00179
828	-0.00166
830	-9.18881E-4
832	-0.00109
834	-0.00233
836	-0.00145
838	-9.33E-4
840	-7.38038E-4
842	-4.56076E-4
844	-4.06114E-4
846	-4.96152E-4
848	1.3081E-4
850	6.14772E-4
852	4.59734E-4
854	-7.65304E-4
856	-0.00167
858	-4.6738E-4
860	-2.25418E-4
862	-9.21456E-4
864	-9.04944E-5
866	-3.75532E-4
868	-0.00136
870	-8.91608E-4
872	-8.16465E-5
874	0.00155
876	9.73277E-4
878	0.00116
880	0.00124
882	0.00111
884	0.00221
886	0.00184
888	2.64049E-4
890	0.00117
892	7.91973E-4
894	-2.68065E-4
896	3.04897E-4
898	-7.32141E-4
900	-3.01788E-5
902	9.97831E-5
904	-2.97255E-4
906	6.57707E-4
908	9.39675E-4
910	3.33672E-4
912	0.00141
914	0.00184
916	0.00163
918	9.73659E-4
920	-0.00161
922	-0.00104
924	-5.05351E-4
926	-0.00236
928	-0.00249
930	-0.00288
932	-0.00164
934	-7.17367E-4
936	-0.00105
938	2.81626E-4
940	0.00114
942	0.00129
944	0.00193
946	0.002
948	0.00159
950	0.00203
952	0.00188
954	0.0017
956	-2.49403E-4
958	-0.00109
960	-4.81409E-4
962	-4.13412E-4
964	2.08584E-4
966	-9.74188E-5
968	-0.00112
970	-0.00261
972	-0.00172
974	-0.00128
976	-0.00173
978	-0.00206
980	-0.00306
982	-0.00274
984	-0.00337
986	-0.00242
988	-0.0019
990	-0.00161
992	-0.00108
994	-0.00206
996	-0.00248
998	-0.00263
1000	-0.00277
1002	-0.00301
1004	-6.15775E-4
1006	-0.00162
1008	-0.00215
1010	-4.02301E-4
1012	7.73523E-4
1014	6.82348E-4
1016	-3.07827E-4
1018	-8.69003E-4
1020	-9.13178E-4
1022	-3.23353E-4
1024	0.00105
1026	9.93296E-4
1028	0.00109
1030	9.47945E-4
1032	-1.4223E-4
1034	-5.02405E-4
1036	-2.32581E-4
1038	-5.21756E-4
1040	-0.0011
1042	-9.40107E-4
1044	-0.00166
1046	-0.00185
1048	2.19367E-4
1050	-5.64808E-4
1052	-0.00168
1054	-0.00161
1056	-0.00258
1058	-0.0026
1060	-0.00158
1062	-0.0014
1064	-8.31036E-4
1066	2.2789E-5
1068	-4.00386E-4
1070	-7.83562E-4
1072	-5.21737E-4
1074	-0.00187
1076	-0.00178
1078	-0.00134
1080	-4.14438E-4
1082	9.64386E-4
1084	5.74211E-4
1086	7.63035E-4
1088	-9.0414E-4
1090	-0.00148
1092	-7.98491E-4
1094	4.58334E-4
1096	9.43159E-4
1098	2.93983E-4
1100	9.58808E-4
1102	0.0013
1104	0.00149
1106	8.72282E-4
1108	0.00112
1110	1.69931E-4
1112	0.00122
1114	0.0021
1116	5.51405E-4
1118	5.8623E-4
1120	-4.21945E-4
1122	-0.00112
1124	-0.00141
1126	-5.12472E-4
1128	-0.00151
1130	-0.00166
1132	-5.42998E-4
1134	-0.00124
1136	-7.28348E-4
1138	-6.64524E-4
1140	-0.00142
1142	-0.00168
1144	-9.9405E-4
1146	-0.00146
1148	-0.00163
1150	-0.00237
1152	-0.00191
1154	-5.74926E-4
1156	-3.73102E-4
1158	3.17229E-5
1160	-7.84525E-5
1162	-4.54628E-4
1164	2.93197E-4
1166	-9.99785E-5
1168	2.47846E-4
1170	9.71671E-4
1172	0.00182
1174	0.00151
1176	6.32145E-4
1178	-7.06031E-4
1180	-0.00129
1182	-4.87381E-4
1184	-8.82557E-4
1186	-0.00235
1188	-0.00242
1190	-0.00153
1192	-8.64258E-4
1194	-0.0017
1196	-0.00235
1198	-0.00185
1200	-0.00141
1202	-9.96135E-4
1204	1.9469E-4
1206	3.01514E-4
1208	-1.49661E-4
1210	3.16164E-4
1212	2.19988E-4
1214	6.10813E-4
1216	0.00167
1218	0.00231
1220	0.00165
1222	0.00138
1224	-0.00198
1226	-0.00123
1228	-6.54144E-5
1230	-2.4159E-4
1232	-9.69765E-4
1234	-9.1194E-4
1236	-8.15116E-4
1238	-3.97291E-4
1240	-5.22467E-4
1242	-2.84642E-4
1244	-0.00133
1246	-0.00227
1248	-0.00154
1250	-0.00256
1252	-0.00221
1254	-0.00183
1256	-0.00214
1258	-0.00148
1260	-0.00183
1262	-0.00103
1264	-6.00513E-4
1266	-8.65674E-4
1268	-2.85835E-4
1270	-1.61996E-4
1272	-6.27157E-4
1274	1.14682E-4
1276	9.18521E-4
1278	1.4036E-4
1280	9.41199E-4
1282	-6.80962E-4
1284	-0.00169
1286	-0.00103
1288	-0.00197
1290	-0.00154
1292	-7.43767E-4
1294	-0.00101
1296	-4.65089E-4
1298	-0.00235
1300	-0.00226
1302	-8.05572E-4
1304	-2.90733E-4
1306	0.001
1308	8.85945E-4
1310	-3.62216E-4
1312	-5.42377E-4
1314	9.84618E-5
1316	-7.10699E-4
1318	-0.00157
1320	-0.00181
1322	-0.0021
1324	-0.00221
1326	-0.00203
1328	-0.00107
1330	0.00431
1332	0.0124
1334	0.02233
1336	0.03014
1338	0.03849
1340	0.04656
1342	0.05283
1344	0.0596
1346	0.06526
1348	0.06966
1350	0.07334
1352	0.07846
1354	0.08246
1356	0.08303
1358	0.07846
1360	0.07179
1362	0.06299
1364	0.05567
1366	0.04838
1368	0.04192
1370	0.03673
1372	0.0313
1374	0.02746
1376	0.02436
1378	0.01986
1380	0.01712
1382	0.01309
1384	0.01072
1386	0.00959
1388	0.00803
1390	0.00628
1392	0.00355
1394	0.00215
1396	0.00257
1398	0.00243
1400	0.00279
1402	0.00396
1404	0.00167
1406	0.00102
1408	3.3581E-4
1410	-5.64992E-4
1412	8.02205E-4
1414	0.00155
1416	0.00125
1418	-3.60204E-4
1420	-8.55007E-4
1422	-0.00161
1424	-4.13613E-4
1426	-2.34155E-5
1428	-4.73218E-4
1430	-0.00122
1432	-0.00162
1434	-1.76627E-4
1436	-3.8243E-4
1438	-1.13233E-4
1440	0.00111
1442	7.84161E-4
1444	0.00133
1446	0.00144
1448	-5.87247E-4
1450	-3.20502E-5
1452	0.00198
1454	0.00166
1456	0.00131
1458	0.0014
1460	1.28935E-4
1462	-8.75868E-4
1464	-2.0767E-4
1466	-3.09454E-4
1468	-0.00153
1470	-7.29984E-4
1472	-6.57489E-5
1474	-1.65138E-5
1476	6.68721E-4
1478	0.00138
1480	0.00133
1482	-1.35732E-5
1484	-5.73381E-5
1486	3.50897E-4
1488	5.20132E-4
1490	0.00104
1492	0.00192
1494	0.00192
1496	0.00116
1498	0.00126
1500	9.21543E-4
1502	8.35778E-4
1504	2.65013E-4
1506	-2.54752E-4
1508	5.40484E-4
1510	-6.82813E-5
1512	0.00136
1514	3.34189E-4
1516	5.42412E-6
1518	-0.00121
1520	-0.00102
1522	-8.9887E-4
1524	-0.00136
1526	-7.644E-4
1528	-0.00168
1530	-0.003
1532	-0.00403
1534	-0.00414
1536	-0.00333
1538	-0.00145
1540	-0.00356
1542	-0.0038
1544	-0.00291
1546	-0.00201
1548	-8.65246E-4
1550	-0.00229
1552	-7.29306E-4
1554	2.31165E-4
1556	0.00109
1558	-1.79895E-4
1560	-0.00206
1562	-0.00148
1564	-4.67484E-4
1566	0.00101
1568	4.62457E-4
1570	9.49269E-5
1572	3.23397E-4
1574	-9.41325E-5
1576	0.00104
1578	4.85808E-4
1580	6.00278E-4
1582	0.00149
1584	8.77219E-4
1586	3.84689E-4
1588	-3.89841E-4
1590	1.4163E-4
1592	-5.799E-4
1594	-8.0843E-4
1596	8.98041E-4
1598	8.01511E-4
1600	4.96981E-4
1602	3.56451E-4
1604	0.00163
1606	-1.44482E-4
1608	-7.22596E-5
1610	7.39624E-5
1612	0.00134
1614	0.00139
1616	0.00156
1618	0.00217
1620	0.00246
1622	9.92295E-4
1624	-2.02483E-4
1626	-7.35261E-4
1628	3.41961E-4
1630	9.12183E-4
1632	0.00169
1634	0.00184
1636	9.25849E-4
1638	-0.00191
1640	-0.00342
1642	-0.00252
1644	-8.65263E-4
1646	-7.66041E-4
1648	7.76181E-4
1650	5.26403E-4
1652	0.0011
1654	-6.09153E-4
1656	-0.00103
1658	-0.00138
1660	-0.00174
1662	-0.00235
1664	-0.00239
1666	-0.00183
1668	-7.04599E-4
1670	-0.00115
1672	-0.00239
1674	-0.00182
1676	-6.86621E-4
1678	-0.00127
1680	-0.00141
1682	-5.41686E-4
1684	-0.00201
1686	-0.00313
1688	-0.00361
1690	-0.00183
1692	-0.00199
1694	-0.00287
1696	-0.00153
1698	-0.00124
1700	-0.00222
1702	-0.0025
1704	-0.00287
1706	-0.00343
1708	-0.00272
1710	-0.00198
1712	-0.00209
1714	-0.00201
1716	-0.00179
1718	-9.18073E-4
1720	-5.09762E-4
1722	-0.0011
1724	-9.49138E-4
1726	-0.00169
1728	-0.00267
1730	-0.00261
1732	-0.00227
1734	-0.00309
1736	-0.00216
1738	-0.00149
1740	-0.00188
1742	-6.88332E-4
1744	7.6298E-4
1746	1.38292E-4
1748	4.72604E-4
1750	-0.00168
1752	-0.00213
1754	-0.00247
1756	-0.00177
1758	-0.00191
1760	-0.00154
1762	2.52786E-4
1764	2.92098E-4
1766	-0.00122
1768	-0.00146
1770	-0.00134
1772	-0.00156
1774	-6.37343E-4
1776	-5.07031E-4
1778	-0.00108
1780	-3.10408E-4
1782	-0.00146
1784	-3.48784E-4
1786	3.45528E-4
1788	-1.60529E-7
1790	-4.63849E-4
1792	-4.81537E-4
1794	5.84775E-4
1796	5.84087E-4
1798	7.12398E-4
1800	-1.9829E-4
1802	-3.68978E-4
1804	2.84334E-4
1806	-6.89354E-4
1808	-2.17043E-4
1810	-6.75731E-4
1812	-0.00123
1814	-0.00106
1816	-3.58951E-4
1818	-2.12757E-4
1820	2.65438E-4
1822	-1.29367E-4
1824	-0.00109
1826	4.39022E-4
1828	-1.67783E-4
1830	-0.00102
1832	-0.00126
1834	-1.56199E-4
1836	-2.26004E-4
1838	-5.18809E-4
1840	-5.17615E-4
1842	-5.04198E-5
1844	0.0014
1846	-3.60303E-5
1848	-1.34836E-4
1850	6.02359E-4
1852	0.00137
1854	5.47486E-5
1856	-7.80057E-4
1858	4.41138E-4
1860	0.0012
1862	6.79528E-4
1864	-0.00119
1866	-0.00146
1868	-0.00147
1870	-0.00255
1872	-0.00375
1874	-0.00229
1876	-7.98109E-4
1878	-0.00146
1880	-0.00132
1882	-1.01525E-4
1884	-5.06604E-4
1886	-8.87957E-4
1888	-0.00149
1890	-0.00229
1892	-0.00141
1894	2.55632E-4
1896	-6.37211E-5
1898	3.12926E-4
1900	-0.00139
1902	-0.00144
1904	-0.00137
1906	-1.19485E-4
1908	-8.50838E-4
1910	-0.00274
1912	-0.00263
1914	-0.00154
1916	-0.00117
1918	-0.0012
1920	-9.56955E-4
1922	-9.85308E-4
1924	-8.26661E-4
1926	-0.00156
1928	-6.03666E-5
1930	0.00546
1932	0.01507
1934	0.02473
1936	0.03491
1938	0.04541
1940	0.05542
1942	0.06358
1944	0.07082
1946	0.07677
1948	0.08141
1950	0.08782
1952	0.09309
1954	0.09778
1956	0.09912
1958	0.09588
1960	0.08737
1962	0.07693
1964	0.06818
1966	0.05897
1968	0.05015
1970	0.04322
1972	0.0365
1974	0.03153
1976	0.02656
1978	0.02141
1980	0.01668
1982	0.01332
1984	0.01236
1986	0.01211
1988	0.01028
1990	0.00839
1992	0.0064
1994	0.0049
1996	0.00433
1998	0.00404
2000	0.00326
2002	0.00198
2004	0.00124
2006	0.00124
2008	0.0023
2010	0.00161
2012	-0.00152
2014	-9.06551E-5
2016	0.00141
2018	0.00147
2020	0.00127
2022	0.00103
2024	0.00165
2026	0.00143
2028	-2.95813E-4
2030	-0.00109
2032	-2.50471E-4
2034	4.512E-4
2036	8.3587E-4
2038	0.00126
2040	8.24212E-4
2042	0.00159
2044	8.63554E-4
2046	-0.00152
2048	-0.0021
2050	-0.00194
2052	-0.00203
2054	-0.00294
2056	-0.00356
2058	-0.00334
2060	-0.00324
2062	-0.00329
2064	-0.00186
2066	-0.00107
2068	-0.00116
2070	-0.00285
2072	-0.0034
2074	-0.00419
2076	-0.00468
2078	-0.00432
2080	-0.00417
2082	-0.0032
2084	-0.00418
2086	-0.00343
2088	-0.00167
2090	-0.00204
2092	-0.00184
2094	-0.00217
2096	-0.00116
2098	-0.00137
2100	-0.00144
2102	-0.00106
2104	-7.80101E-4
2106	-0.00144
2108	-5.98352E-4
2110	-5.69777E-5
2112	-9.46034E-5
2114	-0.0012
2116	-5.94855E-4
2118	-3.67481E-4
2120	6.89374E-6
2122	-5.15732E-4
2124	-0.0011
2126	-0.00189
2128	-0.00175
2130	-0.00316
2132	-0.00415
2134	-0.00519
2136	-0.00544
2138	-0.00508
2140	-0.00588
2142	-0.0055
2144	-0.00361
2146	-0.00269
2148	-0.00279
2150	-0.00218
2152	-0.00209
2154	-0.0033
2156	-0.00265
2158	-0.00133
2160	-0.00114
2162	-0.00157
2164	-0.00273
2166	-0.00165
2168	-0.00144
2170	-0.00169
2172	-4.38296E-4
2174	9.00351E-4
2176	3.34998E-4
2178	-7.58354E-4
2180	-0.00171
2182	-0.00151
2184	-0.00177
2186	-0.00222
2188	-0.00188
2190	-0.00257
2192	-0.00209
2194	-0.00223
2196	-0.00254
2198	-0.00139
2200	-0.00219
2202	-0.00236
2204	-0.00231
2206	-0.00231
2208	-0.00117
2210	-0.00161
2212	-0.00199
2214	-0.00141
2216	-6.63052E-4
2218	-4.01405E-4
2220	-3.78757E-4
2222	6.0989E-4
2224	4.51538E-4
2226	-0.00159
2228	-0.00151
2230	-5.75198E-5
2232	8.90128E-4
2234	4.87775E-4
2236	-6.46577E-4
2238	-0.0016
2240	-0.0021
2242	-0.00238
2244	-0.00223
2246	-0.00204
2248	-0.00201
2250	-0.00203
2252	-0.00178
2254	-0.00155
2256	-7.93103E-4
2258	-0.00165
2260	-0.00173
2262	-8.3216E-4
2264	-2.95513E-4
2266	-2.66865E-4
2268	7.43782E-4
2270	4.44296E-5
2272	-9.79923E-4
2274	7.12725E-4
2276	5.49372E-4
2278	-5.7198E-4
2280	-3.97333E-4
2282	-1.93686E-4
2284	-0.00103
2286	-0.00123
2288	2.25687E-6
2290	-5.88096E-4
2292	-0.00197
2294	-0.00243
2296	-0.00315
2298	-0.00278
2300	-0.00231
2302	-0.00306
2304	-0.00153
2306	-9.02916E-4
2308	-3.78268E-4
2310	-2.46209E-5
2312	-9.33973E-4
2314	-0.00154
2316	-9.08679E-4
2318	-2.65031E-4
2320	-4.29384E-4
2322	-8.04736E-4
2324	-5.77089E-4
2326	-7.24412E-5
2328	3.79206E-4
2330	-8.14622E-6
2332	-2.37499E-4
2334	-0.00116
2336	-0.00146
2338	-0.00175
2340	-0.0014
2342	-6.63261E-4
2344	-6.23614E-4
2346	3.54034E-4
2348	-7.76319E-4
2350	-3.44672E-4
2352	0.00105
2354	0.00116
2356	8.26271E-4
2358	-4.04082E-4
2360	-0.00137
2362	-9.02787E-4
2364	-1.87139E-4
2366	-5.24917E-5
2368	-0.00136
2370	-0.00113
2372	-0.00122
2374	-0.00248
2376	-0.00134
2378	-0.00152
2380	-8.04738E-4
2382	0.00126
2384	3.29081E-4
2386	-0.00104
2388	-9.431E-4
2390	-7.86691E-4
2392	-2.15282E-4
2394	-7.39873E-4
2396	-0.00109
2398	-3.71054E-4
2400	-8.76645E-4
2402	-0.00187
2404	-0.00101
2406	-8.03417E-4
2408	-7.26008E-4
2410	-0.00195
2412	-8.75189E-4
2414	-0.00109
2416	-0.00155
2418	-0.00112
2420	3.40448E-4
2422	-5.92142E-4
2424	-0.00277
2426	-0.00181
2428	-6.33915E-4
2430	-5.05283E-7
2432	3.55904E-4
2434	-1.88687E-4
2436	1.94723E-4
2438	-2.24868E-4
2440	-5.03459E-4
2442	-9.41215E-5
2444	5.42801E-4
2446	-2.66276E-4
2448	1.86471E-5
2450	-1.9843E-4
2452	-0.00155
2454	-0.00158
2456	-9.15661E-4
2458	-0.00144
2460	-0.00121
2462	-0.0012
2464	-6.9497E-4
2466	-5.43047E-4
2468	-5.08124E-4
2470	-0.00153
2472	-0.00173
2474	-0.00238
2476	-0.00217
2478	-0.00148
2480	-0.0012
2482	-0.00158
2484	-8.10741E-4
2486	-0.00292
2488	-0.00452
2490	-0.00447
2492	-0.00325
2494	-0.00335
2496	-0.00329
2498	-0.00337
2500	-0.00337
2502	-0.00299
2504	-0.00187
2506	-0.00207
2508	-0.003
2510	-0.00313
2512	-0.00187
2514	-0.00161
2516	-0.00107
2518	-3.31805E-4
2520	-6.95071E-4
2522	-0.00151
2524	-0.00146
2526	-0.00111
2528	-5.70132E-4
2530	0.00644
2532	0.01737
2534	0.0294
2536	0.04218
2538	0.05454
2540	0.0648
2542	0.07219
2544	0.08118
2546	0.09077
2548	0.09841
2550	0.10411
2552	0.10951
2554	0.11613
2556	0.11738
2558	0.11126
2560	0.10106
2562	0.0915
2564	0.08041
2566	0.06878
2568	0.05953
2570	0.05155
2572	0.04424
2574	0.03605
2576	0.03077
2578	0.02618
2580	0.02247
2582	0.01804
2584	0.01427
2586	0.01306
2588	0.01248
2590	0.01128
2592	0.00824
2594	0.00591
2596	0.00475
2598	0.00402
2600	0.00441
2602	0.00363
2604	0.00192
2606	9.64522E-4
2608	6.13599E-4
2610	-3.79324E-4
2612	-4.12248E-4
2614	-2.51708E-5
2616	-9.91094E-4
2618	-0.00103
2620	-8.7294E-4
2622	-0.00218
2624	-0.0032
2626	-0.0023
2628	-0.00179
2630	-0.00248
2632	-0.00352
2634	-0.00253
2636	-0.00143
2638	-6.30249E-4
2640	-0.00161
2642	-0.00252
2644	-0.00166
2646	-0.00122
2648	-8.28866E-4
2650	-9.04799E-6
2652	-5.91749E-4
2654	-0.00109
2656	-3.9215E-4
2658	-4.67851E-4
2660	-4.48552E-4
2662	-0.0017
2664	-0.00117
2666	-9.79654E-4
2668	-0.00226
2670	-0.00334
2672	-0.00208
2674	-9.99458E-4
2676	-0.00298
2678	-0.00188
2680	-3.7356E-4
2682	-0.00123
2684	-0.00268
2686	-0.00436
2688	-0.00285
2690	-0.00192
2692	-7.43765E-4
2694	-0.00198
2696	-0.00111
2698	-0.00212
2700	-0.00307
2702	-0.00233
2704	-0.00175
2706	-9.7267E-4
2708	-8.61371E-4
2710	-6.82072E-4
2712	-7.27727E-5
2714	-5.14473E-4
2716	-0.0012
2718	-0.00103
2720	-9.79376E-4
2722	-0.00145
2724	-0.0018
2726	-0.00155
2728	-0.00211
2730	-0.00175
2732	-0.00299
2734	-0.00416
2736	-0.00358
2738	-0.00389
2740	-0.00422
2742	-0.00484
2744	-0.00474
2746	-0.00499
2748	-0.00365
2750	-0.00141
2752	-0.00202
2754	-0.00219
2756	-0.00156
2758	-0.00206
2760	-7.70395E-4
2762	-1.68696E-4
2764	-7.71997E-4
2766	-8.24298E-4
2768	-3.68599E-4
2770	-0.00136
2772	-0.00171
2774	-0.00226
2776	-0.00149
2778	-0.00117
2780	-0.00111
2782	-0.00112
2784	-0.0014
2786	-8.87308E-4
2788	-5.65609E-4
2790	-5.45566E-4
2792	-2.61853E-4
2794	-7.00139E-4
2796	-8.97425E-4
2798	-7.44711E-4
2800	-0.00116
2802	-0.00107
2804	-7.03569E-4
2806	-1.97856E-4
2808	-5.91142E-4
2810	-0.00102
2812	-4.43714E-4
2814	7.69998E-5
2816	-6.86286E-4
2818	-0.00205
2820	-0.00232
2822	-0.00199
2824	-0.00195
2826	-0.00128
2828	-6.81003E-4
2830	-6.47289E-4
2832	-3.50576E-4
2834	5.39138E-4
2836	8.08852E-4
2838	0.001
2840	-1.37201E-5
2842	2.81994E-4
2844	-5.29292E-4
2846	-0.00135
2848	-0.00183
2850	-6.15085E-6
2852	-5.39437E-4
2854	-0.00166
2856	-0.00302
2858	-0.00324
2860	-0.00208
2862	-0.00269
2864	-0.00393
2866	-0.00232
2868	-0.00234
2870	-0.00152
2872	-0.00123
2874	-0.00233
2876	-0.00146
2878	-0.00258
2880	-0.00267
2882	-0.00303
2884	-0.00233
2886	-0.00244
2888	-0.00236
2890	-0.00246
2892	-0.00284
2894	-0.00295
2896	-0.0024
2898	-0.00194
2900	-0.00107
2902	2.57037E-4
2904	-6.28594E-4
2906	-0.00153
2908	-0.00224
2910	-1.35488E-4
2912	-8.41197E-5
2914	1.87249E-4
2916	-0.00137
2918	-0.00197
2920	-0.00142
2922	-0.00165
2924	-0.00159
2926	-0.00169
2928	-0.00268
2930	-0.00207
2932	-0.00127
2934	-0.00201
2936	-0.00306
2938	-0.0049
2940	-0.00522
2942	-0.0042
2944	-0.00433
2946	-0.00281
2948	-0.0014
2950	-0.00271
2952	-0.00211
2954	-0.00278
2956	-0.00341
2958	-0.00367
2960	-0.00417
2962	-0.00379
2964	-0.00329
2966	-0.00287
2968	-0.00112
2970	-0.00194
2972	-0.00315
2974	-0.00446
2976	-0.00423
2978	-0.00342
2980	-0.00218
2982	-0.00185
2984	-7.34034E-4
2986	-0.00116
2988	-6.0131E-4
2990	-0.00156
2992	-0.00199
2994	-7.64724E-4
2996	-0.00177
2998	-0.00271
3000	-0.00243
3002	-0.00234
3004	-0.00183
3006	-6.79812E-4
3008	-0.0024
3010	-0.00305
3012	-0.00184
3014	-0.00121
3016	-0.00159
3018	-0.0017
3020	-0.00145
3022	-0.00229
3024	-0.00258
3026	-0.00197
3028	-0.0022
3030	-0.00302
3032	-0.00382
3034	-0.00409
3036	-0.00348
3038	-0.003
3040	-0.00291
3042	-0.00257
3044	-0.00228
3046	-0.002
3048	-0.00281
3050	-0.00329
3052	-0.00295
3054	-0.0036
3056	-0.00424
3058	-0.00334
3060	-0.00168
3062	-0.00172
3064	-0.00253
3066	-0.00284
3068	-0.00238
3070	-0.00292
3072	-0.00311
3074	-0.00269
3076	-0.00358
3078	-0.00312
3080	-0.00323
3082	-0.00398
3084	-0.00364
3086	-0.00323
3088	-0.00203
3090	-0.00131
3092	-0.0016
3094	-0.00173
3096	-0.00172
3098	-0.00294
3100	-0.00323
3102	-0.00322
3104	-0.00204
3106	-0.00194
3108	-0.00305
3110	-0.00315
3112	-0.00285
3114	-0.00283
3116	-0.00349
3118	-0.0041
3120	-0.00377
3122	-0.00446
3124	-0.006
3126	-0.00673
3128	-0.00304
3130	0.00507
3132	0.01765
3134	0.03226
3136	0.0464
3138	0.05858
3140	0.07059
3142	0.08176
3144	0.09239
3146	0.10366
3148	0.11147
3150	0.11798
3152	0.12471
3154	0.13117
3156	0.13479
3158	0.13127
3160	0.12088
3162	0.10878
3164	0.09553
3166	0.0838
3168	0.07383
3170	0.064
3172	0.05474
3174	0.04656
3176	0.03958
3178	0.03332
3180	0.02674
3182	0.0229
3184	0.01971
3186	0.01649
3188	0.01346
3190	0.011
3192	0.00952
3194	0.00774
3196	0.00473
3198	0.0044
3200	0.00443
3202	0.00444
3204	0.00336
3206	0.00344
3208	0.00284
3210	0.00105
3212	4.49567E-4
3214	0.00111
3216	0.00185
3218	0.00137
3220	7.19661E-4
3222	0.001
3224	0.00176
3226	0.00229
3228	0.00119
3230	-5.03972E-4
3232	-0.00119
3234	-0.00108
3236	-0.00132
3238	-7.43878E-4
3240	-0.00127
3242	-0.00172
3244	-0.0027
3246	-0.00241
3248	-0.0011
3250	-0.00139
3252	-0.00286
3254	-0.00104
3256	4.98583E-4
3258	8.95856E-4
3260	4.2013E-4
3262	-2.08597E-4
3264	6.89677E-4
3266	6.395E-5
3268	5.22234E-5
3270	-2.62503E-4
3272	7.1877E-4
3274	4.82044E-4
3276	7.88317E-4
3278	-3.3611E-4
3280	-2.68076E-4
3282	7.95684E-6
3284	-0.00111
3286	-0.00116
3288	-0.0028
3290	-0.0017
3292	-2.04877E-4
3294	1.59156E-4
3296	-3.82811E-4
3298	-3.09777E-4
3300	3.71256E-4
3302	2.01289E-4
3304	3.23322E-4
3306	-3.56446E-5
3308	-3.16611E-4
3310	-7.95782E-5
3312	0.00137
3314	0.00126
3316	7.28521E-4
3318	1.50555E-4
3320	-3.24121E-5
3322	-7.25379E-4
3324	-0.00101
3326	-0.0019
3328	-4.47279E-4
3330	5.83754E-4
3332	6.42787E-4
3334	5.8582E-4
3336	-2.30146E-4
3338	9.48868E-5
3340	6.9992E-4
3342	0.00253
3344	0.00206
3346	0.0019
3348	0.00195
3350	0.00219
3352	0.0013
3354	-2.223E-4
3356	-0.00106
3358	9.2704E-4
3360	0.00103
3362	1.01381E-4
3364	-5.19492E-5
3366	7.42721E-4
3368	0.00121
3370	0.0016
3372	0.00114
3374	2.04402E-4
3376	-9.29283E-5
3378	0.00149
3380	0.00227
3382	0.0028
3384	0.00153
3386	0.00197
3388	0.00102
3390	0.00121
3392	0.00102
3394	0.00172
3396	0.00106
3398	1.53443E-4
3400	2.10113E-4
3402	0.00155
3404	0.0022
3406	0.00247
3408	0.0016
3410	9.12464E-4
3412	0.00143
3414	6.69804E-4
3416	0.0017
3418	0.00377
3420	0.00338
3422	0.00269
3424	0.0019
3426	7.06566E-4
3428	4.35605E-4
3430	8.72645E-4
3432	3.19684E-4
3434	-2.25276E-4
3436	-1.21237E-4
3438	-0.00115
3440	-8.78158E-4
3442	-0.00148
3444	-0.00265
3446	-0.00474
3448	-0.003
3450	-0.00225
3452	-0.00204
3454	-0.00229
3456	-0.00354
3458	-0.0017
3460	-6.93765E-4
3462	-0.00153
3464	-0.00215
3466	-0.00145
3468	-0.00165
3470	-0.00207
3472	-0.00334
3474	-0.00409
3476	-0.00346
3478	-0.00286
3480	-0.00344
3482	-0.00353
3484	-0.00352
3486	-0.00355
3488	-0.00372
3490	-0.00382
3492	-0.00389
3494	-0.00258
3496	-0.00321
3498	-0.00311
3500	-0.00313
3502	-0.00245
3504	-0.00117
3506	-0.00125
3508	-0.0016
3510	-0.00231
3512	-0.00133
3514	-0.0011
3516	-0.00147
3518	-0.00144
3520	-0.00187
3522	-0.00281
3524	-0.00233
3526	-0.00186
3528	-5.80298E-4
3530	-4.20924E-4
3532	-0.00104
3534	-0.00102
3536	-6.63803E-4
3538	4.6657E-4
3540	-1.00056E-4
3542	-0.00135
3544	-0.00149
3546	-9.30936E-4
3548	-0.00229
3550	-0.00249
3552	-0.00234
3554	-0.00176
3556	-0.00145
3558	-0.00129
3560	-0.00157
3562	-9.05409E-4
3564	1.33261E-4
3566	-8.50069E-4
3568	-4.12399E-4
3570	-0.00147
3572	-0.00167
3574	-0.00167
3576	-0.00147
3578	-0.00167
3580	-0.00143
3582	-0.00411
3584	-0.0046
3586	-0.00416
3588	-0.00262
3590	-0.00263
3592	-0.00262
3594	-0.0037
3596	-0.00299
3598	-0.00292
3600	-0.00311
3602	-0.0021
3604	-0.00205
3606	-0.00116
3608	-0.00154
3610	-0.00176
3612	-0.00182
3614	-0.00214
3616	-0.00193
3618	-0.00126
3620	-0.00151
3622	-0.00232
3624	-0.00248
3626	-0.00261
3628	-0.00312
3630	-0.0043
3632	-0.00432
3634	-0.0027
3636	-0.00196
3638	-0.00149
3640	-0.00156
3642	-0.00187
3644	-0.0022
3646	-0.00216
3648	-0.00176
3650	-0.00202
3652	-0.00172
3654	-0.00287
3656	-0.0026
3658	-0.00273
3660	-0.00282
3662	-0.00379
3664	-0.00382
3666	-0.00247
3668	-0.0016
3670	-0.00233
3672	-0.0037
3674	-0.00414
3676	-0.00344
3678	-0.00242
3680	-0.00285
3682	-0.00424
3684	-0.00451
3686	-0.005
3688	-0.00491
3690	-0.00323
3692	-0.00336
3694	-0.00334
3696	-0.00237
3698	-0.002
3700	-0.00195
3702	-0.00204
3704	-0.00126
3706	-0.00234
3708	-0.00389
3710	-0.00426
3712	-0.00349
3714	-0.00255
3716	-0.00218
3718	-0.0014
3720	-8.3961E-4
3722	-0.00115
3724	-0.00117
3726	-0.00277
3728	-0.00125
3730	0.00773
3732	0.02165
3734	0.0363
3736	0.05164
3738	0.06799
3740	0.08148
3742	0.0947
3744	0.10621
3746	0.11593
3748	0.12495
3750	0.13371
3752	0.14327
3754	0.15205
3756	0.15612
3758	0.15073
3760	0.13968
3762	0.12618
3764	0.11242
3766	0.09948
3768	0.08638
3770	0.07503
3772	0.06448
3774	0.05436
3776	0.04693
3778	0.03995
3780	0.03364
3782	0.02823
3784	0.0231
3786	0.01808
3788	0.01537
3790	0.01442
3792	0.0132
3794	0.01078
3796	0.01144
3798	0.01059
3800	0.00825
3802	0.00439
3804	0.00266
3806	0.00285
3808	0.00181
3810	0.00145
3812	8.33594E-5
3814	-0.00109
3816	-0.00152
3818	-0.00148
3820	-5.79768E-4
3822	-4.463E-4
3824	-0.00206
3826	-0.00217
3828	-0.00195
3830	-0.00282
3832	-0.00192
3834	-0.00153
3836	-0.00176
3838	-0.0034
3840	-0.00325
3842	-0.00271
3844	-0.00152
3846	-0.00151
3848	-0.00237
3850	-0.00133
3852	-7.94264E-4
3854	-0.00162
3856	-0.00207
3858	-0.00321
3860	-0.00141
3862	-0.00189
3864	-0.00201
3866	-0.00202
3868	-9.87998E-4
3870	-0.0018
3872	-0.00309
3874	-0.00197
3876	-0.00149
3878	-7.43832E-4
3880	-0.00249
3882	-0.00257
3884	-0.00262
3886	-0.00221
3888	-0.00187
3890	-0.00187
3892	-0.00245
3894	-0.0025
3896	-0.00199
3898	-0.00222
3900	-0.00274
3902	-0.00151
3904	-4.82401E-4
3906	8.83633E-4
3908	-1.63343E-5
3910	5.04699E-4
3912	4.77322E-5
3914	5.58765E-4
3916	5.68799E-4
3918	-4.72168E-4
3920	-0.00141
3922	-0.00246
3924	-0.00177
3926	-0.0015
3928	-0.00155
3930	-0.00126
3932	-0.00174
3934	-0.00168
3936	-0.00212
3938	-0.00228
3940	-0.00271
3942	-0.00199
3944	-0.00161
3946	-0.00209
3948	-0.00278
3950	-0.00235
3952	-0.00256
3954	-0.00291
3956	-0.003
3958	-0.00177
3960	-0.002
3962	-0.00277
3964	-0.00233
3966	-0.0017
3968	-9.96338E-4
3970	-2.25305E-4
3972	2.59728E-4
3974	-2.7742E-4
3976	-9.9375E-4
3978	-0.00194
3980	-1.51409E-4
3982	1.33261E-4
3984	2.69309E-5
3986	-0.00122
3988	-0.00203
3990	-0.00198
3992	-0.00152
3994	-0.00201
3996	-0.00258
3998	-0.00435
4000	-0.0044
4002	-0.00386
4004	-0.00366
4006	-0.00372
4008	-0.0037
4010	-0.00456
4012	-0.0033
4014	-0.00396
4016	-0.00246
4018	-0.00168
4020	-0.00292
4022	-0.0029
4024	-0.00199
4026	-0.00223
4028	-0.00238
4030	-0.00367
4032	-0.00364
4034	-0.00441
4036	-0.00318
4038	-0.00207
4040	-0.00148
4042	-0.00203
4044	-0.00335
4046	-0.00307
4048	-0.00319
4050	-0.00293
4052	-0.0029
4054	-0.00233
4056	-0.00277
4058	-0.00261
4060	-0.00252
4062	-0.00258
4064	-0.00391
4066	-0.00331
4068	-0.00368
4070	-0.00265
4072	-0.00282
4074	-0.00293
4076	-0.00174
4078	-0.00172
4080	-0.00214
4082	-0.00185
4084	-0.00335
4086	-0.00296
4088	-0.00162
4090	-0.00211
4092	-0.0013
4094	-0.00141
4096	-0.00116
4098	-0.0021
4100	-0.00233
4102	-0.00103
4104	-9.9806E-4
4106	-0.00125
4108	-5.77994E-4
4110	-0.00119
4112	-9.64927E-4
4114	-7.11486E-4
4116	-9.39632E-5
4118	-2.9444E-4
4120	2.37082E-4
4122	0.00106
4124	-6.79872E-4
4126	-0.00126
4128	-0.00115
4130	-0.0012
4132	-0.00179
4134	-0.00119
4136	-0.00191
4138	-0.00162
4140	-0.00172
4142	-2.60168E-4
4144	-6.44645E-4
4146	-0.00162
4148	-0.00217
4150	-0.00267
4152	-0.00331
4154	-0.00356
4156	-0.00432
4158	-0.00319
4160	-0.00275
4162	-0.00363
4164	-0.00443
4166	-0.00348
4168	-0.00262
4170	-0.00257
4172	-0.00243
4174	-0.00329
4176	-0.00347
4178	-0.00387
4180	-0.004
4182	-0.00261
4184	-0.00179
4186	-0.00185
4188	-0.00355
4190	-0.00269
4192	-0.00265
4194	-0.00331
4196	-0.0019
4198	-0.00144
4200	-0.00265
4202	-0.00333
4204	-0.00296
4206	-0.00343
4208	-0.00356
4210	-0.00305
4212	-0.00253
4214	-0.00117
4216	-1.35843E-4
4218	-8.84674E-4
4220	-3.65505E-4
4222	-0.00242
4224	-0.00213
4226	-0.00146
4228	-0.00322
4230	-0.00502
4232	-0.00397
4234	-0.00454
4236	-0.00391
4238	-0.00445
4240	-0.00396
4242	-0.00354
4244	-0.00346
4246	-0.00401
4248	-0.00279
4250	-0.00176
4252	-0.00215
4254	-0.00277
4256	-0.00422
4258	-0.00284
4260	-0.00351
4262	-0.0032
4264	-0.00257
4266	-0.00363
4268	-0.00312
4270	-0.00345
4272	-0.00528
4274	-0.00502
4276	-0.00577
4278	-0.0053
4280	-0.00378
4282	-0.00384
4284	-0.00336
4286	-0.00266
4288	-0.00273
4290	-0.00176
4292	-0.00255
4294	-0.00223
4296	-0.00142
4298	-9.27144E-4
4300	-0.00155
4302	-7.90509E-4
4304	-6.15191E-4
4306	4.14126E-4
4308	5.24435E-5
4310	3.29761E-4
4312	4.65078E-4
4314	-0.00162
4316	-0.00299
4318	-0.00202
4320	-0.00139
4322	-6.54841E-4
4324	-1.86044E-4
4326	-0.00143
4328	-1.54451E-4
4330	0.00922
4332	0.02581
4334	0.04249
4336	0.05951
4338	0.07554
4340	0.09089
4342	0.10664
4344	0.11993
4346	0.13082
4348	0.14023
4350	0.14806
4352	0.15753
4354	0.16502
4356	0.16891
4358	0.16552
4360	0.15534
4362	0.14188
4364	0.12625
4366	0.11127
4368	0.09801
4370	0.08838
4372	0.07706
4374	0.0652
4376	0.05581
4378	0.04804
4380	0.04227
4382	0.03676
4384	0.03136
4386	0.02802
4388	0.02531
4390	0.02192
4392	0.01853
4394	0.01688
4396	0.01378
4398	0.01322
4400	0.01198
4402	0.00869
4404	0.00741
4406	0.00697
4408	0.00633
4410	0.00474
4412	0.00284
4414	0.00294
4416	0.00341
4418	0.00253
4420	6.86799E-4
4422	-5.46042E-5
4424	0.00106
4426	0.0019
4428	0.00199
4430	0.00114
4432	5.5338E-4
4434	6.65977E-4
4436	-0.00115
4438	3.17051E-6
4440	-1.75233E-4
4442	-6.32636E-4
4444	-0.00135
4446	1.28558E-4
4448	-0.00106
4450	-6.62248E-4
4452	-0.00162
4454	-0.00217
4456	-0.00176
4458	-0.00161
4460	-0.00129
4462	-0.00197
4464	-0.00164
4466	-6.1939E-5
4468	-0.00153
4470	-0.0019
4472	-0.00127
4474	-0.00163
4476	-0.00217
4478	-0.00165
4480	3.00643E-4
4482	-9.1256E-4
4484	-0.00111
4486	-7.49965E-4
4488	-9.42168E-4
4490	-0.00108
4492	-0.00108
4494	-0.00109
4496	-0.00259
4498	-0.00217
4500	-0.0035
4502	-0.00256
4504	-0.00204
4506	-0.00254
4508	-0.00281
4510	-0.00253
4512	-0.00284
4514	-0.00319
4516	-0.00399
4518	-0.00302
4520	-0.00281
4522	-0.00266
4524	-0.00402
4526	-0.00508
4528	-0.00481
4530	-0.00397
4532	-0.00394
4534	-0.00358
4536	-0.00406
4538	-0.00346
4540	-0.00188
4542	-0.00334
4544	-0.00523
4546	-0.00556
4548	-0.0048
4550	-0.00371
4552	-0.00168
4554	-0.00247
4556	-0.00372
4558	-0.00254
4560	-0.00314
4562	-0.00439
4564	-0.00302
4566	-6.06492E-4
4568	-9.45896E-4
4570	-0.00168
4572	-0.00204
4574	-0.00219
4576	-0.00269
4578	-0.00215
4580	-0.00178
4582	-9.04723E-4
4584	-1.66126E-4
4586	-5.3953E-4
4588	-0.00122
4590	-1.93338E-4
4592	-0.00125
4594	-0.00249
4596	-0.00288
4598	-0.00349
4600	-0.00226
4602	-0.00233
4604	-0.00216
4606	-0.00154
4608	-0.00123
4610	-0.00223
4612	-0.00309
4614	-0.00262
4616	-0.00309
4618	-0.00225
4620	-0.00122
4622	-0.00131
4624	-8.04195E-4
4626	-8.05984E-5
4628	-4.90002E-4
4630	-0.00105
4632	-0.00181
4634	-0.00228
4636	-0.00222
4638	-5.82017E-4
4640	-1.08421E-4
4642	-0.00156
4644	-0.00331
4646	-0.00306
4648	-9.97033E-4
4650	-7.28436E-4
4652	-0.00119
4654	-0.00196
4656	-0.00173
4658	-0.0012
4660	-3.24522E-5
4662	-6.45855E-4
4664	-2.35259E-4
4666	5.79338E-4
4668	-9.20649E-5
4670	-0.00171
4672	-0.00188
4674	-0.00109
4676	-0.00177
4678	-0.00117
4680	-0.00154
4682	-0.00245
4684	-2.94353E-4
4686	-2.62556E-4
4688	-3.46758E-4
4690	-5.26961E-4
4692	-0.00125
4694	-0.00367
4696	-0.00374
4698	-0.00288
4700	-0.0016
4702	-0.00188
4704	-0.00258
4706	-0.002
4708	-0.00107
4710	-4.41987E-4
4712	-5.0819E-4
4714	-0.0022
4716	-0.0039
4718	-0.00322
4720	-0.00171
4722	-0.00129
4724	-0.00283
4726	-0.00199
4728	-0.00165
4730	-0.00179
4732	-0.0036
4734	-0.00449
4736	-0.00273
4738	-0.00319
4740	-0.00235
4742	-0.00105
4744	-0.00201
4746	-0.00272
4748	-0.00212
4750	-0.00395
4752	-0.00377
4754	-0.002
4756	-0.00103
4758	-1.40612E-5
4760	1.65535E-4
4762	-0.00152
4764	-0.00127
4766	-0.00262
4768	-0.00203
4770	-8.72484E-4
4772	4.91112E-4
4774	-0.00135
4776	-0.00272
4778	-0.00291
4780	-0.00363
4782	-0.00333
4784	-0.00235
4786	-9.64715E-4
4788	-0.00102
4790	-0.00237
4792	-0.00354
4794	-0.00285
4796	-0.00236
4798	-0.00161
4800	-0.00112
4802	-0.00165
4804	-5.5435E-4
4806	-2.57754E-4
4808	-8.41576E-5
4810	-5.83943E-4
4812	-2.65109E-4
4814	-9.81276E-4
4816	-0.00131
4818	-0.00153
4820	-0.00184
4822	-0.00179
4824	-0.00256
4826	-0.0038
4828	-0.0035
4830	-0.00285
4832	-0.00435
4834	-0.00286
4836	-0.00291
4838	-0.0046
4840	-0.00444
4842	-0.00322
4844	-0.00202
4846	-0.00179
4848	-9.15109E-4
4850	-3.42276E-4
4852	-0.00104
4854	-0.00118
4856	-0.00167
4858	-0.0014
4860	-0.00155
4862	-0.00131
4864	-1.64442E-4
4866	-1.26609E-4
4868	-7.13776E-4
4870	1.56058E-4
4872	-4.71109E-4
4874	-0.00235
4876	-0.00278
4878	-0.00183
4880	-7.25267E-4
4882	4.0133E-4
4884	3.89271E-5
4886	-1.52476E-4
4888	-1.88793E-5
4890	4.17718E-4
4892	5.61314E-4
4894	5.65911E-4
4896	8.54508E-4
4898	-3.48951E-5
4900	-4.53298E-4
4902	-3.57014E-5
4904	-7.75105E-4
4906	-0.00253
4908	-0.00326
4910	-0.00197
4912	-0.00181
4914	-0.00284
4916	-0.00427
4918	-0.00292
4920	-0.0027
4922	-0.00183
4924	-0.00195
4926	-0.00135
4928	9.73057E-4
4930	0.00906
4932	0.02355
4934	0.04124
4936	0.05952
4938	0.07849
4940	0.09553
4942	0.11058
4944	0.12404
4946	0.13681
4948	0.14718
4950	0.15534
4952	0.16453
4954	0.17286
4956	0.1784
4958	0.17284
4960	0.16093
4962	0.14596
4964	0.13004
4966	0.11586
4968	0.10235
4970	0.08935
4972	0.07746
4974	0.06644
4976	0.05658
4978	0.04808
4980	0.04025
4982	0.03524
4984	0.03085
4986	0.02843
4988	0.02448
4990	0.01839
4992	0.01623
4994	0.01479
4996	0.01321
4998	0.01233
5000	0.01181
5002	0.00972
5004	0.0072
5006	0.00671
5008	0.00536
5010	0.00389
5012	0.00336
5014	0.00368
5016	0.00356
5018	0.00294
5020	0.00149
5022	0.00257
5024	0.00188
5026	4.77626E-4
5028	2.58022E-4
5030	3.41417E-4
5032	-3.06187E-4
5034	-0.00186
5036	-0.00259
5038	-0.00249
5040	-0.00306
5042	-0.00194
5044	-0.00209
5046	-0.00274
5048	-0.00232
5050	-0.00206
5052	-0.00223
5054	-0.00167
5056	-0.00133
5058	-0.00214
5060	-0.00162
5062	-5.17253E-4
5064	-3.74858E-4
5066	-0.00112
5068	4.55933E-4
5070	0.00164
5072	4.88725E-4
5074	0.0014
5076	0.00226
5078	0.00233
5080	0.00102
5082	-6.77297E-4
5084	-0.00104
5086	-0.00134
5088	-0.00119
5090	-2.8558E-4
5092	3.03218E-4
5094	0.0014
5096	0.00204
5098	0.00128
5100	0.00145
5102	9.60205E-4
5104	4.82002E-4
5106	-7.892E-4
5108	-9.82403E-4
5110	1.09394E-4
5112	-7.45808E-4
5114	-0.00131
5116	-0.00323
5118	-0.00451
5120	-0.00436
5122	-0.00292
5124	-0.00298
5126	-0.00372
5128	-0.00426
5130	-0.00455
5132	-0.004
5134	-0.00322
5136	-8.4624E-4
5138	-0.0014
5140	-0.00256
5142	-0.00316
5144	-0.00342
5146	-0.00296
5148	-0.00271
5150	-0.00357
5152	-0.00305
5154	-0.00364
5156	-0.00377
5158	-0.00258
5160	-0.00134
5162	-0.0019
5164	-0.00216
5166	-0.00135
5168	-0.00127
5170	-7.53292E-4
5172	-0.00139
5174	-0.00296
5176	-0.00299
5178	-0.00254
5180	-0.00115
5182	-0.00187
5184	-0.00351
5186	-0.00386
5188	-0.00237
5190	-0.00255
5192	-0.00329
5194	-0.00275
5196	-0.00207
5198	-0.00393
5200	-0.00457
5202	-0.0058
5204	-0.00574
5206	-0.00479
5208	-0.00335
5210	-0.00353
5212	-0.0035
5214	-0.00384
5216	-0.00309
5218	-0.00293
5220	-0.00156
5222	-0.00125
5224	-0.00105
5226	-0.00202
5228	-0.00235
5230	-0.00151
5232	-7.09811E-4
5234	3.01785E-4
5236	1.73381E-4
5238	2.83977E-4
5240	9.41573E-4
5242	0.00211
5244	0.00164
5246	1.19362E-4
5248	4.20958E-4
5250	1.59554E-4
5252	-0.00102
5254	-6.55254E-4
5256	-0.00218
5258	-0.00138
5260	-0.00101
5262	-0.00202
5264	-7.65273E-4
5266	-9.97677E-4
5268	-5.80081E-4
5270	9.48515E-4
5272	-5.58884E-5
5274	1.17708E-4
5276	0.00106
5278	-3.141E-4
5280	-1.84504E-4
5282	9.20092E-4
5284	2.12688E-4
5286	1.54285E-4
5288	-6.57119E-4
5290	-5.67523E-4
5292	3.2073E-5
5294	-2.11331E-4
5296	-7.36735E-4
5298	-9.54714E-5
5300	3.48125E-4
5302	0.00141
5304	-3.51681E-4
5306	-0.00137
5308	-8.21487E-4
5310	-7.8489E-4
5312	-0.00156
5314	-4.55697E-4
5316	-0.00139
5318	-2.29503E-4
5320	-5.43906E-4
5322	-6.37309E-4
5324	-6.72713E-4
5326	-2.20116E-4
5328	-7.63519E-4
5330	-0.0012
5332	-0.00103
5334	-0.00129
5336	-0.00163
5338	-0.00115
5340	-8.17938E-4
5342	1.57659E-4
5344	8.56256E-4
5346	0.00169
5348	0.00218
5350	0.00185
5352	0.00108
5354	8.3924E-4
5356	-1.63169E-7
5358	-9.05566E-4
5360	1.30305E-5
5362	2.59627E-4
5364	8.50224E-4
5366	-2.89179E-4
5368	-6.47916E-4
5370	4.5468E-4
5372	3.55276E-4
5374	-4.51128E-4
5376	-0.00257
5378	-0.00138
5380	-6.48339E-4
5382	-0.00112
5384	-0.00183
5386	-0.00139
5388	-0.00122
5390	1.74642E-4
5392	7.98238E-4
5394	-2.07166E-4
5396	-1.757E-5
5398	7.89026E-4
5400	-2.16378E-4
5402	-4.52782E-4
5404	-1.11185E-4
5406	-5.17589E-4
5408	7.10069E-5
5410	7.43603E-4
5412	4.32199E-4
5414	4.36795E-4
5416	4.22391E-4
5418	0.00103
5420	-7.56416E-4
5422	-0.00102
5424	-4.20224E-4
5426	0.00121
5428	4.02968E-4
5430	7.05564E-4
5432	-0.00113
5434	-0.00159
5436	-0.00183
5438	-0.00156
5440	-0.00166
5442	-0.0014
5444	-0.00146
5446	-0.00119
5448	-0.00101
5450	-0.00147
5452	-0.00281
5454	-0.00226
5456	-0.00137
5458	-6.13483E-4
5460	1.16623E-4
5462	3.76729E-4
5464	2.10835E-4
5466	-8.7206E-4
5468	-0.00154
5470	-2.41848E-4
5472	5.22578E-5
5474	4.05364E-4
5476	7.55469E-4
5478	1.00575E-4
5480	-7.60319E-4
5482	6.50787E-4
5484	-4.10723E-6
5486	-6.46001E-4
5488	-0.00178
5490	-0.00217
5492	-0.00236
5494	-0.0019
5496	-0.00196
5498	-0.00307
5500	-0.00344
5502	-0.00129
5504	-0.00209
5506	-0.00162
5508	-0.00207
5510	-0.00182
5512	-0.00119
5514	-0.00189
5516	-8.3551E-4
5518	-4.65132E-4
5520	-2.50755E-4
5522	6.86623E-4
5524	0.0013
5526	8.75378E-4
5528	2.68756E-4
5530	0.00871
5532	0.02434
5534	0.04374
5536	0.06441
5538	0.08382
5540	0.1002
5542	0.11591
5544	0.13008
5546	0.14184
5548	0.1516
5550	0.16116
5552	0.17084
5554	0.17861
5556	0.18394
5558	0.18152
5560	0.17027
5562	0.15602
5564	0.13847
5566	0.12144
5568	0.10755
5570	0.0945
5572	0.08203
5574	0.07085
5576	0.06298
5578	0.05597
5580	0.04856
5582	0.04213
5584	0.03703
5586	0.03123
5588	0.0284
5590	0.02546
5592	0.02236
5594	0.0202
5596	0.01724
5598	0.01453
5600	0.01382
5602	0.01317
5604	0.01308
5606	0.01143
5608	0.00905
5610	0.0072
5612	0.00877
5614	0.00793
5616	0.00616
5618	0.00554
5620	0.00353
5622	0.00587
5624	0.00659
5626	0.00468
5628	0.00391
5630	0.00329
5632	0.00338
5634	0.0032
5636	0.00255
5638	0.00222
5640	0.0013
5642	9.36032E-4
5644	3.59592E-4
5646	-7.98466E-4
5648	-6.32142E-4
5650	-7.88183E-5
5652	2.18505E-4
5654	-6.05171E-4
5656	-1.17847E-4
5658	-5.95524E-4
5660	-7.642E-4
5662	-0.00168
5664	-0.00233
5666	-0.00234
5668	-0.00267
5670	-0.00219
5672	-3.35258E-4
5674	-1.99934E-4
5676	-3.45611E-4
5678	-0.00196
5680	-0.00287
5682	-0.00194
5684	-7.89316E-4
5686	-7.12992E-4
5688	-2.55669E-4
5690	-7.03449E-5
5692	1.31979E-4
5694	-5.99698E-4
5696	-5.03374E-4
5698	-7.2305E-4
5700	-8.67727E-4
5702	-4.46403E-4
5704	-7.51079E-4
5706	-0.00167
5708	-0.00299
5710	-0.00183
5712	-0.00204
5714	-0.00152
5716	-4.13646E-4
5718	-5.51086E-4
5720	-0.00143
5722	-0.00188
5724	-0.00205
5726	-0.00103
5728	-0.00239
5730	-0.00125
5732	-8.53165E-4
5734	-0.00202
5736	-0.00251
5738	-0.00421
5740	-0.00414
5742	-0.00144
5744	-0.00196
5746	-0.00202
5748	-0.00331
5750	-0.00245
5752	-0.00286
5754	-0.00231
5756	-5.99442E-4
5758	-0.00116
5760	-0.00227
5762	-0.00383
5764	-0.00322
5766	-0.00448
5768	-0.00465
5770	-0.00302
5772	-0.00288
5774	-0.00286
5776	-0.00377
5778	-0.00445
5780	-0.00255
5782	-0.00173
5784	-0.00265
5786	-0.00213
5788	-0.00124
5790	-8.91919E-4
5792	-0.00116
5794	-0.00185
5796	-0.0022
5798	-0.00196
5800	-0.00225
5802	-0.0037
5804	-0.0035
5806	-0.00402
5808	-0.00384
5810	-0.00451
5812	-0.00373
5814	-0.00489
5816	-0.00521
5818	-0.0047
5820	-0.00396
5822	-0.00408
5824	-0.00518
5826	-0.00484
5828	-0.00385
5830	-0.00429
5832	-0.00415
5834	-0.00373
5836	-0.0032
5838	-0.00296
5840	-0.00275
5842	-0.00377
5844	-0.00381
5846	-0.00414
5848	-0.0045
5850	-0.00363
5852	-0.00285
5854	-0.00366
5856	-0.0036
5858	-0.00287
5860	-0.00199
5862	-0.0026
5864	-0.00194
5866	-0.00152
5868	-8.39628E-4
5870	-0.00136
5872	-0.00212
5874	-0.0023
5876	-0.0026
5878	-0.00229
5880	-0.00187
5882	-7.66263E-4
5884	-3.82068E-4
5886	-3.11873E-4
5888	9.94322E-4
5890	4.23517E-4
5892	-2.32288E-4
5894	-2.56093E-4
5896	1.60103E-4
5898	5.40298E-4
5900	7.89493E-4
5902	5.11688E-4
5904	7.42883E-4
5906	8.51078E-4
5908	8.56273E-4
5910	-5.15322E-5
5912	9.66288E-6
5914	0.00129
5916	0.00126
5918	-4.97752E-4
5920	-1.43557E-4
5922	3.10638E-4
5924	-5.77439E-4
5926	-1.84879E-4
5928	-3.29319E-4
5930	-5.07759E-4
5932	-0.00114
5934	-0.00191
5936	-0.00118
5938	-7.81518E-4
5940	1.94042E-4
5942	0.00157
5944	0.00218
5946	0.00181
5948	0.00188
5950	0.00132
5952	0.00152
5954	0.00194
5956	0.00104
5958	0.00132
5960	0.00185
5962	0.00111
5964	-1.02356E-5
5966	-8.67675E-4
5968	-6.96115E-4
5970	-0.00119
5972	-0.00232
5974	-5.13435E-4
5976	2.44125E-4
5978	5.95686E-4
5980	0.00144
5982	0.0016
5984	0.00269
5986	0.0019
5988	0.00154
5990	4.11047E-4
5992	9.16069E-5
5994	-5.32578E-4
5996	-5.48255E-4
5998	-8.18931E-4
6000	-6.47607E-4
6002	-3.27284E-4
6004	-2.3296E-4
6006	-3.75636E-4
6008	-8.26313E-4
6010	-0.00167
6012	-0.00254
6014	-0.00134
6016	-9.61018E-4
6018	-0.00232
6020	-0.00178
6022	-0.00135
6024	-0.00107
6026	-0.00154
6028	-0.00257
6030	-0.00168
6032	-0.00115
6034	-0.00145
6036	-8.53781E-4
6038	-6.18458E-4
6040	-0.00175
6042	-0.0015
6044	-0.00168
6046	-9.16163E-4
6048	-2.91839E-4
6050	-0.00144
6052	-0.00144
6054	-0.00273
6056	-0.00377
6058	-0.00379
6060	-0.00231
6062	-1.81574E-4
6064	6.19296E-4
6066	5.47107E-5
6068	-1.20874E-4
6070	-0.0011
6072	-9.67044E-4
6074	7.53705E-5
6076	4.14785E-4
6078	-6.108E-4
6080	4.10615E-4
6082	-6.7997E-4
6084	-0.00113
6086	-6.3914E-4
6088	3.42752E-5
6090	-6.7331E-4
6092	-0.00164
6094	-6.4948E-4
6096	-8.15065E-4
6098	-7.7365E-4
6100	-9.82351E-5
6102	-1.1182E-4
6104	2.75948E-5
6106	-2.9799E-4
6108	-3.22575E-4
6110	2.9684E-4
6112	3.85255E-4
6114	3.86696E-5
6116	-1.45915E-4
6118	-0.00191
6120	-0.0017
6122	-0.00137
6124	-0.00167
6126	-0.00201
6128	-0.00267
6130	0.00408
6132	0.02019
6134	0.03994
6136	0.05883
6138	0.07743
6140	0.09597
6142	0.11116
6144	0.12453
6146	0.13697
6148	0.14828
6150	0.15765
6152	0.16778
6154	0.17532
6156	0.18305
6158	0.18293
6160	0.17382
6162	0.1579
6164	0.14114
6166	0.12573
6168	0.11053
6170	0.09628
6172	0.08466
6174	0.07476
6176	0.065
6178	0.05709
6180	0.04809
6182	0.0411
6184	0.03627
6186	0.03227
6188	0.02893
6190	0.02425
6192	0.0218
6194	0.02111
6196	0.01925
6198	0.01684
6200	0.01434
6202	0.01292
6204	0.01246
6206	0.01056
6208	0.00938
6210	0.00845
6212	0.0079
6214	0.00643
6216	0.00595
6218	0.00494
6220	0.00538
6222	0.00531
6224	0.00453
6226	0.00326
6228	0.00121
6230	8.55298E-4
6232	8.52821E-4
6234	8.00345E-4
6236	4.58684E-5
6238	-2.21608E-4
6240	0.0011
6242	0.00162
6244	0.00131
6246	0.00218
6248	0.0038
6250	0.00431
6252	0.00397
6254	0.00371
6256	0.00268
6258	0.00267
6260	0.00312
6262	0.00208
6264	0.00109
6266	-3.92787E-5
6268	6.00245E-4
6270	8.60768E-4
6272	5.52919E-5
6274	-2.03185E-4
6276	-0.00182
6278	-0.00346
6280	-0.0042
6282	-0.00252
6284	-6.92567E-4
6286	-9.69043E-4
6288	-7.3352E-4
6290	-0.00138
6292	-0.00347
6294	-0.00293
6296	-6.04257E-5
6298	-1.09902E-4
6300	1.36214E-5
6302	4.43145E-4
6304	0.00148
6306	0.00133
6308	6.37716E-4
6310	-6.54761E-4
6312	-0.00153
6314	-9.38714E-4
6316	0.00113
6318	0.00119
6320	3.38567E-5
6322	0.00155
6324	0.00102
6326	-0.00127
6328	-0.00215
6330	-0.00135
6332	-0.00205
6334	-7.54479E-4
6336	-4.76955E-4
6338	-0.00184
6340	-0.00194
6342	-0.00371
6344	-0.00353
6346	-0.00197
6348	-0.00339
6350	-0.00322
6352	-0.00267
6354	-0.00191
6356	-0.00272
6358	-0.00202
6360	-0.00342
6362	-0.00403
6364	-0.00303
6366	-0.00246
6368	-0.00316
6370	-0.00371
6372	-0.00387
6374	-0.00422
6376	-0.00303
6378	-0.00224
6380	-0.00194
6382	-0.00204
6384	-0.00331
6386	-0.00299
6388	-0.00203
6390	-0.00247
6392	-0.00217
6394	-0.00144
6396	-0.00221
6398	-0.00419
6400	-0.00439
6402	-0.00366
6404	-0.00347
6406	-0.00608
6408	-0.00581
6410	-0.00425
6412	-0.00207
6414	-0.00145
6416	-0.00281
6418	-0.00239
6420	-0.00132
6422	-0.00187
6424	-4.78167E-4
6426	4.35992E-4
6428	0.00122
6430	0.002
6432	3.2447E-4
6434	-7.73714E-5
6436	1.75788E-4
6438	6.66947E-4
6440	7.30106E-4
6442	-3.92735E-4
6444	-7.65576E-4
6446	0.0014
6448	7.67422E-5
6450	-6.07099E-4
6452	-0.00109
6454	-0.00108
6456	-0.00253
6458	-0.00332
6460	-0.00313
6462	-0.00282
6464	-0.00259
6466	-0.00175
6468	-0.00246
6470	-0.00242
6472	-0.00185
6474	-0.00133
6476	-5.02031E-4
6478	2.23128E-4
6480	2.22288E-4
6482	-7.56371E-4
6484	-0.00162
6486	-0.00211
6488	-0.00104
6490	-9.33277E-4
6492	-9.03753E-4
6494	-0.0012
6496	-6.35706E-4
6498	-0.0015
6500	-9.19659E-4
6502	-0.00117
6504	-0.00126
6506	-0.0027
6508	-0.00324
6510	-0.00199
6512	-7.55518E-4
6514	-0.00115
6516	-0.00136
6518	-7.62948E-4
6520	1.70576E-4
6522	-0.00108
6524	-0.00149
6526	-0.0015
6528	9.56701E-5
6530	3.28194E-4
6532	-5.40283E-4
6534	-0.00111
6536	-0.00117
6538	-0.00134
6540	-0.00139
6542	-8.44665E-4
6544	-0.00116
6546	-3.16618E-4
6548	-2.31095E-4
6550	-5.02571E-4
6552	-0.00172
6554	-0.00374
6556	-0.00479
6558	-0.00267
6560	-0.0015
6562	-6.17495E-4
6564	-8.37336E-4
6566	1.31823E-4
6568	3.73982E-4
6570	-3.68587E-5
6572	2.473E-4
6574	6.37459E-4
6576	-5.32381E-4
6578	-4.43222E-4
6580	-6.62063E-4
6582	-0.00114
6584	-0.00198
6586	-0.00141
6588	-9.24427E-4
6590	-0.00204
6592	-0.00188
6594	-6.0095E-4
6596	6.49209E-4
6598	-7.37632E-4
6600	-0.00168
6602	-0.00192
6604	-0.00127
6606	-7.99952E-5
6608	-3.96836E-4
6610	3.08323E-4
6612	3.24482E-4
6614	2.78641E-4
6616	2.318E-4
6618	6.12959E-4
6620	0.00106
6622	0.0013
6624	0.00173
6626	0.00164
6628	-6.55879E-4
6630	-0.0011
6632	-0.00144
6634	-0.00173
6636	-6.35512E-4
6638	-6.10171E-4
6640	-0.0018
6642	-0.00162
6644	3.46854E-4
6646	-5.31804E-4
6648	-0.00125
6650	-0.0013
6652	-0.00144
6654	1.01563E-4
6656	4.99043E-5
6658	0.001
6660	0.00155
6662	7.50929E-4
6664	-5.97729E-4
6666	-0.0017
6668	-0.00149
6670	-5.45704E-4
6672	-2.76362E-4
6674	-0.00149
6676	-0.00271
6678	-0.00241
6680	-0.00312
6682	-0.00129
6684	-5.88313E-4
6686	-0.00121
6688	-0.00213
6690	-0.00197
6692	-0.002
6694	-0.00189
6696	-4.47466E-4
6698	-7.85525E-4
6700	-0.00116
6702	-7.01644E-4
6704	-0.00121
6706	-0.00141
6708	-0.00109
6710	-3.19882E-4
6712	-5.70942E-4
6714	4.91999E-4
6716	7.5894E-4
6718	2.3888E-4
6720	0.00125
6722	0.0027
6724	0.00391
6726	0.0031
6728	0.00325
6730	0.00792
6732	0.02244
6734	0.04283
6736	0.06309
6738	0.08048
6740	0.09751
6742	0.11315
6744	0.12811
6746	0.1409
6748	0.15225
6750	0.16079
6752	0.16891
6754	0.17691
6756	0.1846
6758	0.18308
6760	0.17329
6762	0.1591
6764	0.14387
6766	0.1299
6768	0.1143
6770	0.0997
6772	0.08696
6774	0.07709
6776	0.06728
6778	0.05653
6780	0.05001
6782	0.04201
6784	0.03591
6786	0.03074
6788	0.02642
6790	0.02353
6792	0.02142
6794	0.017
6796	0.01417
6798	0.0131
6800	0.01108
6802	0.00898
6804	0.00857
6806	0.00741
6808	0.00667
6810	0.00855
6812	0.00886
6814	0.00732
6816	0.00612
6818	0.00598
6820	0.00435
6822	0.00442
6824	0.00338
6826	0.00215
6828	0.00215
6830	0.002
6832	0.0019
6834	0.00178
6836	0.0028
6838	0.00181
6840	-2.55138E-4
6842	-0.00204
6844	-0.00187
6846	-8.37366E-4
6848	-1.17442E-4
6850	-7.72518E-4
6852	-0.0012
6854	-0.00104
6856	4.32539E-5
6858	-5.37822E-4
6860	-0.00186
6862	-0.00171
6864	-0.00203
6866	-0.0025
6868	-0.00169
6870	1.87215E-5
6872	-3.72355E-4
6874	-0.00272
6876	-0.00282
6878	-0.00213
6880	-0.00328
6882	-0.00383
6884	-0.00454
6886	-0.00585
6888	-0.0045
6890	-0.00368
6892	-0.00336
6894	-0.00491
6896	-0.00486
6898	-0.00423
6900	-0.00392
6902	-0.00378
6904	-0.00489
6906	-0.00479
6908	-0.00196
6910	-6.90208E-4
6912	-4.81268E-4
6914	-0.00205
6916	-0.00348
6918	-0.0029
6920	-0.00222
6922	-0.0031
6924	-0.00334
6926	-0.00163
6928	-0.00193
6930	-0.00129
6932	-0.00182
6934	-0.00211
6936	-0.00385
6938	-0.00332
6940	-0.00376
6942	-0.0046
6944	-0.00436
6946	-0.00375
6948	-0.00274
6950	-0.00269
6952	-0.00225
6954	-0.003
6956	-0.00386
6958	-0.004
6960	-0.00264
6962	-0.00233
6964	-0.00291
6966	-0.00272
6968	-0.00475
6970	-0.00492
6972	-0.00216
6974	-0.00114
6976	-0.00136
6978	-0.00164
6980	-0.00258
6982	-0.00311
6984	-0.00314
6986	-0.00185
6988	-0.00167
6990	-0.00385
6992	-0.00427
6994	-0.00662
6996	-0.00674
6998	-0.0058
7000	-0.00566
7002	-0.0046
7004	-0.00447
7006	-0.00447
7008	-0.00582
7010	-0.00445
7012	-0.00227
7014	-0.00246
7016	-0.0026
7018	-0.00189
7020	-0.00135
7022	-9.66302E-4
7024	-0.00115
7026	-0.00181
7028	-0.00273
7030	-0.00102
7032	-9.22867E-4
7034	1.26194E-5
7036	5.10626E-6
7038	-0.002
7040	-0.00212
7042	-0.00341
7044	-0.00431
7046	-0.00385
7048	-0.00258
7050	-0.00245
7052	-0.00337
7054	-0.00371
7056	-0.00278
7058	-0.00287
7060	-0.00489
7062	-0.00432
7064	-0.00295
7066	-0.00299
7068	-0.00217
7070	-0.00277
7072	-0.00299
7074	-0.00172
7076	-0.00157
7078	-0.00242
7080	-0.00213
7082	-0.00184
7084	-0.00244
7086	-0.0019
7088	-0.00168
7090	-0.00176
7092	-7.71254E-4
7094	-2.95314E-4
7096	-9.31373E-4
7098	-0.00269
7100	-0.0042
7102	-0.00388
7104	-0.00327
7106	-0.00294
7108	-0.00204
7110	-0.00294
7112	-0.00126
7114	-6.32597E-4
7116	-2.42194E-5
7118	-5.75842E-4
7120	-0.00106
7122	-0.00219
7124	-0.0024
7126	-0.00348
7128	-0.00442
7130	-0.00305
7132	-0.00275
7134	-0.00283
7136	-0.00265
7138	-0.00245
7140	-0.0018
7142	-0.00303
7144	-0.00424
7146	-0.00444
7148	-0.00331
7150	-0.00274
7152	-0.00256
7154	-0.00229
7156	-0.00147
7158	-7.57289E-4
7160	-5.79912E-4
7162	-0.00231
7164	-0.0029
7166	-0.00355
7168	-0.00401
7170	-0.00495
7172	-0.00442
7174	-0.00326
7176	-0.00274
7178	-0.00311
7180	-0.00345
7182	-0.00321
7184	-0.00289
7186	-0.00108
7188	-0.00195
7190	-0.00288
7192	-0.00428
7194	-0.00494
7196	-0.00299
7198	-0.00382
7200	-0.00332
7202	-0.00462
7204	-0.00487
7206	-0.00339
7208	-0.00374
7210	-0.00514
7212	-0.0043
7214	-0.00374
7216	-0.00371
7218	-0.00427
7220	-0.00461
7222	-0.00478
7224	-0.00496
7226	-0.00447
7228	-0.00346
7230	-0.00321
7232	-0.00336
7234	-0.00393
7236	-0.00405
7238	-0.00409
7240	-0.00497
7242	-0.00507
7244	-0.00509
7246	-0.00483
7248	-0.00408
7250	-0.00334
7252	-0.00381
7254	-0.00394
7256	-0.00584
7258	-0.00639
7260	-0.00525
7262	-0.00528
7264	-0.00503
7266	-0.00549
7268	-0.00399
7270	-0.00286
7272	-0.00359
7274	-0.00397
7276	-0.00255
7278	-0.00189
7280	-2.79882E-4
7282	-8.29796E-4
7284	-0.00158
7286	-0.00261
7288	-0.00485
7290	-0.00438
7292	-0.00434
7294	-0.00459
7296	-0.00371
7298	-0.0031
7300	-0.00452
7302	-0.00376
7304	-0.00369
7306	-0.00275
7308	-0.00311
7310	-0.00352
7312	-0.00356
7314	-0.00253
7316	-0.00111
7318	-0.00149
7320	-0.00191
7322	-5.35444E-4
7324	-7.13503E-4
7326	-0.00249
7328	-0.00299
7330	0.00327
7332	0.0174
7334	0.0371
7336	0.05768
7338	0.07638
7340	0.09253
7342	0.10837
7344	0.12425
7346	0.13849
7348	0.14949
7350	0.16007
7352	0.16932
7354	0.17873
7356	0.18496
7358	0.18456
7360	0.17594
7362	0.16336
7364	0.14889
7366	0.1332
7368	0.11662
7370	0.10169
7372	0.09051
7374	0.07971
7376	0.06819
7378	0.05986
7380	0.05163
7382	0.04494
7384	0.03865
7386	0.0336
7388	0.02941
7390	0.02573
7392	0.02162
7394	0.01944
7396	0.01671
7398	0.01376
7400	0.01126
7402	0.00982
7404	0.00923
7406	0.00765
7408	0.00682
7410	0.00472
7412	0.00422
7414	0.00468
7416	0.00499
7418	0.00391
7420	0.00273
7422	0.00216
7424	0.00279
7426	0.00142
7428	2.77363E-4
7430	8.1085E-4
7432	5.46337E-4
7434	0.00125
7436	2.6731E-4
7438	-6.55203E-4
7440	-0.00217
7442	-0.00104
7444	-2.27421E-5
7446	4.01745E-4
7448	-6.69768E-4
7450	3.46719E-4
7452	-9.54795E-4
7454	-0.00104
7456	-0.00176
7458	-0.00207
7460	-0.00195
7462	-0.00254
7464	-0.00358
7466	-0.00347
7468	-0.00374
7470	-0.00345
7472	-0.00316
7474	-0.0045
7476	-0.00463
7478	-0.00482
7480	-0.00438
7482	-0.00491
7484	-0.00405
7486	-0.00303
7488	-0.00171
7490	-0.00246
7492	-0.00289
7494	-0.00404
7496	-0.00308
7498	-0.00264
7500	-0.00307
7502	-0.00223
7504	-0.00192
7506	-0.00277
7508	-0.00287
7510	-0.00148
7512	-0.00102
7514	-9.62787E-4
7516	-0.00201
7518	-0.0027
7520	-0.00253
7522	-0.00183
7524	-0.00285
7526	-0.00427
7528	-0.00418
7530	-0.00192
7532	-0.00135
7534	-0.00315
7536	-0.00408
7538	-0.00428
7540	-0.00379
7542	-0.00338
7544	-0.00366
7546	-0.0033
7548	-0.00304
7550	-0.00233
7552	-0.002
7554	-0.00322
7556	-0.00258
7558	-0.00325
7560	-0.00195
7562	-0.00173
7564	-8.28273E-4
7566	-0.00188
7568	-0.00301
7570	-0.00296
7572	-0.00261
7574	-0.00212
7576	-0.00244
7578	-0.00283
7580	-0.00239
7582	-0.00311
7584	-0.00345
7586	-0.00307
7588	-0.00296
7590	-0.00312
7592	-0.00287
7594	-0.00162
7596	-0.00127
7598	-0.00228
7600	-0.00127
7602	-0.00169
7604	-0.00254
7606	-0.00266
7608	-0.00319
7610	-0.00218
7612	-0.00165
7614	-0.00119
7616	-1.57819E-4
7618	-4.25878E-4
7620	0.00135
7622	5.37003E-4
7624	1.96943E-4
7626	2.31884E-4
7628	1.00824E-4
7630	8.64765E-4
7632	-6.26295E-4
7634	-4.5354E-5
7636	5.26587E-4
7638	3.88527E-4
7640	-0.00109
7642	-0.00149
7644	-0.0015
7646	-0.00118
7648	-2.0077E-4
7650	-9.48296E-5
7652	-8.14889E-4
7654	-0.00125
7656	1.63992E-4
7658	4.23933E-4
7660	-4.31269E-5
7662	-4.56186E-4
7664	-0.00106
7666	-3.69305E-4
7668	-9.36365E-4
7670	5.37576E-4
7672	-2.74484E-4
7674	1.91457E-4
7676	3.50398E-4
7678	0.00101
7680	0.00114
7682	-8.30781E-4
7684	-0.00195
7686	-0.00253
7688	-0.00251
7690	-0.00136
7692	-7.06078E-4
7694	-0.00145
7696	-0.00101
7698	-0.00142
7700	-0.00162
7702	-0.00155
7704	-3.66435E-4
7706	2.32506E-4
7708	-9.19554E-4
7710	-6.88613E-4
7712	3.63327E-4
7714	0.00101
7716	0.00177
7718	9.46149E-4
7720	8.9609E-4
7722	-4.5897E-4
7724	-6.74029E-4
7726	5.08911E-4
7728	0.00129
7730	5.16792E-4
7732	0.00153
7734	0.0012
7736	0.00156
7738	9.92374E-4
7740	8.40861E-4
7742	4.80348E-4
7744	-2.15165E-4
7746	-0.00129
7748	-0.00103
7750	-0.00197
7752	-0.00201
7754	-0.00104
7756	-4.08244E-4
7758	-0.00101
7760	-0.00101
7762	-0.00117
7764	-0.00115
7766	-2.4081E-4
7768	4.69677E-4
7770	-7.60836E-4
7772	-0.0014
7774	4.29138E-4
7776	8.37625E-4
7778	3.02112E-4
7780	-7.65401E-4
7782	-0.00197
7784	-0.0025
7786	-0.00159
7788	-0.0018
7790	-0.00219
7792	-0.00322
7794	-0.00341
7796	-0.00569
7798	-0.00722
7800	-0.0061
7802	-0.00606
7804	-0.00619
7806	-0.00691
7808	-0.00522
7810	-0.00428
7812	-0.00356
7814	-0.00485
7816	-0.00442
7818	-0.0036
7820	-0.00211
7822	-0.00119
7824	-4.89586E-4
7826	-0.00121
7828	-0.00181
7830	-0.00119
7832	-5.39009E-4
7834	1.38539E-6
7836	0.0017
7838	0.00154
7840	7.79568E-4
7842	-1.69038E-4
7844	-2.30644E-4
7846	0.00169
7848	0.00149
7850	0.00204
7852	0.00302
7854	0.00242
7856	0.00194
7858	0.00143
7860	0.00115
7862	8.49904E-4
7864	8.36299E-4
7866	1.89693E-4
7868	2.19087E-4
7870	7.53481E-4
7872	0.00183
7874	0.0026
7876	0.00127
7878	0.00218
7880	0.00126
7882	0.00109
7884	0.00227
7886	0.00162
7888	2.60367E-4
7890	-0.00102
7892	-0.00216
7894	-7.97448E-4
7896	-5.2053E-5
7898	-6.66581E-5
7900	-0.00165
7902	-3.71868E-4
7904	0.00145
7906	0.00193
7908	0.00132
7910	0.00184
7912	0.00248
7914	0.00208
7916	0.0015
7918	0.00333
7920	0.00234
7922	0.00285
7924	0.00185
7926	9.97871E-4
7928	2.48266E-4
7930	0.00378
7932	0.01799
7934	0.03495
7936	0.05474
7938	0.07519
7940	0.09394
7942	0.11208
7944	0.1285
7946	0.14134
7948	0.15237
7950	0.16255
7952	0.17305
7954	0.18104
7956	0.18624
7958	0.18831
7960	0.1812
7962	0.16868
7964	0.15325
7966	0.13643
7968	0.12078
7970	0.10706
7972	0.09469
7974	0.08137
7976	0.06931
7978	0.06079
7980	0.05216
7982	0.04566
7984	0.04064
7986	0.03566
7988	0.03123
7990	0.02729
7992	0.02355
7994	0.02107
7996	0.01824
7998	0.01454
8000	0.01465
8002	0.01305
8004	0.00951
8006	0.00754
8008	0.00623
8010	0.00505
8012	0.00619
8014	0.00524
8016	0.00566
8018	0.00519
8020	0.00537
8022	0.00427
8024	0.0038
8026	0.0044
8028	0.00532
8030	0.00521
8032	0.00492
8034	0.00449
8036	0.00299
8038	0.0028
8040	0.00277
8042	0.00252
8044	0.00294
8046	0.00398
8048	0.00364
8050	0.00151
8052	0.00156
8054	0.00241
8056	0.00272
8058	0.00323
8060	0.00321
8062	0.00195
8064	0.00101
8066	0.00112
8068	0.00205
8070	0.00112
8072	0.00193
8074	0.00234
8076	0.00283
8078	0.00267
8080	0.00294
8082	0.00321
8084	0.00237
8086	0.00101
8088	0.00174
8090	0.00294
8092	0.00273
8094	0.00276
8096	0.00163
8098	0.00215
8100	0.00247
8102	0.00218
8104	9.35219E-4
8106	0.00158
8108	0.00269
8110	0.00386
8112	0.00231
8114	0.0021
8116	0.00161
8118	0.00165
8120	0.00338
8122	0.00337
8124	0.00401
8126	0.00429
8128	0.00364
8130	0.00135
8132	7.32327E-4
8134	1.64049E-4
8136	-1.02287E-5
8138	2.60493E-4
8140	7.60215E-4
8142	0.00116
8144	0.00268
8146	0.00286
8148	0.0031
8150	0.00207
8152	7.22547E-4
8154	8.10634E-4
8156	7.83084E-4
8158	0.00214
8160	0.00274
8162	0.00284
8164	0.00159
8166	0.00216
8168	0.00228
8170	0.00156
8172	0.00154
8174	0.00136
8176	0.00195
8178	7.50036E-4
8180	0.00211
8182	0.00218
8184	0.0011
8186	-3.93163E-4
8188	-9.94712E-4
8190	2.65738E-4
8192	-6.07812E-4
8194	-6.28362E-4
8196	0.00154
8198	0.0013
8200	-5.45011E-4
8202	-0.00133
8204	-0.00133
8206	-0.00134
8208	-0.00124
8210	-0.00123
8212	-2.1431E-4
8214	-9.14859E-4
8216	-4.90409E-4
8218	-1.38959E-4
8220	-0.00152
8222	6.29414E-5
8224	4.15573E-4
8226	8.33295E-4
8228	-0.00121
8230	-0.00135
8232	-0.00128
8234	-0.00115
8236	-0.00153
8238	-0.00219
8240	-0.00204
8242	-0.003
8244	-0.00326
8246	-0.00228
8248	-0.00257
8250	-0.00299
8252	-0.00195
8254	-0.00293
8256	-0.00161
8258	-0.00166
8260	3.44569E-4
8262	5.85291E-4
8264	-0.00106
8266	-0.00199
8268	-0.0014
8270	-9.45821E-4
8272	-0.00224
8274	-0.00272
8276	-7.51655E-4
8278	1.94067E-4
8280	-6.46211E-4
8282	-7.17489E-4
8284	-0.0014
8286	-0.00178
8288	-0.00117
8290	-0.00169
8292	-6.44879E-4
8294	-5.14156E-4
8296	-3.12434E-4
8298	-3.87712E-4
8300	0.00218
8302	0.0023
8304	0.00136
8306	9.29176E-4
8308	0.00117
8310	-3.9038E-4
8312	-4.38658E-4
8314	-3.07936E-4
8316	-3.56214E-4
8318	-9.42492E-4
8320	3.4323E-4
8322	0.0025
8324	0.00116
8326	8.17396E-4
8328	0.00101
8330	5.4984E-4
8332	1.72562E-4
8334	0.00122
8336	6.76006E-4
8338	-8.12272E-4
8340	3.6745E-4
8342	0.00129
8344	0.0011
8346	-6.60384E-4
8348	-0.00106
8350	-5.8694E-4
8352	-0.00105
8354	-0.00197
8356	-0.00102
8358	5.50948E-4
8360	3.2867E-4
8362	1.75392E-4
8364	-0.00105
8366	-6.63164E-4
8368	5.09558E-4
8370	0.00106
8372	0.00226
8374	4.73724E-4
8376	-1.15554E-4
8378	0.00152
8380	0.00155
8382	7.99612E-4
8384	3.89334E-4
8386	0.00134
8388	0.00214
8390	0.00307
8392	0.00182
8394	0.00106
8396	5.45666E-4
8398	7.90388E-4
8400	2.28111E-4
8402	4.98325E-5
8404	1.89555E-4
8406	2.42277E-4
8408	0.00131
8410	0.00155
8412	0.0015
8414	0.0016
8416	9.88887E-4
8418	-4.97391E-4
8420	0.00165
8422	0.0019
8424	0.00128
8426	8.17497E-4
8428	-0.00111
8430	-5.70592E-5
8432	-9.99973E-4
8434	-0.00276
8436	-0.00128
8438	8.7574E-4
8440	0.00143
8442	2.1255E-4
8444	3.24541E-5
8446	2.00359E-4
8448	-3.52737E-4
8450	-6.54832E-4
8452	4.50725E-5
8454	9.21977E-4
8456	-0.00105
8458	-0.00157
8460	8.27691E-4
8462	9.71595E-4
8464	-5.495E-4
8466	3.02405E-4
8468	0.00159
8470	0.00128
8472	9.80118E-4
8474	-4.19977E-4
8476	-0.0031
8478	-0.00369
8480	-0.00156
8482	-0.00179
8484	-0.00174
8486	-0.00161
8488	-0.00197
8490	-0.00202
8492	-0.0016
8494	-7.87931E-4
8496	-9.42027E-4
8498	-0.00299
8500	-0.0023
8502	-0.00141
8504	-0.00261
8506	-0.00444
8508	-0.00478
8510	-0.00419
8512	-0.00406
8514	-0.00422
8516	-0.00402
8518	-0.00464
8520	-0.00508
8522	-0.00573
8524	-0.00504
8526	-0.00305
8528	-0.00369
8530	-0.00119
8532	0.00971
8534	0.02867
8536	0.04975
8538	0.06864
8540	0.08652
8542	0.10491
8544	0.12142
8546	0.1335
8548	0.14495
8550	0.15706
8552	0.16436
8554	0.17052
8556	0.17929
8558	0.18235
8560	0.17698
8562	0.16305
8564	0.14676
8566	0.13043
8568	0.11561
8570	0.10097
8572	0.08712
8574	0.07567
8576	0.06521
8578	0.05588
8580	0.04898
8582	0.04135
8584	0.03495
8586	0.02907
8588	0.02652
8590	0.02404
8592	0.02044
8594	0.01656
8596	0.01427
8598	0.01119
8600	0.00948
8602	0.00916
8604	0.00733
8606	0.00616
8608	0.00347
8610	9.53851E-4
8612	0.00236
8614	0.0044
8616	0.00272
8618	0.00184
8620	0.0014
8622	0.00233
8624	0.00366
8626	0.00284
8628	0.00285
8630	0.00252
8632	0.00225
8634	5.16972E-4
8636	3.66565E-4
8638	6.21159E-4
8640	0.00119
8642	7.80952E-4
8644	0.00144
8646	8.89959E-4
8648	-5.94537E-4
8650	-0.00167
8652	-0.00197
8654	-9.35027E-4
8656	-4.89523E-4
8658	-0.00196
8660	-0.00182
8662	-4.63013E-4
8664	2.28491E-4
8666	7.35994E-4
8668	0.00142
8670	0.00172
8672	4.80505E-4
8674	-3.82992E-4
8676	-4.18489E-4
8678	1.75015E-4
8680	6.67518E-4
8682	-4.01978E-4
8684	-9.50475E-4
8686	-0.00168
8688	-0.00212
8690	-0.00177
8692	-0.00149
8694	-3.75957E-4
8696	6.18546E-4
8698	0.00153
8700	0.0024
8702	0.00147
8704	9.1756E-4
8706	0.00249
8708	0.00203
8710	8.37071E-4
8712	1.77574E-4
8714	-8.30922E-4
8716	-8.42419E-4
8718	-8.30915E-4
8720	-0.00197
8722	-0.00119
8724	2.26595E-4
8726	6.34099E-4
8728	-9.72398E-4
8730	1.27106E-4
8732	0.0022
8734	0.0019
8736	0.00212
8738	3.9212E-4
8740	3.24623E-4
8742	9.15127E-4
8744	-2.0537E-4
8746	-1.39866E-4
8748	-0.001
8750	-9.28859E-4
8752	3.09644E-4
8754	2.81147E-4
8756	2.28651E-4
8758	7.49154E-4
8760	0.00118
8762	0.00144
8764	3.98665E-4
8766	5.79168E-4
8768	4.32672E-4
8770	3.11175E-4
8772	0.00193
8774	0.00217
8776	0.00104
8778	0.00119
8780	6.76693E-4
8782	-6.49894E-4
8784	-0.002
8786	-0.00186
8788	-0.00137
8790	-8.02239E-4
8792	-9.31826E-4
8794	6.94588E-4
8796	2.14001E-4
8798	-5.70585E-4
8800	-0.00109
8802	7.22422E-5
8804	-2.24344E-4
8806	-9.39307E-5
8808	-2.52517E-4
8810	-3.71035E-5
8812	0.00127
8814	0.00141
8816	-3.86278E-6
8818	3.81551E-4
8820	-2.42036E-4
8822	-0.00199
8824	-0.00173
8826	-0.00237
8828	-0.00335
8830	-0.00216
8832	-0.00153
8834	-0.00109
8836	-0.00104
8838	-2.42313E-4
8840	-9.859E-4
8842	-0.00225
8844	-0.00261
8846	-0.00382
8848	-0.00272
8850	-0.00141
8852	-0.00149
8854	-3.31977E-4
8856	-0.00192
8858	-0.00139
8860	-6.60466E-4
8862	-3.28963E-4
8864	-0.00159
8866	-0.00227
8868	-0.00249
8870	-0.00133
8872	4.35555E-4
8874	6.83058E-4
8876	0.0014
8878	4.08065E-4
8880	-4.37431E-4
8882	-0.00168
8884	-0.00138
8886	-0.0017
8888	-0.00108
8890	-0.00138
8892	-0.00166
8894	-0.00209
8896	-0.00179
8898	-0.00207
8900	-0.00212
8902	-0.00208
8904	-0.00186
8906	-0.00144
8908	-0.00274
8910	-0.00368
8912	-0.00196
8914	-0.00101
8916	5.63144E-6
8918	-3.92865E-4
8920	-0.00104
8922	-8.36287E-4
8924	-7.83856E-4
8926	-3.74242E-5
8928	2.52007E-4
8930	4.63439E-4
8932	-3.5613E-4
8934	-9.37698E-4
8936	-2.86266E-4
8938	-3.99835E-4
8940	-0.00231
8942	-0.00338
8944	-0.00298
8946	-0.00262
8948	-0.00312
8950	-0.0031
8952	-0.00409
8954	-0.00447
8956	-0.00376
8958	-0.00136
8960	-0.00197
8962	-0.00331
8964	-0.00397
8966	-0.00485
8968	-0.00545
8970	-0.00598
8972	-0.00529
8974	-0.00472
8976	-0.00574
8978	-0.00514
8980	-0.00468
8982	-0.00463
8984	-0.00484
8986	-0.00454
8988	-0.00429
8990	-0.00588
8992	-0.00462
8994	-0.00357
8996	-0.00341
8998	-0.00313
9000	-0.00419
9002	-0.00271
9004	-0.00106
9006	-0.00326
9008	-0.00482
9010	-0.00469
9012	-0.00286
9014	-0.00203
9016	-2.43482E-5
9018	5.24317E-4
9020	0.00115
9022	4.10648E-4
9024	8.68313E-4
9026	0.00143
9028	0.00154
9030	0.00131
9032	1.09974E-4
9034	-0.00135
9036	-6.17695E-4
9038	-0.00103
9040	-0.00173
9042	-0.00161
9044	-0.00213
9046	-0.00396
9048	-0.00353
9050	-0.0038
9052	-0.00391
9054	-0.0027
9056	-0.00225
9058	-0.00244
9060	-0.00262
9062	-0.00228
9064	-0.00303
9066	-0.00335
9068	-0.0038
9070	-0.00478
9072	-0.00535
9074	-0.00434
9076	-0.0052
9078	-0.00595
9080	-0.00653
9082	-0.00666
9084	-0.00538
9086	-0.00606
9088	-0.00564
9090	-0.00526
9092	-0.00567
9094	-0.00556
9096	-0.00357
9098	-0.00366
9100	-0.00326
9102	-0.00296
9104	-0.00319
9106	-0.00313
9108	-0.00268
9110	-0.00191
9112	-0.00128
9114	-4.98484E-4
9116	-6.87689E-4
9118	-0.00112
9120	-0.00181
9122	-0.00208
9124	-0.00164
9126	-0.00128
9128	-0.00194
9130	-2.01546E-4
9132	0.01152
9134	0.02918
9136	0.04958
9138	0.07048
9140	0.08955
9142	0.10695
9144	0.12242
9146	0.13678
9148	0.14964
9150	0.15968
9152	0.16895
9154	0.17779
9156	0.18502
9158	0.18977
9160	0.18391
9162	0.17142
9164	0.15524
9166	0.13892
9168	0.12363
9170	0.1093
9172	0.09528
9174	0.08245
9176	0.07192
9178	0.06311
9180	0.05599
9182	0.0477
9184	0.04213
9186	0.03638
9188	0.03032
9190	0.02495
9192	0.02227
9194	0.01998
9196	0.0188
9198	0.01755
9200	0.01638
9202	0.01418
9204	0.0118
9206	0.00955
9208	0.0092
9210	0.00747
9212	0.00782
9214	0.00795
9216	0.00773
9218	0.00673
9220	0.00542
9222	0.0055
9224	0.0052
9226	0.00465
9228	0.00485
9230	0.00553
9232	0.0047
9234	0.00498
9236	0.00472
9238	0.00427
9240	0.00411
9242	0.00194
9244	0.00239
9246	0.003
9248	0.00309
9250	0.00256
9252	0.00334
9254	0.00272
9256	0.00258
9258	0.00268
9260	0.00305
9262	0.00447
9264	0.00378
9266	0.00395
9268	0.005
9270	0.0049
9272	0.00392
9274	0.00295
9276	0.00425
9278	0.00389
9280	0.00344
9282	0.0021
9284	0.00119
9286	0.00111
9288	0.00149
9290	0.00189
9292	0.00159
9294	0.00175
9296	0.00236
9298	0.00355
9300	0.00346
9302	0.00284
9304	0.00191
9306	0.00103
9308	0.0014
9310	0.0018
9312	0.00138
9314	0.00123
9316	0.00166
9318	0.00166
9320	0.00119
9322	6.40187E-5
9324	3.58945E-7
9326	-3.18301E-4
9328	-0.00121
9330	1.4038E-4
9332	0.0011
9334	3.7906E-4
9336	0.00139
9338	0.00156
9340	0.00138
9342	3.96782E-4
9344	-1.73151E-4
9346	9.79153E-5
9348	3.96982E-4
9350	0.0021
9352	0.00266
9354	0.00193
9356	0.00121
9358	0.00161
9360	9.9538E-4
9362	0.00118
9364	0.00143
9366	4.8458E-4
9368	0.00176
9370	0.00219
9372	0.00173
9374	0.00254
9376	0.00236
9378	0.00386
9380	0.0047
9382	0.00475
9384	0.00374
9386	0.00424
9388	0.00516
9390	0.00419
9392	0.00268
9394	8.13509E-4
9396	-5.55424E-4
9398	7.96423E-5
9400	7.73709E-4
9402	5.19775E-4
9404	2.80842E-4
9406	0.00169
9408	0.00225
9410	0.00324
9412	0.00264
9414	0.00362
9416	0.00461
9418	0.00371
9420	0.00222
9422	6.77636E-4
9424	0.00179
9426	0.00122
9428	0.00144
9430	0.00235
9432	0.00193
9434	5.49193E-4
9436	-0.00187
9438	-7.77289E-4
9440	0.0019
9442	9.4623E-4
9444	0.00134
9446	0.0034
9448	0.00327
9450	0.00155
9452	-5.34973E-4
9454	1.51786E-4
9456	5.60545E-4
9458	1.44305E-4
9460	-5.87936E-4
9462	-0.00217
9464	-0.00391
9466	-0.00457
9468	-0.00715
9470	-0.00595
9472	-0.00514
9474	-0.00577
9476	-0.00597
9478	-0.0048
9480	-0.00438
9482	-0.00263
9484	-0.00399
9486	-0.00359
9488	-0.0036
9490	-0.00335
9492	-0.00178
9494	-0.00152
9496	-0.0016
9498	-2.99703E-4
9500	4.27944E-4
9502	-3.94408E-4
9504	-1.98761E-4
9506	8.88865E-5
9508	3.99534E-4
9510	0.00185
9512	0.00204
9514	0.00129
9516	8.48123E-4
9518	9.14771E-4
9520	-4.02582E-4
9522	9.60652E-5
9524	-3.11287E-4
9526	-0.00259
9528	-0.00233
9530	-0.00133
9532	-9.66981E-5
9534	6.64949E-4
9536	3.31597E-4
9538	0.00116
9540	0.00297
9542	0.00399
9544	0.00368
9546	0.00403
9548	0.00333
9550	0.00291
9552	0.00292
9554	0.00238
9556	0.00263
9558	0.00218
9560	0.00147
9562	0.00188
9564	0.00126
9566	0.00185
9568	0.00151
9570	0.00146
9572	-4.80314E-4
9574	-4.09554E-4
9576	-2.77795E-4
9578	-1.75036E-4
9580	-8.16276E-4
9582	-0.00215
9584	-0.0032
9586	-0.00385
9588	-0.00357
9590	-0.00321
9592	-0.00285
9594	-0.00273
9596	-0.00259
9598	-0.00224
9600	-0.00203
9602	-0.00113
9604	-0.00335
9606	-0.00491
9608	-0.00504
9610	-0.0045
9612	-0.00523
9614	-0.00514
9616	-0.00442
9618	-0.00255
9620	-0.00204
9622	-0.00339
9624	-0.00315
9626	-0.00383
9628	-0.00412
9630	-0.00428
9632	-0.00468
9634	-0.00442
9636	-0.0034
9638	-0.00261
9640	-0.00378
9642	-0.00418
9644	-0.00336
9646	-0.00416
9648	-0.00113
9650	-7.20479E-4
9652	-0.00147
9654	-0.00234
9656	-0.00121
9658	-0.00119
9660	-7.06147E-4
9662	-0.00187
9664	-0.00271
9666	-0.00233
9668	-0.00234
9670	-0.00185
9672	-0.00307
9674	-0.00393
9676	-0.0026
9678	-0.00347
9680	-0.00477
9682	-0.00368
9684	-0.0037
9686	-0.00262
9688	-0.00278
9690	-0.00328
9692	-0.00228
9694	-0.00277
9696	-0.00375
9698	-0.0021
9700	-0.0019
9702	-0.00287
9704	-0.00226
9706	-0.00144
9708	-0.00125
9710	-9.98161E-4
9712	-0.00186
9714	-0.00167
9716	-3.36306E-4
9718	9.16979E-4
9720	-4.89736E-4
9722	-0.00108
9724	-0.00196
9726	-0.00175
9728	-0.00199
9730	-0.00108
9732	0.00837
9734	0.02677
9736	0.04757
9738	0.06715
9740	0.08495
9742	0.10148
9744	0.11831
9746	0.13268
9748	0.14433
9750	0.15655
9752	0.16632
9754	0.17454
9756	0.18282
9758	0.18622
9760	0.18139
9762	0.17053
9764	0.15468
9766	0.13819
9768	0.12193
9770	0.10756
9772	0.09476
9774	0.08301
9776	0.0729
9778	0.06341
9780	0.05444
9782	0.04624
9784	0.0409
9786	0.03466
9788	0.02983
9790	0.02563
9792	0.02307
9794	0.02136
9796	0.01935
9798	0.01694
9800	0.01522
9802	0.01231
9804	0.01209
9806	0.01211
9808	0.0112
9810	0.01054
9812	0.0081
9814	0.00604
9816	0.0058
9818	0.00423
9820	0.00489
9822	0.00596
9824	0.00484
9826	0.00414
9828	0.00224
9830	9.67267E-4
9832	0.00116
9834	5.85274E-4
9836	-0.00107
9838	-3.43719E-4
9840	1.78487E-6
9842	-0.00261
9844	-0.00327
9846	-0.00141
9848	-9.10201E-4
9850	-0.00144
9852	-7.40194E-4
9854	-0.00177
9856	8.28128E-5
9858	4.10316E-4
9860	0.00154
9862	0.00108
9864	0.00106
9866	2.4133E-4
9868	-3.86166E-4
9870	-0.00123
9872	-0.00194
9874	-9.22656E-4
9876	-5.40152E-4
9878	-7.66489E-5
9880	-0.00105
9882	-0.00105
9884	-9.33138E-4
9886	-0.00107
9888	-5.24131E-4
9890	-8.65628E-4
9892	1.58876E-4
9894	-2.93621E-4
9896	-9.34118E-4
9898	-0.0016
9900	-0.0012
9902	-0.00189
9904	-0.00354
9906	-0.0044
9908	-0.00402
9910	-0.00272
9912	-0.00288
9914	-0.002
9916	-0.00324
9918	-0.00308
9920	-0.00192
9922	-0.00154
9924	-0.00264
9926	-0.00208
9928	-0.00248
9930	-0.00168
9932	-0.00255
9934	-0.002
9936	-0.00155
9938	-0.00141
9940	-0.00204
9942	-0.00324
9944	-0.00235
9946	-0.00248
9948	-0.0022
9950	-0.0023
9952	-0.00186
9954	-0.00192
9956	-0.00122
9958	-0.00298
9960	-0.00374
9962	-0.0039
9964	-0.00296
9966	-0.00323
9968	-0.00235
9970	-0.00411
9972	-0.00492
9974	-0.00531
9976	-0.00588
9978	-0.00592
9980	-0.00447
9982	-0.00377
9984	-0.00356
9986	-0.00313
9988	-0.00476
9990	-0.00461
9992	-0.00326
9994	-0.00325
9996	-0.00282
9998	-0.0037
10000	-0.00528
10002	-0.00546
10004	-0.00367
10006	-0.00295
10008	-0.00374
10010	-0.00281
10012	-0.00123
10014	-0.0015
10016	-7.74419E-4
10018	-8.88256E-5
10020	-2.24232E-4
10022	-4.25639E-4
10024	1.39546E-5
10026	-0.00151
10028	-0.00225
10030	-9.75265E-4
10032	2.26328E-4
10034	-0.00203
10036	-0.00428
10038	-0.00541
10040	-0.00548
10042	-0.00483
10044	-0.00447
10046	-0.0033
10048	-0.00203
10050	-0.00148
10052	-0.00183
10054	-0.00181
10056	-0.00212
10058	-0.00161
10060	-0.00119
10062	-0.0019
10064	-2.97526E-4
10066	1.01977E-4
10068	-0.00156
10070	-0.0022
10072	-0.00231
10074	-0.00192
10076	-0.00134
10078	-2.15002E-4
10080	-0.00126
10082	-0.00202
10084	-0.00298
10086	-0.00276
10088	-0.00361
10090	-0.00466
10092	-0.0038
10094	-0.00491
10096	-0.00531
10098	-0.00384
10100	-0.00534
10102	-0.00496
10104	-0.00431
10106	-0.00421
10108	-0.00308
10110	-0.00429
10112	-0.00372
10114	-0.00348
10116	-0.00342
10118	-0.00337
10120	-0.00224
10122	-0.0024
10124	-0.00133
10126	0.00108
10128	0.00186
10130	9.20106E-4
10132	8.73699E-4
10134	-3.39707E-4
10136	-5.19114E-4
10138	-6.7152E-4
10140	-4.85927E-4
10142	5.57666E-4
10144	-8.2274E-4
10146	-0.00189
10148	-0.00136
10150	-9.2596E-4
10152	-0.00179
10154	-0.00163
10156	-5.1798E-6
10158	7.14414E-4
10160	1.85007E-4
10162	-0.00164
10164	-0.00172
10166	-9.03213E-4
10168	-5.27619E-4
10170	4.0974E-5
10172	0.00178
10174	0.0025
10176	0.00141
10178	0.0013
10180	7.44008E-4
10182	0.00198
10184	0.00104
10186	0.00139
10188	0.00233
10190	0.00296
10192	0.00414
10194	0.00233
10196	7.91317E-4
10198	6.0773E-4
10200	-8.40856E-4
10202	-9.04424E-5
10204	-0.00136
10206	-0.00273
10208	-0.0035
10210	-0.00331
10212	-0.00288
10214	-0.00263
10216	-0.00316
10218	-0.004
10220	-0.00344
10222	-0.00312
10224	-0.0031
10226	-0.00128
10228	-0.00174
10230	-9.53652E-4
10232	2.58761E-4
10234	9.43175E-4
10236	-0.00128
10238	-0.00183
10240	-0.00171
10242	-7.98171E-4
10244	4.77042E-4
10246	0.00116
10248	6.62067E-4
10250	5.6108E-4
10252	6.29092E-4
10254	0.00121
10256	0.00273
10258	0.00305
10260	0.00253
10262	0.00415
10264	0.00268
10266	0.00236
10268	8.39192E-4
10270	6.63204E-4
10272	0.00176
10274	0.00269
10276	0.00375
10278	0.00293
10280	0.00386
10282	0.00483
10284	0.00509
10286	0.00616
10288	0.00844
10290	0.01109
10292	0.01165
10294	0.01133
10296	0.01099
10298	0.01036
10300	0.01076
10302	0.01076
10304	0.01239
10306	0.01244
10308	0.0114
10310	0.01206
10312	0.01381
10314	0.01547
10316	0.01482
10318	0.01548
10320	0.01723
10322	0.01804
10324	0.01571
10326	0.01581
10328	0.01757
10330	0.01848
10332	0.02884
10334	0.04696
10336	0.06599
10338	0.08661
10340	0.10686
10342	0.12464
10344	0.14194
10346	0.15537
10348	0.16781
10350	0.17991
10352	0.18972
10354	0.19591
10356	0.20453
10358	0.20981
10360	0.20342
10362	0.19113
10364	0.176
10366	0.15777
10368	0.14051
10370	0.12366
10372	0.10797
10374	0.09504
10376	0.08456
10378	0.07466
10380	0.06548
10382	0.05631
10384	0.04893
10386	0.04327
10388	0.03792
10390	0.03364
10392	0.0302
10394	0.02718
10396	0.02328
10398	0.02291
10400	0.01979
10402	0.0164
10404	0.01401
10406	0.01169
10408	0.00908
10410	0.00638
10412	0.005
10414	0.00507
10416	0.00427
10418	0.00299
10420	0.00188
10422	9.82489E-4
10424	0.00127
10426	9.81496E-4
10428	0.00112
10430	-1.44497E-4
10432	-0.00209
10434	-0.00234
10436	-0.00144
10438	-0.00216
10440	-0.00295
10442	-0.004
10444	-0.00307
10446	-0.00218
10448	-0.00268
10450	-0.00277
10452	-0.00229
10454	-0.00232
10456	-0.00143
10458	-0.00174
10460	-9.21657E-4
10462	-1.73082E-4
10464	5.63494E-4
10466	4.73069E-4
10468	6.32645E-4
10470	7.4922E-4
10472	3.51796E-4
10474	-0.00148
10476	-0.00111
10478	-0.00101
10480	-0.00123
10482	-0.00165
10484	-0.0011
10486	-8.47177E-4
10488	-0.00156
10490	-0.00226
10492	-3.1145E-4
10494	-4.22875E-4
10496	-8.873E-4
10498	-3.27241E-5
10500	-4.19149E-4
10502	-0.00101
10504	-9.84998E-4
10506	-0.0017
10508	-0.00188
10510	-0.00122
10512	0.0011
10514	0.00143
10516	-6.64545E-4
10518	-9.0497E-4
10520	-0.00162
10522	-8.21176E-4
10524	1.72551E-5
10526	-0.0014
10528	-0.00145
10530	-1.0045E-4
10532	-6.00186E-5
10534	-5.27587E-4
10536	-5.27156E-4
10538	0.00146
10540	0.00153
10542	-2.40861E-4
10544	-6.89429E-4
10546	0.00131
10548	4.54434E-4
10550	-4.46135E-4
10552	-3.07703E-4
10554	8.32729E-4
10556	9.3016E-4
10558	9.60592E-4
10560	4.76023E-4
10562	1.44455E-4
10564	4.11886E-4
10566	4.53318E-4
10568	-1.51251E-4
10570	-3.80819E-4
10572	9.19613E-4
10574	4.70044E-4
10576	4.47569E-6
10578	0.00111
10580	1.38339E-4
10582	5.17704E-5
10584	0.00129
10586	0.0017
10588	0.00397
10590	0.00311
10592	0.00182
10594	0.00269
10596	0.00303
10598	0.00331
10600	0.00388
10602	0.00419
10604	0.0034
10606	8.79484E-4
10608	-7.88103E-4
10610	-7.45689E-4
10612	0.00105
10614	0.00299
10616	0.00257
10618	0.00296
10620	0.00241
10622	0.00256
10624	0.00226
10626	0.00407
10628	0.00349
10630	0.00301
10632	0.00503
10634	0.00507
10636	0.00287
10638	0.00136
10640	0.00349
10642	0.00423
10644	0.0037
10646	0.00514
10648	0.0036
10650	0.00279
10652	0.0022
10654	0.00187
10656	0.00142
10658	0.00167
10660	0.00279
10662	0.00322
10664	0.00216
10666	0.00233
10668	0.00256
10670	6.7949E-4
10672	3.90742E-4
10674	5.49994E-4
10676	6.28245E-4
10678	4.13497E-4
10680	0.00105
10682	-4.44999E-4
10684	-0.00144
10686	-6.53496E-4
10688	-3.22442E-5
10690	-5.25992E-4
10692	-3.88741E-4
10694	0.00104
10696	6.62763E-4
10698	-7.64985E-4
10700	-3.62734E-4
10702	0.0025
10704	0.00103
10706	0.00278
10708	0.00148
10710	0.00138
10712	0.0026
10714	0.00221
10716	9.0928E-4
10718	-0.00162
10720	-0.00343
10722	-0.00263
10724	-0.00186
10726	-0.00237
10728	-1.87209E-4
10730	0.00141
10732	6.33294E-4
10734	-0.00208
10736	-0.00231
10738	-0.0021
10740	-0.00213
10742	-0.00201
10744	-0.00262
10746	-0.0026
10748	-0.00319
10750	-0.00191
10752	-0.00103
10754	-7.48937E-4
10756	2.19315E-4
10758	-2.41433E-4
10760	-7.35181E-4
10762	5.2807E-4
10764	7.06322E-4
10766	-4.72426E-4
10768	-0.00112
10770	-0.00192
10772	-0.00232
10774	-6.33419E-4
10776	0.00116
10778	0.00208
10780	0.00227
10782	0.00177
10784	-4.3416E-4
10786	6.19091E-4
10788	5.67343E-4
10790	7.91595E-4
10792	8.48846E-4
10794	6.77098E-4
10796	0.00185
10798	2.53602E-4
10800	7.44853E-4
10802	0.00132
10804	-1.63975E-4
10806	-9.53813E-4
10808	-0.00168
10810	-7.01489E-4
10812	-0.00122
10814	-0.00217
10816	-0.00217
10818	-0.00148
10820	-0.00101
10822	-0.00127
10824	-0.00241
10826	-0.00223
10828	-0.00133
10830	-0.00244
10832	-0.00198
10834	-0.00128
10836	-0.00196
10838	-0.00194
10840	-0.00296
10842	-0.00235
10844	-0.00129
10846	-4.2576E-5
10848	-5.24414E-4
10850	-7.96252E-4
10852	-0.00132
10854	1.00713E-5
10856	2.99233E-4
10858	-5.59605E-4
10860	-5.56443E-4
10862	-0.00248
10864	-0.00202
10866	-0.00206
10868	-0.00299
10870	-0.00183
10872	7.38723E-5
10874	5.11378E-4
10876	-8.30115E-4
10878	-8.42609E-4
10880	-9.06103E-4
10882	-0.00139
10884	-0.00176
10886	-0.00241
10888	-0.00253
10890	-0.00267
10892	-0.00148
10894	-0.00166
10896	-6.85053E-4
10898	-0.00143
10900	-0.00171
10902	-4.25534E-4
10904	-6.81028E-4
10906	-7.45217E-5
10908	1.43985E-4
10910	-2.64509E-4
10912	7.47997E-4
10914	0.00131
10916	0.00111
10918	0.00316
10920	0.00349
10922	0.00278
10924	0.003
10926	0.00342
10928	0.00287
10930	0.00264
10932	0.01044
10934	0.0262
10936	0.04566
10938	0.06629
10940	0.08615
10942	0.10385
10944	0.12019
10946	0.13511
10948	0.1459
10950	0.15835
10952	0.16975
10954	0.17799
10956	0.18731
10958	0.19208
10960	0.18907
10962	0.17824
10964	0.16421
10966	0.14544
10968	0.12687
10970	0.11227
10972	0.0975
10974	0.08356
10976	0.07005
10978	0.05882
10980	0.05009
10982	0.04313
10984	0.03503
10986	0.02808
10988	0.02226
10990	0.01801
10992	0.01409
10994	0.01093
10996	0.0096
10998	0.00931
11000	0.00822
11002	0.00437
11004	0.00213
11006	0.00252
11008	6.40416E-4
11010	1.45858E-4
11012	-9.2857E-4
11014	-0.00122
11016	-0.00102
11018	-0.0028
11020	-0.00302
11022	-0.00303
11024	-0.00425
11026	-0.00355
11028	-0.00331
11030	-0.00337
11032	-0.00344
11034	-0.0041
11036	-0.00646
11038	-0.00761
11040	-0.00787
11042	-0.00622
11044	-0.00472
11046	-0.00408
11048	-0.00373
11050	-0.0045
11052	-0.00372
11054	-0.00219
11056	-0.00177
11058	-0.00169
11060	0.00128
11062	0.00182
11064	9.63319E-4
11066	0.00136
11068	5.10465E-4
11070	-0.00131
11072	-0.00157
11074	-4.74817E-4
11076	5.18755E-4
11078	-0.00147
11080	-4.39788E-4
11082	9.82407E-4
11084	8.99602E-4
11086	7.21797E-4
11088	1.98992E-4
11090	-9.25813E-4
11092	-1.03618E-4
11094	5.55577E-4
11096	0.00103
11098	-2.54033E-4
11100	-0.00183
11102	3.53357E-4
11104	0.00256
11106	6.00748E-4
11108	9.58943E-4
11110	2.29138E-4
11112	-4.67667E-4
11114	-0.00165
11116	-0.00114
11118	-9.08222E-6
11120	6.36113E-4
11122	-1.65692E-4
11124	-3.29497E-4
11126	0.00111
11128	0.00179
11130	0.00175
11132	4.93283E-4
11134	0.00176
11136	0.00206
11138	0.00112
11140	2.96063E-4
11142	3.89258E-4
11144	0.00246
11146	0.00232
11148	7.86843E-4
11150	0.00141
11152	0.00152
11154	0.00175
11156	0.00365
11158	0.00229
11160	0.00252
11162	0.00422
11164	0.00586
11166	0.00427
11168	0.00211
11170	6.9655E-4
11172	0.00191
11174	0.00273
11176	0.0011
11178	8.92791E-4
11180	7.01351E-4
11182	6.30912E-4
11184	8.40472E-4
11186	-8.34968E-4
11188	-0.00141
11190	-8.66848E-4
11192	-0.00167
11194	-1.55727E-4
11196	3.79833E-4
11198	0.0014
11200	0.00135
11202	0.00226
11204	0.00253
11206	0.00278
11208	0.00125
11210	5.42754E-4
11212	0.00157
11214	4.61875E-4
11216	4.10435E-4
11218	0.00132
11220	0.00138
11222	-3.11481E-4
11224	-0.00109
11226	-7.19738E-4
11228	-9.50867E-4
11230	-4.43995E-4
11232	0.00253
11234	0.00353
11236	0.00172
11238	0.00181
11240	4.36148E-6
11242	5.27233E-4
11244	0.00186
11246	0.0022
11248	0.00211
11250	9.37184E-5
11252	4.8459E-4
11254	0.00216
11256	0.0026
11258	0.00253
11260	7.11075E-4
11262	8.79947E-4
11264	4.19818E-4
11266	0.0015
11268	5.27561E-4
11270	-4.22568E-4
11272	-4.28697E-4
11274	-6.38825E-4
11276	-6.41954E-4
11278	-2.19082E-4
11280	0.00119
11282	2.0166E-4
11284	0.00171
11286	9.85403E-4
11288	1.72275E-4
11290	-9.09063E-6
11292	2.20544E-4
11294	2.64179E-4
11296	8.95814E-4
11298	-5.84551E-4
11300	-0.00121
11302	-0.00213
11304	-0.00221
11306	-0.00133
11308	-7.93769E-5
11310	8.71258E-4
11312	1.84893E-4
11314	3.87528E-4
11316	0.00116
11318	0.00323
11320	0.00358
11322	0.0023
11324	0.00222
11326	-1.82663E-4
11328	-1.69028E-4
11330	0.0011
11332	0.00255
11334	0.00242
11336	0.00344
11338	0.00277
11340	0.00285
11342	0.00385
11344	0.00403
11346	0.00413
11348	0.0036
11350	0.0047
11352	0.00588
11354	0.00606
11356	0.0063
11358	0.00743
11360	0.00747
11362	0.00497
11364	0.00349
11366	0.00344
11368	0.00395
11370	0.00341
11372	0.00217
11374	0.00254
11376	0.00327
11378	0.00488
11380	0.00547
11382	0.00494
11384	0.00406
11386	0.00278
11388	0.00367
11390	0.00371
11392	0.00411
11394	0.00357
11396	0.00403
11398	0.00185
11400	0.0017
11402	0.00213
11404	0.00174
11406	0.00225
11408	0.00338
11410	0.00366
11412	0.00347
11414	0.00365
11416	0.00425
11418	0.00337
11420	0.00234
11422	0.00323
11424	0.00447
11426	0.00326
11428	0.00321
11430	0.00201
11432	0.00258
11434	0.00392
11436	0.00421
11438	0.00293
11440	0.00234
11442	3.82612E-4
11444	7.89484E-4
11446	2.03355E-4
11448	5.31226E-4
11450	6.90098E-4
11452	-3.54031E-4
11454	3.12841E-4
11456	-8.02881E-5
11458	-0.00115
11460	-3.35545E-4
11462	2.05326E-4
11464	-9.02803E-4
11466	-2.87931E-4
11468	4.8394E-4
11470	0.00179
11472	0.00241
11474	0.00197
11476	9.29426E-4
11478	-6.34703E-4
11480	5.12168E-4
11482	-1.9996E-4
11484	-0.00125
11486	-1.82217E-4
11488	1.35654E-4
11490	-2.60475E-4
11492	-2.46033E-5
11494	-9.26732E-4
11496	-4.00861E-4
11498	-5.12139E-4
11500	-3.73566E-4
11502	0.00153
11504	0.00504
11506	0.00517
11508	0.00442
11510	0.00497
11512	0.00429
11514	0.00381
11516	0.00355
11518	0.00597
11520	0.00914
11522	0.0108
11524	0.01111
11526	0.01153
11528	0.01102
11530	0.01005
11532	0.01663
11534	0.03228
11536	0.05351
11538	0.07342
11540	0.09196
11542	0.10914
11544	0.12742
11546	0.14002
11548	0.14997
11550	0.16044
11552	0.16916
11554	0.17744
11556	0.18274
11558	0.18661
11560	0.18455
11562	0.17317
11564	0.15469
11566	0.13393
11568	0.1161
11570	0.10041
11572	0.08413
11574	0.06989
11576	0.05921
11578	0.04968
11580	0.03987
11582	0.03242
11584	0.02469
11586	0.01924
11588	0.01342
11590	0.00965
11592	0.00456
11594	8.12536E-4
11596	-0.00246
11598	-0.00451
11600	-0.00462
11602	-0.00589
11604	-0.00675
11606	-0.00752
11608	-0.00709
11610	-0.00658
11612	-0.00467
11614	-0.00457
11616	-0.00481
11618	-0.00513
11620	-0.00411
11622	-0.00277
11624	-4.5284E-4
11626	-3.56132E-4
11628	0.0026
11630	0.00475
11632	0.00514
11634	0.00341
11636	0.00476
11638	0.00421
11640	0.00338
11642	0.00416
11644	0.00358
11646	0.00344
11648	0.00368
11650	0.00265
11652	0.003
11654	0.00137
11656	0.0017
11658	0.00316
11660	0.00206
11662	8.80213E-4
11664	6.39046E-4
11666	0.00175
11668	0.00236
11670	0.00128
11672	-1.11624E-4
11674	-0.00114
11676	-8.96958E-4
11678	-0.00173
11680	-0.00161
11682	-5.2146E-4
11684	-1.77628E-4
11686	-4.06795E-4
11688	-2.10962E-4
11690	-3.4613E-4
11692	-2.48297E-4
11694	-3.64464E-4
11696	-6.77632E-4
11698	-3.67991E-5
11700	-4.16966E-4
11702	-0.00116
11704	-0.00108
11706	4.25316E-5
11708	7.80765E-5
11710	0.00201
11712	1.16166E-4
11714	-0.00176
11716	2.02564E-5
11718	9.68801E-4
11720	0.00108
11722	-0.00141
11724	-0.00252
11726	-0.00203
11728	-0.00147
11730	-0.00241
11732	-0.00268
11734	-0.00265
11736	-0.00148
11738	3.60251E-4
11740	-0.00199
11742	-0.00199
11744	-0.00133
11746	-2.70569E-4
11748	9.92976E-4
11750	7.81521E-4
11752	0.00249
11754	0.00273
11756	0.00166
11758	3.277E-4
11760	-2.54755E-4
11762	-8.9421E-4
11764	-0.00105
11766	-3.4412E-4
11768	-5.75748E-5
11770	-1.7703E-4
11772	-1.44849E-5
11774	0.00116
11776	0.00179
11778	0.00164
11780	0.00296
11782	0.00215
11784	7.28195E-4
11786	0.0012
11788	-5.43988E-5
11790	-8.49196E-4
11792	-9.51992E-4
11794	-8.49789E-4
11796	-0.00198
11798	-0.00177
11800	-7.04179E-4
11802	-0.00143
11804	-0.00177
11806	-4.58569E-4
11808	9.39634E-4
11810	9.29838E-4
11812	7.40041E-4
11814	0.00101
11816	0.001
11818	9.88651E-4
11820	0.00114
11822	0.00167
11824	0.00181
11826	0.00114
11828	7.56667E-4
11830	9.58705E-5
11832	3.57074E-4
11834	-4.69723E-4
11836	5.94804E-5
11838	-7.33316E-4
11840	3.85887E-4
11842	0.00194
11844	9.51294E-4
11846	7.74345E-4
11848	2.69094E-4
11850	-2.45158E-4
11852	0.00212
11854	0.00363
11856	0.00272
11858	0.00301
11860	0.00333
11862	0.00462
11864	0.00543
11866	0.00402
11868	0.00455
11870	0.00332
11872	0.0018
11874	0.00137
11876	7.57569E-4
11878	0.00134
11880	0.00225
11882	0.00288
11884	0.00388
11886	0.00488
11888	0.00451
11890	0.00437
11892	0.00421
11894	0.00371
11896	0.0048
11898	0.00583
11900	0.00377
11902	0.00262
11904	0.00328
11906	0.00342
11908	0.00194
11910	0.00154
11912	0.00104
11914	-4.5214E-5
11916	0.00183
11918	0.00256
11920	0.00164
11922	0.00148
11924	0.00159
11926	0.00131
11928	8.21342E-4
11930	0.00186
11932	0.00232
11934	0.00226
11936	0.00242
11938	0.002
11940	0.0019
11942	0.00112
11944	0.00154
11946	0.00107
11948	0.00125
11950	0.00194
11952	0.00149
11954	5.84706E-4
11956	4.0558E-4
11958	-5.30546E-4
11960	7.74328E-4
11962	0.00181
11964	0.00178
11966	0.00173
11968	0.00134
11970	0.00127
11972	4.28573E-4
11974	6.82447E-4
11976	-6.12679E-4
11978	-0.00172
11980	-0.00204
11982	-0.00247
11984	-0.00115
11986	-0.00115
11988	-0.00244
11990	-3.98771E-4
11992	6.47774E-4
11994	5.56319E-4
11996	0.00158
11998	0.00111
12000	7.52954E-4
12002	0.00129
12004	8.35043E-4
12006	0.001
12008	-2.05867E-4
12010	-0.0015
12012	-7.57777E-4
12014	0.00129
12016	0.00231
12018	0.00185
12020	5.89403E-4
12022	5.02948E-4
12024	-1.45507E-4
12026	0.00158
12028	0.00182
12030	0.00182
12032	0.00211
12034	0.00133
12036	-3.09237E-4
12038	-5.15692E-4
12040	-7.70147E-4
12042	-1.38602E-4
12044	-1.26057E-4
12046	-1.32512E-4
12048	9.77032E-4
12050	0.00274
12052	0.00405
12054	0.00307
12056	0.00131
12058	0.00155
12060	0.00132
12062	0.00107
12064	-6.13171E-4
12066	-0.00109
12068	-0.00224
12070	-0.0024
12072	-0.00312
12074	-0.00379
12076	-0.00317
12078	-0.0038
12080	-0.00582
12082	-0.00468
12084	-0.00403
12086	-0.00358
12088	-0.00432
12090	-0.00407
12092	-0.00423
12094	-0.00442
12096	-0.00378
12098	-0.00448
12100	-0.00399
12102	-0.0038
12104	-0.00332
12106	-0.00248
12108	-0.00351
12110	-0.00399
12112	-0.00468
12114	-0.00474
12116	-0.00596
12118	-0.00791
12120	-0.00716
12122	-0.00706
12124	-0.00657
