time	cp
2	-0.0056
4	-0.00596
6	-0.00563
8	-0.00447
10	-0.00525
12	-0.00575
14	-0.00644
16	-0.00707
18	-0.00745
20	-0.00865
22	-0.00789
24	-0.00705
26	-0.00655
28	-0.00663
30	-0.00575
32	-0.00458
34	-0.00468
36	-0.00528
38	-0.00537
40	-0.00558
42	-0.00586
44	-0.00538
46	-0.00599
48	-0.0049
50	-0.0033
52	-0.00402
54	-0.00283
56	-0.00311
58	-0.00385
60	-0.00451
62	-0.00455
64	-0.00424
66	-0.0047
68	-0.00505
70	-0.00267
72	-0.00168
74	-0.00133
76	-0.00167
78	-0.00133
80	-0.00173
82	-0.00102
84	-0.00191
86	-0.00212
88	-0.00319
90	-0.00262
92	-0.00287
94	-0.00241
96	-0.0016
98	-8.41493E-4
100	-9.04704E-4
102	-2.04916E-4
104	1.36873E-4
106	-4.22339E-4
108	-7.0755E-4
110	-7.72762E-4
112	-0.00121
114	-7.39185E-4
116	-5.20396E-4
118	-0.00147
120	-1.00819E-4
122	-1.13031E-4
124	-0.00196
126	-0.03483
128	-0.182
130	-0.43172
132	-0.73499
134	-1.05297
136	-1.36528
138	-1.6554
140	-1.91728
142	-2.1487
144	-2.35053
146	-2.51835
148	-2.6615
150	-2.78288
152	-2.88438
154	-2.93311
156	-2.8796
158	-2.74593
160	-2.56656
162	-2.36982
164	-2.171
166	-1.97826
168	-1.80094
170	-1.64008
172	-1.49406
174	-1.36397
176	-1.24988
178	-1.14849
180	-1.06095
182	-0.98433
184	-0.91832
186	-0.86029
188	-0.80812
190	-0.76296
192	-0.72414
194	-0.68996
196	-0.65826
198	-0.63233
200	-0.6077
202	-0.58453
204	-0.56465
206	-0.54632
208	-0.52999
210	-0.51526
212	-0.50158
214	-0.48792
216	-0.47503
218	-0.46434
220	-0.45376
222	-0.44303
224	-0.43393
226	-0.42503
228	-0.41671
230	-0.40768
232	-0.3992
234	-0.39177
236	-0.38487
238	-0.37871
240	-0.37215
242	-0.36591
244	-0.36084
246	-0.35559
248	-0.34899
250	-0.34364
252	-0.33843
254	-0.33371
256	-0.32879
258	-0.32512
260	-0.32104
262	-0.31776
264	-0.31438
266	-0.31177
268	-0.30613
270	-0.30211
272	-0.29816
274	-0.29478
276	-0.29019
278	-0.28709
280	-0.28422
282	-0.28
284	-0.27658
286	-0.2758
288	-0.27359
290	-0.27195
292	-0.26941
294	-0.26693
296	-0.26463
298	-0.26123
300	-0.25912
302	-0.25711
304	-0.2552
306	-0.25262
308	-0.24943
310	-0.24807
312	-0.24692
314	-0.24419
316	-0.24185
318	-0.23927
320	-0.23667
322	-0.23434
324	-0.23441
326	-0.23184
328	-0.22983
330	-0.22864
332	-0.22758
334	-0.22637
336	-0.2246
338	-0.22251
340	-0.22122
342	-0.21916
344	-0.21789
346	-0.21733
348	-0.21572
350	-0.21435
352	-0.21198
354	-0.2098
356	-0.20842
358	-0.20691
360	-0.20539
362	-0.20378
364	-0.20336
366	-0.20261
368	-0.20063
370	-0.19924
372	-0.19784
374	-0.19683
376	-0.19609
378	-0.19535
380	-0.19432
382	-0.19337
384	-0.19265
386	-0.19201
388	-0.19147
390	-0.19071
392	-0.19025
394	-0.19028
396	-0.18961
398	-0.18901
400	-0.18897
402	-0.18796
404	-0.18754
406	-0.18662
408	-0.18481
410	-0.1832
412	-0.18124
414	-0.18005
416	-0.17886
418	-0.17846
420	-0.17924
422	-0.17898
424	-0.17687
426	-0.17617
428	-0.17661
430	-0.17681
432	-0.17757
434	-0.17676
436	-0.17514
438	-0.17413
440	-0.17228
442	-0.17147
444	-0.17023
446	-0.16941
448	-0.1694
450	-0.16729
452	-0.16483
454	-0.16368
456	-0.1619
458	-0.1605
460	-0.15881
462	-0.15821
464	-0.15666
466	-0.15674
468	-0.15623
470	-0.1552
472	-0.1541
474	-0.15304
476	-0.15183
478	-0.15169
480	-0.15111
482	-0.15023
484	-0.14815
486	-0.14792
488	-0.14662
490	-0.14515
492	-0.14323
494	-0.14155
496	-0.13928
498	-0.13825
500	-0.13737
502	-0.13515
504	-0.13355
506	-0.13333
508	-0.13191
510	-0.12985
512	-0.12789
514	-0.12747
516	-0.12796
518	-0.12556
520	-0.12325
522	-0.12239
524	-0.12125
526	-0.11816
528	-0.11751
530	-0.11579
532	-0.11424
534	-0.11367
536	-0.11159
538	-0.10995
540	-0.10785
542	-0.10631
544	-0.1049
546	-0.1019
548	-0.09814
550	-0.09543
552	-0.09343
554	-0.09015
556	-0.08807
558	-0.08431
560	-0.08026
562	-0.07659
564	-0.07353
566	-0.0704
568	-0.0675
570	-0.06361
572	-0.05917
574	-0.05421
576	-0.05222
578	-0.05032
580	-0.04743
582	-0.04397
584	-0.03952
586	-0.03627
588	-0.0346
590	-0.03233
592	-0.03061
594	-0.0297
596	-0.02753
598	-0.02523
600	-0.0226
602	-0.01946
604	-0.01844
606	-0.01793
608	-0.0163
610	-0.01503
612	-0.01441
614	-0.01376
616	-0.01247
618	-0.01135
620	-0.01102
622	-0.01037
624	-0.00887
626	-0.00754
628	-0.00747
630	-0.00673
632	-0.00577
634	-0.00664
636	-0.00757
638	-0.00677
640	-0.00617
642	-0.00793
644	-0.00869
646	-0.00849
648	-0.00814
650	-0.00851
652	-0.00844
654	-0.00791
656	-0.00684
658	-0.00532
660	-0.00474
662	-0.00482
664	-0.00437
666	-0.00429
668	-0.00451
670	-0.00431
672	-0.00366
674	-0.00397
676	-0.00398
678	-0.00369
680	-0.00442
682	-0.00383
684	-0.00247
686	-0.00207
688	-0.00276
690	-0.00222
692	-0.00153
694	-0.00104
696	-0.00134
698	-0.0013
700	-0.00113
702	-1.27269E-4
704	0.00109
706	0.00117
708	0.00117
710	0.00136
712	0.0015
714	0.00138
716	0.00259
718	0.00264
720	0.00243
722	0.00209
724	-9.83096E-6
726	-0.05207
728	-0.21759
730	-0.4561
732	-0.72737
734	-1.00037
736	-1.25921
738	-1.49651
740	-1.70725
742	-1.89307
744	-2.05035
746	-2.18285
748	-2.29281
750	-2.38297
752	-2.45621
754	-2.5011
756	-2.46115
758	-2.34627
760	-2.18964
762	-2.0127
764	-1.83072
766	-1.65656
768	-1.49466
770	-1.34849
772	-1.21855
774	-1.10447
776	-1.00247
778	-0.91042
780	-0.82927
782	-0.76038
784	-0.70321
786	-0.65206
788	-0.60605
790	-0.56697
792	-0.53276
794	-0.50284
796	-0.47761
798	-0.45424
800	-0.43388
802	-0.41403
804	-0.39554
806	-0.37967
808	-0.36671
810	-0.3552
812	-0.34555
814	-0.33575
816	-0.32421
818	-0.31418
820	-0.30599
822	-0.29808
824	-0.29071
826	-0.28431
828	-0.27781
830	-0.27239
832	-0.26681
834	-0.2608
836	-0.25765
838	-0.25402
840	-0.25029
842	-0.24709
844	-0.24233
846	-0.23861
848	-0.23453
850	-0.2305
852	-0.22705
854	-0.22314
856	-0.21884
858	-0.21588
860	-0.21323
862	-0.21083
864	-0.20816
866	-0.20583
868	-0.20478
870	-0.2027
872	-0.2006
874	-0.19921
876	-0.19611
878	-0.1933
880	-0.19091
882	-0.18883
884	-0.18741
886	-0.18648
888	-0.18429
890	-0.1814
892	-0.17881
894	-0.17713
896	-0.17777
898	-0.17622
900	-0.175
902	-0.17523
904	-0.17384
906	-0.17271
908	-0.17197
910	-0.16986
912	-0.16797
914	-0.16834
916	-0.16747
918	-0.16604
920	-0.16551
922	-0.16514
924	-0.16437
926	-0.16407
928	-0.16389
930	-0.16195
932	-0.1601
934	-0.15873
936	-0.15886
938	-0.15967
940	-0.15803
942	-0.15692
944	-0.15669
946	-0.15591
948	-0.15496
950	-0.15319
952	-0.15269
954	-0.15198
956	-0.15057
958	-0.15031
960	-0.15067
962	-0.15016
964	-0.14991
966	-0.14948
968	-0.14928
970	-0.14945
972	-0.14922
974	-0.14875
976	-0.14736
978	-0.14692
980	-0.1472
982	-0.14736
984	-0.14789
986	-0.14679
988	-0.14603
990	-0.14631
992	-0.14637
994	-0.14557
996	-0.14474
998	-0.14372
1000	-0.14285
1002	-0.14204
1004	-0.14065
1006	-0.1398
1008	-0.14029
1010	-0.13988
1012	-0.13942
1014	-0.13862
1016	-0.13761
1018	-0.13666
1020	-0.13605
1022	-0.13675
1024	-0.13664
1026	-0.13493
1028	-0.13422
1030	-0.13339
1032	-0.13175
1034	-0.13062
1036	-0.13002
1038	-0.13062
1040	-0.12979
1042	-0.12891
1044	-0.12888
1046	-0.12769
1048	-0.12644
1050	-0.12644
1052	-0.12668
1054	-0.12691
1056	-0.12611
1058	-0.1239
1060	-0.12328
1062	-0.12236
1064	-0.12137
1066	-0.11974
1068	-0.11886
1070	-0.11908
1072	-0.11824
1074	-0.11831
1076	-0.11843
1078	-0.11763
1080	-0.11627
1082	-0.11538
1084	-0.11539
1086	-0.11549
1088	-0.11475
1090	-0.11438
1092	-0.1144
1094	-0.11334
1096	-0.11377
1098	-0.11399
1100	-0.11305
1102	-0.11265
1104	-0.11213
1106	-0.11132
1108	-0.10996
1110	-0.10971
1112	-0.11061
1114	-0.11043
1116	-0.10981
1118	-0.10805
1120	-0.10717
1122	-0.10739
1124	-0.10726
1126	-0.10658
1128	-0.10563
1130	-0.10325
1132	-0.10142
1134	-0.10156
1136	-0.10121
1138	-0.0999
1140	-0.09987
1142	-0.09995
1144	-0.09975
1146	-0.09909
1148	-0.09984
1150	-0.09876
1152	-0.09687
1154	-0.09609
1156	-0.09601
1158	-0.09433
1160	-0.09275
1162	-0.0911
1164	-0.08988
1166	-0.08783
1168	-0.08549
1170	-0.0844
1172	-0.0827
1174	-0.0807
1176	-0.0785
1178	-0.07575
1180	-0.07388
1182	-0.07158
1184	-0.0697
1186	-0.06744
1188	-0.06536
1190	-0.06278
1192	-0.06024
1194	-0.05763
1196	-0.05418
1198	-0.05177
1200	-0.05113
1202	-0.04789
1204	-0.04526
1206	-0.04369
1208	-0.04164
1210	-0.0386
1212	-0.03632
1214	-0.03443
1216	-0.03224
1218	-0.02936
1220	-0.0264
1222	-0.02422
1224	-0.0226
1226	-0.02088
1228	-0.01988
1230	-0.0174
1232	-0.01518
1234	-0.01286
1236	-0.01173
1238	-0.01023
1240	-0.00892
1242	-0.00832
1244	-0.00747
1246	-0.00677
1248	-0.00698
1250	-0.00623
1252	-0.00543
1254	-0.00523
1256	-0.00559
1258	-0.00608
1260	-0.00608
1262	-0.00561
1264	-0.00321
1266	-0.0022
1268	-0.0011
1270	-0.00139
1272	-0.00195
1274	-0.00257
1276	-0.00211
1278	-0.00145
1280	-0.00146
1282	-5.77639E-4
1284	1.88735E-4
1286	8.33108E-4
1288	0.0011
1290	3.93855E-4
1292	8.67228E-4
1294	0.0015
1296	0.00221
1298	0.00233
1300	0.00267
1302	0.00189
1304	0.00183
1306	0.00181
1308	0.00112
1310	0.00176
1312	8.38963E-4
1314	-1.17664E-4
1316	-0.00115
1318	-0.00114
1320	4.22456E-4
1322	5.4183E-4
1324	-0.00102
1326	-0.03584
1328	-0.16775
1330	-0.36883
1332	-0.60032
1334	-0.83414
1336	-1.05629
1338	-1.25911
1340	-1.44071
1342	-1.59795
1344	-1.73219
1346	-1.84678
1348	-1.94504
1350	-2.026
1352	-2.09276
1354	-2.13001
1356	-2.09635
1358	-2.00027
1360	-1.86395
1362	-1.70903
1364	-1.55223
1366	-1.40193
1368	-1.26251
1370	-1.13497
1372	-1.02174
1374	-0.91963
1376	-0.83254
1378	-0.757
1380	-0.68968
1382	-0.63023
1384	-0.57892
1386	-0.53454
1388	-0.49632
1390	-0.46143
1392	-0.4328
1394	-0.40768
1396	-0.38676
1398	-0.36879
1400	-0.35135
1402	-0.33484
1404	-0.32177
1406	-0.3102
1408	-0.29891
1410	-0.28881
1412	-0.27884
1414	-0.27064
1416	-0.26237
1418	-0.25522
1420	-0.24857
1422	-0.24206
1424	-0.23715
1426	-0.23299
1428	-0.22838
1430	-0.22288
1432	-0.21652
1434	-0.21021
1436	-0.2062
1438	-0.20264
1440	-0.19902
1442	-0.19583
1444	-0.19299
1446	-0.18966
1448	-0.18554
1450	-0.18293
1452	-0.17952
1454	-0.177
1456	-0.17372
1458	-0.16983
1460	-0.16725
1462	-0.16555
1464	-0.16406
1466	-0.16357
1468	-0.16209
1470	-0.16157
1472	-0.16193
1474	-0.15969
1476	-0.15814
1478	-0.15647
1480	-0.15401
1482	-0.15388
1484	-0.15325
1486	-0.15269
1488	-0.15149
1490	-0.15019
1492	-0.14857
1494	-0.14833
1496	-0.1471
1498	-0.14563
1500	-0.14425
1502	-0.14298
1504	-0.14133
1506	-0.14116
1508	-0.14146
1510	-0.13992
1512	-0.13822
1514	-0.13701
1516	-0.13699
1518	-0.1365
1520	-0.13458
1522	-0.13424
1524	-0.1345
1526	-0.13471
1528	-0.13339
1530	-0.13198
1532	-0.13154
1534	-0.13031
1536	-0.12892
1538	-0.12888
1540	-0.12916
1542	-0.12923
1544	-0.12767
1546	-0.12633
1548	-0.1259
1550	-0.12671
1552	-0.12698
1554	-0.12795
1556	-0.12873
1558	-0.12781
1560	-0.12663
1562	-0.1261
1564	-0.12437
1566	-0.12479
1568	-0.12574
1570	-0.12543
1572	-0.1255
1574	-0.12507
1576	-0.12489
1578	-0.12492
1580	-0.12274
1582	-0.12178
1584	-0.12205
1586	-0.12202
1588	-0.12181
1590	-0.12167
1592	-0.1208
1594	-0.11957
1596	-0.11854
1598	-0.11792
1600	-0.11735
1602	-0.11662
1604	-0.11618
1606	-0.11612
1608	-0.11554
1610	-0.11555
1612	-0.11524
1614	-0.11464
1616	-0.11588
1618	-0.11653
1620	-0.11612
1622	-0.1154
1624	-0.11374
1626	-0.11263
1628	-0.11014
1630	-0.1093
1632	-0.1113
1634	-0.11153
1636	-0.11089
1638	-0.11026
1640	-0.11063
1642	-0.1095
1644	-0.10812
1646	-0.1081
1648	-0.10896
1650	-0.10969
1652	-0.11016
1654	-0.11058
1656	-0.1109
1658	-0.1102
1660	-0.10951
1662	-0.10988
1664	-0.10938
1666	-0.1084
1668	-0.10754
1670	-0.10606
1672	-0.10454
1674	-0.1041
1676	-0.10449
1678	-0.10433
1680	-0.10424
1682	-0.10471
1684	-0.1036
1686	-0.10248
1688	-0.10109
1690	-0.09927
1692	-0.09808
1694	-0.09809
1696	-0.09732
1698	-0.09665
1700	-0.09597
1702	-0.09414
1704	-0.09342
1706	-0.09273
1708	-0.09382
1710	-0.09324
1712	-0.09276
1714	-0.09207
1716	-0.09215
1718	-0.09176
1720	-0.09106
1722	-0.09083
1724	-0.0893
1726	-0.08842
1728	-0.08929
1730	-0.08892
1732	-0.08674
1734	-0.086
1736	-0.08621
1738	-0.08524
1740	-0.08447
1742	-0.08258
1744	-0.08165
1746	-0.0814
1748	-0.08197
1750	-0.08246
1752	-0.08117
1754	-0.08037
1756	-0.07976
1758	-0.07901
1760	-0.07861
1762	-0.07697
1764	-0.07539
1766	-0.07458
1768	-0.07383
1770	-0.07365
1772	-0.07279
1774	-0.07113
1776	-0.07078
1778	-0.06896
1780	-0.06736
1782	-0.06702
1784	-0.06497
1786	-0.06389
1788	-0.06252
1790	-0.06051
1792	-0.05887
1794	-0.05673
1796	-0.05453
1798	-0.05328
1800	-0.05188
1802	-0.0504
1804	-0.04738
1806	-0.04479
1808	-0.04226
1810	-0.04002
1812	-0.03853
1814	-0.03588
1816	-0.03302
1818	-0.0307
1820	-0.02866
1822	-0.02794
1824	-0.02751
1826	-0.02553
1828	-0.02278
1830	-0.02015
1832	-0.01795
1834	-0.01576
1836	-0.01432
1838	-0.01336
1840	-0.01346
1842	-0.013
1844	-0.01247
1846	-0.01224
1848	-0.01045
1850	-0.0101
1852	-0.00961
1854	-0.00761
1856	-0.00823
1858	-0.00724
1860	-0.00645
1862	-0.00554
1864	-0.00523
1866	-0.00534
1868	-0.00475
1870	-0.00357
1872	-0.00268
1874	-0.00163
1876	-3.2062E-4
1878	-0.00126
1880	-0.00104
1882	-0.00105
1884	-0.00147
1886	-0.00214
1888	-0.00143
1890	-0.00106
1892	-0.00128
1894	-2.57174E-4
1896	4.39122E-4
1898	7.56418E-4
1900	9.14714E-4
1902	6.3301E-4
1904	0.00133
1906	0.00168
1908	0.00277
1910	0.00316
1912	0.00309
1914	0.00411
1916	0.00396
1918	0.00346
1920	0.00413
1922	0.00355
1924	0.00114
1926	-0.02814
1928	-0.14275
1930	-0.31888
1932	-0.51938
1934	-0.72309
1936	-0.9147
1938	-1.09063
1940	-1.24861
1942	-1.38555
1944	-1.50175
1946	-1.59973
1948	-1.68241
1950	-1.75193
1952	-1.80745
1954	-1.84414
1956	-1.82323
1958	-1.73957
1960	-1.62169
1962	-1.48594
1964	-1.3461
1966	-1.20594
1968	-1.07761
1970	-0.96392
1972	-0.8648
1974	-0.77786
1976	-0.70125
1978	-0.63538
1980	-0.57895
1982	-0.52988
1984	-0.48585
1986	-0.44813
1988	-0.41616
1990	-0.38769
1992	-0.36371
1994	-0.34344
1996	-0.32514
1998	-0.30752
2000	-0.29169
2002	-0.27805
2004	-0.2659
2006	-0.25502
2008	-0.24652
2010	-0.23933
2012	-0.23225
2014	-0.22626
2016	-0.22013
2018	-0.2135
2020	-0.2076
2022	-0.20178
2024	-0.19701
2026	-0.19421
2028	-0.19104
2030	-0.18656
2032	-0.18288
2034	-0.17932
2036	-0.17523
2038	-0.17265
2040	-0.16839
2042	-0.16636
2044	-0.16345
2046	-0.16215
2048	-0.15874
2050	-0.15632
2052	-0.15449
2054	-0.1524
2056	-0.14917
2058	-0.14721
2060	-0.1455
2062	-0.14372
2064	-0.14179
2066	-0.13983
2068	-0.13881
2070	-0.13838
2072	-0.1363
2074	-0.13591
2076	-0.13554
2078	-0.13502
2080	-0.13452
2082	-0.13307
2084	-0.1306
2086	-0.12883
2088	-0.1286
2090	-0.12765
2092	-0.12639
2094	-0.1251
2096	-0.12504
2098	-0.12505
2100	-0.12511
2102	-0.12363
2104	-0.12263
2106	-0.12162
2108	-0.12067
2110	-0.11992
2112	-0.11933
2114	-0.11776
2116	-0.11799
2118	-0.11784
2120	-0.11637
2122	-0.11601
2124	-0.11613
2126	-0.11631
2128	-0.1171
2130	-0.11639
2132	-0.11733
2134	-0.11663
2136	-0.11585
2138	-0.11531
2140	-0.11419
2142	-0.11314
2144	-0.11321
2146	-0.11283
2148	-0.11287
2150	-0.11288
2152	-0.11355
2154	-0.11301
2156	-0.11328
2158	-0.11234
2160	-0.11135
2162	-0.11052
2164	-0.10897
2166	-0.10869
2168	-0.10783
2170	-0.10711
2172	-0.10603
2174	-0.10519
2176	-0.10523
2178	-0.10661
2180	-0.10679
2182	-0.10677
2184	-0.1076
2186	-0.10728
2188	-0.10569
2190	-0.10484
2192	-0.10529
2194	-0.10477
2196	-0.1049
2198	-0.10535
2200	-0.10504
2202	-0.10476
2204	-0.10348
2206	-0.10348
2208	-0.10342
2210	-0.10256
2212	-0.10304
2214	-0.10336
2216	-0.10451
2218	-0.10366
2220	-0.10212
2222	-0.10137
2224	-0.10018
2226	-0.09924
2228	-0.09925
2230	-0.09753
2232	-0.09883
2234	-0.10027
2236	-0.10056
2238	-0.10077
2240	-0.10076
2242	-0.09999
2244	-0.09894
2246	-0.09999
2248	-0.10062
2250	-0.09874
2252	-0.09669
2254	-0.09659
2256	-0.09704
2258	-0.09779
2260	-0.09775
2262	-0.097
2264	-0.09609
2266	-0.09502
2268	-0.09349
2270	-0.09373
2272	-0.09474
2274	-0.09374
2276	-0.0933
2278	-0.09131
2280	-0.09028
2282	-0.08989
2284	-0.08927
2286	-0.08804
2288	-0.08672
2290	-0.08566
2292	-0.08528
2294	-0.08523
2296	-0.08583
2298	-0.08617
2300	-0.08697
2302	-0.08699
2304	-0.08629
2306	-0.08533
2308	-0.08499
2310	-0.08503
2312	-0.08423
2314	-0.08343
2316	-0.08337
2318	-0.08369
2320	-0.08345
2322	-0.08258
2324	-0.08116
2326	-0.0812
2328	-0.08213
2330	-0.08218
2332	-0.08158
2334	-0.08055
2336	-0.07931
2338	-0.07845
2340	-0.07768
2342	-0.0772
2344	-0.07642
2346	-0.07572
2348	-0.07471
2350	-0.07538
2352	-0.07428
2354	-0.07233
2356	-0.0733
2358	-0.07407
2360	-0.07393
2362	-0.07342
2364	-0.07138
2366	-0.07036
2368	-0.07104
2370	-0.06884
2372	-0.06754
2374	-0.06731
2376	-0.06649
2378	-0.06474
2380	-0.06472
2382	-0.06392
2384	-0.06361
2386	-0.06491
2388	-0.06513
2390	-0.06366
2392	-0.06179
2394	-0.06159
2396	-0.06176
2398	-0.06146
2400	-0.06026
2402	-0.05889
2404	-0.05705
2406	-0.05564
2408	-0.05479
2410	-0.05411
2412	-0.05172
2414	-0.05003
2416	-0.0473
2418	-0.04678
2420	-0.04613
2422	-0.04325
2424	-0.04043
2426	-0.0392
2428	-0.03775
2430	-0.03578
2432	-0.03499
2434	-0.03246
2436	-0.02967
2438	-0.02724
2440	-0.02514
2442	-0.02303
2444	-0.02138
2446	-0.01907
2448	-0.01829
2450	-0.01725
2452	-0.01484
2454	-0.01359
2456	-0.01291
2458	-0.01086
2460	-0.00895
2462	-0.00701
2464	-0.0064
2466	-0.00587
2468	-0.00523
2470	-0.0027
2472	-0.0015
2474	-0.00211
2476	-0.00295
2478	-0.00357
2480	-0.0026
2482	-0.00129
2484	-0.00153
2486	-0.00132
2488	-5.57126E-4
2490	6.07432E-4
2492	9.9099E-4
2494	8.98549E-4
2496	0.002
2498	0.00366
2500	0.00289
2502	0.002
2504	0.0027
2506	0.00312
2508	0.00392
2510	0.00356
2512	0.00282
2514	0.00337
2516	0.00399
2518	0.00503
2520	0.00728
2522	0.00699
2524	0.00668
2526	-0.01024
2528	-0.09762
2530	-0.24359
2532	-0.41536
2534	-0.59406
2536	-0.76436
2538	-0.91944
2540	-1.0583
2542	-1.18257
2544	-1.28857
2546	-1.37873
2548	-1.45767
2550	-1.5212
2552	-1.57129
2554	-1.6071
2556	-1.59596
2558	-1.53102
2560	-1.4319
2562	-1.31515
2564	-1.19608
2566	-1.07998
2568	-0.97183
2570	-0.87375
2572	-0.78576
2574	-0.70708
2576	-0.63764
2578	-0.5766
2580	-0.52422
2582	-0.47842
2584	-0.4386
2586	-0.40369
2588	-0.37318
2590	-0.34719
2592	-0.32435
2594	-0.30582
2596	-0.28716
2598	-0.27101
2600	-0.2581
2602	-0.24712
2604	-0.23518
2606	-0.22514
2608	-0.21644
2610	-0.20926
2612	-0.20245
2614	-0.19495
2616	-0.19015
2618	-0.18565
2620	-0.18185
2622	-0.17719
2624	-0.17165
2626	-0.16531
2628	-0.16045
2630	-0.15747
2632	-0.1536
2634	-0.15019
2636	-0.14624
2638	-0.14394
2640	-0.14283
2642	-0.14123
2644	-0.13801
2646	-0.13611
2648	-0.13414
2650	-0.13224
2652	-0.12949
2654	-0.12731
2656	-0.12668
2658	-0.12543
2660	-0.12399
2662	-0.12378
2664	-0.12283
2666	-0.11862
2668	-0.11596
2670	-0.11558
2672	-0.11496
2674	-0.11489
2676	-0.11449
2678	-0.11366
2680	-0.11151
2682	-0.11071
2684	-0.11093
2686	-0.11006
2688	-0.10692
2690	-0.10623
2692	-0.1059
2694	-0.10593
2696	-0.10604
2698	-0.1053
2700	-0.104
2702	-0.10305
2704	-0.10246
2706	-0.10286
2708	-0.10247
2710	-0.10198
2712	-0.10097
2714	-0.1016
2716	-0.10126
2718	-0.0995
2720	-0.09848
2722	-0.09852
2724	-0.09832
2726	-0.09813
2728	-0.09636
2730	-0.09626
2732	-0.09724
2734	-0.09725
2736	-0.09667
2738	-0.09729
2740	-0.09737
2742	-0.09834
2744	-0.09798
2746	-0.0961
2748	-0.09512
2750	-0.09388
2752	-0.09413
2754	-0.09522
2756	-0.09617
2758	-0.09581
2760	-0.09507
2762	-0.09458
2764	-0.09519
2766	-0.0947
2768	-0.09459
2770	-0.09437
2772	-0.09449
2774	-0.09427
2776	-0.09413
2778	-0.0935
2780	-0.09151
2782	-0.09088
2784	-0.09154
2786	-0.09167
2788	-0.09085
2790	-0.09015
2792	-0.08863
2794	-0.08764
2796	-0.08813
2798	-0.08912
2800	-0.08932
2802	-0.08792
2804	-0.08528
2806	-0.08526
2808	-0.08716
2810	-0.08677
2812	-0.0852
2814	-0.08528
2816	-0.08588
2818	-0.08526
2820	-0.08378
2822	-0.0818
2824	-0.08062
2826	-0.08044
2828	-0.08017
2830	-0.07885
2832	-0.07734
2834	-0.07728
2836	-0.07756
2838	-0.07733
2840	-0.07778
2842	-0.07707
2844	-0.07709
2846	-0.07823
2848	-0.079
2850	-0.07733
2852	-0.07581
2854	-0.07596
2856	-0.07482
2858	-0.07448
2860	-0.07325
2862	-0.07292
2864	-0.07261
2866	-0.07169
2868	-0.0714
2870	-0.07153
2872	-0.07064
2874	-0.07063
2876	-0.07158
2878	-0.07285
2880	-0.07298
2882	-0.07172
2884	-0.07137
2886	-0.07115
2888	-0.07144
2890	-0.07137
2892	-0.07253
2894	-0.07279
2896	-0.07201
2898	-0.07102
2900	-0.07053
2902	-0.06992
2904	-0.06886
2906	-0.06907
2908	-0.06925
2910	-0.06898
2912	-0.06879
2914	-0.06548
2916	-0.06365
2918	-0.06416
2920	-0.06316
2922	-0.06177
2924	-0.06256
2926	-0.06231
2928	-0.06157
2930	-0.0618
2932	-0.0622
2934	-0.06158
2936	-0.06055
2938	-0.06035
2940	-0.06001
2942	-0.05899
2944	-0.05812
2946	-0.05761
2948	-0.05723
2950	-0.05646
2952	-0.05556
2954	-0.05432
2956	-0.05334
2958	-0.05398
2960	-0.05456
2962	-0.05597
2964	-0.05647
2966	-0.05579
2968	-0.05484
2970	-0.05408
2972	-0.0539
2974	-0.05244
2976	-0.05243
2978	-0.05278
2980	-0.0519
2982	-0.04973
2984	-0.04882
2986	-0.04822
2988	-0.04646
2990	-0.04567
2992	-0.04576
2994	-0.04414
2996	-0.04151
2998	-0.04007
3000	-0.03984
3002	-0.03912
3004	-0.03852
3006	-0.0374
3008	-0.03616
3010	-0.03614
3012	-0.03614
3014	-0.03468
3016	-0.03227
3018	-0.03144
3020	-0.03092
3022	-0.02921
3024	-0.02807
3026	-0.02713
3028	-0.02511
3030	-0.02552
3032	-0.02544
3034	-0.0262
3036	-0.02559
3038	-0.02359
3040	-0.0207
3042	-0.01886
3044	-0.018
3046	-0.01773
3048	-0.01611
3050	-0.01417
3052	-0.01227
3054	-0.0104
3056	-0.00913
3058	-0.00783
3060	-0.00619
3062	-0.00477
3064	-0.00274
3066	-7.65879E-4
3068	-3.60947E-4
3070	2.33174E-4
3072	0.00176
3074	0.00232
3076	0.00267
3078	0.00383
3080	0.0052
3082	0.00749
3084	0.00909
3086	0.00962
3088	0.01031
3090	0.0125
3092	0.01316
3094	0.01354
3096	0.01614
3098	0.01817
3100	0.01873
3102	0.01707
3104	0.01761
3106	0.01893
3108	0.02029
3110	0.0211
3112	0.02188
3114	0.02312
3116	0.02297
3118	0.02455
3120	0.02316
3122	0.02291
3124	0.02354
3126	0.00967
3128	-0.06486
3130	-0.19343
3132	-0.34613
3134	-0.5028
3136	-0.65209
3138	-0.79172
3140	-0.91711
3142	-1.02636
3144	-1.12034
3146	-1.20019
3148	-1.26625
3150	-1.32134
3152	-1.36742
3154	-1.4021
3156	-1.39796
3158	-1.34385
3160	-1.25699
3162	-1.15546
3164	-1.04925
3166	-0.9458
3168	-0.84913
3170	-0.76215
3172	-0.68354
3174	-0.61271
3176	-0.55239
3178	-0.49955
3180	-0.45354
3182	-0.41269
3184	-0.37624
3186	-0.34583
3188	-0.32107
3190	-0.29874
3192	-0.27915
3194	-0.26228
3196	-0.24739
3198	-0.2348
3200	-0.22347
3202	-0.21427
3204	-0.20626
3206	-0.1995
3208	-0.19312
3210	-0.18666
3212	-0.18034
3214	-0.17425
3216	-0.16976
3218	-0.16697
3220	-0.16319
3222	-0.15928
3224	-0.15528
3226	-0.1519
3228	-0.14846
3230	-0.14657
3232	-0.14385
3234	-0.14198
3236	-0.13974
3238	-0.13527
3240	-0.13263
3242	-0.1318
3244	-0.13009
3246	-0.12769
3248	-0.12764
3250	-0.12652
3252	-0.12563
3254	-0.12304
3256	-0.12288
3258	-0.12237
3260	-0.12166
3262	-0.11802
3264	-0.11514
3266	-0.11298
3268	-0.11094
3270	-0.1106
3272	-0.10867
3274	-0.10707
3276	-0.10629
3278	-0.10441
3280	-0.10328
3282	-0.10232
3284	-0.10044
3286	-0.09819
3288	-0.09811
3290	-0.09803
3292	-0.09722
3294	-0.09638
3296	-0.09497
3298	-0.09373
3300	-0.0932
3302	-0.09297
3304	-0.0931
3306	-0.09363
3308	-0.09397
3310	-0.09479
3312	-0.09346
3314	-0.09277
3316	-0.0933
3318	-0.09355
3320	-0.09177
3322	-0.09094
3324	-0.09006
3326	-0.0896
3328	-0.09094
3330	-0.09125
3332	-0.09146
3334	-0.09105
3336	-0.09046
3338	-0.08862
3340	-0.08806
3342	-0.08656
3344	-0.08532
3346	-0.08469
3348	-0.08482
3350	-0.08499
3352	-0.08506
3354	-0.08468
3356	-0.08366
3358	-0.08383
3360	-0.08302
3362	-0.08127
3364	-0.08165
3366	-0.08273
3368	-0.08266
3370	-0.08176
3372	-0.08184
3374	-0.08307
3376	-0.08326
3378	-0.08226
3380	-0.08212
3382	-0.08302
3384	-0.08237
3386	-0.08021
3388	-0.07905
3390	-0.07921
3392	-0.07971
3394	-0.07963
3396	-0.07987
3398	-0.07945
3400	-0.07945
3402	-0.08016
3404	-0.07977
3406	-0.08129
3408	-0.0818
3410	-0.08179
3412	-0.08139
3414	-0.08139
3416	-0.08199
3418	-0.08334
3420	-0.08395
3422	-0.08257
3424	-0.08198
3426	-0.08116
3428	-0.08056
3430	-0.07962
3432	-0.07849
3434	-0.07663
3436	-0.07429
3438	-0.07458
3440	-0.07449
3442	-0.07442
3444	-0.07306
3446	-0.07247
3448	-0.07341
3450	-0.07215
3452	-0.07072
3454	-0.07164
3456	-0.07084
3458	-0.07047
3460	-0.07065
3462	-0.06821
3464	-0.067
3466	-0.06683
3468	-0.06623
3470	-0.0651
3472	-0.06407
3474	-0.06284
3476	-0.06206
3478	-0.06092
3480	-0.05978
3482	-0.05869
3484	-0.05825
3486	-0.0582
3488	-0.05724
3490	-0.05693
3492	-0.05773
3494	-0.05706
3496	-0.05848
3498	-0.05825
3500	-0.05738
3502	-0.05689
3504	-0.05841
3506	-0.05854
3508	-0.05825
3510	-0.05868
3512	-0.05892
3514	-0.05775
3516	-0.05795
3518	-0.05921
3520	-0.05877
3522	-0.05692
3524	-0.055
3526	-0.05556
3528	-0.05624
3530	-0.05682
3532	-0.05722
3534	-0.05729
3536	-0.05641
3538	-0.05588
3540	-0.05541
3542	-0.05491
3544	-0.05444
3546	-0.05377
3548	-0.05243
3550	-0.05097
3552	-0.05128
3554	-0.05083
3556	-0.04915
3558	-0.0475
3560	-0.04673
3562	-0.0467
3564	-0.04587
3566	-0.04629
3568	-0.04484
3570	-0.04349
3572	-0.04266
3574	-0.04201
3576	-0.04138
3578	-0.03892
3580	-0.0379
3582	-0.0378
3584	-0.03639
3586	-0.03665
3588	-0.03801
3590	-0.03727
3592	-0.0351
3594	-0.03394
3596	-0.03397
3598	-0.03321
3600	-0.03129
3602	-0.03006
3604	-0.03051
3606	-0.03056
3608	-0.02968
3610	-0.03022
3612	-0.02806
3614	-0.02767
3616	-0.02622
3618	-0.02592
3620	-0.02466
3622	-0.02304
3624	-0.02131
3626	-0.0217
3628	-0.02096
3630	-0.01983
3632	-0.01924
3634	-0.01642
3636	-0.01459
3638	-0.01364
3640	-0.01364
3642	-0.01351
3644	-0.0139
3646	-0.01195
3648	-0.00971
3650	-0.00796
3652	-0.00776
3654	-0.00694
3656	-0.00616
3658	-0.00615
3660	-0.00439
3662	-0.00463
3664	-0.00457
3666	-0.00478
3668	-0.00357
3670	-0.00364
3672	-0.00307
3674	-7.15743E-4
3676	2.24715E-4
3678	3.74173E-4
3680	9.27631E-4
3682	0.00186
3684	0.00148
3686	0.00212
3688	0.00519
3690	0.00627
3692	0.00749
3694	0.00966
3696	0.0096
3698	0.00977
3700	0.01144
3702	0.01247
3704	0.0136
3706	0.01361
3708	0.01295
3710	0.01357
3712	0.01432
3714	0.01514
3716	0.01578
3718	0.01668
3720	0.01649
3722	0.0169
3724	0.01639
3726	0.00567
3728	-0.05442
3730	-0.165
3732	-0.29902
3734	-0.43711
3736	-0.57129
3738	-0.69136
3740	-0.80009
3742	-0.89678
3744	-0.97952
3746	-1.05032
3748	-1.11001
3750	-1.16044
3752	-1.20406
3754	-1.2371
3756	-1.23553
3758	-1.18543
3760	-1.10814
3762	-1.01703
3764	-0.92483
3766	-0.83452
3768	-0.74934
3770	-0.67157
3772	-0.60393
3774	-0.54315
3776	-0.48938
3778	-0.4405
3780	-0.40021
3782	-0.36413
3784	-0.33352
3786	-0.30631
3788	-0.28321
3790	-0.2636
3792	-0.24514
3794	-0.2295
3796	-0.2163
3798	-0.20623
3800	-0.19622
3802	-0.18656
3804	-0.17803
3806	-0.17168
3808	-0.16655
3810	-0.16105
3812	-0.15513
3814	-0.15044
3816	-0.14716
3818	-0.14226
3820	-0.1394
3822	-0.13615
3824	-0.13096
3826	-0.1282
3828	-0.12607
3830	-0.12421
3832	-0.12105
3834	-0.11749
3836	-0.11551
3838	-0.11332
3840	-0.11125
3842	-0.10946
3844	-0.10622
3846	-0.10558
3848	-0.1055
3850	-0.105
3852	-0.10483
3854	-0.10431
3856	-0.10277
3858	-0.10223
3860	-0.10084
3862	-0.10011
3864	-0.10014
3866	-0.09825
3868	-0.09709
3870	-0.0967
3872	-0.09512
3874	-0.09389
3876	-0.09374
3878	-0.09117
3880	-0.09073
3882	-0.08974
3884	-0.08893
3886	-0.0892
3888	-0.08929
3890	-0.08789
3892	-0.08745
3894	-0.08671
3896	-0.08669
3898	-0.08545
3900	-0.08537
3902	-0.08387
3904	-0.08348
3906	-0.08285
3908	-0.08245
3910	-0.08293
3912	-0.08179
3914	-0.08139
3916	-0.08035
3918	-0.08029
3920	-0.08
3922	-0.08037
3924	-0.08087
3926	-0.08165
3928	-0.08131
3930	-0.08111
3932	-0.08153
3934	-0.08137
3936	-0.08138
3938	-0.08162
3940	-0.08059
3942	-0.08018
3944	-0.07981
3946	-0.07775
3948	-0.07669
3950	-0.07533
3952	-0.07486
3954	-0.07585
3956	-0.07477
3958	-0.07514
3960	-0.07497
3962	-0.07555
3964	-0.07342
3966	-0.07331
3968	-0.07312
3970	-0.07254
3972	-0.07235
3974	-0.07203
3976	-0.07172
3978	-0.071
3980	-0.06913
3982	-0.06806
3984	-0.06725
3986	-0.0672
3988	-0.06679
3990	-0.06662
3992	-0.06597
3994	-0.0646
3996	-0.06419
3998	-0.0645
4000	-0.06323
4002	-0.06329
4004	-0.0644
4006	-0.06404
4008	-0.06405
4010	-0.06476
4012	-0.06526
4014	-0.06606
4016	-0.06612
4018	-0.06538
4020	-0.0655
4022	-0.06672
4024	-0.06622
4026	-0.06504
4028	-0.06489
4030	-0.06573
4032	-0.06614
4034	-0.0669
4036	-0.06584
4038	-0.06526
4040	-0.06548
4042	-0.06587
4044	-0.06618
4046	-0.06718
4048	-0.06553
4050	-0.06347
4052	-0.06306
4054	-0.06404
4056	-0.06439
4058	-0.06523
4060	-0.06401
4062	-0.06322
4064	-0.06238
4066	-0.06222
4068	-0.06161
4070	-0.06085
4072	-0.05816
4074	-0.0575
4076	-0.05757
4078	-0.05679
4080	-0.05569
4082	-0.05537
4084	-0.05407
4086	-0.05344
4088	-0.05452
4090	-0.05343
4092	-0.05121
4094	-0.05026
4096	-0.05025
4098	-0.05063
4100	-0.05119
4102	-0.05067
4104	-0.04995
4106	-0.04892
4108	-0.04862
4110	-0.04785
4112	-0.04888
4114	-0.04857
4116	-0.04755
4118	-0.04714
4120	-0.04815
4122	-0.04897
4124	-0.04861
4126	-0.04761
4128	-0.04865
4130	-0.0483
4132	-0.04801
4134	-0.04797
4136	-0.04671
4138	-0.04483
4140	-0.04467
4142	-0.0438
4144	-0.04294
4146	-0.04301
4148	-0.04289
4150	-0.04146
4152	-0.04048
4154	-0.03882
4156	-0.03862
4158	-0.03944
4160	-0.03884
4162	-0.03833
4164	-0.03794
4166	-0.038
4168	-0.03817
4170	-0.03744
4172	-0.03556
4174	-0.03517
4176	-0.03531
4178	-0.03382
4180	-0.03327
4182	-0.03198
4184	-0.03128
4186	-0.0309
4188	-0.03019
4190	-0.03
4192	-0.02929
4194	-0.02834
4196	-0.02954
4198	-0.02923
4200	-0.02859
4202	-0.02797
4204	-0.02653
4206	-0.02663
4208	-0.02646
4210	-0.02561
4212	-0.0245
4214	-0.02557
4216	-0.02524
4218	-0.02559
4220	-0.02569
4222	-0.0243
4224	-0.02409
4226	-0.02367
4228	-0.02292
4230	-0.02399
4232	-0.023
4234	-0.02059
4236	-0.01852
4238	-0.01792
4240	-0.01835
4242	-0.01768
4244	-0.01675
4246	-0.01557
4248	-0.0148
4250	-0.01446
4252	-0.01468
4254	-0.01563
4256	-0.01492
4258	-0.01428
4260	-0.01317
4262	-0.01157
4264	-0.01083
4266	-0.01004
4268	-0.00796
4270	-0.00621
4272	-0.00534
4274	-0.0053
4276	-0.00475
4278	-0.00455
4280	-0.00386
4282	-0.00285
4284	-0.00291
4286	-0.0021
4288	-0.00278
4290	-0.00173
4292	-4.17031E-5
4294	7.79082E-4
4296	6.92868E-4
4298	6.26653E-4
4300	8.67438E-4
4302	0.00156
4304	0.002
4306	0.0029
4308	0.00369
4310	0.00563
4312	0.00636
4314	0.00648
4316	0.00706
4318	0.00943
4320	0.00926
4322	0.00819
4324	0.00934
4326	0.00476
4328	-0.04077
4330	-0.13447
4332	-0.25118
4334	-0.37286
4336	-0.49081
4338	-0.6001
4340	-0.69816
4342	-0.78442
4344	-0.85877
4346	-0.92215
4348	-0.97592
4350	-1.02138
4352	-1.05738
4354	-1.08468
4356	-1.08666
4358	-1.04746
4360	-0.98187
4362	-0.90369
4364	-0.82067
4366	-0.74075
4368	-0.66639
4370	-0.59783
4372	-0.53692
4374	-0.48167
4376	-0.43341
4378	-0.39139
4380	-0.3526
4382	-0.32152
4384	-0.29377
4386	-0.26918
4388	-0.2488
4390	-0.23101
4392	-0.21544
4394	-0.20148
4396	-0.18807
4398	-0.17882
4400	-0.1703
4402	-0.16253
4404	-0.15451
4406	-0.14804
4408	-0.14394
4410	-0.13886
4412	-0.13426
4414	-0.13151
4416	-0.1263
4418	-0.12161
4420	-0.11735
4422	-0.11402
4424	-0.1119
4426	-0.10876
4428	-0.1065
4430	-0.10406
4432	-0.10237
4434	-0.10129
4436	-0.09958
4438	-0.09757
4440	-0.09562
4442	-0.09354
4444	-0.09098
4446	-0.08841
4448	-0.08721
4450	-0.08662
4452	-0.08609
4454	-0.08534
4456	-0.08429
4458	-0.08362
4460	-0.08271
4462	-0.08145
4464	-0.08057
4466	-0.07909
4468	-0.07918
4470	-0.07863
4472	-0.07693
4474	-0.0751
4476	-0.07433
4478	-0.07317
4480	-0.07338
4482	-0.07503
4484	-0.0763
4486	-0.07566
4488	-0.0743
4490	-0.07356
4492	-0.0728
4494	-0.07093
4496	-0.06954
4498	-0.07045
4500	-0.07046
4502	-0.07027
4504	-0.07021
4506	-0.0685
4508	-0.06736
4510	-0.06901
4512	-0.06934
4514	-0.06911
4516	-0.06871
4518	-0.06843
4520	-0.06674
4522	-0.06513
4524	-0.06377
4526	-0.06463
4528	-0.06464
4530	-0.06467
4532	-0.06491
4534	-0.06567
4536	-0.06599
4538	-0.06381
4540	-0.0612
4542	-0.05976
4544	-0.05966
4546	-0.06003
4548	-0.06002
4550	-0.05922
4552	-0.05846
4554	-0.05988
4556	-0.05926
4558	-0.05799
4560	-0.05775
4562	-0.05844
4564	-0.05869
4566	-0.05829
4568	-0.06019
4570	-0.05861
4572	-0.05737
4574	-0.0557
4576	-0.05554
4578	-0.05664
4580	-0.05548
4582	-0.0547
4584	-0.05401
4586	-0.05362
4588	-0.05253
4590	-0.05316
4592	-0.05277
4594	-0.05206
4596	-0.0527
4598	-0.05277
4600	-0.05397
4602	-0.05296
4604	-0.05194
4606	-0.05185
4608	-0.05057
4610	-0.04997
4612	-0.05037
4614	-0.05013
4616	-0.05047
4618	-0.05024
4620	-0.04897
4622	-0.04914
4624	-0.0502
4626	-0.05251
4628	-0.05259
4630	-0.05231
4632	-0.05218
4634	-0.05061
4636	-0.05008
4638	-0.04969
4640	-0.04985
4642	-0.04903
4644	-0.04756
4646	-0.04726
4648	-0.04612
4650	-0.04634
4652	-0.04426
4654	-0.04357
4656	-0.0444
4658	-0.04426
4660	-0.04515
4662	-0.04554
4664	-0.04522
4666	-0.04482
4668	-0.04556
4670	-0.04503
4672	-0.04375
4674	-0.04318
4676	-0.04355
4678	-0.04298
4680	-0.04299
4682	-0.04343
4684	-0.04352
4686	-0.0431
4688	-0.04132
4690	-0.04214
4692	-0.04313
4694	-0.04222
4696	-0.03959
4698	-0.04004
4700	-0.0396
4702	-0.04016
4704	-0.04063
4706	-0.03994
4708	-0.03846
4710	-0.03747
4712	-0.03802
4714	-0.03835
4716	-0.03879
4718	-0.03959
4720	-0.03837
4722	-0.03613
4724	-0.03493
4726	-0.03561
4728	-0.03588
4730	-0.03492
4732	-0.03412
4734	-0.03279
4736	-0.03259
4738	-0.0321
4740	-0.0319
4742	-0.03218
4744	-0.03292
4746	-0.03261
4748	-0.03101
4750	-0.03026
4752	-0.0306
4754	-0.03028
4756	-0.032
4758	-0.03094
4760	-0.03035
4762	-0.03007
4764	-0.02935
4766	-0.02826
4768	-0.02759
4770	-0.02762
4772	-0.02698
4774	-0.02739
4776	-0.02825
4778	-0.02864
4780	-0.02876
4782	-0.02872
4784	-0.02705
4786	-0.02582
4788	-0.02567
4790	-0.02457
4792	-0.02373
4794	-0.02509
4796	-0.02473
4798	-0.02336
4800	-0.02239
4802	-0.0209
4804	-0.02047
4806	-0.01966
4808	-0.01894
4810	-0.01874
4812	-0.01759
4814	-0.01781
4816	-0.01766
4818	-0.01717
4820	-0.01677
4822	-0.01706
4824	-0.01782
4826	-0.01777
4828	-0.01622
4830	-0.01428
4832	-0.0125
4834	-0.01294
4836	-0.01342
4838	-0.01164
4840	-0.00982
4842	-0.01014
4844	-0.00974
4846	-0.00846
4848	-0.00614
4850	-0.00548
4852	-0.00513
4854	-0.00444
4856	-0.00468
4858	-0.00498
4860	-0.00497
4862	-0.00432
4864	-0.00352
4866	-0.00228
4868	-0.00197
4870	-0.0025
4872	-0.0011
4874	0.00145
4876	0.00318
4878	0.00425
4880	0.00572
4882	0.00631
4884	0.00755
4886	0.00963
4888	0.01013
4890	0.0103
4892	0.01112
4894	0.01278
4896	0.01269
4898	0.01373
4900	0.01657
4902	0.01644
4904	0.01601
4906	0.01823
4908	0.0192
4910	0.01926
4912	0.01932
4914	0.02117
4916	0.02262
4918	0.02306
4920	0.02305
4922	0.02375
4924	0.02542
4926	0.02313
4928	-0.01645
4930	-0.10088
4932	-0.20436
4934	-0.31205
4936	-0.41706
4938	-0.51529
4940	-0.603
4942	-0.67913
4944	-0.7452
4946	-0.8012
4948	-0.84888
4950	-0.88885
4952	-0.9216
4954	-0.94733
4956	-0.95209
4958	-0.92095
4960	-0.86494
4962	-0.79412
4964	-0.72176
4966	-0.65112
4968	-0.58282
4970	-0.51982
4972	-0.46433
4974	-0.41627
4976	-0.37371
4978	-0.33571
4980	-0.30224
4982	-0.27562
4984	-0.25119
4986	-0.22982
4988	-0.2124
4990	-0.19784
4992	-0.18292
4994	-0.17143
4996	-0.16196
4998	-0.1539
5000	-0.14576
5002	-0.14048
5004	-0.13497
5006	-0.12842
5008	-0.12363
5010	-0.11899
5012	-0.11498
5014	-0.11134
5016	-0.11003
5018	-0.10924
5020	-0.1046
5022	-0.10125
5024	-0.09833
5026	-0.09726
5028	-0.09739
5030	-0.09538
5032	-0.09348
5034	-0.09207
5036	-0.09064
5038	-0.08941
5040	-0.08736
5042	-0.08688
5044	-0.08547
5046	-0.08426
5048	-0.08369
5050	-0.08107
5052	-0.07869
5054	-0.07919
5056	-0.08038
5058	-0.08022
5060	-0.07899
5062	-0.07784
5064	-0.07657
5066	-0.07463
5068	-0.07571
5070	-0.0754
5072	-0.07442
5074	-0.07445
5076	-0.07425
5078	-0.0734
5080	-0.07322
5082	-0.07333
5084	-0.07135
5086	-0.07141
5088	-0.07203
5090	-0.07148
5092	-0.06932
5094	-0.0703
5096	-0.072
5098	-0.07232
5100	-0.07226
5102	-0.07237
5104	-0.07248
5106	-0.07152
5108	-0.07073
5110	-0.06869
5112	-0.06842
5114	-0.06947
5116	-0.06872
5118	-0.0688
5120	-0.06856
5122	-0.0682
5124	-0.06602
5126	-0.06583
5128	-0.06587
5130	-0.06365
5132	-0.062
5134	-0.06222
5136	-0.06036
5138	-0.06004
5140	-0.06018
5142	-0.06008
5144	-0.06036
5146	-0.05985
5148	-0.05959
5150	-0.0592
5152	-0.05781
5154	-0.05641
5156	-0.05599
5158	-0.0565
5160	-0.05657
5162	-0.05661
5164	-0.05567
5166	-0.05544
5168	-0.05474
5170	-0.05371
5172	-0.05282
5174	-0.05445
5176	-0.05418
5178	-0.05423
5180	-0.05267
5182	-0.05269
5184	-0.05448
5186	-0.05469
5188	-0.05457
5190	-0.0531
5192	-0.05131
5194	-0.05021
5196	-0.04799
5198	-0.04704
5200	-0.04748
5202	-0.04743
5204	-0.04772
5206	-0.04667
5208	-0.04559
5210	-0.0473
5212	-0.04823
5214	-0.04926
5216	-0.04844
5218	-0.04729
5220	-0.04739
5222	-0.04788
5224	-0.04851
5226	-0.04912
5228	-0.04885
5230	-0.04737
5232	-0.04779
5234	-0.04753
5236	-0.04666
5238	-0.04619
5240	-0.04638
5242	-0.04624
5244	-0.04539
5246	-0.04526
5248	-0.04516
5250	-0.04388
5252	-0.04251
5254	-0.04349
5256	-0.04406
5258	-0.0436
5260	-0.04432
5262	-0.04446
5264	-0.04385
5266	-0.04264
5268	-0.04261
5270	-0.04157
5272	-0.04057
5274	-0.04143
5276	-0.04164
5278	-0.04004
5280	-0.03783
5282	-0.03706
5284	-0.03608
5286	-0.03655
5288	-0.03773
5290	-0.03907
5292	-0.03874
5294	-0.03813
5296	-0.03708
5298	-0.03629
5300	-0.03629
5302	-0.03553
5304	-0.03527
5306	-0.0368
5308	-0.03627
5310	-0.03512
5312	-0.03564
5314	-0.03679
5316	-0.0357
5318	-0.03544
5320	-0.03596
5322	-0.03413
5324	-0.03405
5326	-0.03567
5328	-0.03521
5330	-0.03451
5332	-0.03336
5334	-0.03135
5336	-0.03177
5338	-0.03249
5340	-0.03212
5342	-0.03212
5344	-0.03162
5346	-0.03205
5348	-0.03103
5350	-0.02931
5352	-0.03004
5354	-0.03066
5356	-0.03061
5358	-0.03051
5360	-0.02982
5362	-0.02822
5364	-0.02539
5366	-0.02525
5368	-0.02514
5370	-0.02649
5372	-0.0263
5374	-0.02645
5376	-0.02745
5378	-0.02868
5380	-0.02861
5382	-0.02765
5384	-0.02639
5386	-0.02672
5388	-0.02626
5390	-0.02455
5392	-0.02394
5394	-0.02431
5396	-0.02497
5398	-0.02589
5400	-0.02698
5402	-0.02799
5404	-0.02759
5406	-0.02587
5408	-0.02396
5410	-0.02327
5412	-0.02233
5414	-0.02115
5416	-0.02032
5418	-0.01954
5420	-0.02009
5422	-0.02003
5424	-0.01822
5426	-0.01664
5428	-0.01643
5430	-0.0171
5432	-0.01581
5434	-0.01442
5436	-0.01366
5438	-0.01307
5440	-0.01262
5442	-0.01314
5444	-0.01165
5446	-0.00879
5448	-0.00906
5450	-0.00992
5452	-0.01168
5454	-0.01223
5456	-0.01138
5458	-0.00972
5460	-0.0086
5462	-0.00924
5464	-0.00882
5466	-0.00698
5468	-0.00525
5470	-0.00422
5472	-0.00301
5474	-0.00251
5476	-0.00242
5478	-0.00216
5480	-0.00207
5482	-0.00169
5484	-9.32655E-4
5486	0.00122
5488	0.00136
5490	0.00305
5492	0.00432
5494	0.0038
5496	0.00463
5498	0.00515
5500	0.00579
5502	0.00567
5504	0.00765
5506	0.00765
5508	0.00731
5510	0.00796
5512	0.00811
5514	0.00801
5516	0.00863
5518	0.00789
5520	0.00808
5522	0.00747
5524	0.00736
5526	0.00727
5528	-0.01852
5530	-0.08479
5532	-0.17348
5534	-0.26904
5536	-0.3628
5538	-0.44824
5540	-0.52666
5542	-0.59577
5544	-0.6585
5546	-0.71133
5548	-0.75487
5550	-0.79319
5552	-0.82357
5554	-0.84687
5556	-0.85707
5558	-0.83308
5560	-0.78584
5562	-0.72631
5564	-0.66227
5566	-0.59866
5568	-0.53797
5570	-0.48292
5572	-0.43366
5574	-0.39055
5576	-0.35207
5578	-0.31699
5580	-0.28715
5582	-0.26301
5584	-0.24217
5586	-0.22421
5588	-0.20853
5590	-0.1943
5592	-0.18212
5594	-0.172
5596	-0.16296
5598	-0.15515
5600	-0.14754
5602	-0.14205
5604	-0.13665
5606	-0.13096
5608	-0.12709
5610	-0.12365
5612	-0.11896
5614	-0.11488
5616	-0.11208
5618	-0.10929
5620	-0.1069
5622	-0.10347
5624	-0.10201
5626	-0.09972
5628	-0.09581
5630	-0.09418
5632	-0.09214
5634	-0.09049
5636	-0.08751
5638	-0.08519
5640	-0.0848
5642	-0.08273
5644	-0.081
5646	-0.08064
5648	-0.08003
5650	-0.07921
5652	-0.07719
5654	-0.07603
5656	-0.07566
5658	-0.07385
5660	-0.07397
5662	-0.07322
5664	-0.07101
5666	-0.07114
5668	-0.07241
5670	-0.07288
5672	-0.07145
5674	-0.07076
5676	-0.07022
5678	-0.06941
5680	-0.06803
5682	-0.06778
5684	-0.06693
5686	-0.06585
5688	-0.06628
5690	-0.06692
5692	-0.06725
5694	-0.06708
5696	-0.06697
5698	-0.06838
5700	-0.06797
5702	-0.06639
5704	-0.06565
5706	-0.06564
5708	-0.06348
5710	-0.06188
5712	-0.06204
5714	-0.06223
5716	-0.06
5718	-0.05697
5720	-0.05571
5722	-0.05447
5724	-0.05325
5726	-0.0526
5728	-0.05175
5730	-0.05147
5732	-0.05193
5734	-0.05004
5736	-0.04903
5738	-0.04996
5740	-0.05011
5742	-0.0494
5744	-0.04807
5746	-0.04753
5748	-0.04768
5750	-0.0476
5752	-0.04821
5754	-0.04891
5756	-0.04832
5758	-0.0471
5760	-0.04756
5762	-0.04779
5764	-0.04735
5766	-0.04783
5768	-0.04762
5770	-0.04797
5772	-0.04725
5774	-0.04756
5776	-0.04621
5778	-0.04519
5780	-0.04523
5782	-0.0461
5784	-0.04559
5786	-0.04621
5788	-0.04546
5790	-0.04473
5792	-0.04539
5794	-0.04491
5796	-0.04548
5798	-0.04561
5800	-0.04439
5802	-0.04411
5804	-0.04373
5806	-0.04321
5808	-0.04281
5810	-0.04343
5812	-0.0436
5814	-0.04255
5816	-0.04119
5818	-0.04064
5820	-0.0405
5822	-0.04017
5824	-0.04007
5826	-0.03912
5828	-0.03946
5830	-0.03906
5832	-0.038
5834	-0.03743
5836	-0.03687
5838	-0.03771
5840	-0.03734
5842	-0.03709
5844	-0.0379
5846	-0.03811
5848	-0.03719
5850	-0.03675
5852	-0.03672
5854	-0.03583
5856	-0.03489
5858	-0.03485
5860	-0.03289
5862	-0.033
5864	-0.03206
5866	-0.0303
5868	-0.0297
5870	-0.03102
5872	-0.03195
5874	-0.03078
5876	-0.03044
5878	-0.03033
5880	-0.03124
5882	-0.03055
5884	-0.0288
5886	-0.02847
5888	-0.02932
5890	-0.02815
5892	-0.02701
5894	-0.02631
5896	-0.02654
5898	-0.02741
5900	-0.02621
5902	-0.0248
5904	-0.02485
5906	-0.02355
5908	-0.02392
5910	-0.02453
5912	-0.0249
5914	-0.02511
5916	-0.02444
5918	-0.02302
5920	-0.02209
5922	-0.02112
5924	-0.02081
5926	-0.02115
5928	-0.02078
5930	-0.02147
5932	-0.02134
5934	-0.01991
5936	-0.01899
5938	-0.02068
5940	-0.02047
5942	-0.01957
5944	-0.0195
5946	-0.01954
5948	-0.02025
5950	-0.01965
5952	-0.01962
5954	-0.02129
5956	-0.02157
5958	-0.02044
5960	-0.02032
5962	-0.0198
5964	-0.02015
5966	-0.0207
5968	-0.02006
5970	-0.02005
5972	-0.01985
5974	-0.01883
5976	-0.01797
5978	-0.0183
5980	-0.01773
5982	-0.01805
5984	-0.01888
5986	-0.01698
5988	-0.01675
5990	-0.01614
5992	-0.01626
5994	-0.0151
5996	-0.01431
5998	-0.0147
6000	-0.01526
6002	-0.01384
6004	-0.01207
6006	-0.01096
6008	-0.01161
6010	-0.01227
6012	-0.01325
6014	-0.01364
6016	-0.01352
6018	-0.01391
6020	-0.01332
6022	-0.01376
6024	-0.01359
6026	-0.01421
6028	-0.01295
6030	-0.01263
6032	-0.01243
6034	-0.01121
6036	-0.00994
6038	-0.01029
6040	-0.00986
6042	-0.00924
6044	-0.00914
6046	-0.00815
6048	-0.007
6050	-0.00762
6052	-0.00684
6054	-0.00584
6056	-0.00585
6058	-0.00551
6060	-0.00558
6062	-0.00456
6064	-0.00376
6066	-0.0026
6068	-7.23651E-4
6070	6.1875E-4
6072	0.00285
6074	0.00326
6076	0.00541
6078	0.00585
6080	0.00606
6082	0.00816
6084	0.00933
6086	0.0091
6088	0.00971
6090	0.01069
6092	0.00962
6094	0.00935
6096	0.00883
6098	0.00858
6100	0.01036
6102	0.01092
6104	0.01165
6106	0.01289
6108	0.01326
6110	0.01334
6112	0.01366
6114	0.01481
6116	0.01743
6118	0.01918
6120	0.0194
6122	0.01909
6124	0.01963
6126	0.0182
6128	-0.00226
6130	-0.05809
6132	-0.13394
6134	-0.21823
6136	-0.30284
6138	-0.38138
6140	-0.45299
6142	-0.51819
6144	-0.57243
6146	-0.62116
6148	-0.6605
6150	-0.69259
6152	-0.71892
6154	-0.74219
6156	-0.75268
6158	-0.73434
6160	-0.69244
6162	-0.63953
6164	-0.5813
6166	-0.52392
6168	-0.46956
6170	-0.4195
6172	-0.37531
6174	-0.33549
6176	-0.30027
6178	-0.26839
6180	-0.24101
6182	-0.21739
6184	-0.19625
6186	-0.17886
6188	-0.16372
6190	-0.15011
6192	-0.13939
6194	-0.13027
6196	-0.12288
6198	-0.11595
6200	-0.10982
6202	-0.10333
6204	-0.09891
6206	-0.09389
6208	-0.09058
6210	-0.08603
6212	-0.08237
6214	-0.08039
6216	-0.0776
6218	-0.07444
6220	-0.07393
6222	-0.07187
6224	-0.06968
6226	-0.06817
6228	-0.06593
6230	-0.06533
6232	-0.06218
6234	-0.06264
6236	-0.06367
6238	-0.06218
6240	-0.06056
6242	-0.0599
6244	-0.05948
6246	-0.05831
6248	-0.05632
6250	-0.05633
6252	-0.0565
6254	-0.05526
6256	-0.05407
6258	-0.05332
6260	-0.05236
6262	-0.05133
6264	-0.05086
6266	-0.05091
6268	-0.05063
6270	-0.05092
6272	-0.05037
6274	-0.04928
6276	-0.0493
6278	-0.04846
6280	-0.04712
6282	-0.04634
6284	-0.04538
6286	-0.04437
6288	-0.04424
6290	-0.04581
6292	-0.04606
6294	-0.04353
6296	-0.04363
6298	-0.04442
6300	-0.04491
6302	-0.0453
6304	-0.04311
6306	-0.04357
6308	-0.04231
6310	-0.04198
6312	-0.0428
6314	-0.04147
6316	-0.04244
6318	-0.04317
6320	-0.04217
6322	-0.04192
6324	-0.04202
6326	-0.04231
6328	-0.04174
6330	-0.04041
6332	-0.03943
6334	-0.0397
6336	-0.03857
6338	-0.03764
6340	-0.03727
6342	-0.03658
6344	-0.03599
6346	-0.03719
6348	-0.03793
6350	-0.03786
6352	-0.03691
6354	-0.03674
6356	-0.03658
6358	-0.03656
6360	-0.03611
6362	-0.03674
6364	-0.03711
6366	-0.03759
6368	-0.03702
6370	-0.03585
6372	-0.03532
6374	-0.03527
6376	-0.03484
6378	-0.0342
6380	-0.03389
6382	-0.03424
6384	-0.034
6386	-0.03495
6388	-0.03447
6390	-0.03188
6392	-0.03006
6394	-0.0305
6396	-0.03201
6398	-0.03308
6400	-0.03244
6402	-0.03166
6404	-0.0304
6406	-0.02973
6408	-0.03138
6410	-0.03098
6412	-0.03136
6414	-0.03328
6416	-0.03247
6418	-0.03192
6420	-0.03245
6422	-0.03343
6424	-0.03264
6426	-0.03361
6428	-0.03493
6430	-0.03394
6432	-0.03263
6434	-0.03138
6436	-0.03094
6438	-0.02981
6440	-0.03034
6442	-0.03075
6444	-0.031
6446	-0.0325
6448	-0.03209
6450	-0.0314
6452	-0.03059
6454	-0.03222
6456	-0.03314
6458	-0.03238
6460	-0.03193
6462	-0.03132
6464	-0.031
6466	-0.03123
6468	-0.03143
6470	-0.03046
6472	-0.03081
6474	-0.03019
6476	-0.02884
6478	-0.02757
6480	-0.02786
6482	-0.02806
6484	-0.02875
6486	-0.02857
6488	-0.02791
6490	-0.02735
6492	-0.02826
6494	-0.02878
6496	-0.02832
6498	-0.02843
6500	-0.02712
6502	-0.02681
6504	-0.02827
6506	-0.0263
6508	-0.02582
6510	-0.02524
6512	-0.02548
6514	-0.02445
6516	-0.02228
6518	-0.02052
6520	-0.01834
6522	-0.01865
6524	-0.01875
6526	-0.01776
6528	-0.01803
6530	-0.01942
6532	-0.02025
6534	-0.0204
6536	-0.0203
6538	-0.01987
6540	-0.02002
6542	-0.02054
6544	-0.02054
6546	-0.02037
6548	-0.02063
6550	-0.02044
6552	-0.01802
6554	-0.01705
6556	-0.01748
6558	-0.01849
6560	-0.0198
6562	-0.01751
6564	-0.01718
6566	-0.01774
6568	-0.01796
6570	-0.01806
6572	-0.01793
6574	-0.01673
6576	-0.01721
6578	-0.01762
6580	-0.01805
6582	-0.01758
6584	-0.0151
6586	-0.01458
6588	-0.01605
6590	-0.01603
6592	-0.01722
6594	-0.01639
6596	-0.01304
6598	-0.0129
6600	-0.01353
6602	-0.01163
6604	-0.00881
6606	-0.00817
6608	-0.00942
6610	-0.00902
6612	-0.00861
6614	-0.00766
6616	-0.00709
6618	-0.00789
6620	-0.00816
6622	-0.00736
6624	-0.00711
6626	-0.00814
6628	-0.00823
6630	-0.00717
6632	-0.00776
6634	-0.00926
6636	-0.00834
6638	-0.00814
6640	-0.00857
6642	-0.00863
6644	-0.00632
6646	-0.00452
6648	-0.00573
6650	-0.00578
6652	-0.00495
6654	-0.00389
6656	-0.00323
6658	-6.97395E-4
6660	6.97332E-4
6662	7.63059E-4
6664	-2.23214E-4
6666	0.0016
6668	0.00418
6670	0.00498
6672	0.00635
6674	0.00897
6676	0.01052
6678	0.0104
6680	0.01064
6682	0.01028
6684	0.01029
6686	0.01212
6688	0.01269
6690	0.01282
6692	0.01418
6694	0.01558
6696	0.01686
6698	0.01682
6700	0.017
6702	0.01746
6704	0.01873
6706	0.01859
6708	0.01794
6710	0.01915
6712	0.02046
6714	0.02102
6716	0.0221
6718	0.02268
6720	0.023
6722	0.02237
6724	0.02331
6726	0.02234
6728	0.00622
6730	-0.04227
6732	-0.11043
6734	-0.18378
6736	-0.25573
6738	-0.32354
6740	-0.38641
6742	-0.44169
6744	-0.48996
6746	-0.531
6748	-0.56748
6750	-0.5971
6752	-0.62141
6754	-0.6392
6756	-0.65201
6758	-0.64033
6760	-0.60693
6762	-0.56197
6764	-0.51248
6766	-0.46438
6768	-0.41814
6770	-0.37293
6772	-0.33343
6774	-0.29826
6776	-0.2667
6778	-0.24034
6780	-0.21642
6782	-0.19558
6784	-0.17744
6786	-0.16186
6788	-0.14843
6790	-0.13761
6792	-0.13021
6794	-0.12465
6796	-0.11925
6798	-0.11423
6800	-0.10871
6802	-0.10241
6804	-0.09764
6806	-0.09332
6808	-0.08776
6810	-0.08508
6812	-0.08222
6814	-0.07968
6816	-0.0755
6818	-0.07291
6820	-0.06879
6822	-0.06632
6824	-0.06412
6826	-0.06245
6828	-0.06112
6830	-0.05885
6832	-0.05619
6834	-0.05572
6836	-0.05376
6838	-0.04938
6840	-0.04607
6842	-0.04357
6844	-0.04393
6846	-0.04418
6848	-0.04307
6850	-0.04116
6852	-0.03987
6854	-0.03907
6856	-0.03845
6858	-0.03845
6860	-0.03723
6862	-0.0377
6864	-0.03709
6866	-0.03617
6868	-0.03594
6870	-0.03761
6872	-0.0376
6874	-0.03678
6876	-0.03593
6878	-0.03443
6880	-0.03389
6882	-0.03359
6884	-0.03358
6886	-0.0329
6888	-0.03212
6890	-0.03453
6892	-0.03486
6894	-0.03386
6896	-0.03202
6898	-0.03142
6900	-0.03324
6902	-0.03329
6904	-0.03313
6906	-0.03261
6908	-0.03153
6910	-0.03254
6912	-0.03234
6914	-0.03152
6916	-0.03016
6918	-0.03043
6920	-0.03191
6922	-0.03215
6924	-0.03113
6926	-0.03144
6928	-0.02997
6930	-0.02858
6932	-0.0302
6934	-0.03096
6936	-0.03145
6938	-0.03294
6940	-0.03388
6942	-0.03442
6944	-0.03508
6946	-0.03466
6948	-0.03459
6950	-0.03666
6952	-0.03851
6954	-0.03872
6956	-0.03917
6958	-0.03706
6960	-0.03722
6962	-0.0361
6964	-0.03595
6966	-0.03679
6968	-0.03725
6970	-0.03435
6972	-0.03416
6974	-0.03458
6976	-0.03356
6978	-0.03422
6980	-0.03393
6982	-0.0337
6984	-0.03373
6986	-0.03155
6988	-0.03241
6990	-0.03377
6992	-0.03444
6994	-0.0334
6996	-0.0328
6998	-0.03209
7000	-0.03085
7002	-0.02923
7004	-0.0291
7006	-0.02915
7008	-0.02856
7010	-0.02769
7012	-0.0277
7014	-0.02778
7016	-0.02809
7018	-0.02751
7020	-0.02619
7022	-0.02599
7024	-0.02631
7026	-0.0256
7028	-0.02491
7030	-0.02381
7032	-0.02504
7034	-0.02619
7036	-0.02548
7038	-0.02661
7040	-0.02763
7042	-0.0257
7044	-0.02514
7046	-0.02529
7048	-0.02505
7050	-0.0242
7052	-0.02416
7054	-0.02264
7056	-0.02263
7058	-0.02093
7060	-0.01962
7062	-0.01921
7064	-0.01856
7066	-0.01887
7068	-0.01958
7070	-0.01927
7072	-0.01788
7074	-0.01739
7076	-0.01694
7078	-0.01667
7080	-0.01768
7082	-0.01772
7084	-0.01685
7086	-0.01472
7088	-0.01467
7090	-0.01349
7092	-0.0131
7094	-0.01261
7096	-0.01268
7098	-0.01066
7100	-0.01053
7102	-0.01213
7104	-0.01163
7106	-0.01153
7108	-0.01101
7110	-0.01073
7112	-0.00976
7114	-0.01028
7116	-0.01166
7118	-0.01246
7120	-0.011
7122	-0.0112
7124	-0.01288
7126	-0.01357
7128	-0.01321
7130	-0.01363
7132	-0.01365
7134	-0.01319
7136	-0.01443
7138	-0.01359
7140	-0.0119
7142	-0.01178
7144	-0.01153
7146	-0.01091
7148	-0.01118
7150	-0.01016
7152	-0.00905
7154	-0.00778
7156	-0.00673
7158	-0.00695
7160	-0.00845
7162	-0.00763
7164	-0.00713
7166	-0.00756
7168	-0.00887
7170	-0.00734
7172	-0.00753
7174	-0.00678
7176	-0.00699
7178	-0.00706
7180	-0.00694
7182	-0.00671
7184	-0.00607
7186	-0.00568
7188	-0.00456
7190	-0.00419
7192	-0.0032
7194	-0.00288
7196	-0.00257
7198	-0.00173
7200	-7.57544E-4
7202	5.6801E-4
7204	2.39563E-4
7206	0.00138
7208	0.00264
7210	0.00318
7212	0.00444
7214	0.00573
7216	0.00735
7218	0.00827
7220	0.00779
7222	0.00666
7224	0.00591
7226	0.00698
7228	0.00856
7230	0.00897
7232	0.00871
7234	0.00972
7236	0.01031
7238	0.01011
7240	0.00973
7242	0.00879
7244	0.00826
7246	0.00897
7248	0.01032
7250	0.01032
7252	0.00976
7254	0.01077
7256	0.0115
7258	0.01113
7260	0.01165
7262	0.01279
7264	0.01317
7266	0.01316
7268	0.01338
7270	0.01325
7272	0.01452
7274	0.01457
7276	0.01481
7278	0.0167
7280	0.01611
7282	0.01631
7284	0.01725
7286	0.01681
7288	0.01742
7290	0.01741
7292	0.01776
7294	0.01764
7296	0.01778
7298	0.01711
7300	0.01787
7302	0.01819
7304	0.01939
7306	0.01955
7308	0.01907
7310	0.01959
7312	0.0186
7314	0.01994
7316	0.02184
7318	0.0233
7320	0.025
7322	0.02498
7324	0.02403
7326	0.02224
7328	0.01101
7330	-0.03075
7332	-0.09312
7334	-0.15857
7336	-0.22413
7338	-0.28546
7340	-0.34172
7342	-0.39231
7344	-0.43606
7346	-0.47289
7348	-0.50561
7350	-0.53181
7352	-0.55247
7354	-0.56886
7356	-0.57948
7358	-0.5705
7360	-0.53956
7362	-0.49826
7364	-0.45385
7366	-0.41059
7368	-0.36919
7370	-0.32763
7372	-0.29148
7374	-0.25944
7376	-0.23301
7378	-0.20855
7380	-0.18676
7382	-0.1671
7384	-0.1512
7386	-0.13758
7388	-0.12529
7390	-0.11525
7392	-0.10675
7394	-0.09887
7396	-0.09236
7398	-0.08753
7400	-0.08224
7402	-0.07767
7404	-0.07319
7406	-0.06876
7408	-0.06581
7410	-0.06425
7412	-0.06069
7414	-0.05914
7416	-0.05739
7418	-0.05542
7420	-0.05403
7422	-0.05285
7424	-0.05134
7426	-0.04987
7428	-0.04818
7430	-0.04731
7432	-0.04769
7434	-0.04826
7436	-0.04731
7438	-0.0452
7440	-0.0448
7442	-0.0442
7444	-0.04293
7446	-0.04352
7448	-0.04284
7450	-0.04182
7452	-0.04202
7454	-0.04153
7456	-0.04052
7458	-0.03825
7460	-0.03748
7462	-0.03774
7464	-0.03565
7466	-0.03433
7468	-0.03361
7470	-0.03326
7472	-0.03348
7474	-0.03227
7476	-0.03237
7478	-0.03151
7480	-0.0293
7482	-0.02896
7484	-0.03011
7486	-0.03158
7488	-0.03235
7490	-0.03128
7492	-0.03063
7494	-0.03021
7496	-0.02929
7498	-0.02878
7500	-0.02886
7502	-0.02811
7504	-0.02869
7506	-0.02893
7508	-0.02861
7510	-0.02867
7512	-0.02937
7514	-0.02803
7516	-0.02605
7518	-0.02663
7520	-0.02763
7522	-0.02663
7524	-0.02809
7526	-0.02945
7528	-0.02911
7530	-0.02806
7532	-0.02779
7534	-0.02733
7536	-0.02663
7538	-0.02795
7540	-0.02895
7542	-0.02804
7544	-0.02744
7546	-0.02711
7548	-0.02617
7550	-0.02717
7552	-0.02737
7554	-0.02662
7556	-0.02661
7558	-0.02673
7560	-0.02681
7562	-0.02594
7564	-0.02631
7566	-0.02854
7568	-0.02799
7570	-0.02743
7572	-0.02729
7574	-0.02635
7576	-0.02697
7578	-0.02708
7580	-0.02675
7582	-0.02623
7584	-0.02569
7586	-0.02409
7588	-0.02249
7590	-0.02315
7592	-0.02529
7594	-0.02561
7596	-0.02547
7598	-0.02613
7600	-0.02628
7602	-0.02701
7604	-0.02724
7606	-0.02777
7608	-0.02712
7610	-0.0242
7612	-0.02277
7614	-0.022
7616	-0.02192
7618	-0.02065
7620	-0.01902
7622	-0.01705
7624	-0.01789
7626	-0.01928
7628	-0.0201
7630	-0.01959
7632	-0.01847
7634	-0.01801
7636	-0.01901
7638	-0.02022
7640	-0.02024
7642	-0.0192
7644	-0.01914
7646	-0.01889
7648	-0.01867
7650	-0.02078
7652	-0.0213
7654	-0.02191
7656	-0.02004
7658	-0.01925
7660	-0.01911
7662	-0.01775
7664	-0.01708
7666	-0.01775
7668	-0.0182
7670	-0.01884
7672	-0.01848
7674	-0.01772
7676	-0.01801
7678	-0.01853
7680	-0.01827
7682	-0.01779
7684	-0.01932
7686	-0.02033
7688	-0.01968
7690	-0.01927
7692	-0.01824
7694	-0.01846
7696	-0.018
7698	-0.01784
7700	-0.0174
7702	-0.0181
7704	-0.01819
7706	-0.01749
7708	-0.01836
7710	-0.0189
7712	-0.02026
7714	-0.01968
7716	-0.01891
7718	-0.01688
7720	-0.01565
7722	-0.01374
7724	-0.01127
7726	-0.01083
7728	-0.01094
7730	-0.01029
7732	-0.00951
7734	-0.00792
7736	-0.00826
7738	-0.01022
7740	-0.01169
7742	-0.01019
7744	-0.00785
7746	-0.0067
7748	-0.00489
7750	-0.00413
7752	-0.00464
7754	-0.00519
7756	-0.00346
7758	-0.00368
7760	-0.00628
7762	-0.00686
7764	-0.0055
7766	-0.00535
7768	-0.00685
7770	-0.00829
7772	-0.00798
7774	-0.00682
7776	-0.00577
7778	-0.00513
7780	-0.00428
7782	-0.00268
7784	-0.00172
7786	-2.01309E-4
7788	0.00143
7790	0.00279
7792	0.00383
7794	0.00281
7796	0.0017
7798	0.00148
7800	0.00179
7802	5.44593E-4
7804	-0.00112
7806	-0.00107
7808	-1.32068E-4
7810	-3.02154E-4
7812	-0.0012
7814	-0.00114
7816	-7.92414E-4
7818	-1.535E-4
7820	-6.28587E-4
7822	0.00129
7824	0.0015
7826	9.06154E-4
7828	7.49067E-4
7830	-7.36019E-4
7832	-7.72106E-4
7834	6.31808E-4
7836	9.64721E-4
7838	8.06634E-4
7840	9.28548E-4
7842	8.03461E-4
7844	4.73375E-4
7846	9.03288E-4
7848	0.00188
7850	0.00401
7852	0.00435
7854	0.00408
7856	0.00412
7858	0.005
7860	0.00435
7862	0.00476
7864	0.00619
7866	0.00746
7868	0.00753
7870	0.00777
7872	0.00693
7874	0.00808
7876	0.00895
7878	0.01027
7880	0.01112
7882	0.01222
7884	0.01309
7886	0.01414
7888	0.01454
7890	0.01325
7892	0.01399
7894	0.01487
7896	0.01622
7898	0.01475
7900	0.01561
7902	0.01641
7904	0.01634
7906	0.01638
7908	0.01637
7910	0.01699
7912	0.01737
7914	0.01691
7916	0.01722
7918	0.01817
7920	0.01885
7922	0.01849
7924	0.02043
7926	0.02083
7928	0.01201
7930	-0.02258
7932	-0.07295
7934	-0.1326
7936	-0.19228
7938	-0.24739
7940	-0.2986
7942	-0.34443
7944	-0.38353
7946	-0.41801
7948	-0.44636
7950	-0.46975
7952	-0.49009
7954	-0.50565
7956	-0.51785
7958	-0.5117
7960	-0.4854
7962	-0.44982
7964	-0.41049
7966	-0.3696
7968	-0.32836
7970	-0.29052
7972	-0.25822
7974	-0.23021
7976	-0.20639
7978	-0.18477
7980	-0.16334
7982	-0.14519
7984	-0.13154
7986	-0.12016
7988	-0.11035
7990	-0.09985
7992	-0.09132
7994	-0.08451
7996	-0.07875
7998	-0.07291
8000	-0.06933
8002	-0.06539
8004	-0.06233
8006	-0.06022
8008	-0.05748
8010	-0.0544
8012	-0.05231
8014	-0.0507
8016	-0.05048
8018	-0.04958
8020	-0.04712
8022	-0.04586
8024	-0.04565
8026	-0.04228
8028	-0.04206
8030	-0.04159
8032	-0.03933
8034	-0.03681
8036	-0.03456
8038	-0.03326
8040	-0.03088
8042	-0.0295
8044	-0.02925
8046	-0.02919
8048	-0.03005
8050	-0.02944
8052	-0.02823
8054	-0.02565
8056	-0.02542
8058	-0.02471
8060	-0.0239
8062	-0.02297
8064	-0.02244
8066	-0.02295
8068	-0.02248
8070	-0.02202
8072	-0.02195
8074	-0.02283
8076	-0.0213
8078	-0.0203
8080	-0.01895
8082	-0.01716
8084	-0.01607
8086	-0.01659
8088	-0.01583
8090	-0.01445
8092	-0.01297
8094	-0.01307
8096	-0.01329
8098	-0.01294
8100	-0.01233
8102	-0.0134
8104	-0.01263
8106	-0.01268
8108	-0.01007
8110	-0.00919
8112	-0.01127
8114	-0.01363
8116	-0.01382
8118	-0.01382
8120	-0.01277
8122	-0.01406
8124	-0.01352
8126	-0.01259
8128	-0.01349
8130	-0.01304
8132	-0.01218
8134	-0.01119
8136	-0.00983
8138	-0.00888
8140	-0.00822
8142	-0.00844
8144	-0.00841
8146	-0.0073
8148	-0.0067
8150	-0.00663
8152	-0.00614
8154	-0.0061
8156	-0.00668
8158	-0.00854
8160	-0.00957
8162	-0.01003
8164	-0.01014
8166	-0.00999
8168	-0.0097
8170	-0.01137
8172	-0.01168
8174	-0.01046
8176	-0.01004
8178	-0.00923
8180	-0.00682
8182	-0.00724
8184	-0.00772
8186	-0.00711
8188	-0.00616
8190	-0.0063
8192	-0.00545
8194	-0.003
8196	-0.00323
8198	-0.00257
8200	-0.00196
8202	-0.00306
8204	-0.00243
8206	-0.004
8208	-0.0039
8210	-0.00318
8212	-0.00302
8214	-0.00275
8216	-0.00174
8218	-0.00287
8220	-0.00292
8222	-9.67424E-4
8224	1.34699E-4
8226	3.80822E-4
8228	-4.13055E-4
8230	-5.21931E-4
8232	4.93192E-4
8234	5.50315E-4
8236	-3.21562E-4
8238	-0.0025
8240	-0.00161
8242	-0.00168
8244	-0.00213
8246	-0.00128
8248	-0.00167
8250	-0.00326
8252	-0.00152
8254	-8.45453E-4
8256	-6.9733E-4
8258	-3.32068E-5
8260	8.56916E-4
8262	4.3104E-4
8264	-1.04837E-4
8266	-9.19714E-4
8268	-0.0028
8270	-0.00368
8272	-0.0031
8274	-0.00303
8276	-0.00172
8278	-0.00183
8280	-0.00241
8282	-0.00181
8284	-4.82605E-4
8286	2.82518E-4
8288	5.1641E-5
8290	2.84764E-4
8292	-2.16113E-4
8294	1.13011E-4
8296	-3.23866E-4
8298	-0.00138
8300	-0.00193
8302	4.14503E-4
8304	-2.07373E-4
8306	-9.0825E-4
8308	-0.00104
8310	4.08996E-4
8312	0.00107
8314	9.35242E-4
8316	0.00306
8318	0.00505
8320	0.00322
8322	0.00366
8324	0.00307
8326	0.00185
8328	0.00197
8330	0.00393
8332	0.00501
8334	0.0052
8336	0.00576
8338	0.00549
8340	0.00607
8342	0.00519
8344	0.00359
8346	0.00472
8348	0.00659
8350	0.00586
8352	0.00484
8354	0.00682
8356	0.00726
8358	0.00757
8360	0.00635
8362	0.00511
8364	0.00475
8366	0.00411
8368	0.0035
8370	0.0045
8372	0.00449
8374	0.00395
8376	0.00411
8378	0.00537
8380	0.0053
8382	0.00349
8384	0.00433
8386	0.00305
8388	0.00233
8390	0.00219
8392	0.0016
8394	0.00246
8396	0.00178
8398	0.00115
8400	3.6734E-4
8402	0.00121
8404	0.00164
8406	8.85573E-4
8408	1.43318E-4
8410	9.94062E-4
8412	-2.06194E-4
8414	-0.0011
8416	-0.00119
8418	-0.00128
8420	-1.60217E-4
8422	-4.26472E-4
8424	0.00124
8426	0.00228
8428	0.00138
8430	-3.14495E-4
8432	-2.77188E-4
8434	-0.0012
8436	-0.00137
8438	-4.62814E-4
8440	-2.7569E-4
8442	0.00195
8444	2.37559E-4
8446	-7.79316E-4
8448	-1.25192E-4
8450	3.35933E-4
8452	0.00102
8454	6.06182E-4
8456	0.00194
8458	0.00369
8460	0.00238
8462	0.00288
8464	0.00304
8466	0.00437
8468	0.00418
8470	0.00418
8472	0.00447
8474	0.0046
8476	0.004
8478	0.00224
8480	0.0017
8482	0.00219
8484	0.00242
8486	0.00189
8488	0.00116
8490	9.39423E-4
8492	0.00386
8494	0.00405
8496	0.00303
8498	0.0014
8500	0.00128
8502	0.00158
8504	0.00101
8506	0.00163
8508	2.93088E-4
8510	0.00197
8512	0.00295
8514	0.00372
8516	0.0035
8518	0.00396
8520	0.0035
8522	0.00268
8524	0.0021
8526	0.00265
8528	-0.00303
8530	-0.03
8532	-0.0751
8534	-0.1274
8536	-0.17819
8538	-0.22703
8540	-0.27085
8542	-0.31235
8544	-0.34745
8546	-0.37862
8548	-0.40432
8550	-0.42461
8552	-0.44183
8554	-0.45445
8556	-0.46459
8558	-0.46364
8560	-0.44484
8562	-0.4145
8564	-0.3808
8566	-0.34601
8568	-0.31163
8570	-0.27934
8572	-0.25122
8574	-0.2249
8576	-0.19969
8578	-0.17985
8580	-0.164
8582	-0.14987
8584	-0.13541
8586	-0.12449
8588	-0.11575
8590	-0.10763
8592	-0.09985
8594	-0.09363
8596	-0.08742
8598	-0.08395
8600	-0.08078
8602	-0.07778
8604	-0.07525
8606	-0.07198
8608	-0.06805
8610	-0.06473
8612	-0.06258
8614	-0.0614
8616	-0.05996
8618	-0.05749
8620	-0.05419
8622	-0.05253
8624	-0.05395
8626	-0.05251
8628	-0.05165
8630	-0.05034
8632	-0.04958
8634	-0.04782
8636	-0.04594
8638	-0.04588
8640	-0.04596
8642	-0.04499
8644	-0.04306
8646	-0.04289
8648	-0.04252
8650	-0.04074
8652	-0.03877
8654	-0.03909
8656	-0.03815
8658	-0.03842
8660	-0.03751
8662	-0.038
8664	-0.0388
8666	-0.03851
8668	-0.03643
8670	-0.03423
8672	-0.03402
8674	-0.03282
8676	-0.0323
8678	-0.03214
8680	-0.03079
8682	-0.02912
8684	-0.02764
8686	-0.0272
8688	-0.02772
8690	-0.02839
8692	-0.02607
8694	-0.02406
8696	-0.02347
8698	-0.02425
8700	-0.02519
8702	-0.02381
8704	-0.02423
8706	-0.02517
8708	-0.02616
8710	-0.02524
8712	-0.02462
8714	-0.02504
8716	-0.02538
8718	-0.02519
8720	-0.02473
8722	-0.02581
8724	-0.02686
8726	-0.0261
8728	-0.02461
8730	-0.02383
8732	-0.02432
8734	-0.02505
8736	-0.02365
8738	-0.02053
8740	-0.02091
8742	-0.0212
8744	-0.02048
8746	-0.01883
8748	-0.01865
8750	-0.01915
8752	-0.0197
8754	-0.02079
8756	-0.02204
8758	-0.02182
8760	-0.01963
8762	-0.01719
8764	-0.0178
8766	-0.01596
8768	-0.01532
8770	-0.01615
8772	-0.01798
8774	-0.01946
8776	-0.01842
8778	-0.01839
8780	-0.0175
8782	-0.01819
8784	-0.01843
8786	-0.01923
8788	-0.01914
8790	-0.01858
8792	-0.01856
8794	-0.01872
8796	-0.01988
8798	-0.02058
8800	-0.02026
8802	-0.01985
8804	-0.01966
8806	-0.01947
8808	-0.02094
8810	-0.01965
8812	-0.01918
8814	-0.01863
8816	-0.0196
8818	-0.02056
8820	-0.01969
8822	-0.01911
8824	-0.01906
8826	-0.01935
8828	-0.01847
8830	-0.01869
8832	-0.0201
8834	-0.01975
8836	-0.01874
8838	-0.01851
8840	-0.01826
8842	-0.01874
8844	-0.01893
8846	-0.01851
8848	-0.02089
8850	-0.02289
8852	-0.02319
8854	-0.02093
8856	-0.01998
8858	-0.02058
8860	-0.01913
8862	-0.01935
8864	-0.01978
8866	-0.02069
8868	-0.02063
8870	-0.0189
8872	-0.01767
8874	-0.0153
8876	-0.01479
8878	-0.01482
8880	-0.01555
8882	-0.01735
8884	-0.01659
8886	-0.01556
8888	-0.01437
8890	-0.01215
8892	-0.01227
8894	-0.01425
8896	-0.01374
8898	-0.01182
8900	-0.01018
8902	-0.01165
8904	-0.01125
8906	-0.01091
8908	-0.01105
8910	-0.0099
8912	-0.00877
8914	-0.00845
8916	-0.00867
8918	-0.01024
8920	-0.01199
8922	-0.01103
8924	-0.00994
8926	-0.00871
8928	-0.00969
8930	-0.00984
8932	-0.00924
8934	-0.00736
8936	-0.00637
8938	-0.00643
8940	-0.00585
8942	-0.00492
8944	-0.00386
8946	-0.00325
8948	-0.00465
8950	-0.0051
8952	-0.00409
8954	-0.00314
8956	-0.00272
8958	-0.0036
8960	-0.00321
8962	-0.00216
8964	-8.89897E-5
8966	-0.00187
8968	-0.0034
8970	-0.00247
8972	-0.00212
8974	-0.00113
8976	0.00112
8978	0.00265
8980	0.00222
8982	0.00261
8984	0.00369
8986	0.00542
8988	0.00658
8990	0.00729
8992	0.00819
8994	0.00774
8996	0.0059
8998	0.00551
9000	0.00689
9002	0.0071
9004	0.0068
9006	0.00583
9008	0.00593
9010	0.00624
9012	0.00421
9014	0.00309
9016	0.00228
9018	0.00269
9020	0.00278
9022	0.00294
9024	0.00275
9026	0.00152
9028	0.00155
9030	0.00204
9032	0.00229
9034	6.8837E-4
9036	-0.00163
9038	-0.0025
9040	-0.00228
9042	-5.8127E-4
9044	5.4482E-4
9046	0.00121
9048	6.97E-4
9050	3.2809E-4
9052	0.00153
9054	0.00125
9056	2.89359E-4
9058	9.87449E-4
9060	0.0016
9062	0.00272
9064	0.00247
9066	0.00227
9068	0.00218
9070	0.00391
9072	0.00445
9074	0.00366
9076	0.00301
9078	0.00308
9080	0.00247
9082	0.00136
9084	0.00199
9086	0.00258
9088	0.00452
9090	0.00443
9092	0.00352
9094	0.00308
9096	0.00261
9098	0.00207
9100	0.00267
9102	0.0022
9104	0.00129
9106	-3.78161E-4
9108	-2.13541E-4
9110	4.20802E-5
9112	-0.00138
9114	-0.00126
9116	7.06943E-4
9118	0.00335
9120	0.00424
9122	0.00338
9124	0.00191
9126	8.40047E-4
9128	-0.00214
9130	-0.02231
9132	-0.06092
9134	-0.10516
9136	-0.15326
9138	-0.19792
9140	-0.23927
9142	-0.27517
9144	-0.30566
9146	-0.33363
9148	-0.35653
9150	-0.37314
9152	-0.38874
9154	-0.40186
9156	-0.41175
9158	-0.41057
9160	-0.39449
9162	-0.36909
9164	-0.33827
9166	-0.30567
9168	-0.27378
9170	-0.2452
9172	-0.21936
9174	-0.19686
9176	-0.17696
9178	-0.15871
9180	-0.14261
9182	-0.12776
9184	-0.11645
9186	-0.1057
9188	-0.09754
9190	-0.08951
9192	-0.08403
9194	-0.07724
9196	-0.07217
9198	-0.06914
9200	-0.06456
9202	-0.06079
9204	-0.05626
9206	-0.05239
9208	-0.05063
9210	-0.04894
9212	-0.04499
9214	-0.04262
9216	-0.04179
9218	-0.03899
9220	-0.03626
9222	-0.03498
9224	-0.03327
9226	-0.03214
9228	-0.03147
9230	-0.02994
9232	-0.02757
9234	-0.02471
9236	-0.02445
9238	-0.02198
9240	-0.02181
9242	-0.02057
9244	-0.01951
9246	-0.0188
9248	-0.01758
9250	-0.01404
9252	-0.01171
9254	-0.0103
9256	-0.00864
9258	-0.00937
9260	-0.00855
9262	-0.0064
9264	-0.00563
9266	-0.00715
9268	-0.00867
9270	-0.00775
9272	-0.00704
9274	-0.00696
9276	-0.00757
9278	-0.00762
9280	-0.00769
9282	-0.00927
9284	-0.01144
9286	-0.01416
9288	-0.01371
9290	-0.01363
9292	-0.01564
9294	-0.01589
9296	-0.01631
9298	-0.01697
9300	-0.01737
9302	-0.0168
9304	-0.01753
9306	-0.01676
9308	-0.016
9310	-0.01343
9312	-0.01314
9314	-0.01362
9316	-0.01372
9318	-0.01345
9320	-0.01312
9322	-0.01211
9324	-0.01182
9326	-0.01416
9328	-0.01422
9330	-0.01313
9332	-0.0133
9334	-0.01267
9336	-0.01296
9338	-0.01108
9340	-0.00975
9342	-0.00956
9344	-0.01024
9346	-0.0082
9348	-0.00739
9350	-0.00761
9352	-0.00787
9354	-0.0077
9356	-0.00774
9358	-0.00752
9360	-0.00605
9362	-0.00402
9364	-0.00424
9366	-0.00388
9368	-0.0037
9370	-0.00291
9372	-0.0039
9374	-0.00402
9376	-0.00225
9378	-0.00386
9380	-0.00437
9382	-0.00467
9384	-0.00455
9386	-0.00214
9388	-6.66751E-4
9390	-2.93582E-4
9392	-2.83413E-4
9394	0.0014
9396	0.00198
9398	6.77094E-4
9400	4.11263E-4
9402	7.61432E-4
9404	0.00206
9406	0.00277
9408	0.00233
9410	0.00198
9412	0.0012
9414	8.84454E-5
9416	0.0015
9418	0.00159
9420	0.00112
9422	0.00182
9424	0.00297
9426	0.00331
9428	0.00319
9430	0.00371
9432	0.00524
9434	0.00464
9436	0.00494
9438	0.00606
9440	0.00638
9442	0.00433
9444	0.00497
9446	0.00602
9448	0.00511
9450	0.00402
9452	0.0055
9454	0.00589
9456	0.00551
9458	0.00571
9460	0.0065
9462	0.00822
9464	0.00745
9466	0.00743
9468	0.00698
9470	0.00604
9472	0.00696
9474	0.00679
9476	0.00687
9478	0.00704
9480	0.00704
9482	0.00822
9484	0.0073
9486	0.00553
9488	0.00224
9490	0.00313
9492	0.00481
9494	0.00438
9496	0.00367
9498	0.00374
9500	0.00291
9502	0.00459
9504	0.00535
9506	0.00402
9508	0.00392
9510	0.00457
9512	0.00457
9514	0.00378
9516	0.00392
9518	0.00407
9520	0.00261
9522	0.0024
9524	0.0026
9526	0.00115
9528	-0.00101
9530	-0.00142
9532	-9.66586E-4
9534	-0.00201
9536	-0.00439
9538	-0.00395
9540	-0.00381
9542	-0.00543
9544	-0.00454
9546	-0.00475
9548	-0.00314
9550	-0.00204
9552	-0.00267
9554	-0.00344
9556	-0.0058
9558	-0.00561
9560	-0.00602
9562	-0.00555
9564	-0.00759
9566	-0.00785
9568	-0.00832
9570	-0.01036
9572	-0.01203
9574	-0.01382
9576	-0.01351
9578	-0.01349
9580	-0.0123
9582	-0.0126
9584	-0.01173
9586	-0.0117
9588	-0.01166
9590	-0.01353
9592	-0.01296
9594	-0.01382
9596	-0.01292
9598	-0.0117
9600	-0.01024
9602	-0.01082
9604	-0.01091
9606	-0.0112
9608	-0.01276
9610	-0.01415
9612	-0.01423
9614	-0.01504
9616	-0.01478
9618	-0.01612
9620	-0.01589
9622	-0.01593
9624	-0.01647
9626	-0.01698
9628	-0.01913
9630	-0.02081
9632	-0.02183
9634	-0.02142
9636	-0.02004
9638	-0.01991
9640	-0.02077
9642	-0.02095
9644	-0.02158
9646	-0.02251
9648	-0.02222
9650	-0.02117
9652	-0.02321
9654	-0.02366
9656	-0.02474
9658	-0.02686
9660	-0.02879
9662	-0.02857
9664	-0.02897
9666	-0.0295
9668	-0.02882
9670	-0.02949
9672	-0.0301
9674	-0.03051
9676	-0.03196
9678	-0.03214
9680	-0.03204
9682	-0.03288
9684	-0.03334
9686	-0.0329
9688	-0.03123
9690	-0.0299
9692	-0.02996
9694	-0.02985
9696	-0.02903
9698	-0.02792
9700	-0.02633
9702	-0.02693
9704	-0.02699
9706	-0.02525
9708	-0.02348
9710	-0.02423
9712	-0.02483
9714	-0.02477
9716	-0.02182
9718	-0.02
9720	-0.01816
9722	-0.01627
9724	-0.01438
9726	-0.01177
9728	-0.01126
9730	-0.02769
9732	-0.06113
9734	-0.10041
9736	-0.1396
9738	-0.17555
9740	-0.2085
9742	-0.24009
9744	-0.26753
9746	-0.29138
9748	-0.31253
9750	-0.32935
9752	-0.34436
9754	-0.356
9756	-0.36643
9758	-0.36539
9760	-0.35279
9762	-0.33023
9764	-0.30101
9766	-0.27301
9768	-0.24519
9770	-0.21651
9772	-0.1926
9774	-0.17165
9776	-0.14979
9778	-0.13502
9780	-0.12038
9782	-0.10698
9784	-0.09562
9786	-0.08659
9788	-0.07712
9790	-0.07074
9792	-0.06267
9794	-0.0553
9796	-0.05109
9798	-0.04687
9800	-0.0413
9802	-0.03731
9804	-0.03262
9806	-0.02962
9808	-0.0266
9810	-0.02315
9812	-0.02033
9814	-0.01897
9816	-0.01671
9818	-0.01563
9820	-0.01376
9822	-0.0112
9824	-0.00985
9826	-0.01099
9828	-0.01141
9830	-0.01168
9832	-0.01149
9834	-0.01124
9836	-0.01116
9838	-0.01264
9840	-0.01382
9842	-0.01536
9844	-0.01612
9846	-0.01658
9848	-0.01554
9850	-0.01582
9852	-0.01591
9854	-0.01643
9856	-0.01778
9858	-0.01809
9860	-0.01707
9862	-0.01711
9864	-0.01596
9866	-0.01587
9868	-0.01848
9870	-0.01818
9872	-0.01826
9874	-0.02031
9876	-0.02179
9878	-0.02277
9880	-0.02388
9882	-0.02632
9884	-0.0263
9886	-0.02771
9888	-0.02806
9890	-0.03004
9892	-0.03164
9894	-0.03157
9896	-0.03142
9898	-0.03087
9900	-0.03031
9902	-0.03015
9904	-0.03005
9906	-0.02856
9908	-0.02624
9910	-0.02634
9912	-0.02445
9914	-0.02226
9916	-0.02158
9918	-0.02066
9920	-0.021
9922	-0.02136
9924	-0.02181
9926	-0.02105
9928	-0.01978
9930	-0.0187
9932	-0.01723
9934	-0.01748
9936	-0.01713
9938	-0.01654
9940	-0.01618
9942	-0.01669
9944	-0.01473
9946	-0.01272
9948	-0.0119
9950	-0.01022
9952	-0.00813
9954	-0.00695
9956	-0.00552
9958	-0.00367
9960	-0.00141
9962	8.67244E-4
9964	0.00144
9966	0.00135
9968	0.00146
9970	0.00245
9972	0.00428
9974	0.00508
9976	0.00421
9978	0.00319
9980	0.00211
9982	0.00174
9984	1.64603E-4
9986	4.35115E-4
9988	0.00197
9990	0.00116
9992	0.00115
9994	3.82166E-4
9996	3.26786E-5
9998	-9.38809E-4
10000	-0.00156
10002	-2.04784E-4
10004	-3.96271E-4
10006	5.19242E-4
10008	4.80754E-4
10010	0.0013
10012	0.00148
10014	7.65292E-4
10016	8.18805E-4
10018	2.20317E-4
10020	-4.8617E-4
10022	-0.00174
10024	-0.00308
10026	-0.00382
10028	-0.00609
10030	-0.00684
10032	-0.00613
10034	-0.00626
10036	-0.00654
10038	-0.00665
10040	-0.00511
10042	-0.00431
10044	-0.00233
10046	-0.00222
10048	-0.00138
10050	-6.50261E-4
10052	-4.26845E-4
10054	-0.00141
10056	-0.00161
10058	-0.00169
10060	2.58151E-5
10062	7.12303E-5
10064	-0.00152
10066	-6.30939E-4
10068	0.00185
10070	0.00235
10072	0.00247
10074	0.00174
10076	0.00122
10078	0.00252
10080	0.00349
10082	0.00355
10084	0.00282
10086	0.00133
10088	5.27627E-4
10090	-1.54958E-4
10092	7.54574E-5
10094	1.40873E-4
10096	5.72288E-4
10098	4.47703E-4
10100	3.67118E-4
10102	0.00177
10104	0.00206
10106	0.00157
10108	0.00254
10110	0.00216
10112	0.00107
10114	-0.00113
10116	-0.00187
10118	-0.00141
10120	-4.24609E-4
10122	-0.0018
10124	-0.00209
10126	-0.00442
10128	-0.00455
10130	-0.00596
10132	-0.00677
10134	-0.00772
10136	-0.01007
10138	-0.0089
10140	-0.0091
10142	-0.00979
10144	-0.00856
10146	-0.0097
10148	-0.00946
10150	-0.0103
10152	-0.01133
10154	-0.01198
10156	-0.01228
10158	-0.01185
10160	-0.01272
10162	-0.01357
10164	-0.01367
10166	-0.01581
10168	-0.01591
10170	-0.01525
10172	-0.01507
10174	-0.01529
10176	-0.01651
10178	-0.01783
10180	-0.01511
10182	-0.01353
10184	-0.01251
10186	-0.01258
10188	-0.01056
10190	-0.01036
10192	-0.00966
10194	-0.00764
10196	-0.00669
10198	-0.00551
10200	-0.00407
10202	-0.00287
10204	-0.00148
10206	-0.00182
10208	-0.00229
10210	-0.00176
10212	-0.0034
10214	-0.00346
10216	-0.00238
10218	-0.00231
10220	-0.00206
10222	-0.00208
10224	-0.00127
10226	1.32277E-4
10228	7.31429E-5
10230	8.85009E-4
10232	0.00303
10234	0.00339
10236	0.00383
10238	0.00471
10240	0.00528
10242	0.0041
10244	0.00419
10246	0.00423
10248	0.00505
10250	0.0045
10252	0.00459
10254	0.00575
10256	0.00448
10258	0.00581
10260	0.00629
10262	0.00591
10264	0.00758
10266	0.0082
10268	0.00791
10270	0.00809
10272	0.00916
10274	0.01023
10276	0.01044
10278	0.00852
10280	0.00935
10282	0.00932
10284	0.0113
10286	0.01271
10288	0.01334
10290	0.01452
10292	0.01511
10294	0.01423
10296	0.01529
10298	0.01566
10300	0.01679
10302	0.01833
10304	0.0185
10306	0.01856
10308	0.01865
10310	0.01979
10312	0.02092
10314	0.02288
10316	0.02342
10318	0.02413
10320	0.02535
10322	0.02609
10324	0.02931
10326	0.03038
10328	0.03016
10330	0.01726
10332	-0.01217
10334	-0.0456
10336	-0.08029
10338	-0.11429
10340	-0.14735
10342	-0.17502
10344	-0.1999
10346	-0.22138
10348	-0.23945
10350	-0.2532
10352	-0.26632
10354	-0.27616
10356	-0.28488
10358	-0.2868
10360	-0.27634
10362	-0.25689
10364	-0.2324
10366	-0.20523
10368	-0.18095
10370	-0.15689
10372	-0.134
10374	-0.11557
10376	-0.09874
10378	-0.08413
10380	-0.07114
10382	-0.05908
10384	-0.04759
10386	-0.03991
10388	-0.03427
10390	-0.02814
10392	-0.02189
10394	-0.01708
10396	-0.01071
10398	-0.00771
10400	-0.00666
10402	-0.0025
10404	2.60105E-4
10406	-6.25397E-4
10408	-6.11899E-4
10410	0.00192
10412	0.00394
10414	0.00322
10416	0.00475
10418	0.0077
10420	0.00782
10422	0.00779
10424	0.00973
10426	0.01007
10428	0.01017
10430	0.01029
10432	0.01184
10434	0.01185
10436	0.0113
10438	0.01057
10440	0.00949
10442	0.0095
10444	0.00945
10446	0.00908
10448	0.00962
10450	0.00885
10452	0.00818
10454	0.00844
10456	0.00896
10458	0.00835
10460	0.00939
10462	0.00914
10464	0.00905
10466	0.00897
10468	0.00774
10470	0.00668
10472	0.00684
10474	0.01019
10476	0.0098
10478	0.00941
10480	0.01161
10482	0.01071
10484	0.01016
10486	0.00904
10488	0.008
10490	0.00861
10492	0.01009
10494	0.00978
10496	0.00918
10498	0.00706
10500	0.00659
10502	0.00622
10504	0.00647
10506	0.00646
10508	0.00524
10510	0.00509
10512	0.00638
10514	0.00357
10516	0.00277
10518	0.00188
10520	0.00186
10522	0.00166
10524	-2.07643E-4
10526	-0.00189
10528	-0.00351
10530	-0.00445
10532	-0.00595
10534	-0.00852
10536	-0.00936
10538	-0.01322
10540	-0.01549
10542	-0.0172
10544	-0.01872
10546	-0.01949
10548	-0.02212
10550	-0.02381
10552	-0.02406
10554	-0.02489
10556	-0.02552
10558	-0.02702
10560	-0.02912
10562	-0.02929
10564	-0.02867
10566	-0.02789
10568	-0.0272
10570	-0.02765
10572	-0.02684
10574	-0.02667
10576	-0.0273
10578	-0.02766
10580	-0.02957
10582	-0.02824
10584	-0.02629
10586	-0.02392
10588	-0.02187
10590	-0.02085
10592	-0.01928
10594	-0.0197
10596	-0.02093
10598	-0.02031
10600	-0.02147
10602	-0.02436
10604	-0.02585
10606	-0.02578
10608	-0.02511
10610	-0.02453
10612	-0.0252
10614	-0.02585
10616	-0.02512
10618	-0.02427
10620	-0.02506
10622	-0.02474
10624	-0.02361
10626	-0.02205
10628	-0.02251
10630	-0.023
10632	-0.02286
10634	-0.02319
10636	-0.02172
10638	-0.02023
10640	-0.01997
10642	-0.0203
10644	-0.01946
10646	-0.01999
10648	-0.02047
10650	-0.0195
10652	-0.01928
10654	-0.01803
10656	-0.0172
10658	-0.01732
10660	-0.01574
10662	-0.01479
10664	-0.01407
10666	-0.01298
10668	-0.01431
10670	-0.01533
10672	-0.01326
10674	-0.01094
10676	-0.01179
10678	-0.01307
10680	-0.01335
10682	-0.01267
10684	-0.01088
10686	-0.00939
10688	-0.0084
10690	-0.00606
10692	-0.00515
10694	-0.00491
10696	-0.00347
10698	-0.00418
10700	-0.00389
10702	-0.00165
10704	-7.59491E-4
10706	5.14943E-4
10708	5.91377E-4
10710	-2.38188E-4
10712	9.62462E-5
10714	0.00192
10716	0.00349
10718	0.00516
10720	0.00662
10722	0.00878
10724	0.0104
10726	0.01385
10728	0.01565
10730	0.01681
10732	0.01582
10734	0.01428
10736	0.01297
10738	0.01208
10740	0.01206
10742	0.01292
10744	0.01114
10746	0.01006
10748	0.00883
10750	0.00753
10752	0.00599
10754	0.00571
10756	0.00547
10758	0.00401
10760	0.00247
10762	0.00322
10764	0.00406
10766	0.00356
10768	0.00253
10770	1.83945E-4
10772	7.91306E-5
10774	-6.26841E-5
10776	-7.15499E-4
10778	-0.0033
10780	-0.0038
10782	-0.00379
10784	-0.00571
10786	-0.00738
10788	-0.00731
10790	-0.00842
10792	-0.01046
10794	-0.01093
10796	-0.01087
10798	-0.01108
10800	-0.01021
10802	-0.01002
10804	-0.01087
10806	-0.01033
10808	-0.01102
10810	-0.01106
10812	-0.01042
10814	-0.00971
10816	-0.00819
10818	-0.00648
10820	-0.00653
10822	-0.00562
10824	-0.00562
10826	-0.00483
10828	-0.00302
10830	-0.00156
10832	-0.00229
10834	-0.00268
10836	-0.00164
10838	-0.00252
10840	-0.00402
10842	-0.00429
10844	-0.00229
10846	-0.00136
10848	-1.87244E-4
10850	-4.9244E-5
10852	0.00127
10854	7.56756E-4
10856	7.67756E-4
10858	0.0011
10860	9.57756E-4
10862	1.94756E-4
10864	0.00193
10866	0.00182
10868	0.002
10870	6.81756E-4
10872	0.0016
10874	0.00248
10876	0.00262
10878	9.899E-4
10880	0.00146
10882	0.00184
10884	0.00211
10886	0.00251
10888	0.00274
10890	0.00332
10892	0.00345
10894	0.00238
10896	0.00322
10898	0.00404
10900	0.00381
10902	0.00503
10904	0.00517
10906	0.00631
10908	0.00706
10910	0.00619
10912	0.00561
10914	0.00583
10916	0.00649
10918	0.00777
10920	0.00757
10922	0.00786
10924	0.00898
10926	0.00847
10928	0.00564
10930	-0.00282
10932	-0.02691
10934	-0.05663
10936	-0.08833
10938	-0.11926
10940	-0.14873
10942	-0.17529
10944	-0.19799
10946	-0.21674
10948	-0.23291
10950	-0.24791
10952	-0.26071
10954	-0.27173
10956	-0.27956
10958	-0.28234
10960	-0.27572
10962	-0.25975
10964	-0.2404
10966	-0.21828
10968	-0.19626
10970	-0.17611
10972	-0.15772
10974	-0.14152
10976	-0.12947
10978	-0.118
10980	-0.10639
10982	-0.09598
10984	-0.08767
10986	-0.08328
10988	-0.07716
10990	-0.0705
10992	-0.06665
10994	-0.06358
10996	-0.06121
10998	-0.05665
11000	-0.05386
11002	-0.05193
11004	-0.05049
11006	-0.04719
11008	-0.04517
11010	-0.04294
11012	-0.04132
11014	-0.03964
11016	-0.03963
11018	-0.03794
11020	-0.03629
11022	-0.0372
11024	-0.03716
11026	-0.03678
11028	-0.0368
11030	-0.03374
11032	-0.03288
11034	-0.03076
11036	-0.0284
11038	-0.02882
11040	-0.02795
11042	-0.02694
11044	-0.02695
11046	-0.02609
11048	-0.02446
11050	-0.02376
11052	-0.02415
11054	-0.02491
11056	-0.02394
11058	-0.02378
11060	-0.02407
11062	-0.02348
11064	-0.02313
11066	-0.02217
11068	-0.02206
11070	-0.0226
11072	-0.02266
11074	-0.02174
11076	-0.02051
11078	-0.01892
11080	-0.01889
11082	-0.01903
11084	-0.01886
11086	-0.01906
11088	-0.01963
11090	-0.01938
11092	-0.01794
11094	-0.01918
11096	-0.02035
11098	-0.01967
11100	-0.01826
11102	-0.01906
11104	-0.01935
11106	-0.01864
11108	-0.01748
11110	-0.01714
11112	-0.01771
11114	-0.01876
11116	-0.01837
11118	-0.01696
11120	-0.01646
11122	-0.01815
11124	-0.01755
11126	-0.01707
11128	-0.01753
11130	-0.01663
11132	-0.01619
11134	-0.0157
11136	-0.01667
11138	-0.01789
11140	-0.01582
11142	-0.01592
11144	-0.01722
11146	-0.01812
11148	-0.01711
11150	-0.01568
11152	-0.01435
11154	-0.01456
11156	-0.01388
11158	-0.01552
11160	-0.01497
11162	-0.01384
11164	-0.01321
11166	-0.01182
11168	-0.01159
11170	-0.0139
11172	-0.01416
11174	-0.01244
11176	-0.01158
11178	-0.01299
11180	-0.01412
11182	-0.01571
11184	-0.01459
11186	-0.01554
11188	-0.01483
11190	-0.01405
11192	-0.01317
11194	-0.01193
11196	-0.01083
11198	-0.01137
11200	-0.01227
11202	-0.01262
11204	-0.01122
11206	-0.00993
11208	-0.0103
11210	-0.00986
11212	-0.01056
11214	-0.01069
11216	-0.0109
11218	-0.0138
11220	-0.01344
11222	-0.01229
11224	-0.0111
11226	-0.01008
11228	-0.00933
11230	-0.01014
11232	-0.01008
11234	-0.00989
11236	-0.00928
11238	-0.00922
11240	-0.00915
11242	-0.00879
11244	-0.00994
11246	-0.01045
11248	-0.0106
11250	-0.01128
11252	-0.01176
11254	-0.01057
11256	-0.00888
11258	-0.00916
11260	-0.01017
11262	-0.01091
11264	-0.01313
11266	-0.01413
11268	-0.01268
11270	-0.01274
11272	-0.01231
11274	-0.01397
11276	-0.01395
11278	-0.01492
11280	-0.01403
11282	-0.01416
11284	-0.01492
11286	-0.01613
11288	-0.01801
11290	-0.01813
11292	-0.01748
11294	-0.01717
11296	-0.01583
11298	-0.0154
11300	-0.01441
11302	-0.01524
11304	-0.01469
11306	-0.01433
11308	-0.01484
11310	-0.01478
11312	-0.01379
11314	-0.01302
11316	-0.01293
11318	-0.01219
11320	-0.01291
11322	-0.01347
11324	-0.01519
11326	-0.01453
11328	-0.01281
11330	-0.0105
11332	-0.00962
11334	-0.00945
11336	-0.0089
11338	-0.00747
11340	-0.00855
11342	-0.00898
11344	-0.00834
11346	-0.00664
11348	-0.0071
11350	-0.00761
11352	-0.00793
11354	-0.00913
11356	-0.00945
11358	-0.01031
11360	-0.01048
11362	-0.00932
11364	-0.00774
11366	-0.00806
11368	-0.00985
11370	-0.008
11372	-0.00611
11374	-0.00588
11376	-0.00586
11378	-0.00407
11380	-0.00374
11382	-0.00433
11384	-0.00673
11386	-0.00707
11388	-0.00728
11390	-0.00788
11392	-0.0089
11394	-0.00852
11396	-0.00835
11398	-0.00759
11400	-0.00712
11402	-0.00744
11404	-0.00881
11406	-0.0096
11408	-0.01124
11410	-0.01297
11412	-0.01308
11414	-0.01268
11416	-0.01196
11418	-0.01131
11420	-0.01114
11422	-0.01103
11424	-0.0123
11426	-0.01156
11428	-0.0114
11430	-0.0109
11432	-0.01154
11434	-0.01085
11436	-0.01167
11438	-0.01192
11440	-0.01162
11442	-0.01048
11444	-0.01077
11446	-0.01194
11448	-0.01095
11450	-0.01025
11452	-0.01009
11454	-0.00871
11456	-0.00788
11458	-0.00753
11460	-0.0059
11462	-0.00472
11464	-0.00583
11466	-0.00485
11468	-0.00408
11470	-0.00318
11472	-0.00189
11474	-0.00242
11476	-0.00282
11478	-0.00384
11480	-0.00356
11482	-0.00266
11484	-0.00122
11486	-9.51346E-4
11488	-0.00171
11490	-0.00109
11492	-5.8688E-4
11494	-6.73392E-4
11496	-0.00133
11498	-0.00132
11500	-0.00131
11502	-5.82178E-4
11504	-5.41786E-4
11506	-9.26394E-4
11508	-4.49001E-4
11510	3.76391E-4
11512	-8.36217E-4
11514	9.31756E-5
11516	0.00101
11518	7.6496E-4
11520	8.58352E-4
11522	9.55745E-4
11524	0.00134
11526	0.00139
11528	0.00254
11530	-0.00296
11532	-0.02349
11534	-0.05032
11536	-0.07732
11538	-0.10525
11540	-0.1334
11542	-0.15688
11544	-0.17717
11546	-0.1948
11548	-0.21019
11550	-0.22252
11552	-0.23362
11554	-0.24276
11556	-0.25026
11558	-0.25329
11560	-0.24668
11562	-0.23579
11564	-0.22117
11566	-0.20374
11568	-0.18476
11570	-0.1683
11572	-0.15215
11574	-0.13821
11576	-0.12524
11578	-0.11485
11580	-0.10493
11582	-0.0976
11584	-0.09054
11586	-0.08436
11588	-0.07966
11590	-0.07466
11592	-0.07029
11594	-0.06839
11596	-0.06678
11598	-0.06511
11600	-0.06377
11602	-0.06174
11604	-0.06214
11606	-0.06152
11608	-0.05942
11610	-0.05714
11612	-0.05652
11614	-0.05575
11616	-0.05553
11618	-0.054
11620	-0.05157
11622	-0.05101
11624	-0.05059
11626	-0.05008
11628	-0.04865
11630	-0.04871
11632	-0.04757
11634	-0.04738
11636	-0.04666
11638	-0.0467
11640	-0.04771
11642	-0.049
11644	-0.04824
11646	-0.04996
11648	-0.05039
11650	-0.04833
11652	-0.0482
11654	-0.04785
11656	-0.04828
11658	-0.04909
11660	-0.04816
11662	-0.04635
11664	-0.04552
11666	-0.04455
11668	-0.04473
11670	-0.04449
11672	-0.04149
11674	-0.04024
11676	-0.04017
11678	-0.04105
11680	-0.03913
11682	-0.03814
11684	-0.03826
11686	-0.03663
11688	-0.03541
11690	-0.03429
11692	-0.03443
11694	-0.03473
11696	-0.0334
11698	-0.03227
11700	-0.03177
11702	-0.03056
11704	-0.03102
11706	-0.03006
11708	-0.03058
11710	-0.02873
11712	-0.02719
11714	-0.02781
11716	-0.0284
11718	-0.02872
11720	-0.02854
11722	-0.02804
11724	-0.02629
11726	-0.02769
11728	-0.02887
11730	-0.0274
11732	-0.02466
11734	-0.02514
11736	-0.02549
11738	-0.02685
11740	-0.02653
11742	-0.02752
11744	-0.02705
11746	-0.02555
11748	-0.02506
11750	-0.02435
11752	-0.02396
11754	-0.02628
11756	-0.02702
11758	-0.02746
11760	-0.02658
11762	-0.02671
11764	-0.02836
11766	-0.02839
11768	-0.02764
11770	-0.02696
11772	-0.02695
11774	-0.02648
11776	-0.02641
11778	-0.02538
11780	-0.02403
11782	-0.02391
11784	-0.02332
11786	-0.02269
11788	-0.02385
11790	-0.02238
11792	-0.02338
11794	-0.02246
11796	-0.02082
11798	-0.02043
11800	-0.02106
11802	-0.02373
11804	-0.02534
11806	-0.02523
11808	-0.02465
11810	-0.02523
11812	-0.02504
11814	-0.02474
11816	-0.02559
11818	-0.02716
11820	-0.02729
11822	-0.02619
11824	-0.02593
11826	-0.02578
11828	-0.02523
11830	-0.02544
11832	-0.02448
11834	-0.0238
11836	-0.02249
11838	-0.02164
11840	-0.02136
11842	-0.0207
11844	-0.02113
11846	-0.02193
11848	-0.02179
11850	-0.02123
11852	-0.02144
11854	-0.02192
11856	-0.02168
11858	-0.02187
11860	-0.0224
11862	-0.02281
11864	-0.0221
11866	-0.02142
11868	-0.02021
11870	-0.02002
11872	-0.0197
11874	-0.01905
11876	-0.01953
11878	-0.02067
11880	-0.02137
11882	-0.02037
11884	-0.0192
11886	-0.01886
11888	-0.02096
11890	-0.02072
11892	-0.01996
11894	-0.01987
11896	-0.01964
11898	-0.01829
11900	-0.01828
11902	-0.01902
11904	-0.01793
11906	-0.01785
11908	-0.01849
11910	-0.01958
11912	-0.01923
11914	-0.01874
11916	-0.01745
11918	-0.01695
11920	-0.01698
11922	-0.01749
11924	-0.01788
11926	-0.01737
11928	-0.01611
11930	-0.01651
11932	-0.01677
11934	-0.01726
11936	-0.0175
11938	-0.01794
11940	-0.01864
11942	-0.01649
11944	-0.01496
11946	-0.01499
11948	-0.01451
11950	-0.014
11952	-0.0135
11954	-0.0139
11956	-0.01492
11958	-0.01458
11960	-0.01314
11962	-0.01288
11964	-0.01395
11966	-0.01402
11968	-0.01528
11970	-0.01533
11972	-0.01518
11974	-0.01677
11976	-0.01737
11978	-0.01732
11980	-0.01585
11982	-0.01441
11984	-0.01347
11986	-0.01424
11988	-0.01464
11990	-0.0122
11992	-0.01231
11994	-0.01396
11996	-0.01349
11998	-0.01337
12000	-0.0138
12002	-0.0133
12004	-0.01219
12006	-0.01092
12008	-0.01076
12010	-0.01014
12012	-0.01213
12014	-0.01286
12016	-0.0123
12018	-0.01204
12020	-0.01172
12022	-0.01176
12024	-0.01183
12026	-0.0107
12028	-0.00967
12030	-0.0099
12032	-0.00767
12034	-0.00925
12036	-0.00858
12038	-0.00944
12040	-0.01004
12042	-0.01068
12044	-0.01024
12046	-0.01035
12048	-0.00975
12050	-0.00957
12052	-0.00871
12054	-0.00807
12056	-0.00788
12058	-0.00858
12060	-0.00878
12062	-0.00869
12064	-0.00822
12066	-0.00844
12068	-0.00773
12070	-0.00684
12072	-0.00805
12074	-0.00924
12076	-0.0081
12078	-0.00661
12080	-0.00541
12082	-0.00706
12084	-0.00707
12086	-0.00652
12088	-0.00616
12090	-0.00695
12092	-0.00632
12094	-0.00725
12096	-0.00723
12098	-0.00559
12100	-0.00548
12102	-0.00483
12104	-0.00419
12106	-0.00235
12108	-0.00317
12110	-0.00448
12112	-0.00619
12114	-0.00364
12116	-0.0028
12118	-0.00308
12120	-0.00295
12122	-0.00303
12124	-0.00189
