time	cp
2	0.12413
4	0.11902
6	0.11455
8	0.10884
10	0.10332
12	0.09637
14	0.0917
16	0.08682
18	0.08188
20	0.07823
22	0.07434
24	0.07034
26	0.06619
28	0.06152
30	0.05729
32	0.0523
34	0.04619
36	0.04128
38	0.03651
40	0.03206
42	0.02726
44	0.02249
46	0.01619
48	0.01119
50	0.00732
52	0.0074
54	0.0063
56	0.00441
58	0.00476
60	0.00501
62	0.00394
64	0.00324
66	0.00342
68	0.00325
70	0.00122
72	7.16045E-4
74	5.46175E-4
76	8.07306E-4
78	8.84437E-4
80	-3.37432E-4
82	-0.00116
84	-0.00175
86	-4.50039E-4
88	5.94091E-4
90	0.00119
92	-4.71647E-4
94	-0.0034
96	-0.00435
98	-0.00451
100	-0.00407
102	-0.00406
104	-0.00479
106	-0.00555
108	-0.00561
110	-0.00522
112	-0.00595
114	-0.00592
116	-0.00502
118	-0.00346
120	-0.0016
122	-4.8684E-5
124	-9.17553E-4
126	-0.0143
128	-0.08382
130	-0.19177
132	-0.2662
134	-0.29845
136	-0.3034
138	-0.29325
140	-0.27344
142	-0.25158
144	-0.2289
146	-0.20623
148	-0.18524
150	-0.16665
152	-0.14988
154	-0.13521
156	-0.122
158	-0.10957
160	-0.09989
162	-0.09
164	-0.08314
166	-0.07539
168	-0.06886
170	-0.06376
172	-0.05842
174	-0.05313
176	-0.0498
178	-0.0473
180	-0.04523
182	-0.04401
184	-0.04196
186	-0.04134
188	-0.04156
190	-0.04101
192	-0.03924
194	-0.03757
196	-0.03711
198	-0.03637
200	-0.03509
202	-0.03421
204	-0.03354
206	-0.03257
208	-0.03176
210	-0.03002
212	-0.02812
214	-0.02806
216	-0.02841
218	-0.02818
220	-0.0268
222	-0.02678
224	-0.02683
226	-0.02632
228	-0.0256
230	-0.02615
232	-0.02704
234	-0.02624
236	-0.02607
238	-0.02641
240	-0.02595
242	-0.02485
244	-0.0245
246	-0.02435
248	-0.02516
250	-0.02579
252	-0.02489
254	-0.02483
256	-0.02467
258	-0.02546
260	-0.02479
262	-0.02297
264	-0.02264
266	-0.02163
268	-0.02094
270	-0.02017
272	-0.01983
274	-0.01817
276	-0.01827
278	-0.01972
280	-0.02027
282	-0.02014
284	-0.02102
286	-0.02114
288	-0.02106
290	-0.02115
292	-0.02126
294	-0.02122
296	-0.02148
298	-0.02088
300	-0.01942
302	-0.01798
304	-0.01659
306	-0.01728
308	-0.01812
310	-0.01838
312	-0.01722
314	-0.01469
316	-0.01337
318	-0.01269
320	-0.01229
322	-0.01225
324	-0.01268
326	-0.01264
328	-0.01247
330	-0.01208
332	-0.01313
334	-0.01326
336	-0.01264
338	-0.01154
340	-0.01169
342	-0.01145
344	-0.01157
346	-0.01249
348	-0.01239
350	-0.01253
352	-0.01442
354	-0.01602
356	-0.01416
358	-0.0133
360	-0.01357
362	-0.01443
364	-0.01448
366	-0.01461
368	-0.01447
370	-0.01467
372	-0.01543
374	-0.01601
376	-0.01579
378	-0.01668
380	-0.01772
382	-0.01811
384	-0.01823
386	-0.01724
388	-0.01745
390	-0.01772
392	-0.01781
394	-0.01829
396	-0.01895
398	-0.01914
400	-0.01909
402	-0.01941
404	-0.01907
406	-0.01798
408	-0.01741
410	-0.01665
412	-0.01687
414	-0.01646
416	-0.01481
418	-0.01378
420	-0.01331
422	-0.01265
424	-0.01304
426	-0.01306
428	-0.01335
430	-0.01252
432	-0.01106
434	-0.01082
436	-0.01109
438	-0.01112
440	-0.01153
442	-0.01142
444	-0.01114
446	-0.01073
448	-0.01093
450	-0.00963
452	-0.00922
454	-0.00856
456	-0.00737
458	-0.00639
460	-0.00617
462	-0.00603
464	-0.00484
466	-0.00454
468	-0.00554
470	-0.00495
472	-0.00298
474	-0.00308
476	-0.00255
478	-0.00165
480	-0.0012
482	-1.40309E-4
484	1.38583E-4
486	4.74475E-4
488	2.83368E-4
490	-3.5574E-4
492	-0.00186
494	-9.37956E-4
496	2.85937E-4
498	-7.04171E-4
500	-0.00104
502	-9.73862E-5
504	0.00111
506	9.07398E-4
508	-4.37093E-5
510	-1.48817E-4
512	-5.92925E-4
514	-0.00262
516	-0.00359
518	-0.00258
520	-0.00165
522	1.38537E-4
524	1.98878E-4
526	-0.02197
528	-0.10906
530	-0.24078
532	-0.39325
534	-0.54946
536	-0.70197
538	-0.84882
540	-0.98768
542	-1.11937
544	-1.23444
546	-1.28852
548	-1.2689
550	-1.204
552	-1.11413
554	-1.0135
556	-0.91342
558	-0.81905
560	-0.73069
562	-0.65243
564	-0.58232
566	-0.51773
568	-0.46019
570	-0.41086
572	-0.36751
574	-0.33164
576	-0.29996
578	-0.27037
580	-0.24485
582	-0.225
584	-0.20784
586	-0.19232
588	-0.17921
590	-0.1683
592	-0.15804
594	-0.15032
596	-0.14187
598	-0.13374
600	-0.12664
602	-0.11949
604	-0.11293
606	-0.10783
608	-0.10323
610	-0.09885
612	-0.0961
614	-0.09256
616	-0.08813
618	-0.08548
620	-0.08284
622	-0.08005
624	-0.07828
626	-0.07566
628	-0.07441
630	-0.07265
632	-0.06963
634	-0.06657
636	-0.06413
638	-0.06301
640	-0.06198
642	-0.06047
644	-0.05837
646	-0.05581
648	-0.05374
650	-0.05276
652	-0.05236
654	-0.04994
656	-0.04683
658	-0.04564
660	-0.04465
662	-0.04389
664	-0.04127
666	-0.04047
668	-0.03883
670	-0.03823
672	-0.03858
674	-0.03779
676	-0.03675
678	-0.03596
680	-0.03509
682	-0.03515
684	-0.03413
686	-0.03266
688	-0.03138
690	-0.03052
692	-0.02906
694	-0.02832
696	-0.02722
698	-0.02717
700	-0.02774
702	-0.02685
704	-0.02549
706	-0.02358
708	-0.02205
710	-0.02166
712	-0.02091
714	-0.01855
716	-0.0177
718	-0.0168
720	-0.01716
722	-0.01681
724	-0.01532
726	-0.0144
728	-0.01417
730	-0.0123
732	-0.01121
734	-0.01149
736	-0.011
738	-0.01049
740	-0.00998
742	-0.01032
744	-0.00895
746	-0.0072
748	-0.00688
750	-0.00694
752	-0.00553
754	-0.00571
756	-0.00677
758	-0.00724
760	-0.00752
762	-0.00869
764	-0.00746
766	-0.00668
768	-0.00726
770	-0.0071
772	-0.0073
774	-0.00774
776	-0.0065
778	-0.00599
780	-0.00494
782	-0.00438
784	-0.00489
786	-0.00462
788	-0.0049
790	-0.00547
792	-0.00488
794	-0.00468
796	-0.00477
798	-0.00503
800	-0.00469
802	-0.0035
804	-0.00379
806	-0.00406
808	-0.0038
810	-0.00242
812	-0.00168
814	-0.00124
816	-4.11169E-4
818	-0.00186
820	-0.00231
822	-0.00258
824	-0.00243
826	-0.00159
828	-0.00159
830	-8.23722E-4
832	1.02914E-4
834	-9.52451E-4
836	-3.18816E-4
838	-9.8518E-4
840	-0.00152
842	-0.0014
844	-0.00159
846	-2.51639E-4
848	-3.23004E-4
850	-0.00116
852	-0.00197
854	-0.00157
856	-0.00145
858	-0.00105
860	-2.62393E-4
862	-1.96774E-4
864	-0.00148
866	-0.00203
868	-0.00111
870	-0.0018
872	-0.00122
874	-0.0017
876	-0.00196
878	-0.00119
880	-0.00137
882	-0.00116
884	-5.74963E-4
886	3.89656E-4
888	7.67275E-4
890	9.15895E-4
892	9.64514E-4
894	-9.2867E-5
896	-5.41248E-4
898	1.31371E-4
900	0.00118
902	0.00211
904	0.0017
906	0.00117
908	2.96249E-5
910	2.51478E-4
912	0.00123
914	0.00187
916	0.00219
918	0.00277
920	0.00165
922	5.92596E-4
924	2.9745E-4
926	-0.02426
928	-0.12061
930	-0.26901
932	-0.44177
934	-0.61946
936	-0.79066
938	-0.94785
940	-1.08942
942	-1.21524
944	-1.32021
946	-1.36807
948	-1.34313
950	-1.27157
952	-1.17317
954	-1.065
956	-0.9588
958	-0.85689
960	-0.76253
962	-0.6775
964	-0.60304
966	-0.5359
968	-0.47618
970	-0.42458
972	-0.37838
974	-0.33969
976	-0.30501
978	-0.27577
980	-0.25003
982	-0.22806
984	-0.20925
986	-0.19265
988	-0.17923
990	-0.16498
992	-0.15259
994	-0.14388
996	-0.13565
998	-0.12948
1000	-0.12276
1002	-0.11607
1004	-0.11007
1006	-0.10527
1008	-0.10146
1010	-0.09649
1012	-0.09076
1014	-0.08642
1016	-0.08272
1018	-0.08145
1020	-0.07858
1022	-0.07565
1024	-0.07298
1026	-0.06952
1028	-0.06587
1030	-0.06445
1032	-0.06255
1034	-0.06061
1036	-0.05803
1038	-0.05519
1040	-0.05327
1042	-0.05202
1044	-0.05013
1046	-0.04807
1048	-0.04656
1050	-0.04505
1052	-0.04331
1054	-0.0424
1056	-0.04277
1058	-0.043
1060	-0.04119
1062	-0.04004
1064	-0.0401
1066	-0.03922
1068	-0.03764
1070	-0.03723
1072	-0.03656
1074	-0.03608
1076	-0.03526
1078	-0.03451
1080	-0.03451
1082	-0.03358
1084	-0.03261
1086	-0.03138
1088	-0.03111
1090	-0.02984
1092	-0.02934
1094	-0.02875
1096	-0.02804
1098	-0.02793
1100	-0.02929
1102	-0.02749
1104	-0.02716
1106	-0.02716
1108	-0.02681
1110	-0.02596
1112	-0.02594
1114	-0.02553
1116	-0.02385
1118	-0.0228
1120	-0.02209
1122	-0.02293
1124	-0.02262
1126	-0.02048
1128	-0.0201
1130	-0.02023
1132	-0.0197
1134	-0.02017
1136	-0.01985
1138	-0.02007
1140	-0.01974
1142	-0.02005
1144	-0.01932
1146	-0.01859
1148	-0.0173
1150	-0.01609
1152	-0.01551
1154	-0.01486
1156	-0.01486
1158	-0.0155
1160	-0.01478
1162	-0.01406
1164	-0.01293
1166	-0.01221
1168	-0.01297
1170	-0.01363
1172	-0.01516
1174	-0.01379
1176	-0.01238
1178	-0.01244
1180	-0.01289
1182	-0.01225
1184	-0.01265
1186	-0.01326
1188	-0.01261
1190	-0.0118
1192	-0.01068
1194	-0.00906
1196	-0.00951
1198	-0.00976
1200	-0.0094
1202	-0.00899
1204	-0.00926
1206	-0.01105
1208	-0.01078
1210	-0.00955
1212	-0.00916
1214	-0.01027
1216	-0.00981
1218	-0.00851
1220	-0.0088
1222	-0.00902
1224	-0.00863
1226	-0.0082
1228	-0.00728
1230	-0.00638
1232	-0.00576
1234	-0.00596
1236	-0.00521
1238	-0.00496
1240	-0.00502
1242	-0.0035
1244	-0.00298
1246	-0.00305
1248	-0.0031
1250	-0.00322
1252	-0.00264
1254	-0.00257
1256	-0.0022
1258	-0.00208
1260	-9.49926E-4
1262	-3.2601E-4
1264	-7.01094E-4
1266	-0.00122
1268	-0.00151
1270	-0.00135
1272	-0.00199
1274	-0.00238
1276	-0.00242
1278	-0.00155
1280	-8.57697E-5
1282	4.22333E-5
1284	-4.61263E-4
1286	-0.00124
1288	-0.00146
1290	-6.71753E-4
1292	-6.12491E-5
1294	4.48254E-4
1296	-1.79242E-4
1298	-9.72739E-4
1300	-6.86235E-4
1302	-1.57316E-5
1304	7.31772E-4
1306	0.00101
1308	-4.22211E-5
1310	-8.16718E-4
1312	-4.44214E-4
1314	-4.29711E-4
1316	-3.44207E-4
1318	-4.20704E-4
1320	-0.00136
1322	-0.0026
1324	-0.00332
1326	-0.02078
1328	-0.1062
1330	-0.24527
1332	-0.40991
1334	-0.57914
1336	-0.74127
1338	-0.89099
1340	-1.02382
1342	-1.13988
1344	-1.23496
1346	-1.28088
1348	-1.2573
1350	-1.18883
1352	-1.09586
1354	-0.99454
1356	-0.89436
1358	-0.79753
1360	-0.70838
1362	-0.62858
1364	-0.5578
1366	-0.49529
1368	-0.43876
1370	-0.38898
1372	-0.34567
1374	-0.30788
1376	-0.27456
1378	-0.24819
1380	-0.22458
1382	-0.20392
1384	-0.1868
1386	-0.17125
1388	-0.1567
1390	-0.14509
1392	-0.13486
1394	-0.12573
1396	-0.11752
1398	-0.11024
1400	-0.10355
1402	-0.09706
1404	-0.09181
1406	-0.08661
1408	-0.08152
1410	-0.07745
1412	-0.0735
1414	-0.07001
1416	-0.06505
1418	-0.06186
1420	-0.06049
1422	-0.05791
1424	-0.0556
1426	-0.05369
1428	-0.05229
1430	-0.05112
1432	-0.05058
1434	-0.04931
1436	-0.04523
1438	-0.04151
1440	-0.03982
1442	-0.03886
1444	-0.0374
1446	-0.03672
1448	-0.03553
1450	-0.03442
1452	-0.03171
1454	-0.02917
1456	-0.02855
1458	-0.02672
1460	-0.02576
1462	-0.02557
1464	-0.02511
1466	-0.02341
1468	-0.02327
1470	-0.02332
1472	-0.02369
1474	-0.02172
1476	-0.02086
1478	-0.02029
1480	-0.0198
1482	-0.01933
1484	-0.02011
1486	-0.02075
1488	-0.02101
1490	-0.021
1492	-0.01967
1494	-0.01886
1496	-0.01832
1498	-0.01729
1500	-0.0162
1502	-0.01492
1504	-0.01523
1506	-0.01571
1508	-0.01489
1510	-0.01386
1512	-0.01276
1514	-0.013
1516	-0.01401
1518	-0.01429
1520	-0.01252
1522	-0.01127
1524	-0.01028
1526	-0.01062
1528	-0.01223
1530	-0.01254
1532	-0.01183
1534	-0.01116
1536	-0.01104
1538	-0.01152
1540	-0.01218
1542	-0.01202
1544	-0.01225
1546	-0.01096
1548	-0.01151
1550	-0.01135
1552	-0.01051
1554	-0.00944
1556	-0.0088
1558	-0.00891
1560	-0.00924
1562	-0.00793
1564	-0.00763
1566	-0.00806
1568	-0.00696
1570	-0.00653
1572	-0.0058
1574	-0.00498
1576	-0.00542
1578	-0.00536
1580	-0.0044
1582	-0.00384
1584	-0.00333
1586	-0.00285
1588	-0.00315
1590	-0.00294
1592	-0.0016
1594	-7.71813E-4
1596	-8.83114E-4
1598	-2.26415E-4
1600	-0.00122
1602	-0.00164
1604	-0.00163
1606	-0.00158
1608	-0.00245
1610	-0.0026
1612	-0.00265
1614	-0.0037
1616	-0.00458
1618	-0.00454
1620	-0.00493
1622	-0.00508
1624	-0.00532
1626	-0.00638
1628	-0.0058
1630	-0.00607
1632	-0.00597
1634	-0.00555
1636	-0.00527
1638	-0.00573
1640	-0.0054
1642	-0.00453
1644	-0.00402
1646	-0.00433
1648	-0.00467
1650	-0.00428
1652	-0.00333
1654	-0.00369
1656	-0.00418
1658	-0.00371
1660	-0.00277
1662	-0.00173
1664	-0.00195
1666	-0.00259
1668	-0.00275
1670	-0.00113
1672	-0.00148
1674	-0.00107
1676	-0.00183
1678	-0.00219
1680	-0.00184
1682	-0.00137
1684	-0.00161
1686	-9.93992E-4
1688	-5.56838E-4
1690	6.30316E-4
1692	-4.25294E-5
1694	2.37625E-4
1696	-3.38221E-4
1698	-0.00122
1700	-5.27913E-4
1702	-0.00188
1704	-0.002
1706	-0.00142
1708	1.85704E-4
1710	0.00107
1712	3.92775E-4
1714	-6.32416E-5
1716	6.16742E-4
1718	0.0025
1720	0.0033
1722	0.00343
1724	0.00227
1726	-0.01234
1728	-0.08798
1730	-0.21514
1732	-0.36654
1734	-0.52257
1736	-0.67196
1738	-0.80902
1740	-0.93267
1742	-1.04064
1744	-1.12892
1746	-1.17562
1748	-1.15936
1750	-1.09792
1752	-1.01262
1754	-0.91855
1756	-0.82572
1758	-0.73702
1760	-0.65474
1762	-0.57993
1764	-0.51249
1766	-0.45293
1768	-0.40063
1770	-0.3535
1772	-0.31354
1774	-0.27982
1776	-0.24983
1778	-0.22402
1780	-0.20163
1782	-0.18279
1784	-0.16752
1786	-0.15326
1788	-0.14117
1790	-0.131
1792	-0.12168
1794	-0.11348
1796	-0.10551
1798	-0.09799
1800	-0.09225
1802	-0.08675
1804	-0.08169
1806	-0.07741
1808	-0.07353
1810	-0.06876
1812	-0.06534
1814	-0.06333
1816	-0.05996
1818	-0.05683
1820	-0.05523
1822	-0.0546
1824	-0.05465
1826	-0.05401
1828	-0.05226
1830	-0.05056
1832	-0.04764
1834	-0.04579
1836	-0.04326
1838	-0.04186
1840	-0.04053
1842	-0.03893
1844	-0.03621
1846	-0.03526
1848	-0.03274
1850	-0.03034
1852	-0.02906
1854	-0.02898
1856	-0.02693
1858	-0.02468
1860	-0.02359
1862	-0.02163
1864	-0.02102
1866	-0.02075
1868	-0.01974
1870	-0.01842
1872	-0.01716
1874	-0.01696
1876	-0.01772
1878	-0.01782
1880	-0.01774
1882	-0.01726
1884	-0.01767
1886	-0.01813
1888	-0.01828
1890	-0.01804
1892	-0.01681
1894	-0.01598
1896	-0.01631
1898	-0.01593
1900	-0.01528
1902	-0.0158
1904	-0.01477
1906	-0.01476
1908	-0.01588
1910	-0.01559
1912	-0.01366
1914	-0.01254
1916	-0.01201
1918	-0.01108
1920	-0.01087
1922	-0.01014
1924	-0.01012
1926	-0.00951
1928	-0.00926
1930	-0.00926
1932	-0.00972
1934	-0.01089
1936	-0.01215
1938	-0.01084
1940	-0.00914
1942	-0.00838
1944	-0.00891
1946	-0.00814
1948	-0.00803
1950	-0.00753
1952	-0.00681
1954	-0.00693
1956	-0.0089
1958	-0.00892
1960	-0.00729
1962	-0.00707
1964	-0.00676
1966	-0.00705
1968	-0.00781
1970	-0.0059
1972	-0.00568
1974	-0.00594
1976	-0.00553
1978	-0.00493
1980	-0.00488
1982	-0.00544
1984	-0.00501
1986	-0.00437
1988	-0.00578
1990	-0.00576
1992	-0.00506
1994	-0.00322
1996	-0.00286
1998	-0.00403
2000	-0.00412
2002	-0.00409
2004	-0.00405
2006	-0.00386
2008	-0.00391
2010	-0.00381
2012	-0.00348
2014	-0.00349
2016	-0.00433
2018	-0.00396
2020	-0.00278
2022	-0.00217
2024	-0.00193
2026	-0.00254
2028	-0.00305
2030	-0.00238
2032	-0.00193
2034	-8.04775E-4
2036	-0.00101
2038	-7.84778E-4
2040	-0.00139
2042	-0.00259
2044	-0.00246
2046	-0.00228
2048	-0.00133
2050	-9.25364E-4
2052	-6.58977E-4
2054	-0.00161
2056	-0.00177
2058	-9.55815E-4
2060	-8.91428E-4
2062	-4.5404E-4
2064	-0.00137
2066	-0.00226
2068	-0.0011
2070	-0.00143
2072	-0.00282
2074	-0.00222
2076	-0.00217
2078	-0.00177
2080	-0.00139
2082	-0.00117
2084	-6.08781E-4
2086	2.92606E-4
2088	0.0017
2090	-1.00416E-4
2092	-7.06834E-4
2094	-2.40253E-4
2096	7.24329E-4
2098	0.00122
2100	5.04492E-4
2102	1.40073E-4
2104	-9.50345E-4
2106	-0.00229
2108	-0.00164
2110	-0.00239
2112	-0.00213
2114	-0.00102
2116	-1.21856E-4
2118	1.95725E-4
2120	0.00138
2122	0.00252
2124	0.0028
2126	-0.007
2128	-0.06786
2130	-0.18019
2132	-0.31654
2134	-0.4617
2136	-0.60244
2138	-0.73123
2140	-0.84642
2142	-0.94861
2144	-1.03364
2146	-1.08422
2148	-1.0745
2150	-1.02083
2152	-0.94171
2154	-0.85397
2156	-0.76693
2158	-0.68271
2160	-0.60632
2162	-0.53494
2164	-0.47293
2166	-0.41773
2168	-0.36859
2170	-0.3253
2172	-0.28811
2174	-0.25528
2176	-0.22771
2178	-0.20396
2180	-0.18431
2182	-0.16745
2184	-0.1519
2186	-0.13822
2188	-0.12573
2190	-0.11574
2192	-0.10701
2194	-0.09927
2196	-0.09179
2198	-0.08541
2200	-0.08043
2202	-0.07509
2204	-0.07098
2206	-0.06645
2208	-0.06184
2210	-0.05817
2212	-0.05642
2214	-0.0528
2216	-0.05062
2218	-0.04883
2220	-0.04655
2222	-0.04414
2224	-0.04198
2226	-0.03991
2228	-0.03834
2230	-0.03828
2232	-0.03731
2234	-0.03599
2236	-0.03403
2238	-0.03207
2240	-0.03128
2242	-0.02956
2244	-0.02818
2246	-0.02831
2248	-0.02802
2250	-0.02777
2252	-0.0267
2254	-0.02517
2256	-0.0237
2258	-0.0232
2260	-0.02252
2262	-0.02123
2264	-0.02112
2266	-0.02063
2268	-0.02012
2270	-0.01839
2272	-0.01667
2274	-0.01677
2276	-0.01659
2278	-0.01712
2280	-0.01643
2282	-0.0166
2284	-0.01519
2286	-0.01485
2288	-0.01472
2290	-0.01285
2292	-0.01223
2294	-0.01184
2296	-0.01122
2298	-0.01107
2300	-0.01169
2302	-0.01173
2304	-0.01114
2306	-0.01158
2308	-0.01162
2310	-0.01092
2312	-0.00918
2314	-0.01024
2316	-0.01093
2318	-0.01127
2320	-0.01126
2322	-0.01133
2324	-0.01009
2326	-0.00995
2328	-0.00934
2330	-0.0085
2332	-0.00846
2334	-0.00923
2336	-0.00865
2338	-0.00837
2340	-0.00913
2342	-0.00889
2344	-0.00957
2346	-0.00846
2348	-0.00691
2350	-0.00737
2352	-0.00783
2354	-0.00758
2356	-0.00704
2358	-0.0073
2360	-0.00632
2362	-0.0052
2364	-0.0048
2366	-0.00403
2368	-0.00419
2370	-0.00334
2372	-0.00352
2374	-0.00387
2376	-0.00422
2378	-0.00539
2380	-0.00491
2382	-0.00409
2384	-0.00493
2386	-0.00597
2388	-0.00535
2390	-0.00344
2392	-0.00315
2394	-0.00268
2396	-0.00321
2398	-0.00358
2400	-0.00351
2402	-0.00382
2404	-0.00436
2406	-0.00393
2408	-0.00194
2410	-8.23336E-4
2412	-0.00135
2414	-0.00247
2416	-0.00161
2418	-0.00226
2420	-0.00303
2422	-0.00376
2424	-0.00365
2426	-0.00365
2428	-0.00526
2430	-0.00526
2432	-0.00476
2434	-0.00402
2436	-0.00412
2438	-0.00421
2440	-0.00506
2442	-0.00463
2444	-0.00467
2446	-0.00492
2448	-0.00399
2450	-0.0027
2452	-0.00221
2454	-0.00114
2456	-5.94708E-4
2458	6.67493E-4
2460	9.28694E-4
2462	0.00191
2464	0.00323
2466	0.00573
2468	0.00611
2470	0.0066
2472	0.00607
2474	0.00579
2476	0.00425
2478	0.00278
2480	0.0033
2482	0.00404
2484	0.00357
2486	0.00306
2488	0.00198
2490	7.10422E-4
2492	5.72267E-4
2494	-9.34888E-4
2496	-0.00345
2498	-0.00413
2500	-0.00401
2502	-0.00473
2504	-0.00477
2506	-0.00417
2508	-0.00411
2510	-0.0027
2512	-0.00187
2514	-0.00135
2516	-0.00112
2518	-0.00214
2520	-0.00461
2522	-0.00585
2524	-0.0062
2526	-0.0146
2528	-0.06977
2530	-0.17305
2532	-0.29865
2534	-0.43113
2536	-0.55995
2538	-0.67702
2540	-0.78151
2542	-0.87484
2544	-0.95278
2546	-0.99991
2548	-0.99176
2550	-0.943
2552	-0.87173
2554	-0.78993
2556	-0.70863
2558	-0.63201
2560	-0.56035
2562	-0.49667
2564	-0.441
2566	-0.38996
2568	-0.34503
2570	-0.30559
2572	-0.27165
2574	-0.24085
2576	-0.21315
2578	-0.19042
2580	-0.17141
2582	-0.15481
2584	-0.14022
2586	-0.1285
2588	-0.11927
2590	-0.1093
2592	-0.10127
2594	-0.09453
2596	-0.08837
2598	-0.08187
2600	-0.07623
2602	-0.06977
2604	-0.06511
2606	-0.06121
2608	-0.05782
2610	-0.05365
2612	-0.04881
2614	-0.04451
2616	-0.04194
2618	-0.03825
2620	-0.03503
2622	-0.03192
2624	-0.02986
2626	-0.02698
2628	-0.0261
2630	-0.02443
2632	-0.0223
2634	-0.01962
2636	-0.01788
2638	-0.01687
2640	-0.01481
2642	-0.01341
2644	-0.01283
2646	-0.0106
2648	-0.00906
2650	-0.01021
2652	-0.00991
2654	-0.00984
2656	-0.0089
2658	-0.00923
2660	-0.00893
2662	-0.00919
2664	-0.00947
2666	-0.01005
2668	-0.00895
2670	-0.00788
2672	-0.00689
2674	-0.00748
2676	-0.00735
2678	-0.00666
2680	-0.00651
2682	-0.00719
2684	-0.00756
2686	-0.00781
2688	-0.00686
2690	-0.00685
2692	-0.00635
2694	-0.00637
2696	-0.00687
2698	-0.00594
2700	-0.00527
2702	-0.00474
2704	-0.00312
2706	-0.00383
2708	-0.0038
2710	-0.00312
2712	-0.00271
2714	-0.0036
2716	-0.00402
2718	-0.00384
2720	-0.00321
2722	-0.00328
2724	-0.0041
2726	-0.00287
2728	-0.00205
2730	-0.00335
2732	-0.0047
2734	-0.00518
2736	-0.00609
2738	-0.00724
2740	-0.00815
2742	-0.00847
2744	-0.00894
2746	-0.01005
2748	-0.01356
2750	-0.01564
2752	-0.01706
2754	-0.01547
2756	-0.0146
2758	-0.01306
2760	-0.01033
2762	-0.00954
2764	-0.00935
2766	-0.00949
2768	-0.00981
2770	-0.00896
2772	-0.00984
2774	-0.00952
2776	-0.01272
2778	-0.01454
2780	-0.01592
2782	-0.01558
2784	-0.01513
2786	-0.01574
2788	-0.01535
2790	-0.01564
2792	-0.01513
2794	-0.01342
2796	-0.01257
2798	-0.0121
2800	-0.01116
2802	-0.01063
2804	-0.00982
2806	-0.00829
2808	-0.00711
2810	-0.00593
2812	-0.0045
2814	-0.00385
2816	-0.00326
2818	-0.00292
2820	-0.00122
2822	-0.00112
2824	-0.00237
2826	-0.00183
2828	-0.00276
2830	-0.003
2832	-0.00367
2834	-0.00544
2836	-0.00724
2838	-0.00713
2840	-0.0059
2842	-0.0047
2844	-0.00403
2846	-0.00365
2848	-0.00403
2850	-0.00454
2852	-0.00438
2854	-0.00435
2856	-0.00361
2858	-0.00258
2860	-0.00311
2862	-0.00209
2864	-0.00145
2866	-0.00135
2868	-0.00161
2870	-0.00132
2872	-9.33639E-4
2874	-0.00104
2876	-0.00118
2878	1.69112E-5
2880	1.70095E-4
2882	-4.52722E-4
2884	-9.42538E-4
2886	3.58645E-4
2888	2.33829E-4
2890	6.31012E-4
2892	-3.64804E-4
2894	-2.46944E-4
2896	0.0012
2898	0.00143
2900	0.00185
2902	0.00216
2904	6.79024E-4
2906	0.00153
2908	0.00125
2910	9.90804E-4
2912	5.77397E-4
2914	-1.08009E-4
2916	-4.42416E-4
2918	-9.48221E-5
2920	3.54771E-4
2922	0.00142
2924	9.08958E-4
2926	-0.00421
2928	-0.04895
2930	-0.14059
2932	-0.25827
2934	-0.38351
2936	-0.50416
2938	-0.61451
2940	-0.71347
2942	-0.79992
2944	-0.87631
2946	-0.92469
2948	-0.92175
2950	-0.88116
2952	-0.81569
2954	-0.74031
2956	-0.66564
2958	-0.59481
2960	-0.52871
2962	-0.46765
2964	-0.41153
2966	-0.36159
2968	-0.31875
2970	-0.28172
2972	-0.24995
2974	-0.22322
2976	-0.19978
2978	-0.17976
2980	-0.16118
2982	-0.14598
2984	-0.13362
2986	-0.12278
2988	-0.11234
2990	-0.10282
2992	-0.09509
2994	-0.08783
2996	-0.083
2998	-0.07819
3000	-0.07392
3002	-0.06766
3004	-0.06253
3006	-0.05811
3008	-0.05463
3010	-0.05105
3012	-0.04736
3014	-0.04478
3016	-0.04229
3018	-0.03982
3020	-0.03807
3022	-0.03669
3024	-0.03592
3026	-0.03441
3028	-0.03196
3030	-0.02954
3032	-0.02782
3034	-0.02673
3036	-0.02526
3038	-0.0233
3040	-0.02257
3042	-0.02199
3044	-0.02191
3046	-0.02214
3048	-0.02144
3050	-0.02001
3052	-0.01889
3054	-0.01813
3056	-0.01733
3058	-0.01721
3060	-0.01582
3062	-0.01615
3064	-0.01541
3066	-0.01453
3068	-0.01467
3070	-0.01423
3072	-0.01298
3074	-0.01154
3076	-0.01106
3078	-0.01126
3080	-0.01057
3082	-0.00983
3084	-0.011
3086	-0.01155
3088	-0.01125
3090	-0.01011
3092	-0.0085
3094	-0.00814
3096	-0.00856
3098	-0.00944
3100	-0.00919
3102	-0.00879
3104	-0.00818
3106	-0.00862
3108	-0.0086
3110	-0.00788
3112	-0.00782
3114	-0.0081
3116	-0.00789
3118	-0.00748
3120	-0.0074
3122	-0.00766
3124	-0.00825
3126	-0.00826
3128	-0.00843
3130	-0.00825
3132	-0.00744
3134	-0.00631
3136	-0.00741
3138	-0.00702
3140	-0.0058
3142	-0.00508
3144	-0.00577
3146	-0.00625
3148	-0.00696
3150	-0.00817
3152	-0.00804
3154	-0.00926
3156	-0.01001
3158	-0.01053
3160	-0.01041
3162	-0.01054
3164	-0.01075
3166	-0.0113
3168	-0.01014
3170	-0.00911
3172	-0.00901
3174	-0.00816
3176	-0.00737
3178	-0.00686
3180	-0.00803
3182	-0.00803
3184	-0.00694
3186	-0.00743
3188	-0.00681
3190	-0.00579
3192	-0.00478
3194	-0.00554
3196	-0.00668
3198	-0.00604
3200	-0.00578
3202	-0.0048
3204	-0.0044
3206	-0.00401
3208	-0.00428
3210	-0.0038
3212	-0.00259
3214	-6.33266E-4
3216	2.17969E-4
3218	-6.01796E-4
3220	-7.20561E-4
3222	-6.95326E-4
3224	-0.00276
3226	-0.00392
3228	-0.00383
3230	-0.0054
3232	-0.00666
3234	-0.00669
3236	-0.00652
3238	-0.00606
3240	-0.00489
3242	-0.0044
3244	-0.00345
3246	-0.00177
3248	-0.00142
3250	-0.00169
3252	-0.00161
3254	-0.00104
3256	-0.0017
3258	-0.00162
3260	-0.00202
3262	-0.0025
3264	-0.00306
3266	-0.00191
3268	-0.0015
3270	-0.00196
3272	-0.0018
3274	-0.00219
3276	-0.00245
3278	-0.00154
3280	1.04638E-4
3282	2.74617E-4
3284	6.89597E-4
3286	7.53576E-4
3288	-1.69445E-4
3290	-1.57465E-4
3292	3.62514E-4
3294	8.78493E-4
3296	0.00149
3298	7.52452E-4
3300	-4.72568E-4
3302	-0.00117
3304	-1.86096E-5
3306	-1.96303E-5
3308	-8.76509E-5
3310	-6.83672E-4
3312	-0.00135
3314	-0.00127
3316	-7.29733E-4
3318	0.001
3320	0.00148
3322	0.00216
3324	0.00236
3326	-0.00349
3328	-0.04352
3330	-0.12775
3332	-0.2337
3334	-0.35039
3336	-0.46287
3338	-0.56719
3340	-0.6611
3342	-0.74408
3344	-0.81442
3346	-0.86082
3348	-0.8603
3350	-0.8237
3352	-0.76482
3354	-0.69599
3356	-0.62586
3358	-0.55828
3360	-0.49456
3362	-0.43891
3364	-0.38818
3366	-0.34252
3368	-0.30201
3370	-0.26653
3372	-0.23568
3374	-0.20852
3376	-0.18456
3378	-0.16378
3380	-0.14728
3382	-0.13246
3384	-0.11894
3386	-0.10675
3388	-0.09692
3390	-0.08957
3392	-0.08273
3394	-0.0763
3396	-0.07072
3398	-0.06586
3400	-0.06176
3402	-0.05739
3404	-0.05334
3406	-0.04976
3408	-0.04526
3410	-0.04161
3412	-0.03951
3414	-0.0384
3416	-0.03649
3418	-0.03509
3420	-0.03359
3422	-0.03092
3424	-0.02876
3426	-0.02743
3428	-0.02677
3430	-0.02502
3432	-0.02367
3434	-0.02198
3436	-0.01995
3438	-0.01911
3440	-0.01815
3442	-0.01708
3444	-0.01616
3446	-0.01504
3448	-0.01387
3450	-0.01346
3452	-0.01299
3454	-0.01234
3456	-0.01103
3458	-0.00941
3460	-0.0097
3462	-0.01005
3464	-0.00938
3466	-0.00847
3468	-0.00876
3470	-0.00867
3472	-0.00846
3474	-0.0084
3476	-0.00824
3478	-0.00747
3480	-0.00684
3482	-0.0069
3484	-0.00704
3486	-0.00779
3488	-0.00937
3490	-0.00918
3492	-0.00894
3494	-0.00933
3496	-0.0091
3498	-0.00962
3500	-0.0091
3502	-0.00855
3504	-0.0072
3506	-0.00603
3508	-0.00688
3510	-0.00622
3512	-0.00526
3514	-0.00427
3516	-0.00467
3518	-0.00574
3520	-0.00616
3522	-0.00626
3524	-0.00664
3526	-0.00743
3528	-0.00844
3530	-0.00875
3532	-0.008
3534	-0.00733
3536	-0.00655
3538	-0.00642
3540	-0.00713
3542	-0.00807
3544	-0.0083
3546	-0.00736
3548	-0.00543
3550	-0.00573
3552	-0.00566
3554	-0.00603
3556	-0.00567
3558	-0.00537
3560	-0.0056
3562	-0.00493
3564	-0.00476
3566	-0.00394
3568	-0.00297
3570	-0.00178
3572	-0.00152
3574	-0.00149
3576	-3.76156E-4
3578	-4.5977E-4
3580	-0.00129
3582	-0.00168
3584	-0.00226
3586	-0.0021
3588	-0.00149
3590	-9.62451E-4
3592	-7.77064E-4
3594	-0.00155
3596	-0.00131
3598	-6.22905E-4
3600	-2.45518E-4
3602	-1.23132E-4
3604	-8.91745E-4
3606	-0.00122
3608	-0.00158
3610	-0.00212
3612	-0.00202
3614	-0.0019
3616	-0.00158
3618	-7.91227E-4
3620	9.34477E-4
3622	1.04181E-4
3624	-7.45116E-4
3626	5.28588E-4
3628	0.00106
3630	-0.00117
3632	-0.00204
3634	-0.00157
3636	-7.97893E-4
3638	-2.3219E-4
3640	-4.23486E-4
3642	-2.07823E-5
3644	-3.18079E-4
3646	-0.00151
3648	-0.00139
3650	-0.001
3652	-0.00159
3654	-0.00184
3656	-0.00169
3658	-8.55528E-4
3660	4.37931E-5
3662	3.99114E-4
3664	-7.75651E-5
3666	-1.35244E-4
3668	-4.92923E-4
3670	-6.02602E-4
3672	3.57184E-5
3674	7.12039E-4
3676	8.5936E-4
3678	5.69681E-4
3680	0.00119
3682	0.00174
3684	9.47644E-4
3686	0.00145
3688	0.00206
3690	0.00153
3692	5.08927E-4
3694	2.57248E-4
3696	0.00105
3698	-2.11102E-5
3700	-3.16913E-4
3702	-5.54972E-4
3704	-0.00132
3706	-0.00218
3708	-0.00154
3710	-0.00185
3712	-0.00172
3714	-0.00362
3716	-0.00461
3718	-0.00498
3720	-0.00517
3722	-0.00566
3724	-0.00751
3726	-0.01159
3728	-0.04743
3730	-0.12487
3732	-0.22417
3734	-0.33056
3736	-0.43579
3738	-0.53358
3740	-0.61974
3742	-0.69623
3744	-0.76093
3746	-0.80537
3748	-0.80745
3750	-0.77187
3752	-0.71518
3754	-0.64981
3756	-0.58503
3758	-0.52103
3760	-0.4613
3762	-0.40648
3764	-0.35764
3766	-0.31438
3768	-0.27669
3770	-0.2446
3772	-0.21455
3774	-0.18783
3776	-0.16571
3778	-0.14856
3780	-0.13259
3782	-0.11879
3784	-0.10704
3786	-0.09624
3788	-0.08709
3790	-0.07971
3792	-0.07341
3794	-0.06718
3796	-0.06112
3798	-0.0564
3800	-0.05337
3802	-0.05014
3804	-0.04624
3806	-0.04427
3808	-0.04217
3810	-0.03931
3812	-0.03616
3814	-0.03489
3816	-0.0334
3818	-0.03205
3820	-0.03131
3822	-0.02874
3824	-0.025
3826	-0.02347
3828	-0.0216
3830	-0.01953
3832	-0.0197
3834	-0.01948
3836	-0.01928
3838	-0.01827
3840	-0.01696
3842	-0.01625
3844	-0.01614
3846	-0.01534
3848	-0.01535
3850	-0.01448
3852	-0.01342
3854	-0.01256
3856	-0.01147
3858	-0.01143
3860	-0.01214
3862	-0.01156
3864	-0.01034
3866	-0.01011
3868	-0.00929
3870	-0.00796
3872	-0.00763
3874	-0.0062
3876	-0.0047
3878	-0.00322
3880	-0.00423
3882	-0.00477
3884	-0.00449
3886	-0.00294
3888	-0.00312
3890	-0.00419
3892	-0.00394
3894	-0.00372
3896	-0.00324
3898	-0.00205
3900	3.88232E-5
3902	3.7102E-4
3904	7.27217E-4
3906	-8.60586E-4
3908	-0.00177
3910	-3.90191E-4
3912	-2.06994E-4
3914	-9.68797E-4
3916	-9.066E-4
3918	3.93597E-4
3920	1.42794E-4
3922	-0.00163
3924	-0.00163
3926	5.79385E-4
3928	3.75825E-5
3930	-5.9522E-4
3932	6.40977E-4
3934	4.37174E-4
3936	2.29656E-4
3938	-2.47758E-4
3940	-1.98171E-4
3942	7.80415E-4
3944	8.41002E-4
3946	-2.04412E-4
3948	-0.00103
3950	-7.76239E-4
3952	-0.00115
3954	-0.00134
3956	-8.32479E-4
3958	-7.84893E-4
3960	-3.72306E-4
3962	-0.00126
3964	-0.00191
3966	-7.29547E-4
3968	1.3504E-4
3970	3.91626E-4
3972	-3.94787E-4
3974	5.12799E-4
3976	9.70386E-4
3978	0.00102
3980	0.0014
3982	7.87145E-4
3984	4.08732E-4
3986	-1.61682E-4
3988	-0.00159
3990	-0.00182
3992	-0.00161
3994	-0.00173
3996	-0.00186
3998	-0.00116
4000	-1.89576E-4
4002	-2.5299E-4
4004	-6.68403E-4
4006	-0.00115
4008	-0.00178
4010	-0.00187
4012	-0.00253
4014	-0.00204
4016	-0.00144
4018	-3.44298E-4
4020	2.44289E-4
4022	0.00202
4024	0.0025
4026	0.00196
4028	0.00125
4030	6.35221E-4
4032	0.00143
4034	0.00111
4036	2.6198E-4
4038	-9.86433E-4
4040	-0.00127
4042	-0.0024
4044	-0.00277
4046	-0.002
4048	-0.00335
4050	-0.00415
4052	-0.0054
4054	-0.00641
4056	-0.0074
4058	-0.00752
4060	-0.00722
4062	-0.00701
4064	-0.00665
4066	-0.00613
4068	-0.00511
4070	-0.00452
4072	-0.00381
4074	-0.00325
4076	-0.00245
4078	-0.00225
4080	-0.00301
4082	-0.00372
4084	-0.00372
4086	-0.00318
4088	-0.00207
4090	-2.76896E-4
4092	-2.90293E-4
4094	-6.0269E-4
4096	-2.70087E-4
4098	0.00132
4100	0.00124
4102	8.92722E-4
4104	0.00135
4106	2.71929E-4
4108	2.60532E-4
4110	-6.21865E-4
4112	-9.36262E-4
4114	-0.00117
4116	-4.36056E-4
4118	0.0011
4120	-3.1385E-4
4122	-0.00102
4124	-1.02644E-4
4126	-0.00261
4128	-0.02939
4130	-0.09594
4132	-0.18574
4134	-0.28406
4136	-0.38162
4138	-0.47293
4140	-0.55702
4142	-0.63073
4144	-0.69351
4146	-0.73997
4148	-0.74764
4150	-0.71954
4152	-0.67042
4154	-0.61211
4156	-0.55242
4158	-0.49322
4160	-0.43932
4162	-0.39091
4164	-0.34625
4166	-0.30562
4168	-0.26892
4170	-0.23783
4172	-0.20999
4174	-0.18743
4176	-0.16684
4178	-0.1501
4180	-0.13642
4182	-0.12354
4184	-0.1128
4186	-0.10299
4188	-0.0949
4190	-0.08668
4192	-0.07983
4194	-0.07323
4196	-0.06686
4198	-0.06272
4200	-0.05855
4202	-0.05351
4204	-0.04863
4206	-0.04554
4208	-0.04187
4210	-0.03825
4212	-0.0358
4214	-0.03401
4216	-0.0313
4218	-0.02947
4220	-0.02885
4222	-0.0277
4224	-0.02604
4226	-0.02489
4228	-0.02293
4230	-0.0208
4232	-0.01834
4234	-0.01719
4236	-0.01525
4238	-0.01435
4240	-0.01398
4242	-0.01342
4244	-0.0127
4246	-0.01174
4248	-0.01128
4250	-0.01254
4252	-0.01491
4254	-0.015
4256	-0.0141
4258	-0.01439
4260	-0.01463
4262	-0.01438
4264	-0.01486
4266	-0.01571
4268	-0.01676
4270	-0.01666
4272	-0.01479
4274	-0.01362
4276	-0.01402
4278	-0.01358
4280	-0.01389
4282	-0.01473
4284	-0.01535
4286	-0.01566
4288	-0.01693
4290	-0.01799
4292	-0.0167
4294	-0.01608
4296	-0.01589
4298	-0.0148
4300	-0.01363
4302	-0.01188
4304	-0.00989
4306	-0.00936
4308	-0.00918
4310	-0.00912
4312	-0.00783
4314	-0.00764
4316	-0.00788
4318	-0.00696
4320	-0.00697
4322	-0.00541
4324	-0.0047
4326	-0.00454
4328	-0.00462
4330	-0.00402
4332	-0.00371
4334	-0.00313
4336	-0.00227
4338	-0.00247
4340	-0.00215
4342	-0.00352
4344	-0.00283
4346	-0.00183
4348	-8.43148E-4
4350	-0.0012
4352	-0.00207
4354	-0.00193
4356	-0.00121
4358	-0.00187
4360	-0.00213
4362	-0.00192
4364	-0.00155
4366	-0.00217
4368	-0.00381
4370	-0.0034
4372	-0.0029
4374	-0.00276
4376	-0.00275
4378	-0.00235
4380	-0.00249
4382	-0.00311
4384	-0.00224
4386	-0.00269
4388	-0.00274
4390	-0.00248
4392	-0.00343
4394	-0.00263
4396	-0.0025
4398	-0.00283
4400	-0.00223
4402	-0.00262
4404	-0.00256
4406	-0.00192
4408	-9.47984E-4
4410	4.07545E-5
4412	2.53493E-4
4414	2.41232E-4
4416	0.00106
4418	8.6871E-4
4420	-1.87552E-4
4422	-9.90813E-4
4424	-7.67074E-4
4426	-1.03352E-5
4428	0.00158
4430	0.00132
4432	0.00113
4434	0.00127
4436	0.00166
4438	0.00229
4440	0.0025
4442	0.00202
4444	9.66314E-4
4446	1.47053E-4
4448	-3.00209E-4
4450	-2.9447E-4
4452	-5.93731E-4
4454	-0.00179
4456	-0.00287
4458	-0.00289
4460	-0.002
4462	-9.88887E-4
4464	-0.00153
4466	-0.00147
4468	-0.00126
4470	-0.0017
4472	-0.00232
4474	-0.00116
4476	-4.55219E-4
4478	-3.19409E-4
4480	-5.20599E-4
4482	-0.00103
4484	-5.9198E-4
4486	6.5883E-4
4488	-1.1336E-4
4490	-1.3255E-4
4492	6.63259E-4
4494	-5.04931E-4
4496	8.72879E-4
4498	0.00117
4500	0.00147
4502	4.83308E-4
4504	1.50118E-4
4506	3.21598E-4
4508	1.76506E-4
4510	2.10415E-4
4512	5.50324E-4
4514	6.34233E-4
4516	-2.08587E-5
4518	9.205E-5
4520	0.00151
4522	0.00206
4524	0.00222
4526	2.94685E-4
4528	-0.02446
4530	-0.08577
4532	-0.16924
4534	-0.26337
4536	-0.35629
4538	-0.44408
4540	-0.52366
4542	-0.59347
4544	-0.65386
4546	-0.69984
4548	-0.70982
4550	-0.6849
4552	-0.63668
4554	-0.5791
4556	-0.5211
4558	-0.46508
4560	-0.41203
4562	-0.36302
4564	-0.31901
4566	-0.28119
4568	-0.24669
4570	-0.2171
4572	-0.19199
4574	-0.16872
4576	-0.14982
4578	-0.1326
4580	-0.11844
4582	-0.10684
4584	-0.09738
4586	-0.08903
4588	-0.08199
4590	-0.07558
4592	-0.06877
4594	-0.06419
4596	-0.05911
4598	-0.05386
4600	-0.05016
4602	-0.0469
4604	-0.04399
4606	-0.04113
4608	-0.03888
4610	-0.03712
4612	-0.03525
4614	-0.03316
4616	-0.03053
4618	-0.02809
4620	-0.02571
4622	-0.02433
4624	-0.02218
4626	-0.02086
4628	-0.01887
4630	-0.01754
4632	-0.01709
4634	-0.01663
4636	-0.01546
4638	-0.01392
4640	-0.01257
4642	-0.01318
4644	-0.01356
4646	-0.0135
4648	-0.01306
4650	-0.01223
4652	-0.01196
4654	-0.01135
4656	-0.00992
4658	-0.01031
4660	-0.01001
4662	-0.01013
4664	-0.00964
4666	-0.00839
4668	-0.00828
4670	-0.00822
4672	-0.00848
4674	-0.00756
4676	-0.00703
4678	-0.00714
4680	-0.00739
4682	-0.00661
4684	-0.0058
4686	-0.00517
4688	-0.00509
4690	-0.00515
4692	-0.00495
4694	-0.0056
4696	-0.00606
4698	-0.00589
4700	-0.00519
4702	-0.00388
4704	-0.00391
4706	-0.00358
4708	-0.00312
4710	-0.00255
4712	-0.00229
4714	-0.00242
4716	-0.0029
4718	-0.0022
4720	-0.00235
4722	-0.00289
4724	-0.00333
4726	-0.00394
4728	-0.00362
4730	-0.00331
4732	-0.00309
4734	-0.00308
4736	-0.00414
4738	-0.00603
4740	-0.00748
4742	-0.00798
4744	-0.00748
4746	-0.0076
4748	-0.00779
4750	-0.00859
4752	-0.00852
4754	-0.0082
4756	-0.00746
4758	-0.00646
4760	-0.00539
4762	-0.00388
4764	-0.00317
4766	-0.0013
4768	6.34494E-4
4770	7.77006E-4
4772	0.00156
4774	8.84029E-4
4776	-6.6946E-4
4778	1.48052E-4
4780	8.55563E-4
4782	2.63075E-4
4784	-7.79413E-4
4786	-0.00185
4788	-0.00169
4790	-9.90594E-4
4792	-9.9534E-4
4794	-6.76087E-4
4796	-0.00176
4798	-0.00242
4800	-0.00347
4802	-0.00301
4804	-0.00338
4806	-0.0045
4808	-0.00511
4810	-0.00493
4812	-0.00475
4814	-0.00459
4816	-0.00503
4818	-0.00358
4820	-0.00375
4822	-0.00335
4824	-0.00324
4826	-0.00401
4828	-0.00285
4830	-0.00388
4832	-0.00444
4834	-0.00303
4836	-0.00261
4838	-0.00227
4840	-0.00219
4842	-0.00188
4844	-9.41712E-4
4846	1.09231E-4
4848	3.64174E-4
4850	0.00111
4852	2.04061E-4
4854	4.99004E-4
4856	3.95947E-4
4858	-4.9311E-4
4860	-0.00182
4862	-0.00161
4864	-0.00118
4866	-0.00144
4868	-0.00261
4870	-0.00357
4872	-0.00334
4874	-0.00239
4876	-0.00285
4878	-0.00237
4880	-0.00164
4882	-0.00156
4884	-5.21187E-4
4886	-5.42529E-4
4888	-8.42871E-4
4890	6.42787E-4
4892	0.00127
4894	0.00104
4896	0.00177
4898	8.67418E-4
4900	8.49076E-4
4902	0.00179
4904	0.00115
4906	0.00171
4908	0.00109
4910	-1.91634E-4
4912	-1.89976E-4
4914	1.56682E-4
4916	-3.9666E-4
4918	-2.23002E-4
4920	4.05656E-4
4922	0.00126
4924	0.00113
4926	-5.3537E-4
4928	-0.02058
4930	-0.07718
4932	-0.15738
4934	-0.24431
4936	-0.32936
4938	-0.41038
4940	-0.48482
4942	-0.55012
4944	-0.60615
4946	-0.64889
4948	-0.65898
4950	-0.63663
4952	-0.59435
4954	-0.54248
4956	-0.48756
4958	-0.43477
4960	-0.38665
4962	-0.34115
4964	-0.30015
4966	-0.26315
4968	-0.22997
4970	-0.20228
4972	-0.17721
4974	-0.15607
4976	-0.13755
4978	-0.1229
4980	-0.11046
4982	-0.0986
4984	-0.08985
4986	-0.08153
4988	-0.07375
4990	-0.06719
4992	-0.06071
4994	-0.05561
4996	-0.05115
4998	-0.04657
5000	-0.04372
5002	-0.04095
5004	-0.03842
5006	-0.03587
5008	-0.03396
5010	-0.03181
5012	-0.03058
5014	-0.02896
5016	-0.02704
5018	-0.02564
5020	-0.02387
5022	-0.02314
5024	-0.02316
5026	-0.02317
5028	-0.02313
5030	-0.02404
5032	-0.02549
5034	-0.02522
5036	-0.02383
5038	-0.02323
5040	-0.02215
5042	-0.01995
5044	-0.0177
5046	-0.01605
5048	-0.01448
5050	-0.01413
5052	-0.0147
5054	-0.01567
5056	-0.01676
5058	-0.01659
5060	-0.01712
5062	-0.01791
5064	-0.01818
5066	-0.01805
5068	-0.01789
5070	-0.01778
5072	-0.01782
5074	-0.01635
5076	-0.01581
5078	-0.01354
5080	-0.01181
5082	-0.01101
5084	-0.01043
5086	-0.00966
5088	-0.00906
5090	-0.00837
5092	-0.00811
5094	-0.00912
5096	-0.00906
5098	-0.00692
5100	-0.00734
5102	-0.00669
5104	-0.00538
5106	-0.0047
5108	-0.00564
5110	-0.00644
5112	-0.00573
5114	-0.00501
5116	-0.00421
5118	-0.00351
5120	-0.00255
5122	-0.00145
5124	-9.49768E-4
5126	-4.94126E-4
5128	-0.00107
5130	-0.00212
5132	-0.00282
5134	-0.00257
5136	-0.00205
5138	-8.69269E-4
5140	-0.00167
5142	-0.00166
5144	-0.00183
5146	-0.00306
5148	-0.00423
5150	-0.0045
5152	-0.00455
5154	-0.00556
5156	-0.00607
5158	-0.00511
5160	-0.00472
5162	-0.00488
5164	-0.00503
5166	-0.00482
5168	-0.00408
5170	-0.00378
5172	-0.0029
5174	-0.00356
5176	-0.00305
5178	-0.00349
5180	-0.0039
5182	-0.00344
5184	-0.00212
5186	-0.00184
5188	-0.00154
5190	-0.00155
5192	-0.00148
5194	-0.00126
5196	-0.00106
5198	-0.00176
5200	-0.00376
5202	-0.00499
5204	-0.00393
5206	-0.00302
5208	-0.00203
5210	-5.30132E-4
5212	2.93511E-4
5214	2.41536E-5
5216	2.64852E-4
5218	4.43822E-4
5220	6.41792E-4
5222	2.80762E-4
5224	-0.00125
5226	-8.22299E-4
5228	-0.00241
5230	-0.00379
5232	-0.00408
5234	-0.00355
5236	-0.00308
5238	-0.00316
5240	-0.00252
5242	-0.00141
5244	-0.00101
5246	-0.00102
5248	-0.00155
5250	-0.00131
5252	-9.56903E-5
5254	1.6328E-4
5256	9.80249E-4
5258	0.0014
5260	0.00125
5262	0.00136
5264	3.91745E-4
5266	0.00105
5268	0.00286
5270	0.00223
5272	0.00213
5274	0.00243
5276	0.0018
5278	0.00123
5280	8.3136E-4
5282	-0.00118
5284	-0.00221
5286	-0.00105
5288	-0.00141
5290	-0.00151
5292	-4.47429E-4
5294	-3.86227E-4
5296	6.04975E-4
5298	9.06177E-4
5300	5.03791E-5
5302	-1.30419E-4
5304	-9.32217E-4
5306	-2.92015E-4
5308	-4.89813E-4
5310	-1.68611E-4
5312	-0.0011
5314	-0.00157
5316	-0.00151
5318	-8.88113E-4
5320	0.00115
5322	0.00115
5324	5.45407E-4
5326	9.62914E-4
5328	-0.01519
5330	-0.06833
5332	-0.14131
5334	-0.22158
5336	-0.30433
5338	-0.38336
5340	-0.45222
5342	-0.51415
5344	-0.5686
5346	-0.60977
5348	-0.62215
5350	-0.60318
5352	-0.56413
5354	-0.51479
5356	-0.464
5358	-0.41477
5360	-0.36892
5362	-0.32699
5364	-0.28959
5366	-0.25644
5368	-0.22594
5370	-0.19923
5372	-0.17605
5374	-0.1557
5376	-0.13666
5378	-0.12111
5380	-0.10769
5382	-0.09543
5384	-0.08519
5386	-0.07597
5388	-0.06711
5390	-0.06099
5392	-0.05605
5394	-0.05055
5396	-0.04508
5398	-0.04163
5400	-0.03853
5402	-0.03671
5404	-0.03478
5406	-0.0322
5408	-0.0302
5410	-0.02843
5412	-0.02686
5414	-0.02541
5416	-0.02485
5418	-0.02436
5420	-0.02449
5422	-0.02459
5424	-0.02304
5426	-0.02137
5428	-0.01985
5430	-0.01933
5432	-0.01769
5434	-0.01697
5436	-0.01532
5438	-0.01433
5440	-0.01423
5442	-0.01406
5444	-0.01397
5446	-0.01425
5448	-0.01249
5450	-0.01033
5452	-0.00883
5454	-0.00885
5456	-0.0085
5458	-0.00697
5460	-0.00642
5462	-0.00555
5464	-0.0046
5466	-0.00454
5468	-0.00372
5470	-0.00334
5472	-0.00269
5474	-0.00217
5476	-0.00154
5478	-3.40355E-4
5480	6.99733E-5
5482	8.85302E-4
5484	8.98631E-4
5486	0.00102
5488	-3.0712E-5
5490	9.59617E-4
5492	0.00119
5494	9.52274E-4
5496	9.49603E-4
5498	0.00181
5500	0.0018
5502	8.39151E-4
5504	-0.00133
5506	-0.00218
5508	-0.00212
5510	-0.00325
5512	-0.00418
5514	-0.00385
5516	-0.0023
5518	-0.00122
5520	-4.36426E-4
5522	9.18434E-5
5524	1.94113E-4
5526	-8.23618E-4
5528	-0.00133
5530	-0.00102
5532	-1.8581E-4
5534	-0.00101
5536	9.17284E-5
5538	5.48998E-4
5540	3.83267E-4
5542	3.96536E-4
5544	2.88806E-4
5546	0.001
5548	0.00158
5550	7.00336E-4
5552	4.6761E-4
5554	0.00164
5556	0.00303
5558	0.00306
5560	0.00282
5562	0.00227
5564	0.00134
5566	8.57528E-4
5568	8.32802E-4
5570	0.00106
5572	6.7635E-4
5574	-5.06376E-4
5576	-4.30102E-4
5578	-5.96828E-4
5580	9.23446E-4
5582	8.5472E-4
5584	0.00137
5586	0.00153
5588	0.00124
5590	0.00122
5592	-0.00142
5594	-0.00246
5596	-0.00163
5598	-1.17396E-4
5600	0.00188
5602	0.00229
5604	0.00109
5606	0.00319
5608	0.00332
5610	0.00281
5612	0.00309
5614	0.00332
5616	0.00277
5618	0.00195
5620	0.00124
5622	2.32933E-4
5624	-0.00147
5626	-8.16012E-4
5628	1.16015E-4
5630	8.23043E-4
5632	-6.2093E-4
5634	-0.00125
5636	-0.0015
5638	-0.00156
5640	-0.00215
5642	-0.00204
5644	-0.00212
5646	-9.29939E-4
5648	-9.65094E-4
5650	-2.81249E-4
5652	2.41596E-4
5654	7.2544E-4
5656	-4.98715E-4
5658	-0.00152
5660	-0.00145
5662	-6.8218E-4
5664	-3.11335E-4
5666	6.57509E-4
5668	6.11354E-4
5670	4.98199E-4
5672	0.00146
5674	0.00222
5676	0.00171
5678	0.00124
5680	6.69423E-4
5682	-9.45732E-4
5684	-0.00152
5686	-0.00336
5688	-0.00438
5690	-0.00324
5692	-0.00495
5694	-0.00501
5696	-0.00532
5698	-0.00698
5700	-0.00712
5702	-0.00686
5704	-0.00687
5706	-0.00475
5708	-0.00302
5710	-0.00287
5712	-0.00188
5714	-0.00205
5716	-0.00177
5718	-0.00223
5720	-7.98224E-4
5722	-8.26126E-5
5724	0.00187
5726	0.00223
5728	-0.01073
5730	-0.05514
5732	-0.12076
5734	-0.19698
5736	-0.27266
5738	-0.34512
5740	-0.41113
5742	-0.47016
5744	-0.51994
5746	-0.56098
5748	-0.57427
5750	-0.5586
5752	-0.52405
5754	-0.47876
5756	-0.43134
5758	-0.38542
5760	-0.34152
5762	-0.30082
5764	-0.26383
5766	-0.23163
5768	-0.20356
5770	-0.17907
5772	-0.15832
5774	-0.13982
5776	-0.12269
5778	-0.10834
5780	-0.09767
5782	-0.08792
5784	-0.07885
5786	-0.07173
5788	-0.06452
5790	-0.05791
5792	-0.05097
5794	-0.04671
5796	-0.04259
5798	-0.03893
5800	-0.03704
5802	-0.03373
5804	-0.03109
5806	-0.02896
5808	-0.02674
5810	-0.02478
5812	-0.02249
5814	-0.02081
5816	-0.01789
5818	-0.01598
5820	-0.01436
5822	-0.01375
5824	-0.01242
5826	-0.00968
5828	-0.00924
5830	-0.00943
5832	-0.00802
5834	-0.00671
5836	-0.00441
5838	-0.00404
5840	-0.00502
5842	-0.00568
5844	-0.00409
5846	-0.00423
5848	-0.00361
5850	-0.00246
5852	-0.00279
5854	-0.00376
5856	-0.00344
5858	-0.00355
5860	-0.00448
5862	-0.00382
5864	-0.00383
5866	-0.00506
5868	-0.00591
5870	-0.0056
5872	-0.00458
5874	-0.004
5876	-0.00343
5878	-0.00312
5880	-0.00409
5882	-0.00338
5884	-0.00292
5886	-0.00296
5888	-0.0033
5890	-0.00256
5892	-0.00266
5894	-0.00196
5896	-4.99686E-4
5898	-1.15793E-4
5900	1.70099E-4
5902	5.42992E-4
5904	1.28853E-5
5906	5.35778E-4
5908	0.00102
5910	5.60564E-4
5912	2.43457E-4
5914	7.9135E-4
5916	0.00186
5918	0.00171
5920	0.00328
5922	0.00346
5924	0.00231
5926	0.00202
5928	0.00236
5930	0.00114
5932	-1.35614E-4
5934	-2.45721E-4
5936	2.13172E-4
5938	1.22065E-4
5940	-5.43042E-4
5942	5.0585E-4
5944	3.59743E-4
5946	8.63623E-6
5948	0.00115
5950	0.00264
5952	0.00247
5954	0.00269
5956	0.00165
5958	0.00171
5960	6.55887E-4
5962	-5.40221E-4
5964	1.76672E-4
5966	0.00201
5968	0.00157
5970	0.00145
5972	0.00121
5974	0.00103
5976	9.7703E-4
5978	1.09227E-5
5980	-5.83184E-4
5982	8.70847E-6
5984	-4.06399E-4
5986	-1.61506E-4
5988	0.00105
5990	0.00201
5992	0.00242
5994	0.00166
5996	0.00127
5998	0.00209
6000	0.00343
6002	0.00357
6004	0.00369
6006	0.00349
6008	0.00299
6010	0.00311
6012	0.00281
6014	0.00413
6016	0.00529
6018	0.00459
6020	0.00254
6022	0.00132
6024	0.00197
6026	0.00262
6028	0.00189
6030	0.00146
6032	0.00107
6034	0.00113
6036	8.24817E-4
6038	5.0871E-4
6040	-2.87397E-4
6042	-3.01504E-4
6044	3.14388E-4
6046	-9.62719E-4
6048	-6.30826E-4
6050	5.63067E-4
6052	2.4396E-4
6054	-4.48147E-4
6056	-2.79254E-4
6058	-6.03613E-5
6060	-5.94684E-5
6062	-0.00108
6064	-0.00104
6066	-0.00133
6068	-0.00309
6070	-0.00242
6072	-0.00177
6074	-0.00174
6076	-0.00111
6078	-0.00113
6080	-2.29589E-4
6082	0.00154
6084	0.00177
6086	0.00136
6088	0.00166
6090	0.00135
6092	2.12224E-4
6094	4.79193E-4
6096	4.90162E-4
6098	7.52131E-4
6100	8.901E-4
6102	0.00117
6104	0.00213
6106	0.00151
6108	8.09976E-4
6110	0.00217
6112	0.00185
6114	0.00148
6116	6.68851E-4
6118	0.0012
6120	0.002
6122	0.00216
6124	0.00224
6126	0.0022
6128	-0.00889
6130	-0.04975
6132	-0.11204
6134	-0.18181
6136	-0.25337
6138	-0.32234
6140	-0.38498
6142	-0.4419
6144	-0.49043
6146	-0.52956
6148	-0.54501
6150	-0.53119
6152	-0.49766
6154	-0.45431
6156	-0.40948
6158	-0.36648
6160	-0.3249
6162	-0.2867
6164	-0.25216
6166	-0.22129
6168	-0.19385
6170	-0.17098
6172	-0.1518
6174	-0.13504
6176	-0.11968
6178	-0.1064
6180	-0.09383
6182	-0.08257
6184	-0.07394
6186	-0.06822
6188	-0.06186
6190	-0.05673
6192	-0.05337
6194	-0.04884
6196	-0.04391
6198	-0.04039
6200	-0.03763
6202	-0.03522
6204	-0.03162
6206	-0.02958
6208	-0.02699
6210	-0.02526
6212	-0.02386
6214	-0.0216
6216	-0.01982
6218	-0.01944
6220	-0.01832
6222	-0.01714
6224	-0.01615
6226	-0.01593
6228	-0.01521
6230	-0.01505
6232	-0.0157
6234	-0.01497
6236	-0.01449
6238	-0.01439
6240	-0.01358
6242	-0.01383
6244	-0.01492
6246	-0.01497
6248	-0.01419
6250	-0.01456
6252	-0.01453
6254	-0.01472
6256	-0.0158
6258	-0.01624
6260	-0.01571
6262	-0.01457
6264	-0.0137
6266	-0.01365
6268	-0.01356
6270	-0.014
6272	-0.01357
6274	-0.01339
6276	-0.01119
6278	-0.0102
6280	-0.01007
6282	-0.00954
6284	-0.00755
6286	-0.00666
6288	-0.00604
6290	-0.00516
6292	-0.0064
6294	-0.00748
6296	-0.00613
6298	-0.00647
6300	-0.00662
6302	-0.00683
6304	-0.00639
6306	-0.00695
6308	-0.00907
6310	-0.01077
6312	-0.01109
6314	-0.01149
6316	-0.01102
6318	-0.01145
6320	-0.01351
6322	-0.01405
6324	-0.01394
6326	-0.01269
6328	-0.01241
6330	-0.01211
6332	-0.01176
6334	-0.01205
6336	-0.01177
6338	-0.01056
6340	-0.00929
6342	-0.00826
6344	-0.00805
6346	-0.00706
6348	-0.00529
6350	-0.0048
6352	-0.0039
6354	-0.00551
6356	-0.00565
6358	-0.0042
6360	-0.00407
6362	-0.00354
6364	-0.00291
6366	-0.00275
6368	-0.00315
6370	-0.00324
6372	-0.00239
6374	-0.0026
6376	-0.0024
6378	-0.00254
6380	-0.00312
6382	-0.00447
6384	-0.00512
6386	-0.00609
6388	-0.00744
6390	-0.00769
6392	-0.00673
6394	-0.00626
6396	-0.0056
6398	-0.006
6400	-0.00426
6402	-0.00339
6404	-0.00225
6406	-5.64242E-4
6408	-0.0013
6410	-9.20558E-4
6412	8.75785E-4
6414	0.00174
6416	4.54699E-5
6418	-0.00244
6420	-0.00377
6422	-0.0026
6424	-0.0023
6426	-0.00262
6428	-0.00243
6430	-0.00168
6432	-0.00328
6434	-0.00434
6436	-0.00545
6438	-0.00563
6440	-0.00575
6442	-0.00674
6444	-0.00609
6446	-0.00541
6448	-0.00442
6450	-0.00512
6452	-0.00507
6454	-0.00433
6456	-0.00499
6458	-0.005
6460	-0.00431
6462	-0.00359
6464	-0.00334
6466	-0.00324
6468	-0.00364
6470	-0.00412
6472	-0.0046
6474	-0.00334
6476	-0.00204
6478	-0.00205
6480	-4.84319E-4
6482	-0.00105
6484	-0.00231
6486	-0.00322
6488	-0.00337
6490	-0.00325
6492	-0.00444
6494	-0.00317
6496	-0.00166
6498	-0.0014
6500	-8.74933E-4
6502	-0.00112
6504	-7.43519E-4
6506	-3.79311E-4
6508	5.94896E-4
6510	8.17103E-4
6512	0.00173
6514	0.00182
6516	0.00112
6518	5.35932E-4
6520	5.51391E-5
6522	-0.00111
6524	-0.00156
6526	-0.00214
6528	-0.01225
6530	-0.04958
6532	-0.10548
6534	-0.17169
6536	-0.23818
6538	-0.30196
6540	-0.3629
6542	-0.41763
6544	-0.46289
6546	-0.50157
6548	-0.51845
6550	-0.50677
6552	-0.47859
6554	-0.43781
6556	-0.394
6558	-0.35255
6560	-0.31434
6562	-0.27759
6564	-0.24398
6566	-0.21387
6568	-0.18853
6570	-0.16521
6572	-0.14499
6574	-0.12714
6576	-0.11172
6578	-0.10039
6580	-0.09037
6582	-0.0803
6584	-0.07144
6586	-0.06469
6588	-0.05894
6590	-0.05418
6592	-0.04895
6594	-0.04488
6596	-0.04151
6598	-0.03847
6600	-0.03549
6602	-0.03243
6604	-0.02955
6606	-0.02697
6608	-0.02492
6610	-0.02327
6612	-0.02164
6614	-0.02179
6616	-0.02134
6618	-0.01862
6620	-0.01583
6622	-0.01473
6624	-0.01322
6626	-0.01238
6628	-0.01133
6630	-0.00965
6632	-0.01013
6634	-0.01112
6636	-0.01027
6638	-0.01017
6640	-0.01133
6642	-0.01104
6644	-0.01147
6646	-0.01027
6648	-0.00942
6650	-0.01021
6652	-0.00945
6654	-0.00832
6656	-0.00775
6658	-0.00684
6660	-0.00667
6662	-0.00662
6664	-0.00536
6666	-0.0063
6668	-0.00653
6670	-0.00768
6672	-0.0079
6674	-0.00697
6676	-0.00712
6678	-0.0071
6680	-0.00751
6682	-0.00742
6684	-0.00808
6686	-0.00768
6688	-0.00719
6690	-0.00624
6692	-0.00738
6694	-0.00741
6696	-0.00555
6698	-0.00595
6700	-0.00593
6702	-0.00599
6704	-0.00586
6706	-0.00604
6708	-0.00627
6710	-0.00636
6712	-0.00705
6714	-0.00728
6716	-0.00733
6718	-0.00734
6720	-0.00751
6722	-0.00689
6724	-0.0066
6726	-0.00599
6728	-0.00606
6730	-0.00622
6732	-0.00702
6734	-0.00612
6736	-0.00551
6738	-0.00574
6740	-0.00493
6742	-0.00489
6744	-0.00484
6746	-0.00542
6748	-0.00573
6750	-0.00722
6752	-0.0075
6754	-0.00721
6756	-0.0059
6758	-0.0061
6760	-0.00701
6762	-0.00814
6764	-0.00851
6766	-0.01002
6768	-0.01058
6770	-0.01023
6772	-0.01026
6774	-0.00936
6776	-0.00982
6778	-0.01011
6780	-0.01102
6782	-0.01121
6784	-0.00962
6786	-0.00772
6788	-0.00824
6790	-0.00839
6792	-0.00786
6794	-0.00805
6796	-0.00733
6798	-0.00625
6800	-0.00559
6802	-0.00478
6804	-0.0045
6806	-0.00577
6808	-0.00574
6810	-0.00492
6812	-0.00312
6814	-0.0019
6816	-0.00127
6818	-0.00153
6820	-0.00189
6822	-0.00116
6824	-0.00264
6826	-0.00378
6828	-0.00342
6830	-0.00381
6832	-0.00328
6834	-0.00194
6836	-0.0028
6838	-0.00372
6840	-0.00332
6842	-0.00362
6844	-0.00294
6846	-0.00119
6848	-0.00193
6850	-0.0021
6852	-0.00249
6854	-0.00281
6856	-0.00181
6858	-0.00143
6860	-0.00117
6862	-0.00134
6864	-4.20175E-4
6866	1.34042E-4
6868	-3.17742E-4
6870	-3.4525E-5
6872	-4.93309E-4
6874	2.37908E-4
6876	0.0011
6878	1.17306E-4
6880	0.00131
6882	0.00251
6884	0.00155
6886	4.29616E-4
6888	2.08194E-4
6890	3.55772E-4
6892	0.0011
6894	4.19927E-4
6896	1.45045E-5
6898	6.86082E-4
6900	5.2566E-4
6902	7.74237E-4
6904	0.00133
6906	5.37393E-4
6908	-3.8303E-4
6910	-4.49452E-4
6912	-1.12874E-4
6914	7.23703E-4
6916	0.00129
6918	9.91858E-4
6920	-4.41564E-4
6922	-0.00218
6924	-0.00345
6926	-0.00359
6928	-0.01093
6930	-0.0423
6932	-0.09414
6934	-0.15674
6936	-0.22103
6938	-0.28173
6940	-0.33787
6942	-0.38869
6944	-0.43423
6946	-0.47069
6948	-0.48805
6950	-0.47836
6952	-0.45038
6954	-0.41358
6956	-0.37275
6958	-0.33237
6960	-0.29416
6962	-0.26012
6964	-0.22959
6966	-0.20194
6968	-0.17811
6970	-0.15732
6972	-0.13895
6974	-0.12382
6976	-0.1103
6978	-0.09781
6980	-0.08695
6982	-0.07772
6984	-0.07093
6986	-0.06517
6988	-0.06038
6990	-0.0544
6992	-0.04885
6994	-0.04425
6996	-0.04071
6998	-0.03841
7000	-0.03618
7002	-0.03517
7004	-0.03303
7006	-0.03057
7008	-0.02844
7010	-0.0289
7012	-0.02958
7014	-0.0292
7016	-0.02933
7018	-0.02854
7020	-0.02652
7022	-0.02484
7024	-0.02391
7026	-0.02361
7028	-0.02214
7030	-0.02115
7032	-0.01944
7034	-0.01893
7036	-0.01882
7038	-0.01824
7040	-0.01699
7042	-0.01445
7044	-0.01388
7046	-0.01344
7048	-0.01267
7050	-0.01331
7052	-0.01163
7054	-0.01008
7056	-0.00828
7058	-0.00684
7060	-0.0082
7062	-0.00891
7064	-0.0075
7066	-0.00701
7068	-0.00641
7070	-0.00812
7072	-0.01061
7074	-0.01186
7076	-0.01301
7078	-0.01307
7080	-0.01319
7082	-0.01408
7084	-0.01459
7086	-0.01418
7088	-0.01356
7090	-0.01315
7092	-0.0105
7094	-0.00874
7096	-0.00783
7098	-0.00807
7100	-0.00941
7102	-0.00893
7104	-0.00759
7106	-0.00721
7108	-0.00761
7110	-0.00771
7112	-0.0082
7114	-0.00839
7116	-0.00964
7118	-0.01064
7120	-0.01247
7122	-0.01391
7124	-0.01436
7126	-0.0144
7128	-0.01309
7130	-0.01291
7132	-0.01267
7134	-0.01325
7136	-0.01422
7138	-0.01427
7140	-0.01477
7142	-0.01467
7144	-0.0144
7146	-0.0144
7148	-0.01533
7150	-0.01642
7152	-0.01554
7154	-0.01446
7156	-0.01411
7158	-0.01364
7160	-0.01471
7162	-0.01506
7164	-0.01348
7166	-0.01305
7168	-0.0122
7170	-0.0113
7172	-0.00978
7174	-0.00995
7176	-0.00968
7178	-0.00939
7180	-0.00788
7182	-0.00631
7184	-0.00606
7186	-0.00723
7188	-0.00679
7190	-0.00564
7192	-0.00579
7194	-0.006
7196	-0.00502
7198	-0.00448
7200	-0.00533
7202	-0.00509
7204	-0.00379
7206	-0.0041
7208	-0.00544
7210	-0.0046
7212	-0.00392
7214	-0.00407
7216	-0.00361
7218	-0.00345
7220	-0.003
7222	-0.00261
7224	-0.00261
7226	-0.00342
7228	-0.00426
7230	-0.00355
7232	-0.00427
7234	-0.00396
7236	-0.00372
7238	-0.00358
7240	-0.00338
7242	-0.004
7244	-0.0026
7246	-0.00113
7248	-0.00129
7250	-0.00161
7252	-0.00105
7254	-0.00123
7256	-0.00166
7258	-4.55989E-4
7260	-4.00675E-4
7262	-0.00128
7264	-2.64045E-4
7266	-0.00121
7268	-0.00184
7270	-0.00244
7272	-0.00202
7274	-0.0011
7276	-4.37156E-4
7278	0.00121
7280	2.94733E-5
7282	-6.06212E-4
7284	-0.00112
7286	-0.00186
7288	-0.00232
7290	1.78047E-4
7292	2.44362E-4
7294	-3.19323E-4
7296	-3.26008E-4
7298	1.68306E-4
7300	-2.35379E-4
7302	3.68602E-4
7304	3.86746E-4
7306	-2.26111E-4
7308	-1.76967E-4
7310	0.00103
7312	6.4332E-4
7314	5.03464E-4
7316	-4.18393E-4
7318	3.53751E-4
7320	4.35895E-4
7322	3.32038E-4
7324	0.0012
7326	2.30326E-4
7328	-0.00654
7330	-0.03608
7332	-0.08579
7334	-0.1436
7336	-0.20431
7338	-0.26153
7340	-0.31391
7342	-0.36047
7344	-0.3992
7346	-0.43441
7348	-0.45251
7350	-0.44518
7352	-0.42135
7354	-0.3882
7356	-0.35114
7358	-0.313
7360	-0.2771
7362	-0.24484
7364	-0.21577
7366	-0.19045
7368	-0.16836
7370	-0.14866
7372	-0.13102
7374	-0.11598
7376	-0.10241
7378	-0.09069
7380	-0.08154
7382	-0.0729
7384	-0.06393
7386	-0.05721
7388	-0.05164
7390	-0.04714
7392	-0.04211
7394	-0.03943
7396	-0.03745
7398	-0.03585
7400	-0.03361
7402	-0.03169
7404	-0.02921
7406	-0.02678
7408	-0.02546
7410	-0.02363
7412	-0.02137
7414	-0.01883
7416	-0.01712
7418	-0.01636
7420	-0.01555
7422	-0.01348
7424	-0.01264
7426	-0.01265
7428	-0.01265
7430	-0.01259
7432	-0.01145
7434	-0.00924
7436	-0.00902
7438	-0.01038
7440	-0.01041
7442	-0.0088
7444	-0.00759
7446	-0.00678
7448	-0.00634
7450	-0.00417
7452	-0.0042
7454	-0.00485
7456	-0.00504
7458	-0.00536
7460	-0.0065
7462	-0.0059
7464	-0.0054
7466	-0.00526
7468	-0.00339
7470	-0.00166
7472	-0.00189
7474	-0.00466
7476	-0.00509
7478	-0.00382
7480	-0.00324
7482	-0.00408
7484	-0.00434
7486	-0.00414
7488	-0.00324
7490	-0.00261
7492	-0.00239
7494	-0.00194
7496	-0.00213
7498	-0.00172
7500	-0.00147
7502	-0.0027
7504	-0.0027
7506	-0.00366
7508	-0.00366
7510	-0.00304
7512	-0.00199
7514	-0.00155
7516	-0.00208
7518	-0.00169
7520	-0.0022
7522	-8.86519E-4
7524	-9.41958E-4
7526	-0.00208
7528	-0.00137
7530	-8.23276E-4
7532	-9.33716E-4
7534	-4.68155E-4
7536	-5.00594E-4
7538	-8.45034E-4
7540	-4.43473E-4
7542	-5.02913E-4
7544	-0.00146
7546	-7.60791E-4
7548	-5.62231E-4
7550	-0.0013
7552	-0.00205
7554	-0.0011
7556	-0.00135
7558	-0.0018
7560	-0.00108
7562	-2.52306E-4
7564	-0.00108
7566	-0.00133
7568	-0.00209
7570	-0.0029
7572	-0.00299
7574	-0.00169
7576	-0.00137
7578	-0.00208
7580	-0.00252
7582	-0.00278
7584	-0.00397
7586	-0.00316
7588	-0.00222
7590	-0.0026
7592	-0.00312
7594	-0.00157
7596	-0.00101
7598	-0.00211
7600	-0.00225
7602	-0.00205
7604	-1.82254E-4
7606	3.3374E-4
7608	-8.40266E-4
7610	-0.00123
7612	-6.34278E-4
7614	2.87166E-5
7616	1.08711E-4
7618	4.89705E-4
7620	3.81699E-4
7622	-6.65307E-4
7624	3.05687E-4
7626	2.70682E-4
7628	-2.03243E-5
7630	-2.8433E-4
7632	-6.93336E-4
7634	2.1165E-4
7636	7.85632E-4
7638	2.09613E-4
7640	-1.03406E-4
7642	-0.00111
7644	-0.00109
7646	-5.80463E-4
7648	8.65182E-5
7650	-2.57501E-4
7652	-6.8452E-4
7654	-3.43538E-4
7656	3.06443E-4
7658	3.04238E-5
7660	-3.45951E-5
7662	-8.69614E-4
7664	1.68367E-4
7666	1.15348E-4
7668	-5.18671E-4
7670	-0.00156
7672	-8.60708E-4
7674	1.13273E-4
7676	4.31254E-4
7678	0.00109
7680	-7.80784E-4
7682	-0.0015
7684	-8.79103E-5
7686	0.00104
7688	3.7093E-4
7690	-2.1665E-4
7692	-1.8223E-4
7694	7.8519E-4
7696	0.00122
7698	8.80302E-5
7700	-7.8955E-4
7702	-0.00245
7704	-0.00415
7706	-0.00279
7708	-0.00132
7710	2.45506E-5
7712	3.51971E-4
7714	3.97391E-4
7716	4.38108E-5
7718	-3.42769E-4
7720	-1.93491E-5
7722	1.70071E-4
7724	7.64491E-4
7726	4.75911E-4
7728	-0.00459
7730	-0.03098
7732	-0.07594
7734	-0.12948
7736	-0.1863
7738	-0.24061
7740	-0.29146
7742	-0.33602
7744	-0.37432
7746	-0.40635
7748	-0.42478
7750	-0.42016
7752	-0.39893
7754	-0.36653
7756	-0.3314
7758	-0.29621
7760	-0.2637
7762	-0.23288
7764	-0.2034
7766	-0.17755
7768	-0.15634
7770	-0.13725
7772	-0.12092
7774	-0.10676
7776	-0.09532
7778	-0.08643
7780	-0.07675
7782	-0.06735
7784	-0.06014
7786	-0.05469
7788	-0.05034
7790	-0.04587
7792	-0.04252
7794	-0.03976
7796	-0.0368
7798	-0.03492
7800	-0.03255
7802	-0.03006
7804	-0.0273
7806	-0.02551
7808	-0.02509
7810	-0.02352
7812	-0.02235
7814	-0.02092
7816	-0.01906
7818	-0.01798
7820	-0.01738
7822	-0.01703
7824	-0.01632
7826	-0.01461
7828	-0.01373
7830	-0.01296
7832	-0.01375
7834	-0.01349
7836	-0.01257
7838	-0.01107
7840	-0.0108
7842	-0.00952
7844	-0.00853
7846	-0.00783
7848	-0.00819
7850	-0.00878
7852	-0.00897
7854	-0.00908
7856	-0.00792
7858	-0.0082
7860	-0.00761
7862	-0.00706
7864	-0.00719
7866	-0.00671
7868	-0.00638
7870	-0.00546
7872	-0.00554
7874	-0.00555
7876	-0.00454
7878	-0.00383
7880	-0.00332
7882	-0.00294
7884	-0.003
7886	-0.00262
7888	-0.00173
7890	-0.002
7892	-0.00239
7894	-0.00222
7896	-0.00196
7898	-0.00296
7900	-0.00482
7902	-0.00609
7904	-0.00589
7906	-0.00538
7908	-0.00528
7910	-0.00419
7912	-0.00357
7914	-0.00309
7916	-0.00329
7918	-0.00259
7920	-0.00287
7922	-0.00276
7924	-0.00232
7926	-0.00258
7928	-0.00277
7930	-0.00303
7932	-0.00424
7934	-0.00436
7936	-0.00464
7938	-0.0039
7940	-0.00314
7942	-0.00164
7944	-0.00277
7946	-0.00319
7948	-0.00317
7950	-0.00341
7952	-0.00337
7954	-0.00361
7956	-0.00268
7958	-0.00193
7960	-0.00362
7962	-0.00474
7964	-0.00477
7966	-0.00429
7968	-0.00438
7970	-0.00489
7972	-0.00438
7974	-0.00484
7976	-0.00443
7978	-0.00474
7980	-0.00534
7982	-0.00502
7984	-0.00509
7986	-0.00501
7988	-0.00484
7990	-0.00542
7992	-0.00571
7994	-0.00395
7996	-0.00347
7998	-0.00362
8000	-0.00356
8002	-0.0039
8004	-0.00273
8006	-0.00213
8008	-0.0019
8010	-0.00192
8012	-0.00122
8014	5.62248E-5
8016	3.02066E-4
8018	3.81908E-4
8020	-8.2251E-5
8022	-1.7241E-4
8024	-3.29568E-4
8026	-7.43727E-4
8028	-0.00123
8030	-0.0011
8032	-0.00192
8034	-0.0011
8036	-6.6652E-4
8038	-8.54678E-4
8040	-0.00137
8042	-0.00173
8044	-0.00163
8046	-0.00124
8048	-1.27472E-4
8050	-0.00119
8052	-0.0018
8054	-0.00214
8056	-0.0022
8058	-0.00237
8060	-0.0017
8062	-2.07824E-4
8064	-1.55216E-4
8066	-0.00112
8068	-0.00235
8070	-0.00229
8072	-0.00161
8074	-0.00211
8076	-0.00136
8078	-0.00176
8080	-0.00222
8082	-0.00176
8084	-0.00173
8086	-0.00153
8088	-0.00104
8090	-0.00113
8092	8.29434E-6
8094	0.001
8096	0.0017
8098	0.0011
8100	-0.00107
8102	-0.00293
8104	-0.00308
8106	-0.00159
8108	-5.53145E-4
8110	-0.00137
8112	-0.00154
8114	-0.00254
8116	-0.00359
8118	-0.00388
8120	-0.00492
8122	-0.00579
8124	-0.00727
8126	-0.0073
8128	-0.01051
8130	-0.03179
8132	-0.07207
8134	-0.12087
8136	-0.17414
8138	-0.22556
8140	-0.27156
8142	-0.31179
8144	-0.34803
8146	-0.37998
8148	-0.39939
8150	-0.39853
8152	-0.38118
8154	-0.35263
8156	-0.31972
8158	-0.28685
8160	-0.25523
8162	-0.22664
8164	-0.20157
8166	-0.17886
8168	-0.15876
8170	-0.13887
8172	-0.12128
8174	-0.10785
8176	-0.09724
8178	-0.08771
8180	-0.07879
8182	-0.07055
8184	-0.0629
8186	-0.05733
8188	-0.05269
8190	-0.04877
8192	-0.04406
8194	-0.04143
8196	-0.03847
8198	-0.03474
8200	-0.03335
8202	-0.03227
8204	-0.0305
8206	-0.02675
8208	-0.0237
8210	-0.02185
8212	-0.02003
8214	-0.02051
8216	-0.01888
8218	-0.01809
8220	-0.01617
8222	-0.01432
8224	-0.01378
8226	-0.01362
8228	-0.01283
8230	-0.01125
8232	-0.00991
8234	-0.00848
8236	-0.00748
8238	-0.00708
8240	-0.00611
8242	-0.00557
8244	-0.00598
8246	-0.00496
8248	-0.0045
8250	-0.00448
8252	-0.0047
8254	-0.00578
8256	-0.00551
8258	-0.00462
8260	-0.0046
8262	-0.00428
8264	-0.00403
8266	-0.00404
8268	-0.00255
8270	-0.00216
8272	-0.00215
8274	-0.00197
8276	-0.00267
8278	-0.00232
8280	-0.00378
8282	-0.00484
8284	-0.00497
8286	-0.00494
8288	-0.00374
8290	-0.00304
8292	-0.0041
8294	-0.00498
8296	-0.00547
8298	-0.00649
8300	-0.00621
8302	-0.00537
8304	-0.00438
8306	-0.00377
8308	-0.00357
8310	-0.00316
8312	-0.00242
8314	-0.00186
8316	-0.00228
8318	-0.00288
8320	-0.00323
8322	-0.00349
8324	-0.00236
8326	-0.0012
8328	-0.00162
8330	-0.00198
8332	-0.00206
8334	-0.00321
8336	-0.00409
8338	-0.00302
8340	-0.00335
8342	-0.00255
8344	-0.0025
8346	-0.00288
8348	-0.00247
8350	-0.00337
8352	-0.00234
8354	-0.00161
8356	-0.00114
8358	-2.0867E-4
8360	-5.50733E-4
8362	-7.63796E-4
8364	-5.20859E-4
8366	3.52078E-4
8368	4.47015E-4
8370	-1.08048E-4
8372	-2.11114E-5
8374	0.00133
8376	0.00173
8378	0.00163
8380	0.00189
8382	0.00214
8384	7.3751E-4
8386	-1.87553E-4
8388	0.00133
8390	9.25321E-4
8392	6.48216E-4
8394	6.96985E-5
8396	1.13181E-4
8398	6.46629E-5
8400	-0.0013
8402	-0.00141
8404	3.81095E-5
8406	-4.24083E-5
8408	-8.87926E-4
8410	8.37556E-4
8412	0.00122
8414	2.9052E-4
8416	8.50003E-4
8418	0.00117
8420	0.00112
8422	4.29449E-4
8424	0.00148
8426	0.00188
8428	0.00172
8430	-5.86622E-4
8432	-0.00177
8434	-0.00237
8436	-0.00456
8438	-0.00599
8440	-0.00502
8442	-0.00521
8444	-0.00634
8446	-0.00804
8448	-0.00699
8450	-0.00614
8452	-0.00433
8454	-0.00335
8456	-0.00271
8458	-0.00331
8460	-0.0053
8462	-0.00679
8464	-0.0082
8466	-0.00742
8468	-0.00625
8470	-0.0077
8472	-0.00771
8474	-0.00607
8476	-0.00503
8478	-0.00345
8480	-0.00221
8482	-0.00215
8484	-0.0038
8486	-0.00459
8488	-0.00336
8490	-0.00148
8492	-0.00142
8494	-0.00172
8496	-0.0025
8498	-0.00208
8500	-4.87773E-4
8502	-5.03354E-4
8504	-0.00166
8506	-7.28516E-4
8508	6.00903E-4
8510	3.77322E-4
8512	-3.68259E-4
8514	-9.90839E-4
8516	-6.54202E-5
8518	1.17999E-4
8520	4.85418E-4
8522	-2.92163E-4
8524	-4.36744E-4
8526	0.00116
8528	-0.00167
8530	-0.02182
8532	-0.059
8534	-0.10609
8536	-0.15689
8538	-0.20642
8540	-0.25129
8542	-0.28992
8544	-0.32389
8546	-0.35338
8548	-0.37271
8550	-0.37166
8552	-0.35405
8554	-0.3267
8556	-0.29655
8558	-0.26568
8560	-0.23582
8562	-0.21028
8564	-0.18619
8566	-0.16388
8568	-0.14422
8570	-0.12818
8572	-0.11338
8574	-0.10052
8576	-0.08925
8578	-0.07751
8580	-0.0681
8582	-0.06184
8584	-0.05613
8586	-0.05049
8588	-0.04653
8590	-0.04211
8592	-0.03854
8594	-0.03621
8596	-0.0327
8598	-0.02957
8600	-0.02693
8602	-0.02465
8604	-0.02305
8606	-0.02274
8608	-0.02266
8610	-0.02244
8612	-0.02103
8614	-0.01927
8616	-0.01863
8618	-0.0183
8620	-0.01738
8622	-0.01572
8624	-0.01479
8626	-0.0156
8628	-0.01548
8630	-0.01524
8632	-0.01415
8634	-0.01306
8636	-0.01178
8638	-0.01092
8640	-0.01052
8642	-0.00978
8644	-0.00974
8646	-0.00983
8648	-0.00926
8650	-0.00789
8652	-0.00859
8654	-0.00853
8656	-0.0074
8658	-0.00652
8660	-0.00667
8662	-0.00688
8664	-0.00521
8666	-0.0049
8668	-0.00531
8670	-0.00528
8672	-0.00441
8674	-0.00379
8676	-0.00423
8678	-0.00552
8680	-0.00582
8682	-0.00624
8684	-0.00606
8686	-0.0043
8688	-0.00361
8690	-0.00378
8692	-0.00377
8694	-0.00488
8696	-0.0058
8698	-0.00537
8700	-0.00398
8702	-0.00305
8704	-0.00344
8706	-0.00476
8708	-0.00575
8710	-0.0057
8712	-0.00444
8714	-0.00289
8716	-0.00358
8718	-0.00367
8720	-0.00422
8722	-0.00423
8724	-0.00337
8726	-0.00353
8728	-0.0037
8730	-0.00364
8732	-0.00347
8734	-0.00421
8736	-0.00405
8738	-0.0038
8740	-0.00343
8742	-0.00218
8744	-0.00241
8746	-0.00318
8748	-0.00379
8750	-0.0037
8752	-0.00358
8754	-0.00266
8756	-0.00166
8758	-0.00288
8760	-0.0017
8762	-0.00112
8764	-8.02909E-4
8766	1.24943E-4
8768	4.47952E-5
8770	-0.00127
8772	-0.00127
8774	-0.00265
8776	-0.00239
8778	-0.00175
8780	-0.00171
8782	-0.00269
8784	-0.00363
8786	-0.00434
8788	-0.00528
8790	-0.00637
8792	-0.00748
8794	-0.00729
8796	-0.00677
8798	-0.0064
8800	-0.00615
8802	-0.00669
8804	-0.00689
8806	-0.0065
8808	-0.00673
8810	-0.00685
8812	-0.00513
8814	-0.00343
8816	-0.00406
8818	-0.0028
8820	-0.00311
8822	-0.00342
8824	-0.00274
8826	-0.00183
8828	-0.00233
8830	-0.00193
8832	-7.11963E-4
8834	-4.31347E-4
8836	-0.00139
8838	-7.12113E-4
8840	-6.28496E-4
8842	-9.79879E-4
8844	-0.00195
8846	-0.00285
8848	-0.00221
8850	-0.00291
8852	-0.00324
8854	-0.00279
8856	-0.00281
8858	-0.00239
8860	-0.00149
8862	-3.07099E-5
8864	5.26907E-4
8866	9.40418E-4
8868	5.74152E-4
8870	4.23886E-4
8872	0.00153
8874	0.0015
8876	0.00104
8878	4.79823E-4
8880	3.12558E-4
8882	-4.49708E-4
8884	-4.72974E-4
8886	1.3776E-4
8888	-5.96505E-4
8890	7.13229E-4
8892	7.20963E-4
8894	-5.32302E-4
8896	8.13432E-4
8898	0.00133
8900	4.96901E-4
8902	5.25635E-4
8904	1.65369E-4
8906	0.00102
8908	0.00171
8910	0.0017
8912	0.00154
8914	0.00284
8916	0.00361
8918	0.00297
8920	0.00212
8922	9.02367E-4
8924	-1.71072E-4
8926	-3.5351E-4
8928	-0.00156
8930	-0.01824
8932	-0.05352
8934	-0.0975
8936	-0.14446
8938	-0.1897
8940	-0.23221
8942	-0.2706
8944	-0.30497
8946	-0.33392
8948	-0.35279
8950	-0.35242
8952	-0.33754
8954	-0.31187
8956	-0.28437
8958	-0.25506
8960	-0.22792
8962	-0.20182
8964	-0.17811
8966	-0.15693
8968	-0.13797
8970	-0.12355
8972	-0.11059
8974	-0.09758
8976	-0.0853
8978	-0.07559
8980	-0.06758
8982	-0.061
8984	-0.05586
8986	-0.05247
8988	-0.04951
8990	-0.0446
8992	-0.04304
8994	-0.04084
8996	-0.03946
8998	-0.03737
9000	-0.03315
9002	-0.03113
9004	-0.02945
9006	-0.02735
9008	-0.02597
9010	-0.02506
9012	-0.02428
9014	-0.02434
9016	-0.02327
9018	-0.02219
9020	-0.02065
9022	-0.02017
9024	-0.01927
9026	-0.01852
9028	-0.01893
9030	-0.01808
9032	-0.01688
9034	-0.01803
9036	-0.01754
9038	-0.01464
9040	-0.01393
9042	-0.01294
9044	-0.01161
9046	-0.01168
9048	-0.01151
9050	-0.01099
9052	-0.00966
9054	-0.01053
9056	-0.01122
9058	-0.01048
9060	-0.01018
9062	-0.0102
9064	-0.00923
9066	-0.00908
9068	-0.00871
9070	-0.00794
9072	-0.0081
9074	-0.008
9076	-0.00789
9078	-0.00918
9080	-0.00855
9082	-0.00766
9084	-0.00799
9086	-0.00782
9088	-0.00669
9090	-0.00709
9092	-0.00578
9094	-0.00483
9096	-0.00463
9098	-0.0046
9100	-0.00472
9102	-0.00417
9104	-0.00317
9106	-0.00314
9108	-0.0028
9110	-0.00247
9112	-0.00293
9114	-0.00366
9116	-0.00427
9118	-0.00442
9120	-0.00538
9122	-0.00565
9124	-0.00521
9126	-0.00519
9128	-0.00617
9130	-0.00758
9132	-0.0084
9134	-0.00718
9136	-0.00764
9138	-0.00974
9140	-0.00989
9142	-0.01014
9144	-0.01123
9146	-0.01168
9148	-0.01142
9150	-0.0104
9152	-0.00961
9154	-0.00932
9156	-0.00917
9158	-0.00873
9160	-0.00802
9162	-0.00852
9164	-0.00748
9166	-0.00674
9168	-0.00792
9170	-0.00808
9172	-0.00771
9174	-0.00795
9176	-0.00651
9178	-0.00577
9180	-0.00703
9182	-0.00706
9184	-0.0062
9186	-0.00557
9188	-0.00485
9190	-0.00415
9192	-0.00412
9194	-0.00402
9196	-0.00382
9198	-0.00325
9200	-0.00276
9202	-0.00245
9204	-0.00249
9206	-0.00235
9208	-0.00159
9210	-0.00172
9212	-8.20412E-4
9214	-2.37985E-4
9216	1.94442E-4
9218	-6.79131E-4
9220	-0.00163
9222	-0.00129
9224	-9.4685E-4
9226	-1.58423E-4
9228	-0.0011
9230	-9.62569E-4
9232	-4.69142E-4
9234	-1.25715E-4
9236	-3.42288E-4
9238	7.97139E-4
9240	0.00128
9242	1.12993E-4
9244	-6.6958E-4
9246	-5.32153E-4
9248	-5.23726E-4
9250	3.41701E-4
9252	0.00104
9254	0.00108
9256	0.00125
9258	3.50408E-4
9260	0.00153
9262	0.00222
9264	0.00137
9266	0.00239
9268	0.00278
9270	0.00268
9272	0.00277
9274	0.00275
9276	0.00228
9278	0.00124
9280	0.00134
9282	0.00121
9284	4.32959E-4
9286	-6.53614E-4
9288	-1.21187E-4
9290	-9.6676E-4
9292	-0.00111
9294	-0.0013
9296	-0.00146
9298	-9.45718E-4
9300	-1.75745E-4
9302	-8.67773E-4
9304	-0.00179
9306	-0.00121
9308	-2.02854E-4
9310	-4.71881E-4
9312	-9.65909E-4
9314	-0.00167
9316	-0.00227
9318	-0.00233
9320	-0.00312
9322	-0.00373
9324	-0.0035
9326	-0.00257
9328	-0.00353
9330	-0.0164
9332	-0.04793
9334	-0.08785
9336	-0.13176
9338	-0.17454
9340	-0.21499
9342	-0.25063
9344	-0.28259
9346	-0.31078
9348	-0.33047
9350	-0.331
9352	-0.3182
9354	-0.29591
9356	-0.2692
9358	-0.24201
9360	-0.2154
9362	-0.1903
9364	-0.16723
9366	-0.1457
9368	-0.12768
9370	-0.11278
9372	-0.10018
9374	-0.08896
9376	-0.07836
9378	-0.07017
9380	-0.06309
9382	-0.05682
9384	-0.05138
9386	-0.04591
9388	-0.041
9390	-0.03807
9392	-0.03687
9394	-0.0344
9396	-0.03165
9398	-0.02925
9400	-0.02769
9402	-0.0263
9404	-0.02486
9406	-0.0226
9408	-0.02078
9410	-0.01981
9412	-0.01902
9414	-0.01769
9416	-0.01539
9418	-0.01379
9420	-0.01327
9422	-0.01255
9424	-0.01046
9426	-0.01079
9428	-0.0103
9430	-0.00896
9432	-0.00797
9434	-0.00643
9436	-0.00694
9438	-0.00649
9440	-0.00598
9442	-0.00525
9444	-0.00447
9446	-0.00421
9448	-0.00431
9450	-0.00389
9452	-0.00236
9454	-0.00199
9456	-0.00332
9458	-0.0043
9460	-0.00557
9462	-0.00592
9464	-0.0045
9466	-0.00321
9468	-0.00307
9470	-0.004
9472	-0.00346
9474	-0.00256
9476	-0.00203
9478	-7.24778E-4
9480	-0.00212
9482	-0.00328
9484	-0.00334
9486	-0.00339
9488	-0.00397
9490	-0.00391
9492	-0.00388
9494	-0.00321
9496	-0.00394
9498	-0.00273
9500	-0.00325
9502	-0.00305
9504	-0.00276
9506	-0.00446
9508	-0.0043
9510	-0.00309
9512	-0.00237
9514	-0.00228
9516	-0.0018
9518	-4.97773E-4
9520	0.00153
9522	0.0011
9524	-9.2793E-4
9526	-2.23982E-4
9528	6.22966E-4
9530	0.00134
9532	0.00101
9534	5.26407E-4
9536	2.12407E-4
9538	4.41407E-4
9540	7.70407E-4
9542	7.44407E-4
9544	-8.75926E-5
9546	-1.71593E-4
9548	-3.21593E-4
9550	-0.00133
9552	-4.51593E-4
9554	-0.00114
9556	-0.00134
9558	-6.38593E-4
9560	0.00122
9562	0.00126
9564	8.16407E-4
9566	0.00134
9568	0.00123
9570	5.43407E-4
9572	-8.31593E-4
9574	-0.00217
9576	-0.00276
9578	-0.00139
9580	-0.00217
9582	-0.00216
9584	-4.59704E-4
9586	-3.79407E-4
9588	-6.8611E-4
9590	-9.68128E-5
9592	-0.00105
9594	-5.33219E-4
9596	2.66078E-4
9598	9.89375E-4
9600	0.00221
9602	0.00142
9604	4.78266E-4
9606	6.98563E-4
9608	1.3386E-4
9610	0.00216
9612	0.00379
9614	0.00358
9616	0.00346
9618	0.00401
9620	0.00434
9622	0.00413
9624	0.0022
9626	0.00125
9628	0.00105
9630	0.00149
9632	0.00123
9634	5.0145E-6
9636	-1.36885E-4
9638	-0.00264
9640	-0.00502
9642	-0.00531
9644	-0.00515
9646	-0.00357
9648	-0.0025
9650	-8.86182E-4
9652	-0.00169
9654	-9.57981E-4
9656	5.11197E-5
9658	-4.3778E-4
9660	-8.37679E-4
9662	8.54211E-5
9664	0.00108
9666	2.77622E-4
9668	-6.16278E-4
9670	-0.0016
9672	-0.00155
9674	-8.66155E-4
9676	-5.89635E-4
9678	-0.0018
9680	-0.00153
9682	-0.0017
9684	-2.93552E-4
9686	1.85969E-4
9688	-7.76511E-4
9690	-6.9099E-4
9692	-0.00206
9694	-0.00217
9696	-0.00148
9698	-0.00111
9700	-0.00161
9702	-0.00347
9704	-0.00184
9706	5.81749E-5
9708	2.94696E-4
9710	0.00115
9712	0.00133
9714	2.53257E-4
9716	7.46778E-4
9718	0.0016
9720	0.00133
9722	0.00179
9724	0.00221
9726	0.00161
9728	8.37812E-4
9730	-0.01204
9732	-0.04228
9734	-0.07949
9736	-0.12141
9738	-0.16218
9740	-0.19929
9742	-0.23367
9744	-0.26364
9746	-0.28929
9748	-0.30718
9750	-0.30942
9752	-0.29765
9754	-0.27486
9756	-0.24926
9758	-0.22258
9760	-0.19819
9762	-0.17562
9764	-0.15403
9766	-0.13544
9768	-0.11844
9770	-0.10378
9772	-0.09154
9774	-0.08013
9776	-0.06971
9778	-0.06204
9780	-0.05446
9782	-0.04736
9784	-0.04321
9786	-0.03943
9788	-0.03485
9790	-0.02984
9792	-0.02726
9794	-0.02505
9796	-0.02216
9798	-0.02002
9800	-0.01818
9802	-0.01743
9804	-0.01695
9806	-0.01603
9808	-0.01493
9810	-0.01298
9812	-0.01093
9814	-0.01
9816	-0.00838
9818	-0.00772
9820	-0.00615
9822	-0.00525
9824	-0.00475
9826	-0.00593
9828	-0.00609
9830	-0.00631
9832	-0.00705
9834	-0.00715
9836	-0.00534
9838	-0.00435
9840	-0.00475
9842	-0.00579
9844	-0.00567
9846	-0.00551
9848	-0.00597
9850	-0.00533
9852	-0.00468
9854	-0.00469
9856	-0.00289
9858	-0.00203
9860	-0.00326
9862	-0.00404
9864	-0.0032
9866	-0.00343
9868	-0.00332
9870	-0.00305
9872	-0.0029
9874	-0.00253
9876	-0.00225
9878	-0.00371
9880	-0.0031
9882	-0.00279
9884	-0.00475
9886	-0.00514
9888	-0.00413
9890	-0.00247
9892	-0.00189
9894	-0.00109
9896	-6.56136E-4
9898	-0.0015
9900	-7.79566E-4
9902	0.00139
9904	0.00271
9906	0.0015
9908	7.76714E-4
9910	4.79892E-4
9912	8.6307E-4
9914	0.00158
9916	0.00103
9918	-4.73961E-5
9920	9.09782E-4
9922	1.3196E-4
9924	0.00105
9926	0.00113
9928	0.00107
9930	7.54672E-4
9932	-3.1415E-4
9934	-0.00147
9936	-0.00123
9938	-0.00117
9940	-9.31437E-4
9942	-8.43259E-4
9944	1.42919E-4
9946	-9.35903E-4
9948	-0.00223
9950	-0.00244
9952	-0.00268
9954	-0.00211
9956	-0.00198
9958	-0.00112
9960	-9.92262E-4
9962	-4.25838E-4
9964	-0.00186
9966	-0.00173
9968	-4.87567E-4
9970	1.48857E-4
9972	-2.5772E-4
9974	-4.12959E-5
9976	1.56128E-4
9978	4.69551E-4
9980	0.00174
9982	0.00204
9984	0.00117
9986	8.23246E-4
9988	-3.7133E-4
9990	-2.87906E-4
9992	4.13517E-4
9994	3.35941E-4
9996	1.12365E-4
9998	-4.34211E-4
10000	5.71212E-4
10002	-2.44364E-4
10004	-2.41304E-4
10006	6.51871E-4
10008	0.00157
10010	0.00188
10012	0.00163
10014	6.46568E-4
10016	0.00102
10018	3.33917E-4
10020	4.44092E-4
10022	6.31266E-4
10024	0.00199
10026	0.00136
10028	-6.73211E-4
10030	-0.00207
10032	-0.00198
10034	-0.00283
10036	-0.00324
10038	-0.00209
10040	-0.00352
10042	-0.00331
10044	-0.00316
10046	-0.00266
10048	-0.00303
10050	-0.00246
10052	-0.00328
10054	-0.00397
10056	-0.00274
10058	-0.0025
10060	-0.00206
10062	-0.00271
10064	-0.00317
10066	-0.00187
10068	-0.00176
10070	-0.00244
10072	-0.00375
10074	-0.00554
10076	-0.00535
10078	-0.00576
10080	-0.00561
10082	-0.00612
10084	-0.00666
10086	-0.00566
10088	-0.00419
10090	-0.00445
10092	-0.00548
10094	-0.00412
10096	-0.0032
10098	-0.0042
10100	-0.00315
10102	-0.00281
10104	-0.00316
10106	-0.00268
10108	-0.00108
10110	-0.0017
10112	-0.00151
10114	-7.80034E-4
10116	-0.00107
10118	-1.8013E-4
10120	3.56322E-4
10122	-6.64226E-4
10124	-3.81774E-4
10126	1.30678E-4
10128	2.3713E-4
10130	-0.00953
10132	-0.03576
10134	-0.07034
10136	-0.10851
10138	-0.14616
10140	-0.18298
10142	-0.21622
10144	-0.24556
10146	-0.27115
10148	-0.2914
10150	-0.29613
10152	-0.28589
10154	-0.26647
10156	-0.2435
10158	-0.2196
10160	-0.19584
10162	-0.17365
10164	-0.15338
10166	-0.13474
10168	-0.11855
10170	-0.10402
10172	-0.09159
10174	-0.08079
10176	-0.07165
10178	-0.06469
10180	-0.05667
10182	-0.05011
10184	-0.0442
10186	-0.03882
10188	-0.03569
10190	-0.03204
10192	-0.02881
10194	-0.02681
10196	-0.02503
10198	-0.02297
10200	-0.02186
10202	-0.01987
10204	-0.0186
10206	-0.01757
10208	-0.01635
10210	-0.01611
10212	-0.01505
10214	-0.01308
10216	-0.01106
10218	-0.00995
10220	-0.00964
10222	-0.00857
10224	-0.00821
10226	-0.00781
10228	-0.00729
10230	-0.00585
10232	-0.0055
10234	-0.0062
10236	-0.00716
10238	-0.00783
10240	-0.00628
10242	-0.00523
10244	-0.00548
10246	-0.00454
10248	-0.00321
10250	-0.00373
10252	-0.00323
10254	-0.00184
10256	-0.00133
10258	-2.31473E-4
10260	1.11565E-4
10262	4.70603E-4
10264	-4.29359E-4
10266	-1.18321E-4
10268	-2.04283E-4
10270	6.69755E-4
10272	4.97793E-4
10274	0.00104
10276	0.00205
10278	0.00255
10280	0.0017
10282	5.45982E-4
10284	-5.5398E-4
10286	-0.0013
10288	-9.57904E-4
10290	-7.15866E-4
10292	-4.24828E-4
10294	-2.7679E-4
10296	2.93248E-4
10298	5.55286E-4
10300	-8.76763E-5
10302	-7.51638E-4
10304	-0.00204
10306	-0.00364
10308	-0.00453
10310	-0.0057
10312	-0.00556
10314	-0.00552
10316	-0.00558
10318	-0.00469
10320	-0.00312
10322	-0.00202
10324	-0.00223
10326	-0.00206
10328	-0.00204
10330	-0.00138
10332	-0.00105
10334	2.32969E-4
10336	5.30067E-5
10338	2.34045E-4
10340	2.60826E-5
10342	0.00132
10344	0.00143
10346	-9.04804E-4
10348	-3.60766E-4
10350	-3.72766E-6
10352	-3.3269E-4
10354	2.33348E-4
10356	5.11386E-4
10358	4.62424E-4
10360	-3.86538E-4
10362	-1.145E-4
10364	-1.8462E-5
10366	7.20576E-4
10368	9.32614E-4
10370	-5.73482E-5
10372	7.9369E-4
10374	9.30728E-4
10376	-3.91234E-4
10378	-0.00116
10380	-0.00177
10382	-0.00246
10384	-0.00284
10386	-0.00227
10388	-0.00107
10390	-6.87969E-4
10392	-1.14931E-4
10394	3.22107E-4
10396	8.74145E-4
10398	-2.71817E-4
10400	-5.75779E-4
10402	-3.16741E-4
10404	-4.16703E-4
10406	-0.00164
10408	-0.00286
10410	-0.00192
10412	-0.00117
10414	-0.00251
10416	-0.00316
10418	-0.00352
10420	-0.00264
10422	-0.00153
10424	-1.28324E-4
10426	1.87714E-4
10428	-2.68248E-4
10430	1.60577E-4
10432	5.69076E-4
10434	6.97575E-4
10436	8.68074E-4
10438	0.00139
10440	8.06073E-4
10442	0.00119
10444	0.0022
10446	0.00243
10448	0.00157
10450	9.26568E-4
10452	-0.00118
10454	-9.57433E-4
10456	5.28066E-4
10458	8.72565E-4
10460	5.55064E-4
10462	0.00177
10464	0.00343
10466	0.00415
10468	0.00543
10470	0.00487
10472	0.00332
10474	0.00321
10476	0.00393
10478	0.0039
10480	0.00407
10482	0.0032
10484	0.00278
10486	0.00152
10488	6.8036E-4
10490	4.43597E-4
10492	-4.78167E-4
10494	-0.00144
10496	-9.53695E-4
10498	-9.02459E-4
10500	-6.37223E-4
10502	0.00136
10504	0.00288
10506	0.00321
10508	0.00164
10510	2.49958E-4
10512	4.00194E-4
10514	-3.8257E-4
10516	5.68666E-4
10518	9.16902E-4
10520	6.73139E-4
10522	7.78375E-4
10524	2.38611E-4
