time	cp
2	4.89727
4	4.89674
6	4.89546
8	4.89466
10	4.89305
12	4.89256
14	4.89112
16	4.89219
18	4.89204
20	4.89228
22	4.89134
24	4.88891
26	4.88866
28	4.88894
30	4.89019
32	4.88927
34	4.88853
36	4.88666
38	4.88662
40	4.88687
42	4.88587
44	4.8853
46	4.88407
48	4.88399
50	4.88282
52	4.88244
54	4.88294
56	4.88173
58	4.88019
60	4.87923
62	4.8769
64	4.87574
66	4.87715
68	4.87688
70	4.8765
72	4.87582
74	4.87537
76	4.87631
78	4.87648
80	4.87479
82	4.87408
84	4.87395
86	4.87429
88	4.87528
90	4.87622
92	4.87587
94	4.87584
96	4.87747
98	4.87807
100	4.8777
102	4.87759
104	4.87811
106	4.879
108	4.87851
110	4.8775
112	4.8786
114	4.87968
116	4.87989
118	4.87865
120	4.87623
122	4.87603
124	4.87651
126	4.87589
128	4.87892
130	4.90705
132	4.95543
134	5.01035
136	5.0705
138	5.12671
140	5.17928
142	5.22893
144	5.27653
146	5.31721
148	5.35373
150	5.38453
152	5.412
154	5.43271
156	5.4225
158	5.37934
160	5.32334
162	5.26429
164	5.20821
166	5.15789
168	5.11068
170	5.06951
172	5.03401
174	5.00235
176	4.97409
178	4.94999
180	4.93013
182	4.91295
184	4.8968
186	4.88541
188	4.87462
190	4.86522
192	4.85683
194	4.84963
196	4.84284
198	4.83808
200	4.83319
202	4.82973
204	4.82727
206	4.82468
208	4.82275
210	4.82131
212	4.8193
214	4.81701
216	4.81618
218	4.81468
220	4.81443
222	4.81542
224	4.81614
226	4.81361
228	4.81069
230	4.80953
232	4.80848
234	4.80708
236	4.80737
238	4.80752
240	4.80734
242	4.8055
244	4.80336
246	4.80263
248	4.80177
250	4.80236
252	4.80235
254	4.80159
256	4.80061
258	4.8004
260	4.79995
262	4.80005
264	4.79928
266	4.79833
268	4.79873
270	4.79857
272	4.79933
274	4.79952
276	4.8014
278	4.80343
280	4.80439
282	4.80497
284	4.80537
286	4.80635
288	4.80667
290	4.80697
292	4.80707
294	4.80825
296	4.80972
298	4.80961
300	4.81177
302	4.81271
304	4.81259
306	4.81205
308	4.81242
310	4.81219
312	4.81285
314	4.8141
316	4.81483
318	4.81417
320	4.81296
322	4.81116
324	4.81077
326	4.80921
328	4.80902
330	4.81037
332	4.81055
334	4.80979
336	4.80762
338	4.80693
340	4.80575
342	4.80508
344	4.80315
346	4.80218
348	4.8028
350	4.80239
352	4.8008
354	4.80071
356	4.80129
358	4.80221
360	4.8028
362	4.80199
364	4.80021
366	4.79903
368	4.79886
370	4.79753
372	4.79795
374	4.79746
376	4.79719
378	4.79655
380	4.79492
382	4.79471
384	4.79469
386	4.79648
388	4.79631
390	4.79629
392	4.7951
394	4.79466
396	4.79362
398	4.7946
400	4.79444
402	4.79341
404	4.79153
406	4.79151
408	4.7911
410	4.79003
412	4.78871
414	4.78838
416	4.78961
418	4.7899
420	4.78881
422	4.78806
424	4.78597
426	4.78701
428	4.78702
430	4.78504
432	4.78328
434	4.78317
436	4.78291
438	4.78188
440	4.77999
442	4.77964
444	4.77807
446	4.7773
448	4.77716
450	4.77727
452	4.77578
454	4.77508
456	4.7747
458	4.77492
460	4.77465
462	4.7753
464	4.77485
466	4.77362
468	4.77295
470	4.77283
472	4.77214
474	4.77158
476	4.76973
478	4.76873
480	4.76803
482	4.76882
484	4.76902
486	4.76882
488	4.76792
490	4.76764
492	4.76694
494	4.76674
496	4.76649
498	4.76557
500	4.76496
502	4.76557
504	4.76481
506	4.76476
508	4.76355
510	4.76123
512	4.76083
514	4.75989
516	4.75989
518	4.76071
520	4.75955
522	4.76121
524	4.76132
526	4.76193
528	4.76176
530	4.76195
532	4.76313
534	4.76305
536	4.76195
538	4.76106
540	4.76182
542	4.76279
544	4.76331
546	4.76337
548	4.76409
550	4.76454
552	4.76274
554	4.76268
556	4.76265
558	4.76225
560	4.76274
562	4.76296
564	4.76279
566	4.7633
568	4.76239
570	4.76105
572	4.76105
574	4.76224
576	4.76124
578	4.7618
580	4.76232
582	4.76252
584	4.76161
586	4.76113
588	4.76199
590	4.76184
592	4.76009
594	4.75891
596	4.75909
598	4.75969
600	4.75908
602	4.75811
604	4.75724
606	4.75739
608	4.75759
610	4.75647
612	4.75443
614	4.75511
616	4.75493
618	4.75498
620	4.75587
622	4.75457
624	4.75279
626	4.75199
628	4.75112
630	4.75024
632	4.74836
634	4.7475
636	4.74799
638	4.74889
640	4.75062
642	4.75138
644	4.74982
646	4.75064
648	4.75016
650	4.74991
652	4.74918
654	4.74955
656	4.74865
658	4.74697
660	4.74683
662	4.7466
664	4.74627
666	4.74554
668	4.74328
670	4.74137
672	4.74114
674	4.74029
676	4.74013
678	4.74185
680	4.74254
682	4.74309
684	4.74235
686	4.73968
688	4.73794
690	4.73837
692	4.73962
694	4.73854
696	4.73757
698	4.7368
700	4.73656
702	4.73682
704	4.73598
706	4.73609
708	4.73495
710	4.73435
712	4.73495
714	4.73557
716	4.73552
718	4.73591
720	4.73547
722	4.7345
724	4.7349
726	4.73823
728	4.76893
730	4.82592
732	4.89486
734	4.96546
736	5.03245
738	5.0928
740	5.14886
742	5.20111
744	5.24765
746	5.28784
748	5.32283
750	5.35486
752	5.38324
754	5.40785
756	5.40499
758	5.36383
760	5.30737
762	5.24596
764	5.185
766	5.12838
768	5.07743
770	5.03397
772	4.99258
774	4.95704
776	4.92682
778	4.90119
780	4.87887
782	4.85893
784	4.84193
786	4.8279
788	4.81569
790	4.80557
792	4.79814
794	4.79046
796	4.78337
798	4.77608
800	4.77179
802	4.76883
804	4.76466
806	4.76122
808	4.75739
810	4.75418
812	4.75073
814	4.74842
816	4.74663
818	4.74596
820	4.74535
822	4.74384
824	4.74246
826	4.74001
828	4.73859
830	4.73726
832	4.73568
834	4.73555
836	4.73441
838	4.73399
840	4.73341
842	4.73197
844	4.73164
846	4.72988
848	4.72882
850	4.72879
852	4.72857
854	4.72729
856	4.72622
858	4.72534
860	4.72321
862	4.72211
864	4.72199
866	4.72319
868	4.72081
870	4.71983
872	4.71996
874	4.72163
876	4.72085
878	4.72053
880	4.71987
882	4.71797
884	4.71554
886	4.7152
888	4.7161
890	4.71692
892	4.7175
894	4.71844
896	4.71746
898	4.71681
900	4.71509
902	4.71597
904	4.71669
906	4.7154
908	4.71451
910	4.7143
912	4.71298
914	4.7138
916	4.71286
918	4.71057
920	4.70909
922	4.70868
924	4.70831
926	4.70753
928	4.70595
930	4.70361
932	4.70462
934	4.7052
936	4.70443
938	4.70387
940	4.70401
942	4.70571
944	4.70796
946	4.7085
948	4.71114
950	4.71297
952	4.71307
954	4.71563
956	4.71694
958	4.71719
960	4.71909
962	4.72121
964	4.71969
966	4.72167
968	4.72264
970	4.72279
972	4.72333
974	4.72386
976	4.72548
978	4.72425
980	4.724
982	4.7237
984	4.72328
986	4.72376
988	4.72239
990	4.7203
992	4.721
994	4.72196
996	4.72085
998	4.72036
1000	4.72002
1002	4.71863
1004	4.717
1006	4.71736
1008	4.71936
1010	4.71776
1012	4.71562
1014	4.71392
1016	4.71414
1018	4.71324
1020	4.71261
1022	4.7143
1024	4.71385
1026	4.7119
1028	4.71018
1030	4.70978
1032	4.70916
1034	4.70887
1036	4.70811
1038	4.70799
1040	4.70684
1042	4.7055
1044	4.70578
1046	4.70589
1048	4.70612
1050	4.70615
1052	4.70647
1054	4.70775
1056	4.70916
1058	4.71068
1060	4.71305
1062	4.71237
1064	4.71374
1066	4.71493
1068	4.71456
1070	4.71542
1072	4.71406
1074	4.71379
1076	4.7148
1078	4.71531
1080	4.71496
1082	4.71501
1084	4.7149
1086	4.71436
1088	4.71477
1090	4.71522
1092	4.71415
1094	4.71241
1096	4.71218
1098	4.71138
1100	4.70922
1102	4.70951
1104	4.70985
1106	4.70929
1108	4.7087
1110	4.7085
1112	4.70901
1114	4.70795
1116	4.70678
1118	4.70592
1120	4.70552
1122	4.70562
1124	4.70573
1126	4.70498
1128	4.70581
1130	4.70722
1132	4.70867
1134	4.71055
1136	4.71042
1138	4.7111
1140	4.71115
1142	4.71147
1144	4.71278
1146	4.7121
1148	4.71071
1150	4.71052
1152	4.71212
1154	4.71147
1156	4.71121
1158	4.71199
1160	4.71294
1162	4.71292
1164	4.71427
1166	4.71452
1168	4.71313
1170	4.71351
1172	4.71207
1174	4.71159
1176	4.7114
1178	4.71012
1180	4.7084
1182	4.70781
1184	4.70779
1186	4.70566
1188	4.7048
1190	4.70363
1192	4.70252
1194	4.70145
1196	4.7009
1198	4.7011
1200	4.70163
1202	4.70244
1204	4.70249
1206	4.70188
1208	4.70141
1210	4.70031
1212	4.6999
1214	4.69858
1216	4.69783
1218	4.69756
1220	4.69559
1222	4.69512
1224	4.69593
1226	4.69512
1228	4.69363
1230	4.69369
1232	4.69184
1234	4.69184
1236	4.69198
1238	4.69097
1240	4.69032
1242	4.69101
1244	4.69025
1246	4.69073
1248	4.69231
1250	4.69246
1252	4.69309
1254	4.69482
1256	4.69647
1258	4.69667
1260	4.69685
1262	4.69647
1264	4.69831
1266	4.70012
1268	4.69943
1270	4.69857
1272	4.69877
1274	4.6992
1276	4.69965
1278	4.70056
1280	4.70086
1282	4.7012
1284	4.70253
1286	4.70307
1288	4.70258
1290	4.70252
1292	4.70236
1294	4.70238
1296	4.70167
1298	4.70098
1300	4.70038
1302	4.70136
1304	4.70161
1306	4.70062
1308	4.69987
1310	4.70078
1312	4.69916
1314	4.69813
1316	4.69927
1318	4.69884
1320	4.69799
1322	4.69754
1324	4.69677
1326	4.69722
1328	4.71949
1330	4.77291
1332	4.8437
1334	4.91939
1336	4.9912
1338	5.0588
1340	5.11971
1342	5.17511
1344	5.22282
1346	5.26687
1348	5.3034
1350	5.33669
1352	5.36757
1354	5.39382
1356	5.39455
1358	5.35626
1360	5.29833
1362	5.23476
1364	5.17126
1366	5.11124
1368	5.05633
1370	5.00793
1372	4.96524
1374	4.92707
1376	4.89359
1378	4.86495
1380	4.84108
1382	4.82063
1384	4.80437
1386	4.78894
1388	4.77616
1390	4.76501
1392	4.75571
1394	4.7481
1396	4.74179
1398	4.7382
1400	4.73276
1402	4.72726
1404	4.72274
1406	4.71938
1408	4.71483
1410	4.71254
1412	4.71008
1414	4.70729
1416	4.70498
1418	4.70176
1420	4.69861
1422	4.69832
1424	4.69639
1426	4.69455
1428	4.69267
1430	4.68961
1432	4.68793
1434	4.68694
1436	4.68668
1438	4.68607
1440	4.6848
1442	4.6843
1444	4.68302
1446	4.68254
1448	4.68144
1450	4.68124
1452	4.68048
1454	4.68009
1456	4.67819
1458	4.67749
1460	4.67661
1462	4.6751
1464	4.67431
1466	4.67383
1468	4.67498
1470	4.67594
1472	4.67358
1474	4.67273
1476	4.67314
1478	4.67428
1480	4.6722
1482	4.67194
1484	4.67176
1486	4.67002
1488	4.66938
1490	4.66882
1492	4.66867
1494	4.66906
1496	4.66987
1498	4.66924
1500	4.66851
1502	4.66636
1504	4.66488
1506	4.66432
1508	4.66382
1510	4.6637
1512	4.66296
1514	4.66382
1516	4.66374
1518	4.66416
1520	4.66365
1522	4.66217
1524	4.66233
1526	4.66181
1528	4.66239
1530	4.66194
1532	4.661
1534	4.66019
1536	4.6611
1538	4.66022
1540	4.65806
1542	4.65688
1544	4.65644
1546	4.65658
1548	4.6549
1550	4.65375
1552	4.6536
1554	4.65482
1556	4.65438
1558	4.65392
1560	4.65396
1562	4.65542
1564	4.65529
1566	4.65474
1568	4.65487
1570	4.65233
1572	4.65098
1574	4.65188
1576	4.65062
1578	4.64871
1580	4.64898
1582	4.64966
1584	4.64994
1586	4.64915
1588	4.65045
1590	4.65037
1592	4.64886
1594	4.64802
1596	4.64735
1598	4.64937
1600	4.65067
1602	4.65083
1604	4.64991
1606	4.64984
1608	4.64819
1610	4.64816
1612	4.64994
1614	4.65054
1616	4.64873
1618	4.64803
1620	4.6481
1622	4.64835
1624	4.64881
1626	4.64816
1628	4.64756
1630	4.64822
1632	4.65042
1634	4.65287
1636	4.65255
1638	4.65161
1640	4.65242
1642	4.65513
1644	4.65623
1646	4.65817
1648	4.65923
1650	4.6607
1652	4.66134
1654	4.66192
1656	4.66172
1658	4.66132
1660	4.66223
1662	4.66318
1664	4.66198
1666	4.66127
1668	4.66236
1670	4.66348
1672	4.66427
1674	4.6648
1676	4.6638
1678	4.66315
1680	4.66434
1682	4.66328
1684	4.66233
1686	4.66196
1688	4.66223
1690	4.66097
1692	4.66055
1694	4.66184
1696	4.66145
1698	4.66031
1700	4.65771
1702	4.65544
1704	4.65536
1706	4.6563
1708	4.65821
1710	4.65713
1712	4.65587
1714	4.65508
1716	4.65411
1718	4.65351
1720	4.65279
1722	4.6525
1724	4.65286
1726	4.65144
1728	4.6512
1730	4.65313
1732	4.65422
1734	4.65672
1736	4.65885
1738	4.65915
1740	4.66075
1742	4.66202
1744	4.66224
1746	4.66274
1748	4.6635
1750	4.66518
1752	4.66631
1754	4.66606
1756	4.66673
1758	4.66721
1760	4.66858
1762	4.66993
1764	4.66885
1766	4.66889
1768	4.67126
1770	4.67078
1772	4.67159
1774	4.67182
1776	4.67242
1778	4.67289
1780	4.67173
1782	4.67189
1784	4.6723
1786	4.67195
1788	4.67027
1790	4.67032
1792	4.67236
1794	4.67286
1796	4.67262
1798	4.67217
1800	4.67164
1802	4.67005
1804	4.67023
1806	4.6711
1808	4.67276
1810	4.67123
1812	4.67091
1814	4.67102
1816	4.6708
1818	4.6718
1820	4.67107
1822	4.67112
1824	4.67088
1826	4.67019
1828	4.67109
1830	4.67239
1832	4.67287
1834	4.67046
1836	4.67007
1838	4.6689
1840	4.66836
1842	4.66853
1844	4.66767
1846	4.6678
1848	4.66972
1850	4.66852
1852	4.666
1854	4.66468
1856	4.66613
1858	4.6674
1860	4.66772
1862	4.66653
1864	4.66666
1866	4.66814
1868	4.66788
1870	4.66742
1872	4.66831
1874	4.66844
1876	4.66951
1878	4.6696
1880	4.67007
1882	4.67034
1884	4.66934
1886	4.66835
1888	4.66744
1890	4.66718
1892	4.66664
1894	4.66668
1896	4.66521
1898	4.66568
1900	4.66561
1902	4.666
1904	4.66608
1906	4.66751
1908	4.66621
1910	4.66544
1912	4.66506
1914	4.66519
1916	4.66462
1918	4.66347
1920	4.66337
1922	4.66372
1924	4.66544
1926	4.66645
1928	4.68943
1930	4.74803
1932	4.82384
1934	4.9018
1936	4.98013
1938	5.05061
1940	5.11323
1942	5.17045
1944	5.2217
1946	5.26691
1948	5.30727
1950	5.34112
1952	5.36884
1954	5.39495
1956	5.40044
1958	5.3669
1960	5.30813
1962	5.23927
1964	5.1745
1966	5.1112
1968	5.05396
1970	5.00165
1972	4.95456
1974	4.91491
1976	4.88012
1978	4.84875
1980	4.82191
1982	4.80002
1984	4.78162
1986	4.76524
1988	4.75153
1990	4.7404
1992	4.7308
1994	4.72459
1996	4.71699
1998	4.71019
2000	4.70348
2002	4.69844
2004	4.69599
2006	4.69101
2008	4.68844
2010	4.68512
2012	4.68246
2014	4.67997
2016	4.67528
2018	4.67205
2020	4.66981
2022	4.66824
2024	4.66758
2026	4.66706
2028	4.66499
2030	4.66401
2032	4.66388
2034	4.66456
2036	4.66274
2038	4.66165
2040	4.66089
2042	4.66
2044	4.65856
2046	4.65821
2048	4.65912
2050	4.66026
2052	4.65915
2054	4.65888
2056	4.65949
2058	4.65769
2060	4.65617
2062	4.65748
2064	4.65786
2066	4.6579
2068	4.65748
2070	4.65661
2072	4.65643
2074	4.65722
2076	4.65648
2078	4.65674
2080	4.65485
2082	4.65403
2084	4.65242
2086	4.65246
2088	4.6507
2090	4.65123
2092	4.65273
2094	4.65143
2096	4.64997
2098	4.65107
2100	4.6507
2102	4.65046
2104	4.65064
2106	4.65027
2108	4.65079
2110	4.65129
2112	4.65332
2114	4.65366
2116	4.65234
2118	4.65161
2120	4.65122
2122	4.65122
2124	4.65197
2126	4.6521
2128	4.65279
2130	4.65271
2132	4.65254
2134	4.65311
2136	4.65233
2138	4.65056
2140	4.65126
2142	4.65011
2144	4.65048
2146	4.65063
2148	4.65003
2150	4.64993
2152	4.64863
2154	4.64864
2156	4.64923
2158	4.65041
2160	4.65111
2162	4.6504
2164	4.64974
2166	4.6508
2168	4.64998
2170	4.64954
2172	4.65188
2174	4.6536
2176	4.65255
2178	4.65167
2180	4.65115
2182	4.65078
2184	4.65035
2186	4.64962
2188	4.64983
2190	4.6506
2192	4.65077
2194	4.64833
2196	4.64799
2198	4.64778
2200	4.64749
2202	4.6485
2204	4.64871
2206	4.64923
2208	4.65038
2210	4.65135
2212	4.65128
2214	4.64999
2216	4.65068
2218	4.65101
2220	4.65289
2222	4.65168
2224	4.65107
2226	4.65136
2228	4.65058
2230	4.65121
2232	4.65228
2234	4.65086
2236	4.64939
2238	4.64839
2240	4.64795
2242	4.64852
2244	4.64717
2246	4.64722
2248	4.64709
2250	4.64759
2252	4.64777
2254	4.6471
2256	4.64699
2258	4.64805
2260	4.64823
2262	4.64764
2264	4.64792
2266	4.64855
2268	4.64877
2270	4.64975
2272	4.65044
2274	4.64979
2276	4.64852
2278	4.64742
2280	4.64773
2282	4.64793
2284	4.64919
2286	4.65005
2288	4.64815
2290	4.6468
2292	4.64754
2294	4.64942
2296	4.64745
2298	4.64683
2300	4.64654
2302	4.64682
2304	4.64765
2306	4.64729
2308	4.64722
2310	4.64612
2312	4.64579
2314	4.64507
2316	4.64422
2318	4.64505
2320	4.64487
2322	4.64454
2324	4.64447
2326	4.64389
2328	4.64288
2330	4.64375
2332	4.64333
2334	4.64151
2336	4.64083
2338	4.6422
2340	4.64235
2342	4.64283
2344	4.64325
2346	4.64182
2348	4.6413
2350	4.64103
2352	4.64128
2354	4.64053
2356	4.64047
2358	4.6397
2360	4.63973
2362	4.63945
2364	4.63973
2366	4.63992
2368	4.64015
2370	4.63959
2372	4.64024
2374	4.6392
2376	4.63881
2378	4.63973
2380	4.6387
2382	4.63861
2384	4.63877
2386	4.63854
2388	4.63866
2390	4.63935
2392	4.63916
2394	4.63843
2396	4.63735
2398	4.63769
2400	4.63843
2402	4.63868
2404	4.63799
2406	4.63745
2408	4.63631
2410	4.6344
2412	4.63339
2414	4.63517
2416	4.63604
2418	4.63509
2420	4.63226
2422	4.63362
2424	4.63433
2426	4.63354
2428	4.63167
2430	4.63025
2432	4.63105
2434	4.63173
2436	4.63177
2438	4.63241
2440	4.63115
2442	4.63009
2444	4.62922
2446	4.62998
2448	4.63001
2450	4.62911
2452	4.6273
2454	4.62826
2456	4.6281
2458	4.62887
2460	4.62849
2462	4.62795
2464	4.62881
2466	4.63035
2468	4.6301
2470	4.62866
2472	4.62727
2474	4.62671
2476	4.6263
2478	4.62525
2480	4.62411
2482	4.62529
2484	4.62469
2486	4.62372
2488	4.62386
2490	4.62339
2492	4.62249
2494	4.62263
2496	4.62359
2498	4.62419
2500	4.62347
2502	4.6228
2504	4.62185
2506	4.62005
2508	4.61934
2510	4.61965
2512	4.62028
2514	4.62081
2516	4.61887
2518	4.61765
2520	4.61772
2522	4.61666
2524	4.61586
2526	4.61684
2528	4.63645
2530	4.68893
2532	4.76239
2534	4.84343
2536	4.91898
2538	4.99001
2540	5.05574
2542	5.11398
2544	5.1653
2546	5.21039
2548	5.24808
2550	5.28378
2552	5.31393
2554	5.34072
2556	5.34897
2558	5.31826
2560	5.26224
2562	5.19802
2564	5.13384
2566	5.07339
2568	5.01705
2570	4.96688
2572	4.92149
2574	4.88183
2576	4.84656
2578	4.8169
2580	4.79096
2582	4.76783
2584	4.74883
2586	4.7324
2588	4.71751
2590	4.70578
2592	4.69528
2594	4.68705
2596	4.67966
2598	4.67281
2600	4.66771
2602	4.66225
2604	4.65886
2606	4.65435
2608	4.6507
2610	4.64961
2612	4.64735
2614	4.64426
2616	4.64175
2618	4.63913
2620	4.63732
2622	4.63519
2624	4.6331
2626	4.63172
2628	4.62883
2630	4.62703
2632	4.62408
2634	4.62417
2636	4.62673
2638	4.62739
2640	4.62528
2642	4.62591
2644	4.62522
2646	4.62577
2648	4.62429
2650	4.62359
2652	4.62274
2654	4.62175
2656	4.62204
2658	4.62272
2660	4.62265
2662	4.62408
2664	4.6234
2666	4.62426
2668	4.62288
2670	4.62284
2672	4.62306
2674	4.6224
2676	4.62211
2678	4.62211
2680	4.62184
2682	4.62234
2684	4.62393
2686	4.62237
2688	4.6207
2690	4.6207
2692	4.62087
2694	4.61945
2696	4.61714
2698	4.61677
2700	4.61765
2702	4.61746
2704	4.61498
2706	4.61461
2708	4.61467
2710	4.61408
2712	4.6138
2714	4.61575
2716	4.61659
2718	4.6161
2720	4.61395
2722	4.61494
2724	4.61664
2726	4.61626
2728	4.61491
2730	4.6151
2732	4.61436
2734	4.61287
2736	4.61228
2738	4.6126
2740	4.61198
2742	4.61091
2744	4.61049
2746	4.61132
2748	4.60938
2750	4.60815
2752	4.60776
2754	4.6092
2756	4.60759
2758	4.60616
2760	4.60676
2762	4.60707
2764	4.60547
2766	4.60686
2768	4.60902
2770	4.6094
2772	4.60918
2774	4.60878
2776	4.60871
2778	4.60981
2780	4.60931
2782	4.60759
2784	4.60856
2786	4.60844
2788	4.60804
2790	4.60687
2792	4.60621
2794	4.60614
2796	4.6069
2798	4.6069
2800	4.60665
2802	4.60548
2804	4.60583
2806	4.60383
2808	4.60312
2810	4.60379
2812	4.60331
2814	4.60272
2816	4.60389
2818	4.60513
2820	4.60361
2822	4.60204
2824	4.60152
2826	4.60301
2828	4.60308
2830	4.60207
2832	4.6016
2834	4.60147
2836	4.60118
2838	4.59936
2840	4.59936
2842	4.59798
2844	4.59806
2846	4.59901
2848	4.59882
2850	4.59828
2852	4.59733
2854	4.59745
2856	4.59985
2858	4.59939
2860	4.5979
2862	4.59791
2864	4.59911
2866	4.60018
2868	4.59945
2870	4.59732
2872	4.59741
2874	4.59741
2876	4.59748
2878	4.5979
2880	4.59887
2882	4.59899
2884	4.59811
2886	4.59916
2888	4.5986
2890	4.59908
2892	4.59897
2894	4.59874
2896	4.59829
2898	4.59909
2900	4.59823
2902	4.59999
2904	4.60126
2906	4.60071
2908	4.60149
2910	4.6002
2912	4.60005
2914	4.59981
2916	4.60056
2918	4.60072
2920	4.60004
2922	4.60048
2924	4.60245
2926	4.60183
2928	4.60234
2930	4.60257
2932	4.60189
2934	4.60457
2936	4.60686
2938	4.60788
2940	4.60874
2942	4.60939
2944	4.60984
2946	4.6115
2948	4.61178
2950	4.61095
2952	4.6113
2954	4.60941
2956	4.6096
2958	4.61032
2960	4.60998
2962	4.61047
2964	4.61062
2966	4.61065
2968	4.61101
2970	4.6103
2972	4.60889
2974	4.6102
2976	4.61083
2978	4.60972
2980	4.6103
2982	4.61193
2984	4.61086
2986	4.61231
2988	4.61375
2990	4.61247
2992	4.61233
2994	4.61352
2996	4.61527
2998	4.61548
3000	4.61452
3002	4.61279
3004	4.61295
3006	4.61315
3008	4.61183
3010	4.6114
3012	4.61134
3014	4.61329
3016	4.6132
3018	4.61137
3020	4.61181
3022	4.61301
3024	4.61392
3026	4.61393
3028	4.61328
3030	4.61197
3032	4.61062
3034	4.6119
3036	4.61285
3038	4.61119
3040	4.61087
3042	4.61144
3044	4.61108
3046	4.60947
3048	4.60881
3050	4.60995
3052	4.60966
3054	4.61001
3056	4.6122
3058	4.6118
3060	4.61013
3062	4.61234
3064	4.61428
3066	4.61389
3068	4.61463
3070	4.61387
3072	4.61234
3074	4.61117
3076	4.61061
3078	4.6102
3080	4.60859
3082	4.6116
3084	4.6122
3086	4.61129
3088	4.61183
3090	4.61217
3092	4.61091
3094	4.61024
3096	4.61033
3098	4.61032
3100	4.6097
3102	4.60909
3104	4.61106
3106	4.61072
3108	4.60865
3110	4.60843
3112	4.60736
3114	4.60697
3116	4.60806
3118	4.61007
3120	4.61171
3122	4.61162
3124	4.61123
3126	4.60918
3128	4.62469
3130	4.67866
3132	4.75268
3134	4.83444
3136	4.91336
3138	4.98861
3140	5.05922
3142	5.11906
3144	5.17327
3146	5.21993
3148	5.26155
3150	5.29675
3152	5.32745
3154	5.3561
3156	5.36993
3158	5.34213
3160	5.28536
3162	5.21829
3164	5.1493
3166	5.08489
3168	5.02509
3170	4.96979
3172	4.92053
3174	4.87914
3176	4.84277
3178	4.81125
3180	4.78414
3182	4.76046
3184	4.7405
3186	4.72334
3188	4.70747
3190	4.6934
3192	4.68233
3194	4.67101
3196	4.66408
3198	4.6587
3200	4.65386
3202	4.64919
3204	4.64543
3206	4.64169
3208	4.63684
3210	4.633
3212	4.63304
3214	4.63129
3216	4.62818
3218	4.62395
3220	4.62148
3222	4.62139
3224	4.61981
3226	4.61747
3228	4.6153
3230	4.61533
3232	4.61422
3234	4.61332
3236	4.61122
3238	4.61005
3240	4.60859
3242	4.6065
3244	4.60717
3246	4.60832
3248	4.60551
3250	4.60494
3252	4.60535
3254	4.60555
3256	4.60467
3258	4.60394
3260	4.6035
3262	4.60281
3264	4.60294
3266	4.60274
3268	4.60296
3270	4.60213
3272	4.60167
3274	4.60105
3276	4.60178
3278	4.60257
3280	4.60129
3282	4.60017
3284	4.59988
3286	4.59917
3288	4.59976
3290	4.59963
3292	4.59879
3294	4.59895
3296	4.60005
3298	4.59998
3300	4.59964
3302	4.59877
3304	4.5973
3306	4.59912
3308	4.59933
3310	4.59973
3312	4.59869
3314	4.59788
3316	4.59875
3318	4.59731
3320	4.59621
3322	4.59732
3324	4.5956
3326	4.59467
3328	4.59592
3330	4.59482
3332	4.59551
3334	4.59543
3336	4.59512
3338	4.596
3340	4.59616
3342	4.59487
3344	4.5963
3346	4.59627
3348	4.59698
3350	4.59821
3352	4.59728
3354	4.59701
3356	4.59531
3358	4.59494
3360	4.59518
3362	4.59584
3364	4.59614
3366	4.5955
3368	4.59395
3370	4.59307
3372	4.59242
3374	4.59249
3376	4.59281
3378	4.59266
3380	4.59339
3382	4.59509
3384	4.5951
3386	4.59377
3388	4.59235
3390	4.59262
3392	4.59304
3394	4.59266
3396	4.59375
3398	4.59399
3400	4.59263
3402	4.59152
3404	4.59091
3406	4.5924
3408	4.59278
3410	4.59182
3412	4.59268
3414	4.59302
3416	4.59341
3418	4.59374
3420	4.59322
3422	4.59248
3424	4.5931
3426	4.59205
3428	4.59119
3430	4.59031
3432	4.59053
3434	4.59021
3436	4.59178
3438	4.59249
3440	4.59238
3442	4.59247
3444	4.5916
3446	4.59182
3448	4.59283
3450	4.59005
3452	4.58952
3454	4.59012
3456	4.59075
3458	4.58966
3460	4.59
3462	4.58982
3464	4.59146
3466	4.59123
3468	4.59074
3470	4.59285
3472	4.59212
3474	4.59107
3476	4.59028
3478	4.59084
3480	4.58847
3482	4.58608
3484	4.5866
3486	4.58946
3488	4.58807
3490	4.58664
3492	4.58624
3494	4.58585
3496	4.58636
3498	4.58629
3500	4.58634
3502	4.58643
3504	4.58744
3506	4.58657
3508	4.58728
3510	4.58799
3512	4.58798
3514	4.58797
3516	4.58745
3518	4.58872
3520	4.58866
3522	4.58859
3524	4.58823
3526	4.58686
3528	4.58641
3530	4.5887
3532	4.58947
3534	4.58783
3536	4.58635
3538	4.58699
3540	4.58664
3542	4.5866
3544	4.58644
3546	4.58802
3548	4.58944
3550	4.58942
3552	4.58876
3554	4.58767
3556	4.58517
3558	4.58547
3560	4.58512
3562	4.58616
3564	4.58632
3566	4.58485
3568	4.58325
3570	4.58282
3572	4.58372
3574	4.58207
3576	4.58277
3578	4.58121
3580	4.58156
3582	4.58071
3584	4.57993
3586	4.58174
3588	4.58296
3590	4.58397
3592	4.58277
3594	4.58235
3596	4.58347
3598	4.58226
3600	4.5829
3602	4.58238
3604	4.58194
3606	4.58095
3608	4.58143
3610	4.58103
3612	4.57956
3614	4.57894
3616	4.5788
3618	4.5782
3620	4.57866
3622	4.57926
3624	4.58114
3626	4.58191
3628	4.58212
3630	4.58124
3632	4.57978
3634	4.58166
3636	4.58253
3638	4.58158
3640	4.58071
3642	4.58116
3644	4.58083
3646	4.58014
3648	4.58002
3650	4.58142
3652	4.58251
3654	4.58251
3656	4.58037
3658	4.57886
3660	4.58273
3662	4.58224
3664	4.5815
3666	4.58055
3668	4.57862
3670	4.57869
3672	4.57921
3674	4.58064
3676	4.58004
3678	4.57802
3680	4.57651
3682	4.57617
3684	4.57607
3686	4.57717
3688	4.57894
3690	4.58001
3692	4.58034
3694	4.57995
3696	4.57966
3698	4.57575
3700	4.5762
3702	4.57718
3704	4.57802
3706	4.57665
3708	4.57573
3710	4.577
3712	4.57915
3714	4.5812
3716	4.58019
3718	4.57925
3720	4.58097
3722	4.58013
3724	4.57867
3726	4.57908
3728	4.59228
3730	4.64089
3732	4.71532
3734	4.79691
3736	4.87646
3738	4.95348
3740	5.02255
3742	5.08421
3744	5.14131
3746	5.19247
3748	5.23505
3750	5.27118
3752	5.3042
3754	5.33188
3756	5.34664
3758	5.32388
3760	5.27058
3762	5.20413
3764	5.13615
3766	5.07141
3768	5.00941
3770	4.95364
3772	4.90512
3774	4.86106
3776	4.8231
3778	4.79202
3780	4.76621
3782	4.74118
3784	4.71838
3786	4.69792
3788	4.68152
3790	4.66875
3792	4.65779
3794	4.64935
3796	4.64199
3798	4.63536
3800	4.62967
3802	4.6223
3804	4.61618
3806	4.61247
3808	4.60813
3810	4.60427
3812	4.60238
3814	4.59704
3816	4.59529
3818	4.59439
3820	4.59161
3822	4.58952
3824	4.58881
3826	4.58636
3828	4.58527
3830	4.58441
3832	4.58247
3834	4.58225
3836	4.58095
3838	4.58077
3840	4.57861
3842	4.57594
3844	4.57556
3846	4.57648
3848	4.57588
3850	4.57533
3852	4.57507
3854	4.57574
3856	4.57638
3858	4.57475
3860	4.57405
3862	4.57481
3864	4.57407
3866	4.5739
3868	4.57432
3870	4.57419
3872	4.57306
3874	4.57249
3876	4.57223
3878	4.57085
3880	4.56987
3882	4.56888
3884	4.56836
3886	4.56712
3888	4.56701
3890	4.56658
3892	4.56791
3894	4.56703
3896	4.56723
3898	4.56809
3900	4.56761
3902	4.56637
3904	4.56628
3906	4.56442
3908	4.56607
3910	4.56613
3912	4.56614
3914	4.56539
3916	4.56527
3918	4.56537
3920	4.56436
3922	4.56434
3924	4.56433
3926	4.56448
3928	4.56544
3930	4.56484
3932	4.56282
3934	4.56319
3936	4.5671
3938	4.56674
3940	4.56567
3942	4.56791
3944	4.56858
3946	4.56903
3948	4.56704
3950	4.56543
3952	4.56503
3954	4.56505
3956	4.56339
3958	4.56174
3960	4.56428
3962	4.56409
3964	4.56304
3966	4.56347
3968	4.5637
3970	4.56609
3972	4.5662
3974	4.56589
3976	4.566
3978	4.56397
3980	4.5644
3982	4.56395
3984	4.56304
3986	4.56393
3988	4.56365
3990	4.56384
3992	4.56283
3994	4.56361
3996	4.56255
3998	4.56168
4000	4.56246
4002	4.56317
4004	4.5623
4006	4.5622
4008	4.56243
4010	4.56204
4012	4.56033
4014	4.55957
4016	4.5607
4018	4.56089
4020	4.56037
4022	4.55959
4024	4.55982
4026	4.55997
4028	4.55753
4030	4.55525
4032	4.55501
4034	4.55435
4036	4.55389
4038	4.55492
4040	4.55298
4042	4.55192
4044	4.55039
4046	4.54935
4048	4.54856
4050	4.54871
4052	4.54842
4054	4.54781
4056	4.54737
4058	4.54758
4060	4.54591
4062	4.54585
4064	4.54446
4066	4.54265
4068	4.54158
4070	4.54165
4072	4.54175
4074	4.54262
4076	4.54586
4078	4.54726
4080	4.54636
4082	4.54713
4084	4.54785
4086	4.54847
4088	4.54949
4090	4.54978
4092	4.54995
4094	4.55162
4096	4.55452
4098	4.5545
4100	4.55431
4102	4.55592
4104	4.55638
4106	4.5563
4108	4.55706
4110	4.55814
4112	4.55588
4114	4.55409
4116	4.55449
4118	4.55415
4120	4.55521
4122	4.55581
4124	4.55446
4126	4.55425
4128	4.55442
4130	4.55401
4132	4.55343
4134	4.55217
4136	4.55261
4138	4.5531
4140	4.55337
4142	4.55304
4144	4.55319
4146	4.55313
4148	4.55469
4150	4.55652
4152	4.55584
4154	4.55581
4156	4.55589
4158	4.55618
4160	4.5542
4162	4.55349
4164	4.55453
4166	4.55479
4168	4.55586
4170	4.55667
4172	4.55751
4174	4.55606
4176	4.55647
4178	4.55726
4180	4.55553
4182	4.55664
4184	4.5576
4186	4.55689
4188	4.55496
4190	4.55527
4192	4.55636
4194	4.55697
4196	4.5555
4198	4.55418
4200	4.55436
4202	4.55443
4204	4.55426
4206	4.55334
4208	4.55245
4210	4.55398
4212	4.5531
4214	4.55343
4216	4.55244
4218	4.55146
4220	4.55174
4222	4.55121
4224	4.55074
4226	4.55016
4228	4.55034
4230	4.54961
4232	4.5519
4234	4.55222
4236	4.55095
4238	4.55115
4240	4.551
4242	4.55042
4244	4.55025
4246	4.55227
4248	4.55194
4250	4.55182
4252	4.55131
4254	4.55114
4256	4.55029
4258	4.54865
4260	4.54901
4262	4.54962
4264	4.54772
4266	4.5494
4268	4.54962
4270	4.5507
4272	4.5514
4274	4.55027
4276	4.54913
4278	4.54916
4280	4.55115
4282	4.5519
4284	4.55175
4286	4.55317
4288	4.55318
4290	4.55098
4292	4.54865
4294	4.54998
4296	4.55036
4298	4.54837
4300	4.54894
4302	4.54981
4304	4.55098
4306	4.54878
4308	4.54794
4310	4.54788
4312	4.54774
4314	4.5449
4316	4.54668
4318	4.54845
4320	4.54967
4322	4.54781
4324	4.54763
4326	4.54741
4328	4.55901
4330	4.60431
4332	4.67376
4334	4.75532
4336	4.83803
4338	4.91439
4340	4.98686
4342	5.05064
4344	5.10686
4346	5.15602
4348	5.20013
4350	5.23744
4352	5.26975
4354	5.29727
4356	5.31746
4358	5.30014
4360	5.25007
4362	5.18551
4364	5.11847
4366	5.05159
4368	4.98949
4370	4.93413
4372	4.88333
4374	4.83896
4376	4.80059
4378	4.76612
4380	4.73635
4382	4.7105
4384	4.68759
4386	4.66896
4388	4.65469
4390	4.641
4392	4.62978
4394	4.62207
4396	4.61364
4398	4.60748
4400	4.6016
4402	4.59426
4404	4.58869
4406	4.58484
4408	4.58107
4410	4.57524
4412	4.57251
4414	4.57007
4416	4.56792
4418	4.56614
4420	4.56181
4422	4.55824
4424	4.55679
4426	4.55649
4428	4.55622
4430	4.5541
4432	4.55263
4434	4.5514
4436	4.54879
4438	4.54649
4440	4.54642
4442	4.54613
4444	4.54483
4446	4.54302
4448	4.54454
4450	4.54501
4452	4.54534
4454	4.54353
4456	4.54212
4458	4.542
4460	4.54141
4462	4.54097
4464	4.54165
4466	4.54179
4468	4.54055
4470	4.54125
4472	4.54098
4474	4.5394
4476	4.53935
4478	4.54033
4480	4.54057
4482	4.54117
4484	4.54284
4486	4.54032
4488	4.53858
4490	4.53643
4492	4.53665
4494	4.53897
4496	4.54079
4498	4.541
4500	4.53945
4502	4.5384
4504	4.53817
4506	4.53826
4508	4.53683
4510	4.53532
4512	4.53559
4514	4.53547
4516	4.53605
4518	4.53626
4520	4.53466
4522	4.53508
4524	4.53613
4526	4.53607
4528	4.53697
4530	4.53527
4532	4.53363
4534	4.53337
4536	4.53384
4538	4.53258
4540	4.5329
4542	4.53347
4544	4.53224
4546	4.5335
4548	4.53314
4550	4.5342
4552	4.53451
4554	4.53357
4556	4.53304
4558	4.53173
4560	4.53293
4562	4.53327
4564	4.53404
4566	4.53219
4568	4.53313
4570	4.5332
4572	4.53354
4574	4.53484
4576	4.53239
4578	4.532
4580	4.53308
4582	4.53172
4584	4.5307
4586	4.53059
4588	4.53262
4590	4.53282
4592	4.53263
4594	4.53348
4596	4.53248
4598	4.53217
4600	4.5303
4602	4.53058
4604	4.53069
4606	4.53024
4608	4.52832
4610	4.53024
4612	4.52925
4614	4.53032
4616	4.53177
4618	4.53031
4620	4.52994
4622	4.53016
4624	4.53248
4626	4.5328
4628	4.53186
4630	4.53095
4632	4.53143
4634	4.5314
4636	4.53065
4638	4.53108
4640	4.53008
4642	4.52993
4644	4.53043
4646	4.53112
4648	4.5308
4650	4.5316
4652	4.532
4654	4.52928
4656	4.52675
4658	4.52666
4660	4.52515
4662	4.52353
4664	4.5238
4666	4.52417
4668	4.52349
4670	4.52417
4672	4.52548
4674	4.52586
4676	4.52535
4678	4.52443
4680	4.5236
4682	4.52494
4684	4.52491
4686	4.52634
4688	4.52643
4690	4.52726
4692	4.52532
4694	4.5243
4696	4.52542
4698	4.52401
4700	4.52367
4702	4.52457
4704	4.52622
4706	4.52536
4708	4.52637
4710	4.52722
4712	4.52489
4714	4.52354
4716	4.52278
4718	4.52377
4720	4.52323
4722	4.52377
4724	4.52474
4726	4.52429
4728	4.52544
4730	4.52641
4732	4.52736
4734	4.52527
4736	4.52286
4738	4.52297
4740	4.52258
4742	4.52229
4744	4.52256
4746	4.52285
4748	4.52383
4750	4.52388
4752	4.52362
4754	4.52405
4756	4.52154
4758	4.52052
4760	4.51941
4762	4.52096
4764	4.52138
4766	4.52039
4768	4.52043
4770	4.5201
4772	4.52034
4774	4.51925
4776	4.51883
4778	4.52104
4780	4.52124
4782	4.52041
4784	4.52002
4786	4.51851
4788	4.51822
4790	4.51865
4792	4.51838
4794	4.51826
4796	4.51957
4798	4.52008
4800	4.51807
4802	4.5178
4804	4.51887
4806	4.51923
4808	4.51824
4810	4.51733
4812	4.5183
4814	4.51864
4816	4.51992
4818	4.52172
4820	4.51875
4822	4.51614
4824	4.51679
4826	4.51704
4828	4.51537
4830	4.51773
4832	4.51911
4834	4.5186
4836	4.51994
4838	4.52038
4840	4.51952
4842	4.51932
4844	4.51867
4846	4.5187
4848	4.5162
4850	4.51635
4852	4.51643
4854	4.5146
4856	4.51356
4858	4.51447
4860	4.51709
4862	4.51787
4864	4.51823
4866	4.51807
4868	4.51851
4870	4.51737
4872	4.51538
4874	4.51468
4876	4.51582
4878	4.51522
4880	4.51354
4882	4.51249
4884	4.513
4886	4.5152
4888	4.51571
4890	4.51486
4892	4.51303
4894	4.51445
4896	4.51711
4898	4.5175
4900	4.51557
4902	4.51361
4904	4.51474
4906	4.51548
4908	4.51509
4910	4.51494
4912	4.51326
4914	4.51161
4916	4.51131
4918	4.50975
4920	4.51221
4922	4.5132
4924	4.51325
4926	4.51295
4928	4.51762
4930	4.55819
4932	4.62799
4934	4.70815
4936	4.79015
4938	4.8654
4940	4.93829
4942	5.00386
4944	5.06178
4946	5.11409
4948	5.15787
4950	5.1964
4952	5.22969
4954	5.25968
4956	5.27982
4958	5.26734
4960	5.22023
4962	5.15705
4964	5.09009
4966	5.02408
4968	4.96005
4970	4.90533
4972	4.85522
4974	4.81035
4976	4.77132
4978	4.73796
4980	4.70844
4982	4.68164
4984	4.66025
4986	4.64004
4988	4.62434
4990	4.61181
4992	4.59841
4994	4.58848
4996	4.57991
4998	4.57323
5000	4.56757
5002	4.56123
5004	4.55624
5006	4.55151
5008	4.54575
5010	4.54136
5012	4.53669
5014	4.5367
5016	4.53326
5018	4.53012
5020	4.52831
5022	4.52689
5024	4.52536
5026	4.52336
5028	4.52251
5030	4.52023
5032	4.51884
5034	4.5193
5036	4.51814
5038	4.51797
5040	4.51631
5042	4.51514
5044	4.51484
5046	4.5136
5048	4.51261
5050	4.51163
5052	4.51218
5054	4.51161
5056	4.50937
5058	4.5089
5060	4.50744
5062	4.5077
5064	4.50777
5066	4.50563
5068	4.50523
5070	4.5062
5072	4.50528
5074	4.50637
5076	4.50723
5078	4.50516
5080	4.50503
5082	4.50582
5084	4.50583
5086	4.50492
5088	4.50391
5090	4.50361
5092	4.50495
5094	4.50575
5096	4.50416
5098	4.50346
5100	4.50425
5102	4.5043
5104	4.50181
5106	4.50102
5108	4.50225
5110	4.50169
5112	4.50126
5114	4.50155
5116	4.50165
5118	4.50224
5120	4.503
5122	4.50282
5124	4.50341
5126	4.50323
5128	4.50252
5130	4.50289
5132	4.50415
5134	4.50343
5136	4.50227
5138	4.50296
5140	4.50272
5142	4.50328
5144	4.50166
5146	4.50115
5148	4.50086
5150	4.49864
5152	4.49792
5154	4.4982
5156	4.49799
5158	4.49782
5160	4.49951
5162	4.50016
5164	4.50043
5166	4.4996
5168	4.49963
5170	4.50058
5172	4.50034
5174	4.5014
5176	4.50141
5178	4.50024
5180	4.49943
5182	4.49956
5184	4.49864
5186	4.49695
5188	4.49713
5190	4.4983
5192	4.49978
5194	4.49976
5196	4.49761
5198	4.49871
5200	4.49843
5202	4.4991
5204	4.50083
5206	4.49983
5208	4.49862
5210	4.49793
5212	4.49687
5214	4.49539
5216	4.49599
5218	4.4967
5220	4.49609
5222	4.49615
5224	4.49779
5226	4.49735
5228	4.49799
5230	4.49606
5232	4.49652
5234	4.49917
5236	4.499
5238	4.49786
5240	4.49583
5242	4.49585
5244	4.49642
5246	4.49685
5248	4.49623
5250	4.49446
5252	4.49453
5254	4.49684
5256	4.49581
5258	4.49632
5260	4.49672
5262	4.49575
5264	4.49581
5266	4.49589
5268	4.49672
5270	4.49462
5272	4.49407
5274	4.49492
5276	4.49195
5278	4.49147
5280	4.49428
5282	4.49414
5284	4.49205
5286	4.49249
5288	4.49289
5290	4.49272
5292	4.49343
5294	4.49359
5296	4.49407
5298	4.49423
5300	4.49328
5302	4.49079
5304	4.48853
5306	4.49014
5308	4.49174
5310	4.4916
5312	4.4929
5314	4.49307
5316	4.49226
5318	4.49168
5320	4.49094
5322	4.48996
5324	4.48827
5326	4.48848
5328	4.48982
5330	4.49055
5332	4.48811
5334	4.48744
5336	4.48639
5338	4.48572
5340	4.48778
5342	4.48698
5344	4.48726
5346	4.48988
5348	4.4883
5350	4.48848
5352	4.48938
5354	4.48895
5356	4.48873
5358	4.48993
5360	4.48879
5362	4.48913
5364	4.48806
5366	4.48756
5368	4.48767
5370	4.48692
5372	4.48803
5374	4.48853
5376	4.48859
5378	4.48962
5380	4.48821
5382	4.4886
5384	4.48863
5386	4.48849
5388	4.48843
5390	4.48827
5392	4.48901
5394	4.4878
5396	4.48691
5398	4.48642
5400	4.48649
5402	4.48656
5404	4.48552
5406	4.48815
5408	4.48875
5410	4.48647
5412	4.48646
5414	4.48677
5416	4.4858
5418	4.4864
5420	4.48907
5422	4.48841
5424	4.48636
5426	4.48655
5428	4.48614
5430	4.48717
5432	4.48467
5434	4.48267
5436	4.48284
5438	4.48381
5440	4.48503
5442	4.48506
5444	4.48574
5446	4.48493
5448	4.48648
5450	4.48535
5452	4.48484
5454	4.48573
5456	4.48583
5458	4.48522
5460	4.48551
5462	4.48378
5464	4.48476
5466	4.4837
5468	4.48344
5470	4.48229
5472	4.48024
5474	4.48032
5476	4.48059
5478	4.48035
5480	4.4809
5482	4.48292
5484	4.48179
5486	4.48088
5488	4.48132
5490	4.48106
5492	4.48047
5494	4.48152
5496	4.48014
5498	4.47859
5500	4.48085
5502	4.48066
5504	4.48015
5506	4.48013
5508	4.48041
5510	4.47945
5512	4.48014
5514	4.47953
5516	4.48022
5518	4.48158
5520	4.48068
5522	4.47885
5524	4.47646
5526	4.47687
5528	4.48101
5530	4.51526
5532	4.5819
5534	4.66199
5536	4.74348
5538	4.82256
5540	4.89414
5542	4.95737
5544	5.01323
5546	5.06495
5548	5.10993
5550	5.15193
5552	5.18739
5554	5.21498
5556	5.23805
5558	5.23241
5560	5.18859
5562	5.12746
5564	5.0594
5566	4.99289
5568	4.9309
5570	4.8753
5572	4.82352
5574	4.77908
5576	4.73765
5578	4.70373
5580	4.67473
5582	4.64998
5584	4.62779
5586	4.61084
5588	4.59391
5590	4.57973
5592	4.56699
5594	4.55572
5596	4.54607
5598	4.53839
5600	4.53223
5602	4.52592
5604	4.52006
5606	4.51576
5608	4.51037
5610	4.50551
5612	4.50396
5614	4.50151
5616	4.4987
5618	4.49718
5620	4.49612
5622	4.4945
5624	4.49261
5626	4.4904
5628	4.48928
5630	4.48716
5632	4.48503
5634	4.48418
5636	4.48364
5638	4.48189
5640	4.48182
5642	4.4799
5644	4.47652
5646	4.47576
5648	4.47577
5650	4.47558
5652	4.47657
5654	4.47579
5656	4.47357
5658	4.47314
5660	4.47329
5662	4.47245
5664	4.47095
5666	4.47074
5668	4.47073
5670	4.47281
5672	4.47253
5674	4.47188
5676	4.47028
5678	4.46989
5680	4.46968
5682	4.46948
5684	4.46991
5686	4.4683
5688	4.46727
5690	4.46802
5692	4.46911
5694	4.46873
5696	4.4674
5698	4.46724
5700	4.46761
5702	4.46756
5704	4.46652
5706	4.46639
5708	4.46764
5710	4.46635
5712	4.4686
5714	4.46808
5716	4.46722
5718	4.46829
5720	4.46892
5722	4.46954
5724	4.46869
5726	4.46697
5728	4.46482
5730	4.46384
5732	4.46391
5734	4.46466
5736	4.46379
5738	4.46454
5740	4.46432
5742	4.4638
5744	4.46461
5746	4.46387
5748	4.46394
5750	4.46471
5752	4.46554
5754	4.46611
5756	4.46624
5758	4.46342
5760	4.46415
5762	4.4641
5764	4.46219
5766	4.46341
5768	4.463
5770	4.46215
5772	4.46244
5774	4.46122
5776	4.46075
5778	4.46198
5780	4.46153
5782	4.46132
5784	4.46033
5786	4.45914
5788	4.46002
5790	4.46076
5792	4.46041
5794	4.4598
5796	4.45953
5798	4.45883
5800	4.45841
5802	4.46026
5804	4.46229
5806	4.46155
5808	4.45966
5810	4.45986
5812	4.46081
5814	4.46205
5816	4.46202
5818	4.46216
5820	4.46108
5822	4.46122
5824	4.45983
5826	4.45897
5828	4.46044
5830	4.45978
5832	4.45777
5834	4.45765
5836	4.45662
5838	4.45655
5840	4.45809
5842	4.4586
5844	4.45834
5846	4.45988
5848	4.46113
5850	4.46053
5852	4.45761
5854	4.45653
5856	4.45647
5858	4.45582
5860	4.45741
5862	4.4578
5864	4.457
5866	4.45692
5868	4.45638
5870	4.45747
5872	4.45723
5874	4.45606
5876	4.4568
5878	4.45676
5880	4.45474
5882	4.45342
5884	4.45218
5886	4.45188
5888	4.45315
5890	4.4532
5892	4.45403
5894	4.454
5896	4.45377
5898	4.45485
5900	4.45303
5902	4.45197
5904	4.45119
5906	4.45135
5908	4.45244
5910	4.45398
5912	4.45481
5914	4.45346
5916	4.45205
5918	4.4531
5920	4.4528
5922	4.45257
5924	4.4524
5926	4.45176
5928	4.45211
5930	4.45386
5932	4.45304
5934	4.4527
5936	4.45215
5938	4.4511
5940	4.45148
5942	4.4522
5944	4.45103
5946	4.45126
5948	4.45174
5950	4.45099
5952	4.4516
5954	4.45136
5956	4.45029
5958	4.45092
5960	4.45136
5962	4.45
5964	4.44899
5966	4.44876
5968	4.4493
5970	4.4489
5972	4.44968
5974	4.45026
5976	4.449
5978	4.44887
5980	4.44783
5982	4.4468
5984	4.44816
5986	4.44898
5988	4.44904
5990	4.44922
5992	4.44856
5994	4.44831
5996	4.44965
5998	4.44864
6000	4.44589
6002	4.44431
6004	4.44545
6006	4.44585
6008	4.44668
6010	4.4468
6012	4.44698
6014	4.44815
6016	4.44831
6018	4.4473
6020	4.4475
6022	4.44601
6024	4.44764
6026	4.44804
6028	4.44736
6030	4.44647
6032	4.44663
6034	4.44556
6036	4.44609
6038	4.44638
6040	4.44482
6042	4.44462
6044	4.44455
6046	4.44422
6048	4.44416
6050	4.44391
6052	4.44395
6054	4.44346
6056	4.44215
6058	4.44311
6060	4.4441
6062	4.44503
6064	4.44676
6066	4.44627
6068	4.44391
6070	4.44393
6072	4.44423
6074	4.44233
6076	4.44265
6078	4.4437
6080	4.44337
6082	4.4439
6084	4.44287
6086	4.44323
6088	4.44277
6090	4.44365
6092	4.44306
6094	4.44316
6096	4.44248
6098	4.44227
6100	4.44161
6102	4.44132
6104	4.44187
6106	4.44273
6108	4.44173
6110	4.44193
6112	4.44158
6114	4.44095
6116	4.44038
6118	4.44055
6120	4.44043
6122	4.44041
6124	4.44073
6126	4.43983
6128	4.44326
6130	4.47545
6132	4.53699
6134	4.61374
6136	4.69797
6138	4.77487
6140	4.84581
6142	4.91162
6144	4.97008
6146	5.02432
6148	5.07136
6150	5.10877
6152	5.14321
6154	5.1745
6156	5.20031
6158	5.19859
6160	5.15832
6162	5.09642
6164	5.028
6166	4.96162
6168	4.90033
6170	4.84341
6172	4.79222
6174	4.74693
6176	4.70557
6178	4.66809
6180	4.63833
6182	4.61351
6184	4.59177
6186	4.57144
6188	4.5548
6190	4.54108
6192	4.52894
6194	4.51843
6196	4.50861
6198	4.5011
6200	4.49491
6202	4.48991
6204	4.48401
6206	4.48051
6208	4.47659
6210	4.47279
6212	4.46876
6214	4.46522
6216	4.46221
6218	4.46159
6220	4.45969
6222	4.45763
6224	4.45391
6226	4.45214
6228	4.45252
6230	4.44961
6232	4.44852
6234	4.44694
6236	4.44358
6238	4.442
6240	4.44177
6242	4.43987
6244	4.43864
6246	4.43895
6248	4.43843
6250	4.43787
6252	4.43856
6254	4.4394
6256	4.43684
6258	4.43531
6260	4.43575
6262	4.43475
6264	4.43518
6266	4.43457
6268	4.43545
6270	4.43538
6272	4.43289
6274	4.43294
6276	4.43384
6278	4.43328
6280	4.43321
6282	4.43208
6284	4.43159
6286	4.43281
6288	4.43333
6290	4.43364
6292	4.43329
6294	4.43161
6296	4.43263
6298	4.43263
6300	4.43231
6302	4.43068
6304	4.4316
6306	4.43107
6308	4.42886
6310	4.42873
6312	4.42942
6314	4.42883
6316	4.42935
6318	4.42893
6320	4.42786
6322	4.42646
6324	4.42589
6326	4.42763
6328	4.42833
6330	4.42851
6332	4.42793
6334	4.42697
6336	4.4259
6338	4.42575
6340	4.42596
6342	4.42566
6344	4.42511
6346	4.42406
6348	4.42338
6350	4.42314
6352	4.42331
6354	4.42372
6356	4.42404
6358	4.42422
6360	4.42442
6362	4.42366
6364	4.42314
6366	4.42269
6368	4.42115
6370	4.42101
6372	4.42126
6374	4.42228
6376	4.42199
6378	4.42322
6380	4.42143
6382	4.42033
6384	4.42157
6386	4.42224
6388	4.42448
6390	4.42272
6392	4.42132
6394	4.42247
6396	4.42204
6398	4.42163
6400	4.42132
6402	4.42019
6404	4.42088
6406	4.42239
6408	4.42335
6410	4.42233
6412	4.42135
6414	4.42073
6416	4.42036
6418	4.41901
6420	4.41895
6422	4.42108
6424	4.4219
6426	4.42021
6428	4.42068
6430	4.42182
6432	4.42037
6434	4.42011
6436	4.41802
6438	4.41813
6440	4.41922
6442	4.41971
6444	4.41847
6446	4.41983
6448	4.42038
6450	4.4178
6452	4.41748
6454	4.41871
6456	4.41758
6458	4.41557
6460	4.41751
6462	4.41976
6464	4.41878
6466	4.41851
6468	4.41834
6470	4.41791
6472	4.41687
6474	4.41654
6476	4.41724
6478	4.41824
6480	4.41767
6482	4.4181
6484	4.41614
6486	4.4174
6488	4.41785
6490	4.41699
6492	4.41718
6494	4.41637
6496	4.41671
6498	4.41596
6500	4.41678
6502	4.41602
6504	4.414
6506	4.41561
6508	4.41682
6510	4.41556
6512	4.41396
6514	4.41357
6516	4.41312
6518	4.41265
6520	4.41258
6522	4.41327
6524	4.4129
6526	4.41158
6528	4.41237
6530	4.41191
6532	4.41092
6534	4.41256
6536	4.41189
6538	4.41187
6540	4.4129
6542	4.41377
6544	4.414
6546	4.41348
6548	4.4136
6550	4.41371
6552	4.41349
6554	4.41303
6556	4.41315
6558	4.41291
6560	4.41354
6562	4.41176
6564	4.41126
6566	4.41122
6568	4.41055
6570	4.40965
6572	4.40899
6574	4.40891
6576	4.40865
6578	4.40844
6580	4.40932
6582	4.40981
6584	4.40835
6586	4.40871
6588	4.40714
6590	4.40643
6592	4.40585
6594	4.40613
6596	4.40703
6598	4.40854
6600	4.40794
6602	4.40788
6604	4.40738
6606	4.40744
6608	4.40623
6610	4.4052
6612	4.40543
6614	4.40571
6616	4.40641
6618	4.40496
6620	4.40414
6622	4.40512
6624	4.40616
6626	4.4076
6628	4.40753
6630	4.40503
6632	4.40485
6634	4.40612
6636	4.4062
6638	4.4056
6640	4.40644
6642	4.40716
6644	4.40804
6646	4.40907
6648	4.40899
6650	4.40616
6652	4.40564
6654	4.40449
6656	4.4031
6658	4.40246
6660	4.40478
6662	4.40738
6664	4.40705
6666	4.40595
6668	4.40689
6670	4.40658
6672	4.40487
6674	4.40245
6676	4.40303
6678	4.40425
6680	4.40375
6682	4.40114
6684	4.40147
6686	4.40237
6688	4.40353
6690	4.40354
6692	4.40226
6694	4.40334
6696	4.40412
6698	4.40441
6700	4.4021
6702	4.40084
6704	4.4015
6706	4.39982
6708	4.39961
6710	4.40104
6712	4.40005
6714	4.39984
6716	4.40039
6718	4.40206
6720	4.4026
6722	4.40113
6724	4.40059
6726	4.39951
6728	4.40144
6730	4.42922
6732	4.48743
6734	4.56066
6736	4.64323
6738	4.72358
6740	4.79689
6742	4.86267
6744	4.92371
6746	4.97643
6748	5.02157
6750	5.06182
6752	5.09588
6754	5.12622
6756	5.15137
6758	5.15149
6760	5.11505
6762	5.05878
6764	4.99215
6766	4.92479
6768	4.86213
6770	4.80492
6772	4.7533
6774	4.70675
6776	4.66659
6778	4.63181
6780	4.60071
6782	4.57568
6784	4.55146
6786	4.53163
6788	4.51491
6790	4.50117
6792	4.4886
6794	4.47721
6796	4.46841
6798	4.46103
6800	4.45365
6802	4.44776
6804	4.44381
6806	4.43948
6808	4.43523
6810	4.4321
6812	4.42765
6814	4.42411
6816	4.42167
6818	4.41908
6820	4.41607
6822	4.41555
6824	4.41258
6826	4.40869
6828	4.40736
6830	4.4056
6832	4.404
6834	4.40036
6836	4.39843
6838	4.39926
6840	4.39826
6842	4.39574
6844	4.39554
6846	4.39434
6848	4.39208
6850	4.39144
6852	4.39068
6854	4.38941
6856	4.39188
6858	4.39101
6860	4.38928
6862	4.38735
6864	4.38694
6866	4.38814
6868	4.38935
6870	4.3873
6872	4.38536
6874	4.3846
6876	4.38625
6878	4.38568
6880	4.38338
6882	4.38206
6884	4.38195
6886	4.38209
6888	4.38253
6890	4.38444
6892	4.38576
6894	4.38388
6896	4.38232
6898	4.38234
6900	4.38233
6902	4.38471
6904	4.38175
6906	4.38235
6908	4.38262
6910	4.38189
6912	4.38103
6914	4.38194
6916	4.38242
6918	4.38401
6920	4.38322
6922	4.38353
6924	4.38377
6926	4.38453
6928	4.38369
6930	4.38418
6932	4.38552
6934	4.38366
6936	4.38364
6938	4.38443
6940	4.38348
6942	4.38403
6944	4.38415
6946	4.3823
6948	4.38107
6950	4.38167
6952	4.38243
6954	4.38422
6956	4.3843
6958	4.38533
6960	4.38475
6962	4.38327
6964	4.38187
6966	4.38194
6968	4.3814
6970	4.38103
6972	4.37906
6974	4.37862
6976	4.3796
6978	4.38019
6980	4.38122
6982	4.38342
6984	4.38136
6986	4.38067
6988	4.38029
6990	4.38217
6992	4.38481
6994	4.38417
6996	4.3808
6998	4.38044
7000	4.38044
7002	4.37906
7004	4.37904
7006	4.37928
7008	4.37843
7010	4.37927
7012	4.37988
7014	4.37752
7016	4.37972
7018	4.38095
7020	4.37824
7022	4.37853
7024	4.38046
7026	4.3829
7028	4.38194
7030	4.38146
7032	4.37967
7034	4.37692
7036	4.37689
7038	4.3785
7040	4.37822
7042	4.37662
7044	4.37524
7046	4.37638
7048	4.37702
7050	4.37709
7052	4.37695
7054	4.37822
7056	4.37827
7058	4.37882
7060	4.37834
7062	4.37766
7064	4.37692
7066	4.37665
7068	4.37699
7070	4.37695
7072	4.37548
7074	4.37485
7076	4.37442
7078	4.37395
7080	4.37401
7082	4.37526
7084	4.37447
7086	4.37562
7088	4.37474
7090	4.37397
7092	4.37317
7094	4.37417
7096	4.37567
7098	4.37543
7100	4.37393
7102	4.37465
7104	4.37524
7106	4.37361
7108	4.37429
7110	4.37593
7112	4.37452
7114	4.37209
7116	4.37098
7118	4.37239
7120	4.37192
7122	4.37164
7124	4.37131
7126	4.37134
7128	4.3706
7130	4.36956
7132	4.36907
7134	4.36954
7136	4.37132
7138	4.37026
7140	4.37066
7142	4.36993
7144	4.36996
7146	4.37033
7148	4.36885
7150	4.36775
7152	4.36863
7154	4.36971
7156	4.36972
7158	4.37072
7160	4.37071
7162	4.371
7164	4.37025
7166	4.36937
7168	4.36801
7170	4.36727
7172	4.36849
7174	4.36935
7176	4.36911
7178	4.36816
7180	4.36664
7182	4.36598
7184	4.36657
7186	4.36797
7188	4.36673
7190	4.36671
7192	4.36626
7194	4.366
7196	4.36582
7198	4.36615
7200	4.36476
7202	4.36477
7204	4.36473
7206	4.36432
7208	4.36386
7210	4.36253
7212	4.36335
7214	4.36377
7216	4.3642
7218	4.3634
7220	4.36452
7222	4.36488
7224	4.36613
7226	4.36703
7228	4.36735
7230	4.36581
7232	4.36531
7234	4.36381
7236	4.36303
7238	4.36401
7240	4.36542
7242	4.36593
7244	4.36557
7246	4.36401
7248	4.36437
7250	4.36284
7252	4.36302
7254	4.36324
7256	4.36157
7258	4.3601
7260	4.36002
7262	4.36139
7264	4.36125
7266	4.35962
7268	4.36113
7270	4.36195
7272	4.36179
7274	4.36246
7276	4.36177
7278	4.36119
7280	4.36177
7282	4.36117
7284	4.36082
7286	4.36019
7288	4.35957
7290	4.36092
7292	4.36265
7294	4.36141
7296	4.35944
7298	4.35896
7300	4.35884
7302	4.36069
7304	4.36131
7306	4.36081
7308	4.36013
7310	4.35982
7312	4.36041
7314	4.35833
7316	4.3573
7318	4.3573
7320	4.35575
7322	4.35768
7324	4.35743
7326	4.35675
7328	4.35592
7330	4.37654
7332	4.43386
7334	4.5093
7336	4.5884
7338	4.66636
7340	4.74058
7342	4.80661
7344	4.86526
7346	4.91851
7348	4.96613
7350	5.00873
7352	5.045
7354	5.07483
7356	5.10027
7358	5.1072
7360	5.07342
7362	5.01776
7364	4.95354
7366	4.88739
7368	4.82432
7370	4.76666
7372	4.71627
7374	4.67071
7376	4.62877
7378	4.59215
7380	4.5617
7382	4.53422
7384	4.50948
7386	4.49077
7388	4.47306
7390	4.45914
7392	4.44588
7394	4.43626
7396	4.42645
7398	4.41685
7400	4.41079
7402	4.40543
7404	4.39914
7406	4.3932
7408	4.38901
7410	4.38628
7412	4.38199
7414	4.37876
7416	4.37465
7418	4.37188
7420	4.3719
7422	4.36965
7424	4.3675
7426	4.36889
7428	4.36768
7430	4.36651
7432	4.36433
7434	4.36212
7436	4.36204
7438	4.36162
7440	4.36086
7442	4.35974
7444	4.35981
7446	4.35818
7448	4.35642
7450	4.35583
7452	4.35508
7454	4.35456
7456	4.35355
7458	4.35266
7460	4.35249
7462	4.35087
7464	4.34966
7466	4.35079
7468	4.35013
7470	4.34947
7472	4.3499
7474	4.35137
7476	4.34917
7478	4.3472
7480	4.3466
7482	4.34707
7484	4.34622
7486	4.34542
7488	4.34569
7490	4.3452
7492	4.34584
7494	4.34509
7496	4.344
7498	4.34265
7500	4.34275
7502	4.34185
7504	4.34384
7506	4.34517
7508	4.3456
7510	4.34488
7512	4.34434
7514	4.34331
7516	4.345
7518	4.343
7520	4.34071
7522	4.34085
7524	4.34026
7526	4.33894
7528	4.33859
7530	4.33885
7532	4.34117
7534	4.34043
7536	4.34123
7538	4.34109
7540	4.34144
7542	4.33934
7544	4.33955
7546	4.33971
7548	4.34072
7550	4.34012
7552	4.3406
7554	4.34183
7556	4.34183
7558	4.34128
7560	4.34093
7562	4.34058
7564	4.33936
7566	4.33889
7568	4.33971
7570	4.34033
7572	4.34088
7574	4.34097
7576	4.33914
7578	4.33768
7580	4.33785
7582	4.33833
7584	4.33675
7586	4.33608
7588	4.3365
7590	4.33669
7592	4.33787
7594	4.338
7596	4.33664
7598	4.33606
7600	4.33692
7602	4.33756
7604	4.3373
7606	4.33627
7608	4.33657
7610	4.33768
7612	4.33574
7614	4.33536
7616	4.33497
7618	4.33483
7620	4.33466
7622	4.33345
7624	4.33613
7626	4.33559
7628	4.33367
7630	4.33274
7632	4.33354
7634	4.33488
7636	4.33476
7638	4.33405
7640	4.33233
7642	4.3321
7644	4.33387
7646	4.33362
7648	4.33301
7650	4.33237
7652	4.33239
7654	4.33292
7656	4.33397
7658	4.33363
7660	4.33268
7662	4.33231
7664	4.33193
7666	4.33247
7668	4.33145
7670	4.33015
7672	4.3288
7674	4.32941
7676	4.33131
7678	4.33209
7680	4.33128
7682	4.33154
7684	4.33103
7686	4.33086
7688	4.3323
7690	4.33339
7692	4.33417
7694	4.33235
7696	4.33118
7698	4.332
7700	4.33313
7702	4.33261
7704	4.33202
7706	4.33068
7708	4.32954
7710	4.33013
7712	4.33155
7714	4.33076
7716	4.33102
7718	4.33181
7720	4.33056
7722	4.32969
7724	4.32795
7726	4.32594
7728	4.32505
7730	4.32423
7732	4.32466
7734	4.32538
7736	4.32492
7738	4.32287
7740	4.32305
7742	4.3228
7744	4.32406
7746	4.32435
7748	4.32393
7750	4.32393
7752	4.32425
7754	4.32428
7756	4.32296
7758	4.32236
7760	4.3232
7762	4.32397
7764	4.32251
7766	4.32275
7768	4.32259
7770	4.32375
7772	4.32426
7774	4.32448
7776	4.32473
7778	4.32388
7780	4.32415
7782	4.32447
7784	4.32391
7786	4.32286
7788	4.3231
7790	4.32159
7792	4.32256
7794	4.32327
7796	4.3227
7798	4.32485
7800	4.32412
7802	4.32395
7804	4.32303
7806	4.32055
7808	4.32076
7810	4.32057
7812	4.32016
7814	4.31872
7816	4.31808
7818	4.31886
7820	4.31912
7822	4.31902
7824	4.3208
7826	4.31994
7828	4.31707
7830	4.31558
7832	4.31723
7834	4.31968
7836	4.31972
7838	4.31838
7840	4.31821
7842	4.31759
7844	4.3181
7846	4.31941
7848	4.31879
7850	4.31783
7852	4.3164
7854	4.31701
7856	4.31739
7858	4.3183
7860	4.31748
7862	4.31843
7864	4.31763
7866	4.31725
7868	4.31746
7870	4.31437
7872	4.3147
7874	4.31524
7876	4.31469
7878	4.3142
7880	4.3149
7882	4.31581
7884	4.31649
7886	4.31621
7888	4.31388
7890	4.31418
7892	4.3156
7894	4.31626
7896	4.31654
7898	4.31493
7900	4.31569
7902	4.31451
7904	4.31268
7906	4.31239
7908	4.31221
7910	4.31299
7912	4.31227
7914	4.31348
7916	4.31315
7918	4.31089
7920	4.31089
7922	4.31103
7924	4.31151
7926	4.31194
7928	4.31254
7930	4.32806
7932	4.37997
7934	4.45102
7936	4.53063
7938	4.61028
7940	4.68334
7942	4.74982
7944	4.80839
7946	4.8627
7948	4.9108
7950	4.95197
7952	4.98642
7954	5.01555
7956	5.0438
7958	5.05623
7960	5.02761
7962	4.97299
7964	4.90891
7966	4.8449
7968	4.78245
7970	4.726
7972	4.67411
7974	4.62732
7976	4.58533
7978	4.54798
7980	4.51513
7982	4.48794
7984	4.46687
7986	4.4471
7988	4.42876
7990	4.41421
7992	4.40144
7994	4.3905
7996	4.38177
7998	4.37352
8000	4.36503
8002	4.35978
8004	4.35526
8006	4.35058
8008	4.34523
8010	4.34409
8012	4.34043
8014	4.33613
8016	4.334
8018	4.33179
8020	4.3284
8022	4.32486
8024	4.32239
8026	4.32022
8028	4.31851
8030	4.31628
8032	4.31529
8034	4.31434
8036	4.31212
8038	4.3113
8040	4.31177
8042	4.31191
8044	4.31113
8046	4.30986
8048	4.30877
8050	4.30702
8052	4.30692
8054	4.30629
8056	4.30647
8058	4.30453
8060	4.3043
8062	4.30381
8064	4.30472
8066	4.3039
8068	4.303
8070	4.3019
8072	4.30244
8074	4.30388
8076	4.30324
8078	4.30207
8080	4.30005
8082	4.29971
8084	4.30097
8086	4.29981
8088	4.30002
8090	4.30232
8092	4.30208
8094	4.30063
8096	4.30061
8098	4.30054
8100	4.29897
8102	4.29872
8104	4.29805
8106	4.29748
8108	4.29674
8110	4.29811
8112	4.29759
8114	4.29608
8116	4.2953
8118	4.29552
8120	4.29486
8122	4.29676
8124	4.29606
8126	4.29541
8128	4.29474
8130	4.29371
8132	4.29576
8134	4.29909
8136	4.29852
8138	4.29687
8140	4.29544
8142	4.29516
8144	4.29243
8146	4.29147
8148	4.29228
8150	4.2905
8152	4.28978
8154	4.29278
8156	4.29388
8158	4.29272
8160	4.29151
8162	4.2906
8164	4.29197
8166	4.29495
8168	4.29486
8170	4.29308
8172	4.29222
8174	4.29275
8176	4.29311
8178	4.29349
8180	4.29239
8182	4.29155
8184	4.29084
8186	4.29076
8188	4.29274
8190	4.29334
8192	4.29396
8194	4.2938
8196	4.29251
8198	4.29099
8200	4.28909
8202	4.28792
8204	4.28928
8206	4.28684
8208	4.28543
8210	4.2855
8212	4.28651
8214	4.28738
8216	4.28985
8218	4.28959
8220	4.28924
8222	4.28831
8224	4.28876
8226	4.28839
8228	4.28802
8230	4.28933
8232	4.28874
8234	4.28799
8236	4.2885
8238	4.28761
8240	4.28824
8242	4.28789
8244	4.2882
8246	4.28809
8248	4.28816
8250	4.28724
8252	4.2869
8254	4.28718
8256	4.28678
8258	4.28652
8260	4.2857
8262	4.28571
8264	4.28584
8266	4.28416
8268	4.28513
8270	4.28555
8272	4.2843
8274	4.28331
8276	4.28288
8278	4.2834
8280	4.28235
8282	4.28135
8284	4.28239
8286	4.28315
8288	4.28276
8290	4.28245
8292	4.28413
8294	4.28457
8296	4.28422
8298	4.28351
8300	4.28224
8302	4.28172
8304	4.28186
8306	4.28031
8308	4.27994
8310	4.28012
8312	4.27821
8314	4.27745
8316	4.27806
8318	4.27629
8320	4.27819
8322	4.27796
8324	4.27759
8326	4.27787
8328	4.2777
8330	4.27687
8332	4.27722
8334	4.2785
8336	4.27965
8338	4.27917
8340	4.2784
8342	4.27769
8344	4.27621
8346	4.27685
8348	4.27854
8350	4.27836
8352	4.27817
8354	4.27961
8356	4.28071
8358	4.2794
8360	4.27963
8362	4.27848
8364	4.27752
8366	4.27784
8368	4.27771
8370	4.27884
8372	4.27968
8374	4.27759
8376	4.27418
8378	4.27327
8380	4.27521
8382	4.27584
8384	4.2754
8386	4.27526
8388	4.27452
8390	4.27538
8392	4.27639
8394	4.27416
8396	4.2739
8398	4.27614
8400	4.27542
8402	4.2733
8404	4.27204
8406	4.27329
8408	4.2729
8410	4.27147
8412	4.27192
8414	4.27262
8416	4.27283
8418	4.27174
8420	4.27145
8422	4.27058
8424	4.27123
8426	4.27237
8428	4.27186
8430	4.27099
8432	4.2721
8434	4.27197
8436	4.27146
8438	4.27112
8440	4.27088
8442	4.26983
8444	4.27079
8446	4.27003
8448	4.26931
8450	4.26845
8452	4.26877
8454	4.26969
8456	4.26936
8458	4.2673
8460	4.26779
8462	4.2675
8464	4.26778
8466	4.26842
8468	4.26846
8470	4.26808
8472	4.26762
8474	4.26813
8476	4.26863
8478	4.26802
8480	4.26795
8482	4.26846
8484	4.26803
8486	4.26628
8488	4.26601
8490	4.26635
8492	4.26665
8494	4.26678
8496	4.266
8498	4.26502
8500	4.26593
8502	4.26646
8504	4.26672
8506	4.26602
8508	4.26515
8510	4.26396
8512	4.26395
8514	4.2637
8516	4.26275
8518	4.26285
8520	4.26325
8522	4.26404
8524	4.2642
8526	4.26407
8528	4.26326
8530	4.27686
8532	4.32473
8534	4.39583
8536	4.47347
8538	4.55246
8540	4.62798
8542	4.69446
8544	4.75435
8546	4.80818
8548	4.85436
8550	4.89531
8552	4.92919
8554	4.95848
8556	4.98373
8558	4.99567
8560	4.97399
8562	4.92468
8564	4.86332
8566	4.79933
8568	4.73835
8570	4.67975
8572	4.62592
8574	4.57668
8576	4.53563
8578	4.49977
8580	4.46756
8582	4.44197
8584	4.41894
8586	4.39914
8588	4.38131
8590	4.36588
8592	4.35272
8594	4.34197
8596	4.3327
8598	4.32407
8600	4.31609
8602	4.30907
8604	4.30386
8606	4.30002
8608	4.29772
8610	4.29309
8612	4.28864
8614	4.28753
8616	4.28401
8618	4.28012
8620	4.27689
8622	4.27563
8624	4.27397
8626	4.27284
8628	4.27167
8630	4.27081
8632	4.26888
8634	4.26737
8636	4.26386
8638	4.26256
8640	4.26421
8642	4.26312
8644	4.26127
8646	4.26261
8648	4.26354
8650	4.2621
8652	4.26026
8654	4.26065
8656	4.25905
8658	4.2569
8660	4.25647
8662	4.2564
8664	4.25708
8666	4.25709
8668	4.25619
8670	4.25556
8672	4.25505
8674	4.25361
8676	4.25046
8678	4.24917
8680	4.25072
8682	4.25139
8684	4.25134
8686	4.25059
8688	4.24902
8690	4.24805
8692	4.24744
8694	4.24821
8696	4.24608
8698	4.24695
8700	4.24754
8702	4.24699
8704	4.24681
8706	4.24669
8708	4.24743
8710	4.24511
8712	4.245
8714	4.2472
8716	4.24723
8718	4.24797
8720	4.24534
8722	4.24496
8724	4.24603
8726	4.24691
8728	4.24724
8730	4.24526
8732	4.24573
8734	4.24444
8736	4.24223
8738	4.24317
8740	4.24438
8742	4.24464
8744	4.24552
8746	4.24437
8748	4.24367
8750	4.24342
8752	4.24482
8754	4.24448
8756	4.24361
8758	4.24376
8760	4.24439
8762	4.24529
8764	4.24509
8766	4.24315
8768	4.242
8770	4.24087
8772	4.23982
8774	4.24112
8776	4.2412
8778	4.24042
8780	4.2393
8782	4.24072
8784	4.24154
8786	4.24245
8788	4.24212
8790	4.24097
8792	4.23981
8794	4.2393
8796	4.2389
8798	4.23843
8800	4.23876
8802	4.238
8804	4.23944
8806	4.24088
8808	4.23996
8810	4.23864
8812	4.23815
8814	4.23689
8816	4.23757
8818	4.2395
8820	4.23942
8822	4.23807
8824	4.23683
8826	4.23797
8828	4.23882
8830	4.23801
8832	4.23576
8834	4.2361
8836	4.23498
8838	4.23438
8840	4.23388
8842	4.23444
8844	4.23583
8846	4.23564
8848	4.23528
8850	4.23474
8852	4.23243
8854	4.23255
8856	4.23401
8858	4.23498
8860	4.23612
8862	4.23691
8864	4.23525
8866	4.23434
8868	4.23411
8870	4.23348
8872	4.23174
8874	4.23204
8876	4.23255
8878	4.23374
8880	4.23266
8882	4.23144
8884	4.23305
8886	4.2324
8888	4.23332
8890	4.23193
8892	4.23109
8894	4.232
8896	4.23248
8898	4.23194
8900	4.23122
8902	4.23274
8904	4.23046
8906	4.22983
8908	4.22892
8910	4.2289
8912	4.23046
8914	4.23122
8916	4.23044
8918	4.22885
8920	4.22883
8922	4.22889
8924	4.22879
8926	4.22838
8928	4.22732
8930	4.22543
8932	4.22593
8934	4.22721
8936	4.22734
8938	4.22692
8940	4.22575
8942	4.22454
8944	4.22384
8946	4.22525
8948	4.22513
8950	4.2267
8952	4.22702
8954	4.22693
8956	4.22644
8958	4.22605
8960	4.22576
8962	4.22687
8964	4.22724
8966	4.22619
8968	4.22659
8970	4.22675
8972	4.22588
8974	4.22708
8976	4.22568
8978	4.22341
8980	4.22168
8982	4.22184
8984	4.22215
8986	4.22292
8988	4.22345
8990	4.22225
8992	4.22132
8994	4.22359
8996	4.22263
8998	4.22252
9000	4.22192
9002	4.2229
9004	4.22291
9006	4.22179
9008	4.22205
9010	4.22157
9012	4.22227
9014	4.22176
9016	4.22253
9018	4.22283
9020	4.22246
9022	4.22167
9024	4.22242
9026	4.22247
9028	4.22075
9030	4.21971
9032	4.22004
9034	4.22103
9036	4.22103
9038	4.22155
9040	4.22103
9042	4.21949
9044	4.22
9046	4.2185
9048	4.21835
9050	4.21978
9052	4.21902
9054	4.21885
9056	4.21774
9058	4.21501
9060	4.21483
9062	4.2164
9064	4.21579
9066	4.21695
9068	4.21739
9070	4.21918
9072	4.21938
9074	4.21587
9076	4.21563
9078	4.21551
9080	4.21526
9082	4.21424
9084	4.2137
9086	4.21387
9088	4.2139
9090	4.21399
9092	4.21433
9094	4.21578
9096	4.21692
9098	4.21605
9100	4.21528
9102	4.21468
9104	4.2135
9106	4.21582
9108	4.21494
9110	4.21261
9112	4.21326
9114	4.21382
9116	4.21395
9118	4.21425
9120	4.21349
9122	4.21253
9124	4.21245
9126	4.21256
9128	4.21015
9130	4.22345
9132	4.26943
9134	4.3384
9136	4.41533
9138	4.49395
9140	4.56533
9142	4.63207
9144	4.68952
9146	4.7431
9148	4.78975
9150	4.83089
9152	4.86617
9154	4.89676
9156	4.92414
9158	4.94004
9160	4.9213
9162	4.87238
9164	4.81058
9166	4.74649
9168	4.68548
9170	4.62525
9172	4.57299
9174	4.5269
9176	4.48458
9178	4.4501
9180	4.41935
9182	4.39255
9184	4.36896
9186	4.34884
9188	4.33052
9190	4.31431
9192	4.30222
9194	4.29098
9196	4.28278
9198	4.27398
9200	4.26591
9202	4.26055
9204	4.25453
9206	4.24808
9208	4.24313
9210	4.23846
9212	4.23513
9214	4.23184
9216	4.22878
9218	4.22603
9220	4.2245
9222	4.22355
9224	4.22213
9226	4.21907
9228	4.21686
9230	4.21766
9232	4.21499
9234	4.21443
9236	4.21372
9238	4.21308
9240	4.20963
9242	4.20911
9244	4.20924
9246	4.2085
9248	4.20779
9250	4.20598
9252	4.20389
9254	4.20224
9256	4.20165
9258	4.20195
9260	4.20255
9262	4.20319
9264	4.19964
9266	4.19826
9268	4.20037
9270	4.20068
9272	4.20116
9274	4.20029
9276	4.20032
9278	4.20066
9280	4.19957
9282	4.19791
9284	4.19754
9286	4.19664
9288	4.19767
9290	4.19885
9292	4.19719
9294	4.1953
9296	4.19668
9298	4.19691
9300	4.19581
9302	4.1959
9304	4.19549
9306	4.19571
9308	4.19425
9310	4.19289
9312	4.19222
9314	4.19466
9316	4.19544
9318	4.19446
9320	4.19242
9322	4.19182
9324	4.19345
9326	4.19349
9328	4.1928
9330	4.19094
9332	4.19148
9334	4.19184
9336	4.192
9338	4.19224
9340	4.19294
9342	4.19165
9344	4.19158
9346	4.19133
9348	4.19119
9350	4.19193
9352	4.19069
9354	4.18921
9356	4.18933
9358	4.19011
9360	4.1906
9362	4.18932
9364	4.18845
9366	4.1879
9368	4.18911
9370	4.18961
9372	4.18903
9374	4.18881
9376	4.188
9378	4.1869
9380	4.18782
9382	4.18903
9384	4.18772
9386	4.18692
9388	4.18677
9390	4.18909
9392	4.18755
9394	4.18463
9396	4.18415
9398	4.18463
9400	4.18522
9402	4.18565
9404	4.18544
9406	4.18627
9408	4.18659
9410	4.18626
9412	4.18424
9414	4.18337
9416	4.1824
9418	4.18201
9420	4.18253
9422	4.18341
9424	4.18391
9426	4.18289
9428	4.18217
9430	4.18167
9432	4.18184
9434	4.18206
9436	4.18264
9438	4.18271
9440	4.18276
9442	4.18174
9444	4.18097
9446	4.17999
9448	4.17978
9450	4.18009
9452	4.18103
9454	4.17943
9456	4.18095
9458	4.18216
9460	4.18094
9462	4.18159
9464	4.18127
9466	4.17797
9468	4.17526
9470	4.17661
9472	4.17845
9474	4.17911
9476	4.17858
9478	4.17866
9480	4.17798
9482	4.17816
9484	4.17596
9486	4.17599
9488	4.17712
9490	4.178
9492	4.17629
9494	4.17594
9496	4.17613
9498	4.17668
9500	4.17563
9502	4.17489
9504	4.17653
9506	4.17729
9508	4.17782
9510	4.17628
9512	4.17457
9514	4.17405
9516	4.17478
9518	4.17407
9520	4.17434
9522	4.17615
9524	4.1762
9526	4.17604
9528	4.17569
9530	4.17477
9532	4.1735
9534	4.1727
9536	4.17108
9538	4.17194
9540	4.17366
9542	4.17256
9544	4.1717
9546	4.17175
9548	4.17272
9550	4.17274
9552	4.17161
9554	4.17045
9556	4.1704
9558	4.16967
9560	4.16892
9562	4.17013
9564	4.17111
9566	4.17151
9568	4.17055
9570	4.16984
9572	4.16983
9574	4.17122
9576	4.17186
9578	4.17113
9580	4.16933
9582	4.16836
9584	4.1702
9586	4.16966
9588	4.16874
9590	4.16825
9592	4.16866
9594	4.16974
9596	4.1692
9598	4.1696
9600	4.16911
9602	4.16802
9604	4.16731
9606	4.16679
9608	4.16633
9610	4.16854
9612	4.16827
9614	4.16864
9616	4.16845
9618	4.16919
9620	4.16925
9622	4.16682
9624	4.16832
9626	4.1678
9628	4.16886
9630	4.16854
9632	4.16802
9634	4.16847
9636	4.16824
9638	4.16815
9640	4.16584
9642	4.16503
9644	4.165
9646	4.16459
9648	4.16424
9650	4.16357
9652	4.16264
9654	4.16308
9656	4.16432
9658	4.16446
9660	4.16377
9662	4.16218
9664	4.16137
9666	4.16269
9668	4.16237
9670	4.16251
9672	4.16103
9674	4.16067
9676	4.162
9678	4.16341
9680	4.16305
9682	4.16311
9684	4.16288
9686	4.1631
9688	4.16239
9690	4.16362
9692	4.16557
9694	4.16445
9696	4.16181
9698	4.16023
9700	4.16066
9702	4.16114
9704	4.16165
9706	4.16245
9708	4.16233
9710	4.16121
9712	4.16083
9714	4.16055
9716	4.15976
9718	4.15972
9720	4.15933
9722	4.15936
9724	4.16015
9726	4.16098
9728	4.16113
9730	4.16703
9732	4.20342
9734	4.26638
9736	4.34294
9738	4.42066
9740	4.49504
9742	4.56065
9744	4.62175
9746	4.67795
9748	4.72412
9750	4.76528
9752	4.80018
9754	4.83108
9756	4.85802
9758	4.87519
9760	4.86215
9762	4.81914
9764	4.76
9766	4.69524
9768	4.63304
9770	4.57571
9772	4.52455
9774	4.47638
9776	4.43432
9778	4.39797
9780	4.3672
9782	4.34015
9784	4.31587
9786	4.29589
9788	4.27882
9790	4.263
9792	4.24977
9794	4.23859
9796	4.22788
9798	4.21846
9800	4.21103
9802	4.20336
9804	4.19688
9806	4.19336
9808	4.19047
9810	4.18483
9812	4.18154
9814	4.17896
9816	4.17618
9818	4.173
9820	4.17034
9822	4.16963
9824	4.16989
9826	4.16789
9828	4.16423
9830	4.16266
9832	4.16298
9834	4.16161
9836	4.15992
9838	4.15864
9840	4.15655
9842	4.1557
9844	4.15421
9846	4.15248
9848	4.15152
9850	4.15067
9852	4.14933
9854	4.14755
9856	4.14756
9858	4.14865
9860	4.1485
9862	4.14732
9864	4.14541
9866	4.14419
9868	4.14464
9870	4.14384
9872	4.1418
9874	4.14152
9876	4.14303
9878	4.14559
9880	4.14457
9882	4.14344
9884	4.14285
9886	4.1406
9888	4.1408
9890	4.14177
9892	4.1396
9894	4.139
9896	4.13856
9898	4.13947
9900	4.13875
9902	4.139
9904	4.13921
9906	4.13859
9908	4.13795
9910	4.13955
9912	4.14154
9914	4.14003
9916	4.13949
9918	4.13856
9920	4.13841
9922	4.13789
9924	4.13713
9926	4.13708
9928	4.1372
9930	4.13728
9932	4.13704
9934	4.13749
9936	4.13799
9938	4.13664
9940	4.13554
9942	4.13491
9944	4.13501
9946	4.13476
9948	4.13545
9950	4.13563
9952	4.13688
9954	4.13762
9956	4.1371
9958	4.13718
9960	4.13643
9962	4.13649
9964	4.13884
9966	4.13833
9968	4.13808
9970	4.13699
9972	4.1363
9974	4.13566
9976	4.13559
9978	4.13465
9980	4.13445
9982	4.13498
9984	4.13515
9986	4.1346
9988	4.13371
9990	4.13442
9992	4.1332
9994	4.1301
9996	4.129
9998	4.12781
10000	4.12703
10002	4.12841
10004	4.12742
10006	4.12658
10008	4.12676
10010	4.12639
10012	4.12635
10014	4.12759
10016	4.1285
10018	4.12907
10020	4.12809
10022	4.12864
10024	4.12934
10026	4.12764
10028	4.1256
10030	4.12477
10032	4.12498
10034	4.1241
10036	4.12546
10038	4.12496
10040	4.12547
10042	4.12715
10044	4.12654
10046	4.12549
10048	4.12387
10050	4.12379
10052	4.12465
10054	4.12429
10056	4.12361
10058	4.12471
10060	4.12601
10062	4.12607
10064	4.12613
10066	4.12611
10068	4.12493
10070	4.12581
10072	4.12604
10074	4.12482
10076	4.12422
10078	4.12455
10080	4.12394
10082	4.12368
10084	4.12301
10086	4.12115
10088	4.11994
10090	4.11986
10092	4.12
10094	4.1195
10096	4.11894
10098	4.119
10100	4.12136
10102	4.12199
10104	4.12093
10106	4.12086
10108	4.11954
10110	4.11876
10112	4.11886
10114	4.11709
10116	4.11629
10118	4.11768
10120	4.11866
10122	4.1184
10124	4.11908
10126	4.11801
10128	4.11639
10130	4.11669
10132	4.11732
10134	4.11684
10136	4.11694
10138	4.11691
10140	4.11667
10142	4.11728
10144	4.11791
10146	4.11689
10148	4.11789
10150	4.1186
10152	4.11764
10154	4.11828
10156	4.11751
10158	4.11775
10160	4.11747
10162	4.11707
10164	4.11665
10166	4.11616
10168	4.11671
10170	4.11632
10172	4.11639
10174	4.11528
10176	4.11422
10178	4.11352
10180	4.11259
10182	4.11284
10184	4.1121
10186	4.11215
10188	4.11343
10190	4.11555
10192	4.11562
10194	4.11449
10196	4.11312
10198	4.11351
10200	4.11218
10202	4.112
10204	4.11254
10206	4.11206
10208	4.11095
10210	4.11087
10212	4.11244
10214	4.11278
10216	4.1117
10218	4.11158
10220	4.11122
10222	4.11106
10224	4.11322
10226	4.11285
10228	4.11183
10230	4.1124
10232	4.11278
10234	4.11185
10236	4.11031
10238	4.11096
10240	4.10986
10242	4.11017
10244	4.10852
10246	4.1086
10248	4.10893
10250	4.1087
10252	4.10705
10254	4.10799
10256	4.10832
10258	4.10759
10260	4.10866
10262	4.10975
10264	4.10941
10266	4.10735
10268	4.10829
10270	4.10811
10272	4.10666
10274	4.10568
10276	4.10611
10278	4.10636
10280	4.1065
10282	4.10729
10284	4.10785
10286	4.10636
10288	4.10625
10290	4.1074
10292	4.10805
10294	4.10681
10296	4.10691
10298	4.10756
10300	4.10687
10302	4.10714
10304	4.10713
10306	4.10566
10308	4.10682
10310	4.10637
10312	4.10477
10314	4.10587
10316	4.10565
10318	4.10396
10320	4.10309
10322	4.10288
10324	4.10379
10326	4.10418
10328	4.10374
10330	4.10946
10332	4.14388
10334	4.20482
10336	4.2778
10338	4.3535
10340	4.42765
10342	4.49544
10344	4.55606
10346	4.60924
10348	4.65297
10350	4.69658
10352	4.73464
10354	4.76502
10356	4.78986
10358	4.81036
10360	4.80133
10362	4.75981
10364	4.70544
10366	4.644
10368	4.58455
10370	4.52849
10372	4.47561
10374	4.42819
10376	4.38462
10378	4.34644
10380	4.31492
10382	4.28657
10384	4.26114
10386	4.24048
10388	4.22275
10390	4.20753
10392	4.19451
10394	4.18423
10396	4.17428
10398	4.16406
10400	4.15623
10402	4.14836
10404	4.14226
10406	4.13682
10408	4.13187
10410	4.12825
10412	4.1243
10414	4.12099
10416	4.11835
10418	4.11625
10420	4.11349
10422	4.11158
10424	4.10965
10426	4.10684
10428	4.10482
10430	4.10163
10432	4.09792
10434	4.09788
10436	4.09737
10438	4.09469
10440	4.09133
10442	4.09126
10444	4.0915
10446	4.09143
10448	4.09134
10450	4.09208
10452	4.09066
10454	4.0892
10456	4.08887
10458	4.08749
10460	4.08582
10462	4.08587
10464	4.08749
10466	4.08744
10468	4.08698
10470	4.08752
10472	4.08533
10474	4.0862
10476	4.08652
10478	4.0858
10480	4.08567
10482	4.08354
10484	4.08358
10486	4.08417
10488	4.08221
10490	4.0819
10492	4.08076
10494	4.07934
10496	4.07882
10498	4.08163
10500	4.08277
10502	4.08367
10504	4.08228
10506	4.08012
10508	4.08062
10510	4.08261
10512	4.08258
10514	4.0819
10516	4.08303
10518	4.08299
10520	4.08196
10522	4.08093
10524	4.079
10526	4.07703
10528	4.07648
10530	4.07796
10532	4.07894
10534	4.07885
10536	4.07782
10538	4.07912
10540	4.08005
10542	4.07866
10544	4.07703
10546	4.07616
10548	4.07726
10550	4.07742
10552	4.07903
10554	4.07823
10556	4.07657
10558	4.07559
10560	4.07581
10562	4.07507
10564	4.07483
10566	4.07345
10568	4.07299
10570	4.07245
10572	4.07198
10574	4.07236
10576	4.07437
10578	4.07506
10580	4.07432
10582	4.07235
10584	4.07167
10586	4.07035
10588	4.07052
10590	4.0715
10592	4.07103
10594	4.07205
10596	4.07185
10598	4.07292
10600	4.07202
10602	4.07158
10604	4.06807
10606	4.06848
10608	4.07019
10610	4.06992
10612	4.07066
10614	4.07035
10616	4.06949
10618	4.06927
10620	4.06964
10622	4.06896
10624	4.06947
10626	4.06973
10628	4.06938
10630	4.06937
10632	4.06931
10634	4.06902
10636	4.06766
10638	4.07076
10640	4.07139
10642	4.07129
10644	4.07277
10646	4.07374
10648	4.07175
10650	4.06955
10652	4.06836
10654	4.06938
10656	4.0676
10658	4.06751
10660	4.06781
10662	4.06726
10664	4.06575
10666	4.0676
10668	4.06778
10670	4.06633
10672	4.06541
10674	4.06578
10676	4.06529
10678	4.06593
10680	4.06656
10682	4.06586
10684	4.0655
10686	4.06546
10688	4.06581
10690	4.06628
10692	4.06659
10694	4.06513
10696	4.06482
10698	4.06504
10700	4.06524
10702	4.06365
10704	4.06386
10706	4.06397
10708	4.06459
10710	4.06286
10712	4.06286
10714	4.06296
10716	4.06158
10718	4.06157
10720	4.06278
10722	4.06446
10724	4.0638
10726	4.06182
10728	4.06119
10730	4.0616
10732	4.0611
10734	4.06121
10736	4.06184
10738	4.06173
10740	4.06289
10742	4.06283
10744	4.06262
10746	4.06198
10748	4.06075
10750	4.06042
10752	4.06062
10754	4.05957
10756	4.05842
10758	4.05842
10760	4.05884
10762	4.05886
10764	4.05931
10766	4.05962
10768	4.05809
10770	4.05534
10772	4.05539
10774	4.05827
10776	4.05845
10778	4.05795
10780	4.05761
10782	4.05831
10784	4.05771
10786	4.05641
10788	4.05526
10790	4.05647
10792	4.05572
10794	4.05468
10796	4.05546
10798	4.0548
10800	4.05251
10802	4.05116
10804	4.05075
10806	4.05082
10808	4.05068
10810	4.05086
10812	4.05108
10814	4.05035
10816	4.05008
10818	4.04811
10820	4.04763
10822	4.04636
10824	4.04667
10826	4.04816
10828	4.04871
10830	4.04769
10832	4.04892
10834	4.0507
10836	4.05106
10838	4.04896
10840	4.04865
10842	4.04903
10844	4.04953
10846	4.0497
10848	4.04881
10850	4.04932
10852	4.05111
10854	4.05108
10856	4.04979
10858	4.04755
10860	4.04897
10862	4.05079
10864	4.0495
10866	4.04813
10868	4.04828
10870	4.05074
10872	4.05152
10874	4.0523
10876	4.05185
10878	4.05206
10880	4.05052
10882	4.04923
10884	4.04835
10886	4.04948
10888	4.04839
10890	4.04625
10892	4.04696
10894	4.04862
10896	4.04766
10898	4.04701
10900	4.04831
10902	4.04825
10904	4.04854
10906	4.04939
10908	4.05034
10910	4.05137
10912	4.05025
10914	4.04915
10916	4.04919
10918	4.04999
10920	4.04989
10922	4.04835
10924	4.04877
10926	4.04783
10928	4.04578
10930	4.04984
10932	4.08106
10934	4.13819
10936	4.21072
10938	4.28407
10940	4.35703
10942	4.4222
10944	4.48446
10946	4.53901
10948	4.58686
10950	4.62655
10952	4.66414
10954	4.69586
10956	4.72167
10958	4.74188
10960	4.73714
10962	4.7001
10964	4.64636
10966	4.58775
10968	4.52805
10970	4.47018
10972	4.41662
10974	4.36838
10976	4.32528
10978	4.2879
10980	4.25527
10982	4.22835
10984	4.2028
10986	4.18065
10988	4.16309
10990	4.14675
10992	4.13254
10994	4.12026
10996	4.11025
10998	4.10151
11000	4.09372
11002	4.08825
11004	4.08185
11006	4.07554
11008	4.07185
11010	4.0666
11012	4.06266
11014	4.06091
11016	4.05901
11018	4.05383
11020	4.05126
11022	4.04973
11024	4.04858
11026	4.04786
11028	4.04643
11030	4.04339
11032	4.04189
11034	4.04075
11036	4.03979
11038	4.03782
11040	4.03655
11042	4.03596
11044	4.03445
11046	4.03319
11048	4.03195
11050	4.03139
11052	4.02916
11054	4.02891
11056	4.02834
11058	4.02883
11060	4.02778
11062	4.02658
11064	4.02764
11066	4.02691
11068	4.02683
11070	4.02743
11072	4.02829
11074	4.02608
11076	4.02594
11078	4.02503
11080	4.02297
11082	4.02287
11084	4.02278
11086	4.02212
11088	4.02144
11090	4.02242
11092	4.02117
11094	4.01946
11096	4.01758
11098	4.01729
11100	4.01649
11102	4.01643
11104	4.01661
11106	4.01672
11108	4.01593
11110	4.01599
11112	4.01663
11114	4.01771
11116	4.01665
11118	4.01463
11120	4.01387
11122	4.01429
11124	4.01347
11126	4.01473
11128	4.01393
11130	4.01282
11132	4.01452
11134	4.01472
11136	4.0137
11138	4.01408
11140	4.01657
11142	4.01707
11144	4.01598
11146	4.01567
11148	4.01564
11150	4.01495
11152	4.01436
11154	4.01498
11156	4.01424
11158	4.01342
11160	4.01297
11162	4.01408
11164	4.01347
11166	4.012
11168	4.01071
11170	4.01059
11172	4.00968
11174	4.01154
11176	4.01332
11178	4.01377
11180	4.01205
11182	4.01134
11184	4.01153
11186	4.01121
11188	4.01129
11190	4.01019
11192	4.01038
11194	4.00991
11196	4.00953
11198	4.00875
11200	4.00773
11202	4.00916
11204	4.00918
11206	4.00829
11208	4.00792
11210	4.0076
11212	4.00706
11214	4.00748
11216	4.00691
11218	4.00751
11220	4.00912
11222	4.00948
11224	4.00731
11226	4.00565
11228	4.00367
11230	4.00471
11232	4.00573
11234	4.00682
11236	4.00768
11238	4.00679
11240	4.00519
11242	4.00606
11244	4.00728
11246	4.00621
11248	4.00609
11250	4.00685
11252	4.00558
11254	4.00375
11256	4.00354
11258	4.00321
11260	4.00277
11262	4.00396
11264	4.00393
11266	4.00172
11268	3.99995
11270	4.00066
11272	4.00194
11274	4.00347
11276	4.00341
11278	4.00259
11280	4.00316
11282	4.0022
11284	4.00132
11286	4.00242
11288	4.00505
11290	4.00639
11292	4.00508
11294	4.00516
11296	4.00375
11298	4.00312
11300	4.00358
11302	4.0021
11304	4.00266
11306	4.00275
11308	4.00159
11310	4.00222
11312	4.00348
11314	4.00307
11316	4.0016
11318	3.99977
11320	4.00111
11322	4.00127
11324	4.0005
11326	3.99956
11328	3.99769
11330	3.99673
11332	3.99751
11334	3.99748
11336	3.99686
11338	3.99585
11340	3.99554
11342	3.99808
11344	3.99928
11346	3.99755
11348	3.99775
11350	3.99834
11352	3.99688
11354	3.99613
11356	3.99659
11358	3.99655
11360	3.99773
11362	3.99779
11364	3.99688
11366	3.99591
11368	3.9959
11370	3.99801
11372	3.99841
11374	3.99845
11376	3.99724
11378	3.99752
11380	3.99634
11382	3.99498
11384	3.99499
11386	3.99456
11388	3.99453
11390	3.99485
11392	3.99499
11394	3.99423
11396	3.99233
11398	3.99224
11400	3.99353
11402	3.99444
11404	3.99226
11406	3.99184
11408	3.99193
11410	3.99346
11412	3.99466
11414	3.99461
11416	3.99306
11418	3.99093
11420	3.99134
11422	3.99052
11424	3.99046
11426	3.99052
11428	3.99041
11430	3.99139
11432	3.99242
11434	3.99261
11436	3.99216
11438	3.99256
11440	3.99162
11442	3.9912
11444	3.99071
11446	3.98953
11448	3.99002
11450	3.99178
11452	3.99193
11454	3.99215
11456	3.99141
11458	3.98968
11460	3.98896
11462	3.98892
11464	3.99088
11466	3.99045
11468	3.98915
11470	3.98917
11472	3.99001
11474	3.99044
11476	3.99
11478	3.98956
11480	3.98774
11482	3.98578
11484	3.9864
11486	3.98953
11488	3.98988
11490	3.98889
11492	3.98758
11494	3.98551
11496	3.98479
11498	3.98495
11500	3.98576
11502	3.98457
11504	3.98336
11506	3.98468
11508	3.98693
11510	3.98799
11512	3.98688
11514	3.98695
11516	3.98645
11518	3.98484
11520	3.9833
11522	3.98632
11524	3.98804
11526	3.98766
11528	3.98835
11530	3.98768
11532	4.01006
11534	4.06467
11536	4.13339
11538	4.20559
11540	4.27715
11542	4.346
11544	4.40795
11546	4.46421
11548	4.51324
11550	4.55474
11552	4.59154
11554	4.62299
11556	4.65022
11558	4.67319
11560	4.67323
11562	4.63995
11564	4.58548
11566	4.52536
11568	4.46639
11570	4.4091
11572	4.35586
11574	4.30663
11576	4.26449
11578	4.22719
11580	4.1956
11582	4.16573
11584	4.1402
11586	4.11694
11588	4.09678
11590	4.08096
11592	4.06812
11594	4.05535
11596	4.04222
11598	4.03451
11600	4.02851
11602	4.02156
11604	4.01497
11606	4.00904
11608	4.00374
11610	3.99954
11612	3.99626
11614	3.99333
11616	3.99008
11618	3.98947
11620	3.98599
11622	3.98256
11624	3.9803
11626	3.98119
11628	3.98023
11630	3.97571
11632	3.9733
11634	3.97347
11636	3.97417
11638	3.97274
11640	3.97154
11642	3.96897
11644	3.9677
11646	3.96566
11648	3.96426
11650	3.96468
11652	3.96394
11654	3.96325
11656	3.9615
11658	3.961
11660	3.96208
11662	3.96186
11664	3.96075
11666	3.9608
11668	3.95994
11670	3.95815
11672	3.95915
11674	3.95919
11676	3.95909
11678	3.95999
11680	3.96023
11682	3.96072
11684	3.95847
11686	3.95678
11688	3.95735
11690	3.95596
11692	3.9544
11694	3.95442
11696	3.95456
11698	3.95612
11700	3.95615
11702	3.95494
11704	3.95419
11706	3.95608
11708	3.95578
11710	3.954
11712	3.95346
11714	3.95167
11716	3.95113
11718	3.9521
11720	3.95163
11722	3.9521
11724	3.95183
11726	3.95178
11728	3.95145
11730	3.95103
11732	3.95132
11734	3.95022
11736	3.9493
11738	3.9483
11740	3.94774
11742	3.94857
11744	3.94739
11746	3.9499
11748	3.94963
11750	3.94897
11752	3.94982
11754	3.94905
11756	3.94853
11758	3.94962
11760	3.94849
11762	3.9474
11764	3.94645
11766	3.94612
11768	3.9481
11770	3.94964
11772	3.94947
11774	3.94595
11776	3.94301
11778	3.94389
11780	3.94533
11782	3.94536
11784	3.94446
11786	3.94458
11788	3.94564
11790	3.94625
11792	3.94586
11794	3.94601
11796	3.94507
11798	3.94458
11800	3.94472
11802	3.94387
11804	3.94267
11806	3.94243
11808	3.94146
11810	3.94083
11812	3.94056
11814	3.93972
11816	3.9406
11818	3.94142
11820	3.94213
11822	3.94218
11824	3.94106
11826	3.94109
11828	3.94276
11830	3.94312
11832	3.94273
11834	3.94405
11836	3.94376
11838	3.94305
11840	3.9446
11842	3.94541
11844	3.94509
11846	3.94358
11848	3.94291
11850	3.94102
11852	3.94156
11854	3.94263
11856	3.94178
11858	3.94041
11860	3.94003
11862	3.94063
11864	3.94082
11866	3.94072
11868	3.94036
11870	3.94143
11872	3.94316
11874	3.94157
11876	3.94109
11878	3.94177
11880	3.94076
11882	3.93904
11884	3.93856
11886	3.93852
11888	3.94061
11890	3.94137
11892	3.93933
11894	3.93956
11896	3.93958
11898	3.94043
11900	3.94064
11902	3.93947
11904	3.93852
11906	3.93782
11908	3.9378
11910	3.93719
11912	3.93581
11914	3.93573
11916	3.9361
11918	3.93766
11920	3.93749
11922	3.93725
11924	3.93834
11926	3.93868
11928	3.93606
11930	3.93548
11932	3.93613
11934	3.93667
11936	3.93606
11938	3.93534
11940	3.93395
11942	3.93221
11944	3.933
11946	3.93373
11948	3.93316
11950	3.93417
11952	3.93538
11954	3.93388
11956	3.93304
11958	3.93418
11960	3.93396
11962	3.93364
11964	3.93505
11966	3.93334
11968	3.93164
11970	3.92927
11972	3.92962
11974	3.93148
11976	3.93181
11978	3.93042
11980	3.93206
11982	3.9334
11984	3.93294
11986	3.93128
11988	3.93055
11990	3.92972
11992	3.92984
11994	3.92873
11996	3.92797
11998	3.92848
12000	3.92897
12002	3.92738
12004	3.92671
12006	3.92753
12008	3.92733
12010	3.92754
12012	3.92917
12014	3.93045
12016	3.93084
12018	3.93122
12020	3.92928
12022	3.9271
12024	3.92678
12026	3.92676
12028	3.92598
12030	3.9262
12032	3.92664
12034	3.92556
12036	3.92622
12038	3.92603
12040	3.92593
12042	3.92573
12044	3.92664
12046	3.92666
12048	3.9261
12050	3.92463
12052	3.92468
12054	3.92705
12056	3.92805
12058	3.92745
12060	3.92636
12062	3.92524
12064	3.92712
12066	3.92757
12068	3.9275
12070	3.92578
12072	3.92612
12074	3.92647
12076	3.92454
12078	3.92187
12080	3.92136
12082	3.92181
12084	3.92195
12086	3.92187
12088	3.92148
12090	3.9208
12092	3.92248
12094	3.92332
12096	3.9226
12098	3.921
12100	3.92178
12102	3.92146
12104	3.92159
12106	3.92204
12108	3.92182
12110	3.92173
12112	3.92243
12114	3.9207
12116	3.92026
12118	3.92002
12120	3.92004
12122	3.92037
12124	3.92119
12126	3.92171
