time	cp
2	8.56183
4	8.56186
6	8.5606
8	8.5595
10	8.55973
12	8.55847
14	8.55862
16	8.55971
18	8.5602
20	8.56021
22	8.56035
24	8.56099
26	8.56189
28	8.56304
30	8.56274
32	8.56251
34	8.56201
36	8.56198
38	8.56191
40	8.56225
42	8.56283
44	8.5635
46	8.56435
48	8.56566
50	8.56513
52	8.56527
54	8.56487
56	8.56516
58	8.56647
60	8.56866
62	8.56763
64	8.56746
66	8.56738
68	8.56838
70	8.5685
72	8.56869
74	8.56896
76	8.56876
78	8.56833
80	8.56722
82	8.56663
84	8.56676
86	8.56744
88	8.56885
90	8.56854
92	8.56771
94	8.56745
96	8.56885
98	8.56877
100	8.56879
102	8.56866
104	8.56743
106	8.56555
108	8.56517
110	8.56518
112	8.56488
114	8.56389
116	8.56237
118	8.56203
120	8.56087
122	8.55945
124	8.52735
126	8.25113
128	7.6806
130	6.93212
132	6.10504
134	5.29063
136	4.52727
138	3.84262
140	3.2349
142	2.70906
144	2.26469
146	1.89702
148	1.59256
150	1.34695
152	1.15379
154	1.11366
156	1.30867
158	1.68134
160	2.15987
162	2.67591
164	3.18815
166	3.67424
168	4.12363
170	4.53049
172	4.8939
174	5.21598
176	5.50061
178	5.75182
180	5.97312
182	6.16502
184	6.33222
186	6.47788
188	6.60438
190	6.71445
192	6.80964
194	6.89253
196	6.96495
198	7.02864
200	7.08365
202	7.13199
204	7.17472
206	7.21434
208	7.25061
210	7.28248
212	7.31114
214	7.33852
216	7.36354
218	7.38731
220	7.40828
222	7.42839
224	7.44813
226	7.46707
228	7.48439
230	7.50054
232	7.51569
234	7.53083
236	7.54606
238	7.55987
240	7.57233
242	7.58345
244	7.59412
246	7.60456
248	7.61506
250	7.62503
252	7.63373
254	7.64222
256	7.65092
258	7.65958
260	7.66754
262	7.67528
264	7.68366
266	7.69222
268	7.70122
270	7.70861
272	7.71516
274	7.72157
276	7.72807
278	7.73429
280	7.74011
282	7.74646
284	7.75313
286	7.75979
288	7.76633
290	7.77187
292	7.77631
294	7.78272
296	7.78805
298	7.79276
300	7.79681
302	7.80198
304	7.80703
306	7.81311
308	7.81926
310	7.82318
312	7.82629
314	7.83029
316	7.83499
318	7.83898
320	7.84347
322	7.84725
324	7.85076
326	7.85507
328	7.85941
330	7.86325
332	7.86678
334	7.86993
336	7.87292
338	7.87649
340	7.87923
342	7.8828
344	7.8858
346	7.88912
348	7.89274
350	7.89723
352	7.90102
354	7.9036
356	7.90605
358	7.90948
360	7.91212
362	7.91525
364	7.9178
366	7.92091
368	7.92363
370	7.92684
372	7.93176
374	7.93623
376	7.93944
378	7.94223
380	7.94437
382	7.94729
384	7.94962
386	7.95279
388	7.95652
390	7.95872
392	7.96067
394	7.9628
396	7.96585
398	7.96882
400	7.9719
402	7.97453
404	7.97783
406	7.98015
408	7.98195
410	7.98278
412	7.98444
414	7.98811
416	7.99123
418	7.99411
420	7.99559
422	7.99722
424	7.99943
426	8.00201
428	8.00466
430	8.00807
432	8.01061
434	8.0135
436	8.01574
438	8.01745
440	8.02082
442	8.02313
444	8.02526
446	8.0263
448	8.02986
450	8.03275
452	8.03583
454	8.03851
456	8.04041
458	8.04149
460	8.04466
462	8.0481
464	8.05004
466	8.05287
468	8.05753
470	8.06177
472	8.06548
474	8.06886
476	8.0718
478	8.07623
480	8.08078
482	8.08493
484	8.0898
486	8.09442
488	8.09949
490	8.10559
492	8.11042
494	8.11448
496	8.12059
498	8.12594
500	8.13041
502	8.13554
504	8.13941
506	8.1435
508	8.1481
510	8.15318
512	8.15744
514	8.16285
516	8.1682
518	8.17416
520	8.18018
522	8.18586
524	8.19192
526	8.19779
528	8.20316
530	8.20932
532	8.21494
534	8.22027
536	8.22586
538	8.22926
540	8.23252
542	8.23694
544	8.24019
546	8.24361
548	8.24595
550	8.24708
552	8.24884
554	8.2524
556	8.25524
558	8.25736
560	8.25846
562	8.25925
564	8.26034
566	8.26177
568	8.26481
570	8.26641
572	8.26728
574	8.26922
576	8.26975
578	8.27032
580	8.27171
582	8.27317
584	8.27608
586	8.27753
588	8.27783
590	8.27914
592	8.2806
594	8.28102
596	8.28209
598	8.28362
600	8.28549
602	8.28556
604	8.28649
606	8.28725
608	8.2879
610	8.28951
612	8.29122
614	8.292
616	8.29244
618	8.29242
620	8.29313
622	8.29349
624	8.29331
626	8.29486
628	8.2961
630	8.29632
632	8.29742
634	8.29817
636	8.2993
638	8.29984
640	8.30113
642	8.30185
644	8.30151
646	8.30086
648	8.30227
650	8.30291
652	8.30432
654	8.30516
656	8.30633
658	8.30753
660	8.30856
662	8.30794
664	8.30829
666	8.30862
668	8.30963
670	8.31148
672	8.31265
674	8.31341
676	8.31371
678	8.31405
680	8.31431
682	8.31473
684	8.31507
686	8.31537
688	8.31451
690	8.3145
692	8.31588
694	8.31735
696	8.31784
698	8.31768
700	8.31827
702	8.31821
704	8.31849
706	8.31971
708	8.32028
710	8.3204
712	8.32058
714	8.32125
716	8.32146
718	8.32396
720	8.32428
722	8.32395
724	8.30912
726	8.11245
728	7.65321
730	7.04338
732	6.36957
734	5.69899
736	5.07172
738	4.49997
740	3.9959
742	3.55815
744	3.18762
746	2.87856
748	2.62442
750	2.41849
752	2.26236
754	2.21144
756	2.35794
758	2.66337
760	3.06712
762	3.51047
764	3.95143
766	4.36836
768	4.75291
770	5.10103
772	5.41425
774	5.69445
776	5.94225
778	6.16096
780	6.35357
782	6.52283
784	6.67063
786	6.79941
788	6.91008
790	7.00593
792	7.08965
794	7.16286
796	7.22729
798	7.28279
800	7.33185
802	7.37617
804	7.41586
806	7.44886
808	7.48027
810	7.51051
812	7.53782
814	7.56231
816	7.58478
818	7.60592
820	7.6253
822	7.64248
824	7.66012
826	7.67655
828	7.69022
830	7.70342
832	7.71568
834	7.72884
836	7.74188
838	7.75238
840	7.76136
842	7.77129
844	7.7813
846	7.7901
848	7.7988
850	7.80674
852	7.81428
854	7.82149
856	7.82813
858	7.83567
860	7.84196
862	7.84729
864	7.8524
866	7.85738
868	7.86223
870	7.86665
872	7.87194
874	7.87673
876	7.88157
878	7.88603
880	7.88932
882	7.89278
884	7.89622
886	7.90007
888	7.9048
890	7.90816
892	7.91164
894	7.91452
896	7.91769
898	7.92169
900	7.92529
902	7.92922
904	7.93237
906	7.93582
908	7.93883
910	7.9411
912	7.94212
914	7.94483
916	7.94681
918	7.94869
920	7.95182
922	7.95397
924	7.95602
926	7.9587
928	7.96098
930	7.96409
932	7.96624
934	7.96905
936	7.97071
938	7.972
940	7.97574
942	7.97861
944	7.98027
946	7.98235
948	7.98407
950	7.98663
952	7.98921
954	7.99036
956	7.99101
958	7.99397
960	7.99646
962	7.99897
964	8.00082
966	8.00154
968	8.00314
970	8.00438
972	8.00539
974	8.00642
976	8.00843
978	8.01087
980	8.01254
982	8.01453
984	8.01622
986	8.01761
988	8.01915
990	8.0212
992	8.02209
994	8.02281
996	8.02432
998	8.0275
1000	8.03104
1002	8.03244
1004	8.03466
1006	8.03645
1008	8.03784
1010	8.03943
1012	8.04083
1014	8.04173
1016	8.04324
1018	8.04464
1020	8.04549
1022	8.0471
1024	8.04885
1026	8.05026
1028	8.05187
1030	8.0539
1032	8.05649
1034	8.05828
1036	8.05912
1038	8.06133
1040	8.06332
1042	8.06413
1044	8.06524
1046	8.06726
1048	8.06834
1050	8.06954
1052	8.07091
1054	8.07304
1056	8.07412
1058	8.07537
1060	8.07738
1062	8.07915
1064	8.0814
1066	8.08378
1068	8.08579
1070	8.08838
1072	8.0909
1074	8.09392
1076	8.09688
1078	8.09819
1080	8.10112
1082	8.10453
1084	8.10888
1086	8.11166
1088	8.11395
1090	8.11696
1092	8.1206
1094	8.12433
1096	8.12799
1098	8.13222
1100	8.13631
1102	8.14107
1104	8.14556
1106	8.14936
1108	8.1528
1110	8.15667
1112	8.16037
1114	8.16515
1116	8.17098
1118	8.17585
1120	8.17981
1122	8.18458
1124	8.19043
1126	8.19503
1128	8.1997
1130	8.20403
1132	8.20922
1134	8.21375
1136	8.21932
1138	8.22504
1140	8.22943
1142	8.23406
1144	8.23745
1146	8.24097
1148	8.24423
1150	8.24805
1152	8.25157
1154	8.25489
1156	8.25728
1158	8.26031
1160	8.26204
1162	8.26314
1164	8.26559
1166	8.26923
1168	8.27153
1170	8.27258
1172	8.27407
1174	8.27514
1176	8.27577
1178	8.27633
1180	8.27739
1182	8.27898
1184	8.27975
1186	8.28026
1188	8.28186
1190	8.28384
1192	8.28533
1194	8.28643
1196	8.28799
1198	8.28907
1200	8.29068
1202	8.29224
1204	8.29269
1206	8.29344
1208	8.29453
1210	8.29467
1212	8.29412
1214	8.2943
1216	8.29477
1218	8.29433
1220	8.29456
1222	8.29428
1224	8.29521
1226	8.29679
1228	8.29783
1230	8.29862
1232	8.29963
1234	8.29994
1236	8.30032
1238	8.30105
1240	8.3023
1242	8.30293
1244	8.30444
1246	8.30571
1248	8.30595
1250	8.30757
1252	8.30836
1254	8.30846
1256	8.30862
1258	8.30916
1260	8.30955
1262	8.30966
1264	8.30818
1266	8.30656
1268	8.30578
1270	8.30602
1272	8.30608
1274	8.30568
1276	8.30593
1278	8.30592
1280	8.3057
1282	8.30561
1284	8.30626
1286	8.30618
1288	8.30674
1290	8.30731
1292	8.30815
1294	8.30936
1296	8.30998
1298	8.31003
1300	8.31039
1302	8.31129
1304	8.31155
1306	8.31285
1308	8.31372
1310	8.31369
1312	8.31375
1314	8.31339
1316	8.31438
1318	8.31568
1320	8.3164
1322	8.31582
1324	8.30453
1326	8.1517
1328	7.77229
1330	7.2584
1332	6.68631
1334	6.11427
1336	5.57701
1338	5.09427
1340	4.66791
1342	4.29887
1344	3.98441
1346	3.72057
1348	3.50112
1350	3.32454
1352	3.17866
1354	3.12068
1356	3.22886
1358	3.47402
1360	3.80719
1362	4.18185
1364	4.55951
1366	4.91918
1368	5.25379
1370	5.55861
1372	5.8323
1374	6.07803
1376	6.29595
1378	6.48909
1380	6.65759
1382	6.80382
1384	6.93107
1386	7.04138
1388	7.13718
1390	7.22133
1392	7.29426
1394	7.35662
1396	7.41139
1398	7.4604
1400	7.5038
1402	7.54255
1404	7.57663
1406	7.60812
1408	7.63663
1410	7.66256
1412	7.68682
1414	7.70817
1416	7.72817
1418	7.74694
1420	7.76331
1422	7.7785
1424	7.79375
1426	7.80672
1428	7.8186
1430	7.83057
1432	7.84151
1434	7.85237
1436	7.8625
1438	7.87163
1440	7.88036
1442	7.88872
1444	7.89423
1446	7.90175
1448	7.91025
1450	7.9174
1452	7.92273
1454	7.92816
1456	7.93393
1458	7.93896
1460	7.94359
1462	7.94771
1464	7.95208
1466	7.95591
1468	7.95904
1470	7.96338
1472	7.96734
1474	7.97138
1476	7.97504
1478	7.97858
1480	7.98163
1482	7.98372
1484	7.98558
1486	7.98752
1488	7.99074
1490	7.99325
1492	7.9962
1494	7.99834
1496	8.00039
1498	8.00171
1500	8.00315
1502	8.00494
1504	8.00697
1506	8.00978
1508	8.01264
1510	8.01626
1512	8.01783
1514	8.01916
1516	8.02139
1518	8.0232
1520	8.02581
1522	8.02849
1524	8.02983
1526	8.03157
1528	8.03451
1530	8.03769
1532	8.04083
1534	8.04309
1536	8.04373
1538	8.04591
1540	8.04757
1542	8.05005
1544	8.05165
1546	8.05283
1548	8.05421
1550	8.0548
1552	8.05658
1554	8.05767
1556	8.05835
1558	8.05982
1560	8.06053
1562	8.06239
1564	8.06378
1566	8.06489
1568	8.06644
1570	8.06809
1572	8.06894
1574	8.07095
1576	8.07187
1578	8.07307
1580	8.07376
1582	8.07502
1584	8.07684
1586	8.07828
1588	8.08037
1590	8.08261
1592	8.08352
1594	8.08523
1596	8.08721
1598	8.08853
1600	8.08981
1602	8.09107
1604	8.09198
1606	8.09312
1608	8.09406
1610	8.09554
1612	8.09655
1614	8.09765
1616	8.09846
1618	8.09927
1620	8.10083
1622	8.10292
1624	8.10379
1626	8.10417
1628	8.10478
1630	8.10624
1632	8.10687
1634	8.10726
1636	8.10869
1638	8.11045
1640	8.11164
1642	8.11293
1644	8.11329
1646	8.11477
1648	8.11596
1650	8.11671
1652	8.11706
1654	8.11786
1656	8.1193
1658	8.1211
1660	8.12203
1662	8.12364
1664	8.12642
1666	8.12711
1668	8.1279
1670	8.12991
1672	8.13211
1674	8.13302
1676	8.13491
1678	8.1383
1680	8.14107
1682	8.1428
1684	8.14395
1686	8.14653
1688	8.14931
1690	8.15155
1692	8.1535
1694	8.15613
1696	8.15868
1698	8.16115
1700	8.16476
1702	8.16705
1704	8.16911
1706	8.17352
1708	8.1769
1710	8.17937
1712	8.18294
1714	8.18722
1716	8.18991
1718	8.19395
1720	8.19759
1722	8.2019
1724	8.20742
1726	8.2116
1728	8.21705
1730	8.22193
1732	8.22537
1734	8.22946
1736	8.2338
1738	8.23806
1740	8.24246
1742	8.24704
1744	8.25095
1746	8.2545
1748	8.25828
1750	8.26149
1752	8.26545
1754	8.27013
1756	8.27363
1758	8.27704
1760	8.28219
1762	8.28707
1764	8.29111
1766	8.29308
1768	8.29469
1770	8.29656
1772	8.29837
1774	8.29831
1776	8.29858
1778	8.3004
1780	8.30151
1782	8.30154
1784	8.30168
1786	8.30328
1788	8.30364
1790	8.30536
1792	8.30617
1794	8.30677
1796	8.30878
1798	8.3102
1800	8.31092
1802	8.31101
1804	8.31113
1806	8.31177
1808	8.31219
1810	8.31397
1812	8.31427
1814	8.31474
1816	8.31601
1818	8.31646
1820	8.31861
1822	8.32054
1824	8.32158
1826	8.32118
1828	8.32026
1830	8.32152
1832	8.32272
1834	8.32333
1836	8.32373
1838	8.32607
1840	8.32725
1842	8.32664
1844	8.32596
1846	8.32551
1848	8.32638
1850	8.3268
1852	8.32643
1854	8.32542
1856	8.32462
1858	8.32412
1860	8.32418
1862	8.32454
1864	8.32528
1866	8.32478
1868	8.32461
1870	8.32495
1872	8.325
1874	8.3247
1876	8.32516
1878	8.32451
1880	8.32455
1882	8.32409
1884	8.32455
1886	8.32519
1888	8.32674
1890	8.32799
1892	8.32761
1894	8.32753
1896	8.32737
1898	8.32774
1900	8.32814
1902	8.329
1904	8.32878
1906	8.32813
1908	8.32756
1910	8.32735
1912	8.328
1914	8.32775
1916	8.32779
1918	8.32983
1920	8.33031
1922	8.32964
1924	8.32465
1926	8.21652
1928	7.91486
1930	7.48794
1932	6.9964
1934	6.49717
1936	6.02912
1938	5.60269
1940	5.22435
1942	4.89631
1944	4.61606
1946	4.37592
1948	4.18053
1950	4.03055
1952	3.92239
1954	3.87188
1956	3.95333
1958	4.15405
1960	4.43475
1962	4.75316
1964	5.07509
1966	5.38224
1968	5.66531
1970	5.92111
1972	6.15133
1974	6.35485
1976	6.53353
1978	6.6922
1980	6.83184
1982	6.95512
1984	7.06289
1986	7.15779
1988	7.24011
1990	7.31134
1992	7.37457
1994	7.4299
1996	7.47914
1998	7.52389
2000	7.56317
2002	7.59881
2004	7.63157
2006	7.66096
2008	7.68693
2010	7.71116
2012	7.73368
2014	7.75418
2016	7.77304
2018	7.79112
2020	7.80849
2022	7.82454
2024	7.83988
2026	7.85416
2028	7.86612
2030	7.87777
2032	7.88852
2034	7.89778
2036	7.90794
2038	7.91899
2040	7.92844
2042	7.93729
2044	7.94509
2046	7.95197
2048	7.95816
2050	7.964
2052	7.96898
2054	7.97513
2056	7.98061
2058	7.98539
2060	7.99046
2062	7.99425
2064	8.00023
2066	8.00413
2068	8.00733
2070	8.01103
2072	8.01378
2074	8.01698
2076	8.01865
2078	8.02148
2080	8.02539
2082	8.02984
2084	8.03316
2086	8.03668
2088	8.03867
2090	8.04043
2092	8.04241
2094	8.04408
2096	8.04435
2098	8.04388
2100	8.04378
2102	8.04381
2104	8.04441
2106	8.04502
2108	8.04611
2110	8.04728
2112	8.04913
2114	8.05059
2116	8.05208
2118	8.05358
2120	8.05583
2122	8.05838
2124	8.05925
2126	8.06053
2128	8.06257
2130	8.06567
2132	8.06891
2134	8.06997
2136	8.07147
2138	8.07372
2140	8.07613
2142	8.0777
2144	8.07949
2146	8.08075
2148	8.08151
2150	8.08338
2152	8.08492
2154	8.08642
2156	8.08804
2158	8.09002
2160	8.09107
2162	8.09182
2164	8.09265
2166	8.09383
2168	8.09525
2170	8.09664
2172	8.09861
2174	8.10068
2176	8.10318
2178	8.10364
2180	8.10388
2182	8.10509
2184	8.10596
2186	8.10647
2188	8.10757
2190	8.1082
2192	8.10943
2194	8.10963
2196	8.10983
2198	8.11032
2200	8.11069
2202	8.11245
2204	8.11328
2206	8.11287
2208	8.11402
2210	8.11496
2212	8.11492
2214	8.1152
2216	8.1168
2218	8.11852
2220	8.12001
2222	8.12078
2224	8.12121
2226	8.12225
2228	8.12345
2230	8.12374
2232	8.12387
2234	8.12507
2236	8.12621
2238	8.12686
2240	8.12803
2242	8.13001
2244	8.13122
2246	8.13171
2248	8.13118
2250	8.13208
2252	8.13409
2254	8.13638
2256	8.13763
2258	8.13914
2260	8.1393
2262	8.13999
2264	8.14159
2266	8.14275
2268	8.14333
2270	8.1451
2272	8.14758
2274	8.14961
2276	8.15101
2278	8.15331
2280	8.1552
2282	8.15666
2284	8.1585
2286	8.16029
2288	8.16214
2290	8.16541
2292	8.16984
2294	8.17232
2296	8.1761
2298	8.17928
2300	8.18216
2302	8.18447
2304	8.18626
2306	8.18799
2308	8.1899
2310	8.19244
2312	8.19413
2314	8.1959
2316	8.19811
2318	8.20002
2320	8.20281
2322	8.20628
2324	8.21013
2326	8.21387
2328	8.21764
2330	8.22161
2332	8.22582
2334	8.22993
2336	8.23444
2338	8.23874
2340	8.24406
2342	8.24861
2344	8.25277
2346	8.25701
2348	8.26157
2350	8.26582
2352	8.26896
2354	8.27161
2356	8.27421
2358	8.27919
2360	8.283
2362	8.28472
2364	8.28791
2366	8.28958
2368	8.2923
2370	8.2952
2372	8.29588
2374	8.29633
2376	8.29723
2378	8.29876
2380	8.30138
2382	8.30432
2384	8.30613
2386	8.30821
2388	8.31068
2390	8.31344
2392	8.31541
2394	8.31714
2396	8.31831
2398	8.31849
2400	8.31924
2402	8.32018
2404	8.32124
2406	8.32134
2408	8.32182
2410	8.32144
2412	8.32104
2414	8.32098
2416	8.3218
2418	8.32348
2420	8.32514
2422	8.32633
2424	8.32766
2426	8.32938
2428	8.33112
2430	8.33032
2432	8.33102
2434	8.33216
2436	8.33081
2438	8.33167
2440	8.333
2442	8.33361
2444	8.33436
2446	8.3352
2448	8.33522
2450	8.33512
2452	8.33515
2454	8.33586
2456	8.3365
2458	8.33732
2460	8.33727
2462	8.33765
2464	8.33818
2466	8.33755
2468	8.33817
2470	8.33893
2472	8.33931
2474	8.33867
2476	8.33941
2478	8.34023
2480	8.3413
2482	8.34174
2484	8.34206
2486	8.34273
2488	8.3432
2490	8.34383
2492	8.34385
2494	8.34454
2496	8.34521
2498	8.34577
2500	8.34566
2502	8.34614
2504	8.34628
2506	8.34665
2508	8.34663
2510	8.34653
2512	8.34652
2514	8.34614
2516	8.34653
2518	8.34709
2520	8.34691
2522	8.34684
2524	8.3433
2526	8.26552
2528	8.01507
2530	7.65102
2532	7.22881
2534	6.79646
2536	6.38309
2538	6.00918
2540	5.67651
2542	5.38725
2544	5.14046
2546	4.93161
2548	4.75941
2550	4.61859
2552	4.50523
2554	4.44357
2556	4.49999
2558	4.66834
2560	4.91176
2562	5.19146
2564	5.47837
2566	5.75399
2568	6.00912
2570	6.24294
2572	6.4549
2574	6.64455
2576	6.81124
2578	6.95854
2580	7.08814
2582	7.19968
2584	7.29702
2586	7.38195
2588	7.45527
2590	7.51871
2592	7.57443
2594	7.62339
2596	7.66501
2598	7.70076
2600	7.73402
2602	7.7634
2604	7.79082
2606	7.81472
2608	7.8357
2610	7.85527
2612	7.87267
2614	7.88852
2616	7.90465
2618	7.91954
2620	7.933
2622	7.94413
2624	7.95485
2626	7.96525
2628	7.9743
2630	7.98287
2632	7.99219
2634	8.00024
2636	8.00756
2638	8.01435
2640	8.0208
2642	8.02702
2644	8.03287
2646	8.03764
2648	8.04324
2650	8.04768
2652	8.0523
2654	8.05711
2656	8.06222
2658	8.0653
2660	8.06833
2662	8.07179
2664	8.07646
2666	8.07953
2668	8.08266
2670	8.08594
2672	8.08861
2674	8.09245
2676	8.09532
2678	8.09783
2680	8.1005
2682	8.10279
2684	8.10484
2686	8.10741
2688	8.10972
2690	8.11123
2692	8.11265
2694	8.11474
2696	8.11637
2698	8.11797
2700	8.11991
2702	8.12164
2704	8.1229
2706	8.12406
2708	8.12515
2710	8.12626
2712	8.12592
2714	8.12689
2716	8.12886
2718	8.13038
2720	8.13194
2722	8.13377
2724	8.13523
2726	8.13745
2728	8.13937
2730	8.13958
2732	8.14061
2734	8.14201
2736	8.14247
2738	8.14275
2740	8.14306
2742	8.14358
2744	8.14446
2746	8.14607
2748	8.14829
2750	8.14893
2752	8.1495
2754	8.15029
2756	8.15227
2758	8.15359
2760	8.15313
2762	8.15364
2764	8.15393
2766	8.15441
2768	8.15531
2770	8.15672
2772	8.15856
2774	8.15869
2776	8.15865
2778	8.15771
2780	8.15785
2782	8.1592
2784	8.15938
2786	8.16114
2788	8.16211
2790	8.16252
2792	8.16353
2794	8.16432
2796	8.16495
2798	8.16711
2800	8.16973
2802	8.17169
2804	8.17261
2806	8.17168
2808	8.17215
2810	8.17227
2812	8.17348
2814	8.17379
2816	8.17535
2818	8.1761
2820	8.17594
2822	8.17692
2824	8.17812
2826	8.17812
2828	8.17896
2830	8.18083
2832	8.1815
2834	8.18285
2836	8.18252
2838	8.18271
2840	8.18386
2842	8.18539
2844	8.1872
2846	8.1879
2848	8.18833
2850	8.1879
2852	8.18855
2854	8.18897
2856	8.18806
2858	8.18864
2860	8.19032
2862	8.19098
2864	8.19063
2866	8.19162
2868	8.19381
2870	8.19469
2872	8.19604
2874	8.19724
2876	8.1976
2878	8.19721
2880	8.19701
2882	8.19767
2884	8.19905
2886	8.20022
2888	8.20186
2890	8.20263
2892	8.20366
2894	8.20512
2896	8.20635
2898	8.20914
2900	8.21198
2902	8.2143
2904	8.21539
2906	8.2168
2908	8.21747
2910	8.21946
2912	8.22176
2914	8.22295
2916	8.2245
2918	8.22806
2920	8.23035
2922	8.2325
2924	8.23415
2926	8.23719
2928	8.24047
2930	8.24335
2932	8.2463
2934	8.24865
2936	8.25274
2938	8.25785
2940	8.26114
2942	8.2638
2944	8.26609
2946	8.26993
2948	8.27305
2950	8.27583
2952	8.27885
2954	8.28258
2956	8.28712
2958	8.29113
2960	8.29526
2962	8.29842
2964	8.3029
2966	8.30594
2968	8.30933
2970	8.31252
2972	8.31508
2974	8.31931
2976	8.32281
2978	8.326
2980	8.33006
2982	8.33302
2984	8.33353
2986	8.33587
2988	8.33811
2990	8.33939
2992	8.34114
2994	8.34282
2996	8.34474
2998	8.34597
3000	8.34749
3002	8.34966
3004	8.3509
3006	8.35153
3008	8.35209
3010	8.35366
3012	8.35553
3014	8.35659
3016	8.35771
3018	8.3597
3020	8.3613
3022	8.36159
3024	8.36174
3026	8.36299
3028	8.36403
3030	8.3646
3032	8.36538
3034	8.36626
3036	8.36652
3038	8.36659
3040	8.36591
3042	8.36659
3044	8.36672
3046	8.36643
3048	8.36721
3050	8.36788
3052	8.36841
3054	8.36988
3056	8.37091
3058	8.37122
3060	8.37163
3062	8.37119
3064	8.37051
3066	8.37018
3068	8.37143
3070	8.3717
3072	8.37099
3074	8.37061
3076	8.37072
3078	8.37104
3080	8.36993
3082	8.37005
3084	8.37126
3086	8.37162
3088	8.37066
3090	8.37021
3092	8.37081
3094	8.37123
3096	8.37147
3098	8.37232
3100	8.37206
3102	8.37188
3104	8.37075
3106	8.37088
3108	8.37222
3110	8.3721
3112	8.37314
3114	8.37339
3116	8.37351
3118	8.37362
3120	8.37369
3122	8.37356
3124	8.37152
3126	8.31449
3128	8.11441
3130	7.80763
3132	7.44603
3134	7.0716
3136	6.71382
3138	6.38473
3140	6.0911
3142	5.83514
3144	5.61572
3146	5.4305
3148	5.27764
3150	5.1516
3152	5.05172
3154	4.98912
3156	5.02177
3158	5.1555
3160	5.35876
3162	5.5994
3164	5.84982
3166	6.09104
3168	6.3156
3170	6.52082
3172	6.70594
3174	6.87069
3176	7.01678
3178	7.14563
3180	7.25752
3182	7.35492
3184	7.43942
3186	7.5125
3188	7.57691
3190	7.63163
3192	7.67978
3194	7.72248
3196	7.7597
3198	7.79178
3200	7.81961
3202	7.84448
3204	7.86818
3206	7.88886
3208	7.90805
3210	7.92595
3212	7.9415
3214	7.95534
3216	7.96793
3218	7.98051
3220	7.99127
3222	8.00158
3224	8.01019
3226	8.0189
3228	8.02776
3230	8.0353
3232	8.04335
3234	8.05146
3236	8.05801
3238	8.06456
3240	8.07099
3242	8.0761
3244	8.08026
3246	8.08578
3248	8.09094
3250	8.09547
3252	8.09935
3254	8.10286
3256	8.10594
3258	8.10965
3260	8.11363
3262	8.11844
3264	8.12139
3266	8.12325
3268	8.12603
3270	8.12844
3272	8.13053
3274	8.13297
3276	8.13529
3278	8.13757
3280	8.14045
3282	8.14177
3284	8.14367
3286	8.14529
3288	8.14641
3290	8.14829
3292	8.15024
3294	8.15236
3296	8.15355
3298	8.15437
3300	8.15582
3302	8.15793
3304	8.158
3306	8.15853
3308	8.15981
3310	8.1606
3312	8.16192
3314	8.16369
3316	8.16526
3318	8.16646
3320	8.16787
3322	8.16823
3324	8.16977
3326	8.17194
3328	8.17268
3330	8.17376
3332	8.17586
3334	8.17659
3336	8.17783
3338	8.17906
3340	8.17876
3342	8.17869
3344	8.17941
3346	8.18073
3348	8.18134
3350	8.18164
3352	8.18245
3354	8.18366
3356	8.18445
3358	8.18484
3360	8.1861
3362	8.18783
3364	8.18814
3366	8.18814
3368	8.18907
3370	8.19068
3372	8.19271
3374	8.19423
3376	8.19568
3378	8.19748
3380	8.19858
3382	8.19963
3384	8.20004
3386	8.20048
3388	8.20171
3390	8.20109
3392	8.20227
3394	8.2015
3396	8.20148
3398	8.20236
3400	8.20374
3402	8.20373
3404	8.20401
3406	8.20422
3408	8.20559
3410	8.20544
3412	8.20638
3414	8.20824
3416	8.20983
3418	8.21014
3420	8.21054
3422	8.21149
3424	8.21219
3426	8.212
3428	8.21194
3430	8.21326
3432	8.21443
3434	8.21467
3436	8.21433
3438	8.21553
3440	8.21626
3442	8.21681
3444	8.2165
3446	8.21728
3448	8.21877
3450	8.21925
3452	8.22103
3454	8.22342
3456	8.22376
3458	8.22493
3460	8.22705
3462	8.22791
3464	8.22784
3466	8.22806
3468	8.22866
3470	8.22828
3472	8.22861
3474	8.22915
3476	8.2295
3478	8.23024
3480	8.23038
3482	8.23205
3484	8.23386
3486	8.23554
3488	8.23619
3490	8.23705
3492	8.23769
3494	8.23798
3496	8.23817
3498	8.23919
3500	8.24084
3502	8.24234
3504	8.24299
3506	8.24418
3508	8.24562
3510	8.24709
3512	8.24834
3514	8.24955
3516	8.25056
3518	8.25116
3520	8.25229
3522	8.25301
3524	8.2557
3526	8.25787
3528	8.26081
3530	8.2623
3532	8.26397
3534	8.26577
3536	8.26777
3538	8.27114
3540	8.27366
3542	8.27656
3544	8.27944
3546	8.28286
3548	8.28687
3550	8.28983
3552	8.29282
3554	8.29621
3556	8.29913
3558	8.30302
3560	8.30659
3562	8.3099
3564	8.3134
3566	8.31619
3568	8.31922
3570	8.32233
3572	8.3266
3574	8.33078
3576	8.33358
3578	8.33736
3580	8.34088
3582	8.34486
3584	8.34723
3586	8.34989
3588	8.35335
3590	8.35754
3592	8.36135
3594	8.36555
3596	8.36948
3598	8.37223
3600	8.37371
3602	8.37503
3604	8.37726
3606	8.37823
3608	8.37956
3610	8.38195
3612	8.38349
3614	8.38505
3616	8.38613
3618	8.38737
3620	8.38695
3622	8.38681
3624	8.3878
3626	8.38809
3628	8.38783
3630	8.38847
3632	8.38944
3634	8.39015
3636	8.38815
3638	8.38731
3640	8.38809
3642	8.38851
3644	8.38805
3646	8.3886
3648	8.38823
3650	8.38829
3652	8.38809
3654	8.38896
3656	8.38788
3658	8.38731
3660	8.38688
3662	8.38746
3664	8.389
3666	8.3892
3668	8.38847
3670	8.38871
3672	8.38929
3674	8.39053
3676	8.39139
3678	8.39146
3680	8.3912
3682	8.39122
3684	8.39109
3686	8.39108
3688	8.39211
3690	8.39276
3692	8.39287
3694	8.39307
3696	8.39361
3698	8.39424
3700	8.3946
3702	8.39468
3704	8.39369
3706	8.39333
3708	8.39303
3710	8.39357
3712	8.39456
3714	8.39486
3716	8.39686
3718	8.39836
3720	8.39726
3722	8.39543
3724	8.39353
3726	8.35612
3728	8.19829
3730	7.94156
3732	7.63193
3734	7.30721
3736	6.99507
3738	6.7077
3740	6.45133
3742	6.22914
3744	6.03843
3746	5.87376
3748	5.73604
3750	5.62459
3752	5.53458
3754	5.47436
3756	5.4905
3758	5.59486
3760	5.76405
3762	5.96837
3764	6.18217
3766	6.38995
3768	6.58478
3770	6.76371
3772	6.92492
3774	7.06891
3776	7.19656
3778	7.30967
3780	7.40776
3782	7.49456
3784	7.57015
3786	7.63464
3788	7.69205
3790	7.74245
3792	7.78649
3794	7.82388
3796	7.85644
3798	7.88512
3800	7.91094
3802	7.93434
3804	7.95434
3806	7.97233
3808	7.98907
3810	8.00318
3812	8.01699
3814	8.02856
3816	8.03974
3818	8.05012
3820	8.0602
3822	8.06937
3824	8.0781
3826	8.08497
3828	8.09219
3830	8.09937
3832	8.10528
3834	8.11152
3836	8.11683
3838	8.1225
3840	8.1274
3842	8.13106
3844	8.13426
3846	8.13876
3848	8.14234
3850	8.14496
3852	8.14854
3854	8.15259
3856	8.15639
3858	8.15784
3860	8.16118
3862	8.16317
3864	8.16593
3866	8.16853
3868	8.17151
3870	8.17361
3872	8.17578
3874	8.17807
3876	8.18127
3878	8.18406
3880	8.18498
3882	8.18673
3884	8.18961
3886	8.19126
3888	8.19209
3890	8.19368
3892	8.19499
3894	8.1951
3896	8.19529
3898	8.19623
3900	8.19794
3902	8.19837
3904	8.19894
3906	8.19911
3908	8.19967
3910	8.2008
3912	8.2012
3914	8.2021
3916	8.20237
3918	8.20293
3920	8.20416
3922	8.2044
3924	8.20519
3926	8.20544
3928	8.2059
3930	8.20674
3932	8.20892
3934	8.21086
3936	8.21221
3938	8.21171
3940	8.21168
3942	8.21164
3944	8.21322
3946	8.21373
3948	8.21547
3950	8.21563
3952	8.2142
3954	8.21463
3956	8.21516
3958	8.21497
3960	8.2152
3962	8.21614
3964	8.21667
3966	8.21728
3968	8.21752
3970	8.2171
3972	8.21752
3974	8.2178
3976	8.21816
3978	8.21888
3980	8.21969
3982	8.22075
3984	8.22047
3986	8.22103
3988	8.22076
3990	8.22032
3992	8.22097
3994	8.22189
3996	8.22174
3998	8.22318
4000	8.22408
4002	8.22425
4004	8.22425
4006	8.22471
4008	8.22634
4010	8.22729
4012	8.22686
4014	8.22735
4016	8.22831
4018	8.22875
4020	8.22954
4022	8.23028
4024	8.23035
4026	8.23023
4028	8.2302
4030	8.23014
4032	8.22928
4034	8.23039
4036	8.23126
4038	8.23244
4040	8.2333
4042	8.23306
4044	8.23437
4046	8.23576
4048	8.23618
4050	8.2374
4052	8.23868
4054	8.23936
4056	8.24061
4058	8.2415
4060	8.24381
4062	8.24405
4064	8.2442
4066	8.24492
4068	8.24506
4070	8.24634
4072	8.24793
4074	8.24909
4076	8.25032
4078	8.24997
4080	8.25111
4082	8.25152
4084	8.25257
4086	8.25458
4088	8.25496
4090	8.25613
4092	8.25709
4094	8.25736
4096	8.25925
4098	8.26085
4100	8.26171
4102	8.26144
4104	8.26172
4106	8.26294
4108	8.26425
4110	8.26519
4112	8.26521
4114	8.26549
4116	8.26679
4118	8.26827
4120	8.26797
4122	8.26793
4124	8.26799
4126	8.26871
4128	8.27089
4130	8.27223
4132	8.27319
4134	8.27513
4136	8.27769
4138	8.27971
4140	8.28188
4142	8.28436
4144	8.28675
4146	8.28976
4148	8.29277
4150	8.29414
4152	8.29693
4154	8.29997
4156	8.30179
4158	8.30494
4160	8.3076
4162	8.3097
4164	8.31193
4166	8.31438
4168	8.31704
4170	8.31982
4172	8.32223
4174	8.32544
4176	8.32866
4178	8.33184
4180	8.33526
4182	8.33782
4184	8.34046
4186	8.34289
4188	8.34562
4190	8.34856
4192	8.35173
4194	8.35504
4196	8.35771
4198	8.35975
4200	8.3634
4202	8.36669
4204	8.37118
4206	8.37379
4208	8.37452
4210	8.37659
4212	8.37885
4214	8.38161
4216	8.38397
4218	8.38608
4220	8.38797
4222	8.38983
4224	8.39228
4226	8.39392
4228	8.39536
4230	8.39699
4232	8.39888
4234	8.39944
4236	8.40012
4238	8.40125
4240	8.40144
4242	8.40182
4244	8.40287
4246	8.40474
4248	8.40569
4250	8.40641
4252	8.40697
4254	8.40684
4256	8.40695
4258	8.40659
4260	8.4072
4262	8.40841
4264	8.40921
4266	8.40856
4268	8.40798
4270	8.40813
4272	8.40762
4274	8.40788
4276	8.40772
4278	8.4083
4280	8.40776
4282	8.40795
4284	8.4089
4286	8.40907
4288	8.40923
4290	8.40954
4292	8.40914
4294	8.409
4296	8.41018
4298	8.41021
4300	8.41098
4302	8.41221
4304	8.41281
4306	8.41442
4308	8.41461
4310	8.41541
4312	8.41588
4314	8.41591
4316	8.41658
4318	8.4166
4320	8.41647
4322	8.41785
4324	8.41879
4326	8.39306
4328	8.27086
4330	8.06145
4332	7.80336
4334	7.5276
4336	7.25751
4338	7.00649
4340	6.78196
4342	6.58582
4344	6.41711
4346	6.27268
4348	6.14901
4350	6.04777
4352	5.9667
4354	5.9081
4356	5.91076
4358	5.99031
4360	6.12765
4362	6.29966
4364	6.48201
4366	6.6595
4368	6.8268
4370	6.98176
4372	7.12029
4374	7.24439
4376	7.35491
4378	7.4531
4380	7.53939
4382	7.61456
4384	7.67916
4386	7.73621
4388	7.78645
4390	7.82986
4392	7.8682
4394	7.90101
4396	7.92949
4398	7.95514
4400	7.97609
4402	7.99511
4404	8.01192
4406	8.02657
4408	8.04206
4410	8.05637
4412	8.06803
4414	8.07778
4416	8.08634
4418	8.09387
4420	8.1017
4422	8.11018
4424	8.11752
4426	8.12332
4428	8.12899
4430	8.13497
4432	8.13982
4434	8.14303
4436	8.14709
4438	8.15163
4440	8.15704
4442	8.16165
4444	8.16477
4446	8.16775
4448	8.17023
4450	8.17332
4452	8.17568
4454	8.17874
4456	8.18235
4458	8.18467
4460	8.18647
4462	8.18784
4464	8.19009
4466	8.19173
4468	8.19313
4470	8.19509
4472	8.19636
4474	8.19797
4476	8.19959
4478	8.2012
4480	8.20229
4482	8.2029
4484	8.20449
4486	8.20473
4488	8.20665
4490	8.2068
4492	8.20683
4494	8.20888
4496	8.2099
4498	8.21154
4500	8.21445
4502	8.2163
4504	8.21667
4506	8.21679
4508	8.2185
4510	8.22017
4512	8.22154
4514	8.2224
4516	8.22339
4518	8.22323
4520	8.22404
4522	8.2245
4524	8.22456
4526	8.2246
4528	8.22597
4530	8.22723
4532	8.22813
4534	8.22934
4536	8.22983
4538	8.23113
4540	8.23168
4542	8.23102
4544	8.23332
4546	8.23466
4548	8.23456
4550	8.23402
4552	8.23457
4554	8.23553
4556	8.23672
4558	8.23631
4560	8.23595
4562	8.23588
4564	8.23561
4566	8.23659
4568	8.23723
4570	8.23828
4572	8.23688
4574	8.23689
4576	8.23683
4578	8.23687
4580	8.2377
4582	8.23718
4584	8.23928
4586	8.23999
4588	8.24155
4590	8.24173
4592	8.24187
4594	8.24174
4596	8.2421
4598	8.2436
4600	8.24408
4602	8.24526
4604	8.24579
4606	8.24633
4608	8.24696
4610	8.24616
4612	8.24644
4614	8.24851
4616	8.24983
4618	8.25113
4620	8.25169
4622	8.25139
4624	8.25193
4626	8.25264
4628	8.25298
4630	8.25269
4632	8.25358
4634	8.2539
4636	8.25388
4638	8.2548
4640	8.25545
4642	8.25541
4644	8.25497
4646	8.25524
4648	8.25717
4650	8.25798
4652	8.25892
4654	8.25891
4656	8.25936
4658	8.26019
4660	8.26041
4662	8.26076
4664	8.2613
4666	8.26118
4668	8.26143
4670	8.26257
4672	8.26373
4674	8.26478
4676	8.26539
4678	8.26526
4680	8.26677
4682	8.26725
4684	8.26717
4686	8.26692
4688	8.26792
4690	8.26851
4692	8.2702
4694	8.27138
4696	8.27279
4698	8.2744
4700	8.27577
4702	8.27609
4704	8.27665
4706	8.27812
4708	8.27925
4710	8.28007
4712	8.27991
4714	8.27968
4716	8.28056
4718	8.28205
4720	8.283
4722	8.28375
4724	8.28523
4726	8.2865
4728	8.28754
4730	8.2891
4732	8.29076
4734	8.29279
4736	8.29542
4738	8.29657
4740	8.29738
4742	8.29883
4744	8.29934
4746	8.30109
4748	8.30257
4750	8.30423
4752	8.30608
4754	8.30922
4756	8.31114
4758	8.31155
4760	8.31275
4762	8.31461
4764	8.3155
4766	8.31645
4768	8.31888
4770	8.321
4772	8.32337
4774	8.32663
4776	8.32834
4778	8.33093
4780	8.33357
4782	8.33733
4784	8.34053
4786	8.34285
4788	8.34525
4790	8.34789
4792	8.35078
4794	8.35432
4796	8.358
4798	8.36235
4800	8.36594
4802	8.3685
4804	8.37082
4806	8.37366
4808	8.37631
4810	8.37935
4812	8.38172
4814	8.38501
4816	8.38788
4818	8.38991
4820	8.39222
4822	8.39368
4824	8.39656
4826	8.39995
4828	8.40182
4830	8.4029
4832	8.4041
4834	8.40601
4836	8.4071
4838	8.40853
4840	8.40888
4842	8.40963
4844	8.41021
4846	8.41211
4848	8.4136
4850	8.41538
4852	8.41518
4854	8.41628
4856	8.41835
4858	8.41856
4860	8.41846
4862	8.41911
4864	8.42094
4866	8.42202
4868	8.42205
4870	8.42155
4872	8.42105
4874	8.42223
4876	8.42296
4878	8.42396
4880	8.42382
4882	8.42386
4884	8.42477
4886	8.42546
4888	8.42475
4890	8.42542
4892	8.4261
4894	8.42514
4896	8.42511
4898	8.4255
4900	8.42555
4902	8.4244
4904	8.42311
4906	8.42289
4908	8.42334
4910	8.42339
4912	8.42416
4914	8.42509
4916	8.42605
4918	8.42544
4920	8.42441
4922	8.42431
4924	8.42474
4926	8.40913
4928	8.3159
4930	8.14391
4932	7.92641
4934	7.69119
4936	7.45651
4938	7.2389
4940	7.04398
4942	6.872
4944	6.7227
4946	6.59621
4948	6.48845
4950	6.39889
4952	6.32509
4954	6.26838
4956	6.25655
4958	6.31233
4960	6.42255
4962	6.56488
4964	6.7199
4966	6.87355
4968	7.01828
4970	7.15129
4972	7.27268
4974	7.38226
4976	7.47941
4978	7.56562
4980	7.64005
4982	7.7064
4984	7.76308
4986	7.8114
4988	7.85541
4990	7.89265
4992	7.92459
4994	7.95265
4996	7.9779
4998	7.99961
5000	8.01936
5002	8.03634
5004	8.05132
5006	8.06486
5008	8.07531
5010	8.08523
5012	8.09635
5014	8.1057
5016	8.1146
5018	8.12246
5020	8.12987
5022	8.13577
5024	8.14126
5026	8.14696
5028	8.15262
5030	8.15711
5032	8.16168
5034	8.16632
5036	8.17046
5038	8.17516
5040	8.17868
5042	8.18076
5044	8.18372
5046	8.18646
5048	8.19009
5050	8.19339
5052	8.19546
5054	8.1979
5056	8.20092
5058	8.20322
5060	8.20522
5062	8.20618
5064	8.20691
5066	8.20928
5068	8.2107
5070	8.21159
5072	8.21301
5074	8.21362
5076	8.21541
5078	8.2164
5080	8.21708
5082	8.21807
5084	8.21887
5086	8.22054
5088	8.22178
5090	8.22397
5092	8.22524
5094	8.22605
5096	8.2267
5098	8.22846
5100	8.22949
5102	8.23016
5104	8.23191
5106	8.2332
5108	8.23293
5110	8.23366
5112	8.23423
5114	8.23443
5116	8.23549
5118	8.23542
5120	8.23615
5122	8.23685
5124	8.23731
5126	8.23814
5128	8.23974
5130	8.24129
5132	8.24206
5134	8.24247
5136	8.24383
5138	8.24469
5140	8.24505
5142	8.24518
5144	8.24506
5146	8.24599
5148	8.24559
5150	8.24591
5152	8.24689
5154	8.24688
5156	8.24723
5158	8.24844
5160	8.24889
5162	8.24941
5164	8.2506
5166	8.25144
5168	8.25149
5170	8.25155
5172	8.25089
5174	8.25198
5176	8.25388
5178	8.25413
5180	8.25437
5182	8.25486
5184	8.25427
5186	8.25469
5188	8.25604
5190	8.25672
5192	8.2566
5194	8.25861
5196	8.25936
5198	8.25931
5200	8.25931
5202	8.2589
5204	8.25806
5206	8.25825
5208	8.25956
5210	8.25954
5212	8.25978
5214	8.26038
5216	8.26068
5218	8.25911
5220	8.25998
5222	8.26092
5224	8.26051
5226	8.26034
5228	8.26058
5230	8.26156
5232	8.26225
5234	8.26313
5236	8.26273
5238	8.2632
5240	8.26455
5242	8.26436
5244	8.26446
5246	8.26569
5248	8.26609
5250	8.26591
5252	8.26687
5254	8.26658
5256	8.26687
5258	8.26846
5260	8.26924
5262	8.26937
5264	8.26885
5266	8.26938
5268	8.27015
5270	8.27156
5272	8.27191
5274	8.27298
5276	8.27381
5278	8.27241
5280	8.27352
5282	8.27494
5284	8.27525
5286	8.27546
5288	8.27549
5290	8.2763
5292	8.27635
5294	8.27575
5296	8.27665
5298	8.27779
5300	8.27779
5302	8.27791
5304	8.27826
5306	8.27809
5308	8.27849
5310	8.27961
5312	8.28125
5314	8.28236
5316	8.28205
5318	8.28157
5320	8.28284
5322	8.28196
5324	8.28404
5326	8.28655
5328	8.28714
5330	8.28802
5332	8.29008
5334	8.29273
5336	8.2944
5338	8.2958
5340	8.29634
5342	8.29742
5344	8.29818
5346	8.29986
5348	8.30091
5350	8.30219
5352	8.30277
5354	8.30366
5356	8.30563
5358	8.30881
5360	8.31048
5362	8.31085
5364	8.31208
5366	8.3138
5368	8.31553
5370	8.3174
5372	8.31881
5374	8.32015
5376	8.32272
5378	8.3248
5380	8.32762
5382	8.33029
5384	8.33198
5386	8.33402
5388	8.33651
5390	8.33947
5392	8.34251
5394	8.34555
5396	8.34886
5398	8.35127
5400	8.35412
5402	8.3564
5404	8.35983
5406	8.36348
5408	8.36624
5410	8.36882
5412	8.37067
5414	8.3723
5416	8.37462
5418	8.37678
5420	8.37784
5422	8.38006
5424	8.38226
5426	8.38359
5428	8.38621
5430	8.38821
5432	8.39051
5434	8.39377
5436	8.39617
5438	8.39791
5440	8.40028
5442	8.40091
5444	8.40254
5446	8.40335
5448	8.40453
5450	8.40557
5452	8.40661
5454	8.40864
5456	8.40994
5458	8.41188
5460	8.41235
5462	8.41365
5464	8.41439
5466	8.41429
5468	8.41412
5470	8.41485
5472	8.41604
5474	8.41681
5476	8.418
5478	8.42031
5480	8.42107
5482	8.42118
5484	8.42121
5486	8.42039
5488	8.4203
5490	8.42027
5492	8.41966
5494	8.42003
5496	8.42125
5498	8.42171
5500	8.42186
5502	8.42324
5504	8.42405
5506	8.4229
5508	8.42314
5510	8.42283
5512	8.42201
5514	8.42191
5516	8.42342
5518	8.42417
5520	8.42397
5522	8.42306
5524	8.42328
5526	8.41268
5528	8.3428
5530	8.20335
5532	8.02118
5534	7.81885
5536	7.61612
5538	7.42575
5540	7.25511
5542	7.10336
5544	6.97068
5546	6.85709
5548	6.76346
5550	6.68403
5552	6.61952
5554	6.56918
5556	6.55086
5558	6.5889
5560	6.67537
5562	6.79374
5564	6.92504
5566	7.0573
5568	7.1836
5570	7.30069
5572	7.40711
5574	7.50277
5576	7.58674
5578	7.65966
5580	7.72359
5582	7.78015
5584	7.82949
5586	7.87267
5588	7.91164
5590	7.94369
5592	7.97188
5594	7.99752
5596	8.01864
5598	8.03807
5600	8.05639
5602	8.07217
5604	8.08514
5606	8.09696
5608	8.10722
5610	8.11612
5612	8.12507
5614	8.1327
5616	8.13895
5618	8.14545
5620	8.1513
5622	8.15568
5624	8.15991
5626	8.16524
5628	8.1698
5630	8.17405
5632	8.17874
5634	8.18113
5636	8.1845
5638	8.1867
5640	8.18893
5642	8.19213
5644	8.19395
5646	8.19725
5648	8.1987
5650	8.1994
5652	8.20157
5654	8.20344
5656	8.20503
5658	8.20675
5660	8.2082
5662	8.20964
5664	8.20985
5666	8.20997
5668	8.2113
5670	8.21247
5672	8.21304
5674	8.21404
5676	8.21478
5678	8.21617
5680	8.21706
5682	8.21839
5684	8.21962
5686	8.21979
5688	8.21969
5690	8.22067
5692	8.21919
5694	8.21836
5696	8.21919
5698	8.21999
5700	8.22048
5702	8.2208
5704	8.22131
5706	8.22141
5708	8.2218
5710	8.22324
5712	8.22294
5714	8.22327
5716	8.22438
5718	8.22562
5720	8.2264
5722	8.22767
5724	8.22829
5726	8.23003
5728	8.23165
5730	8.23202
5732	8.23298
5734	8.23393
5736	8.23297
5738	8.23405
5740	8.23425
5742	8.23411
5744	8.23556
5746	8.23731
5748	8.23796
5750	8.23828
5752	8.23868
5754	8.2389
5756	8.23897
5758	8.23956
5760	8.23929
5762	8.24002
5764	8.24108
5766	8.24227
5768	8.2425
5770	8.2429
5772	8.24311
5774	8.24323
5776	8.24379
5778	8.24444
5780	8.24446
5782	8.24531
5784	8.24578
5786	8.24576
5788	8.24589
5790	8.24571
5792	8.244
5794	8.2444
5796	8.2441
5798	8.24355
5800	8.24431
5802	8.24405
5804	8.24275
5806	8.24265
5808	8.24257
5810	8.24221
5812	8.24149
5814	8.24232
5816	8.24379
5818	8.24425
5820	8.24478
5822	8.24468
5824	8.24458
5826	8.24454
5828	8.24498
5830	8.24575
5832	8.24515
5834	8.24481
5836	8.24656
5838	8.24766
5840	8.2489
5842	8.25105
5844	8.2526
5846	8.25527
5848	8.25719
5850	8.25849
5852	8.25982
5854	8.26188
5856	8.2641
5858	8.26511
5860	8.26576
5862	8.26686
5864	8.2682
5866	8.26844
5868	8.26867
5870	8.26913
5872	8.26967
5874	8.27038
5876	8.27083
5878	8.27216
5880	8.27234
5882	8.2727
5884	8.27419
5886	8.2755
5888	8.27654
5890	8.27667
5892	8.27625
5894	8.27745
5896	8.27965
5898	8.28075
5900	8.28206
5902	8.28206
5904	8.28292
5906	8.28395
5908	8.28517
5910	8.28518
5912	8.28464
5914	8.2845
5916	8.28598
5918	8.28707
5920	8.28836
5922	8.28871
5924	8.28936
5926	8.29072
5928	8.29129
5930	8.29178
5932	8.29301
5934	8.29493
5936	8.2957
5938	8.2962
5940	8.29641
5942	8.29658
5944	8.29724
5946	8.29834
5948	8.2987
5950	8.29956
5952	8.29902
5954	8.29984
5956	8.30096
5958	8.30128
5960	8.30239
5962	8.30402
5964	8.30567
5966	8.30717
5968	8.30822
5970	8.31018
5972	8.31291
5974	8.31538
5976	8.31755
5978	8.31976
5980	8.32118
5982	8.3237
5984	8.32703
5986	8.33019
5988	8.33318
5990	8.33552
5992	8.33749
5994	8.33902
5996	8.34135
5998	8.3442
6000	8.34694
6002	8.34861
6004	8.35005
6006	8.35251
6008	8.3559
6010	8.35884
6012	8.36107
6014	8.36329
6016	8.3651
6018	8.3662
6020	8.36648
6022	8.36799
6024	8.36903
6026	8.36934
6028	8.37084
6030	8.37316
6032	8.37465
6034	8.37753
6036	8.38017
6038	8.38142
6040	8.38255
6042	8.38418
6044	8.38634
6046	8.38918
6048	8.3907
6050	8.39089
6052	8.39296
6054	8.39453
6056	8.39627
6058	8.3983
6060	8.39971
6062	8.40053
6064	8.40117
6066	8.40233
6068	8.4038
6070	8.40415
6072	8.405
6074	8.40615
6076	8.40791
6078	8.40871
6080	8.40873
6082	8.40988
6084	8.41063
6086	8.41085
6088	8.4112
6090	8.41075
6092	8.41049
6094	8.41003
6096	8.4104
6098	8.41191
6100	8.41269
6102	8.41277
6104	8.41238
6106	8.41257
6108	8.41307
6110	8.41313
6112	8.41334
6114	8.41461
6116	8.41478
6118	8.41467
6120	8.41509
6122	8.4151
6124	8.41418
6126	8.4074
6128	8.35195
6130	8.23304
6132	8.07583
6134	7.90103
6136	7.72561
6138	7.56139
6140	7.41234
6142	7.27981
6144	7.16441
6146	7.06688
6148	6.98347
6150	6.91258
6152	6.85504
6154	6.80857
6156	6.78936
6158	6.82021
6160	6.89302
6162	6.99323
6164	7.10517
6166	7.21993
6168	7.32799
6170	7.42953
6172	7.5199
6174	7.60121
6176	7.6747
6178	7.73848
6180	7.79417
6182	7.84399
6184	7.88635
6186	7.92433
6188	7.95631
6190	7.98344
6192	8.00815
6194	8.03
6196	8.04883
6198	8.06527
6200	8.07919
6202	8.09086
6204	8.10244
6206	8.11281
6208	8.12142
6210	8.12913
6212	8.13726
6214	8.14392
6216	8.14959
6218	8.15564
6220	8.16127
6222	8.1653
6224	8.16972
6226	8.17473
6228	8.17955
6230	8.1821
6232	8.18403
6234	8.18649
6236	8.18918
6238	8.19196
6240	8.19384
6242	8.19456
6244	8.19664
6246	8.19853
6248	8.20047
6250	8.20219
6252	8.2032
6254	8.20503
6256	8.20666
6258	8.20838
6260	8.20947
6262	8.21142
6264	8.21275
6266	8.21325
6268	8.2141
6270	8.21458
6272	8.2147
6274	8.21629
6276	8.21807
6278	8.21846
6280	8.21873
6282	8.21928
6284	8.21874
6286	8.22021
6288	8.2213
6290	8.22156
6292	8.22121
6294	8.22153
6296	8.22156
6298	8.22164
6300	8.22298
6302	8.22368
6304	8.22488
6306	8.22566
6308	8.22696
6310	8.22677
6312	8.22709
6314	8.22794
6316	8.22832
6318	8.22736
6320	8.22645
6322	8.22677
6324	8.22569
6326	8.22614
6328	8.22709
6330	8.22742
6332	8.22764
6334	8.22811
6336	8.2274
6338	8.22831
6340	8.22802
6342	8.22812
6344	8.22868
6346	8.2287
6348	8.22853
6350	8.22819
6352	8.22749
6354	8.22777
6356	8.22718
6358	8.22656
6360	8.22653
6362	8.22719
6364	8.22678
6366	8.22626
6368	8.22622
6370	8.22626
6372	8.22738
6374	8.22818
6376	8.22893
6378	8.23081
6380	8.2328
6382	8.23438
6384	8.23677
6386	8.23943
6388	8.24112
6390	8.24235
6392	8.24332
6394	8.24412
6396	8.24653
6398	8.24908
6400	8.25214
6402	8.25337
6404	8.25364
6406	8.25499
6408	8.2562
6410	8.25684
6412	8.25726
6414	8.25817
6416	8.25868
6418	8.25846
6420	8.25929
6422	8.25997
6424	8.26073
6426	8.2603
6428	8.26052
6430	8.2615
6432	8.26116
6434	8.26198
6436	8.26314
6438	8.26409
6440	8.26453
6442	8.26551
6444	8.26624
6446	8.26564
6448	8.26542
6450	8.26468
6452	8.26514
6454	8.26552
6456	8.26535
6458	8.26444
6460	8.26385
6462	8.26449
6464	8.26536
6466	8.26627
6468	8.26549
6470	8.2657
6472	8.2668
6474	8.2679
6476	8.26758
6478	8.26807
6480	8.26847
6482	8.26787
6484	8.26882
6486	8.26921
6488	8.27109
6490	8.27195
6492	8.27137
6494	8.27223
6496	8.27327
6498	8.27302
6500	8.27344
6502	8.2744
6504	8.27473
6506	8.2758
6508	8.27731
6510	8.27802
6512	8.27906
6514	8.27947
6516	8.28016
6518	8.28057
6520	8.2817
6522	8.28202
6524	8.28306
6526	8.28305
6528	8.28329
6530	8.28538
6532	8.28764
6534	8.2892
6536	8.2906
6538	8.2921
6540	8.29293
6542	8.29347
6544	8.2941
6546	8.29593
6548	8.29808
6550	8.29875
6552	8.3003
6554	8.30323
6556	8.30578
6558	8.30675
6560	8.30707
6562	8.30781
6564	8.30845
6566	8.30889
6568	8.3099
6570	8.31062
6572	8.31111
6574	8.31246
6576	8.31324
6578	8.31338
6580	8.31403
6582	8.31552
6584	8.31702
6586	8.31746
6588	8.31814
6590	8.31999
6592	8.32225
6594	8.32504
6596	8.32731
6598	8.32975
6600	8.33124
6602	8.33267
6604	8.33407
6606	8.33559
6608	8.3372
6610	8.33886
6612	8.34155
6614	8.34481
6616	8.34756
6618	8.34881
6620	8.35094
6622	8.35407
6624	8.35677
6626	8.35857
6628	8.36018
6630	8.36114
6632	8.36203
6634	8.3635
6636	8.36564
6638	8.36833
6640	8.37056
6642	8.37293
6644	8.37527
6646	8.37754
6648	8.38011
6650	8.3813
6652	8.38299
6654	8.38449
6656	8.38709
6658	8.38974
6660	8.39108
6662	8.39158
6664	8.39321
6666	8.39474
6668	8.39596
6670	8.39679
6672	8.39744
6674	8.39868
6676	8.4
6678	8.40225
6680	8.40341
6682	8.40425
6684	8.40556
6686	8.40642
6688	8.40691
6690	8.40742
6692	8.40839
6694	8.40913
6696	8.40889
6698	8.40959
6700	8.41019
6702	8.41088
6704	8.41179
6706	8.41338
6708	8.41431
6710	8.41501
6712	8.41516
6714	8.41582
6716	8.4158
6718	8.41542
6720	8.41595
6722	8.41613
6724	8.4167
6726	8.41215
6728	8.37078
6730	8.27264
6732	8.13932
6734	7.98883
6736	7.83808
6738	7.69581
6740	7.56548
6742	7.45072
6744	7.34967
6746	7.26172
6748	7.18638
6750	7.12293
6752	7.07137
6754	7.02908
6756	7.00731
6758	7.02652
6760	7.08155
6762	7.16333
6764	7.2565
6766	7.35129
6768	7.44295
6770	7.5276
6772	7.60523
6774	7.67451
6776	7.73631
6778	7.79175
6780	7.84097
6782	7.88253
6784	7.9185
6786	7.94819
6788	7.97481
6790	7.99859
6792	8.01864
6794	8.03674
6796	8.05179
6798	8.065
6800	8.07746
6802	8.0877
6804	8.09856
6806	8.10781
6808	8.1169
6810	8.12488
6812	8.13202
6814	8.13883
6816	8.14472
6818	8.14934
6820	8.15434
6822	8.15943
6824	8.16439
6826	8.16837
6828	8.17261
6830	8.17634
6832	8.17986
6834	8.18298
6836	8.18703
6838	8.18962
6840	8.19218
6842	8.19502
6844	8.19713
6846	8.20021
6848	8.20299
6850	8.20501
6852	8.20692
6854	8.20936
6856	8.21001
6858	8.21217
6860	8.21477
6862	8.21712
6864	8.21955
6866	8.22089
6868	8.22257
6870	8.22457
6872	8.2247
6874	8.2257
6876	8.22682
6878	8.22696
6880	8.22765
6882	8.22885
6884	8.22947
6886	8.23094
6888	8.23155
6890	8.23205
6892	8.23282
6894	8.23288
6896	8.2342
6898	8.23451
6900	8.23531
6902	8.23658
6904	8.23771
6906	8.2383
6908	8.23852
6910	8.23846
6912	8.23924
6914	8.2402
6916	8.24137
6918	8.24164
6920	8.24243
6922	8.24298
6924	8.24332
6926	8.24307
6928	8.24423
6930	8.24498
6932	8.24551
6934	8.24571
6936	8.24675
6938	8.24807
6940	8.24874
6942	8.24892
6944	8.24956
6946	8.25088
6948	8.25146
6950	8.25079
6952	8.25043
6954	8.25191
6956	8.25254
6958	8.2535
6960	8.25327
6962	8.25375
6964	8.25354
6966	8.25313
6968	8.25273
6970	8.25346
6972	8.25428
6974	8.2547
6976	8.25429
6978	8.25355
6980	8.25322
6982	8.25301
6984	8.25268
6986	8.25433
6988	8.25417
6990	8.2541
6992	8.25464
6994	8.25494
6996	8.25486
6998	8.25441
7000	8.25306
7002	8.25181
7004	8.25264
7006	8.25339
7008	8.25313
7010	8.25328
7012	8.25327
7014	8.25329
7016	8.25294
7018	8.25349
7020	8.25404
7022	8.25452
7024	8.2547
7026	8.25539
7028	8.25571
7030	8.25609
7032	8.25557
7034	8.2566
7036	8.25629
7038	8.25565
7040	8.25518
7042	8.25614
7044	8.25786
7046	8.25823
7048	8.25839
7050	8.25837
7052	8.25757
7054	8.25797
7056	8.25887
7058	8.2594
7060	8.25896
7062	8.25826
7064	8.25975
7066	8.26128
7068	8.2614
7070	8.26156
7072	8.26121
7074	8.26157
7076	8.26183
7078	8.26271
7080	8.26416
7082	8.26439
7084	8.26352
7086	8.26481
7088	8.26517
7090	8.26554
7092	8.26641
7094	8.26761
7096	8.26965
7098	8.27042
7100	8.27145
7102	8.27247
7104	8.27337
7106	8.27413
7108	8.27476
7110	8.27552
7112	8.27769
7114	8.27976
7116	8.28106
7118	8.28182
7120	8.28261
7122	8.28385
7124	8.28501
7126	8.2862
7128	8.28646
7130	8.28708
7132	8.28897
7134	8.2906
7136	8.29228
7138	8.29389
7140	8.29467
7142	8.29579
7144	8.29624
7146	8.29721
7148	8.29888
7150	8.29964
7152	8.30088
7154	8.30348
7156	8.30508
7158	8.30539
7160	8.30727
7162	8.3082
7164	8.30973
7166	8.31159
7168	8.31293
7170	8.31396
7172	8.31601
7174	8.31748
7176	8.31941
7178	8.3216
7180	8.32324
7182	8.32468
7184	8.32603
7186	8.32729
7188	8.3297
7190	8.33162
7192	8.33194
7194	8.3338
7196	8.33584
7198	8.33829
7200	8.33972
7202	8.34132
7204	8.34266
7206	8.344
7208	8.34557
7210	8.34774
7212	8.34844
7214	8.35026
7216	8.35175
7218	8.35353
7220	8.35541
7222	8.35761
7224	8.35912
7226	8.36125
7228	8.36338
7230	8.36504
7232	8.36702
7234	8.36918
7236	8.37096
7238	8.37286
7240	8.37668
7242	8.3797
7244	8.38116
7246	8.38367
7248	8.38584
7250	8.38714
7252	8.38834
7254	8.39022
7256	8.39193
7258	8.39394
7260	8.39658
7262	8.39766
7264	8.39877
7266	8.40105
7268	8.40319
7270	8.40525
7272	8.40653
7274	8.40781
7276	8.40993
7278	8.40964
7280	8.4088
7282	8.40925
7284	8.40913
7286	8.40964
7288	8.40951
7290	8.40926
7292	8.40986
7294	8.40901
7296	8.40895
7298	8.40877
7300	8.40931
7302	8.409
7304	8.40954
7306	8.40971
7308	8.40971
7310	8.41043
7312	8.41126
7314	8.41216
7316	8.41227
7318	8.41257
7320	8.41319
7322	8.41374
7324	8.41435
7326	8.41162
7328	8.37924
7330	8.29996
7332	8.18821
7334	8.05888
7336	7.92792
7338	7.80335
7340	7.68794
7342	7.58478
7344	7.49498
7346	7.41704
7348	7.34959
7350	7.29339
7352	7.24726
7354	7.20918
7356	7.18619
7358	7.19891
7360	7.24361
7362	7.31135
7364	7.39104
7366	7.47415
7368	7.55299
7370	7.62753
7372	7.69656
7374	7.75821
7376	7.81399
7378	7.86214
7380	7.90449
7382	7.94173
7384	7.97528
7386	8.00368
7388	8.02752
7390	8.04887
7392	8.06622
7394	8.08233
7396	8.09689
7398	8.10997
7400	8.12052
7402	8.13078
7404	8.13884
7406	8.1465
7408	8.15265
7410	8.15911
7412	8.16467
7414	8.16938
7416	8.17374
7418	8.17761
7420	8.18118
7422	8.18533
7424	8.19014
7426	8.19476
7428	8.19813
7430	8.20001
7432	8.20284
7434	8.20456
7436	8.20668
7438	8.21001
7440	8.21232
7442	8.215
7444	8.21749
7446	8.22059
7448	8.22288
7450	8.22457
7452	8.22499
7454	8.22807
7456	8.23053
7458	8.23224
7460	8.23374
7462	8.23466
7464	8.2358
7466	8.23653
7468	8.23606
7470	8.23763
7472	8.23956
7474	8.2408
7476	8.24185
7478	8.24447
7480	8.24614
7482	8.24781
7484	8.24861
7486	8.24948
7488	8.24957
7490	8.24997
7492	8.25061
7494	8.25055
7496	8.25119
7498	8.25161
7500	8.25226
7502	8.25243
7504	8.25298
7506	8.2526
7508	8.25247
7510	8.25352
7512	8.2545
7514	8.25508
7516	8.25614
7518	8.25591
7520	8.25618
7522	8.25528
7524	8.25608
7526	8.25703
7528	8.2576
7530	8.25725
7532	8.25738
7534	8.25772
7536	8.25843
7538	8.25885
7540	8.25931
7542	8.25973
7544	8.25908
7546	8.25976
7548	8.26058
7550	8.26047
7552	8.26033
7554	8.2605
7556	8.26038
7558	8.26155
7560	8.26219
7562	8.26195
7564	8.26173
7566	8.26223
7568	8.26354
7570	8.26429
7572	8.26443
7574	8.26409
7576	8.26326
7578	8.26331
7580	8.2641
7582	8.26437
7584	8.26336
7586	8.26403
7588	8.26388
7590	8.26481
7592	8.26494
7594	8.2649
7596	8.26688
7598	8.26726
7600	8.26728
7602	8.26792
7604	8.26848
7606	8.26905
7608	8.26942
7610	8.26949
7612	8.26985
7614	8.27008
7616	8.27008
7618	8.27015
7620	8.27061
7622	8.27083
7624	8.2718
7626	8.27249
7628	8.27226
7630	8.27214
7632	8.27252
7634	8.27286
7636	8.27292
7638	8.27339
7640	8.27403
7642	8.27412
7644	8.27476
7646	8.27473
7648	8.27417
7650	8.27461
7652	8.27401
7654	8.27413
7656	8.27447
7658	8.27413
7660	8.27427
7662	8.27424
7664	8.27478
7666	8.27547
7668	8.27568
7670	8.27647
7672	8.27687
7674	8.2772
7676	8.27859
7678	8.27899
7680	8.27992
7682	8.28124
7684	8.28192
7686	8.28309
7688	8.28361
7690	8.28387
7692	8.28515
7694	8.28625
7696	8.28572
7698	8.28636
7700	8.28542
7702	8.28533
7704	8.28583
7706	8.28566
7708	8.28526
7710	8.28586
7712	8.28554
7714	8.28581
7716	8.28586
7718	8.28579
7720	8.28746
7722	8.28858
7724	8.28902
7726	8.28976
7728	8.29052
7730	8.291
7732	8.29139
7734	8.29244
7736	8.29319
7738	8.29383
7740	8.29492
7742	8.29497
7744	8.2948
7746	8.29455
7748	8.29375
7750	8.2944
7752	8.2956
7754	8.29621
7756	8.29724
7758	8.29853
7760	8.29945
7762	8.30091
7764	8.30125
7766	8.30096
7768	8.3023
7770	8.30407
7772	8.30493
7774	8.30569
7776	8.30666
7778	8.30808
7780	8.30848
7782	8.30983
7784	8.31081
7786	8.31072
7788	8.31151
7790	8.31231
7792	8.31447
7794	8.31648
7796	8.3178
7798	8.31925
7800	8.32097
7802	8.32236
7804	8.32428
7806	8.32492
7808	8.32561
7810	8.32717
7812	8.32942
7814	8.33096
7816	8.33102
7818	8.33291
7820	8.33599
7822	8.33752
7824	8.33834
7826	8.33942
7828	8.3409
7830	8.34252
7832	8.34404
7834	8.34564
7836	8.34731
7838	8.34849
7840	8.34937
7842	8.35135
7844	8.35468
7846	8.35794
7848	8.36037
7850	8.36272
7852	8.36471
7854	8.36817
7856	8.37054
7858	8.37231
7860	8.37442
7862	8.37604
7864	8.37726
7866	8.37979
7868	8.38055
7870	8.3818
7872	8.38273
7874	8.38296
7876	8.38377
7878	8.38612
7880	8.3872
7882	8.38848
7884	8.38948
7886	8.39027
7888	8.39063
7890	8.39297
7892	8.39448
7894	8.39632
7896	8.39725
7898	8.3976
7900	8.39873
7902	8.39877
7904	8.39834
7906	8.39948
7908	8.39989
7910	8.40039
7912	8.40062
7914	8.39998
7916	8.39982
7918	8.39874
7920	8.39822
7922	8.39826
7924	8.39896
7926	8.39778
7928	8.37874
7930	8.31757
7932	8.22595
7934	8.11663
7936	8.00213
7938	7.89211
7940	7.78954
7942	7.69766
7944	7.61819
7946	7.54908
7948	7.48777
7950	7.43717
7952	7.39424
7954	7.3589
7956	7.3349
7958	7.33833
7960	7.37059
7962	7.42574
7964	7.49355
7966	7.56401
7968	7.634
7970	7.70081
7972	7.76037
7974	7.81438
7976	7.86204
7978	7.90486
7980	7.94301
7982	7.97652
7984	8.0064
7986	8.03051
7988	8.05168
7990	8.07047
7992	8.0856
7994	8.10003
7996	8.11243
7998	8.12191
8000	8.13018
8002	8.13702
8004	8.14264
8006	8.14888
8008	8.15466
8010	8.16008
8012	8.16457
8014	8.16788
8016	8.17121
8018	8.17448
8020	8.17854
8022	8.18203
8024	8.18515
8026	8.18749
8028	8.18994
8030	8.19353
8032	8.19613
8034	8.19814
8036	8.20013
8038	8.20287
8040	8.20425
8042	8.2045
8044	8.206
8046	8.20665
8048	8.20872
8050	8.21037
8052	8.21154
8054	8.21299
8056	8.21459
8058	8.21625
8060	8.2181
8062	8.22019
8064	8.22213
8066	8.22322
8068	8.22378
8070	8.22483
8072	8.22673
8074	8.22696
8076	8.22785
8078	8.22856
8080	8.22957
8082	8.23035
8084	8.22993
8086	8.23063
8088	8.23171
8090	8.23242
8092	8.23262
8094	8.23337
8096	8.23396
8098	8.23353
8100	8.23409
8102	8.2337
8104	8.23409
8106	8.23467
8108	8.23568
8110	8.23554
8112	8.23586
8114	8.23622
8116	8.23648
8118	8.23639
8120	8.23705
8122	8.2368
8124	8.23758
8126	8.23847
8128	8.23767
8130	8.23736
8132	8.23773
8134	8.23807
8136	8.23905
8138	8.24019
8140	8.23958
8142	8.23972
8144	8.2404
8146	8.24028
8148	8.24011
8150	8.24008
8152	8.24008
8154	8.23938
8156	8.24041
8158	8.24095
8160	8.24001
8162	8.24029
8164	8.24015
8166	8.24063
8168	8.2415
8170	8.24187
8172	8.24189
8174	8.243
8176	8.2431
8178	8.2433
8180	8.24412
8182	8.24385
8184	8.24379
8186	8.24412
8188	8.24396
8190	8.24409
8192	8.24446
8194	8.24476
8196	8.24418
8198	8.24545
8200	8.2456
8202	8.24594
8204	8.24586
8206	8.2453
8208	8.24537
8210	8.2444
8212	8.24437
8214	8.24348
8216	8.24365
8218	8.24376
8220	8.24362
8222	8.2438
8224	8.24392
8226	8.24368
8228	8.24491
8230	8.24503
8232	8.24502
8234	8.2457
8236	8.24633
8238	8.24724
8240	8.24734
8242	8.24832
8244	8.249
8246	8.24987
8248	8.24995
8250	8.25032
8252	8.25219
8254	8.25315
8256	8.25519
8258	8.25722
8260	8.25821
8262	8.25833
8264	8.25876
8266	8.26065
8268	8.26057
8270	8.2616
8272	8.26281
8274	8.26357
8276	8.26305
8278	8.26254
8280	8.26317
8282	8.2638
8284	8.26499
8286	8.26435
8288	8.26455
8290	8.26453
8292	8.2639
8294	8.26366
8296	8.26411
8298	8.26431
8300	8.2657
8302	8.2663
8304	8.26571
8306	8.2667
8308	8.26694
8310	8.26863
8312	8.26825
8314	8.26829
8316	8.26866
8318	8.27065
8320	8.27105
8322	8.2717
8324	8.27275
8326	8.27299
8328	8.27385
8330	8.27438
8332	8.27444
8334	8.27568
8336	8.27607
8338	8.27764
8340	8.27919
8342	8.28073
8344	8.28225
8346	8.28266
8348	8.28281
8350	8.28341
8352	8.28456
8354	8.2839
8356	8.28564
8358	8.2864
8360	8.28769
8362	8.28866
8364	8.28922
8366	8.29015
8368	8.29183
8370	8.29335
8372	8.29429
8374	8.29547
8376	8.29591
8378	8.29728
8380	8.29804
8382	8.29864
8384	8.29875
8386	8.3004
8388	8.30131
8390	8.30186
8392	8.30246
8394	8.30304
8396	8.30403
8398	8.30536
8400	8.30637
8402	8.30745
8404	8.30815
8406	8.30887
8408	8.30984
8410	8.31208
8412	8.31407
8414	8.3146
8416	8.31536
8418	8.31643
8420	8.31729
8422	8.3188
8424	8.32108
8426	8.32328
8428	8.3248
8430	8.32619
8432	8.32809
8434	8.32993
8436	8.3315
8438	8.33318
8440	8.33462
8442	8.33585
8444	8.33676
8446	8.33832
8448	8.33851
8450	8.33892
8452	8.34048
8454	8.34136
8456	8.34274
8458	8.34378
8460	8.34562
8462	8.34727
8464	8.34871
8466	8.3509
8468	8.35161
8470	8.35346
8472	8.3545
8474	8.35679
8476	8.3592
8478	8.36143
8480	8.36327
8482	8.36562
8484	8.36696
8486	8.36743
8488	8.36816
8490	8.37034
8492	8.3721
8494	8.37312
8496	8.37524
8498	8.3776
8500	8.37863
8502	8.37946
8504	8.37995
8506	8.38144
8508	8.38125
8510	8.38142
8512	8.38225
8514	8.38361
8516	8.38502
8518	8.38551
8520	8.38501
8522	8.38587
8524	8.38676
8526	8.38678
8528	8.37388
8530	8.3225
8532	8.24462
8534	8.15206
8536	8.05298
8538	7.95676
8540	7.86815
8542	7.78815
8544	7.71756
8546	7.65667
8548	7.60363
8550	7.55717
8552	7.51831
8554	7.48656
8556	7.46412
8558	7.4648
8560	7.48925
8562	7.53359
8564	7.59101
8566	7.65042
8568	7.70969
8570	7.76513
8572	7.81634
8574	7.86193
8576	7.90314
8578	7.94048
8580	7.97276
8582	8.00023
8584	8.02464
8586	8.04663
8588	8.06556
8590	8.08165
8592	8.09556
8594	8.10773
8596	8.1181
8598	8.12758
8600	8.13599
8602	8.14422
8604	8.15049
8606	8.15599
8608	8.16058
8610	8.16478
8612	8.16917
8614	8.17335
8616	8.17733
8618	8.18027
8620	8.1838
8622	8.18804
8624	8.19147
8626	8.19352
8628	8.19613
8630	8.19835
8632	8.20013
8634	8.20262
8636	8.20474
8638	8.20617
8640	8.20817
8642	8.21035
8644	8.21208
8646	8.21309
8648	8.2143
8650	8.21611
8652	8.21779
8654	8.21863
8656	8.21973
8658	8.21993
8660	8.22033
8662	8.2214
8664	8.22134
8666	8.2217
8668	8.22266
8670	8.22361
8672	8.2234
8674	8.22359
8676	8.22302
8678	8.22244
8680	8.22267
8682	8.22272
8684	8.22312
8686	8.22376
8688	8.225
8690	8.22662
8692	8.22746
8694	8.22776
8696	8.22926
8698	8.22981
8700	8.23038
8702	8.23136
8704	8.232
8706	8.23235
8708	8.23248
8710	8.23376
8712	8.23483
8714	8.23483
8716	8.23497
8718	8.23631
8720	8.239
8722	8.24003
8724	8.23989
8726	8.24059
8728	8.24184
8730	8.24146
8732	8.24186
8734	8.24266
8736	8.24362
8738	8.24396
8740	8.24384
8742	8.24396
8744	8.24384
8746	8.24433
8748	8.24511
8750	8.24508
8752	8.24411
8754	8.24393
8756	8.2444
8758	8.24452
8760	8.2449
8762	8.24588
8764	8.24603
8766	8.2471
8768	8.24762
8770	8.24751
8772	8.24763
8774	8.24765
8776	8.24834
8778	8.24908
8780	8.24996
8782	8.25019
8784	8.2496
8786	8.24919
8788	8.24912
8790	8.25005
8792	8.25034
8794	8.25006
8796	8.25063
8798	8.25132
8800	8.25145
8802	8.25068
8804	8.25084
8806	8.25159
8808	8.25178
8810	8.25139
8812	8.25175
8814	8.25267
8816	8.25312
8818	8.25363
8820	8.25426
8822	8.25538
8824	8.25547
8826	8.25681
8828	8.25728
8830	8.2573
8832	8.25869
8834	8.2591
8836	8.25878
8838	8.25909
8840	8.26017
8842	8.26006
8844	8.25918
8846	8.2585
8848	8.25769
8850	8.25741
8852	8.25749
8854	8.2583
8856	8.25853
8858	8.25814
8860	8.25954
8862	8.25998
8864	8.26112
8866	8.26255
8868	8.26377
8870	8.26506
8872	8.26551
8874	8.26573
8876	8.2664
8878	8.26733
8880	8.26818
8882	8.26919
8884	8.26921
8886	8.26979
8888	8.27109
8890	8.27323
8892	8.27452
8894	8.2752
8896	8.27634
8898	8.2762
8900	8.27661
8902	8.27755
8904	8.27832
8906	8.27975
8908	8.27968
8910	8.2797
8912	8.28107
8914	8.28098
8916	8.28196
8918	8.28236
8920	8.28343
8922	8.28426
8924	8.28407
8926	8.28458
8928	8.28567
8930	8.2871
8932	8.28815
8934	8.28811
8936	8.28882
8938	8.28946
8940	8.28989
8942	8.29076
8944	8.29129
8946	8.29218
8948	8.29351
8950	8.29401
8952	8.29478
8954	8.29481
8956	8.29467
8958	8.29494
8960	8.29574
8962	8.29688
8964	8.29704
8966	8.29736
8968	8.29789
8970	8.29901
8972	8.30048
8974	8.30163
8976	8.30241
8978	8.30346
8980	8.30527
8982	8.30523
8984	8.30444
8986	8.30504
8988	8.30653
8990	8.30827
8992	8.31014
8994	8.31157
8996	8.31247
8998	8.31317
9000	8.3147
9002	8.31682
9004	8.3189
9006	8.31963
9008	8.32017
9010	8.32177
9012	8.32337
9014	8.32477
9016	8.32758
9018	8.32862
9020	8.32782
9022	8.32863
9024	8.33019
9026	8.33218
9028	8.33394
9030	8.33558
9032	8.33711
9034	8.33767
9036	8.33739
9038	8.33794
9040	8.3392
9042	8.33926
9044	8.33939
9046	8.33917
9048	8.33886
9050	8.3393
9052	8.34031
9054	8.34025
9056	8.34109
9058	8.34247
9060	8.34387
9062	8.34539
9064	8.34662
9066	8.34705
9068	8.34741
9070	8.34888
9072	8.35035
9074	8.35216
9076	8.35421
9078	8.35554
9080	8.35712
9082	8.35935
9084	8.36162
9086	8.36419
9088	8.36543
9090	8.36782
9092	8.36911
9094	8.36977
9096	8.37118
9098	8.37265
9100	8.37424
9102	8.37503
9104	8.37665
9106	8.3779
9108	8.37901
9110	8.38118
9112	8.38141
9114	8.38138
9116	8.38344
9118	8.38429
9120	8.38395
9122	8.38444
9124	8.3858
9126	8.38605
9128	8.37707
9130	8.33872
9132	8.27506
9134	8.1963
9136	8.10898
9138	8.02435
9140	7.9457
9142	7.87397
9144	7.81001
9146	7.7542
9148	7.70556
9150	7.66337
9152	7.62895
9154	7.60143
9156	7.58084
9158	7.57576
9160	7.59252
9162	7.62907
9164	7.67694
9166	7.73027
9168	7.78306
9170	7.83168
9172	7.87741
9174	7.9187
9176	7.95496
9178	7.98812
9180	8.01854
9182	8.0438
9184	8.06564
9186	8.0856
9188	8.10369
9190	8.11871
9192	8.13068
9194	8.14146
9196	8.15043
9198	8.15787
9200	8.16516
9202	8.17187
9204	8.17619
9206	8.18116
9208	8.1866
9210	8.19019
9212	8.19304
9214	8.19599
9216	8.19935
9218	8.20274
9220	8.20514
9222	8.2071
9224	8.20921
9226	8.20962
9228	8.21056
9230	8.21252
9232	8.21404
9234	8.21418
9236	8.21569
9238	8.21675
9240	8.21773
9242	8.2181
9244	8.2186
9246	8.21962
9248	8.21976
9250	8.22175
9252	8.22261
9254	8.22274
9256	8.22323
9258	8.22391
9260	8.22401
9262	8.22392
9264	8.22478
9266	8.22443
9268	8.22569
9270	8.22584
9272	8.22526
9274	8.22612
9276	8.22683
9278	8.22896
9280	8.2296
9282	8.22987
9284	8.23004
9286	8.2305
9288	8.23074
9290	8.2309
9292	8.23146
9294	8.23215
9296	8.23218
9298	8.23217
9300	8.23191
9302	8.23234
9304	8.23189
9306	8.23234
9308	8.23215
9310	8.23146
9312	8.23075
9314	8.23147
9316	8.23096
9318	8.23123
9320	8.23161
9322	8.23088
9324	8.23149
9326	8.23198
9328	8.23187
9330	8.23248
9332	8.23271
9334	8.23214
9336	8.23195
9338	8.2316
9340	8.23266
9342	8.23307
9344	8.23358
9346	8.233
9348	8.23298
9350	8.233
9352	8.23302
9354	8.23271
9356	8.23281
9358	8.23254
9360	8.23208
9362	8.23286
9364	8.23311
9366	8.23394
9368	8.23356
9370	8.23319
9372	8.23356
9374	8.23407
9376	8.23446
9378	8.23528
9380	8.2344
9382	8.23498
9384	8.23568
9386	8.23457
9388	8.23425
9390	8.23472
9392	8.23485
9394	8.23568
9396	8.2361
9398	8.23543
9400	8.23513
9402	8.23555
9404	8.23693
9406	8.23745
9408	8.23715
9410	8.23652
9412	8.23689
9414	8.23746
9416	8.23727
9418	8.23741
9420	8.23775
9422	8.23852
9424	8.23892
9426	8.23916
9428	8.23772
9430	8.23721
9432	8.23751
9434	8.23837
9436	8.23882
9438	8.2381
9440	8.23758
9442	8.23742
9444	8.23773
9446	8.23906
9448	8.24013
9450	8.24057
9452	8.2401
9454	8.24038
9456	8.24116
9458	8.24103
9460	8.24113
9462	8.24124
9464	8.24167
9466	8.24167
9468	8.24256
9470	8.24278
9472	8.24314
9474	8.24325
9476	8.24338
9478	8.24352
9480	8.24457
9482	8.24507
9484	8.24451
9486	8.24531
9488	8.24639
9490	8.246
9492	8.24652
9494	8.24708
9496	8.24847
9498	8.24874
9500	8.24945
9502	8.24972
9504	8.25117
9506	8.25162
9508	8.25216
9510	8.25149
9512	8.25162
9514	8.25197
9516	8.25254
9518	8.2525
9520	8.25434
9522	8.25571
9524	8.25638
9526	8.25749
9528	8.258
9530	8.25811
9532	8.25912
9534	8.25988
9536	8.26046
9538	8.26075
9540	8.26024
9542	8.25976
9544	8.26029
9546	8.26249
9548	8.26408
9550	8.26387
9552	8.26519
9554	8.26487
9556	8.26599
9558	8.26745
9560	8.26844
9562	8.26892
9564	8.26961
9566	8.26986
9568	8.27057
9570	8.27141
9572	8.27234
9574	8.27324
9576	8.27353
9578	8.27475
9580	8.27593
9582	8.27657
9584	8.27746
9586	8.27943
9588	8.28101
9590	8.28048
9592	8.28161
9594	8.28302
9596	8.28394
9598	8.28541
9600	8.28606
9602	8.2866
9604	8.28778
9606	8.28947
9608	8.29121
9610	8.29247
9612	8.29317
9614	8.29319
9616	8.29458
9618	8.29561
9620	8.29672
9622	8.29688
9624	8.2983
9626	8.29943
9628	8.2997
9630	8.30106
9632	8.30119
9634	8.30245
9636	8.30383
9638	8.30463
9640	8.30596
9642	8.30834
9644	8.31034
9646	8.31069
9648	8.31246
9650	8.31358
9652	8.31422
9654	8.31489
9656	8.31708
9658	8.31943
9660	8.32127
9662	8.32252
9664	8.32265
9666	8.32373
9668	8.32527
9670	8.32574
9672	8.3279
9674	8.33011
9676	8.33172
9678	8.33266
9680	8.33501
9682	8.33596
9684	8.33686
9686	8.33876
9688	8.34035
9690	8.34085
9692	8.34206
9694	8.34328
9696	8.34447
9698	8.34448
9700	8.34597
9702	8.34711
9704	8.34816
9706	8.34853
9708	8.34893
9710	8.34974
9712	8.35079
9714	8.35205
9716	8.35496
9718	8.3556
9720	8.35646
9722	8.35721
9724	8.35737
9726	8.35835
9728	8.35359
9730	8.32476
9732	8.27281
9734	8.20619
9736	8.13427
9738	8.06225
9740	7.99483
9742	7.93235
9744	7.87636
9746	7.82926
9748	7.78731
9750	7.74997
9752	7.71759
9754	7.69103
9756	7.67013
9758	7.66223
9760	7.67121
9762	7.69745
9764	7.73433
9766	7.77656
9768	7.82015
9770	7.86087
9772	7.89741
9774	7.93099
9776	7.96114
9778	7.98763
9780	8.01158
9782	8.0329
9784	8.05141
9786	8.06771
9788	8.08114
9790	8.09237
9792	8.10221
9794	8.11166
9796	8.11981
9798	8.12616
9800	8.13135
9802	8.13665
9804	8.14207
9806	8.14503
9808	8.14888
9810	8.15224
9812	8.15495
9814	8.15765
9816	8.16065
9818	8.16432
9820	8.16675
9822	8.16944
9824	8.17346
9826	8.17613
9828	8.17821
9830	8.17982
9832	8.18213
9834	8.18436
9836	8.18511
9838	8.18704
9840	8.1888
9842	8.19005
9844	8.19082
9846	8.19203
9848	8.19281
9850	8.19427
9852	8.19518
9854	8.19568
9856	8.19699
9858	8.19871
9860	8.20025
9862	8.20249
9864	8.20281
9866	8.20424
9868	8.20513
9870	8.20677
9872	8.20824
9874	8.20886
9876	8.20967
9878	8.20979
9880	8.21014
9882	8.21045
9884	8.21048
9886	8.21145
9888	8.21198
9890	8.21255
9892	8.21274
9894	8.21287
9896	8.21279
9898	8.21357
9900	8.2143
9902	8.21545
9904	8.21673
9906	8.21629
9908	8.21629
9910	8.21591
9912	8.21645
9914	8.21818
9916	8.21795
9918	8.21772
9920	8.21754
9922	8.21682
9924	8.21825
9926	8.2183
9928	8.21805
9930	8.21886
9932	8.21938
9934	8.22024
9936	8.22003
9938	8.22069
9940	8.22143
9942	8.22082
9944	8.22056
9946	8.22157
9948	8.22152
9950	8.22069
9952	8.22102
9954	8.22121
9956	8.22099
9958	8.22154
9960	8.22222
9962	8.22316
9964	8.22356
9966	8.2235
9968	8.22446
9970	8.22458
9972	8.22432
9974	8.22409
9976	8.22391
9978	8.22457
9980	8.22406
9982	8.22361
9984	8.22361
9986	8.22354
9988	8.22456
9990	8.22422
9992	8.22329
9994	8.22307
9996	8.22347
9998	8.22421
10000	8.22432
10002	8.22405
10004	8.22432
10006	8.22513
10008	8.22544
10010	8.22632
10012	8.22678
10014	8.22683
10016	8.22759
10018	8.22766
10020	8.22762
10022	8.22683
10024	8.2275
10026	8.22783
10028	8.22803
10030	8.22878
10032	8.23005
10034	8.23026
10036	8.23023
10038	8.2308
10040	8.23065
10042	8.22998
10044	8.2302
10046	8.22977
10048	8.22997
10050	8.23063
10052	8.23089
10054	8.23159
10056	8.23188
10058	8.23192
10060	8.232
10062	8.23264
10064	8.23319
10066	8.23327
10068	8.23246
10070	8.2332
10072	8.23383
10074	8.23267
10076	8.23316
10078	8.2345
10080	8.23472
10082	8.23507
10084	8.23557
10086	8.23584
10088	8.23625
10090	8.23678
10092	8.23634
10094	8.23645
10096	8.23712
10098	8.23858
10100	8.23953
10102	8.24056
10104	8.24057
10106	8.241
10108	8.24151
10110	8.24067
10112	8.23927
10114	8.23914
10116	8.23872
10118	8.23829
10120	8.237
10122	8.23746
10124	8.2383
10126	8.24005
10128	8.24108
10130	8.24104
10132	8.24217
10134	8.24343
10136	8.24464
10138	8.24607
10140	8.24666
10142	8.24689
10144	8.24747
10146	8.24867
10148	8.24906
10150	8.24953
10152	8.25036
10154	8.25062
10156	8.2504
10158	8.25053
10160	8.25179
10162	8.25225
10164	8.25241
10166	8.25272
10168	8.2536
10170	8.25505
10172	8.25533
10174	8.25557
10176	8.25687
10178	8.25836
10180	8.25936
10182	8.26108
10184	8.26219
10186	8.26374
10188	8.26417
10190	8.26427
10192	8.2655
10194	8.26697
10196	8.26768
10198	8.26825
10200	8.27
10202	8.27081
10204	8.2712
10206	8.27251
10208	8.27249
10210	8.27357
10212	8.27669
10214	8.2782
10216	8.27923
10218	8.27946
10220	8.28058
10222	8.28238
10224	8.28342
10226	8.28371
10228	8.28372
10230	8.28469
10232	8.28628
10234	8.28799
10236	8.28927
10238	8.29036
10240	8.29298
10242	8.29387
10244	8.29491
10246	8.29571
10248	8.29695
10250	8.29893
10252	8.30013
10254	8.30072
10256	8.3011
10258	8.3018
10260	8.30239
10262	8.30321
10264	8.30513
10266	8.30582
10268	8.30747
10270	8.30841
10272	8.30975
10274	8.31098
10276	8.31284
10278	8.31431
10280	8.3155
10282	8.31758
10284	8.31804
10286	8.31854
10288	8.31892
10290	8.32021
10292	8.32062
10294	8.32223
10296	8.32301
10298	8.32442
10300	8.32641
10302	8.32717
10304	8.32783
10306	8.32906
10308	8.33024
10310	8.33059
10312	8.33144
10314	8.33222
10316	8.33301
10318	8.33446
10320	8.33543
10322	8.33601
10324	8.33755
10326	8.33801
10328	8.33323
10330	8.30805
10332	8.26506
10334	8.20962
10336	8.14836
10338	8.0845
10340	8.0245
10342	7.97076
10344	7.92256
10346	7.87981
10348	7.84171
10350	7.80828
10352	7.78074
10354	7.75761
10356	7.74019
10358	7.73233
10360	7.73768
10362	7.75784
10364	7.78797
10366	7.82163
10368	7.85713
10370	7.89135
10372	7.92227
10374	7.9514
10376	7.97696
10378	8.00028
10380	8.02011
10382	8.03881
10384	8.05475
10386	8.06832
10388	8.08032
10390	8.08982
10392	8.09779
10394	8.1052
10396	8.11174
10398	8.11701
10400	8.12236
10402	8.12611
10404	8.12936
10406	8.13383
10408	8.1371
10410	8.13963
10412	8.14272
10414	8.14618
10416	8.14906
10418	8.15142
10420	8.15342
10422	8.15544
10424	8.15775
10426	8.15921
10428	8.16132
10430	8.16354
10432	8.16455
10434	8.16489
10436	8.1672
10438	8.16848
10440	8.16885
10442	8.17082
10444	8.17309
10446	8.17542
10448	8.17652
10450	8.17752
10452	8.17738
10454	8.17898
10456	8.17991
10458	8.18026
10460	8.18023
10462	8.18119
10464	8.18201
10466	8.18203
10468	8.18263
10470	8.18282
10472	8.18339
10474	8.18346
10476	8.18265
10478	8.18296
10480	8.1832
10482	8.18272
10484	8.1836
10486	8.18404
10488	8.18578
10490	8.18595
10492	8.18729
10494	8.18888
10496	8.18913
10498	8.19044
10500	8.19114
10502	8.19156
10504	8.19162
10506	8.19318
10508	8.19324
10510	8.19461
10512	8.19478
10514	8.19511
10516	8.19606
10518	8.19656
10520	8.19705
10522	8.19767
10524	8.19778
10526	8.1977
10528	8.19833
10530	8.19948
10532	8.19972
10534	8.19937
10536	8.19933
10538	8.19963
10540	8.19993
10542	8.20085
10544	8.20219
10546	8.20183
10548	8.20156
10550	8.20178
10552	8.20209
10554	8.20301
10556	8.20331
10558	8.20437
10560	8.20549
10562	8.20561
10564	8.20569
10566	8.20691
10568	8.20728
10570	8.20663
10572	8.20626
10574	8.20601
10576	8.20706
10578	8.20668
10580	8.20709
10582	8.20918
10584	8.20947
10586	8.20972
10588	8.2104
10590	8.21146
10592	8.21204
10594	8.21338
10596	8.21523
10598	8.21589
10600	8.21658
10602	8.2174
10604	8.21898
10606	8.21971
10608	8.21988
10610	8.2197
10612	8.22079
10614	8.22053
10616	8.22152
10618	8.22151
10620	8.22233
10622	8.22259
10624	8.22409
10626	8.22438
10628	8.22429
10630	8.22383
10632	8.22394
10634	8.22337
10636	8.22302
10638	8.22333
10640	8.22354
10642	8.22405
10644	8.22445
10646	8.22551
10648	8.22612
10650	8.22573
10652	8.22582
10654	8.22638
10656	8.22711
10658	8.22738
10660	8.22712
10662	8.22842
10664	8.22824
10666	8.22787
10668	8.22772
10670	8.2274
10672	8.22657
10674	8.22682
10676	8.22683
10678	8.2272
10680	8.22752
10682	8.22715
10684	8.22743
10686	8.22716
10688	8.22827
10690	8.22884
10692	8.22843
10694	8.22811
10696	8.22769
10698	8.22711
10700	8.22598
10702	8.2251
10704	8.22544
10706	8.22577
10708	8.22578
10710	8.2258
10712	8.2268
10714	8.22767
10716	8.22846
10718	8.22771
10720	8.22805
10722	8.23
10724	8.23051
10726	8.23071
10728	8.23167
10730	8.23239
10732	8.23256
10734	8.23281
10736	8.23305
10738	8.23278
10740	8.23382
10742	8.23576
10744	8.23606
10746	8.23657
10748	8.2369
10750	8.23798
10752	8.23857
10754	8.23939
10756	8.24027
10758	8.24112
10760	8.24093
10762	8.24061
10764	8.2416
10766	8.24287
10768	8.24382
10770	8.24375
10772	8.24417
10774	8.24464
10776	8.24451
10778	8.24489
10780	8.24612
10782	8.24719
10784	8.24808
10786	8.24956
10788	8.25065
10790	8.25125
10792	8.25153
10794	8.25259
10796	8.25342
10798	8.25496
10800	8.25659
10802	8.25696
10804	8.25859
10806	8.26001
10808	8.26016
10810	8.26131
10812	8.26326
10814	8.26532
10816	8.26529
10818	8.26622
10820	8.26712
10822	8.26752
10824	8.2676
10826	8.26936
10828	8.27103
10830	8.27256
10832	8.27283
10834	8.27265
10836	8.27385
10838	8.27617
10840	8.27688
10842	8.27852
10844	8.27958
10846	8.28092
10848	8.28182
10850	8.28264
10852	8.28433
10854	8.28533
10856	8.28689
10858	8.2883
10860	8.28942
10862	8.2917
10864	8.29294
10866	8.29433
10868	8.29487
10870	8.29597
10872	8.29674
10874	8.29732
10876	8.29961
10878	8.3011
10880	8.30151
10882	8.30363
10884	8.30494
10886	8.30614
10888	8.30773
10890	8.30927
10892	8.31078
10894	8.31191
10896	8.31357
10898	8.31564
10900	8.31701
10902	8.3181
10904	8.31943
10906	8.31976
10908	8.32029
10910	8.32097
10912	8.32198
10914	8.32217
10916	8.32354
10918	8.32445
10920	8.32573
10922	8.32688
10924	8.32766
10926	8.32797
10928	8.32614
10930	8.30927
10932	8.27625
10934	8.2315
10936	8.17794
10938	8.12055
10940	8.06532
10942	8.01459
10944	7.96851
10946	7.92801
10948	7.89438
10950	7.86563
10952	7.84129
10954	7.82108
10956	7.80556
10958	7.79584
10960	7.79873
10962	7.81433
10964	7.83908
10966	7.86827
10968	7.89981
10970	7.92971
10972	7.9578
10974	7.98394
10976	8.00816
10978	8.02777
10980	8.04573
10982	8.06136
10984	8.0753
10986	8.08654
10988	8.09599
10990	8.10481
10992	8.1134
10994	8.11953
10996	8.12508
10998	8.13043
11000	8.13465
11002	8.13914
11004	8.14187
11006	8.14537
11008	8.14762
11010	8.14987
11012	8.15173
11014	8.15454
11016	8.15774
11018	8.16061
11020	8.16206
11022	8.16324
11024	8.16415
11026	8.1654
11028	8.16753
11030	8.16828
11032	8.16985
11034	8.17032
11036	8.172
11038	8.17271
11040	8.17316
11042	8.17362
11044	8.1753
11046	8.17618
11048	8.17747
11050	8.17692
11052	8.17673
11054	8.17737
11056	8.17934
11058	8.17938
11060	8.17977
11062	8.18065
11064	8.18083
11066	8.182
11068	8.18372
11070	8.18537
11072	8.18555
11074	8.18656
11076	8.1873
11078	8.18706
11080	8.18735
11082	8.18832
11084	8.1885
11086	8.18884
11088	8.18954
11090	8.19107
11092	8.19063
11094	8.1896
11096	8.18963
11098	8.19052
11100	8.19133
11102	8.19197
11104	8.19228
11106	8.19297
11108	8.19431
11110	8.19497
11112	8.19485
11114	8.19538
11116	8.19498
11118	8.19536
11120	8.19619
11122	8.19687
11124	8.19702
11126	8.19651
11128	8.19609
11130	8.19583
11132	8.19601
11134	8.19628
11136	8.19543
11138	8.19555
11140	8.19589
11142	8.19626
11144	8.19755
11146	8.19759
11148	8.19748
11150	8.19707
11152	8.19766
11154	8.19809
11156	8.19729
11158	8.19708
11160	8.19858
11162	8.1994
11164	8.19979
11166	8.20017
11168	8.19958
11170	8.19928
11172	8.20023
11174	8.19968
11176	8.19949
11178	8.19919
11180	8.19908
11182	8.19922
11184	8.19987
11186	8.19917
11188	8.19939
11190	8.19975
11192	8.20002
11194	8.19972
11196	8.19936
11198	8.19909
11200	8.19935
11202	8.19861
11204	8.19867
11206	8.19902
11208	8.20024
11210	8.1995
11212	8.19922
11214	8.19946
11216	8.20053
11218	8.20049
11220	8.2006
11222	8.20059
11224	8.20004
11226	8.20081
11228	8.20126
11230	8.20196
11232	8.20202
11234	8.20132
11236	8.19964
11238	8.19942
11240	8.19887
11242	8.19809
11244	8.19694
11246	8.19694
11248	8.19672
11250	8.1965
11252	8.19786
11254	8.19797
11256	8.19791
11258	8.19857
11260	8.19812
11262	8.19939
11264	8.2007
11266	8.2021
11268	8.20318
11270	8.2036
11272	8.20462
11274	8.20551
11276	8.2054
11278	8.20569
11280	8.20504
11282	8.20516
11284	8.20533
11286	8.20713
11288	8.2066
11290	8.206
11292	8.2063
11294	8.20532
11296	8.20594
11298	8.20683
11300	8.20768
11302	8.20853
11304	8.20908
11306	8.20979
11308	8.21135
11310	8.21142
11312	8.21171
11314	8.21369
11316	8.21434
11318	8.21504
11320	8.21617
11322	8.21627
11324	8.21729
11326	8.21861
11328	8.21971
11330	8.21961
11332	8.21905
11334	8.2195
11336	8.21873
11338	8.21866
11340	8.21987
11342	8.22097
11344	8.2223
11346	8.22341
11348	8.22492
11350	8.22509
11352	8.22565
11354	8.22626
11356	8.22572
11358	8.22464
11360	8.22574
11362	8.22593
11364	8.22606
11366	8.22655
11368	8.22777
11370	8.22881
11372	8.23029
11374	8.2297
11376	8.22918
11378	8.2299
11380	8.23029
11382	8.23219
11384	8.23297
11386	8.2345
11388	8.23494
11390	8.23447
11392	8.23539
11394	8.23716
11396	8.23842
11398	8.23866
11400	8.23913
11402	8.23884
11404	8.23972
11406	8.24084
11408	8.24222
11410	8.24313
11412	8.24377
11414	8.24435
11416	8.24498
11418	8.24643
11420	8.24775
11422	8.24828
11424	8.24869
11426	8.24977
11428	8.25104
11430	8.25114
11432	8.24963
11434	8.25033
11436	8.25111
11438	8.253
11440	8.25427
11442	8.25498
11444	8.25565
11446	8.25639
11448	8.25723
11450	8.25805
11452	8.25931
11454	8.26023
11456	8.26071
11458	8.26142
11460	8.26159
11462	8.26259
11464	8.26372
11466	8.26454
11468	8.26574
11470	8.26705
11472	8.26855
11474	8.26938
11476	8.27119
11478	8.27283
11480	8.27492
11482	8.27543
11484	8.27547
11486	8.27585
11488	8.27679
11490	8.27771
11492	8.27812
11494	8.27793
11496	8.27979
11498	8.28059
11500	8.28183
11502	8.2835
11504	8.28429
11506	8.28365
11508	8.28439
11510	8.28568
11512	8.28604
11514	8.28642
11516	8.28861
11518	8.28929
11520	8.29018
11522	8.29173
11524	8.29183
11526	8.29281
11528	8.29235
11530	8.27977
11532	8.25192
11534	8.21476
11536	8.1705
11538	8.12297
11540	8.07768
11542	8.0356
11544	7.99876
11546	7.96584
11548	7.93763
11550	7.91373
11552	7.89324
11554	7.87589
11556	7.86066
11558	7.85174
11560	7.8526
11562	7.86241
11564	7.88055
11566	7.90469
11568	7.93068
11570	7.95618
11572	7.97879
11574	7.99973
11576	8.01947
11578	8.03747
11580	8.05253
11582	8.06602
11584	8.07805
11586	8.08809
11588	8.09693
11590	8.10471
11592	8.11118
11594	8.11696
11596	8.12181
11598	8.127
11600	8.13125
11602	8.1342
11604	8.13736
11606	8.1392
11608	8.14088
11610	8.14289
11612	8.14468
11614	8.14673
11616	8.14901
11618	8.15156
11620	8.15391
11622	8.15459
11624	8.15464
11626	8.15554
11628	8.15632
11630	8.15646
11632	8.15787
11634	8.15849
11636	8.15953
11638	8.15953
11640	8.15992
11642	8.15969
11644	8.16054
11646	8.1609
11648	8.16031
11650	8.16037
11652	8.16184
11654	8.16175
11656	8.1623
11658	8.16265
11660	8.16251
11662	8.1633
11664	8.16291
11666	8.16386
11668	8.16466
11670	8.16519
11672	8.16441
11674	8.1639
11676	8.16379
11678	8.16389
11680	8.16285
11682	8.16328
11684	8.16365
11686	8.16422
11688	8.16351
11690	8.16294
11692	8.16397
11694	8.16468
11696	8.16578
11698	8.16537
11700	8.16523
11702	8.16568
11704	8.16502
11706	8.16567
11708	8.1658
11710	8.166
11712	8.16721
11714	8.16818
11716	8.16858
11718	8.16943
11720	8.16922
11722	8.16844
11724	8.16842
11726	8.16858
11728	8.16841
11730	8.16884
11732	8.16912
11734	8.16927
11736	8.16971
11738	8.16995
11740	8.17016
11742	8.17017
11744	8.17077
11746	8.17135
11748	8.17182
11750	8.17114
11752	8.17046
11754	8.17061
11756	8.17131
11758	8.17105
11760	8.17042
11762	8.17134
11764	8.17184
11766	8.17109
11768	8.1708
11770	8.17166
11772	8.17379
11774	8.17429
11776	8.17361
11778	8.17428
11780	8.17491
11782	8.17495
11784	8.17484
11786	8.17525
11788	8.17627
11790	8.17749
11792	8.17821
11794	8.17891
11796	8.17784
11798	8.17864
11800	8.17947
11802	8.18046
11804	8.1812
11806	8.18161
11808	8.18186
11810	8.18282
11812	8.1829
11814	8.18341
11816	8.18337
11818	8.18374
11820	8.18397
11822	8.18315
11824	8.18295
11826	8.18273
11828	8.18239
11830	8.18107
11832	8.18038
11834	8.18063
11836	8.18089
11838	8.18133
11840	8.17999
11842	8.18027
11844	8.18036
11846	8.17984
11848	8.17993
11850	8.18017
11852	8.18081
11854	8.18071
11856	8.18107
11858	8.18131
11860	8.18085
11862	8.1814
11864	8.18234
11866	8.18311
11868	8.18377
11870	8.18339
11872	8.18457
11874	8.18475
11876	8.18336
11878	8.18306
11880	8.18359
11882	8.18365
11884	8.1831
11886	8.18337
11888	8.18257
11890	8.18215
11892	8.18207
11894	8.18227
11896	8.18236
11898	8.18368
11900	8.18489
11902	8.18473
11904	8.18466
11906	8.18489
11908	8.18549
11910	8.18518
11912	8.18572
11914	8.1864
11916	8.18677
11918	8.187
11920	8.18711
11922	8.1882
11924	8.18825
11926	8.18891
11928	8.1887
11930	8.18997
11932	8.19089
11934	8.19011
11936	8.18989
11938	8.18907
11940	8.18997
11942	8.19177
11944	8.19287
11946	8.19318
11948	8.19348
11950	8.19434
11952	8.19416
11954	8.19476
11956	8.19626
11958	8.19691
11960	8.19792
11962	8.19878
11964	8.19855
11966	8.19849
11968	8.19865
11970	8.1995
11972	8.20032
11974	8.20028
11976	8.20079
11978	8.2009
11980	8.2013
11982	8.20213
11984	8.20298
11986	8.20342
11988	8.20344
11990	8.2041
11992	8.204
11994	8.20517
11996	8.20584
11998	8.20701
12000	8.20777
12002	8.20768
12004	8.20923
12006	8.21022
12008	8.21053
12010	8.21033
12012	8.21024
12014	8.21063
12016	8.21146
12018	8.21183
12020	8.21283
12022	8.21334
12024	8.21415
12026	8.21556
12028	8.2156
12030	8.21616
12032	8.21649
12034	8.2167
12036	8.21702
12038	8.21738
12040	8.21879
12042	8.21966
12044	8.21967
12046	8.21963
12048	8.2195
12050	8.22059
12052	8.22097
12054	8.2219
12056	8.22282
12058	8.2236
12060	8.22492
12062	8.22736
12064	8.22868
12066	8.2283
12068	8.22945
12070	8.2307
12072	8.23179
12074	8.23229
12076	8.23323
12078	8.23385
12080	8.23513
12082	8.23704
12084	8.23837
12086	8.23965
12088	8.23963
12090	8.24066
12092	8.2413
12094	8.24225
12096	8.24326
12098	8.24416
12100	8.24599
12102	8.248
12104	8.24857
12106	8.24925
12108	8.25069
12110	8.25184
12112	8.25263
12114	8.25403
12116	8.25532
12118	8.25634
12120	8.25669
12122	8.25721
12124	8.25868
