time	cp
2	8.61798
4	8.61809
6	8.61763
8	8.61925
10	8.61973
12	8.61948
14	8.61949
16	8.61824
18	8.61967
20	8.6196
22	8.61933
24	8.618
26	8.61802
28	8.6175
30	8.61736
32	8.61582
34	8.61433
36	8.61272
38	8.61199
40	8.61208
42	8.61233
44	8.61305
46	8.61415
48	8.61429
50	8.61256
52	8.61204
54	8.61304
56	8.61384
58	8.61345
60	8.61177
62	8.6107
64	8.61125
66	8.61221
68	8.61228
70	8.6106
72	8.61036
74	8.61098
76	8.61014
78	8.61
80	8.60806
82	8.60689
84	8.60731
86	8.60763
88	8.60715
90	8.60532
92	8.6048
94	8.60617
96	8.60766
98	8.60711
100	8.60647
102	8.60616
104	8.60556
106	8.60601
108	8.60676
110	8.60551
112	8.60438
114	8.60356
116	8.60317
118	8.60325
120	8.60333
122	8.60232
124	8.577
126	8.24736
128	7.43163
130	6.31984
132	5.0838
134	3.84161
136	2.67601
138	1.63242
140	0.72029
142	-0.05336
144	-0.69785
146	-1.22264
148	-1.63437
150	-1.9367
152	-2.13161
154	-2.10165
156	-1.70359
158	-1.01344
160	-0.14066
162	0.8277
164	1.81914
166	2.77348
168	3.65914
170	4.45543
172	5.15223
174	5.74736
176	6.24439
178	6.64968
180	6.97107
182	7.21964
184	7.40467
186	7.53743
188	7.62776
190	7.68364
192	7.7134
194	7.72323
196	7.71705
198	7.70091
200	7.67699
202	7.64897
204	7.61899
206	7.58758
208	7.55781
210	7.53067
212	7.50469
214	7.47966
216	7.45857
218	7.44035
220	7.42515
222	7.41158
224	7.39969
226	7.39097
228	7.38329
230	7.37664
232	7.37295
234	7.37179
236	7.37043
238	7.37091
240	7.37345
242	7.37666
244	7.37903
246	7.38142
248	7.38594
250	7.3897
252	7.39317
254	7.39838
256	7.40404
258	7.40949
260	7.41464
262	7.42089
264	7.42709
266	7.43205
268	7.43814
270	7.44367
272	7.44936
274	7.45695
276	7.46432
278	7.46948
280	7.47473
282	7.48049
284	7.48647
286	7.49223
288	7.49657
290	7.50237
292	7.50827
294	7.51308
296	7.51812
298	7.52417
300	7.5293
302	7.53413
304	7.54076
306	7.54698
308	7.55298
310	7.55867
312	7.56403
314	7.56973
316	7.57591
318	7.58175
320	7.5885
322	7.5943
324	7.59875
326	7.604
328	7.60923
330	7.61389
332	7.61801
334	7.6215
336	7.62673
338	7.63148
340	7.63597
342	7.64031
344	7.64515
346	7.65099
348	7.65569
350	7.65976
352	7.66351
354	7.66798
356	7.67328
358	7.67699
360	7.67978
362	7.68344
364	7.6866
366	7.69164
368	7.69604
370	7.69869
372	7.70176
374	7.70603
376	7.71012
378	7.71339
380	7.71865
382	7.724
384	7.72839
386	7.73139
388	7.73426
390	7.73751
392	7.7416
394	7.74542
396	7.74915
398	7.75293
400	7.75715
402	7.76005
404	7.76407
406	7.76778
408	7.77147
410	7.77421
412	7.77754
414	7.78171
416	7.78571
418	7.78961
420	7.79329
422	7.7958
424	7.79929
426	7.80232
428	7.80558
430	7.80938
432	7.81326
434	7.81641
436	7.82075
438	7.82332
440	7.82722
442	7.83002
444	7.83226
446	7.83484
448	7.83776
450	7.84069
452	7.84247
454	7.84501
456	7.84888
458	7.85331
460	7.85612
462	7.85915
464	7.86242
466	7.866
468	7.86948
470	7.873
472	7.87654
474	7.87917
476	7.8822
478	7.88563
480	7.88859
482	7.89091
484	7.89449
486	7.89819
488	7.90242
490	7.90551
492	7.90927
494	7.91481
496	7.91891
498	7.92363
500	7.92786
502	7.93205
504	7.93766
506	7.94381
508	7.95033
510	7.95733
512	7.96413
514	7.97182
516	7.97986
518	7.98959
520	7.99805
522	8.00826
524	8.0192
526	8.03017
528	8.04147
530	8.05151
532	8.06147
534	8.07063
536	8.08029
538	8.08994
540	8.09685
542	8.10398
544	8.11201
546	8.11921
548	8.12508
550	8.12971
552	8.13431
554	8.13919
556	8.14277
558	8.14603
560	8.15043
562	8.15365
564	8.15504
566	8.15759
568	8.15868
570	8.1604
572	8.16259
574	8.1649
576	8.16674
578	8.16907
580	8.17136
582	8.17303
584	8.17462
586	8.17539
588	8.17769
590	8.17852
592	8.17984
594	8.18099
596	8.18279
598	8.18371
600	8.18398
602	8.1856
604	8.18589
606	8.18731
608	8.18841
610	8.18961
612	8.19153
614	8.19327
616	8.19553
618	8.19665
620	8.19645
622	8.19693
624	8.19865
626	8.19967
628	8.20141
630	8.20296
632	8.20372
634	8.20597
636	8.20849
638	8.20916
640	8.2096
642	8.21056
644	8.21287
646	8.21505
648	8.21534
650	8.2149
652	8.21679
654	8.21653
656	8.21769
658	8.21847
660	8.22018
662	8.22165
664	8.22256
666	8.22505
668	8.22611
670	8.22457
672	8.22519
674	8.22666
676	8.22782
678	8.2287
680	8.22978
682	8.23048
684	8.23127
686	8.23263
688	8.23336
690	8.23423
692	8.23549
694	8.23586
696	8.23575
698	8.23621
700	8.23569
702	8.23643
704	8.23898
706	8.24104
708	8.24205
710	8.24247
712	8.24284
714	8.24304
716	8.24319
718	8.24368
720	8.24497
722	8.24502
724	8.22627
726	7.96715
728	7.32526
730	6.45004
732	5.47368
734	4.50034
736	3.59244
738	2.77853
740	2.06503
742	1.44993
744	0.93233
746	0.50612
748	0.16048
750	-0.11865
752	-0.3285
754	-0.3975
756	-0.19181
758	0.24984
760	0.83919
762	1.49724
764	2.16841
766	2.81399
768	3.41361
770	3.95793
772	4.44245
774	4.86799
776	5.23692
778	5.55501
780	5.82792
782	6.05902
784	6.25391
786	6.4194
788	6.55832
790	6.67494
792	6.77522
794	6.86067
796	6.93417
798	6.99557
800	7.04885
802	7.09538
804	7.13676
806	7.17312
808	7.20695
810	7.23659
812	7.26331
814	7.28941
816	7.3142
818	7.33592
820	7.35617
822	7.37527
824	7.39295
826	7.41022
828	7.42653
830	7.44351
832	7.45962
834	7.47456
836	7.48977
838	7.50417
840	7.51739
842	7.52945
844	7.54136
846	7.55272
848	7.5628
850	7.57242
852	7.58279
854	7.59167
856	7.60158
858	7.6104
860	7.61792
862	7.6246
864	7.63235
866	7.6393
868	7.64626
870	7.6534
872	7.65994
874	7.66542
876	7.67009
878	7.67448
880	7.6801
882	7.68613
884	7.69203
886	7.69903
888	7.70485
890	7.70917
892	7.7115
894	7.71658
896	7.72225
898	7.72439
900	7.72818
902	7.73192
904	7.7349
906	7.7375
908	7.74045
910	7.74417
912	7.74808
914	7.75129
916	7.75412
918	7.7566
920	7.76079
922	7.7649
924	7.76675
926	7.76805
928	7.77034
930	7.77363
932	7.77675
934	7.77971
936	7.78363
938	7.78519
940	7.78652
942	7.78978
944	7.79255
946	7.7952
948	7.79716
950	7.79978
952	7.80273
954	7.80467
956	7.80714
958	7.80964
960	7.81177
962	7.81326
964	7.81492
966	7.81809
968	7.82049
970	7.82318
972	7.82486
974	7.8263
976	7.82772
978	7.83104
980	7.83389
982	7.83541
984	7.8366
986	7.83958
988	7.84177
990	7.84284
992	7.84378
994	7.84599
996	7.84841
998	7.85011
1000	7.85187
1002	7.85498
1004	7.85678
1006	7.85855
1008	7.86057
1010	7.86215
1012	7.86433
1014	7.86705
1016	7.86833
1018	7.86984
1020	7.87094
1022	7.87197
1024	7.87376
1026	7.87572
1028	7.87894
1030	7.88132
1032	7.8823
1034	7.88269
1036	7.8838
1038	7.88619
1040	7.88802
1042	7.88863
1044	7.88988
1046	7.89213
1048	7.89346
1050	7.89423
1052	7.89614
1054	7.89863
1056	7.90132
1058	7.90208
1060	7.90329
1062	7.90486
1064	7.90701
1066	7.90767
1068	7.90885
1070	7.91108
1072	7.91273
1074	7.91365
1076	7.91491
1078	7.91547
1080	7.91781
1082	7.92287
1084	7.92535
1086	7.92636
1088	7.92798
1090	7.93107
1092	7.93533
1094	7.93724
1096	7.94073
1098	7.94402
1100	7.94713
1102	7.95094
1104	7.95491
1106	7.95865
1108	7.96359
1110	7.96836
1112	7.97303
1114	7.97686
1116	7.9817
1118	7.98837
1120	7.99535
1122	8.00292
1124	8.00951
1126	8.01653
1128	8.02364
1130	8.0305
1132	8.03919
1134	8.04846
1136	8.05856
1138	8.06616
1140	8.07386
1142	8.08208
1144	8.08883
1146	8.09619
1148	8.10489
1150	8.11124
1152	8.11712
1154	8.12287
1156	8.12947
1158	8.13283
1160	8.13596
1162	8.1404
1164	8.14438
1166	8.14789
1168	8.14958
1170	8.15275
1172	8.15514
1174	8.15634
1176	8.15851
1178	8.16055
1180	8.16322
1182	8.1649
1184	8.16574
1186	8.1668
1188	8.16885
1190	8.16938
1192	8.1697
1194	8.17242
1196	8.17374
1198	8.17476
1200	8.17505
1202	8.17632
1204	8.17756
1206	8.17861
1208	8.17918
1210	8.18083
1212	8.18107
1214	8.1813
1216	8.18195
1218	8.18308
1220	8.18423
1222	8.18527
1224	8.18628
1226	8.18661
1228	8.18686
1230	8.18799
1232	8.18879
1234	8.1893
1236	8.18961
1238	8.18992
1240	8.1901
1242	8.19137
1244	8.19188
1246	8.19193
1248	8.19281
1250	8.1951
1252	8.19726
1254	8.19735
1256	8.1979
1258	8.19803
1260	8.19781
1262	8.19837
1264	8.19861
1266	8.19854
1268	8.19924
1270	8.19994
1272	8.19922
1274	8.19912
1276	8.20027
1278	8.20262
1280	8.20321
1282	8.20308
1284	8.20541
1286	8.20751
1288	8.20829
1290	8.20844
1292	8.2095
1294	8.21106
1296	8.21334
1298	8.21426
1300	8.21411
1302	8.21405
1304	8.21458
1306	8.21478
1308	8.21433
1310	8.21482
1312	8.21525
1314	8.21725
1316	8.21681
1318	8.21687
1320	8.21834
1322	8.21908
1324	8.20647
1326	8.01476
1328	7.51339
1330	6.81721
1332	6.03755
1334	5.24799
1336	4.50292
1338	3.83009
1340	3.24031
1342	2.73427
1344	2.30834
1346	1.95663
1348	1.66501
1350	1.4294
1352	1.24842
1354	1.17474
1356	1.30878
1358	1.62688
1360	2.06113
1362	2.55159
1364	3.05273
1366	3.53392
1368	3.98183
1370	4.39138
1372	4.76094
1374	5.09154
1376	5.38423
1378	5.64354
1380	5.87137
1382	6.07104
1384	6.2461
1386	6.39966
1388	6.53393
1390	6.6512
1392	6.75505
1394	6.84625
1396	6.9277
1398	7.00079
1400	7.06347
1402	7.11967
1404	7.17137
1406	7.21711
1408	7.25934
1410	7.29883
1412	7.33321
1414	7.36475
1416	7.39402
1418	7.42328
1420	7.44979
1422	7.47241
1424	7.49409
1426	7.51483
1428	7.53434
1430	7.55405
1432	7.5712
1434	7.58722
1436	7.60224
1438	7.61702
1440	7.63067
1442	7.64337
1444	7.65424
1446	7.66644
1448	7.67646
1450	7.68752
1452	7.69729
1454	7.70596
1456	7.71408
1458	7.72265
1460	7.7298
1462	7.73805
1464	7.7451
1466	7.75175
1468	7.75715
1470	7.764
1472	7.77034
1474	7.77626
1476	7.78189
1478	7.78498
1480	7.78945
1482	7.7944
1484	7.79884
1486	7.80412
1488	7.81001
1490	7.81344
1492	7.81565
1494	7.81781
1496	7.82073
1498	7.82446
1500	7.82764
1502	7.83004
1504	7.83202
1506	7.83462
1508	7.83731
1510	7.83972
1512	7.8426
1514	7.84539
1516	7.84642
1518	7.84627
1520	7.84922
1522	7.8525
1524	7.85626
1526	7.85826
1528	7.85885
1530	7.86087
1532	7.86343
1534	7.86567
1536	7.86666
1538	7.8686
1540	7.86905
1542	7.87156
1544	7.87327
1546	7.87518
1548	7.87611
1550	7.87809
1552	7.88121
1554	7.88308
1556	7.88336
1558	7.88375
1560	7.8861
1562	7.88868
1564	7.89049
1566	7.89135
1568	7.89345
1570	7.89543
1572	7.89562
1574	7.89778
1576	7.90073
1578	7.90142
1580	7.90122
1582	7.90168
1584	7.90349
1586	7.90657
1588	7.90888
1590	7.91105
1592	7.91301
1594	7.91309
1596	7.91285
1598	7.91383
1600	7.9153
1602	7.9175
1604	7.91913
1606	7.91995
1608	7.92166
1610	7.92219
1612	7.9234
1614	7.92491
1616	7.92536
1618	7.92612
1620	7.92745
1622	7.92926
1624	7.93013
1626	7.93163
1628	7.93401
1630	7.9363
1632	7.93716
1634	7.93931
1636	7.94106
1638	7.94268
1640	7.94388
1642	7.94409
1644	7.94456
1646	7.94529
1648	7.94757
1650	7.94879
1652	7.94938
1654	7.95012
1656	7.95065
1658	7.95206
1660	7.95191
1662	7.95092
1664	7.95291
1666	7.95474
1668	7.95634
1670	7.95757
1672	7.95854
1674	7.96025
1676	7.96314
1678	7.96504
1680	7.96761
1682	7.96809
1684	7.96936
1686	7.97115
1688	7.97241
1690	7.97431
1692	7.97713
1694	7.97993
1696	7.98166
1698	7.98306
1700	7.98654
1702	7.99041
1704	7.99374
1706	7.9959
1708	7.99807
1710	8.00155
1712	8.00542
1714	8.00865
1716	8.01379
1718	8.01865
1720	8.02166
1722	8.0261
1724	8.03168
1726	8.03754
1728	8.0428
1730	8.04778
1732	8.0552
1734	8.06181
1736	8.06795
1738	8.07534
1740	8.08335
1742	8.09035
1744	8.09771
1746	8.10507
1748	8.11266
1750	8.11842
1752	8.12406
1754	8.13061
1756	8.13712
1758	8.14332
1760	8.14758
1762	8.15185
1764	8.15697
1766	8.16105
1768	8.16434
1770	8.16711
1772	8.16907
1774	8.17219
1776	8.17562
1778	8.17786
1780	8.17891
1782	8.18131
1784	8.18345
1786	8.18478
1788	8.18649
1790	8.18886
1792	8.19087
1794	8.19248
1796	8.19316
1798	8.19381
1800	8.19496
1802	8.19564
1804	8.19671
1806	8.19739
1808	8.19961
1810	8.19976
1812	8.19936
1814	8.2
1816	8.20042
1818	8.20205
1820	8.20285
1822	8.20473
1824	8.20457
1826	8.20568
1828	8.20688
1830	8.20732
1832	8.20751
1834	8.20862
1836	8.20957
1838	8.20964
1840	8.20927
1842	8.21015
1844	8.21101
1846	8.21207
1848	8.21353
1850	8.2135
1852	8.21472
1854	8.21659
1856	8.21716
1858	8.21622
1860	8.21673
1862	8.21752
1864	8.2174
1866	8.21795
1868	8.21872
1870	8.21917
1872	8.21931
1874	8.21983
1876	8.22086
1878	8.22126
1880	8.22274
1882	8.2241
1884	8.22416
1886	8.22322
1888	8.22155
1890	8.22162
1892	8.22094
1894	8.22097
1896	8.22264
1898	8.22187
1900	8.22116
1902	8.22206
1904	8.22434
1906	8.2255
1908	8.22606
1910	8.22673
1912	8.22715
1914	8.22691
1916	8.22661
1918	8.22679
1920	8.22648
1922	8.22604
1924	8.22094
1926	8.09173
1928	7.69756
1930	7.12772
1932	6.48124
1934	5.82518
1936	5.20469
1938	4.64204
1940	4.14565
1942	3.71539
1944	3.35271
1946	3.05445
1948	2.81177
1950	2.6197
1952	2.4708
1954	2.39215
1956	2.48575
1958	2.74003
1960	3.09655
1962	3.50384
1964	3.9204
1966	4.32079
1968	4.69396
1970	5.03472
1972	5.34185
1974	5.61732
1976	5.86376
1978	6.08096
1980	6.27008
1982	6.43682
1984	6.58207
1986	6.71004
1988	6.82221
1990	6.91991
1992	7.0063
1994	7.0812
1996	7.1484
1998	7.20843
2000	7.26116
2002	7.30868
2004	7.3516
2006	7.38834
2008	7.4226
2010	7.45526
2012	7.48446
2014	7.51102
2016	7.53535
2018	7.56006
2020	7.58219
2022	7.60189
2024	7.62026
2026	7.63718
2028	7.65305
2030	7.66903
2032	7.68409
2034	7.6982
2036	7.71098
2038	7.72273
2040	7.73536
2042	7.74726
2044	7.75756
2046	7.76678
2048	7.77352
2050	7.78195
2052	7.79087
2054	7.79861
2056	7.80567
2058	7.81325
2060	7.81984
2062	7.8266
2064	7.83227
2066	7.83742
2068	7.84149
2070	7.84516
2072	7.84906
2074	7.85397
2076	7.85776
2078	7.86217
2080	7.8663
2082	7.87066
2084	7.87454
2086	7.87751
2088	7.87896
2090	7.88264
2092	7.88553
2094	7.8885
2096	7.89086
2098	7.89439
2100	7.89855
2102	7.9005
2104	7.90402
2106	7.90678
2108	7.90896
2110	7.91007
2112	7.91239
2114	7.91552
2116	7.91821
2118	7.92
2120	7.92132
2122	7.92445
2124	7.92672
2126	7.92698
2128	7.92868
2130	7.93062
2132	7.93199
2134	7.93366
2136	7.93489
2138	7.93651
2140	7.93816
2142	7.94051
2144	7.94031
2146	7.94116
2148	7.94285
2150	7.94327
2152	7.94365
2154	7.9444
2156	7.94482
2158	7.946
2160	7.9487
2162	7.95123
2164	7.95353
2166	7.95565
2168	7.95832
2170	7.96112
2172	7.96269
2174	7.9631
2176	7.96434
2178	7.96645
2180	7.96735
2182	7.96927
2184	7.97066
2186	7.97057
2188	7.97204
2190	7.97324
2192	7.97531
2194	7.97591
2196	7.97644
2198	7.97672
2200	7.97745
2202	7.97827
2204	7.97976
2206	7.98007
2208	7.98132
2210	7.98091
2212	7.98086
2214	7.98205
2216	7.98336
2218	7.98494
2220	7.98542
2222	7.98646
2224	7.98705
2226	7.98801
2228	7.99001
2230	7.99027
2232	7.99218
2234	7.99283
2236	7.99292
2238	7.99363
2240	7.99359
2242	7.99292
2244	7.99296
2246	7.99346
2248	7.99413
2250	7.99581
2252	7.99631
2254	7.99604
2256	7.99713
2258	7.99808
2260	7.99862
2262	7.99925
2264	8.00018
2266	8.00303
2268	8.00364
2270	8.00516
2272	8.00651
2274	8.00705
2276	8.00957
2278	8.0129
2280	8.01567
2282	8.01866
2284	8.02002
2286	8.02205
2288	8.02279
2290	8.02468
2292	8.02737
2294	8.03103
2296	8.03279
2298	8.0347
2300	8.03641
2302	8.03875
2304	8.04182
2306	8.0455
2308	8.04845
2310	8.05168
2312	8.05502
2314	8.05673
2316	8.05933
2318	8.06299
2320	8.0663
2322	8.06936
2324	8.07217
2326	8.07493
2328	8.07914
2330	8.08438
2332	8.08946
2334	8.09454
2336	8.09835
2338	8.1037
2340	8.10934
2342	8.1141
2344	8.12042
2346	8.12623
2348	8.13241
2350	8.13799
2352	8.14246
2354	8.14859
2356	8.1535
2358	8.15955
2360	8.16609
2362	8.17267
2364	8.17784
2366	8.18258
2368	8.1878
2370	8.19301
2372	8.1987
2374	8.20177
2376	8.20544
2378	8.20957
2380	8.21278
2382	8.21584
2384	8.21873
2386	8.22105
2388	8.22377
2390	8.22494
2392	8.2258
2394	8.2278
2396	8.22906
2398	8.23061
2400	8.23259
2402	8.23347
2404	8.23427
2406	8.23613
2408	8.23812
2410	8.24035
2412	8.24032
2414	8.24068
2416	8.24255
2418	8.24299
2420	8.24221
2422	8.24247
2424	8.24273
2426	8.24304
2428	8.24273
2430	8.24273
2432	8.24412
2434	8.24585
2436	8.24629
2438	8.24812
2440	8.24978
2442	8.25026
2444	8.25125
2446	8.25169
2448	8.25268
2450	8.25319
2452	8.2538
2454	8.25386
2456	8.25475
2458	8.25616
2460	8.25609
2462	8.25682
2464	8.25806
2466	8.25918
2468	8.25945
2470	8.25954
2472	8.26041
2474	8.26135
2476	8.26143
2478	8.26124
2480	8.26097
2482	8.26092
2484	8.26116
2486	8.26059
2488	8.26062
2490	8.25983
2492	8.26017
2494	8.25945
2496	8.25915
2498	8.26003
2500	8.26032
2502	8.26063
2504	8.26128
2506	8.26238
2508	8.26278
2510	8.26285
2512	8.26276
2514	8.26198
2516	8.26177
2518	8.26271
2520	8.26315
2522	8.26299
2524	8.25977
2526	8.17885
2528	7.88216
2530	7.42888
2532	6.90119
2534	6.36029
2536	5.84367
2538	5.37421
2540	4.9512
2542	4.57955
2544	4.25944
2546	3.99558
2548	3.78383
2550	3.61811
2552	3.48701
2554	3.40715
2556	3.4575
2558	3.65015
2560	3.93525
2562	4.26865
2564	4.61836
2566	4.95813
2568	5.27611
2570	5.56985
2572	5.8351
2574	6.06987
2576	6.28094
2578	6.46773
2580	6.63122
2582	6.77349
2584	6.89881
2586	7.00921
2588	7.104
2590	7.18668
2592	7.2603
2594	7.32449
2596	7.3795
2598	7.42904
2600	7.4726
2602	7.51131
2604	7.54566
2606	7.57643
2608	7.60484
2610	7.62884
2612	7.6499
2614	7.66967
2616	7.68937
2618	7.70703
2620	7.72416
2622	7.73997
2624	7.75363
2626	7.76678
2628	7.77929
2630	7.79158
2632	7.80253
2634	7.81315
2636	7.8226
2638	7.83075
2640	7.83904
2642	7.84541
2644	7.85259
2646	7.86081
2648	7.86896
2650	7.87656
2652	7.88433
2654	7.88941
2656	7.89519
2658	7.90106
2660	7.90677
2662	7.91124
2664	7.91682
2666	7.92081
2668	7.92527
2670	7.93019
2672	7.93456
2674	7.93881
2676	7.9425
2678	7.94499
2680	7.94749
2682	7.95038
2684	7.95181
2686	7.95417
2688	7.95666
2690	7.95928
2692	7.96122
2694	7.96303
2696	7.96319
2698	7.96678
2700	7.96901
2702	7.9703
2704	7.97345
2706	7.97461
2708	7.97526
2710	7.97743
2712	7.97726
2714	7.97809
2716	7.97949
2718	7.98089
2720	7.98263
2722	7.98389
2724	7.98436
2726	7.98556
2728	7.9884
2730	7.9899
2732	7.99062
2734	7.99163
2736	7.99223
2738	7.99411
2740	7.99583
2742	7.99708
2744	7.99795
2746	7.99946
2748	8.00083
2750	8.00075
2752	8.00147
2754	8.00324
2756	8.00482
2758	8.00636
2760	8.00837
2762	8.01028
2764	8.0122
2766	8.01237
2768	8.01285
2770	8.0135
2772	8.01451
2774	8.01616
2776	8.01667
2778	8.01656
2780	8.01606
2782	8.01628
2784	8.01708
2786	8.01786
2788	8.01879
2790	8.02022
2792	8.02171
2794	8.02205
2796	8.02274
2798	8.02448
2800	8.02562
2802	8.02789
2804	8.02934
2806	8.03182
2808	8.0334
2810	8.03486
2812	8.03693
2814	8.03877
2816	8.04156
2818	8.04277
2820	8.04345
2822	8.04305
2824	8.04376
2826	8.04536
2828	8.04655
2830	8.04813
2832	8.0506
2834	8.05287
2836	8.0537
2838	8.05437
2840	8.05616
2842	8.05798
2844	8.05802
2846	8.05694
2848	8.05699
2850	8.05793
2852	8.05904
2854	8.05977
2856	8.06096
2858	8.06258
2860	8.06369
2862	8.06487
2864	8.06553
2866	8.06644
2868	8.06872
2870	8.0692
2872	8.07
2874	8.07146
2876	8.07252
2878	8.07371
2880	8.07483
2882	8.07655
2884	8.07776
2886	8.07878
2888	8.07962
2890	8.0811
2892	8.08296
2894	8.08474
2896	8.08587
2898	8.08763
2900	8.08969
2902	8.09178
2904	8.09427
2906	8.09723
2908	8.09781
2910	8.09868
2912	8.10204
2914	8.10326
2916	8.10532
2918	8.1066
2920	8.10993
2922	8.11314
2924	8.11442
2926	8.11772
2928	8.12037
2930	8.12375
2932	8.12739
2934	8.13087
2936	8.13489
2938	8.13813
2940	8.14092
2942	8.14595
2944	8.14948
2946	8.15204
2948	8.15619
2950	8.16112
2952	8.16692
2954	8.17159
2956	8.17685
2958	8.1814
2960	8.18604
2962	8.19049
2964	8.1958
2966	8.20081
2968	8.20456
2970	8.20894
2972	8.21358
2974	8.21803
2976	8.22226
2978	8.22708
2980	8.23157
2982	8.23575
2984	8.23967
2986	8.24289
2988	8.24723
2990	8.2502
2992	8.2532
2994	8.25635
2996	8.25941
2998	8.26257
3000	8.26401
3002	8.26572
3004	8.26824
3006	8.27044
3008	8.27275
3010	8.27326
3012	8.27554
3014	8.27674
3016	8.27772
3018	8.27879
3020	8.27977
3022	8.28104
3024	8.28202
3026	8.2825
3028	8.28435
3030	8.28514
3032	8.28517
3034	8.28501
3036	8.28608
3038	8.28573
3040	8.28613
3042	8.28624
3044	8.28736
3046	8.288
3048	8.28802
3050	8.29003
3052	8.29129
3054	8.29207
3056	8.29274
3058	8.29248
3060	8.29239
3062	8.29259
3064	8.2924
3066	8.29307
3068	8.29351
3070	8.29466
3072	8.29547
3074	8.29555
3076	8.29553
3078	8.29551
3080	8.29709
3082	8.29829
3084	8.29889
3086	8.3003
3088	8.29896
3090	8.29905
3092	8.29851
3094	8.30047
3096	8.30098
3098	8.30126
3100	8.30122
3102	8.30057
3104	8.30054
3106	8.30063
3108	8.30093
3110	8.30124
3112	8.30101
3114	8.30144
3116	8.30225
3118	8.30349
3120	8.30373
3122	8.30262
3124	8.30164
3126	8.24921
3128	8.02816
3130	7.66579
3132	7.23027
3134	6.77584
3136	6.33745
3138	5.93369
3140	5.57391
3142	5.26118
3144	4.99318
3146	4.7689
3148	4.58743
3150	4.44187
3152	4.32702
3154	4.25115
3156	4.2732
3158	4.41298
3160	4.63853
3162	4.91164
3164	5.20146
3166	5.48612
3168	5.75481
3170	6.0014
3172	6.22619
3174	6.42929
3176	6.60814
3178	6.76622
3180	6.90564
3182	7.02627
3184	7.13247
3186	7.22571
3188	7.30719
3190	7.3774
3192	7.43891
3194	7.49278
3196	7.54093
3198	7.58234
3200	7.61772
3202	7.64876
3204	7.67642
3206	7.70232
3208	7.72421
3210	7.74422
3212	7.76365
3214	7.78118
3216	7.79774
3218	7.81237
3220	7.8262
3222	7.83973
3224	7.85359
3226	7.86707
3228	7.8785
3230	7.88789
3232	7.89684
3234	7.90542
3236	7.91388
3238	7.92092
3240	7.92832
3242	7.93451
3244	7.94172
3246	7.94832
3248	7.95394
3250	7.9586
3252	7.96174
3254	7.96654
3256	7.97145
3258	7.97597
3260	7.97969
3262	7.98351
3264	7.98746
3266	7.99141
3268	7.99468
3270	7.99856
3272	8.00209
3274	8.0048
3276	8.0075
3278	8.01092
3280	8.0136
3282	8.01565
3284	8.01818
3286	8.01997
3288	8.0215
3290	8.02388
3292	8.02569
3294	8.02739
3296	8.02851
3298	8.02932
3300	8.0301
3302	8.03027
3304	8.03176
3306	8.03438
3308	8.03554
3310	8.03824
3312	8.04049
3314	8.0424
3316	8.04414
3318	8.0457
3320	8.04716
3322	8.04936
3324	8.05149
3326	8.0536
3328	8.05356
3330	8.05437
3332	8.05598
3334	8.0559
3336	8.05654
3338	8.05749
3340	8.05748
3342	8.05819
3344	8.06027
3346	8.06358
3348	8.06253
3350	8.06278
3352	8.0623
3354	8.06178
3356	8.06144
3358	8.06394
3360	8.06513
3362	8.06627
3364	8.06861
3366	8.06849
3368	8.06907
3370	8.06915
3372	8.07158
3374	8.07235
3376	8.07244
3378	8.07357
3380	8.07415
3382	8.07514
3384	8.07651
3386	8.07783
3388	8.07758
3390	8.07657
3392	8.07651
3394	8.07787
3396	8.07818
3398	8.07946
3400	8.08101
3402	8.08172
3404	8.08216
3406	8.08508
3408	8.08602
3410	8.08716
3412	8.08923
3414	8.09144
3416	8.09206
3418	8.09239
3420	8.09341
3422	8.09318
3424	8.09537
3426	8.09584
3428	8.09642
3430	8.09663
3432	8.09681
3434	8.09762
3436	8.09767
3438	8.09887
3440	8.09987
3442	8.10047
3444	8.10242
3446	8.10377
3448	8.10366
3450	8.10458
3452	8.10564
3454	8.10615
3456	8.10713
3458	8.10767
3460	8.10832
3462	8.11061
3464	8.11214
3466	8.11271
3468	8.11366
3470	8.11242
3472	8.11375
3474	8.11519
3476	8.11628
3478	8.1168
3480	8.11879
3482	8.11964
3484	8.12053
3486	8.12094
3488	8.12063
3490	8.12183
3492	8.12302
3494	8.12483
3496	8.12607
3498	8.12712
3500	8.12959
3502	8.13096
3504	8.13122
3506	8.13287
3508	8.13441
3510	8.13664
3512	8.13857
3514	8.13959
3516	8.14131
3518	8.14402
3520	8.14632
3522	8.15055
3524	8.15406
3526	8.1563
3528	8.15823
3530	8.15983
3532	8.16261
3534	8.16327
3536	8.16463
3538	8.1682
3540	8.17223
3542	8.17678
3544	8.17849
3546	8.18151
3548	8.18456
3550	8.18781
3552	8.19257
3554	8.19743
3556	8.19957
3558	8.20268
3560	8.20593
3562	8.2103
3564	8.21356
3566	8.21725
3568	8.22218
3570	8.22769
3572	8.23134
3574	8.23503
3576	8.23886
3578	8.24443
3580	8.24961
3582	8.25448
3584	8.25853
3586	8.26363
3588	8.26746
3590	8.27102
3592	8.27496
3594	8.27745
3596	8.28069
3598	8.283
3600	8.28576
3602	8.2879
3604	8.291
3606	8.29413
3608	8.29591
3610	8.29801
3612	8.29954
3614	8.30149
3616	8.30369
3618	8.30444
3620	8.30524
3622	8.30659
3624	8.30762
3626	8.30945
3628	8.31065
3630	8.31206
3632	8.31366
3634	8.31366
3636	8.31366
3638	8.31446
3640	8.31626
3642	8.31731
3644	8.31802
3646	8.32007
3648	8.32204
3650	8.32233
3652	8.32347
3654	8.32461
3656	8.3246
3658	8.32708
3660	8.32849
3662	8.32923
3664	8.32879
3666	8.3297
3668	8.33067
3670	8.33113
3672	8.33079
3674	8.33104
3676	8.33114
3678	8.33116
3680	8.33159
3682	8.33164
3684	8.33204
3686	8.33325
3688	8.33367
3690	8.33297
3692	8.33362
3694	8.33533
3696	8.33544
3698	8.33518
3700	8.33578
3702	8.33707
3704	8.33811
3706	8.3374
3708	8.33637
3710	8.33683
3712	8.33739
3714	8.33696
3716	8.33693
3718	8.33553
3720	8.33469
3722	8.33516
3724	8.33503
3726	8.30127
3728	8.13147
3730	7.83444
3732	7.46707
3734	7.07888
3736	6.70248
3738	6.35543
3740	6.04869
3742	5.7818
3744	5.55269
3746	5.36114
3748	5.20152
3750	5.07284
3752	4.97101
3754	4.89921
3756	4.9035
3758	5.01134
3760	5.20053
3762	5.43422
3764	5.68065
3766	5.92366
3768	6.15208
3770	6.36385
3772	6.55472
3774	6.72707
3776	6.87955
3778	7.01381
3780	7.13218
3782	7.23512
3784	7.32536
3786	7.40499
3788	7.47448
3790	7.5348
3792	7.58679
3794	7.63257
3796	7.67223
3798	7.70693
3800	7.73969
3802	7.76679
3804	7.79026
3806	7.8115
3808	7.83106
3810	7.84968
3812	7.86571
3814	7.87926
3816	7.892
3818	7.9033
3820	7.91452
3822	7.92471
3824	7.93519
3826	7.94449
3828	7.95269
3830	7.9611
3832	7.96882
3834	7.97563
3836	7.98054
3838	7.98665
3840	7.99321
3842	7.99776
3844	8.00178
3846	8.0069
3848	8.01188
3850	8.01609
3852	8.02011
3854	8.024
3856	8.02744
3858	8.03002
3860	8.03363
3862	8.036
3864	8.03782
3866	8.03988
3868	8.04282
3870	8.04496
3872	8.04777
3874	8.05066
3876	8.05291
3878	8.05577
3880	8.05904
3882	8.06077
3884	8.06399
3886	8.06584
3888	8.06848
3890	8.06915
3892	8.07199
3894	8.07514
3896	8.07498
3898	8.0765
3900	8.07796
3902	8.07992
3904	8.08201
3906	8.08285
3908	8.08401
3910	8.08645
3912	8.08805
3914	8.08968
3916	8.09142
3918	8.0925
3920	8.09315
3922	8.09412
3924	8.09663
3926	8.09783
3928	8.09736
3930	8.09805
3932	8.10003
3934	8.10166
3936	8.10346
3938	8.10459
3940	8.10571
3942	8.10622
3944	8.10714
3946	8.10728
3948	8.10792
3950	8.10735
3952	8.1083
3954	8.10782
3956	8.10826
3958	8.11028
3960	8.1114
3962	8.11261
3964	8.11403
3966	8.11409
3968	8.11415
3970	8.11353
3972	8.11455
3974	8.11567
3976	8.11587
3978	8.11738
3980	8.11805
3982	8.11958
3984	8.11948
3986	8.11918
3988	8.12037
3990	8.12225
3992	8.12449
3994	8.1242
3996	8.12487
3998	8.12462
4000	8.12427
4002	8.12321
4004	8.12339
4006	8.12423
4008	8.12473
4010	8.12587
4012	8.12626
4014	8.127
4016	8.12908
4018	8.12992
4020	8.13066
4022	8.13222
4024	8.13295
4026	8.13495
4028	8.13571
4030	8.13632
4032	8.13729
4034	8.13901
4036	8.14014
4038	8.13944
4040	8.13945
4042	8.13964
4044	8.14067
4046	8.14239
4048	8.14427
4050	8.14472
4052	8.14445
4054	8.14455
4056	8.14653
4058	8.14837
4060	8.14869
4062	8.14948
4064	8.15068
4066	8.15161
4068	8.15256
4070	8.15395
4072	8.15592
4074	8.15745
4076	8.15834
4078	8.15939
4080	8.16167
4082	8.16312
4084	8.16451
4086	8.16594
4088	8.16607
4090	8.16739
4092	8.16902
4094	8.1706
4096	8.17261
4098	8.17287
4100	8.17563
4102	8.17675
4104	8.17756
4106	8.17827
4108	8.17881
4110	8.1811
4112	8.1822
4114	8.18393
4116	8.18653
4118	8.18752
4120	8.18856
4122	8.19101
4124	8.19359
4126	8.19581
4128	8.19627
4130	8.19754
4132	8.19954
4134	8.20199
4136	8.2036
4138	8.20491
4140	8.20676
4142	8.2081
4144	8.21088
4146	8.21431
4148	8.21658
4150	8.21989
4152	8.22139
4154	8.22504
4156	8.22748
4158	8.23033
4160	8.2333
4162	8.23659
4164	8.23938
4166	8.24356
4168	8.2486
4170	8.2511
4172	8.25504
4174	8.25902
4176	8.2625
4178	8.26683
4180	8.26966
4182	8.2723
4184	8.27653
4186	8.28049
4188	8.28462
4190	8.289
4192	8.29143
4194	8.29383
4196	8.29712
4198	8.30129
4200	8.30432
4202	8.30808
4204	8.31096
4206	8.314
4208	8.31641
4210	8.31848
4212	8.32152
4214	8.32426
4216	8.32726
4218	8.3314
4220	8.33358
4222	8.3339
4224	8.33621
4226	8.33812
4228	8.33784
4230	8.33828
4232	8.34095
4234	8.34286
4236	8.34322
4238	8.34479
4240	8.34631
4242	8.34797
4244	8.34879
4246	8.34967
4248	8.34998
4250	8.35062
4252	8.35047
4254	8.35093
4256	8.35115
4258	8.3519
4260	8.35277
4262	8.3539
4264	8.35491
4266	8.35609
4268	8.35632
4270	8.35683
4272	8.3565
4274	8.35768
4276	8.35825
4278	8.35879
4280	8.35914
4282	8.35979
4284	8.36043
4286	8.36163
4288	8.3624
4290	8.36334
4292	8.36483
4294	8.36361
4296	8.36504
4298	8.36598
4300	8.36527
4302	8.36521
4304	8.36599
4306	8.36645
4308	8.36701
4310	8.36593
4312	8.36507
4314	8.36553
4316	8.36666
4318	8.36798
4320	8.36772
4322	8.36871
4324	8.36829
4326	8.34499
4328	8.21106
4330	7.96782
4332	7.66307
4334	7.33458
4336	7.01138
4338	6.71158
4340	6.4472
4342	6.21454
4344	6.01342
4346	5.84579
4348	5.70879
4350	5.59586
4352	5.50839
4354	5.44631
4356	5.4472
4358	5.53589
4360	5.69252
4362	5.8899
4364	6.10413
4366	6.3156
4368	6.51429
4370	6.69606
4372	6.86089
4374	7.00906
4376	7.13905
4378	7.25419
4380	7.3553
4382	7.44241
4384	7.5172
4386	7.58114
4388	7.63732
4390	7.68598
4392	7.7283
4394	7.76501
4396	7.79681
4398	7.82361
4400	7.84863
4402	7.87008
4404	7.89
4406	7.90646
4408	7.92138
4410	7.93608
4412	7.94805
4414	7.95908
4416	7.96976
4418	7.9794
4420	7.98819
4422	7.9959
4424	8.00248
4426	8.00862
4428	8.01659
4430	8.02212
4432	8.02805
4434	8.03384
4436	8.03925
4438	8.04416
4440	8.04951
4442	8.05389
4444	8.05777
4446	8.06151
4448	8.06501
4450	8.06885
4452	8.07244
4454	8.075
4456	8.07791
4458	8.08044
4460	8.08449
4462	8.08655
4464	8.0888
4466	8.09083
4468	8.09376
4470	8.09664
4472	8.09764
4474	8.09827
4476	8.1004
4478	8.10207
4480	8.10378
4482	8.10446
4484	8.10597
4486	8.1075
4488	8.10912
4490	8.11082
4492	8.1118
4494	8.11318
4496	8.1142
4498	8.11539
4500	8.11783
4502	8.11941
4504	8.12086
4506	8.12222
4508	8.12495
4510	8.12641
4512	8.12808
4514	8.12894
4516	8.12925
4518	8.13057
4520	8.13235
4522	8.1336
4524	8.13515
4526	8.13473
4528	8.13553
4530	8.13779
4532	8.13932
4534	8.13913
4536	8.14112
4538	8.14293
4540	8.14358
4542	8.14413
4544	8.14508
4546	8.14656
4548	8.14674
4550	8.14781
4552	8.14857
4554	8.14944
4556	8.15208
4558	8.15282
4560	8.15296
4562	8.15335
4564	8.15479
4566	8.15577
4568	8.15692
4570	8.15713
4572	8.15727
4574	8.15808
4576	8.15829
4578	8.16033
4580	8.16149
4582	8.16104
4584	8.16112
4586	8.16184
4588	8.16413
4590	8.16472
4592	8.165
4594	8.1669
4596	8.16681
4598	8.16703
4600	8.168
4602	8.1678
4604	8.16807
4606	8.16791
4608	8.16738
4610	8.1661
4612	8.16682
4614	8.16728
4616	8.16846
4618	8.16853
4620	8.1681
4622	8.16869
4624	8.1696
4626	8.17092
4628	8.17224
4630	8.17258
4632	8.1736
4634	8.17392
4636	8.17499
4638	8.17486
4640	8.17575
4642	8.17666
4644	8.17826
4646	8.17986
4648	8.17974
4650	8.17915
4652	8.18064
4654	8.18204
4656	8.18315
4658	8.18532
4660	8.18701
4662	8.18764
4664	8.18795
4666	8.18823
4668	8.18971
4670	8.18992
4672	8.19012
4674	8.19066
4676	8.1913
4678	8.19178
4680	8.19247
4682	8.19384
4684	8.19406
4686	8.19409
4688	8.19466
4690	8.19535
4692	8.19606
4694	8.19765
4696	8.19929
4698	8.20037
4700	8.20092
4702	8.20178
4704	8.20276
4706	8.20363
4708	8.20523
4710	8.20617
4712	8.20734
4714	8.20967
4716	8.21171
4718	8.21239
4720	8.21315
4722	8.21466
4724	8.21683
4726	8.21864
4728	8.22063
4730	8.22182
4732	8.22374
4734	8.22603
4736	8.2279
4738	8.23108
4740	8.23372
4742	8.23526
4744	8.23705
4746	8.23863
4748	8.24107
4750	8.2429
4752	8.24491
4754	8.24743
4756	8.24971
4758	8.25233
4760	8.25619
4762	8.25862
4764	8.26091
4766	8.26343
4768	8.26733
4770	8.27043
4772	8.27306
4774	8.27483
4776	8.2778
4778	8.28215
4780	8.28533
4782	8.28863
4784	8.29161
4786	8.29447
4788	8.29805
4790	8.30133
4792	8.30504
4794	8.30928
4796	8.31169
4798	8.31449
4800	8.31849
4802	8.32281
4804	8.32524
4806	8.32802
4808	8.3301
4810	8.33351
4812	8.33822
4814	8.34111
4816	8.34436
4818	8.34694
4820	8.3492
4822	8.35175
4824	8.3544
4826	8.35609
4828	8.35913
4830	8.36166
4832	8.36337
4834	8.36598
4836	8.36764
4838	8.36838
4840	8.37124
4842	8.37248
4844	8.37468
4846	8.37514
4848	8.37613
4850	8.37799
4852	8.37804
4854	8.37865
4856	8.37944
4858	8.38021
4860	8.3818
4862	8.38332
4864	8.38393
4866	8.38514
4868	8.38678
4870	8.38746
4872	8.38859
4874	8.38996
4876	8.39132
4878	8.39043
4880	8.39112
4882	8.39255
4884	8.39267
4886	8.39119
4888	8.39206
4890	8.39208
4892	8.39145
4894	8.39258
4896	8.39251
4898	8.3933
4900	8.3934
4902	8.39368
4904	8.39412
4906	8.39388
4908	8.3949
4910	8.3952
4912	8.39555
4914	8.39636
4916	8.39704
4918	8.3975
4920	8.39636
4922	8.39638
4924	8.39647
4926	8.38079
4928	8.28081
4930	8.08536
4932	7.83533
4934	7.56548
4936	7.2984
4938	7.04914
4940	6.82502
4942	6.62691
4944	6.45436
4946	6.30734
4948	6.18404
4950	6.08323
4952	6.00129
4954	5.94257
4956	5.9327
4958	5.99748
4960	6.12163
4962	6.28104
4964	6.45508
4966	6.63023
4968	6.79782
4970	6.95138
4972	7.09054
4974	7.21536
4976	7.32705
4978	7.42462
4980	7.50934
4982	7.58454
4984	7.65041
4986	7.70764
4988	7.75637
4990	7.7981
4992	7.83501
4994	7.86727
4996	7.89584
4998	7.91997
5000	7.93837
5002	7.95491
5004	7.97204
5006	7.98592
5008	7.99882
5010	8.01045
5012	8.0212
5014	8.03025
5016	8.03903
5018	8.04632
5020	8.05305
5022	8.05973
5024	8.06602
5026	8.0713
5028	8.07767
5030	8.08253
5032	8.08725
5034	8.09217
5036	8.09629
5038	8.1009
5040	8.10511
5042	8.109
5044	8.11295
5046	8.11718
5048	8.12032
5050	8.12441
5052	8.12798
5054	8.13018
5056	8.1329
5058	8.13597
5060	8.13837
5062	8.14084
5064	8.14294
5066	8.14545
5068	8.1466
5070	8.14918
5072	8.15023
5074	8.1505
5076	8.151
5078	8.15225
5080	8.15387
5082	8.15568
5084	8.15743
5086	8.15817
5088	8.15969
5090	8.15973
5092	8.16075
5094	8.1615
5096	8.1627
5098	8.16476
5100	8.16577
5102	8.16685
5104	8.16717
5106	8.16791
5108	8.17054
5110	8.17062
5112	8.17074
5114	8.17154
5116	8.17208
5118	8.17294
5120	8.17446
5122	8.17517
5124	8.17589
5126	8.17613
5128	8.17596
5130	8.17657
5132	8.1779
5134	8.17877
5136	8.17967
5138	8.1802
5140	8.18043
5142	8.18249
5144	8.18273
5146	8.18168
5148	8.18229
5150	8.18329
5152	8.18479
5154	8.18371
5156	8.18318
5158	8.1841
5160	8.18563
5162	8.18585
5164	8.18622
5166	8.18769
5168	8.18846
5170	8.18932
5172	8.19005
5174	8.19097
5176	8.19214
5178	8.19215
5180	8.19241
5182	8.19364
5184	8.19398
5186	8.19337
5188	8.19365
5190	8.19273
5192	8.19299
5194	8.19239
5196	8.1943
5198	8.19577
5200	8.19614
5202	8.19729
5204	8.19818
5206	8.19797
5208	8.19832
5210	8.19925
5212	8.1993
5214	8.19959
5216	8.20064
5218	8.20099
5220	8.20172
5222	8.20184
5224	8.20097
5226	8.20269
5228	8.20293
5230	8.20355
5232	8.20473
5234	8.20421
5236	8.20407
5238	8.20493
5240	8.20448
5242	8.20566
5244	8.20651
5246	8.20611
5248	8.2085
5250	8.20889
5252	8.20814
5254	8.20707
5256	8.20787
5258	8.20921
5260	8.20946
5262	8.2094
5264	8.21057
5266	8.21106
5268	8.21161
5270	8.2127
5272	8.21399
5274	8.2157
5276	8.21811
5278	8.21933
5280	8.2208
5282	8.22168
5284	8.22281
5286	8.22184
5288	8.22266
5290	8.22433
5292	8.22505
5294	8.22586
5296	8.22651
5298	8.22736
5300	8.2279
5302	8.23
5304	8.23178
5306	8.23294
5308	8.23376
5310	8.23408
5312	8.23575
5314	8.23815
5316	8.23985
5318	8.24007
5320	8.2417
5322	8.24307
5324	8.242
5326	8.24349
5328	8.2453
5330	8.24638
5332	8.24684
5334	8.24934
5336	8.25173
5338	8.2532
5340	8.25462
5342	8.25702
5344	8.2579
5346	8.25876
5348	8.25933
5350	8.25983
5352	8.26211
5354	8.26402
5356	8.26628
5358	8.26663
5360	8.2701
5362	8.27323
5364	8.27641
5366	8.27916
5368	8.28136
5370	8.28417
5372	8.28624
5374	8.28841
5376	8.29119
5378	8.29299
5380	8.29643
5382	8.29965
5384	8.30355
5386	8.30793
5388	8.31075
5390	8.3133
5392	8.31596
5394	8.31955
5396	8.32305
5398	8.32774
5400	8.33159
5402	8.335
5404	8.33852
5406	8.34125
5408	8.34334
5410	8.34714
5412	8.35061
5414	8.35319
5416	8.3551
5418	8.3589
5420	8.36242
5422	8.36515
5424	8.36804
5426	8.37089
5428	8.37334
5430	8.37564
5432	8.37763
5434	8.37931
5436	8.38107
5438	8.38171
5440	8.38333
5442	8.38624
5444	8.38835
5446	8.39025
5448	8.39199
5450	8.3939
5452	8.39565
5454	8.39661
5456	8.39904
5458	8.40084
5460	8.40257
5462	8.40454
5464	8.40558
5466	8.40612
5468	8.40798
5470	8.40918
5472	8.40962
5474	8.40882
5476	8.40992
5478	8.41088
5480	8.4123
5482	8.41318
5484	8.413
5486	8.41282
5488	8.41386
5490	8.41413
5492	8.41384
5494	8.41504
5496	8.41593
5498	8.41562
5500	8.41587
5502	8.41772
5504	8.4177
5506	8.41789
5508	8.41707
5510	8.4166
5512	8.41734
5514	8.41833
5516	8.41731
5518	8.41711
5520	8.41841
5522	8.41939
5524	8.41941
5526	8.40849
5528	8.33414
5530	8.17611
5532	7.96666
5534	7.73431
5536	7.50132
5538	7.28299
5540	7.09011
5542	6.92254
5544	6.77691
5546	6.65462
5548	6.55286
5550	6.47041
5552	6.40511
5554	6.35679
5556	6.34157
5558	6.38575
5560	6.48325
5562	6.61474
5564	6.76147
5566	6.90958
5568	7.05082
5570	7.18082
5572	7.2988
5574	7.40488
5576	7.49739
5578	7.57948
5580	7.65091
5582	7.71209
5584	7.76689
5586	7.81319
5588	7.85506
5590	7.89186
5592	7.92263
5594	7.94831
5596	7.97165
5598	7.99109
5600	8.00701
5602	8.02338
5604	8.03748
5606	8.05002
5608	8.06119
5610	8.07115
5612	8.07972
5614	8.08688
5616	8.09464
5618	8.1017
5620	8.10821
5622	8.11417
5624	8.11894
5626	8.12325
5628	8.12836
5630	8.1321
5632	8.13534
5634	8.13908
5636	8.14311
5638	8.14643
5640	8.15033
5642	8.15323
5644	8.15565
5646	8.15799
5648	8.16008
5650	8.16124
5652	8.16454
5654	8.16715
5656	8.1691
5658	8.17111
5660	8.17272
5662	8.17401
5664	8.17577
5666	8.17809
5668	8.18012
5670	8.1816
5672	8.1832
5674	8.18411
5676	8.18549
5678	8.18606
5680	8.18769
5682	8.18944
5684	8.19145
5686	8.19281
5688	8.19276
5690	8.19314
5692	8.19432
5694	8.19578
5696	8.19572
5698	8.19521
5700	8.19592
5702	8.19704
5704	8.19725
5706	8.19925
5708	8.19968
5710	8.19989
5712	8.20097
5714	8.2011
5716	8.20294
5718	8.20472
5720	8.20564
5722	8.20697
5724	8.20763
5726	8.20807
5728	8.20874
5730	8.20889
5732	8.20841
5734	8.20982
5736	8.21159
5738	8.21192
5740	8.21258
5742	8.21326
5744	8.21315
5746	8.21434
5748	8.21474
5750	8.21515
5752	8.21704
5754	8.21677
5756	8.21772
5758	8.2184
5760	8.21866
5762	8.22008
5764	8.2197
5766	8.21951
5768	8.22026
5770	8.22109
5772	8.2211
5774	8.22157
5776	8.22223
5778	8.22296
5780	8.22354
5782	8.22415
5784	8.22472
5786	8.22524
5788	8.22531
5790	8.22638
5792	8.22588
5794	8.22658
5796	8.2271
5798	8.22773
5800	8.22623
5802	8.22579
5804	8.226
5806	8.2267
5808	8.22769
5810	8.22771
5812	8.22824
5814	8.22916
5816	8.23015
5818	8.23156
5820	8.23177
5822	8.23091
5824	8.23152
5826	8.23222
5828	8.23215
5830	8.232
5832	8.23221
5834	8.23244
5836	8.23466
5838	8.23538
5840	8.23506
5842	8.23605
5844	8.23598
5846	8.23693
5848	8.23802
5850	8.23894
5852	8.24
5854	8.24082
5856	8.24104
5858	8.24272
5860	8.24294
5862	8.24409
5864	8.24493
5866	8.24523
5868	8.24578
5870	8.24637
5872	8.24732
5874	8.24897
5876	8.24962
5878	8.25056
5880	8.25062
5882	8.25172
5884	8.25293
5886	8.25483
5888	8.255
5890	8.25616
5892	8.25754
5894	8.25825
5896	8.25917
5898	8.25941
5900	8.25929
5902	8.26047
5904	8.26088
5906	8.26112
5908	8.2616
5910	8.26223
5912	8.26338
5914	8.26448
5916	8.26478
5918	8.26514
5920	8.26723
5922	8.26868
5924	8.26966
5926	8.26995
5928	8.27125
5930	8.27211
5932	8.27513
5934	8.27802
5936	8.27983
5938	8.28158
5940	8.28365
5942	8.28487
5944	8.28713
5946	8.29012
5948	8.29196
5950	8.29377
5952	8.29504
5954	8.29606
5956	8.29959
5958	8.30148
5960	8.30191
5962	8.30382
5964	8.30582
5966	8.30884
5968	8.31069
5970	8.31139
5972	8.31372
5974	8.31563
5976	8.31632
5978	8.31797
5980	8.3205
5982	8.32269
5984	8.3249
5986	8.32786
5988	8.32949
5990	8.33169
5992	8.33362
5994	8.33603
5996	8.33868
5998	8.34103
6000	8.34318
6002	8.3459
6004	8.34848
6006	8.35039
6008	8.35295
6010	8.35643
6012	8.35955
6014	8.36282
6016	8.36657
6018	8.36811
6020	8.37155
6022	8.37463
6024	8.37769
6026	8.37954
6028	8.3812
6030	8.38312
6032	8.38507
6034	8.38828
6036	8.39048
6038	8.39247
6040	8.39543
6042	8.39637
6044	8.39851
6046	8.40106
6048	8.40173
6050	8.40296
6052	8.40568
6054	8.40649
6056	8.40825
6058	8.41032
6060	8.41231
6062	8.41384
6064	8.41536
6066	8.41774
6068	8.41881
6070	8.41993
6072	8.42172
6074	8.42133
6076	8.42266
6078	8.42296
6080	8.42395
6082	8.42318
6084	8.42367
6086	8.42516
6088	8.42591
6090	8.42654
6092	8.42743
6094	8.42839
6096	8.43015
6098	8.43073
6100	8.43253
6102	8.43274
6104	8.43378
6106	8.43356
6108	8.43345
6110	8.43471
6112	8.43493
6114	8.43487
6116	8.43543
6118	8.43625
6120	8.43588
6122	8.43696
6124	8.43761
6126	8.43339
6128	8.38182
6130	8.25725
6132	8.08831
6134	7.89723
6136	7.70432
6138	7.52317
6140	7.35913
6142	7.21493
6144	7.08825
6146	6.9804
6148	6.89029
6150	6.8172
6152	6.75902
6154	6.71362
6156	6.69184
6158	6.71753
6160	6.7898
6162	6.89273
6164	7.01163
6166	7.13204
6168	7.24853
6170	7.35588
6172	7.45432
6174	7.54243
6176	7.62123
6178	7.69074
6180	7.75253
6182	7.80579
6184	7.85201
6186	7.89322
6188	7.9291
6190	7.95929
6192	7.98477
6194	8.00578
6196	8.02481
6198	8.04183
6200	8.05766
6202	8.07094
6204	8.08207
6206	8.0922
6208	8.10039
6210	8.10784
6212	8.11626
6214	8.12225
6216	8.12745
6218	8.13439
6220	8.13948
6222	8.14514
6224	8.1496
6226	8.15371
6228	8.1573
6230	8.16141
6232	8.16524
6234	8.16705
6236	8.17056
6238	8.17475
6240	8.1775
6242	8.17952
6244	8.18243
6246	8.18439
6248	8.18467
6250	8.18662
6252	8.18933
6254	8.18999
6256	8.19195
6258	8.19338
6260	8.19454
6262	8.19606
6264	8.1973
6266	8.19835
6268	8.19967
6270	8.20125
6272	8.20344
6274	8.20461
6276	8.20577
6278	8.20725
6280	8.20948
6282	8.21074
6284	8.21337
6286	8.21521
6288	8.21681
6290	8.21668
6292	8.21659
6294	8.21669
6296	8.2183
6298	8.21809
6300	8.21918
6302	8.22027
6304	8.22024
6306	8.22076
6308	8.22078
6310	8.22065
6312	8.21973
6314	8.22137
6316	8.22196
6318	8.22148
6320	8.22208
6322	8.22245
6324	8.22382
6326	8.22464
6328	8.2263
6330	8.226
6332	8.22667
6334	8.22656
6336	8.22718
6338	8.22838
6340	8.23034
6342	8.23188
6344	8.23329
6346	8.23464
6348	8.23511
6350	8.23489
6352	8.23526
6354	8.23622
6356	8.23818
6358	8.23921
6360	8.23864
6362	8.23963
6364	8.24101
6366	8.24221
6368	8.24256
6370	8.24191
6372	8.24237
6374	8.24282
6376	8.24394
6378	8.24403
6380	8.24351
6382	8.24233
6384	8.24167
6386	8.24197
6388	8.24254
6390	8.2426
6392	8.24287
6394	8.24141
6396	8.24041
6398	8.24176
6400	8.24255
6402	8.24181
6404	8.24206
6406	8.24231
6408	8.24264
6410	8.24304
6412	8.24394
6414	8.24515
6416	8.2468
6418	8.24789
6420	8.24946
6422	8.25012
6424	8.24932
6426	8.25051
6428	8.25065
6430	8.25099
6432	8.25335
6434	8.25422
6436	8.25588
6438	8.2561
6440	8.25602
6442	8.25698
6444	8.25763
6446	8.25855
6448	8.25912
6450	8.2594
6452	8.26054
6454	8.26236
6456	8.26257
6458	8.26233
6460	8.26275
6462	8.26384
6464	8.26522
6466	8.2655
6468	8.26623
6470	8.26621
6472	8.26603
6474	8.2669
6476	8.26731
6478	8.2673
6480	8.2678
6482	8.26909
6484	8.26945
6486	8.26999
6488	8.27229
6490	8.27439
6492	8.2762
6494	8.27651
6496	8.27725
6498	8.27793
6500	8.27837
6502	8.27947
6504	8.28121
6506	8.28201
6508	8.28289
6510	8.28374
6512	8.28422
6514	8.28396
6516	8.2858
6518	8.28837
6520	8.28926
6522	8.29021
6524	8.29137
6526	8.2918
6528	8.29325
6530	8.29473
6532	8.29623
6534	8.29698
6536	8.29741
6538	8.29767
6540	8.29907
6542	8.29995
6544	8.30064
6546	8.30308
6548	8.30568
6550	8.30706
6552	8.30743
6554	8.30982
6556	8.31129
6558	8.31346
6560	8.31466
6562	8.31618
6564	8.31847
6566	8.32041
6568	8.32079
6570	8.32222
6572	8.32449
6574	8.32704
6576	8.32806
6578	8.32943
6580	8.33035
6582	8.33127
6584	8.33228
6586	8.33456
6588	8.337
6590	8.3387
6592	8.34089
6594	8.34293
6596	8.34439
6598	8.3478
6600	8.35053
6602	8.35206
6604	8.35407
6606	8.35689
6608	8.35857
6610	8.3614
6612	8.36373
6614	8.36566
6616	8.36658
6618	8.36965
6620	8.37333
6622	8.37651
6624	8.37854
6626	8.38007
6628	8.38256
6630	8.3845
6632	8.38617
6634	8.38948
6636	8.39209
6638	8.39515
6640	8.39733
6642	8.39919
6644	8.40085
6646	8.40261
6648	8.4048
6650	8.4061
6652	8.40812
6654	8.41011
6656	8.4121
6658	8.41558
6660	8.41755
6662	8.4189
6664	8.42012
6666	8.42279
6668	8.42432
6670	8.42602
6672	8.427
6674	8.42751
6676	8.42865
6678	8.42933
6680	8.42991
6682	8.43231
6684	8.43328
6686	8.43412
6688	8.43418
6690	8.43514
6692	8.43618
6694	8.4367
6696	8.43826
6698	8.44059
6700	8.44225
6702	8.44408
6704	8.44453
6706	8.44621
6708	8.44633
6710	8.44701
6712	8.44854
6714	8.44861
6716	8.4495
6718	8.4493
6720	8.44873
6722	8.4492
6724	8.44932
6726	8.44747
6728	8.40534
6730	8.30156
6732	8.16005
6734	8.0014
6736	7.83953
6738	7.68744
6740	7.55016
6742	7.42816
6744	7.32259
6746	7.23189
6748	7.15663
6750	7.0936
6752	7.04528
6754	7.00812
6756	6.99067
6758	7.01197
6760	7.06778
6762	7.14735
6764	7.24112
6766	7.33799
6768	7.43315
6770	7.52347
6772	7.60523
6774	7.67648
6776	7.74158
6778	7.79961
6780	7.85137
6782	7.89337
6784	7.93101
6786	7.96396
6788	7.99259
6790	8.01821
6792	8.03974
6794	8.0579
6796	8.07364
6798	8.08776
6800	8.10084
6802	8.11218
6804	8.12165
6806	8.12998
6808	8.13648
6810	8.14374
6812	8.15172
6814	8.15769
6816	8.16407
6818	8.16903
6820	8.17394
6822	8.17865
6824	8.18177
6826	8.18531
6828	8.18908
6830	8.19343
6832	8.19401
6834	8.19668
6836	8.19834
6838	8.20027
6840	8.20267
6842	8.205
6844	8.20641
6846	8.20776
6848	8.20931
6850	8.20978
6852	8.21036
6854	8.21211
6856	8.21323
6858	8.2144
6860	8.2163
6862	8.21789
6864	8.2197
6866	8.22079
6868	8.22157
6870	8.22159
6872	8.22194
6874	8.22324
6876	8.22427
6878	8.22598
6880	8.22704
6882	8.22726
6884	8.22864
6886	8.22979
6888	8.23024
6890	8.23125
6892	8.23207
6894	8.23239
6896	8.23334
6898	8.23371
6900	8.23395
6902	8.23456
6904	8.23589
6906	8.23713
6908	8.23734
6910	8.23799
6912	8.23897
6914	8.23894
6916	8.24042
6918	8.24148
6920	8.24247
6922	8.24321
6924	8.24239
6926	8.24167
6928	8.24079
6930	8.24196
6932	8.24289
6934	8.24296
6936	8.24337
6938	8.2426
6940	8.24415
6942	8.24381
6944	8.24383
6946	8.24337
6948	8.24396
6950	8.24466
6952	8.24505
6954	8.24532
6956	8.24562
6958	8.24608
6960	8.24742
6962	8.24877
6964	8.24885
6966	8.24794
6968	8.24874
6970	8.24964
6972	8.25039
6974	8.25189
6976	8.25201
6978	8.25208
6980	8.25265
6982	8.25326
6984	8.25248
6986	8.25354
6988	8.25363
6990	8.2534
6992	8.25351
6994	8.25333
6996	8.25273
6998	8.25328
7000	8.25413
7002	8.25568
7004	8.25628
7006	8.2562
7008	8.25681
7010	8.25779
7012	8.25957
7014	8.26026
7016	8.2611
7018	8.26186
7020	8.26208
7022	8.26314
7024	8.26427
7026	8.26545
7028	8.26537
7030	8.26491
7032	8.26571
7034	8.26794
7036	8.26864
7038	8.26993
7040	8.27138
7042	8.27216
7044	8.27379
7046	8.27515
7048	8.27505
7050	8.27468
7052	8.27489
7054	8.27491
7056	8.27567
7058	8.27745
7060	8.27829
7062	8.27995
7064	8.28063
7066	8.28077
7068	8.28133
7070	8.28136
7072	8.28144
7074	8.28243
7076	8.28305
7078	8.28371
7080	8.28486
7082	8.28529
7084	8.28559
7086	8.28563
7088	8.28617
7090	8.28673
7092	8.28795
7094	8.28787
7096	8.28834
7098	8.28843
7100	8.28941
7102	8.29032
7104	8.29265
7106	8.2931
7108	8.29345
7110	8.29409
7112	8.29619
7114	8.29795
7116	8.29936
7118	8.29987
7120	8.30017
7122	8.29967
7124	8.29993
7126	8.30046
7128	8.30016
7130	8.30126
7132	8.30264
7134	8.30401
7136	8.30499
7138	8.30604
7140	8.30787
7142	8.3092
7144	8.31169
7146	8.31259
7148	8.31286
7150	8.31413
7152	8.31576
7154	8.31788
7156	8.31981
7158	8.31974
7160	8.32027
7162	8.32251
7164	8.32409
7166	8.32642
7168	8.32841
7170	8.32999
7172	8.33039
7174	8.33081
7176	8.33298
7178	8.335
7180	8.33692
7182	8.33854
7184	8.34014
7186	8.34182
7188	8.34259
7190	8.34463
7192	8.34548
7194	8.34749
7196	8.34943
7198	8.3507
7200	8.35298
7202	8.35504
7204	8.35653
7206	8.3581
7208	8.36054
7210	8.36204
7212	8.36494
7214	8.36828
7216	8.36958
7218	8.3709
7220	8.37307
7222	8.37538
7224	8.37634
7226	8.37798
7228	8.38023
7230	8.38244
7232	8.38531
7234	8.38824
7236	8.39067
7238	8.39199
7240	8.39282
7242	8.39441
7244	8.39679
7246	8.39863
7248	8.40062
7250	8.40315
7252	8.40603
7254	8.40933
7256	8.41204
7258	8.41325
7260	8.41649
7262	8.41903
7264	8.42104
7266	8.42352
7268	8.42596
7270	8.42791
7272	8.43079
7274	8.433
7276	8.4348
7278	8.43685
7280	8.43881
7282	8.4406
7284	8.44267
7286	8.44376
7288	8.44422
7290	8.44409
7292	8.44403
7294	8.44393
7296	8.44426
7298	8.44451
7300	8.44549
7302	8.4459
7304	8.44714
7306	8.44924
7308	8.44955
7310	8.44912
7312	8.44877
7314	8.44897
7316	8.45015
7318	8.45116
7320	8.45188
7322	8.4524
7324	8.45346
7326	8.45162
7328	8.42734
7330	8.34996
7332	8.23647
7334	8.10888
7336	7.97774
7338	7.85027
7340	7.73417
7342	7.62979
7344	7.53881
7346	7.46276
7348	7.40073
7350	7.34968
7352	7.30644
7354	7.27185
7356	7.2504
7358	7.25536
7360	7.29163
7362	7.35049
7364	7.42305
7366	7.50071
7368	7.57822
7370	7.65006
7372	7.71631
7374	7.77725
7376	7.8325
7378	7.88075
7380	7.92376
7382	7.96099
7384	7.99442
7386	8.02264
7388	8.04643
7390	8.0683
7392	8.08759
7394	8.10353
7396	8.11846
7398	8.1304
7400	8.14112
7402	8.1515
7404	8.15985
7406	8.16708
7408	8.17442
7410	8.18023
7412	8.18491
7414	8.18951
7416	8.1944
7418	8.19819
7420	8.20074
7422	8.20316
7424	8.20586
7426	8.21034
7428	8.2131
7430	8.21659
7432	8.2188
7434	8.22028
7436	8.22146
7438	8.22265
7440	8.22394
7442	8.22508
7444	8.22716
7446	8.22924
7448	8.22964
7450	8.22956
7452	8.23084
7454	8.23295
7456	8.23411
7458	8.23468
7460	8.23562
7462	8.237
7464	8.23859
7466	8.2396
7468	8.24083
7470	8.24296
7472	8.24302
7474	8.24349
7476	8.24389
7478	8.24348
7480	8.24441
7482	8.24567
7484	8.24626
7486	8.24756
7488	8.24922
7490	8.24881
7492	8.24973
7494	8.24978
7496	8.24997
7498	8.24985
7500	8.25142
7502	8.25198
7504	8.25173
7506	8.25238
7508	8.25253
7510	8.25384
7512	8.252
7514	8.25152
7516	8.25315
7518	8.25449
7520	8.25681
7522	8.25627
7524	8.25658
7526	8.25518
7528	8.25593
7530	8.25705
7532	8.2563
7534	8.2573
7536	8.25762
7538	8.25788
7540	8.2578
7542	8.25849
7544	8.25916
7546	8.25906
7548	8.25909
7550	8.25851
7552	8.25853
7554	8.2582
7556	8.25863
7558	8.25944
7560	8.25973
7562	8.26008
7564	8.25927
7566	8.25906
7568	8.25914
7570	8.25878
7572	8.25856
7574	8.25972
7576	8.25961
7578	8.2592
7580	8.2608
7582	8.26204
7584	8.26201
7586	8.26234
7588	8.26284
7590	8.26401
7592	8.26408
7594	8.26497
7596	8.26568
7598	8.26445
7600	8.26561
7602	8.26539
7604	8.2655
7606	8.26724
7608	8.2684
7610	8.2701
7612	8.27013
7614	8.26998
7616	8.27028
7618	8.27192
7620	8.27292
7622	8.27364
7624	8.27387
7626	8.27465
7628	8.27528
7630	8.27646
7632	8.27757
7634	8.27824
7636	8.27847
7638	8.27804
7640	8.27869
7642	8.27877
7644	8.27886
7646	8.27889
7648	8.2797
7650	8.28113
7652	8.28114
7654	8.28156
7656	8.28234
7658	8.28303
7660	8.28382
7662	8.28381
7664	8.28346
7666	8.28397
7668	8.28402
7670	8.28398
7672	8.28456
7674	8.2833
7676	8.28305
7678	8.2829
7680	8.28436
7682	8.28494
7684	8.28518
7686	8.28517
7688	8.28611
7690	8.28638
7692	8.28689
7694	8.28724
7696	8.28702
7698	8.28786
7700	8.28945
7702	8.28993
7704	8.29039
7706	8.29135
7708	8.29106
7710	8.29145
7712	8.29282
7714	8.29403
7716	8.29393
7718	8.29556
7720	8.29634
7722	8.29641
7724	8.29794
7726	8.29861
7728	8.29984
7730	8.30018
7732	8.30305
7734	8.30511
7736	8.30647
7738	8.3073
7740	8.30677
7742	8.30793
7744	8.3096
7746	8.31129
7748	8.31115
7750	8.31196
7752	8.31343
7754	8.31464
7756	8.31605
7758	8.31764
7760	8.31919
7762	8.3208
7764	8.32268
7766	8.32544
7768	8.32737
7770	8.32733
7772	8.32853
7774	8.33066
7776	8.33262
7778	8.33421
7780	8.3353
7782	8.33698
7784	8.33716
7786	8.33856
7788	8.34024
7790	8.33977
7792	8.34095
7794	8.34397
7796	8.3467
7798	8.348
7800	8.34895
7802	8.35073
7804	8.3532
7806	8.35455
7808	8.357
7810	8.3595
7812	8.3621
7814	8.36257
7816	8.36384
7818	8.36618
7820	8.36906
7822	8.37235
7824	8.37395
7826	8.37524
7828	8.37703
7830	8.38058
7832	8.3827
7834	8.38543
7836	8.38711
7838	8.38945
7840	8.39203
7842	8.39385
7844	8.39509
7846	8.39729
7848	8.40037
7850	8.40278
7852	8.40492
7854	8.40715
7856	8.40889
7858	8.41176
7860	8.41363
7862	8.41601
7864	8.41769
7866	8.4204
7868	8.42378
7870	8.42472
7872	8.42561
7874	8.42622
7876	8.42765
7878	8.42914
7880	8.43037
7882	8.43258
7884	8.43444
7886	8.43518
7888	8.43648
7890	8.43764
7892	8.43904
7894	8.43943
7896	8.44017
7898	8.44061
7900	8.44302
7902	8.44459
7904	8.44611
7906	8.44665
7908	8.44813
7910	8.44926
7912	8.45023
7914	8.45085
7916	8.45109
7918	8.45174
7920	8.45256
7922	8.45299
7924	8.4533
7926	8.45321
7928	8.4372
7930	8.38006
7932	8.29086
7934	8.18688
7936	8.07816
7938	7.97307
7940	7.87496
7942	7.78946
7944	7.71349
7946	7.64768
7948	7.59292
7950	7.54782
7952	7.51216
7954	7.48538
7956	7.46744
7958	7.46778
7960	7.49134
7962	7.53484
7964	7.59
7966	7.65006
7968	7.71259
7970	7.77136
7972	7.82565
7974	7.87512
7976	7.91982
7978	7.96055
7980	7.99608
7982	8.0276
7984	8.05486
7986	8.07832
7988	8.09809
7990	8.11547
7992	8.13194
7994	8.14515
7996	8.15716
7998	8.1678
8000	8.1774
8002	8.18368
8004	8.18961
8006	8.19495
8008	8.20004
8010	8.20417
8012	8.20802
8014	8.21197
8016	8.21561
8018	8.21917
8020	8.22096
8022	8.22446
8024	8.22744
8026	8.22932
8028	8.23178
8030	8.2341
8032	8.23667
8034	8.23978
8036	8.24201
8038	8.24362
8040	8.24566
8042	8.24705
8044	8.2484
8046	8.25093
8048	8.25253
8050	8.2522
8052	8.25392
8054	8.25559
8056	8.25473
8058	8.25372
8060	8.25487
8062	8.25562
8064	8.25717
8066	8.2583
8068	8.25808
8070	8.25865
8072	8.25957
8074	8.26
8076	8.26142
8078	8.26252
8080	8.26378
8082	8.26495
8084	8.26403
8086	8.26455
8088	8.26643
8090	8.26674
8092	8.26662
8094	8.26736
8096	8.26786
8098	8.26676
8100	8.26643
8102	8.26684
8104	8.26793
8106	8.26765
8108	8.26795
8110	8.2678
8112	8.26809
8114	8.26921
8116	8.27071
8118	8.27084
8120	8.27137
8122	8.27094
8124	8.27058
8126	8.27194
8128	8.2725
8130	8.27242
8132	8.27246
8134	8.27259
8136	8.27192
8138	8.27278
8140	8.27378
8142	8.27395
8144	8.27525
8146	8.27484
8148	8.2767
8150	8.27759
8152	8.27784
8154	8.27939
8156	8.2805
8158	8.28104
8160	8.28163
8162	8.28144
8164	8.28168
8166	8.28181
8168	8.28275
8170	8.28298
8172	8.28376
8174	8.28471
8176	8.28442
8178	8.28521
8180	8.28617
8182	8.28524
8184	8.28534
8186	8.28671
8188	8.28829
8190	8.28783
8192	8.28718
8194	8.28741
8196	8.28829
8198	8.28902
8200	8.28883
8202	8.29032
8204	8.2911
8206	8.29081
8208	8.29135
8210	8.29159
8212	8.29182
8214	8.29189
8216	8.29154
8218	8.2918
8220	8.2928
8222	8.29264
8224	8.29328
8226	8.29424
8228	8.29411
8230	8.2938
8232	8.29399
8234	8.29498
8236	8.29566
8238	8.29585
8240	8.296
8242	8.295
8244	8.29461
8246	8.29482
8248	8.29467
8250	8.29494
8252	8.29487
8254	8.29534
8256	8.29622
8258	8.29695
8260	8.29702
8262	8.29697
8264	8.29742
8266	8.29788
8268	8.29878
8270	8.29708
8272	8.29698
8274	8.29832
8276	8.29949
8278	8.3007
8280	8.30038
8282	8.30048
8284	8.30099
8286	8.30225
8288	8.30333
8290	8.30378
8292	8.30468
8294	8.30616
8296	8.30731
8298	8.30741
8300	8.30814
8302	8.30857
8304	8.30819
8306	8.30948
8308	8.31014
8310	8.31008
8312	8.31193
8314	8.31346
8316	8.31345
8318	8.31458
8320	8.31636
8322	8.31714
8324	8.31752
8326	8.31809
8328	8.31849
8330	8.31888
8332	8.31998
8334	8.32196
8336	8.32277
8338	8.32403
8340	8.32481
8342	8.32591
8344	8.32696
8346	8.32736
8348	8.32833
8350	8.32824
8352	8.3299
8354	8.33231
8356	8.33273
8358	8.33394
8360	8.33553
8362	8.33663
8364	8.33733
8366	8.33836
8368	8.33996
8370	8.34118
8372	8.34316
8374	8.34507
8376	8.347
8378	8.34906
8380	8.35202
8382	8.35336
8384	8.35312
8386	8.35548
8388	8.35711
8390	8.35852
8392	8.3599
8394	8.36229
8396	8.36334
8398	8.36564
8400	8.36659
8402	8.36737
8404	8.36934
8406	8.37154
8408	8.3728
8410	8.3747
8412	8.37639
8414	8.37863
8416	8.3809
8418	8.38247
8420	8.38364
8422	8.38596
8424	8.38821
8426	8.38922
8428	8.3917
8430	8.39266
8432	8.39324
8434	8.39552
8436	8.39826
8438	8.40007
8440	8.40209
8442	8.40486
8444	8.40595
8446	8.40642
8448	8.4078
8450	8.40874
8452	8.41131
8454	8.41319
8456	8.41563
8458	8.41733
8460	8.41803
8462	8.42049
8464	8.42181
8466	8.42328
8468	8.42426
8470	8.42523
8472	8.42717
8474	8.42958
8476	8.43133
8478	8.43293
8480	8.4349
8482	8.43659
8484	8.43763
8486	8.43835
8488	8.43851
8490	8.44031
8492	8.44233
8494	8.44326
8496	8.44556
8498	8.44688
8500	8.44922
8502	8.45227
8504	8.45327
8506	8.45517
8508	8.45548
8510	8.45603
8512	8.45735
8514	8.45798
8516	8.45873
8518	8.4594
8520	8.46118
8522	8.46281
8524	8.46414
8526	8.46453
8528	8.45447
8530	8.4136
8532	8.34778
8534	8.26859
8536	8.18423
8538	8.09813
8540	8.01784
8542	7.94498
8544	7.88215
8546	7.82927
8548	7.78277
8550	7.74314
8552	7.71131
8554	7.6864
8556	7.67103
8558	7.66614
8560	7.67786
8562	7.70603
8564	7.74703
8566	7.79423
8568	7.84147
8570	7.88698
8572	7.92943
8574	7.96922
8576	8.00471
8578	8.0361
8580	8.06388
8582	8.08825
8584	8.10928
8586	8.12833
8588	8.14485
8590	8.16016
8592	8.17233
8594	8.18258
8596	8.19241
8598	8.20024
8600	8.20683
8602	8.21323
8604	8.21986
8606	8.22583
8608	8.23072
8610	8.23432
8612	8.23696
8614	8.24107
8616	8.24457
8618	8.24659
8620	8.24916
8622	8.25097
8624	8.25346
8626	8.2553
8628	8.25645
8630	8.25732
8632	8.25809
8634	8.2603
8636	8.26194
8638	8.26285
8640	8.26389
8642	8.26587
8644	8.26769
8646	8.26959
8648	8.27034
8650	8.27072
8652	8.2725
8654	8.27337
8656	8.27432
8658	8.27404
8660	8.27607
8662	8.27595
8664	8.27573
8666	8.27651
8668	8.27698
8670	8.27833
8672	8.27962
8674	8.27954
8676	8.27995
8678	8.28016
8680	8.28128
8682	8.28172
8684	8.28181
8686	8.28398
8688	8.28513
8690	8.28527
8692	8.28668
8694	8.28823
8696	8.28925
8698	8.28912
8700	8.28829
8702	8.28911
8704	8.28979
8706	8.29056
8708	8.29099
8710	8.29132
8712	8.29164
8714	8.29176
8716	8.29134
8718	8.29225
8720	8.29366
8722	8.29343
8724	8.29271
8726	8.29287
8728	8.29381
8730	8.29273
8732	8.29212
8734	8.29278
8736	8.29273
8738	8.29287
8740	8.29376
8742	8.29415
8744	8.29421
8746	8.29519
8748	8.29574
8750	8.29601
8752	8.29642
8754	8.29593
8756	8.29599
8758	8.29845
8760	8.29964
8762	8.29983
8764	8.30034
8766	8.30062
8768	8.29944
8770	8.29818
8772	8.29829
8774	8.29785
8776	8.2976
8778	8.29755
8780	8.29826
8782	8.29875
8784	8.29976
8786	8.30057
8788	8.30044
8790	8.30044
8792	8.29999
8794	8.30054
8796	8.30175
8798	8.30308
8800	8.30359
8802	8.30405
8804	8.30508
8806	8.30562
8808	8.30645
8810	8.30731
8812	8.30851
8814	8.30832
8816	8.30858
8818	8.30822
8820	8.307
8822	8.30634
8824	8.30673
8826	8.3069
8828	8.30822
8830	8.30917
8832	8.30898
8834	8.30886
8836	8.30968
8838	8.31062
8840	8.30997
8842	8.31134
8844	8.31231
8846	8.31203
8848	8.31288
8850	8.31337
8852	8.31378
8854	8.31416
8856	8.31448
8858	8.31529
8860	8.31666
8862	8.31709
8864	8.31736
8866	8.31832
8868	8.31852
8870	8.31717
8872	8.3172
8874	8.31714
8876	8.31803
8878	8.31836
8880	8.31916
8882	8.3202
8884	8.32111
8886	8.32173
8888	8.32194
8890	8.32234
8892	8.32213
8894	8.32206
8896	8.32354
8898	8.32362
8900	8.32254
8902	8.32273
8904	8.32447
8906	8.3255
8908	8.32539
8910	8.32442
8912	8.32422
8914	8.32595
8916	8.3275
8918	8.3289
8920	8.32906
8922	8.32943
8924	8.33034
8926	8.33131
8928	8.33373
8930	8.33444
8932	8.33472
8934	8.33577
8936	8.33694
8938	8.33692
8940	8.33682
8942	8.33768
8944	8.33859
8946	8.33896
8948	8.33885
8950	8.34043
8952	8.3415
8954	8.34273
8956	8.34255
8958	8.34301
8960	8.34428
8962	8.34515
8964	8.34545
8966	8.34606
8968	8.34798
8970	8.34998
8972	8.35123
8974	8.35305
8976	8.35393
8978	8.35531
8980	8.35652
8982	8.35766
8984	8.35998
8986	8.36196
8988	8.36232
8990	8.36329
8992	8.36438
8994	8.36538
8996	8.3666
8998	8.36778
9000	8.36953
9002	8.36905
9004	8.37006
9006	8.37082
9008	8.37356
9010	8.37614
9012	8.37791
9014	8.37851
9016	8.37966
9018	8.38113
9020	8.38261
9022	8.38327
9024	8.38505
9026	8.38656
9028	8.3891
9030	8.39101
9032	8.39208
9034	8.39417
9036	8.39509
9038	8.39697
9040	8.39912
9042	8.40008
9044	8.40192
9046	8.40423
9048	8.40699
9050	8.40971
9052	8.41117
9054	8.41229
9056	8.41434
9058	8.41723
9060	8.41935
9062	8.4201
9064	8.4196
9066	8.42253
9068	8.4253
9070	8.42679
9072	8.42846
9074	8.4305
9076	8.43257
9078	8.43326
9080	8.43428
9082	8.43534
9084	8.43733
9086	8.43923
9088	8.44118
9090	8.44341
9092	8.44528
9094	8.44749
9096	8.44838
9098	8.45088
9100	8.45251
9102	8.45197
9104	8.4536
9106	8.45629
9108	8.45872
9110	8.46126
9112	8.46238
9114	8.46218
9116	8.46382
9118	8.46592
9120	8.46666
9122	8.46787
9124	8.46897
9126	8.46994
9128	8.4639
9130	8.43403
9132	8.38525
9134	8.32503
9136	8.25738
9138	8.18953
9140	8.12546
9142	8.06719
9144	8.01551
9146	7.97076
9148	7.93272
9150	7.90017
9152	7.87396
9154	7.85352
9156	7.83784
9158	7.82849
9160	7.82907
9162	7.84528
9164	7.87243
9166	7.90778
9168	7.9457
9170	7.98235
9172	8.01655
9174	8.04902
9176	8.07864
9178	8.10508
9180	8.12639
9182	8.14699
9184	8.16526
9186	8.18019
9188	8.19362
9190	8.204
9192	8.21284
9194	8.22166
9196	8.22928
9198	8.23644
9200	8.24318
9202	8.2489
9204	8.25375
9206	8.2575
9208	8.26135
9210	8.26512
9212	8.26849
9214	8.27074
9216	8.27273
9218	8.27458
9220	8.27603
9222	8.27811
9224	8.28028
9226	8.28268
9228	8.28424
9230	8.28455
9232	8.28602
9234	8.28723
9236	8.289
9238	8.2908
9240	8.29127
9242	8.2918
9244	8.29359
9246	8.29546
9248	8.29731
9250	8.29815
9252	8.29825
9254	8.29811
9256	8.29875
9258	8.29963
9260	8.29966
9262	8.30079
9264	8.30024
9266	8.29992
9268	8.30092
9270	8.30174
9272	8.30175
9274	8.30191
9276	8.30228
9278	8.30253
9280	8.30316
9282	8.30313
9284	8.30386
9286	8.30326
9288	8.30297
9290	8.30261
9292	8.30092
9294	8.30066
9296	8.30069
9298	8.3012
9300	8.30151
9302	8.30272
9304	8.30309
9306	8.30363
9308	8.30391
9310	8.30429
9312	8.30505
9314	8.30612
9316	8.3056
9318	8.3042
9320	8.30601
9322	8.3064
9324	8.307
9326	8.30651
9328	8.30547
9330	8.30542
9332	8.3059
9334	8.30667
9336	8.30781
9338	8.30764
9340	8.30787
9342	8.30908
9344	8.30954
9346	8.30948
9348	8.30941
9350	8.30946
9352	8.30984
9354	8.31105
9356	8.31244
9358	8.31282
9360	8.31213
9362	8.31091
9364	8.31183
9366	8.3129
9368	8.31374
9370	8.31317
9372	8.31297
9374	8.31399
9376	8.31541
9378	8.31633
9380	8.31556
9382	8.31576
9384	8.31562
9386	8.31538
9388	8.31505
9390	8.31541
9392	8.31536
9394	8.31545
9396	8.31626
9398	8.31767
9400	8.31734
9402	8.3179
9404	8.31742
9406	8.31735
9408	8.318
9410	8.31742
9412	8.31637
9414	8.31642
9416	8.31729
9418	8.31811
9420	8.319
9422	8.3195
9424	8.31818
9426	8.31898
9428	8.3202
9430	8.321
9432	8.32099
9434	8.32047
9436	8.32015
9438	8.31959
9440	8.31977
9442	8.31979
9444	8.32003
9446	8.32091
9448	8.32195
9450	8.32284
9452	8.3225
9454	8.32294
9456	8.32357
9458	8.32421
9460	8.32317
9462	8.32392
9464	8.32511
9466	8.32578
9468	8.32733
9470	8.32833
9472	8.32915
9474	8.32997
9476	8.33157
9478	8.33205
9480	8.3319
9482	8.33292
9484	8.3336
9486	8.33358
9488	8.33297
9490	8.3324
9492	8.33296
9494	8.33433
9496	8.3342
9498	8.33537
9500	8.33616
9502	8.33658
9504	8.33605
9506	8.33747
9508	8.33876
9510	8.33878
9512	8.3399
9514	8.34124
9516	8.34057
9518	8.34134
9520	8.34236
9522	8.34416
9524	8.34499
9526	8.34595
9528	8.34662
9530	8.34714
9532	8.3489
9534	8.3493
9536	8.34927
9538	8.34947
9540	8.35014
9542	8.35041
9544	8.35166
9546	8.35364
9548	8.35634
9550	8.3575
9552	8.36019
9554	8.36248
9556	8.36283
9558	8.3636
9560	8.36478
9562	8.36512
9564	8.36712
9566	8.36915
9568	8.36844
9570	8.37075
9572	8.37209
9574	8.37216
9576	8.3729
9578	8.37436
9580	8.37492
9582	8.37479
9584	8.37676
9586	8.37724
9588	8.37786
9590	8.37926
9592	8.3804
9594	8.38202
9596	8.38379
9598	8.38434
9600	8.38519
9602	8.3862
9604	8.38834
9606	8.38941
9608	8.3913
9610	8.3926
9612	8.39298
9614	8.3936
9616	8.39479
9618	8.39558
9620	8.39714
9622	8.39838
9624	8.39969
9626	8.40161
9628	8.40422
9630	8.40512
9632	8.40732
9634	8.40963
9636	8.41139
9638	8.41236
9640	8.41379
9642	8.41564
9644	8.41693
9646	8.419
9648	8.42248
9650	8.42411
9652	8.42438
9654	8.42608
9656	8.42787
9658	8.42893
9660	8.43104
9662	8.43364
9664	8.43482
9666	8.43641
9668	8.43775
9670	8.43964
9672	8.44018
9674	8.44029
9676	8.44239
9678	8.44379
9680	8.44636
9682	8.44867
9684	8.44996
9686	8.45121
9688	8.45278
9690	8.45487
9692	8.45656
9694	8.4586
9696	8.46033
9698	8.46171
9700	8.46348
9702	8.46614
9704	8.46753
9706	8.46902
9708	8.47017
9710	8.47157
9712	8.47264
9714	8.47366
9716	8.47513
9718	8.47654
9720	8.47843
9722	8.4791
9724	8.479
9726	8.4799
9728	8.47738
9730	8.45755
9732	8.42078
9734	8.37227
9736	8.31898
9738	8.2665
9740	8.21598
9742	8.16951
9744	8.12976
9746	8.0946
9748	8.06469
9750	8.03955
9752	8.01776
9754	7.99845
9756	7.98186
9758	7.96834
9760	7.96343
9762	7.97
9764	7.98799
9766	8.01211
9768	8.03781
9770	8.06405
9772	8.08904
9774	8.11235
9776	8.13277
9778	8.15044
9780	8.16769
9782	8.18204
9784	8.19474
9786	8.20585
9788	8.21612
9790	8.22428
9792	8.2318
9794	8.23858
9796	8.24457
9798	8.25054
9800	8.25657
9802	8.26097
9804	8.26407
9806	8.26688
9808	8.26914
9810	8.27191
9812	8.27511
9814	8.27789
9816	8.27986
9818	8.2824
9820	8.28385
9822	8.28513
9824	8.28658
9826	8.28754
9828	8.28894
9830	8.29119
9832	8.29358
9834	8.29328
9836	8.29316
9838	8.29537
9840	8.29685
9842	8.29692
9844	8.29847
9846	8.29946
9848	8.29923
9850	8.29991
9852	8.30132
9854	8.30202
9856	8.30213
9858	8.30217
9860	8.30352
9862	8.30436
9864	8.30465
9866	8.30414
9868	8.30423
9870	8.30612
9872	8.30646
9874	8.30766
9876	8.30859
9878	8.3097
9880	8.31123
9882	8.31085
9884	8.31068
9886	8.31061
9888	8.31066
9890	8.31106
9892	8.31039
9894	8.31075
9896	8.31111
9898	8.31233
9900	8.31244
9902	8.31238
9904	8.31266
9906	8.31227
9908	8.31196
9910	8.31196
9912	8.31246
9914	8.31323
9916	8.31426
9918	8.31435
9920	8.31418
9922	8.31533
9924	8.31519
9926	8.31537
9928	8.31598
9930	8.31513
9932	8.31508
9934	8.31575
9936	8.31663
9938	8.3166
9940	8.31684
9942	8.31757
9944	8.31792
9946	8.31712
9948	8.31815
9950	8.31926
9952	8.31988
9954	8.32073
9956	8.32136
9958	8.32125
9960	8.32095
9962	8.32176
9964	8.32226
9966	8.32235
9968	8.32296
9970	8.3249
9972	8.32589
9974	8.32578
9976	8.32619
9978	8.32625
9980	8.32565
9982	8.32675
9984	8.32792
9986	8.3278
9988	8.32785
9990	8.32743
9992	8.32688
9994	8.3271
9996	8.32801
9998	8.32902
10000	8.33063
10002	8.33076
10004	8.33022
10006	8.33028
10008	8.33067
10010	8.3312
10012	8.33085
10014	8.33108
10016	8.33166
10018	8.33248
10020	8.33261
10022	8.33206
10024	8.33156
10026	8.33224
10028	8.33272
10030	8.3329
10032	8.33236
10034	8.33271
10036	8.33441
10038	8.33479
10040	8.3349
10042	8.33549
10044	8.33584
10046	8.33697
10048	8.33775
10050	8.33765
10052	8.33825
10054	8.33804
10056	8.33838
10058	8.33821
10060	8.33739
10062	8.33807
10064	8.33876
10066	8.33875
10068	8.33973
10070	8.3397
10072	8.33956
10074	8.34011
10076	8.34036
10078	8.34003
10080	8.34089
10082	8.3401
10084	8.339
10086	8.33854
10088	8.33848
10090	8.33907
10092	8.34005
10094	8.3396
10096	8.3402
10098	8.34092
10100	8.3416
10102	8.34155
10104	8.34096
10106	8.34061
10108	8.34165
10110	8.34283
10112	8.34235
10114	8.34302
10116	8.34415
10118	8.34482
10120	8.34474
10122	8.34521
10124	8.34662
10126	8.3489
10128	8.3505
10130	8.35227
10132	8.35408
10134	8.35533
10136	8.35616
10138	8.35648
10140	8.35763
10142	8.35961
10144	8.3594
10146	8.35985
10148	8.36178
10150	8.3633
10152	8.36406
10154	8.36566
10156	8.36673
10158	8.36733
10160	8.36799
10162	8.36938
10164	8.36993
10166	8.3709
10168	8.37221
10170	8.37309
10172	8.37317
10174	8.37348
10176	8.37524
10178	8.37586
10180	8.37686
10182	8.37784
10184	8.37865
10186	8.37908
10188	8.38014
10190	8.38108
10192	8.38266
10194	8.38401
10196	8.38466
10198	8.38444
10200	8.38603
10202	8.38705
10204	8.38807
10206	8.39019
10208	8.39195
10210	8.39358
10212	8.39453
10214	8.3946
10216	8.39573
10218	8.39647
10220	8.39827
10222	8.39981
10224	8.40093
10226	8.40289
10228	8.40406
10230	8.40529
10232	8.40729
10234	8.40987
10236	8.41121
10238	8.41186
10240	8.41279
10242	8.41417
10244	8.4155
10246	8.41795
10248	8.41998
10250	8.42127
10252	8.42248
10254	8.42431
10256	8.4258
10258	8.42787
10260	8.42985
10262	8.43192
10264	8.43326
10266	8.43468
10268	8.43636
10270	8.43784
10272	8.43909
10274	8.44155
10276	8.44245
10278	8.44399
10280	8.4462
10282	8.44823
10284	8.44862
10286	8.45016
10288	8.45305
10290	8.45504
10292	8.45572
10294	8.45806
10296	8.45861
10298	8.45841
10300	8.45998
10302	8.462
10304	8.4639
10306	8.465
10308	8.4663
10310	8.46715
10312	8.46897
10314	8.46994
10316	8.47096
10318	8.47264
10320	8.47488
10322	8.47553
10324	8.47654
10326	8.47827
10328	8.47539
10330	8.46334
10332	8.43907
10334	8.40587
10336	8.36674
10338	8.32528
10340	8.28524
10342	8.24844
10344	8.21565
10346	8.18724
10348	8.16232
10350	8.14156
10352	8.12494
10354	8.11182
10356	8.10273
10358	8.09211
10360	8.08328
10362	8.08375
10364	8.09157
10366	8.10541
10368	8.12139
10370	8.13817
10372	8.15492
10374	8.17139
10376	8.18699
10378	8.20058
10380	8.21212
10382	8.22306
10384	8.233
10386	8.24153
10388	8.2493
10390	8.25592
10392	8.26274
10394	8.26751
10396	8.27156
10398	8.27487
10400	8.27762
10402	8.27987
10404	8.28446
10406	8.28696
10408	8.2885
10410	8.29131
10412	8.29418
10414	8.2968
10416	8.29962
10418	8.3022
10420	8.30238
10422	8.30325
10424	8.3045
10426	8.30656
10428	8.30798
10430	8.31025
10432	8.31285
10434	8.31465
10436	8.31654
10438	8.31816
10440	8.32035
10442	8.32158
10444	8.32221
10446	8.32256
10448	8.32378
10450	8.32454
10452	8.3249
10454	8.32559
10456	8.32608
10458	8.32563
10460	8.32527
10462	8.3268
10464	8.32751
10466	8.32833
10468	8.32856
10470	8.32953
10472	8.33104
10474	8.33129
10476	8.33137
10478	8.33118
10480	8.33256
10482	8.33364
10484	8.33361
10486	8.33451
10488	8.3351
10490	8.3356
10492	8.33602
10494	8.33543
10496	8.33492
10498	8.33622
10500	8.3364
10502	8.33744
10504	8.33677
10506	8.33824
10508	8.33938
10510	8.33957
10512	8.33846
10514	8.33938
10516	8.34051
10518	8.34124
10520	8.34217
10522	8.34221
10524	8.34192
10526	8.34144
10528	8.34188
10530	8.34246
10532	8.34211
10534	8.34153
10536	8.3424
10538	8.34302
10540	8.34373
10542	8.34402
10544	8.34432
10546	8.34391
10548	8.34437
10550	8.34456
10552	8.34494
10554	8.3442
10556	8.34431
10558	8.34458
10560	8.34533
10562	8.34645
10564	8.34671
10566	8.34777
10568	8.3474
10570	8.34855
10572	8.34851
10574	8.34833
10576	8.34865
10578	8.35075
10580	8.35156
10582	8.35034
10584	8.35029
10586	8.35076
10588	8.35105
10590	8.35123
10592	8.35154
10594	8.35223
10596	8.35252
10598	8.35201
10600	8.3521
10602	8.35276
10604	8.35372
10606	8.3556
10608	8.35634
10610	8.35614
10612	8.35571
10614	8.35491
10616	8.35613
10618	8.35673
10620	8.35666
10622	8.35638
10624	8.35654
10626	8.35788
10628	8.35804
10630	8.35761
10632	8.35732
10634	8.35577
10636	8.35532
10638	8.35333
10640	8.3545
10642	8.35449
10644	8.35395
10646	8.35317
10648	8.35284
10650	8.35326
10652	8.35335
10654	8.35414
10656	8.35453
10658	8.35393
10660	8.3535
10662	8.35398
10664	8.3545
10666	8.35475
10668	8.3539
10670	8.35355
10672	8.35528
10674	8.35601
10676	8.35601
10678	8.35699
10680	8.35691
10682	8.35632
10684	8.3576
10686	8.35854
10688	8.35839
10690	8.35812
10692	8.35913
10694	8.35901
10696	8.35924
10698	8.36112
10700	8.36184
10702	8.36098
10704	8.36103
10706	8.36301
10708	8.36378
10710	8.36375
10712	8.36358
10714	8.36401
10716	8.36475
10718	8.36695
10720	8.36704
10722	8.36561
10724	8.36482
10726	8.36573
10728	8.3666
10730	8.36696
10732	8.36781
10734	8.36911
10736	8.37011
10738	8.37116
10740	8.37172
10742	8.37192
10744	8.3716
10746	8.37198
10748	8.37289
10750	8.37419
10752	8.37501
10754	8.3745
10756	8.37518
10758	8.37546
10760	8.3765
10762	8.37803
10764	8.37839
10766	8.37919
10768	8.37992
10770	8.38007
10772	8.38186
10774	8.38341
10776	8.38388
10778	8.3836
10780	8.38483
10782	8.38704
10784	8.38889
10786	8.38791
10788	8.38731
10790	8.38844
10792	8.39066
10794	8.39277
10796	8.39426
10798	8.39552
10800	8.39624
10802	8.39674
10804	8.39822
10806	8.40002
10808	8.40026
10810	8.40034
10812	8.40236
10814	8.40375
10816	8.40439
10818	8.40518
10820	8.40674
10822	8.40842
10824	8.4104
10826	8.41024
10828	8.4108
10830	8.41184
10832	8.41439
10834	8.4161
10836	8.41775
10838	8.41937
10840	8.42045
10842	8.42237
10844	8.42295
10846	8.42371
10848	8.42514
10850	8.427
10852	8.42869
10854	8.43
10856	8.43063
10858	8.4317
10860	8.43326
10862	8.43492
10864	8.43614
10866	8.43719
10868	8.43838
10870	8.44085
10872	8.44189
10874	8.44302
10876	8.44423
10878	8.44587
10880	8.44738
10882	8.4489
10884	8.45068
10886	8.45238
10888	8.45313
10890	8.45321
10892	8.45404
10894	8.45746
10896	8.4594
10898	8.46173
10900	8.46368
10902	8.46584
10904	8.46686
10906	8.46764
10908	8.46829
10910	8.46905
10912	8.46982
10914	8.47126
10916	8.47322
10918	8.47406
10920	8.47573
10922	8.47735
10924	8.47781
10926	8.47888
10928	8.47819
10930	8.47371
10932	8.45692
10934	8.43464
10936	8.40775
10938	8.37907
10940	8.35042
10942	8.32293
10944	8.29871
10946	8.27737
10948	8.25864
10950	8.24252
10952	8.22973
10954	8.22045
10956	8.21252
10958	8.20323
10960	8.19442
10962	8.18847
10964	8.18656
10966	8.19193
10968	8.19966
10970	8.20901
10972	8.21944
10974	8.22989
10976	8.24006
10978	8.24904
10980	8.25718
10982	8.26485
10984	8.2717
10986	8.27824
10988	8.28481
10990	8.2905
10992	8.29384
10994	8.2977
10996	8.3009
10998	8.30346
11000	8.30589
11002	8.30809
11004	8.30938
11006	8.31036
11008	8.31164
11010	8.3127
11012	8.31401
11014	8.31463
11016	8.31532
11018	8.31587
11020	8.31741
11022	8.31863
11024	8.31932
11026	8.32054
11028	8.32151
11030	8.32216
11032	8.32255
11034	8.3221
11036	8.32325
11038	8.32352
11040	8.32235
11042	8.32324
11044	8.32442
11046	8.32415
11048	8.3256
11050	8.3267
11052	8.32879
11054	8.32943
11056	8.33008
11058	8.33088
11060	8.33105
11062	8.33052
11064	8.33064
11066	8.33091
11068	8.3301
11070	8.33001
11072	8.32996
11074	8.32916
11076	8.32897
11078	8.33042
11080	8.33061
11082	8.32972
11084	8.33101
11086	8.33206
11088	8.33139
11090	8.33186
11092	8.33186
11094	8.33089
11096	8.3302
11098	8.331
11100	8.33202
11102	8.33211
11104	8.33121
11106	8.33023
11108	8.33189
11110	8.33342
11112	8.33373
11114	8.33306
11116	8.3316
11118	8.3304
11120	8.33121
11122	8.33143
11124	8.3323
11126	8.33318
11128	8.33398
11130	8.3347
11132	8.33606
11134	8.33645
11136	8.33666
11138	8.33832
11140	8.33821
11142	8.33836
11144	8.34038
11146	8.34168
11148	8.34252
11150	8.34263
11152	8.34241
11154	8.34315
11156	8.34185
11158	8.34151
11160	8.34078
11162	8.34114
11164	8.34137
11166	8.34206
11168	8.34212
11170	8.34148
11172	8.34068
11174	8.3397
11176	8.34063
11178	8.33982
11180	8.33914
11182	8.33904
11184	8.33865
11186	8.33953
11188	8.34024
11190	8.34033
11192	8.34092
11194	8.34122
11196	8.34186
11198	8.34131
11200	8.34153
11202	8.34278
11204	8.34469
11206	8.34612
11208	8.34692
11210	8.34751
11212	8.34894
11214	8.34983
11216	8.3505
11218	8.35073
11220	8.35037
11222	8.35021
11224	8.34925
11226	8.34879
11228	8.34984
11230	8.35004
11232	8.35102
11234	8.35263
11236	8.35398
11238	8.35479
11240	8.35508
11242	8.35625
11244	8.35691
11246	8.35687
11248	8.35707
11250	8.35749
11252	8.35733
11254	8.35832
11256	8.35947
11258	8.36056
11260	8.36036
11262	8.36008
11264	8.36064
11266	8.36187
11268	8.36166
11270	8.3617
11272	8.36294
11274	8.36384
11276	8.36491
11278	8.36557
11280	8.36549
11282	8.36553
11284	8.36742
11286	8.36749
11288	8.36763
11290	8.36906
11292	8.37108
11294	8.37199
11296	8.37189
11298	8.37311
11300	8.37374
11302	8.37364
11304	8.37346
11306	8.37487
11308	8.37584
11310	8.37531
11312	8.37488
11314	8.37392
11316	8.37482
11318	8.3757
11320	8.37617
11322	8.37706
11324	8.37766
11326	8.37707
11328	8.37735
11330	8.37799
11332	8.37779
11334	8.37925
11336	8.38078
11338	8.38079
11340	8.3808
11342	8.37998
11344	8.38048
11346	8.38145
11348	8.38252
11350	8.38267
11352	8.38477
11354	8.38508
11356	8.38684
11358	8.3897
11360	8.39027
11362	8.39145
11364	8.39217
11366	8.39292
11368	8.39357
11370	8.39556
11372	8.39727
11374	8.39884
11376	8.39931
11378	8.40025
11380	8.4014
11382	8.40281
11384	8.4036
11386	8.40468
11388	8.40639
11390	8.4078
11392	8.40954
11394	8.41158
11396	8.4127
11398	8.41477
11400	8.41425
11402	8.41488
11404	8.41586
11406	8.41681
11408	8.4178
11410	8.4192
11412	8.42045
11414	8.42048
11416	8.42139
11418	8.42419
11420	8.42569
11422	8.42666
11424	8.42798
11426	8.42899
11428	8.4308
11430	8.43286
11432	8.43351
11434	8.43565
11436	8.43754
11438	8.43683
11440	8.43625
11442	8.43713
11444	8.43881
11446	8.43956
11448	8.44075
11450	8.44208
11452	8.44316
11454	8.44393
11456	8.44514
11458	8.4457
11460	8.44735
11462	8.44879
11464	8.44931
11466	8.45075
11468	8.45182
11470	8.45287
11472	8.45469
11474	8.45708
11476	8.45881
11478	8.46132
11480	8.46249
11482	8.46285
11484	8.46323
11486	8.46567
11488	8.46665
11490	8.46818
11492	8.46947
11494	8.4705
11496	8.47261
11498	8.47435
11500	8.47697
11502	8.47889
11504	8.47937
11506	8.47958
11508	8.48085
11510	8.48267
11512	8.48421
11514	8.48691
11516	8.48861
11518	8.48967
11520	8.49133
11522	8.49286
11524	8.4947
11526	8.49468
11528	8.49451
11530	8.49044
11532	8.48167
11534	8.469
11536	8.45217
11538	8.43156
11540	8.41123
11542	8.393
11544	8.37635
11546	8.36143
11548	8.34834
11550	8.3378
11552	8.32776
11554	8.31993
11556	8.31368
11558	8.30626
11560	8.2928
11562	8.28017
11564	8.27312
11566	8.27224
11568	8.27493
11570	8.27905
11572	8.28347
11574	8.28915
11576	8.29464
11578	8.29907
11580	8.30467
11582	8.30953
11584	8.31321
11586	8.31746
11588	8.32049
11590	8.32368
11592	8.32703
11594	8.32986
11596	8.33184
11598	8.33375
11600	8.3361
11602	8.33817
11604	8.34051
11606	8.34212
11608	8.34357
11610	8.34446
11612	8.34614
11614	8.34652
11616	8.34676
11618	8.34763
11620	8.3483
11622	8.34972
11624	8.35084
11626	8.35154
11628	8.3508
11630	8.35165
11632	8.35172
11634	8.35236
11636	8.35246
11638	8.35299
11640	8.35339
11642	8.35298
11644	8.35364
11646	8.35464
11648	8.35579
11650	8.35707
11652	8.35694
11654	8.35699
11656	8.35706
11658	8.35638
11660	8.35484
11662	8.35431
11664	8.35573
11666	8.35656
11668	8.35651
11670	8.35639
11672	8.35701
11674	8.35839
11676	8.35923
11678	8.35807
11680	8.3576
11682	8.35732
11684	8.358
11686	8.35768
11688	8.35813
11690	8.35748
11692	8.35804
11694	8.35773
11696	8.35765
11698	8.35907
11700	8.35913
11702	8.35932
11704	8.36019
11706	8.36063
11708	8.36033
11710	8.35996
11712	8.36081
11714	8.36218
11716	8.36274
11718	8.36159
11720	8.36099
11722	8.36191
11724	8.36215
11726	8.36203
11728	8.3624
11730	8.36161
11732	8.36165
11734	8.36388
11736	8.36517
11738	8.36572
11740	8.36582
11742	8.36515
11744	8.36496
11746	8.36521
11748	8.36528
11750	8.36527
11752	8.36544
11754	8.36665
11756	8.36806
11758	8.36954
11760	8.36995
11762	8.37041
11764	8.37104
11766	8.37084
11768	8.37095
11770	8.3725
11772	8.37298
11774	8.37226
11776	8.37113
11778	8.37126
11780	8.3726
11782	8.37311
11784	8.37399
11786	8.37435
11788	8.37458
11790	8.37541
11792	8.37565
11794	8.37582
11796	8.37639
11798	8.3763
11800	8.37694
11802	8.3773
11804	8.37791
11806	8.37808
11808	8.37922
11810	8.37904
11812	8.37905
11814	8.37964
11816	8.37927
11818	8.37993
11820	8.38166
11822	8.38209
11824	8.38141
11826	8.38154
11828	8.38339
11830	8.38536
11832	8.38739
11834	8.38795
11836	8.388
11838	8.38941
11840	8.39011
11842	8.39091
11844	8.39157
11846	8.39169
11848	8.39162
11850	8.39147
11852	8.39144
11854	8.39143
11856	8.39272
11858	8.39226
11860	8.39323
11862	8.39301
11864	8.39195
11866	8.39291
11868	8.39342
11870	8.39361
11872	8.39367
11874	8.39494
11876	8.3963
11878	8.39718
11880	8.39796
11882	8.39808
11884	8.39999
11886	8.4018
11888	8.40338
11890	8.40577
11892	8.40636
11894	8.40804
11896	8.41015
11898	8.41101
11900	8.41174
11902	8.4124
11904	8.41461
11906	8.41563
11908	8.4162
11910	8.41669
11912	8.41859
11914	8.42035
11916	8.42095
11918	8.42138
11920	8.42271
11922	8.42258
11924	8.42288
11926	8.42374
11928	8.42353
11930	8.42397
11932	8.42573
11934	8.42724
11936	8.4274
11938	8.42779
11940	8.42845
11942	8.4287
11944	8.42878
11946	8.42909
11948	8.42994
11950	8.43042
11952	8.43101
11954	8.43186
11956	8.43291
11958	8.43338
11960	8.43493
11962	8.43439
11964	8.43449
11966	8.4366
11968	8.43718
11970	8.43813
11972	8.4376
11974	8.43907
11976	8.4407
11978	8.44118
11980	8.4419
11982	8.44396
11984	8.44476
11986	8.445
11988	8.44499
11990	8.44647
11992	8.44734
11994	8.4485
11996	8.44983
11998	8.4512
12000	8.45176
12002	8.45274
12004	8.45214
12006	8.45235
12008	8.45447
12010	8.45524
12012	8.4562
12014	8.45835
12016	8.4592
12018	8.45908
12020	8.46059
12022	8.46223
12024	8.46257
12026	8.46284
12028	8.46458
12030	8.46539
12032	8.46603
12034	8.46762
12036	8.46888
12038	8.47054
12040	8.47104
12042	8.47161
12044	8.47318
12046	8.47483
12048	8.47559
12050	8.47547
12052	8.47683
12054	8.47784
12056	8.47852
12058	8.4794
12060	8.48074
12062	8.48121
12064	8.48248
12066	8.48383
12068	8.48511
12070	8.48611
12072	8.48745
12074	8.48859
12076	8.48917
12078	8.49114
12080	8.49193
12082	8.49322
12084	8.49409
12086	8.49526
12088	8.49634
12090	8.49851
12092	8.50042
12094	8.50148
12096	8.50265
12098	8.50233
12100	8.50319
12102	8.5034
12104	8.50512
12106	8.50665
12108	8.50665
12110	8.50737
12112	8.50906
12114	8.51117
12116	8.51233
12118	8.51356
12120	8.51537
12122	8.51733
12124	8.51952
