time	cp
2	-0.00132
4	-2.77791E-4
6	-0.00175
8	-0.00171
10	-2.72056E-4
12	-5.11477E-4
14	-5.22899E-4
16	-1.3032E-4
18	-5.50742E-4
20	-0.00106
22	-1.29585E-4
24	-7.37006E-4
26	-1.39427E-4
28	7.82151E-4
30	3.4673E-4
32	-2.60692E-4
34	1.19887E-4
36	0.00128
38	0.00155
40	0.00105
42	0.0011
44	8.40779E-4
46	3.42358E-4
48	0.0017
50	0.00237
52	0.00113
54	2.61672E-4
56	2.12501E-5
58	3.19829E-4
60	3.46407E-4
62	2.24986E-4
64	-1.85436E-4
66	-0.00105
68	-7.05279E-4
70	8.62996E-5
72	-4.34122E-4
74	-4.19543E-4
76	-1.39648E-5
78	6.87614E-4
80	-5.78078E-5
82	-2.63229E-4
84	-5.76508E-5
86	-6.69072E-4
88	-0.00138
90	-0.00113
92	1.94663E-4
94	4.95242E-4
96	7.82022E-6
98	-3.91601E-4
100	2.16977E-4
102	-1.43444E-4
104	-1.88866E-4
106	-1.50287E-4
108	3.32291E-4
110	3.6787E-4
112	2.64448E-4
114	7.57027E-4
116	0.0025
118	0.00174
120	5.51762E-4
122	3.83408E-5
124	-0.00234
126	-0.00637
128	-0.01223
130	-0.02266
132	-0.03764
134	-0.05161
136	-0.05799
138	-0.05829
140	-0.05597
142	-0.0514
144	-0.04624
146	-0.0412
148	-0.03731
150	-0.03331
152	-0.02919
154	-0.02492
156	-0.02281
158	-0.02055
160	-0.01761
162	-0.0144
164	-0.01231
166	-0.0106
168	-0.00901
170	-0.00832
172	-0.00798
174	-0.00652
176	-0.00503
178	-0.00374
180	-0.00394
182	-0.00361
184	-0.00297
186	-0.00272
188	-0.0023
190	-0.00123
192	-2.01411E-4
194	-4.97833E-4
196	-2.14254E-4
198	-1.08676E-4
200	6.90903E-4
202	0.00111
204	-8.39405E-5
206	3.21638E-4
208	0.00128
210	0.00205
212	0.00191
214	9.52952E-4
216	-4.86469E-4
218	-2.85891E-4
220	-5.99312E-4
222	-0.00199
224	-0.00174
226	-0.00121
228	-4.32998E-4
230	-4.4542E-4
232	2.29159E-4
234	7.22737E-4
236	0.00111
238	0.00217
240	0.003
242	0.00244
244	0.00247
246	0.00223
248	0.00148
250	6.87365E-4
252	3.49437E-5
254	7.96522E-4
256	-1.52899E-4
258	-3.89321E-4
260	4.72577E-5
262	0.00131
264	0.00216
266	0.00301
268	0.00247
270	0.00176
272	0.00188
274	0.00118
276	0.00164
278	0.00128
280	0.00136
282	0.00172
284	0.00122
286	0.00228
288	0.00187
290	0.00173
292	0.00241
294	0.00315
296	0.0027
298	0.00236
300	0.00205
302	0.00177
304	0.00116
306	0.00219
308	0.00265
310	0.00271
312	0.00279
314	0.00198
316	0.00166
318	0.00276
320	0.00349
322	0.00315
324	0.00288
326	0.00269
328	0.00264
330	0.00304
332	0.00383
334	0.00424
336	0.00474
338	0.00422
340	0.00353
342	0.00415
344	0.00424
346	0.00336
348	0.00323
350	0.00378
352	0.00442
354	0.00451
356	0.00411
358	0.0049
360	0.00491
362	0.00413
364	0.00364
366	0.00282
368	0.00156
370	0.00191
372	0.00308
374	0.0026
376	0.00255
378	0.00349
380	0.00424
382	0.00325
384	0.00213
386	0.00212
388	0.00152
390	0.00163
392	0.00101
394	8.76018E-4
396	9.88596E-4
398	2.47175E-4
400	-6.12247E-4
402	-2.24668E-4
404	9.79102E-5
406	-2.60511E-4
408	-1.53933E-4
410	0.0014
412	0.00161
414	0.00279
416	0.00293
418	0.00266
420	0.00235
422	0.00214
424	0.00177
426	0.00211
428	9.68852E-4
430	3.99431E-4
432	1.59009E-4
434	7.09588E-4
436	0.00169
438	0.00122
440	1.80323E-4
442	7.42902E-4
444	-6.1652E-4
446	-0.00283
448	-0.00434
450	-0.00401
452	-0.00352
454	-0.0037
456	-0.00388
458	-0.0039
460	-0.00299
462	-0.00224
464	-0.00222
466	-0.00203
468	-0.00274
470	-0.00199
472	-0.00167
474	-0.00199
476	-0.00182
478	-0.00157
480	-0.00248
482	-0.00243
484	-0.00105
486	-8.5058E-4
488	-0.001
490	-6.02414E-4
492	7.34169E-4
494	6.44751E-4
496	0.00106
498	9.36917E-4
500	5.93499E-4
502	3.56082E-4
504	-4.00335E-4
506	7.72476E-5
508	4.9683E-4
510	6.53413E-4
512	1.77996E-4
514	4.75785E-5
516	-7.81839E-4
518	-2.66256E-4
520	-7.46733E-5
522	-0.00116
524	-0.00302
526	-0.01094
528	-0.02778
530	-0.0474
532	-0.06983
534	-0.09092
536	-0.10977
538	-0.12603
540	-0.14214
542	-0.15749
544	-0.16568
546	-0.16378
548	-0.15535
550	-0.14295
552	-0.13054
554	-0.1179
556	-0.10596
558	-0.09504
560	-0.08512
562	-0.07625
564	-0.06711
566	-0.05969
568	-0.05379
570	-0.048
572	-0.04328
574	-0.03896
576	-0.03487
578	-0.0321
580	-0.03025
582	-0.02782
584	-0.02584
586	-0.02431
588	-0.02271
590	-0.02117
592	-0.01929
594	-0.01663
596	-0.0156
598	-0.01504
600	-0.01432
602	-0.01311
604	-0.01226
606	-0.01264
608	-0.01162
610	-0.01062
612	-0.01033
614	-0.01043
616	-0.01053
618	-0.01045
620	-0.00932
622	-0.01021
624	-0.01075
626	-0.01013
628	-0.01029
630	-0.01118
632	-0.01144
634	-0.01131
636	-0.01137
638	-0.01123
640	-0.01161
642	-0.01188
644	-0.0113
646	-0.01005
648	-0.0084
650	-0.00789
652	-0.00795
654	-0.00813
656	-0.00738
658	-0.00666
660	-0.00699
662	-0.00679
664	-0.00744
666	-0.00663
668	-0.00521
670	-0.00527
672	-0.00462
674	-0.00489
676	-0.00507
678	-0.00421
680	-0.00496
682	-0.0045
684	-0.00254
686	-0.00282
688	-0.00275
690	-0.00288
692	-0.0017
694	-0.00357
696	-0.00445
698	-0.00377
700	-0.00212
702	-0.00166
704	-0.0017
706	-0.00288
708	-0.00253
710	-0.00191
712	-0.00296
714	-0.00223
716	-0.0024
718	-0.00203
720	-0.00169
722	-0.00252
724	-0.00291
726	-0.00273
728	-0.00322
730	-0.00312
732	-0.00329
734	-0.00342
736	-0.00314
738	-0.00215
740	-0.00243
742	-0.00209
744	-0.00203
746	-0.00247
748	-0.00326
750	-0.00332
752	-0.00258
754	-0.00183
756	-0.00164
758	-0.00135
760	-1.5664E-4
762	-4.68567E-4
764	-8.98494E-4
766	-0.00107
768	-6.01347E-4
770	-7.6274E-5
772	-2.51201E-4
774	-6.99128E-4
776	-0.00132
778	-0.00134
780	-0.00135
782	-6.87835E-4
784	-1.11761E-4
786	-2.62688E-4
788	-6.26148E-5
790	9.00458E-4
792	6.00532E-4
794	3.60499E-6
796	-3.06322E-4
798	-6.65249E-4
800	3.09825E-4
802	4.16898E-4
804	-4.26029E-4
806	7.20445E-5
808	-1.85882E-4
810	-0.00203
812	-0.00235
814	-0.00257
816	-0.00153
818	-8.79516E-4
820	-5.60443E-4
822	-0.00141
824	-5.20296E-4
826	4.09777E-4
828	0.0011
830	0.00153
832	0.00151
834	0.00229
836	4.04143E-4
838	0.00108
840	0.00137
842	0.00108
844	1.40436E-4
846	0.00107
848	5.78583E-4
850	-1.61344E-4
852	-2.40271E-4
854	-5.98197E-4
856	-8.24124E-4
858	-0.00178
860	-0.00172
862	-3.49045E-5
864	9.65856E-4
866	0.00234
868	0.00232
870	0.00272
872	0.0024
874	0.00267
876	0.00277
878	0.00242
880	0.00123
882	0.00185
884	0.00194
886	0.00121
888	0.00162
890	0.00109
892	2.49262E-4
894	-2.55709E-4
896	3.13195E-5
898	3.42349E-4
900	5.25377E-4
902	2.82406E-4
904	-4.59565E-4
906	2.80464E-4
908	3.43493E-4
910	5.22296E-7
912	0.00124
914	0.00162
916	0.00101
918	9.94165E-4
920	5.53822E-4
922	-6.05521E-4
924	-0.00189
926	-0.01039
928	-0.02752
930	-0.0485
932	-0.07053
934	-0.09098
936	-0.11125
938	-0.12974
940	-0.14538
942	-0.15964
944	-0.16857
946	-0.1661
948	-0.15862
950	-0.14756
952	-0.13394
954	-0.12153
956	-0.10936
958	-0.09717
960	-0.08616
962	-0.07783
964	-0.07051
966	-0.06337
968	-0.05658
970	-0.05102
972	-0.04622
974	-0.04228
976	-0.03885
978	-0.03465
980	-0.03142
982	-0.02934
984	-0.02729
986	-0.02534
988	-0.0234
990	-0.02289
992	-0.0214
994	-0.01884
996	-0.01782
998	-0.01804
1000	-0.01761
1002	-0.01589
1004	-0.01426
1006	-0.01459
1008	-0.01289
1010	-0.0115
1012	-0.01107
1014	-0.0106
1016	-0.01005
1018	-0.0093
1020	-0.00828
1022	-0.00766
1024	-0.00701
1026	-0.00682
1028	-0.00699
1030	-0.00709
1032	-0.00685
1034	-0.00736
1036	-0.00832
1038	-0.0087
1040	-0.00802
1042	-0.00792
1044	-0.00778
1046	-0.00748
1048	-0.00931
1050	-0.0097
1052	-0.00918
1054	-0.00961
1056	-0.01019
1058	-0.0099
1060	-0.00899
1062	-0.00862
1064	-0.00888
1066	-0.00834
1068	-0.00686
1070	-0.00684
1072	-0.00651
1074	-0.00613
1076	-0.00545
1078	-0.00573
1080	-0.00608
1082	-0.00514
1084	-0.00479
1086	-0.00377
1088	-0.00534
1090	-0.00725
1092	-0.00653
1094	-0.0053
1096	-0.0037
1098	-0.0035
1100	-0.00394
1102	-0.00305
1104	-0.00361
1106	-0.00494
1108	-0.00461
1110	-0.00397
1112	-0.0042
1114	-0.00422
1116	-0.00412
1118	-0.00296
1120	-0.00205
1122	-0.00268
1124	-0.00251
1126	-0.00338
1128	-0.00359
1130	-0.00137
1132	-2.46865E-4
1134	-0.00131
1136	-0.00126
1138	-0.00106
1140	-0.00158
1142	-0.00204
1144	-0.00117
1146	-0.0011
1148	-0.00217
1150	-0.00318
1152	-0.00272
1154	-0.00189
1156	-0.00197
1158	-0.00205
1160	-0.0025
1162	-0.00235
1164	-0.00267
1166	-0.00326
1168	-0.00308
1170	-0.00401
1172	-0.00383
1174	-0.00349
1176	-0.00318
1178	-0.00103
1180	5.88369E-4
1182	5.40504E-4
1184	-5.45361E-4
1186	-5.19226E-4
1188	3.59085E-5
1190	-2.35957E-4
1192	-4.28822E-4
1194	-3.87687E-4
1196	-1.73552E-4
1198	-9.60418E-4
1200	-9.26283E-4
1202	-6.99148E-4
1204	5.92987E-4
1206	3.16122E-4
1208	1.08256E-4
1210	-1.06609E-4
1212	-1.54741E-5
1214	-6.18339E-4
1216	-5.27205E-4
1218	-3.4107E-4
1220	-9.17935E-4
1222	-9.858E-4
1224	-0.00143
1226	-0.0016
1228	-0.00197
1230	-0.00233
1232	-0.00161
1234	-4.30991E-4
1236	1.70143E-4
1238	6.10278E-4
1240	0.00124
1242	0.00105
1244	7.22682E-4
1246	9.25982E-4
1248	0.00207
1250	0.00207
1252	0.00223
1254	0.0021
1256	0.00139
1258	0.00179
1260	0.00121
1262	5.58205E-4
1264	-8.63642E-4
1266	-0.00106
1268	-7.15336E-4
1270	-1.02184E-4
1272	0.00105
1274	3.32122E-4
1276	-5.42725E-4
1278	-0.00104
1280	-5.96419E-4
1282	5.56733E-4
1284	7.83886E-4
1286	8.43039E-4
1288	0.00122
1290	-2.88655E-4
1292	-3.53502E-4
1294	1.23687E-4
1296	2.59163E-4
1298	3.0664E-4
1300	2.01171E-5
1302	0.00103
1304	5.55071E-4
1306	-2.24522E-5
1308	-7.02975E-4
1310	-1.76498E-4
1312	-6.73022E-4
1314	-0.00125
1316	-1.11068E-4
1318	7.24409E-4
1320	9.36886E-4
1322	-1.56373E-5
1324	-0.00134
1326	-0.0088
1328	-0.02491
1330	-0.04481
1332	-0.06628
1334	-0.0867
1336	-0.10521
1338	-0.12102
1340	-0.13629
1342	-0.14898
1344	-0.15824
1346	-0.15794
1348	-0.1497
1350	-0.1369
1352	-0.12544
1354	-0.11252
1356	-0.10033
1358	-0.09018
1360	-0.08012
1362	-0.07177
1364	-0.06385
1366	-0.05755
1368	-0.05169
1370	-0.04639
1372	-0.04196
1374	-0.03758
1376	-0.03482
1378	-0.03097
1380	-0.02852
1382	-0.02652
1384	-0.02506
1386	-0.02415
1388	-0.02233
1390	-0.01953
1392	-0.01779
1394	-0.01731
1396	-0.0154
1398	-0.01454
1400	-0.01531
1402	-0.01443
1404	-0.01236
1406	-0.01134
1408	-0.0117
1410	-0.01173
1412	-0.01003
1414	-0.00981
1416	-0.01173
1418	-0.01374
1420	-0.01522
1422	-0.01606
1424	-0.01716
1426	-0.01583
1428	-0.015
1430	-0.01586
1432	-0.01574
1434	-0.01528
1436	-0.01626
1438	-0.01492
1440	-0.01433
1442	-0.01479
1444	-0.01471
1446	-0.0129
1448	-0.01287
1450	-0.01309
1452	-0.01345
1454	-0.01268
1456	-0.01134
1458	-0.0108
1460	-0.01116
1462	-0.00983
1464	-0.00859
1466	-0.00901
1468	-0.00835
1470	-0.00712
1472	-0.00645
1474	-0.00554
1476	-0.00486
1478	-0.00596
1480	-0.00634
1482	-0.0072
1484	-0.00707
1486	-0.00681
1488	-0.00757
1490	-0.00737
1492	-0.00686
1494	-0.00724
1496	-0.00723
1498	-0.00622
1500	-0.00665
1502	-0.00713
1504	-0.00689
1506	-0.00553
1508	-0.00478
1510	-0.00515
1512	-0.00398
1514	-0.0046
1516	-0.00636
1518	-0.00656
1520	-0.00734
1522	-0.00814
1524	-0.00787
1526	-0.00831
1528	-0.00983
1530	-0.01053
1532	-0.01018
1534	-0.0089
1536	-0.00879
1538	-0.00887
1540	-0.00835
1542	-0.00662
1544	-0.0064
1546	-0.0067
1548	-0.00754
1550	-0.00697
1552	-0.00579
1554	-0.00424
1556	-0.00462
1558	-0.00459
1560	-0.00511
1562	-0.00499
1564	-0.00433
1566	-0.0041
1568	-0.00386
1570	-0.00358
1572	-0.00384
1574	-0.0045
1576	-0.00474
1578	-0.00533
1580	-0.00397
1582	-0.00382
1584	-0.005
1586	-0.00422
1588	-0.00407
1590	-0.00397
1592	-0.0048
1594	-0.00382
1596	-0.00282
1598	-0.00326
1600	-0.002
1602	-0.00188
1604	-5.36728E-4
1606	-1.43035E-4
1608	-0.00137
1610	-0.00216
1612	-0.00342
1614	-0.00372
1616	-0.00352
1618	-0.00282
1620	-0.00312
1622	-0.00253
1624	-0.00173
1626	-0.00234
1628	-0.00223
1630	-0.00198
1632	-0.00222
1634	-0.00352
1636	-0.00352
1638	-0.003
1640	-0.00289
1642	-0.00252
1644	-0.00212
1646	-0.00127
1648	-0.00121
1650	-0.00104
1652	-9.94557E-4
1654	-0.0015
1656	-3.329E-4
1658	-0.00118
1660	-3.89242E-4
1662	6.15868E-5
1664	-3.60584E-4
1666	-6.21756E-4
1668	-0.0011
1670	-9.51098E-4
1672	2.17307E-5
1674	4.04559E-4
1676	5.11455E-4
1678	2.24576E-4
1680	0.00184
1682	0.00243
1684	0.00188
1686	0.00226
1688	0.00246
1690	0.00274
1692	0.00278
1694	0.00165
1696	0.00176
1698	0.00127
1700	2.906E-6
1702	2.95027E-4
1704	0.00125
1706	1.91269E-4
1708	1.2839E-4
1710	5.86511E-4
1712	-3.78368E-4
1714	-3.80247E-4
1716	9.95873E-4
1718	4.65994E-4
1720	-4.69885E-4
1722	3.06236E-4
1724	4.10284E-6
1726	-0.00757
1728	-0.02455
1730	-0.04423
1732	-0.06443
1734	-0.08391
1736	-0.10182
1738	-0.11731
1740	-0.13249
1742	-0.14459
1744	-0.15241
1746	-0.1518
1748	-0.14342
1750	-0.13198
1752	-0.11993
1754	-0.10712
1756	-0.09655
1758	-0.0864
1760	-0.07686
1762	-0.06678
1764	-0.05875
1766	-0.05139
1768	-0.04573
1770	-0.04017
1772	-0.03553
1774	-0.03292
1776	-0.02923
1778	-0.02565
1780	-0.02269
1782	-0.02086
1784	-0.01907
1786	-0.01786
1788	-0.01781
1790	-0.01595
1792	-0.01429
1794	-0.01245
1796	-0.01173
1798	-0.01118
1800	-0.01172
1802	-0.01053
1804	-0.01001
1806	-0.0079
1808	-0.0072
1810	-0.00646
1812	-0.005
1814	-0.00401
1816	-0.00426
1818	-0.0042
1820	-0.00354
1822	-0.00295
1824	-0.00379
1826	-0.00458
1828	-0.00479
1830	-0.00439
1832	-0.00483
1834	-0.00411
1836	-0.00405
1838	-0.00449
1840	-0.00434
1842	-0.00413
1844	-0.00354
1846	-0.00337
1848	-0.00344
1850	-0.00376
1852	-0.00332
1854	-0.00284
1856	-0.00301
1858	-0.00279
1860	-0.00203
1862	-0.00285
1864	-0.0033
1866	-0.00314
1868	-0.00399
1870	-0.0035
1872	-0.00193
1874	-0.00269
1876	-0.00326
1878	-0.00345
1880	-0.0022
1882	-0.00259
1884	-0.00272
1886	-0.00188
1888	-0.00175
1890	-0.00212
1892	-0.00222
1894	-8.61631E-4
1896	-9.12574E-4
1898	-0.00163
1900	-5.84461E-4
1902	3.21595E-4
1904	8.35652E-4
1906	0.00137
1908	4.08765E-4
1910	8.48822E-4
1912	4.73878E-4
1914	-6.53065E-4
1916	-0.00136
1918	-0.00109
1920	-0.00201
1922	-0.00209
1924	-0.00141
1926	-0.00151
1928	-4.60669E-4
1930	-3.24612E-4
1932	-1.84556E-4
1934	-4.96499E-4
1936	-1.18443E-4
1938	0.00113
1940	0.00177
1942	8.30727E-4
1944	4.27784E-4
1946	1.0284E-4
1948	3.62897E-4
1950	4.47953E-4
1952	-0.00121
1954	-0.00217
1956	-0.00221
1958	-0.003
1960	-0.00375
1962	-0.00386
1964	-0.00252
1966	-0.00178
1968	-0.00179
1970	-5.43481E-4
1972	-0.00127
1974	-0.00175
1976	-0.00166
1978	-0.00175
1980	-0.00171
1982	-0.00148
1984	-0.00125
1986	-0.001
1988	-0.001
1990	-3.13915E-4
1992	8.27141E-4
1994	0.00204
1996	0.00276
1998	0.00366
2000	0.0038
2002	0.00406
2004	0.00383
2006	0.00322
2008	0.00214
2010	7.85292E-4
2012	3.2107E-4
2014	-1.81152E-4
2016	-5.36374E-4
2018	-9.74596E-4
2020	4.52182E-4
2022	0.00109
2024	0.00119
2026	0.00169
2028	-1.96707E-4
2030	-7.05929E-4
2032	-4.95151E-4
2034	-9.69373E-4
2036	-9.96595E-4
2038	-0.00144
2040	-0.00156
2042	-0.00199
2044	-0.00105
2046	-2.13706E-4
2048	3.27072E-4
2050	3.6985E-4
2052	-4.41372E-4
2054	2.04406E-4
2056	0.00138
2058	0.00101
2060	0.00148
2062	0.00249
2064	0.0025
2066	0.00212
2068	0.00124
2070	0.00131
2072	7.90569E-4
2074	9.96812E-4
2076	0.00115
2078	8.28297E-4
2080	4.9254E-4
2082	8.86783E-4
2084	-2.69739E-5
2086	-0.00129
2088	-0.00189
2090	-0.00106
2092	-3.30024E-5
2094	-1.18759E-4
2096	8.07483E-4
2098	3.17726E-4
2100	-5.21031E-4
2102	-6.79788E-4
2104	4.00455E-4
2106	8.929E-4
2108	9.62493E-4
2110	6.73085E-4
2112	5.20678E-4
2114	7.0227E-4
2116	4.08863E-4
2118	-6.95443E-5
2120	6.93048E-4
2122	0.00148
2124	0.00145
2126	-0.00589
2128	-0.02306
2130	-0.04128
2132	-0.06037
2134	-0.07801
2136	-0.09476
2138	-0.1088
2140	-0.12382
2142	-0.13734
2144	-0.14623
2146	-0.14538
2148	-0.13936
2150	-0.12941
2152	-0.11704
2154	-0.10481
2156	-0.09277
2158	-0.0826
2160	-0.07235
2162	-0.06333
2164	-0.05625
2166	-0.05149
2168	-0.0456
2170	-0.03877
2172	-0.03464
2174	-0.0314
2176	-0.02823
2178	-0.02691
2180	-0.02467
2182	-0.02277
2184	-0.022
2186	-0.02079
2188	-0.01895
2190	-0.01789
2192	-0.01709
2194	-0.01581
2196	-0.01441
2198	-0.01316
2200	-0.01295
2202	-0.01206
2204	-0.01135
2206	-0.0105
2208	-0.00869
2210	-0.00865
2212	-0.00809
2214	-0.00819
2216	-0.00818
2218	-0.00833
2220	-0.00678
2222	-0.00668
2224	-0.00751
2226	-0.00719
2228	-0.00652
2230	-0.00459
2232	-0.00485
2234	-0.00578
2236	-0.00643
2238	-0.00583
2240	-0.00534
2242	-0.00536
2244	-0.00643
2246	-0.00676
2248	-0.00514
2250	-0.00465
2252	-0.00454
2254	-0.00482
2256	-0.00401
2258	-0.00458
2260	-0.00374
2262	-0.00462
2264	-0.00431
2266	-0.00283
2268	-0.00278
2270	-0.00449
2272	-0.00376
2274	-0.00405
2276	-0.005
2278	-0.00436
2280	-0.00424
2282	-0.00368
2284	-0.0058
2286	-0.00599
2288	-0.00526
2290	-0.00399
2292	-0.00443
2294	-0.00588
2296	-0.00589
2298	-0.00563
2300	-0.00573
2302	-0.00498
2304	-0.0052
2306	-0.00531
2308	-0.00476
2310	-0.00403
2312	-0.00303
2314	-0.00253
2316	-0.00382
2318	-0.00376
2320	-0.00372
2322	-0.00435
2324	-0.00397
2326	-0.00381
2328	-0.00528
2330	-0.00605
2332	-0.00492
2334	-0.00489
2336	-0.00514
2338	-0.00434
2340	-0.00501
2342	-0.00582
2344	-0.00543
2346	-0.00474
2348	-0.00531
2350	-0.0058
2352	-0.00586
2354	-0.00626
2356	-0.00658
2358	-0.00562
2360	-0.00545
2362	-0.0072
2364	-0.00768
2366	-0.00643
2368	-0.00583
2370	-0.00537
2372	-0.0049
2374	-0.00527
2376	-0.00501
2378	-0.00416
2380	-0.00474
2382	-0.00624
2384	-0.0061
2386	-0.00632
2388	-0.00597
2390	-0.00454
2392	-0.00422
2394	-0.00464
2396	-0.00401
2398	-0.00267
2400	-0.00311
2402	-0.00311
2404	-0.00329
2406	-0.00425
2408	-0.00442
2410	-0.00432
2412	-0.00268
2414	-0.00318
2416	-0.00294
2418	-0.00256
2420	-0.001
2422	-0.00149
2424	-0.00181
2426	-0.00137
2428	-0.00117
2430	-2.71742E-4
2432	-3.02787E-4
2434	-5.98317E-5
2436	-8.38877E-4
2438	-6.85922E-4
2440	-4.83796E-4
2442	-0.00107
2444	-3.90723E-4
2446	-0.00148
2448	-0.0014
2450	-0.00154
2452	-6.58579E-4
2454	-2.01042E-4
2456	-3.79506E-4
2458	-6.4097E-4
2460	-0.00101
2462	-5.19898E-4
2464	-1.43615E-5
2466	1.49175E-4
2468	0.00108
2470	-9.75304E-6
2472	-1.91217E-4
2474	0.0019
2476	0.00139
2478	7.27392E-4
2480	0.00107
2482	4.78464E-4
2484	-0.00116
2486	-4.64464E-4
2488	-1.17004E-4
2490	-6.04957E-4
2492	2.50091E-4
2494	-1.04862E-4
2496	4.03185E-4
2498	-8.71768E-4
2500	-8.34721E-4
2502	-1.81674E-4
2504	-1.34627E-4
2506	-0.0017
2508	-0.00181
2510	-0.00106
2512	-6.58438E-4
2514	-0.00138
2516	-0.00226
2518	-7.89297E-4
2520	-1.50249E-4
2522	2.13798E-4
2524	-4.22155E-4
2526	-0.00509
2528	-0.01884
2530	-0.03684
2532	-0.0558
2534	-0.07391
2536	-0.09084
2538	-0.10476
2540	-0.11777
2542	-0.12974
2544	-0.13618
2546	-0.13687
2548	-0.13201
2550	-0.12236
2552	-0.1106
2554	-0.09995
2556	-0.08792
2558	-0.07775
2560	-0.0696
2562	-0.06114
2564	-0.05241
2566	-0.04699
2568	-0.04157
2570	-0.03623
2572	-0.03059
2574	-0.02576
2576	-0.02229
2578	-0.01988
2580	-0.01775
2582	-0.01635
2584	-0.01465
2586	-0.01298
2588	-0.0123
2590	-0.01158
2592	-0.01048
2594	-0.00956
2596	-0.00946
2598	-0.00977
2600	-0.00975
2602	-0.00983
2604	-0.00878
2606	-0.00755
2608	-0.00849
2610	-0.00867
2612	-0.00831
2614	-0.00754
2616	-0.00713
2618	-0.00748
2620	-0.00757
2622	-0.00664
2624	-0.00616
2626	-0.00652
2628	-0.00607
2630	-0.00643
2632	-0.00636
2634	-0.00514
2636	-0.00544
2638	-0.00533
2640	-0.00514
2642	-0.00619
2644	-0.00574
2646	-0.00491
2648	-0.00569
2650	-0.00441
2652	-0.0037
2654	-0.00501
2656	-0.00604
2658	-0.00595
2660	-0.00529
2662	-0.00434
2664	-0.00374
2666	-0.004
2668	-0.00293
2670	-0.00278
2672	-0.00158
2674	-0.00109
2676	-0.00289
2678	-0.0036
2680	-0.00306
2682	-0.00221
2684	-0.00233
2686	-0.00201
2688	-0.00239
2690	-0.00279
2692	-0.00244
2694	-0.00155
2696	-0.00155
2698	-0.00113
2700	-8.8101E-4
2702	-0.0011
2704	-0.00157
2706	-0.00151
2708	-8.09E-4
2710	2.38253E-4
2712	-5.25494E-4
2714	-0.00165
2716	-0.00227
2718	-0.00219
2720	-0.00339
2722	-0.0035
2724	-0.00247
2726	-0.00252
2728	-0.00312
2730	-0.00273
2732	-0.00255
2734	-0.00173
2736	-0.00233
2738	-0.00203
2740	-0.00191
2742	-0.00174
2744	-0.00242
2746	-0.0024
2748	-0.00255
2750	-0.00223
2752	-0.00132
2754	-0.00243
2756	-0.00285
2758	-0.0016
2760	-7.62432E-4
2762	-1.3318E-4
2764	3.45073E-4
2766	0.00136
2768	0.00152
2770	9.38831E-4
2772	8.00083E-4
2774	2.20336E-4
2776	-7.34117E-5
2778	-5.15159E-4
2780	-7.41906E-4
2782	-0.00141
2784	-0.00125
2786	-0.00149
2788	-0.00124
2790	-0.00188
2792	-0.00271
2794	-0.00196
2796	-1.12886E-4
2798	-4.77633E-4
2800	-0.00184
2802	-0.00229
2804	-0.00329
2806	-0.00185
2808	-7.0137E-4
2810	-5.58118E-4
2812	-0.00226
2814	-0.00239
2816	-0.00183
2818	-0.00144
2820	-0.00209
2822	-0.00276
2824	-0.0023
2826	-0.00194
2828	-0.00272
2830	-0.00279
2832	-0.00203
2834	-4.49087E-4
2836	-9.27834E-4
2838	-0.00132
2840	-0.00175
2842	-0.0023
2844	-0.00185
2846	-0.00267
2848	-0.0028
2850	-0.00204
2852	-0.00237
2854	-0.00366
2856	-0.00353
2858	-0.00275
2860	-0.00335
2862	-0.00237
2864	-0.00177
2866	-0.00228
2868	-0.00337
2870	-0.00362
2872	-0.002
2874	-6.34573E-4
2876	-9.90949E-4
2878	-0.00174
2880	-0.00163
2882	-0.001
2884	-0.00103
2886	-5.28825E-4
2888	-9.032E-4
2890	-2.93575E-4
2892	0.00142
2894	6.10674E-4
2896	-9.25701E-4
2898	-0.00112
2900	-9.78451E-4
2902	4.20174E-4
2904	5.29798E-4
2906	0.00101
2908	0.00156
2910	0.00169
2912	6.13297E-4
2914	-3.98078E-4
2916	-6.29453E-4
2918	-7.16031E-4
2920	2.48377E-4
2922	4.18786E-4
2924	1.03194E-4
2926	-0.0033
2928	-0.01418
2930	-0.03172
2932	-0.04967
2934	-0.06694
2936	-0.0848
2938	-0.09906
2940	-0.11253
2942	-0.12436
2944	-0.1335
2946	-0.1349
2948	-0.12826
2950	-0.11785
2952	-0.10856
2954	-0.09727
2956	-0.08602
2958	-0.07623
2960	-0.06704
2962	-0.05866
2964	-0.05135
2966	-0.04445
2968	-0.03871
2970	-0.03362
2972	-0.02835
2974	-0.02434
2976	-0.02184
2978	-0.02027
2980	-0.01871
2982	-0.01739
2984	-0.01647
2986	-0.01469
2988	-0.01287
2990	-0.01207
2992	-0.01127
2994	-0.00973
2996	-0.00804
2998	-0.00792
3000	-0.00711
3002	-0.00636
3004	-0.00634
3006	-0.00548
3008	-0.00599
3010	-0.00625
3012	-0.00565
3014	-0.0052
3016	-0.0038
3018	-0.00369
3020	-0.00471
3022	-0.0033
3024	-0.00426
3026	-0.00409
3028	-0.00362
3030	-0.00407
3032	-0.00466
3034	-0.00445
3036	-0.00412
3038	-0.00301
3040	-0.00241
3042	-0.00265
3044	-0.00374
3046	-0.00291
3048	-0.00281
3050	-0.00375
3052	-0.00343
3054	-0.00226
3056	-0.00179
3058	-0.0019
3060	-0.0016
3062	-0.00135
3064	-8.74564E-4
3066	-0.00152
3068	-0.00159
3070	-9.23961E-4
3072	3.15736E-5
3074	2.01108E-4
3076	0.00146
3078	0.00138
3080	9.29711E-4
3082	5.19245E-4
3084	7.8178E-4
3086	2.33141E-5
3088	-0.00143
3090	-0.0024
3092	-0.00248
3094	-0.00293
3096	-0.00278
3098	-0.00177
3100	-0.0027
3102	-0.00276
3104	-0.00196
3106	-0.00328
3108	-0.00217
3110	-0.00169
3112	-9.78739E-4
3114	-8.58205E-4
3116	-0.00136
3118	-0.00172
3120	-0.0016
3122	-4.44068E-4
3124	4.68467E-4
3126	0.00117
3128	5.96535E-4
3130	8.4307E-4
3132	0.00106
3134	3.30138E-4
3136	-1.39327E-4
3138	-2.74793E-4
3140	-0.00139
3142	-0.00279
3144	-0.00258
3146	-0.00242
3148	-0.00289
3150	-0.0019
3152	-0.00264
3154	-0.002
3156	-0.00168
3158	-0.00245
3160	-0.00195
3162	-0.00251
3164	-0.0022
3166	-0.00222
3168	-0.00178
3170	3.32757E-4
3172	1.19291E-4
3174	3.91825E-4
3176	1.1236E-4
3178	-7.19106E-4
3180	-0.00153
3182	-0.00204
3184	-0.00158
3186	-0.00146
3188	-1.39434E-4
3190	8.011E-4
3192	-4.40366E-4
3194	-5.71831E-4
3196	-6.35297E-4
3198	-2.66762E-4
3200	-7.53228E-4
3202	2.44306E-4
3204	0.00148
3206	0.00109
3208	2.20909E-4
3210	0.0011
3212	1.25978E-4
3214	-0.00114
3216	-7.80953E-4
3218	-6.22419E-4
3220	-6.88885E-4
3222	-4.7135E-4
3224	3.00184E-4
3226	2.44718E-4
3228	0.00112
3230	0.00142
3232	0.00242
3234	0.00151
3236	8.2339E-4
3238	0.00252
3240	0.00372
3242	0.00168
3244	0.00154
3246	0.00186
3248	0.00107
3250	8.39131E-4
3252	7.78696E-4
3254	3.55253E-4
3256	-1.2719E-4
3258	-1.53634E-4
3260	9.89923E-4
3262	9.6948E-4
3264	8.86037E-4
3266	9.95594E-4
3268	9.08151E-4
3270	-5.9292E-5
3272	-4.46735E-4
3274	-0.00102
3276	-0.00182
3278	-0.00111
3280	-2.63507E-4
3282	-2.7095E-4
3284	-8.45393E-4
3286	-7.01837E-4
3288	3.0072E-4
3290	8.97277E-4
3292	0.00123
3294	0.0014
3296	0.00115
3298	4.58505E-4
3300	-9.85334E-4
3302	-9.10391E-4
3304	-3.44447E-4
3306	-6.16504E-4
3308	-5.73561E-4
3310	-0.00127
3312	-8.54674E-4
3314	-2.67306E-5
3316	4.22213E-4
3318	8.82156E-4
3320	-1.29005E-5
3322	3.60043E-4
3324	2.50986E-4
3326	-0.00458
3328	-0.01641
3330	-0.03161
3332	-0.04874
3334	-0.0666
3336	-0.08192
3338	-0.09464
3340	-0.10641
3342	-0.11641
3344	-0.12519
3346	-0.12793
3348	-0.1225
3350	-0.11293
3352	-0.10342
3354	-0.09382
3356	-0.08318
3358	-0.07144
3360	-0.06284
3362	-0.05515
3364	-0.04841
3366	-0.04242
3368	-0.03835
3370	-0.03442
3372	-0.02986
3374	-0.02666
3376	-0.02467
3378	-0.02106
3380	-0.01745
3382	-0.01462
3384	-0.01313
3386	-0.01208
3388	-0.01126
3390	-0.01063
3392	-0.01039
3394	-0.01044
3396	-0.00947
3398	-0.00732
3400	-0.00574
3402	-0.00569
3404	-0.00604
3406	-0.00573
3408	-0.00552
3410	-0.00586
3412	-0.00476
3414	-0.00374
3416	-0.00251
3418	-0.00216
3420	-0.00286
3422	-0.00296
3424	-0.00249
3426	-0.00325
3428	-0.00475
3430	-0.00613
3432	-0.00574
3434	-0.00561
3436	-0.00549
3438	-0.00541
3440	-0.0055
3442	-0.00493
3444	-0.00509
3446	-0.00507
3448	-0.00447
3450	-0.0035
3452	-0.00333
3454	-0.0038
3456	-0.0034
3458	-0.00232
3460	-0.00342
3462	-0.00481
3464	-0.0056
3466	-0.00516
3468	-0.00303
3470	-0.003
3472	-0.0034
3474	-0.00311
3476	-0.00304
3478	-0.00235
3480	-5.42897E-4
3482	-6.12197E-4
3484	-0.00114
3486	-8.26795E-4
3488	-3.70094E-4
3490	-2.72393E-4
3492	0.00106
3494	0.00246
3496	0.00325
3498	0.00346
3500	0.00267
3502	0.00346
3504	0.00502
3506	0.00475
3508	0.00387
3510	0.00287
3512	0.00222
3514	0.00166
3516	7.86665E-4
3518	9.72255E-4
3520	8.02844E-4
3522	-4.59566E-4
3524	-5.93976E-4
3526	2.64613E-4
3528	4.10203E-4
3530	-0.00139
3532	-0.00228
3534	-0.00256
3536	-0.00318
3538	-0.0036
3540	-0.00375
3542	-0.00492
3544	-0.00531
3546	-0.00546
3548	-0.006
3550	-0.00531
3552	-0.0043
3554	-0.00373
3556	-0.00362
3558	-0.00382
3560	-0.00315
3562	-0.00364
3564	-0.00399
3566	-0.00334
3568	-0.00196
3570	-0.00214
3572	-9.27331E-4
3574	-6.70998E-4
3576	3.41335E-4
3578	1.29669E-4
3580	1.95002E-4
3582	8.31335E-4
3584	0.00174
3586	4.28002E-4
3588	8.75094E-4
3590	1.38034E-4
3592	-0.00107
3594	-0.00153
3596	-5.14593E-6
3598	-7.78206E-4
3600	3.17734E-4
3602	6.57674E-4
3604	2.67614E-4
3606	-5.20446E-4
3608	-6.91506E-4
3610	-6.04566E-4
3612	-5.74626E-4
3614	-4.84686E-4
3616	0.00121
3618	0.00109
3620	0.00107
3622	9.28074E-4
3624	7.05014E-4
3626	-2.6046E-5
3628	-5.19106E-4
3630	-7.7166E-5
3632	-8.08226E-4
3634	4.25714E-4
3636	9.93917E-4
3638	0.00103
3640	0.00143
3642	0.00122
3644	6.92464E-4
3646	0.00154
3648	7.93738E-4
3650	0.00112
3652	0.00137
3654	0.00236
3656	0.00268
3658	0.00169
3660	0.00141
3662	2.08696E-4
3664	-0.00132
3666	6.29694E-5
3668	-9.45894E-4
3670	-8.75757E-4
3672	2.9038E-4
3674	3.35168E-5
3676	9.85654E-4
3678	2.1079E-4
3680	1.07927E-4
3682	1.10064E-4
3684	5.48466E-6
3686	-1.2123E-4
3688	-7.67945E-4
3690	-0.00149
3692	-0.0023
3694	-0.0029
3696	-0.00391
3698	-0.0034
3700	-0.00241
3702	-0.00174
3704	-0.00191
3706	-0.00232
3708	-0.00234
3710	-0.0031
3712	-0.00214
3714	-0.00147
3716	-5.84952E-4
3718	3.14333E-4
3720	-5.73382E-4
3722	4.96903E-4
3724	-5.00812E-4
3726	-0.00403
3728	-0.01501
3730	-0.02907
3732	-0.04611
3734	-0.06258
3736	-0.07663
3738	-0.08861
3740	-0.09993
3742	-0.11083
3744	-0.11909
3746	-0.12068
3748	-0.1152
3750	-0.10687
3752	-0.09709
3754	-0.08686
3756	-0.07682
3758	-0.06729
3760	-0.05897
3762	-0.05235
3764	-0.04465
3766	-0.03833
3768	-0.03371
3770	-0.02945
3772	-0.02579
3774	-0.02227
3776	-0.0198
3778	-0.01823
3780	-0.01713
3782	-0.01546
3784	-0.01378
3786	-0.01335
3788	-0.01271
3790	-0.01304
3792	-0.01203
3794	-0.01055
3796	-0.01012
3798	-0.00869
3800	-0.0086
3802	-0.0089
3804	-0.00877
3806	-0.00924
3808	-0.00898
3810	-0.00669
3812	-0.00597
3814	-0.00537
3816	-0.00486
3818	-0.00485
3820	-0.00599
3822	-0.00578
3824	-0.00524
3826	-0.00376
3828	-0.0025
3830	-0.00301
3832	-0.00435
3834	-0.00357
3836	-0.00217
3838	-0.00155
3840	-0.00136
3842	-0.00131
3844	-0.00185
3846	-0.00131
3848	-0.00137
3850	-0.00148
3852	-0.00231
3854	-0.00227
3856	-0.0025
3858	-0.00178
3860	-0.00146
3862	-6.03541E-4
3864	9.39157E-4
3866	7.61855E-4
3868	0.00149
3870	8.18251E-4
3872	-7.67051E-4
3874	-0.00159
3876	-9.05019E-4
3878	3.31825E-5
3880	-0.00115
3882	-0.00145
3884	-0.00186
3886	-7.12013E-4
3888	-0.00143
3890	-0.00318
3892	-0.00303
3894	-0.00289
3896	-0.00429
3898	-0.00503
3900	-0.00547
3902	-0.0052
3904	-0.00455
3906	-0.00293
3908	-0.00398
3910	-0.00422
3912	-0.00503
3914	-0.00496
3916	-0.00472
3918	-0.00389
3920	-0.00381
3922	-0.00519
3924	-0.0074
3926	-0.00788
3928	-0.00673
3930	-0.00676
3932	-0.00604
3934	-0.0064
3936	-0.00689
3938	-0.00602
3940	-0.00477
3942	-0.0036
3944	-0.00256
3946	-0.00232
3948	-0.00245
3950	-0.00274
3952	-0.00335
3954	-0.00208
3956	-2.78109E-4
3958	8.30222E-4
3960	0.00142
3962	9.15883E-4
3964	5.41214E-4
3966	9.85455E-5
3968	-2.33124E-4
3970	-1.86793E-4
3972	7.30538E-4
3974	5.74869E-4
3976	7.202E-4
3978	0.00101
3980	0.00134
3982	6.75193E-4
3984	8.40524E-4
3986	1.53855E-4
3988	1.07186E-4
3990	3.14517E-4
3992	4.24848E-4
3994	7.91179E-4
3996	0.00131
3998	9.96841E-4
4000	0.00236
4002	0.00274
4004	0.00186
4006	0.00309
4008	0.00293
4010	0.00348
4012	0.00376
4014	0.00425
4016	0.00423
4018	0.00326
4020	0.0019
4022	0.00177
4024	7.22774E-4
4026	7.36749E-4
4028	3.23725E-4
4030	-3.343E-4
4032	-0.00113
4034	-0.00126
4036	-7.75375E-4
4038	-1.734E-4
4040	-7.71425E-4
4042	-9.06449E-4
4044	-7.41474E-4
4046	-1.40499E-4
4048	3.87476E-4
4050	-1.91549E-4
4052	-0.00175
4054	-0.00227
4056	-0.00214
4058	-9.31648E-4
4060	-1.66673E-4
4062	1.72302E-4
4064	-6.06723E-4
4066	-6.93683E-4
4068	0.00106
4070	7.01668E-4
4072	5.73844E-4
4074	4.75019E-4
4076	-4.5805E-5
4078	0.00142
4080	0.00203
4082	0.0012
4084	8.93898E-4
4086	9.19073E-4
4088	-1.31751E-4
4090	2.53425E-4
4092	0.0012
4094	8.15776E-4
4096	-2.93048E-4
4098	-5.17873E-4
4100	-0.00196
4102	-0.0017
4104	-0.0012
4106	1.1083E-4
4108	7.33006E-4
4110	2.81814E-5
4112	0.00133
4114	0.00292
4116	0.00223
4118	0.00197
4120	8.06022E-4
4122	-6.17248E-4
4124	1.79481E-4
4126	-0.0019
4128	-0.0129
4130	-0.02747
4132	-0.04224
4134	-0.0577
4136	-0.07165
4138	-0.08432
4140	-0.09645
4142	-0.10579
4144	-0.11379
4146	-0.11521
4148	-0.11036
4150	-0.10154
4152	-0.0926
4154	-0.08421
4156	-0.07481
4158	-0.06494
4160	-0.05599
4162	-0.0489
4164	-0.04366
4166	-0.0393
4168	-0.03524
4170	-0.0307
4172	-0.02678
4174	-0.02408
4176	-0.0201
4178	-0.01686
4180	-0.01425
4182	-0.0118
4184	-0.01143
4186	-0.01194
4188	-0.0115
4190	-0.01057
4192	-0.01016
4194	-0.00976
4196	-0.00917
4198	-0.00953
4200	-0.00908
4202	-0.00767
4204	-0.00599
4206	-0.00467
4208	-0.00516
4210	-0.00536
4212	-0.00643
4214	-0.00578
4216	-0.00515
4218	-0.00462
4220	-0.0045
4222	-0.00417
4224	-0.00359
4226	-0.00261
4228	-0.00233
4230	-0.00261
4232	-3.76482E-4
4234	-0.00151
4236	-0.00261
4238	-0.00252
4240	-0.00292
4242	-0.00201
4244	-0.00122
4246	-0.00185
4248	-0.00195
4250	-7.10406E-4
4252	-9.43953E-4
4254	-0.0016
4256	-0.00102
4258	-4.17206E-4
4260	0.00139
4262	6.39722E-4
4264	-9.00813E-4
4266	-0.00143
4268	-0.00172
4270	-9.1842E-4
4272	-2.90956E-4
4274	-0.00163
4276	-0.00244
4278	-0.0011
4280	-0.00111
4282	-5.46634E-4
4284	-0.00144
4286	-0.00229
4288	-0.00164
4290	-0.00143
4292	-0.00168
4294	-0.00166
4296	-9.35383E-4
4298	-0.00147
4300	-0.00133
4302	-1.11989E-4
4304	5.20369E-4
4306	6.35893E-4
4308	5.41418E-4
4310	-7.09058E-4
4312	-0.00104
4314	-2.3401E-4
4316	-1.48581E-6
4318	-3.20962E-4
4320	-2.14437E-4
4322	-2.36913E-4
4324	-6.02389E-4
4326	-3.39865E-4
4328	-3.40341E-4
4330	-3.81668E-6
4332	8.21707E-4
4334	0.00104
4336	5.34756E-4
4338	-1.3872E-4
4340	-7.81196E-4
4342	-6.17672E-4
4344	-4.90148E-4
4346	-0.00203
4348	-0.00171
4350	-0.00211
4352	-0.00176
4354	-6.00206E-4
4356	2.37111E-5
4358	-3.54372E-4
4360	-2.49454E-4
4362	4.67463E-4
4364	9.32381E-4
4366	5.71298E-4
4368	2.53215E-4
4370	-2.89867E-4
4372	3.6005E-4
4374	4.72967E-4
4376	-1.64115E-4
4378	-0.00133
4380	-7.7528E-4
4382	-1.27363E-4
4384	-6.19446E-4
4386	9.46472E-4
4388	0.00156
4390	-3.39694E-4
4392	-0.00107
4394	-0.00148
4396	-0.00144
4398	-2.39024E-4
4400	-3.69708E-4
4402	-7.23597E-4
4404	-9.01486E-4
4406	2.67625E-4
4408	3.44736E-4
4410	-5.51531E-5
4412	-4.97042E-4
4414	-5.23931E-4
4416	-3.1282E-4
4418	0.00137
4420	0.00144
4422	-5.88487E-4
4424	-0.00182
4426	-0.00135
4428	-0.00101
4430	-0.00301
4432	-0.0023
4434	-0.0019
4436	-0.00244
4438	-0.00334
4440	-0.00371
4442	-0.00243
4444	-0.00161
4446	-0.00149
4448	-0.00116
4450	-0.00112
4452	-0.002
4454	-0.00205
4456	-0.00233
4458	-0.00188
4460	-0.00154
4462	-0.00154
4464	-0.00215
4466	-0.00209
4468	-7.56551E-4
4470	7.81345E-4
4472	-5.99759E-4
4474	-7.25862E-4
4476	-4.26966E-4
4478	-8.6107E-4
4480	-7.11174E-4
4482	-3.40278E-4
4484	-4.53817E-5
4486	-3.77486E-4
4488	9.04106E-5
4490	-6.19693E-4
4492	-6.94797E-4
4494	-8.15901E-4
4496	-1.02373E-4
4498	1.54187E-4
4500	2.18747E-4
4502	0.00105
4504	0.00168
4506	0.00245
4508	0.00218
4510	9.87548E-4
4512	-3.04892E-4
4514	1.02668E-4
4516	2.99228E-4
4518	3.72788E-4
4520	1.75348E-4
4522	4.70908E-4
4524	9.04682E-5
4526	-0.0027
4528	-0.01301
4530	-0.02721
4532	-0.04222
4534	-0.05709
4536	-0.07127
4538	-0.08432
4540	-0.09478
4542	-0.10493
4544	-0.11296
4546	-0.1158
4548	-0.11169
4550	-0.10465
4552	-0.09473
4554	-0.08563
4556	-0.07652
4558	-0.06833
4560	-0.06171
4562	-0.05471
4564	-0.04757
4566	-0.0415
4568	-0.03727
4570	-0.0334
4572	-0.03043
4574	-0.02749
4576	-0.02369
4578	-0.02086
4580	-0.0199
4582	-0.01794
4584	-0.01724
4586	-0.01621
4588	-0.01488
4590	-0.01229
4592	-0.01153
4594	-0.00917
4596	-0.00746
4598	-0.00628
4600	-0.00486
4602	-0.00456
4604	-0.00485
4606	-0.00365
4608	-0.003
4610	-0.00343
4612	-0.00375
4614	-0.00316
4616	-0.00348
4618	-0.00369
4620	-0.00387
4622	-0.00445
4624	-0.00446
4626	-0.00505
4628	-0.00551
4630	-0.00521
4632	-0.00434
4634	-0.00398
4636	-0.00448
4638	-0.00495
4640	-0.00441
4642	-0.00404
4644	-0.00372
4646	-0.00445
4648	-0.00401
4650	-0.00391
4652	-0.00317
4654	-0.00332
4656	-0.00317
4658	-0.00298
4660	-0.0018
4662	-6.43543E-4
4664	-5.29748E-4
4666	-3.16953E-4
4668	-3.98158E-4
4670	-5.89363E-4
4672	-0.00121
4674	-0.0024
4676	-0.00226
4678	-0.00242
4680	-0.00169
4682	-0.00213
4684	-0.00258
4686	-0.0016
4688	-0.00114
4690	-0.00117
4692	-0.00138
4694	-0.00127
4696	-9.7931E-4
4698	-0.00104
4700	-2.64609E-4
4702	1.05742E-4
4704	5.99093E-4
4706	0.00134
4708	0.00205
4710	2.40144E-4
4712	-5.33505E-4
4714	-2.37154E-4
4716	5.22196E-4
4718	9.12547E-4
4720	-3.13103E-4
4722	-8.25752E-4
4724	-0.00176
4726	-0.00116
4728	4.023E-4
4730	-4.6235E-4
4732	-0.00164
4734	-0.00173
4736	-0.00154
4738	-0.00244
4740	-0.00355
4742	-0.00323
4744	-0.00178
4746	-0.0011
4748	-0.00154
4750	-0.00123
4752	-0.00182
4754	-0.00103
4756	-6.70643E-4
4758	-0.00169
4760	-0.00252
4762	-0.00211
4764	-0.00269
4766	-0.0029
4768	-0.00155
4770	-0.0016
4772	-0.0011
4774	1.24973E-4
4776	6.7882E-4
4778	0.00147
4780	0.00246
4782	0.00246
4784	0.00118
4786	0.00125
4788	9.32873E-4
4790	-1.61466E-4
4792	-0.00249
4794	-0.00307
4796	-0.00199
4798	-0.00151
4800	-0.00212
4802	-0.00196
4804	-0.00182
4806	-0.00123
4808	-0.00164
4810	-0.00313
4812	-0.00573
4814	-0.00628
4816	-0.00507
4818	-0.00479
4820	-0.00535
4822	-0.00543
4824	-0.00441
4826	-0.0044
4828	-0.00459
4830	-0.00341
4832	-0.00356
4834	-0.00369
4836	-0.00472
4838	-0.00472
4840	-0.00516
4842	-0.00438
4844	-0.00327
4846	-0.00395
4848	-0.00421
4850	-0.00593
4852	-0.00677
4854	-0.00771
4856	-0.00739
4858	-0.00657
4860	-0.00608
4862	-0.00694
4864	-0.00584
4866	-0.00396
4868	-0.00278
4870	-0.00182
4872	-0.0014
4874	-0.00198
4876	-0.00242
4878	-0.00192
4880	-0.0019
4882	-0.00178
4884	-0.0011
4886	-0.00156
4888	-0.00141
4890	-0.0012
4892	-1.63378E-4
4894	2.99218E-4
4896	4.74815E-4
4898	2.47411E-4
4900	0.00107
4902	0.0021
4904	0.00259
4906	0.00232
4908	0.00209
4910	0.00132
4912	2.91584E-4
4914	8.18072E-6
4916	7.65777E-4
4918	9.39373E-4
4920	-2.20031E-4
4922	8.34566E-4
4924	-3.23838E-4
4926	-0.00266
4928	-0.01225
4930	-0.02467
4932	-0.04012
4934	-0.05555
4936	-0.06927
4938	-0.08133
4940	-0.09305
4942	-0.1041
4944	-0.11257
4946	-0.11456
4948	-0.10785
4950	-0.10038
4952	-0.09277
4954	-0.08278
4956	-0.07385
4958	-0.06552
4960	-0.05733
4962	-0.0491
4964	-0.04347
4966	-0.03771
4968	-0.03281
4970	-0.02935
4972	-0.02527
4974	-0.0227
4976	-0.02065
4978	-0.01823
4980	-0.01667
4982	-0.01511
4984	-0.013
4986	-0.01164
4988	-0.01096
4990	-0.00992
4992	-0.00911
4994	-0.01001
4996	-0.00865
4998	-0.00882
5000	-0.00905
5002	-0.00866
5004	-0.00788
5006	-0.0064
5008	-0.00527
5010	-0.00524
5012	-0.00504
5014	-0.00455
5016	-0.00414
5018	-0.00499
5020	-0.00636
5022	-0.00621
5024	-0.00576
5026	-0.00592
5028	-0.00656
5030	-0.0063
5032	-0.00565
5034	-0.00528
5036	-0.00509
5038	-0.00447
5040	-0.00523
5042	-0.00458
5044	-0.00514
5046	-0.0049
5048	-0.00528
5050	-0.00467
5052	-0.00429
5054	-0.00405
5056	-0.00352
5058	-0.0032
5060	-0.0032
5062	-0.00237
5064	-0.00109
5066	1.36437E-4
5068	1.03432E-4
5070	-0.00122
5072	-0.00305
5074	-0.00247
5076	-0.00146
5078	-9.27356E-4
5080	-3.99985E-4
5082	-6.27615E-4
5084	-0.0015
5086	-0.0019
5088	-0.00148
5090	-0.00104
5092	-9.51763E-4
5094	-4.62392E-4
5096	-9.55022E-4
5098	-0.00164
5100	-0.00277
5102	-0.00118
5104	-5.3554E-4
5106	-0.00138
5108	-0.00189
5110	-1.2429E-5
5112	4.39415E-5
5114	-8.44688E-4
5116	-6.14595E-4
5118	-5.48595E-4
5120	-3.26595E-4
5122	7.69405E-4
5124	0.00122
5126	7.34052E-5
5128	-4.50595E-4
5130	-7.79595E-4
5132	-0.00139
5134	-0.00179
5136	-0.00172
5138	-0.00254
5140	-0.00282
5142	-0.00262
5144	-0.00435
5146	-0.00422
5148	-0.00336
5150	-0.00392
5152	-0.00473
5154	-0.00565
5156	-0.00618
5158	-0.00486
5160	-0.00463
5162	-0.00301
5164	-0.00332
5166	-0.00422
5168	-0.00421
5170	-0.00431
5172	-0.00456
5174	-0.00446
5176	-0.00461
5178	-0.00495
5180	-0.00579
5182	-0.00519
5184	-0.00503
5186	-0.00452
5188	-0.00436
5190	-0.00416
5192	-0.00442
5194	-0.0037
5196	-0.00294
5198	-0.00221
5200	-0.00154
5202	-8.31129E-4
5204	-8.29377E-4
5206	-0.00119
5208	-0.00191
5210	-0.00224
5212	-0.001
5214	-7.90244E-5
5216	-9.7766E-4
5218	-0.00111
5220	-7.2793E-4
5222	-4.65655E-5
5224	-5.20201E-4
5226	-0.00104
5228	1.85287E-5
5230	3.43893E-4
5232	2.38258E-4
5234	1.73623E-4
5236	-1.64012E-4
5238	-9.46648E-4
5240	-8.29283E-4
5242	-5.65918E-4
5244	-0.00109
5246	-5.24189E-4
5248	-5.61824E-4
5250	-0.00143
5252	-0.00216
5254	-0.00313
5256	-0.0034
5258	-0.00345
5260	-0.00341
5262	-0.00206
5264	-0.00113
5266	-0.00151
5268	-0.00105
5270	-3.81273E-4
5272	-3.35739E-4
5274	-0.0014
5276	-7.7867E-4
5278	4.35864E-4
5280	-2.98601E-4
5282	-8.38067E-4
5284	-8.57533E-4
5286	-0.00192
5288	-0.00175
5290	-0.00157
5292	-0.00145
5294	8.51391E-5
5296	7.28673E-4
5298	0.0011
5300	6.27742E-4
5302	1.17277E-4
5304	-2.54189E-4
5306	-9.85655E-4
5308	-7.13529E-4
5310	-4.277E-4
5312	-7.01871E-4
5314	-8.67042E-4
5316	5.47871E-5
5318	3.34616E-4
5320	2.34445E-4
5322	6.27274E-4
5324	4.92103E-4
5326	-0.00245
5328	-0.01038
5330	-0.02378
5332	-0.03857
5334	-0.05277
5336	-0.06531
5338	-0.07598
5340	-0.08699
5342	-0.09727
5344	-0.10416
5346	-0.10756
5348	-0.10332
5350	-0.09684
5352	-0.08845
5354	-0.07935
5356	-0.07032
5358	-0.0625
5360	-0.0552
5362	-0.04864
5364	-0.0434
5366	-0.03669
5368	-0.03231
5370	-0.02944
5372	-0.02622
5374	-0.02318
5376	-0.02031
5378	-0.01873
5380	-0.0178
5382	-0.01515
5384	-0.01227
5386	-0.01034
5388	-0.01031
5390	-0.00991
5392	-0.00871
5394	-0.00729
5396	-0.00767
5398	-0.00628
5400	-0.00448
5402	-0.00469
5404	-0.00454
5406	-0.00396
5408	-0.00446
5410	-0.00401
5412	-0.00366
5414	-0.00338
5416	-0.00295
5418	-0.00273
5420	-0.00295
5422	-0.00331
5424	-0.00428
5426	-0.00266
5428	-0.00187
5430	-0.00171
5432	-0.00142
5434	-0.00134
5436	-0.00228
5438	-0.00203
5440	-0.00142
5442	-0.00128
5444	-0.00109
5446	-0.00178
5448	-0.00256
5450	-0.00244
5452	-0.00159
5454	-0.00163
5456	-0.00136
5458	-0.00149
5460	-0.00149
5462	-0.00152
5464	-0.00129
5466	2.26498E-5
5468	4.29619E-4
5470	5.97587E-4
5472	2.92556E-4
5474	3.39525E-4
5476	1.46494E-4
5478	1.05463E-4
5480	2.37432E-4
5482	4.08401E-4
5484	1.78369E-4
5486	-5.69662E-4
5488	-0.00255
5490	-0.00263
5492	-0.00356
5494	-0.00365
5496	-0.00338
5498	-0.00299
5500	-0.00317
5502	-0.00366
5504	-0.00251
5506	-0.00121
5508	-0.00109
5510	-0.00203
5512	-0.00148
5514	-3.73098E-4
5516	-9.56129E-4
5518	-0.00163
5520	-8.33191E-4
5522	-6.36223E-4
5524	-4.60254E-4
5526	-5.04285E-4
5528	-2.20316E-4
5530	-4.74347E-4
5532	5.56217E-5
5534	0.00155
5536	0.00147
5538	0.00102
5540	4.38497E-4
5542	1.54466E-4
5544	0.00145
5546	0.00145
5548	-6.66628E-4
5550	-0.00107
5552	-6.6969E-4
5554	-4.01721E-4
5556	-0.00144
5558	-0.00119
5560	-0.0013
5562	-4.28846E-4
5564	0.00109
5566	0.00125
5568	1.06061E-4
5570	8.2603E-4
5572	0.00149
5574	0.00131
5576	0.00108
5578	0.00127
5580	0.00282
5582	0.00268
5584	0.00187
5586	0.00125
5588	5.63749E-4
5590	9.99718E-4
5592	0.00219
5594	0.00134
5596	8.08625E-4
5598	1.54594E-4
5600	3.11562E-4
5602	-2.16469E-4
5604	-7.045E-4
5606	-7.94531E-4
5608	-3.63562E-4
5610	-3.20593E-4
5612	-4.54624E-4
5614	4.43444E-5
5616	0.00117
5618	7.12282E-4
5620	0.00137
5622	9.2622E-4
5624	-1.74811E-4
5626	3.00157E-4
5628	0.00186
5630	0.00177
5632	0.00161
5634	0.00293
5636	0.00348
5638	0.00284
5640	0.00399
5642	0.00256
5644	5.42981E-4
5646	9.04526E-4
5648	0.0016
5650	9.67616E-4
5652	-4.42839E-4
5654	-4.89294E-4
5656	3.12508E-5
5658	5.05796E-4
5660	3.44341E-4
5662	0.00113
5664	0.00117
5666	1.38976E-4
5668	0.00146
5670	0.00136
5672	6.77611E-4
5674	4.31156E-4
5676	0.0017
5678	8.67246E-4
5680	-3.02209E-4
5682	-6.25664E-4
5684	-7.34119E-4
5686	-1.14574E-4
5688	-1.31029E-4
5690	-4.03813E-4
5692	7.21094E-4
5694	2.39E-4
5696	-5.60944E-5
5698	-5.42188E-4
5700	4.15718E-4
5702	4.69624E-4
5704	-0.00116
5706	-9.01564E-4
5708	-2.60658E-4
5710	7.04248E-4
5712	0.00106
5714	0.00103
5716	-7.9034E-5
5718	5.25872E-4
5720	6.75778E-4
5722	-3.00316E-4
5724	-0.00138
5726	-0.00307
5728	-0.00934
5730	-0.02262
5732	-0.03623
5734	-0.04937
5736	-0.06217
5738	-0.07299
5740	-0.08435
5742	-0.09524
5744	-0.10357
5746	-0.10553
5748	-0.10039
5750	-0.09337
5752	-0.08615
5754	-0.07806
5756	-0.0692
5758	-0.06047
5760	-0.05372
5762	-0.04896
5764	-0.04226
5766	-0.03528
5768	-0.03144
5770	-0.0282
5772	-0.02546
5774	-0.02303
5776	-0.02019
5778	-0.01718
5780	-0.01521
5782	-0.01384
5784	-0.01176
5786	-0.00932
5788	-0.00879
5790	-0.00804
5792	-0.00647
5794	-0.00549
5796	-0.00591
5798	-0.00615
5800	-0.0055
5802	-0.00542
5804	-0.00408
5806	-0.00383
5808	-0.00526
5810	-0.00488
5812	-0.00415
5814	-0.00326
5816	-0.00395
5818	-0.00372
5820	-0.00429
5822	-0.0046
5824	-0.00421
5826	-0.00361
5828	-0.00321
5830	-0.00371
5832	-0.00396
5834	-0.00411
5836	-0.00346
5838	-0.00189
5840	-0.00136
5842	-3.6833E-4
5844	5.60408E-4
5846	3.5146E-5
5848	-0.00134
5850	-0.00114
5852	-0.00293
5854	-0.0029
5856	-0.00286
5858	-0.0035
5860	-0.00364
5862	-0.00409
5864	-0.00562
5866	-0.00432
5868	-0.00351
5870	-0.00398
5872	-0.00485
5874	-0.00427
5876	-0.00368
5878	-0.00449
5880	-0.00257
5882	-0.0023
5884	-0.00294
5886	-0.00284
5888	-0.0026
5890	-0.00218
5892	-0.00221
5894	-0.0022
5896	-0.0019
5898	-0.00228
5900	-8.91932E-4
5902	-7.37194E-4
5904	-0.00103
5906	5.72818E-5
5908	-0.00132
5910	-0.00137
5912	-0.00145
5914	-0.00123
5916	4.09711E-5
5918	5.48709E-4
5920	5.34447E-4
5922	5.33185E-4
5924	9.16923E-4
5926	9.0866E-4
5928	-3.60168E-6
5930	-9.28638E-5
5932	-5.19126E-4
5934	5.02612E-4
5936	0.00156
5938	9.71088E-4
5940	8.67825E-4
5942	0.00166
5944	0.00117
5946	3.68039E-4
5948	-4.66223E-4
5950	-6.79485E-4
5952	2.14253E-4
5954	6.07991E-4
5956	0.00141
5958	-2.48534E-4
5960	-5.83796E-4
5962	-2.37058E-4
5964	-3.2632E-4
5966	5.74177E-5
5968	9.89156E-4
5970	0.00171
5972	2.86631E-4
5974	0.00123
5976	0.0026
5978	0.00227
5980	0.001
5982	-4.56679E-4
5984	-7.00942E-4
5986	5.72796E-4
5988	9.29534E-4
5990	0.00124
5992	0.00194
5994	4.54748E-4
5996	3.38486E-4
5998	-9.07777E-4
6000	-0.00233
6002	-0.00158
6004	-0.00119
6006	-0.00155
6008	-0.00234
6010	-0.00196
6012	-5.50611E-4
6014	-4.29874E-4
6016	-9.75136E-4
6018	-6.02398E-4
6020	0.0011
6022	0.003
6024	0.00334
6026	0.00294
6028	0.00181
6030	5.87244E-4
6032	0.00162
6034	0.00331
6036	0.00452
6038	0.0044
6040	0.00478
6042	0.00427
6044	0.00242
6046	0.00272
6048	0.00282
6050	0.00312
6052	0.00245
6054	0.00268
6056	0.00426
6058	0.00398
6060	0.00337
6062	0.00288
6064	0.00362
6066	0.0042
6068	0.00364
6070	0.00352
6072	0.00288
6074	0.00241
6076	0.00233
6078	0.00254
6080	0.00208
6082	0.00198
6084	0.00192
6086	0.00209
6088	6.39663E-4
6090	-9.62395E-4
6092	-0.00162
6094	-0.00161
6096	-0.00201
6098	-0.00239
6100	-0.00206
6102	-0.00115
6104	-0.0016
6106	-5.08863E-4
6108	6.08079E-4
6110	2.2702E-4
6112	-9.61038E-4
6114	-8.78097E-4
6116	2.62845E-4
6118	4.35786E-4
6120	1.52481E-4
6122	8.62846E-4
6124	3.29212E-4
6126	-0.00111
6128	-0.00817
6130	-0.02012
6132	-0.03398
6134	-0.04646
6136	-0.05878
6138	-0.06918
6140	-0.0795
6142	-0.08865
6144	-0.09589
6146	-0.0981
6148	-0.09388
6150	-0.08672
6152	-0.07889
6154	-0.07145
6156	-0.06357
6158	-0.05517
6160	-0.04964
6162	-0.04335
6164	-0.03768
6166	-0.03357
6168	-0.02868
6170	-0.02495
6172	-0.02262
6174	-0.02056
6176	-0.01812
6178	-0.01572
6180	-0.01376
6182	-0.01255
6184	-0.01076
6186	-0.00873
6188	-0.00812
6190	-0.00713
6192	-0.00581
6194	-0.00515
6196	-0.00398
6198	-0.00312
6200	-0.00202
6202	-0.00132
6204	-1.43103E-4
6206	0.00172
6208	0.0025
6210	0.00104
6212	0.00145
6214	0.00162
6216	9.2182E-4
6218	0.00143
6220	0.00193
6222	0.00135
6224	-1.54926E-4
6226	-2.10113E-4
6228	2.277E-4
6230	1.91514E-4
6232	-3.20673E-4
6234	-2.55859E-4
6236	2.61954E-4
6238	-1.81233E-4
6240	3.70581E-4
6242	6.07394E-4
6244	-7.33792E-4
6246	-5.36979E-4
6248	0.00106
6250	0.00227
6252	0.00179
6254	0.00126
6256	0.002
6258	0.0018
6260	-7.97285E-4
6262	2.70528E-4
6264	0.00163
6266	0.0014
6268	0.00107
6270	0.00172
6272	0.00162
6274	0.0023
6276	0.00289
6278	0.00308
6280	0.00379
6282	0.00281
6284	0.00208
6286	0.00292
6288	0.0024
6290	0.00229
6292	0.00244
6294	0.0014
6296	-1.45264E-4
6298	0.00193
6300	0.0017
6302	6.40063E-4
6304	0.00154
6306	0.00121
6308	4.73905E-5
6310	3.19833E-4
6312	8.33275E-4
6314	0.00103
6316	2.3416E-4
6318	0.00171
6320	5.30045E-4
6322	-1.79512E-4
6324	6.3293E-4
6326	5.11373E-4
6328	2.05815E-4
6330	4.82258E-4
6332	8.607E-4
6334	0.00104
6336	0.00144
6338	9.25027E-4
6340	0.00112
6342	8.45912E-4
6344	0.00152
6346	0.0011
6348	0.00104
6350	3.07682E-4
6352	-5.72875E-4
6354	-9.26433E-4
6356	-0.00122
6358	-0.00173
6360	-0.00102
6362	1.72337E-4
6364	-1.91221E-4
6366	-4.35778E-4
6368	-7.48336E-4
6370	-4.26893E-4
6372	-4.54451E-4
6374	-5.76008E-4
6376	7.66434E-4
6378	0.00158
6380	0.00125
6382	7.39762E-4
6384	0.00177
6386	0.0019
6388	0.00104
6390	2.29531E-4
6392	3.62974E-4
6394	1.63416E-4
6396	6.63859E-4
6398	9.91301E-4
6400	1.67744E-4
6402	6.69186E-4
6404	4.82629E-4
6406	-3.30929E-4
6408	-2.89735E-4
6410	5.09843E-5
6412	7.26704E-4
6414	0.00179
6416	0.00205
6418	0.00208
6420	0.00282
6422	0.00368
6424	0.00359
6426	0.00309
6428	0.00306
6430	0.00333
6432	0.00353
6434	0.00371
6436	0.00192
6438	1.6506E-4
6440	8.9978E-4
6442	0.00195
6444	0.00155
6446	0.00192
6448	0.00113
6450	-4.95621E-4
6452	4.55099E-4
6454	0.00115
6456	4.90163E-4
6458	7.98798E-4
6460	9.56433E-4
6462	0.00133
6464	0.00245
6466	0.00164
6468	0.00201
6470	0.00118
6472	3.9243E-5
6474	2.03878E-4
6476	0.001
6478	0.00132
6480	9.94783E-4
6482	0.00182
6484	-5.9947E-5
6486	-6.99312E-4
6488	-5.72677E-4
6490	8.2958E-5
6492	-0.00109
6494	-0.00135
6496	-5.50137E-4
6498	2.20498E-4
6500	0.00153
6502	7.30704E-4
6504	1.38126E-4
6506	-7.77452E-4
6508	0.00141
6510	0.00116
6512	0.00112
6514	0.00135
6516	9.71658E-4
6518	0.00114
6520	2.38502E-4
6522	9.11924E-4
6524	0.00208
6526	2.11769E-4
6528	-0.00655
6530	-0.0182
6532	-0.03111
6534	-0.04264
6536	-0.05406
6538	-0.06585
6540	-0.07542
6542	-0.08495
6544	-0.09059
6546	-0.09432
6548	-0.09295
6550	-0.08666
6552	-0.07939
6554	-0.07096
6556	-0.06319
6558	-0.05621
6560	-0.04965
6562	-0.04344
6564	-0.03772
6566	-0.03287
6568	-0.02928
6570	-0.02559
6572	-0.02131
6574	-0.01894
6576	-0.0174
6578	-0.015
6580	-0.01422
6582	-0.01291
6584	-0.01185
6586	-0.011
6588	-0.01043
6590	-0.00991
6592	-0.00885
6594	-0.00842
6596	-0.00757
6598	-0.00765
6600	-0.0073
6602	-0.0065
6604	-0.00584
6606	-0.00567
6608	-0.00478
6610	-0.00601
6612	-0.00725
6614	-0.00644
6616	-0.00625
6618	-0.00733
6620	-0.00684
6622	-0.00592
6624	-0.00558
6626	-0.0054
6628	-0.00504
6630	-0.00392
6632	-0.00346
6634	-0.00305
6636	-0.00352
6638	-0.00272
6640	-0.00185
6642	-0.00242
6644	-0.00189
6646	-0.0022
6648	-0.00258
6650	-0.00207
6652	-0.00179
6654	-8.08517E-5
6656	-7.1231E-4
6658	-0.00144
6660	-0.00124
6662	-4.83685E-4
6664	-4.84143E-4
6666	-0.00147
6668	-0.00184
6670	-0.0028
6672	-0.00162
6674	-0.00115
6676	-0.00176
6678	-0.00286
6680	-0.0012
6682	-2.10267E-4
6684	-2.37258E-5
6686	-3.83184E-4
6688	-0.00135
6690	-0.00134
6692	-0.0014
6694	-0.00199
6696	-0.00142
6698	-4.84934E-4
6700	2.29608E-4
6702	2.0315E-4
6704	-3.08308E-4
6706	2.41233E-4
6708	-3.87225E-4
6710	-0.00103
6712	-0.00161
6714	-7.626E-4
6716	-0.00141
6718	-6.08516E-4
6720	-1.75975E-4
6722	-4.48433E-4
6724	6.01109E-4
6726	1.59651E-4
6728	4.11192E-4
6730	5.81734E-4
6732	0.00115
6734	2.88818E-4
6736	-0.00127
6738	-0.00199
6740	-0.00172
6742	-0.00129
6744	-1.96474E-4
6746	2.69068E-4
6748	-4.2739E-4
6750	-8.41849E-4
6752	-0.00162
6754	-0.00121
6756	-0.00166
6758	-9.65682E-4
6760	-6.5614E-4
6762	-8.26598E-4
6764	1.94349E-6
6766	4.32485E-4
6768	3.26027E-4
6770	2.47569E-4
6772	-2.48896E-5
6774	1.33652E-4
6776	3.71194E-4
6778	-5.41264E-4
6780	-0.00178
6782	-7.86181E-4
6784	-3.34639E-4
6786	-1.52097E-4
6788	3.42444E-4
6790	-1.47141E-4
6792	4.65887E-4
6794	-9.31086E-4
6796	-0.00175
6798	-0.00224
6800	-0.00101
6802	-3.50975E-4
6804	-0.00161
6806	-0.00191
6808	-0.0022
6810	-0.00131
6812	-0.00132
6814	-0.00167
6816	-8.9478E-4
6818	3.86247E-4
6820	-5.91725E-4
6822	-5.59697E-4
6824	-0.00109
6826	-0.00191
6828	-0.00148
6830	-2.68586E-4
6832	-3.30558E-4
6834	-9.9753E-4
6836	5.94497E-4
6838	0.00133
6840	0.00118
6842	5.1486E-5
6844	-9.89194E-4
6846	-0.00206
6848	-0.00261
6850	-7.03236E-4
6852	1.81084E-4
6854	-5.28597E-4
6856	1.40723E-4
6858	-3.34957E-4
6860	-9.57638E-4
6862	4.51682E-4
6864	7.10012E-5
6866	7.33208E-5
6868	1.5664E-4
6870	6.5396E-4
6872	-2.07721E-4
6874	-5.70401E-4
6876	3.79919E-4
6878	1.91238E-4
6880	-5.79442E-4
6882	2.09877E-4
6884	8.02197E-4
6886	-6.05829E-4
6888	-7.74066E-4
6890	-3.05302E-4
6892	-6.16539E-4
6894	-6.95776E-4
6896	0.00151
6898	0.00124
6900	2.15513E-4
6902	3.97276E-4
6904	2.86039E-4
6906	0.00107
6908	0.00151
6910	0.0032
6912	0.00247
6914	4.57855E-4
6916	9.04618E-4
6918	0.00153
6920	0.00135
6922	0.00156
6924	0.002
6926	4.10434E-4
6928	-0.0056
6930	-0.0167
6932	-0.03041
6934	-0.04379
6936	-0.05499
6938	-0.06498
6940	-0.07507
6942	-0.08479
6944	-0.09098
6946	-0.09514
6948	-0.09259
6950	-0.08675
6952	-0.07916
6954	-0.07085
6956	-0.06347
6958	-0.05599
6960	-0.04921
6962	-0.04395
6964	-0.03852
6966	-0.0332
6968	-0.02874
6970	-0.0261
6972	-0.02299
6974	-0.01991
6976	-0.01703
6978	-0.01588
6980	-0.01472
6982	-0.01237
6984	-0.01147
6986	-0.01186
6988	-0.01014
6990	-0.00962
6992	-0.00842
6994	-0.0076
6996	-0.00846
6998	-0.00833
7000	-0.00748
7002	-0.00544
7004	-0.00504
7006	-0.00631
7008	-0.00495
7010	-0.00397
7012	-0.00469
7014	-0.00512
7016	-0.0048
7018	-0.00483
7020	-0.00396
7022	-0.00393
7024	-0.00328
7026	-0.00277
7028	-0.00198
7030	-4.90689E-4
7032	-1.52283E-6
7034	-0.00104
7036	-5.9919E-4
7038	-3.70233E-5
7040	-0.00124
7042	-0.00202
7044	-0.00167
7046	-7.57357E-4
7048	-4.45191E-4
7050	4.96976E-4
7052	9.45142E-4
7054	3.57309E-4
7056	-3.27525E-4
7058	-0.00118
7060	-0.00103
7062	-5.64025E-4
7064	-1.43859E-4
7066	1.61308E-4
7068	1.77474E-4
7070	2.87641E-4
7072	3.95807E-4
7074	0.00128
7076	7.4214E-4
7078	7.94307E-4
7080	4.72473E-4
7082	0.00206
7084	0.00204
7086	0.00214
7088	0.0017
7090	0.00187
7092	7.25472E-4
7094	0.00142
7096	0.00144
7098	-4.35028E-4
7100	-8.51862E-4
7102	4.33305E-4
7104	7.51471E-4
7106	2.96377E-5
7108	2.55804E-4
7110	5.88971E-4
7112	2.90137E-4
7114	3.09304E-4
7116	5.4847E-4
7118	7.53637E-4
7120	1.13803E-4
7122	-4.3603E-4
7124	-1.13864E-4
7126	1.29303E-4
7128	-8.08531E-4
7130	-1.93364E-4
7132	8.88022E-5
7134	-1.20031E-4
7136	-6.99865E-4
7138	-2.36698E-4
7140	-4.49532E-4
7142	-0.00114
7144	-6.93199E-4
7146	7.14968E-4
7148	4.94134E-4
7150	0.00144
7152	0.00222
7154	0.00115
7156	0.00126
7158	0.0016
7160	0.00174
7162	-1.947E-4
7164	-0.00118
7166	-9.23367E-4
7168	-5.61201E-4
7170	6.40966E-4
7172	0.00123
7174	7.52299E-4
7176	-7.64535E-4
7178	-7.59368E-4
7180	1.39798E-4
7182	7.89647E-5
7184	5.00131E-4
7186	4.15298E-4
7188	-4.73536E-4
7190	-8.94369E-4
7192	-0.00206
7194	-0.00158
7196	-0.00214
7198	-0.00306
7200	-0.00245
7202	-0.00227
7204	-0.00206
7206	-0.00207
7208	-0.00221
7210	-6.23704E-4
7212	-6.34538E-4
7214	-0.00123
7216	-0.00175
7218	-0.00144
7220	-8.72872E-4
7222	-0.00174
7224	-0.00337
7226	-0.0032
7228	-0.00239
7230	-0.00216
7232	-0.00214
7234	-9.14706E-4
7236	-8.2454E-4
7238	-8.38373E-4
7240	-0.00129
7242	-0.00118
7244	-9.31874E-4
7246	-6.74707E-4
7248	1.07459E-4
7250	-0.00107
7252	-0.00181
7254	-3.65041E-4
7256	1.10125E-4
7258	-0.00165
7260	-0.00238
7262	-3.28375E-4
7264	9.90791E-4
7266	0.00186
7268	0.00215
7270	0.00235
7272	0.00145
7274	4.41559E-4
7276	-1.57375E-4
7278	8.6669E-4
7280	0.00219
7282	0.00211
7284	0.00168
7286	0.0014
7288	8.18018E-4
7290	0.00133
7292	0.00181
7294	9.55215E-4
7296	9.8728E-4
7298	2.95346E-4
7300	-0.00117
7302	-0.00292
7304	-0.0034
7306	-0.00439
7308	-0.0029
7310	-0.0024
7312	-0.00273
7314	-0.00162
7316	-0.00109
7318	2.05616E-4
7320	5.92742E-4
7322	-5.74132E-4
7324	-3.83006E-4
7326	-0.00143
7328	-0.00739
7330	-0.01717
7332	-0.02873
7334	-0.04086
7336	-0.05193
7338	-0.06208
7340	-0.07169
7342	-0.07995
7344	-0.08794
7346	-0.09217
7348	-0.08868
7350	-0.08134
7352	-0.07268
7354	-0.06478
7356	-0.05754
7358	-0.05153
7360	-0.04604
7362	-0.03961
7364	-0.03334
7366	-0.02809
7368	-0.02465
7370	-0.02103
7372	-0.01934
7374	-0.01682
7376	-0.01343
7378	-0.0106
7380	-0.00848
7382	-0.00666
7384	-0.00611
7386	-0.00482
7388	-0.00394
7390	-0.00301
7392	-0.00153
7394	-0.00166
7396	-0.00109
7398	-8.58783E-4
7400	-5.03151E-4
7402	-6.40518E-4
7404	-5.34885E-4
7406	-5.00253E-4
7408	-0.00159
7410	-0.00112
7412	-0.00151
7414	-2.53267E-4
7416	0.00116
7418	0.00127
7420	8.18298E-4
7422	7.46153E-4
7424	4.79009E-4
7426	-7.82136E-4
7428	-7.32811E-5
7430	-1.01426E-4
7432	-3.15571E-4
7434	-5.18716E-4
7436	-9.4786E-4
7438	-0.00106
7440	-5.6815E-4
7442	-9.70295E-4
7444	-0.00105
7446	-0.00127
7448	-0.00237
7450	-4.67874E-4
7452	0.00191
7454	0.00202
7456	0.0018
7458	0.00319
7460	0.00394
7462	0.00444
7464	0.00465
7466	0.00402
7468	0.00447
7470	0.00298
7472	0.00257
7474	0.0025
7476	0.00206
7478	-3.32902E-4
7480	-1.58046E-4
7482	0.00138
7484	6.45664E-4
7486	-4.31481E-4
7488	5.50374E-4
7490	-4.3577E-4
7492	-4.67915E-4
7494	6.7994E-4
7496	-6.52049E-5
7498	-8.3135E-4
7500	-0.0011
7502	-5.71639E-4
7504	-5.84784E-4
7506	-2.45929E-4
7508	6.22926E-4
7510	0.00172
7512	0.00281
7514	0.00253
7516	0.00158
7518	8.61202E-4
7520	0.00115
7522	0.00122
7524	8.47677E-5
7526	0.00104
7528	0.00176
7530	0.00155
7532	0.00169
7534	0.00147
7536	2.09899E-4
7538	-3.83246E-4
7540	9.06092E-5
7542	3.82464E-4
7544	-0.00116
7546	-7.27825E-4
7548	-4.0597E-4
7550	-5.54115E-4
7552	-0.0015
7554	-7.81405E-4
7556	-0.00181
7558	-0.00231
7560	-0.00161
7562	-0.00177
7564	-0.00188
7566	-0.00248
7568	-0.00314
7570	-0.00303
7572	-0.00307
7574	-0.00269
7576	-0.0025
7578	-0.00129
7580	-3.33287E-4
7582	-0.00112
7584	-0.0018
7586	2.72784E-5
7588	-8.11866E-4
7590	-0.00105
7592	7.21844E-4
7594	-7.46301E-4
7596	-0.00193
7598	-0.00175
7600	-0.00203
7602	-0.00113
7604	-0.00122
7606	-0.00175
7608	-0.00229
7610	-9.40459E-4
7612	-8.44604E-4
7614	-2.02749E-4
7616	0.00111
7618	0.00174
7620	0.00191
7622	0.00241
7624	0.00222
7626	1.89382E-4
7628	-5.66763E-4
7630	8.49092E-4
7632	8.83948E-4
7634	-0.00112
7636	-2.83342E-4
7638	-8.60487E-4
7640	-3.50632E-4
7642	1.75224E-4
7644	9.32079E-4
7646	0.00103
7648	4.20789E-4
7650	0.0016
7652	0.00258
7654	0.00297
7656	0.0015
7658	3.40299E-4
7660	3.22007E-5
7662	-8.31897E-4
7664	-0.00104
7666	-3.98093E-4
7668	-0.00112
7670	-5.64289E-4
7672	-1.23387E-4
7674	-2.09485E-4
7676	-7.78582E-4
7678	-0.0017
7680	-0.00259
7682	-0.00203
7684	-6.31974E-4
7686	-0.00107
7688	-1.6117E-4
7690	-6.14268E-4
7692	-8.79366E-4
7694	4.42537E-4
7696	-0.001
7698	-7.67472E-4
7700	8.19367E-4
7702	0.00183
7704	0.00195
7706	8.09882E-4
7708	-3.42793E-5
7710	-4.12441E-4
7712	-2.25602E-4
7714	4.42236E-4
7716	-2.72925E-4
7718	-3.70869E-5
7720	7.94752E-4
7722	3.959E-5
7724	-3.39572E-4
7726	-0.00194
7728	-0.0063
7730	-0.01434
7732	-0.02645
7734	-0.0376
7736	-0.0482
7738	-0.05811
7740	-0.06724
7742	-0.07609
7744	-0.08197
7746	-0.08638
7748	-0.08583
7750	-0.08055
7752	-0.07509
7754	-0.06693
7756	-0.0585
7758	-0.05229
7760	-0.04532
7762	-0.03996
7764	-0.03498
7766	-0.03108
7768	-0.02797
7770	-0.02554
7772	-0.0234
7774	-0.01938
7776	-0.0168
7778	-0.01508
7780	-0.014
7782	-0.01344
7784	-0.01315
7786	-0.01036
7788	-0.00923
7790	-0.00822
7792	-0.00824
7794	-0.00817
7796	-0.00637
7798	-0.0047
7800	-0.00544
7802	-0.00503
7804	-0.00511
7806	-0.0043
7808	-0.00316
7810	-0.00305
7812	-0.00212
7814	-0.00177
7816	-0.00231
7818	-0.0019
7820	-0.00165
7822	-0.00218
7824	-0.00211
7826	-0.00369
7828	-0.00387
7830	-0.00297
7832	-0.0029
7834	-0.00225
7836	-0.00217
7838	-0.00261
7840	-0.00306
7842	-0.0034
7844	-0.00453
7846	-0.00337
7848	-0.00217
7850	-0.00262
7852	-0.00324
7854	-0.00196
7856	-0.00178
7858	-0.00277
7860	-0.00162
7862	-0.00183
7864	-0.0019
7866	-0.00156
7868	-0.00169
7870	-0.00175
7872	-6.83364E-4
7874	-4.09084E-6
7876	2.90183E-4
7878	7.17456E-4
7880	4.22729E-4
7882	-7.09997E-4
7884	-9.24724E-4
7886	-4.28451E-4
7888	-1.87177E-4
7890	-2.81904E-4
7892	4.93369E-4
7894	6.40643E-4
7896	-0.00107
7898	-0.00109
7900	-0.0012
7902	-0.00126
7904	-0.00113
7906	-0.00131
7908	-0.00218
7910	-0.00289
7912	-0.00286
7914	-0.0019
7916	-0.00227
7918	-3.72077E-4
7920	-9.98033E-5
7922	-9.0053E-4
7924	-5.43257E-4
7926	-7.57983E-4
7928	-0.00144
7930	-0.00172
7932	-0.0013
7934	-1.8089E-4
7936	1.25384E-4
7938	-0.00145
7940	-0.00155
7942	-0.00248
7944	-0.00307
7946	-0.00242
7948	-0.0031
7950	-0.00306
7952	-0.00291
7954	-0.00231
7956	-0.00261
7958	-0.00315
7960	-0.0026
7962	-0.00279
7964	-0.00206
7966	-5.66516E-4
7968	-0.00105
7970	-0.00211
7972	-0.00142
7974	-5.89422E-4
7976	-1.92149E-4
7978	-0.00108
7980	-1.96602E-4
7982	3.67117E-6
7984	-2.75055E-4
7986	6.87218E-4
7988	0.00134
7990	0.00161
7992	0.00213
7994	0.00199
7996	0.0013
7998	7.69858E-4
8000	6.19132E-4
8002	0.00189
8004	0.00191
8006	2.79516E-5
8008	-2.2775E-5
8010	2.95498E-4
8012	-5.27228E-4
8014	-1.48955E-4
8016	-0.00116
8018	-8.91408E-4
8020	-1.81348E-5
8022	4.92139E-4
8024	1.19412E-4
8026	-3.20315E-4
8028	-5.48041E-4
8030	7.19232E-4
8032	0.00111
8034	0.00111
8036	4.98152E-4
8038	1.58739E-4
8040	9.28327E-4
8042	8.48914E-4
8044	9.87501E-4
8046	0.0015
8048	0.00156
8050	0.00107
8052	0.00116
8054	-1.25628E-5
8056	-3.64976E-4
8058	-6.29388E-4
8060	-0.00207
8062	-0.00358
8064	-0.00329
8066	-0.00404
8068	-0.0039
8070	-0.00392
8072	-0.00229
8074	-0.0017
8076	-0.00185
8078	-0.00204
8080	-1.69183E-4
8082	0.00126
8084	3.09647E-5
8086	4.38538E-4
8088	0.00112
8090	-1.53314E-4
8092	4.35259E-4
8094	3.05833E-4
8096	-4.00593E-4
8098	-8.34019E-4
8100	-8.14458E-5
8102	6.71279E-5
8104	-4.22984E-5
8106	-0.00116
8108	-0.00164
8110	-0.00112
8112	-4.15004E-4
8114	1.57E-6
8116	4.89144E-4
8118	3.97174E-5
8120	7.09291E-4
8122	5.26865E-4
8124	4.89438E-4
8126	2.20012E-4
8128	-0.00351
8130	-0.01266
8132	-0.0244
8134	-0.0365
8136	-0.04768
8138	-0.05762
8140	-0.06722
8142	-0.07458
8144	-0.08149
8146	-0.08606
8148	-0.08551
8150	-0.08051
8152	-0.07418
8154	-0.06689
8156	-0.05865
8158	-0.05191
8160	-0.04579
8162	-0.03961
8164	-0.03264
8166	-0.02787
8168	-0.02515
8170	-0.02069
8172	-0.01857
8174	-0.017
8176	-0.01576
8178	-0.01414
8180	-0.01262
8182	-0.0102
8184	-0.00837
8186	-0.00853
8188	-0.00713
8190	-0.00568
8192	-0.00575
8194	-0.00475
8196	-0.00384
8198	-0.0033
8200	-0.00259
8202	-8.31252E-4
8204	-0.00124
8206	-7.38214E-4
8208	-1.41195E-4
8210	-8.40176E-4
8212	-0.00123
8214	-4.43139E-4
8216	-0.00167
8218	-0.00208
8220	-0.00356
8222	-0.00261
8224	-0.00219
8226	-0.00168
8228	-0.00252
8230	-0.00227
8232	-0.00246
8234	-0.00324
8236	-0.00239
8238	-0.00171
8240	-0.00151
8242	-9.25874E-4
8244	-0.00213
8246	-0.00119
8248	4.11833E-5
8250	2.22202E-4
8252	2.09221E-4
8254	4.8424E-4
8256	6.97259E-4
8258	5.82278E-4
8260	-9.41703E-4
8262	-7.76842E-5
8264	-6.66653E-5
8266	-2.81646E-4
8268	3.52373E-4
8270	0.00113
8272	8.1641E-4
8274	6.18429E-4
8276	2.27448E-4
8278	1.96467E-4
8280	-4.11514E-4
8282	-7.02495E-4
8284	-4.75476E-4
8286	-0.001
8288	-0.00193
8290	-0.00197
8292	-0.00116
8294	-0.00105
8296	-0.00247
8298	-0.00195
8300	-0.00143
8302	-9.68306E-4
8304	-0.00183
8306	-0.0017
8308	8.63751E-4
8310	0.00148
8312	-3.72109E-5
8314	1.26808E-4
8316	-2.54173E-4
8318	-0.00127
8320	2.96865E-4
8322	0.00136
8324	3.20903E-4
8326	6.59216E-5
8328	0.00112
8330	5.83959E-4
8332	1.07978E-4
8334	-2.27003E-4
8336	1.71016E-4
8338	5.20352E-5
8340	8.61054E-4
8342	0.00111
8344	0.00109
8346	8.79111E-4
8348	5.7613E-4
8350	0.00117
8352	5.51168E-4
8354	-2.50813E-4
8356	7.42206E-4
8358	0.00158
8360	0.00246
8362	0.0016
8364	9.34281E-4
8366	0.00112
8368	0.00137
8370	0.00217
8372	0.00246
8374	0.00267
8376	0.00243
8378	0.00202
8380	0.00222
8382	0.00164
8384	0.00283
8386	0.00375
8388	0.00288
8390	0.00297
8392	0.00265
8394	0.00259
8396	0.00214
8398	0.00146
8400	8.10622E-4
8402	0.00185
8404	0.00169
8406	0.00139
8408	0.00202
8410	0.0024
8412	0.00161
8414	1.82235E-4
8416	-3.17526E-4
8418	-1.92287E-4
8420	6.24952E-4
8422	0.00151
8424	8.1943E-4
8426	1.88668E-4
8428	6.23907E-4
8430	3.19146E-4
8432	1.2385E-5
8434	-8.65376E-4
8436	-0.00124
8438	-0.00109
8440	-5.9766E-4
8442	-0.00142
8444	-0.00111
8446	-6.09429E-5
8448	3.32296E-4
8450	-3.54465E-4
8452	-5.22226E-4
8454	-1.92987E-4
8456	-6.74749E-4
8458	-0.00176
8460	-2.95271E-4
8462	-7.34892E-4
8464	-8.43389E-4
8466	-0.00196
8468	-3.91383E-4
8470	-5.1988E-4
8472	-4.07377E-4
8474	-0.00156
8476	-0.00104
8478	7.71313E-5
8480	9.60634E-4
8482	0.00103
8484	7.7964E-4
8486	2.55143E-4
8488	1.02646E-4
8490	0.00136
8492	8.80652E-4
8494	-0.00101
8496	-0.00106
8498	-9.56839E-4
8500	-7.76336E-4
8502	-5.72833E-4
8504	-4.81331E-4
8506	1.27172E-4
8508	-4.39325E-4
8510	-2.20564E-4
8512	-3.17223E-4
8514	4.05118E-4
8516	6.8146E-4
8518	7.53801E-4
8520	-9.00858E-4
8522	-0.00124
8524	-0.00224
8526	-0.00166
8528	-0.00357
8530	-0.01267
8532	-0.02307
8534	-0.03356
8536	-0.04444
8538	-0.0526
8540	-0.06117
8542	-0.06936
8544	-0.07512
8546	-0.07918
8548	-0.0774
8550	-0.07236
8552	-0.06597
8554	-0.05965
8556	-0.05401
8558	-0.04727
8560	-0.04175
8562	-0.03835
8564	-0.03443
8566	-0.03
8568	-0.02608
8570	-0.023
8572	-0.02091
8574	-0.01802
8576	-0.01655
8578	-0.01542
8580	-0.01352
8582	-0.01269
8584	-0.01182
8586	-0.01037
8588	-0.00951
8590	-0.00866
8592	-0.00756
8594	-0.00768
8596	-0.00495
8598	-0.00534
8600	-0.00556
8602	-0.00333
8604	-0.00345
8606	-0.0035
8608	-0.00316
8610	-0.00259
8612	-0.00226
8614	-0.00306
8616	-0.00193
8618	-0.00109
8620	-0.0016
8622	-5.3051E-4
8624	3.23421E-4
8626	-2.53647E-4
8628	3.36285E-4
8630	0.00127
8632	9.01148E-4
8634	8.08006E-6
8636	5.74012E-4
8638	0.00118
8640	0.00117
8642	6.97807E-4
8644	7.83739E-4
8646	-9.43295E-5
8648	-3.39398E-4
8650	1.71534E-4
8652	-7.75343E-5
8654	-1.16492E-4
8656	5.61205E-4
8658	-3.15098E-4
8660	-1.40401E-4
8662	-5.86704E-4
8664	-0.00246
8666	-0.00246
8668	-0.00209
8670	-0.0018
8672	-0.00183
8674	-0.00132
8676	-0.00107
8678	-0.00129
8680	-0.00246
8682	-0.00166
8684	-0.00143
8686	-0.00103
8688	-0.00106
8690	-5.79944E-4
8692	-0.00166
8694	-0.00287
8696	-0.00276
8698	-0.00117
8700	1.21541E-4
8702	3.69238E-4
8704	2.18935E-4
8706	-2.42368E-4
8708	-0.00134
8710	-0.00119
8712	-0.00137
8714	-0.00161
8716	-0.00151
8718	-0.00149
8720	-0.00148
8722	-8.26791E-4
8724	-8.43094E-4
8726	-0.00122
8728	-5.38699E-4
8730	1.04998E-4
8732	-6.97305E-4
8734	1.77392E-4
8736	8.69089E-4
8738	-5.32139E-5
8740	7.87483E-4
8742	0.00129
8744	9.24877E-4
8746	-2.66425E-4
8748	-6.05728E-4
8750	-3.24031E-4
8752	-0.00123
8754	-9.87637E-4
8756	-0.0014
8758	-0.00146
8760	-0.00144
8762	-0.00135
8764	-0.00116
8766	-4.86454E-4
8768	9.12428E-5
8770	-1.8106E-4
8772	1.18637E-4
8774	4.69334E-4
8776	4.70312E-5
8778	-3.37272E-4
8780	-7.52575E-4
8782	3.76123E-4
8784	6.3682E-4
8786	5.91517E-4
8788	7.72214E-4
8790	-2.53089E-4
8792	-5.71392E-4
8794	-5.58695E-4
8796	-0.00138
8798	-0.00147
8800	-5.58471E-4
8802	-8.27727E-4
8804	-0.00162
8806	-6.12237E-4
8808	-4.76492E-4
8810	-8.45747E-4
8812	-7.58002E-4
8814	-9.39257E-4
8816	-7.75512E-4
8818	-1.15767E-4
8820	2.87978E-4
8822	-3.70277E-4
8824	-0.00137
8826	-1.98787E-4
8828	7.71958E-4
8830	7.12703E-4
8832	4.29448E-4
8834	-1.38807E-4
8836	-0.00196
8838	-0.00266
8840	-0.00233
8842	-0.00289
8844	-0.00287
8846	-0.00342
8848	-0.00325
8850	-0.00245
8852	-8.09233E-4
8854	-3.29734E-4
8856	-0.00101
8858	-0.00117
8860	-6.96237E-4
8862	-7.75738E-4
8864	-7.62393E-5
8866	4.2926E-4
8868	0.00116
8870	0.00133
8872	8.83756E-4
8874	0.00142
8876	0.00181
8878	5.81253E-4
8880	7.95752E-4
8882	0.00113
8884	-2.91251E-4
8886	-7.36752E-4
8888	-2.70253E-4
8890	-8.46754E-4
8892	7.34749E-6
8894	4.54347E-5
8896	-6.46478E-4
8898	-6.67391E-4
8900	-6.62304E-4
8902	5.07836E-5
8904	2.99871E-4
8906	9.73958E-4
8908	6.27045E-4
8910	4.13132E-4
8912	-4.4478E-4
8914	7.64307E-4
8916	9.59394E-4
8918	3.59481E-4
8920	-5.56431E-4
8922	-8.15344E-4
8924	2.59743E-4
8926	2.4683E-4
8928	-0.00338
8930	-0.01165
8932	-0.02189
8934	-0.03241
8936	-0.04238
8938	-0.05042
8940	-0.05896
8942	-0.06709
8944	-0.07369
8946	-0.07697
8948	-0.07645
8950	-0.07271
8952	-0.06562
8954	-0.05901
8956	-0.05412
8958	-0.04871
8960	-0.0436
8962	-0.03726
8964	-0.03198
8966	-0.02758
8968	-0.02453
8970	-0.02202
8972	-0.01886
8974	-0.01652
8976	-0.01391
8978	-0.01363
8980	-0.01319
8982	-0.01181
8984	-0.01197
8986	-0.0105
8988	-0.00954
8990	-0.00916
8992	-0.00888
8994	-0.00778
8996	-0.00697
8998	-0.00614
9000	-0.00468
9002	-0.00376
9004	-0.0042
9006	-0.00441
9008	-0.00454
9010	-0.00338
9012	-0.00241
9014	-0.00276
9016	-0.00164
9018	-8.30903E-4
9020	-1.62675E-4
9022	-2.92448E-4
9024	-4.49221E-4
9026	-8.67993E-4
9028	-5.77658E-5
9030	-2.18538E-4
9032	-8.29311E-4
9034	-0.00263
9036	-0.00306
9038	-7.38522E-4
9040	-4.59682E-4
9042	-0.00221
9044	-0.00227
9046	-8.66161E-4
9048	-0.00145
9050	-0.0025
9052	-0.00227
9054	-4.35801E-4
9056	3.12039E-4
9058	0.00132
9060	0.00108
9062	8.00559E-4
9064	7.14399E-4
9066	5.37239E-4
9068	4.67079E-4
9070	-2.59081E-4
9072	-9.10241E-4
9074	-9.48401E-4
9076	3.27439E-4
9078	-2.63721E-4
9080	-9.35881E-4
9082	1.96959E-4
9084	4.27992E-5
9086	6.56639E-4
9088	1.83479E-4
9090	3.77319E-4
9092	9.01593E-5
9094	2.89999E-4
9096	2.24839E-4
9098	6.67946E-6
9100	-7.69481E-4
9102	-6.7264E-4
9104	8.71996E-5
9106	3.5904E-4
9108	9.9688E-4
9110	0.00143
9112	7.4456E-4
9114	-7.106E-4
9116	-0.00202
9118	-0.00225
9120	-0.00282
9122	-0.00408
9124	-0.00301
9126	-0.00176
9128	-9.1472E-4
9130	-7.1588E-4
9132	6.3096E-4
9134	-2.822E-4
9136	-0.00149
9138	-6.5752E-4
9140	-3.7868E-4
9142	-5.3384E-4
9144	-0.00103
9146	-4.2216E-4
9148	-0.00117
9150	-0.00184
9152	-0.00103
9154	-6.928E-4
9156	0.00129
9158	5.28881E-4
9160	-3.82794E-5
9162	3.50561E-4
9164	9.68401E-4
9166	0.00156
9168	0.00171
9170	0.00162
9172	0.00124
9174	5.33601E-4
9176	6.88441E-4
9178	8.10281E-4
9180	0.00107
9182	0.00134
9184	0.00163
9186	0.00157
9188	8.62481E-4
9190	6.44321E-4
9192	0.00112
9194	6.25001E-4
9196	5.70841E-4
9198	8.05681E-4
9200	7.27521E-4
9202	3.66361E-4
9204	0.00158
9206	0.00177
9208	0.00189
9210	0.00296
9212	0.00279
9214	0.00236
9216	0.0018
9218	0.00152
9220	0.00159
9222	0.00232
9224	0.00312
9226	0.00374
9228	0.00329
9230	0.00271
9232	0.00137
9234	6.68802E-4
9236	0.00101
9238	0.00168
9240	0.00159
9242	0.00185
9244	0.00254
9246	0.00276
9248	0.00206
9250	0.0027
9252	0.0029
9254	0.00173
9256	0.00302
9258	0.00316
9260	0.00259
9262	0.00155
9264	0.00207
9266	0.00462
9268	0.00386
9270	0.00217
9272	0.00343
9274	0.00358
9276	0.00363
9278	0.00316
9280	0.00189
9282	9.60642E-4
9284	4.16402E-4
9286	9.87161E-4
9288	0.00108
9290	2.4768E-4
9292	-6.0356E-4
9294	4.102E-4
9296	-2.74041E-4
9298	-0.00151
9300	-0.00127
9302	-0.00125
9304	-0.00146
9306	-5.15242E-4
9308	-0.00105
9310	-0.00217
9312	-0.00197
9314	-7.72204E-4
9316	-8.49444E-4
9318	-5.69685E-4
9320	-9.84925E-4
9322	-0.00183
9324	-0.00163
9326	-0.00279
9328	-0.00565
9330	-0.01244
9332	-0.02181
9334	-0.03188
9336	-0.04266
9338	-0.05092
9340	-0.05805
9342	-0.0653
9344	-0.07029
9346	-0.07501
9348	-0.07505
9350	-0.06986
9352	-0.06329
9354	-0.05676
9356	-0.05035
9358	-0.04431
9360	-0.03817
9362	-0.03265
9364	-0.02977
9366	-0.02615
9368	-0.02348
9370	-0.02087
9372	-0.0175
9374	-0.01444
9376	-0.01238
9378	-0.01135
9380	-0.01133
9382	-0.01007
9384	-0.00874
9386	-0.00756
9388	-0.00575
9390	-0.00492
9392	-0.00403
9394	-0.00303
9396	-0.00221
9398	-0.00197
9400	-0.00193
9402	-0.00137
9404	-0.00155
9406	-0.00182
9408	-0.00254
9410	-0.00225
9412	-9.81126E-4
9414	-8.42427E-4
9416	-0.0011
9418	-2.91144E-4
9420	3.9227E-4
9422	4.17684E-4
9424	-7.24902E-4
9426	-4.98487E-4
9428	-6.07325E-6
9430	0.00115
9432	0.00117
9434	4.33169E-4
9436	-1.61416E-4
9438	6.48998E-4
9440	1.18412E-4
9442	4.40826E-4
9444	-3.8076E-4
9446	-0.00134
9448	-0.00116
9450	-1.48517E-4
9452	-0.00166
9454	-0.00118
9456	-0.00135
9458	-8.4686E-4
9460	-0.00114
9462	-0.00157
9464	-0.00254
9466	-0.00179
9468	-0.00123
9470	-0.00236
9472	-0.00179
9474	-0.00121
9476	-0.00204
9478	-0.0017
9480	-5.34304E-4
9482	-0.00107
9484	-0.00133
9486	-1.67062E-4
9488	1.53352E-4
9490	-0.00225
9492	-0.00249
9494	-0.00249
9496	-0.00145
9498	-0.00156
9500	-1.33162E-4
9502	5.05252E-4
9504	-8.43341E-5
9506	0.00114
9508	0.00185
9510	8.62908E-4
9512	-2.45677E-4
9514	-0.00131
9516	-0.00125
9518	-0.00164
9520	-0.00135
9522	-0.00162
9524	-8.46192E-4
9526	-9.71778E-4
9528	-2.88364E-4
9530	-0.00201
9532	-0.00274
9534	-0.00179
9536	-5.23707E-4
9538	-0.00151
9540	-0.00192
9542	-4.04465E-4
9544	-0.00144
9546	-0.00168
9548	-0.00139
9550	-0.00142
9552	-7.65394E-4
9554	-4.37979E-4
9556	9.54348E-5
9558	-4.25151E-4
9560	6.63263E-4
9562	6.23677E-4
9564	-3.99084E-5
9566	5.20506E-4
9568	4.1092E-4
9570	-1.61666E-4
9572	-8.22517E-5
9574	1.02163E-4
9576	5.71577E-4
9578	5.99909E-5
9580	0.00145
9582	7.45819E-4
9584	4.64233E-4
9586	4.76476E-5
9588	1.61062E-4
9590	2.16476E-4
9592	4.9989E-4
9594	8.53044E-5
9596	0.00102
9598	6.73133E-4
9600	-4.89453E-4
9602	-7.76039E-4
9604	6.43375E-4
9606	5.9379E-4
9608	6.45204E-4
9610	0.00137
9612	0.002
9614	0.00122
9616	-6.5114E-4
9618	-3.25725E-4
9620	-3.10311E-4
9622	-1.07897E-4
9624	1.33517E-4
9626	6.68931E-4
9628	-4.13654E-4
9630	-0.00142
9632	-0.00169
9634	-0.00128
9636	-0.00108
9638	-2.57583E-4
9640	0.00107
9642	0.00125
9644	0.00137
9646	0.00242
9648	0.00303
9650	0.00234
9652	0.00163
9654	0.00202
9656	0.00336
9658	0.00374
9660	0.00236
9662	0.00135
9664	7.21968E-4
9666	0.00132
9668	5.62024E-4
9670	5.58552E-4
9672	0.00158
9674	0.00112
9676	-3.71864E-4
9678	-6.41337E-4
9680	-5.04809E-4
9682	-2.97281E-4
9684	-0.00168
9686	-0.00235
9688	-0.00167
9690	-7.86169E-4
9692	-3.32641E-4
9694	-3.46113E-4
9696	6.44415E-4
9698	2.66943E-4
9700	-0.00129
9702	-1.69001E-4
9704	3.15266E-5
9706	-4.9598E-4
9708	8.37464E-4
9710	3.93908E-4
9712	4.42352E-4
9714	3.62796E-4
9716	3.99241E-4
9718	2.58685E-4
9720	1.67129E-4
9722	-3.58427E-4
9724	-7.18983E-4
9726	-0.00154
9728	-0.00298
9730	-0.01015
9732	-0.01936
9734	-0.0305
9736	-0.03994
9738	-0.04789
9740	-0.05586
9742	-0.0647
9744	-0.07165
9746	-0.07536
9748	-0.07436
9750	-0.06938
9752	-0.06313
9754	-0.05627
9756	-0.04997
9758	-0.04388
9760	-0.03908
9762	-0.03375
9764	-0.03021
9766	-0.02672
9768	-0.02329
9770	-0.01848
9772	-0.01561
9774	-0.01396
9776	-0.01228
9778	-0.01068
9780	-0.00823
9782	-0.00732
9784	-0.00645
9786	-0.00554
9788	-0.00593
9790	-0.00593
9792	-0.00457
9794	-0.00435
9796	-0.00355
9798	-0.00335
9800	-0.00307
9802	-0.00225
9804	-0.00134
9806	-6.69638E-4
9808	1.39041E-4
9810	-9.52794E-5
9812	5.824E-4
9814	-9.8921E-5
9816	-4.50242E-4
9818	-4.23563E-4
9820	-0.00199
9822	-0.00123
9824	-9.95249E-5
9826	-0.00104
9828	-0.00294
9830	-0.00531
9832	-0.00616
9834	-0.00657
9836	-0.00616
9838	-0.00672
9840	-0.00767
9842	-0.00865
9844	-0.00813
9846	-0.00772
9848	-0.00787
9850	-0.00659
9852	-0.00493
9854	-0.00461
9856	-0.00409
9858	-0.0034
9860	-0.00349
9862	-0.00446
9864	-0.00355
9866	-0.0034
9868	-0.00346
9870	-0.00331
9872	-0.00291
9874	-0.00326
9876	-0.00374
9878	-0.00306
9880	-0.00222
9882	-0.00187
9884	-4.40149E-4
9886	-2.3847E-4
9888	-0.00151
9890	-0.00243
9892	-0.00161
9894	-1.67529E-5
9896	5.39263E-5
9898	-8.37394E-4
9900	-5.16715E-4
9902	-0.00107
9904	-2.10357E-4
9906	1.48322E-4
9908	0.00142
9910	0.00115
9912	8.5536E-4
9914	1.96039E-4
9916	1.22718E-4
9918	-1.31602E-4
9920	-5.27923E-4
9922	-5.08244E-4
9924	-2.55565E-4
9926	4.33114E-4
9928	2.97794E-4
9930	-5.95272E-5
9932	0.00175
9934	8.39831E-4
9936	-9.3749E-4
9938	-8.3681E-4
9940	-5.37131E-4
9942	-3.94452E-4
9944	-3.31773E-4
9946	0.00106
9948	0.003
9950	0.00213
9952	0.00194
9954	0.00179
9956	0.00235
9958	0.00294
9960	0.00208
9962	0.00251
9964	0.00338
9966	0.00317
9968	0.00282
9970	0.00386
9972	0.00297
9974	0.00178
9976	0.00224
9978	0.00233
9980	0.00131
9982	-3.08679E-5
9984	-0.00105
9986	5.4149E-4
9988	9.21697E-5
9990	-7.30151E-4
9992	-1.58472E-4
9994	0.00108
9996	0.00102
9998	5.61566E-4
10000	3.07245E-4
10002	-0.00112
10004	-0.00128
10006	-0.00112
10008	-9.82038E-4
10010	-3.47359E-4
10012	-2.5068E-4
10014	-4.93001E-4
10016	-7.63322E-4
10018	-5.41642E-4
10020	-3.79631E-5
10022	-0.00127
10024	-0.00212
10026	-0.00133
10028	1.30754E-4
10030	0.00156
10032	0.00191
10034	0.00165
10036	6.66471E-4
10038	0.00217
10040	0.00208
10042	0.00149
10044	0.00142
10046	0.00245
10048	0.00251
10050	0.0021
10052	0.0019
10054	0.00173
10056	0.00143
10058	0.00155
10060	0.00148
10062	0.00255
10064	0.00237
10066	0.00258
10068	0.00219
10070	9.85033E-5
10072	3.58334E-5
10074	9.11635E-5
10076	4.98494E-4
10078	-3.44176E-4
10080	4.19154E-4
10082	0.00275
10084	0.00204
10086	-1.81856E-4
10088	-6.96638E-4
10090	6.88593E-5
10092	-5.56435E-5
10094	-7.79146E-4
10096	-4.19649E-4
10098	-5.56152E-4
10100	-4.54655E-4
10102	-0.00102
10104	-4.1466E-4
10106	4.95837E-4
10108	3.09334E-4
10110	0.00115
10112	0.00156
10114	0.00115
10116	0.0013
10118	4.57821E-4
10120	6.65318E-4
10122	0.00152
10124	8.49312E-4
10126	-3.0719E-4
10128	-0.002
10130	-0.00748
10132	-0.01721
10134	-0.02815
10136	-0.03811
10138	-0.04677
10140	-0.05464
10142	-0.05975
10144	-0.06542
10146	-0.07107
10148	-0.07182
10150	-0.06787
10152	-0.06141
10154	-0.05439
10156	-0.04897
10158	-0.04234
10160	-0.03793
10162	-0.03329
10164	-0.02897
10166	-0.02572
10168	-0.02237
10170	-0.01961
10172	-0.01873
10174	-0.01728
10176	-0.01435
10178	-0.01217
10180	-0.01064
10182	-0.00995
10184	-0.00941
10186	-0.00925
10188	-0.00883
10190	-0.00798
10192	-0.00635
10194	-0.00633
10196	-0.00692
10198	-0.00615
10200	-0.0063
10202	-0.0064
10204	-0.00633
10206	-0.00646
10208	-0.00652
10210	-0.00492
10212	-0.00415
10214	-0.00359
10216	-0.00396
10218	-0.00515
10220	-0.00593
10222	-0.00565
10224	-0.00499
10226	-0.00393
10228	-0.00339
10230	-0.00288
10232	-0.00324
10234	-0.00336
10236	-0.00421
10238	-0.00419
10240	-0.00331
10242	-0.00461
10244	-0.0035
10246	-0.00211
10248	-0.00177
10250	-0.00227
10252	-0.00319
10254	-0.00306
10256	-0.00262
10258	-0.00183
10260	-0.00171
10262	-0.00116
10264	-0.0012
10266	-0.0015
10268	-6.09411E-4
10270	-0.00152
10272	-0.00304
10274	-0.00261
10276	-0.00134
10278	-0.00203
10280	-9.01071E-4
10282	5.4152E-5
10284	9.60375E-4
10286	0.00112
10288	7.55822E-4
10290	1.33045E-4
10292	-4.42731E-4
10294	8.26492E-4
10296	0.00203
10298	0.00193
10300	0.00211
10302	0.00174
10304	0.00122
10306	0.00123
10308	0.00107
10310	3.01279E-4
10312	3.02502E-4
10314	-8.04275E-4
10316	-0.00101
10318	4.46172E-4
10320	-1.48605E-4
10322	2.45619E-4
10324	3.04842E-4
10326	6.20065E-4
10328	0.00106
10330	7.2512E-5
10332	-1.25265E-4
10334	0.00119
10336	0.00186
10338	0.00226
10340	0.00285
10342	0.00322
10344	0.00241
10346	0.00117
10348	0.00198
10350	9.29745E-4
10352	0.00121
10354	8.23192E-4
10356	3.17415E-4
10358	-6.77361E-4
10360	1.16862E-4
10362	0.00115
10364	6.00309E-4
10366	-2.24468E-4
10368	9.62755E-4
10370	0.00136
10372	-4.41798E-4
10374	-9.37575E-4
10376	-2.73351E-4
10378	6.75872E-4
10380	-1.93905E-4
10382	-0.00151
10384	-0.00195
10386	-0.00263
10388	-0.00137
10390	-0.00112
10392	-0.00208
10394	-0.00193
10396	-0.00149
10398	-0.00149
10400	-0.00249
10402	-9.80448E-4
10404	-8.00225E-4
10406	-0.00265
10408	-0.00299
10410	-0.00272
10412	-0.00222
10414	-0.0024
10416	-0.00235
10418	-0.00217
10420	-0.00311
10422	-0.00364
10424	-0.00329
10426	-0.00276
10428	-0.00311
10430	-0.00315
10432	-0.00262
10434	-0.00259
10436	-0.00269
10438	-0.00327
10440	-0.00366
10442	-0.00361
10444	-0.00366
10446	-0.0028
10448	-0.00163
10450	-3.93327E-4
10452	-4.24973E-4
10454	-6.86196E-5
10456	5.41734E-4
10458	0.00109
10460	4.99441E-4
10462	4.55795E-4
10464	9.53148E-4
10466	5.55016E-5
10468	4.58551E-5
10470	-9.24187E-5
10472	-4.5692E-4
10474	-8.34421E-4
10476	-0.00122
10478	-0.00112
10480	-6.81925E-4
10482	-7.09427E-4
10484	-0.00114
10486	-0.00235
10488	-0.00292
10490	-0.00191
10492	-1.71933E-4
10494	2.45565E-4
10496	8.50641E-5
10498	-2.31437E-4
10500	-1.47939E-4
10502	5.7056E-4
10504	3.19059E-4
10506	-4.94425E-5
10508	3.41056E-4
10510	-6.01445E-4
10512	-0.00228
10514	-0.00143
10516	9.60509E-5
10518	9.3987E-4
10520	0.00133
10522	0.00166
10524	0.00132
10526	8.89274E-4
10528	1.73375E-4
10530	-0.00513
10532	-0.0153
10534	-0.0257
10536	-0.03448
10538	-0.04383
10540	-0.05192
10542	-0.0572
10544	-0.06318
10546	-0.06873
10548	-0.071
10550	-0.06753
10552	-0.06142
10554	-0.05669
10556	-0.05219
10558	-0.04625
10560	-0.04062
10562	-0.03488
10564	-0.02967
10566	-0.02654
10568	-0.02302
10570	-0.02
10572	-0.01763
10574	-0.0165
10576	-0.01521
10578	-0.01254
10580	-0.01109
10582	-0.00937
10584	-0.00775
10586	-0.0075
10588	-0.0076
10590	-0.00669
10592	-0.00688
10594	-0.0058
10596	-0.00516
10598	-0.00508
10600	-0.00485
10602	-0.00455
10604	-0.00458
10606	-0.00401
10608	-0.00395
10610	-0.00243
10612	-0.00198
10614	-0.00263
10616	-0.0029
10618	-0.00271
10620	-0.00194
10622	-0.00253
10624	-0.00344
10626	-0.00421
10628	-0.00471
10630	-0.00536
10632	-0.00433
10634	-0.00336
10636	-0.00319
10638	-0.00377
10640	-0.00538
10642	-0.0049
10644	-0.00433
10646	-0.00382
10648	-0.00376
10650	-0.00485
10652	-0.00483
10654	-0.00402
10656	-0.00311
10658	-0.00199
10660	-9.47563E-4
10662	-7.95885E-4
10664	-0.00114
10666	-7.67167E-4
10668	-6.43308E-4
10670	-0.00101
10672	-0.00202
10674	-0.0019
10676	-0.00172
10678	-0.00139
10680	-7.50153E-4
10682	-0.00183
10684	-0.00195
10686	-0.00132
10688	-0.00197
10690	-0.00245
10692	-0.00178
10694	-0.00266
10696	-0.00203
10698	-0.00134
10700	-4.62562E-4
10702	-2.25703E-4
10704	-0.00104
10706	-0.00182
10708	-0.0013
10710	-4.90267E-4
10712	1.94592E-4
10714	2.6451E-5
10716	-9.8369E-4
10718	-0.00114
10720	-8.89972E-4
10722	-0.00118
10724	-0.00264
10726	-0.00296
10728	-0.00262
10730	-0.00311
10732	-0.00329
10734	-0.00189
10736	-0.00209
10738	-0.00432
10740	-0.00476
10742	-0.00268
10744	-0.00228
10746	-0.00115
10748	-0.00136
10750	-8.01086E-4
10752	-7.21227E-4
10754	-6.65368E-4
10756	-0.00178
10758	-0.00305
10760	-0.00392
10762	-0.00362
10764	-0.00248
10766	-8.60213E-4
10768	-0.00222
10770	-0.00264
10772	-0.00165
10774	-1.62777E-4
10776	3.13082E-4
10778	-0.0013
10780	2.938E-4
10782	0.00125
10784	-3.31482E-4
10786	-7.29622E-4
10788	2.72366E-5
10790	-3.47904E-4
10792	-5.43045E-4
10794	-0.00133
10796	-7.55327E-4
10798	-5.59468E-4
10800	-0.00112
10802	-4.0875E-4
10804	-5.43967E-4
10806	-2.24371E-4
10808	-6.52775E-4
10810	-0.00133
10812	-0.00198
10814	-0.00204
10816	-0.00161
10818	-8.43796E-4
10820	-5.542E-4
10822	-5.27604E-4
10824	9.53992E-4
10826	0.00217
10828	0.00119
10830	8.3478E-4
10832	5.36376E-4
10834	-0.0013
10836	-0.00189
10838	-0.00147
10840	-0.00185
10842	-7.63645E-4
10844	-7.01049E-4
10846	-0.00169
10848	-0.00241
10850	-0.00249
10852	-0.0023
10854	-0.0016
10856	-5.20427E-4
10858	-0.0011
10860	-0.00192
10862	-0.00221
10864	-0.0024
10866	-0.0021
10868	-0.00194
10870	-0.00202
10872	-0.00182
10874	-0.00133
10876	-0.00124
10878	-0.00157
10880	-6.42101E-4
10882	-1.14157E-4
10884	9.31787E-4
10886	0.00107
10888	1.74675E-4
10890	7.88619E-4
10892	0.00173
10894	0.00121
10896	-2.9955E-4
10898	7.4394E-5
10900	-2.86675E-4
10902	-0.0016
10904	-0.00241
10906	-0.00224
10908	-0.00157
10910	-0.00211
10912	-0.00206
10914	-0.00136
10916	-4.67457E-4
10918	-4.94555E-4
10920	0.00122
10922	0.00151
10924	4.54152E-4
10926	9.37055E-4
10928	4.41957E-4
10930	-0.00593
10932	-0.01556
10934	-0.02475
10936	-0.03411
10938	-0.04257
10940	-0.05102
10942	-0.05729
10944	-0.06292
10946	-0.06625
10948	-0.06699
10950	-0.06379
10952	-0.05902
10954	-0.05315
10956	-0.04733
10958	-0.04191
10960	-0.0369
10962	-0.03223
10964	-0.02817
10966	-0.02502
10968	-0.02107
10970	-0.01819
10972	-0.01687
10974	-0.01543
10976	-0.01396
10978	-0.012
10980	-0.01028
10982	-0.00919
10984	-0.00805
10986	-0.00762
10988	-0.00662
10990	-0.00716
10992	-0.00701
10994	-0.00734
10996	-0.00749
10998	-0.0058
11000	-0.00473
11002	-0.0031
11004	-0.00255
11006	-0.00234
11008	-0.00278
11010	-0.00303
11012	-0.00358
11014	-0.00414
11016	-0.0028
11018	-0.00144
11020	-0.0019
11022	-0.0028
11024	-0.00362
11026	-0.00333
11028	-0.00316
11030	-0.00264
11032	-0.00189
11034	-0.00173
11036	-0.00286
11038	-0.00349
11040	-0.0034
11042	-0.00265
11044	-0.00242
11046	-0.0015
11048	-6.50315E-4
11050	-0.00139
11052	-0.00129
11054	-3.01595E-4
11056	-2.30688E-4
11058	-0.00152
11060	-0.00199
11062	-0.00237
11064	-0.00153
11066	-0.00154
11068	-0.00167
11070	-6.39341E-4
11072	-1.90435E-4
11074	-7.27528E-4
11076	-0.0015
11078	-0.0012
11080	-9.89808E-4
11082	-0.00133
11084	-8.35994E-4
11086	-0.00129
11088	-0.00171
11090	-2.15274E-4
11092	7.52632E-4
11094	-3.22461E-4
11096	-0.00129
11098	-0.00147
11100	-2.08741E-4
11102	5.66166E-4
11104	7.24072E-4
11106	0.00109
11108	5.94886E-4
11110	0.00144
11112	0.00267
11114	0.00255
11116	0.00228
11118	0.00287
11120	0.00334
11122	0.00385
11124	0.00288
11126	0.0037
11128	0.00326
11130	0.00128
11132	1.84766E-4
11134	-4.50327E-4
11136	-7.67421E-4
11138	2.91486E-4
11140	4.62393E-4
11142	0.00126
11144	-1.42794E-4
11146	-0.00144
11148	-6.94981E-4
11150	-5.28074E-4
11152	-9.53167E-4
11154	-8.67261E-4
11156	-0.0014
11158	-0.00189
11160	-4.66541E-4
11162	-0.00119
11164	-7.26727E-4
11166	-2.48821E-4
11168	-3.73914E-4
11170	-0.00143
11172	-0.00164
11174	-0.00122
11176	-9.74287E-4
11178	-0.00117
11180	-0.00202
11182	-0.00183
11184	-3.1766E-4
11186	-3.04754E-4
11188	1.31153E-4
11190	0.00134
11192	0.00176
11194	0.00108
11196	0.0014
11198	0.00131
11200	0.00121
11202	0.0011
11204	8.97406E-4
11206	0.00152
11208	0.0026
11210	0.0025
11212	0.00244
11214	0.00218
11216	0.00282
11218	0.00373
11220	0.00273
11222	0.00218
11224	0.00268
11226	0.00306
11228	0.00204
11230	0.0014
11232	0.0017
11234	0.00169
11236	0.00141
11238	0.00145
11240	0.00204
11242	0.00107
11244	4.9854E-4
11246	0.00138
11248	0.00186
11250	0.00172
11252	0.00193
11254	0.00109
11256	7.1798E-4
11258	7.02887E-4
11260	8.01793E-4
11262	0.00128
11264	0.00102
11266	0.00207
11268	0.00237
11270	0.00173
11272	0.00156
11274	0.00179
11276	0.00112
11278	0.00108
11280	7.4886E-4
11282	1.27037E-4
11284	-2.9045E-4
11286	2.06063E-4
11288	-1.73425E-4
11290	2.00088E-4
11292	4.70601E-4
11294	8.11327E-6
11296	-6.61374E-4
11298	-7.18861E-4
11300	-7.32349E-4
11302	-5.04836E-4
11304	2.78676E-4
11306	9.20189E-4
11308	0.00145
11310	0.00161
11312	0.00124
11314	6.9424E-4
11316	0.00113
11318	0.00193
11320	0.00241
11322	0.00199
11324	0.00206
11326	0.0024
11328	4.58281E-5
11330	-0.0053
11332	-0.01323
11334	-0.02304
11336	-0.03309
11338	-0.04052
11340	-0.04699
11342	-0.05476
11344	-0.06072
11346	-0.06605
11348	-0.06839
11350	-0.06412
11352	-0.05821
11354	-0.053
11356	-0.04618
11358	-0.04028
11360	-0.03626
11362	-0.03188
11364	-0.02685
11366	-0.0218
11368	-0.01791
11370	-0.01491
11372	-0.01227
11374	-0.00991
11376	-0.00677
11378	-0.0065
11380	-0.00606
11382	-0.00463
11384	-0.00398
11386	-0.00273
11388	-0.00235
11390	-0.00268
11392	-0.0021
11394	-0.00214
11396	-0.00163
11398	-0.00179
11400	-7.69102E-4
11402	-2.6111E-4
11404	-1.21118E-4
11406	-9.88127E-4
11408	1.12865E-4
11410	0.00108
11412	9.08849E-4
11414	1.98841E-4
11416	2.22833E-4
11418	-2.71175E-4
11420	-0.00157
11422	-0.00199
11424	-7.032E-4
11426	1.02288E-5
11428	-8.61771E-4
11430	-7.90771E-4
11432	-6.37771E-4
11434	0.00114
11436	0.00133
11438	4.55229E-4
11440	1.93229E-4
11442	-2.80771E-4
11444	-0.00195
11446	-0.00233
11448	-0.0012
11450	-4.58771E-4
11452	-0.0013
11454	-0.0015
11456	-0.00157
11458	-0.00263
11460	-0.00286
11462	-0.00191
11464	-8.11771E-4
11466	-5.58771E-4
11468	-1.14771E-4
11470	-3.70771E-4
11472	-0.00125
11474	-0.00234
11476	-0.00314
11478	-0.00289
11480	-0.00215
11482	-0.00191
11484	-0.00143
11486	-0.00134
11488	-9.43274E-4
11490	-7.92924E-4
11492	-5.79573E-4
11494	-7.82225E-5
11496	-4.8872E-5
11498	0.0012
11500	0.00144
11502	0.00181
11504	0.00209
11506	0.00267
11508	0.00235
11510	0.00192
11512	0.00257
11514	0.00239
11516	0.00125
11518	0.00196
11520	0.0022
11522	8.37397E-4
11524	7.9144E-4
11526	8.62483E-4
11528	2.27526E-4
11530	4.74569E-4
11532	6.51612E-4
11534	0.00124
11536	0.00192
11538	0.00182
11540	0.00102
11542	0.00166
11544	0.00296
11546	0.00172
11548	8.05954E-4
11550	5.43997E-4
11552	-4.5996E-4
11554	-0.00115
11556	-0.00173
11558	-0.00164
11560	-0.00185
11562	-0.00212
11564	-0.00199
11566	-0.00258
11568	-0.00436
11570	-0.00466
11572	-0.00397
11574	-0.00289
11576	-0.00303
11578	-0.00339
11580	-0.00364
11582	-0.00364
11584	-0.00186
11586	-0.00168
11588	-0.00257
11590	-0.00211
11592	-0.00185
11594	-0.00218
11596	-0.00234
11598	-0.00135
11600	-0.00141
11602	-0.00127
11604	-0.00121
11606	-2.32066E-5
11608	-4.73694E-4
11610	-0.00184
11612	-0.00223
11614	-9.16155E-4
11616	-0.00117
11618	-4.0378E-4
11620	-2.99182E-4
11622	-0.00121
11624	-0.00127
11626	-3.32386E-4
11628	-3.83788E-4
11630	2.22811E-4
11632	5.92409E-4
11634	3.51008E-4
11636	1.37606E-4
11638	-6.51795E-4
11640	-0.00133
11642	-0.00198
11644	-0.00286
11646	-0.00225
11648	-0.00146
11650	-6.13204E-4
11652	-8.93605E-4
11654	-7.69007E-4
11656	-5.88408E-4
11658	9.11902E-5
11660	0.00132
11662	0.00165
11664	8.20885E-4
11666	9.87356E-5
11668	0.00101
11670	4.00437E-4
11672	-0.00126
11674	-0.00166
11676	-0.00198
11678	-0.00185
11680	-0.0013
11682	-0.00161
11684	-5.59608E-4
11686	-7.17758E-4
11688	-3.50907E-4
11690	9.29437E-5
11692	-3.78206E-4
11694	-4.92355E-4
11696	-0.00116
11698	5.34637E-6
11700	-3.81803E-4
11702	-3.83952E-4
11704	-4.19102E-4
11706	2.20749E-4
11708	2.406E-4
11710	-3.5555E-4
11712	-4.85794E-4
11714	-4.25325E-4
11716	-3.91856E-4
11718	2.34612E-4
11720	9.88081E-4
11722	0.00167
11724	0.00119
11726	7.28487E-4
11728	-0.0022
11730	-0.008
11732	-0.01645
11734	-0.02474
11736	-0.03437
11738	-0.042
11740	-0.04906
11742	-0.05527
11744	-0.05933
11746	-0.06181
11748	-0.06421
11750	-0.06309
11752	-0.05681
11754	-0.05108
11756	-0.04515
11758	-0.04019
11760	-0.03585
11762	-0.03086
11764	-0.02786
11766	-0.0248
11768	-0.02207
11770	-0.01957
11772	-0.01743
11774	-0.01704
11776	-0.01683
11778	-0.01463
11780	-0.01211
11782	-0.01004
11784	-0.00846
11786	-0.00801
11788	-0.00867
11790	-0.00741
11792	-0.00732
11794	-0.00732
11796	-0.00777
11798	-0.00832
11800	-0.00738
11802	-0.00576
11804	-0.00568
11806	-0.00459
11808	-0.00365
11810	-0.00299
11812	-0.00305
11814	-0.00371
11816	-0.00316
11818	-0.00332
11820	-0.00285
11822	-0.00229
11824	-0.00239
11826	-0.00315
11828	-0.00264
11830	-0.00309
11832	-0.00275
11834	-0.00261
11836	-9.97651E-4
11838	-7.18022E-4
11840	-7.01392E-4
11842	1.64238E-4
11844	1.65868E-4
11846	-7.60503E-4
11848	-8.79873E-4
11850	-0.00156
11852	-0.00197
11854	-0.00104
11856	-8.42032E-4
11858	1.56065E-4
11860	0.0013
11862	1.54259E-4
11864	5.31357E-4
11866	6.70454E-4
11868	7.27551E-4
11870	7.99648E-4
11872	-1.48255E-4
11874	1.33842E-4
11876	1.4194E-4
11878	-8.19963E-4
11880	-3.89866E-4
11882	-6.19769E-4
11884	-0.00101
11886	-1.57574E-4
11888	-2.24477E-4
11890	-0.00134
11892	-0.00118
11894	-1.70186E-4
11896	-1.48089E-4
11898	-0.00146
11900	-0.0016
11902	-0.002
11904	-5.62928E-4
11906	4.38426E-4
11908	-5.82202E-5
11910	-0.00177
11912	-0.00159
11914	-0.00176
11916	-0.00203
11918	-0.00158
11920	-0.00115
11922	-0.00101
11924	-0.00106
11926	-0.00194
11928	-0.00235
11930	-0.00272
11932	-0.00192
11934	-0.00108
11936	-8.98269E-4
11938	-0.00192
11940	-0.0013
11942	-0.00103
11944	-6.52855E-4
11946	-0.00162
11948	-9.44148E-4
11950	-6.80794E-4
11952	-0.00117
11954	-0.00113
11956	-1.23085E-4
11958	-3.32549E-4
11960	8.62986E-4
11962	9.04522E-4
11964	7.51058E-4
11966	0.0012
11968	0.00101
11970	9.12665E-4
11972	7.872E-4
11974	0.00152
11976	2.92272E-4
11978	2.45807E-4
11980	7.68343E-4
11982	0.00143
11984	0.0013
11986	4.0095E-4
11988	3.33486E-4
11990	4.75021E-4
11992	0.00115
11994	0.00217
11996	0.00168
11998	0.00205
12000	0.00236
12002	0.00137
12004	4.29906E-4
12006	-0.00168
12008	-0.00261
12010	-0.00193
12012	-0.00151
12014	-0.00117
12016	-0.00213
12018	-0.00244
12020	-0.00307
12022	-0.00322
12024	-0.00274
12026	-0.00116
12028	-6.45217E-5
12030	-0.00136
12032	-0.00165
12034	-9.87129E-4
12036	-0.0021
12038	-0.00253
12040	-0.00145
12042	-0.00152
12044	-0.00146
12046	-0.00157
12048	-0.00116
12050	-0.00152
12052	-0.00217
12054	-5.39766E-4
12056	6.14033E-4
12058	-0.00115
12060	-8.64368E-4
12062	-5.32569E-4
12064	-0.0017
12066	-0.00262
12068	-0.00292
12070	-0.00297
12072	-0.00238
12074	-0.00184
12076	-0.00146
12078	-0.00103
12080	-9.06375E-4
12082	-0.0011
12084	-5.94776E-4
12086	3.46023E-4
12088	3.27823E-4
12090	3.59622E-4
12092	7.78421E-4
12094	5.02105E-4
12096	7.50983E-5
12098	-3.92908E-4
12100	-0.00156
12102	-0.00176
12104	-0.00246
12106	-0.00211
12108	-0.00175
12110	-0.00284
12112	-0.00333
12114	-0.00347
12116	-0.00394
12118	-0.00408
12120	-0.00414
12122	-0.00288
12124	-0.00177
12126	-0.00212
12128	-0.00231
12130	-0.00638
12132	-0.01519
12134	-0.02411
12136	-0.03197
12138	-0.04026
12140	-0.04722
12142	-0.05324
12144	-0.05798
12146	-0.06278
12148	-0.06428
12150	-0.06033
12152	-0.05411
12154	-0.04738
12156	-0.04144
12158	-0.03646
12160	-0.03239
12162	-0.02784
12164	-0.02357
12166	-0.02074
12168	-0.01774
12170	-0.01508
12172	-0.01347
12174	-0.01171
12176	-0.00852
12178	-0.00649
12180	-0.00633
12182	-0.00576
12184	-0.00371
12186	-0.00214
12188	-0.0023
12190	-0.00167
12192	-4.32254E-4
12194	-1.91712E-4
12196	7.70831E-4
12198	8.66373E-4
12200	-1.75085E-4
12202	-0.00114
12204	-2.4E-4
12206	-5.55458E-4
12208	-7.36916E-4
12210	-0.0018
12212	-9.64831E-4
12214	6.8711E-5
12216	4.19253E-4
12218	4.55796E-4
12220	0.00107
12222	3.8788E-4
12224	6.78422E-4
12226	-1.66035E-4
12228	-0.00131
12230	-2.77951E-4
12232	1.94592E-4
12234	2.23134E-4
12236	-4.74324E-4
12238	-9.22782E-4
12240	-7.97239E-4
12242	-0.00147
12244	-0.00152
12246	6.53875E-5
12248	4.59298E-5
12250	-6.01528E-4
12252	-2.75986E-4
12254	2.28557E-4
12256	1.33099E-4
12258	-3.13589E-5
12260	-3.71817E-4
12262	-9.48274E-4
12264	-1.74732E-4
12266	1.5481E-4
12268	3.73353E-4
12270	1.74895E-4
12272	1.94437E-4
12274	6.34979E-4
12276	1.95217E-5
12278	-2.31936E-4
12280	5.95606E-4
12282	-0.00104
12284	-0.00173
12286	-0.00161
12288	-0.00149
12290	-0.00224
12292	-0.00222
12294	-0.00142
12296	-0.00133
12298	-0.00156
12300	-0.00156
12302	-0.00228
12304	-0.00147
12306	-0.00103
12308	-0.00108
12310	4.2974E-4
12312	0.001
12314	0.00101
12316	8.63672E-5
12318	4.2491E-4
12320	6.34518E-5
12322	2.77994E-4
12324	0.00157
12326	0.00163
12328	1.93621E-4
12330	-1.24837E-4
12332	-5.51295E-4
12334	-1.24752E-4
12336	5.5379E-4
12338	6.91332E-4
12340	4.53875E-4
12342	-7.64583E-4
12344	-9.36041E-4
12346	-0.00111
12348	-6.93956E-4
12350	-5.47414E-4
12352	-5.64872E-4
12354	-6.05329E-4
12356	-6.45787E-4
12358	-0.00135
12360	-0.00193
12362	-2.5516E-4
12364	2.84382E-4
12366	6.18924E-4
12368	0.00139
12370	-2.85991E-4
12372	-0.00189
12374	-0.00251
12376	-0.00108
12378	1.21178E-4
12380	0.00176
12382	0.00123
12384	-2.96195E-4
12386	-9.01653E-4
12388	-5.71107E-5
12390	-1.55685E-5
12392	-1.85026E-4
12394	2.25161E-5
12396	4.51058E-4
12398	6.35601E-4
12400	0.00139
12402	0.00252
12404	0.00301
12406	0.00148
12408	4.69312E-4
12410	-0.00113
12412	-5.88603E-4
12414	-5.56061E-4
12416	-0.00102
12418	-9.71977E-4
12420	2.10566E-4
12422	3.51108E-4
12424	-3.8835E-4
12426	-7.94807E-4
12428	3.73483E-6
12430	4.40347E-4
12432	3.00977E-4
12434	-1.27392E-4
12436	-3.83762E-4
12438	-4.81317E-5
12440	-2.95501E-4
12442	4.15129E-4
12444	2.89759E-4
12446	-2.8161E-4
12448	-0.00129
12450	-4.8435E-4
12452	-0.00103
12454	-7.70089E-4
12456	-8.21459E-4
12458	1.01715E-5
12460	6.42802E-4
12462	7.04321E-5
12464	-0.00156
12466	-0.00147
12468	-0.0018
12470	-0.00229
12472	-0.00227
12474	-0.00141
12476	-0.00103
12478	4.3874E-4
12480	0.00141
12482	0.00133
12484	0.00107
12486	1.40425E-5
12488	-6.9882E-5
12490	-1.67806E-4
12492	5.34269E-4
12494	6.51345E-4
12496	2.0442E-4
12498	-0.00102
12500	-0.00217
12502	-0.00142
12504	-8.06278E-4
12506	-4.95202E-4
12508	-4.45127E-4
12510	-3.02051E-4
12512	-1.30976E-4
12514	-2.319E-4
12516	-5.80825E-4
12518	-1.64749E-4
12520	9.38326E-4
12522	5.64402E-4
12524	-0.00201
