time	cp
2	0.09421
4	0.09114
6	0.08755
8	0.08348
10	0.08014
12	0.07834
14	0.0759
16	0.07419
18	0.07146
20	0.06704
22	0.0631
24	0.06192
26	0.05989
28	0.05598
30	0.0533
32	0.05097
34	0.04693
36	0.04365
38	0.04175
40	0.03893
42	0.03606
44	0.03332
46	0.03017
48	0.02748
50	0.02487
52	0.02085
54	0.01794
56	0.01614
58	0.01354
60	0.00991
62	0.007
64	0.00472
66	0.00198
68	-7.06892E-4
70	-0.00384
72	-0.00616
74	-0.0066
76	-0.00607
78	-0.00684
80	-0.00608
82	-0.00445
84	-0.00492
86	-0.00524
88	-0.00486
90	-0.00355
92	-0.00272
94	-0.0037
96	-0.00334
98	-0.00225
100	-0.00273
102	-0.00157
104	-9.65663E-4
106	-5.21747E-4
108	0.00105
110	0.00223
112	0.0021
114	2.41917E-4
116	-0.00187
118	-0.00146
120	-8.41335E-4
122	-1.03419E-4
124	-3.70503E-4
126	-0.01038
128	-0.04189
130	-0.08933
132	-0.14643
134	-0.20588
136	-0.2653
138	-0.32089
140	-0.37316
142	-0.41931
144	-0.45939
146	-0.49545
148	-0.52634
150	-0.55209
152	-0.57508
154	-0.58527
156	-0.5767
158	-0.55382
160	-0.52151
162	-0.48403
164	-0.44508
166	-0.41048
168	-0.37873
170	-0.34882
172	-0.32298
174	-0.2994
176	-0.2782
178	-0.26029
180	-0.24508
182	-0.23094
184	-0.21853
186	-0.20741
188	-0.19731
190	-0.18913
192	-0.18138
194	-0.17498
196	-0.16871
198	-0.16351
200	-0.1588
202	-0.15394
204	-0.15017
206	-0.14433
208	-0.13904
210	-0.13384
212	-0.13043
214	-0.12833
216	-0.12541
218	-0.12101
220	-0.11788
222	-0.11446
224	-0.11076
226	-0.10936
228	-0.10878
230	-0.10618
232	-0.10379
234	-0.10422
236	-0.10308
238	-0.10002
240	-0.09854
242	-0.09661
244	-0.09417
246	-0.09198
248	-0.08998
250	-0.0874
252	-0.08553
254	-0.08622
256	-0.0849
258	-0.0819
260	-0.08105
262	-0.08057
264	-0.07992
266	-0.08036
268	-0.08034
270	-0.07803
272	-0.07729
274	-0.07608
276	-0.07494
278	-0.07471
280	-0.07391
282	-0.07315
284	-0.07126
286	-0.07084
288	-0.06937
290	-0.06857
292	-0.06878
294	-0.06808
296	-0.06753
298	-0.06658
300	-0.06721
302	-0.06705
304	-0.06532
306	-0.06366
308	-0.06314
310	-0.0622
312	-0.06189
314	-0.06108
316	-0.05967
318	-0.0595
320	-0.0595
322	-0.05757
324	-0.05614
326	-0.05574
328	-0.05606
330	-0.0556
332	-0.05464
334	-0.05518
336	-0.05516
338	-0.05528
340	-0.05431
342	-0.05381
344	-0.0523
346	-0.05351
348	-0.05365
350	-0.05324
352	-0.0537
354	-0.05186
356	-0.05087
358	-0.0504
360	-0.05029
362	-0.04884
364	-0.04805
366	-0.04803
368	-0.04665
370	-0.04462
372	-0.04479
374	-0.04444
376	-0.0427
378	-0.04258
380	-0.04248
382	-0.04396
384	-0.04269
386	-0.04158
388	-0.04198
390	-0.04231
392	-0.04215
394	-0.04208
396	-0.04068
398	-0.03948
400	-0.03808
402	-0.03822
404	-0.03883
406	-0.03947
408	-0.03894
410	-0.03863
412	-0.03724
414	-0.036
416	-0.03608
418	-0.03686
420	-0.03751
422	-0.03868
424	-0.04065
426	-0.04116
428	-0.04152
430	-0.04376
432	-0.04401
434	-0.04463
436	-0.04622
438	-0.04928
440	-0.05128
442	-0.05248
444	-0.05194
446	-0.05184
448	-0.05225
450	-0.05277
452	-0.05227
454	-0.05077
456	-0.05106
458	-0.05229
460	-0.05349
462	-0.05289
464	-0.05206
466	-0.05078
468	-0.05012
470	-0.04954
472	-0.04893
474	-0.04819
476	-0.04694
478	-0.04652
480	-0.04674
482	-0.04536
484	-0.04489
486	-0.044
488	-0.04339
490	-0.04153
492	-0.04155
494	-0.04271
496	-0.04259
498	-0.04055
500	-0.0386
502	-0.03783
504	-0.0378
506	-0.03666
508	-0.03523
510	-0.03412
512	-0.03457
514	-0.0349
516	-0.03535
518	-0.03454
520	-0.0324
522	-0.03106
524	-0.03121
526	-0.03062
528	-0.02965
530	-0.02851
532	-0.02823
534	-0.0282
536	-0.02847
538	-0.02867
540	-0.02757
542	-0.02576
544	-0.02421
546	-0.02429
548	-0.02379
550	-0.02317
552	-0.02365
554	-0.02356
556	-0.02348
558	-0.0233
560	-0.02233
562	-0.02209
564	-0.02251
566	-0.02211
568	-0.02167
570	-0.0221
572	-0.02249
574	-0.02173
576	-0.02162
578	-0.02222
580	-0.02217
582	-0.02221
584	-0.02124
586	-0.0209
588	-0.01991
590	-0.01918
592	-0.02027
594	-0.01939
596	-0.01841
598	-0.01861
600	-0.01936
602	-0.01935
604	-0.01932
606	-0.01852
608	-0.0178
610	-0.01732
612	-0.01715
614	-0.01592
616	-0.01517
618	-0.01508
620	-0.01528
622	-0.01775
624	-0.0178
626	-0.01743
628	-0.01789
630	-0.01842
632	-0.01734
634	-0.01651
636	-0.01595
638	-0.01444
640	-0.01399
642	-0.0139
644	-0.0128
646	-0.01234
648	-0.0122
650	-0.0124
652	-0.01269
654	-0.01239
656	-0.01102
658	-0.01036
660	-0.01121
662	-0.01083
664	-0.01098
666	-0.01061
668	-0.01089
670	-0.01198
672	-0.01078
674	-0.00761
676	-0.00718
678	-0.00788
680	-0.00797
682	-0.00674
684	-0.00474
686	-0.00375
688	-0.00451
690	-0.00454
692	-0.0042
694	-0.00316
696	-0.00189
698	-0.0013
700	-2.26148E-5
702	8.83718E-4
704	0.00149
706	0.0027
708	0.00276
710	0.00417
712	0.0052
714	0.00469
716	0.0056
718	0.00524
720	0.00645
722	0.00759
724	0.00729
726	-0.0062
728	-0.03893
730	-0.08517
732	-0.13612
734	-0.1874
736	-0.23561
738	-0.28094
740	-0.32142
742	-0.35803
744	-0.38861
746	-0.41484
748	-0.44
750	-0.46046
752	-0.47743
754	-0.4877
756	-0.48044
758	-0.45953
760	-0.43087
762	-0.39709
764	-0.36469
766	-0.33383
768	-0.30544
770	-0.27912
772	-0.25579
774	-0.23535
776	-0.21739
778	-0.20133
780	-0.18769
782	-0.17495
784	-0.16349
786	-0.15362
788	-0.1457
790	-0.13745
792	-0.13173
794	-0.12602
796	-0.11977
798	-0.11404
800	-0.11047
802	-0.10582
804	-0.1027
806	-0.09921
808	-0.09592
810	-0.09263
812	-0.08863
814	-0.08491
816	-0.0811
818	-0.07885
820	-0.07564
822	-0.0734
824	-0.07133
826	-0.06943
828	-0.06641
830	-0.064
832	-0.06342
834	-0.06253
836	-0.06181
838	-0.06011
840	-0.05914
842	-0.05885
844	-0.05824
846	-0.05784
848	-0.05588
850	-0.0545
852	-0.0529
854	-0.05172
856	-0.05106
858	-0.05032
860	-0.04904
862	-0.04766
864	-0.0482
866	-0.04934
868	-0.04991
870	-0.04778
872	-0.04606
874	-0.04539
876	-0.04501
878	-0.04537
880	-0.04533
882	-0.04483
884	-0.0437
886	-0.04214
888	-0.04238
890	-0.04213
892	-0.04296
894	-0.04325
896	-0.0419
898	-0.0406
900	-0.04058
902	-0.04006
904	-0.03904
906	-0.03915
908	-0.04068
910	-0.04222
912	-0.04074
914	-0.04023
916	-0.03875
918	-0.038
920	-0.037
922	-0.03618
924	-0.03548
926	-0.03433
928	-0.03353
930	-0.03187
932	-0.03356
934	-0.0344
936	-0.03405
938	-0.03375
940	-0.03315
942	-0.03346
944	-0.03323
946	-0.03277
948	-0.03404
950	-0.03356
952	-0.03368
954	-0.03334
956	-0.03255
958	-0.03136
960	-0.03117
962	-0.03033
964	-0.03055
966	-0.03107
968	-0.03185
970	-0.03283
972	-0.03284
974	-0.03274
976	-0.03358
978	-0.03252
980	-0.0321
982	-0.03202
984	-0.0311
986	-0.02937
988	-0.02915
990	-0.02982
992	-0.02999
994	-0.02964
996	-0.02863
998	-0.02735
1000	-0.02672
1002	-0.02607
1004	-0.0268
1006	-0.02687
1008	-0.02675
1010	-0.02754
1012	-0.02854
1014	-0.02963
1016	-0.02894
1018	-0.02841
1020	-0.02763
1022	-0.02814
1024	-0.02829
1026	-0.02719
1028	-0.02647
1030	-0.02667
1032	-0.02734
1034	-0.02749
1036	-0.02671
1038	-0.02715
1040	-0.02608
1042	-0.02374
1044	-0.02306
1046	-0.0227
1048	-0.02171
1050	-0.02052
1052	-0.02067
1054	-0.02187
1056	-0.02312
1058	-0.02355
1060	-0.02133
1062	-0.01961
1064	-0.01916
1066	-0.02003
1068	-0.02071
1070	-0.0219
1072	-0.02064
1074	-0.02061
1076	-0.02025
1078	-0.02114
1080	-0.02081
1082	-0.01956
1084	-0.01966
1086	-0.01956
1088	-0.01812
1090	-0.01861
1092	-0.01931
1094	-0.01839
1096	-0.01701
1098	-0.0184
1100	-0.01897
1102	-0.0197
1104	-0.01863
1106	-0.01717
1108	-0.01825
1110	-0.01932
1112	-0.01902
1114	-0.02025
1116	-0.02098
1118	-0.02014
1120	-0.0198
1122	-0.01963
1124	-0.01923
1126	-0.01775
1128	-0.01754
1130	-0.01751
1132	-0.01637
1134	-0.01724
1136	-0.01665
1138	-0.01643
1140	-0.01719
1142	-0.01887
1144	-0.01889
1146	-0.01795
1148	-0.01708
1150	-0.01702
1152	-0.01562
1154	-0.01498
1156	-0.01511
1158	-0.01545
1160	-0.01562
1162	-0.01486
1164	-0.01246
1166	-0.00974
1168	-0.00787
1170	-0.00788
1172	-0.0086
1174	-0.00934
1176	-0.01118
1178	-0.01186
1180	-0.01226
1182	-0.01143
1184	-0.01271
1186	-0.01206
1188	-0.01099
1190	-0.01147
1192	-0.01276
1194	-0.0113
1196	-0.01032
1198	-0.00976
1200	-0.00805
1202	-0.00762
1204	-0.00773
1206	-0.00876
1208	-0.00767
1210	-0.00693
1212	-0.00614
1214	-0.0058
1216	-0.00592
1218	-0.00655
1220	-0.00621
1222	-0.00596
1224	-0.00593
1226	-0.00522
1228	-0.00472
1230	-0.00431
1232	-0.0037
1234	-0.00298
1236	-0.00238
1238	-1.12026E-4
1240	4.69113E-4
1242	2.51251E-4
1244	9.25389E-4
1246	9.22528E-4
1248	4.01666E-4
1250	-0.00101
1252	-0.00133
1254	-0.00173
1256	-0.0011
1258	-5.90814E-4
1260	7.05153E-4
1262	0.00142
1264	-4.15914E-4
1266	-6.54947E-4
1268	-0.00157
1270	-0.00156
1272	-0.00151
1274	-0.00199
1276	-0.00184
1278	-0.00247
1280	-0.00167
1282	3.89787E-4
1284	-4.81246E-4
1286	-3.17279E-4
1288	0.00124
1290	9.29655E-4
1292	9.81621E-4
1294	0.00277
1296	0.00428
1298	0.00512
1300	0.00561
1302	0.00507
1304	0.00445
1306	0.00453
1308	0.00424
1310	0.0048
1312	0.00641
1314	0.007
1316	0.00686
1318	0.00549
1320	0.00594
1322	0.00675
1324	0.00559
1326	-0.00234
1328	-0.02808
1330	-0.06733
1332	-0.11215
1334	-0.15813
1336	-0.2014
1338	-0.2408
1340	-0.27742
1342	-0.30945
1344	-0.33728
1346	-0.36308
1348	-0.38518
1350	-0.40185
1352	-0.41804
1354	-0.4276
1356	-0.42184
1358	-0.40413
1360	-0.37894
1362	-0.35116
1364	-0.32041
1366	-0.29065
1368	-0.26349
1370	-0.23843
1372	-0.21702
1374	-0.19818
1376	-0.18125
1378	-0.16707
1380	-0.15408
1382	-0.14285
1384	-0.1325
1386	-0.12361
1388	-0.11573
1390	-0.10777
1392	-0.10326
1394	-0.0967
1396	-0.09085
1398	-0.08573
1400	-0.08176
1402	-0.08019
1404	-0.07726
1406	-0.07337
1408	-0.06916
1410	-0.06727
1412	-0.06606
1414	-0.06322
1416	-0.06133
1418	-0.06115
1420	-0.06005
1422	-0.05817
1424	-0.05607
1426	-0.05244
1428	-0.05058
1430	-0.04943
1432	-0.04894
1434	-0.04656
1436	-0.04523
1438	-0.0447
1440	-0.0443
1442	-0.04414
1444	-0.04487
1446	-0.04441
1448	-0.04289
1450	-0.04222
1452	-0.04208
1454	-0.04021
1456	-0.0372
1458	-0.03714
1460	-0.03682
1462	-0.03567
1464	-0.03552
1466	-0.03564
1468	-0.03564
1470	-0.03613
1472	-0.03608
1474	-0.03575
1476	-0.03396
1478	-0.03282
1480	-0.0324
1482	-0.03306
1484	-0.03312
1486	-0.03184
1488	-0.03067
1490	-0.03074
1492	-0.03185
1494	-0.0301
1496	-0.03006
1498	-0.02935
1500	-0.02881
1502	-0.02801
1504	-0.02888
1506	-0.02914
1508	-0.02832
1510	-0.02659
1512	-0.02536
1514	-0.02532
1516	-0.02716
1518	-0.02683
1520	-0.0268
1522	-0.02815
1524	-0.02877
1526	-0.02841
1528	-0.02864
1530	-0.02687
1532	-0.02678
1534	-0.02653
1536	-0.02663
1538	-0.02517
1540	-0.02407
1542	-0.0239
1544	-0.02369
1546	-0.02308
1548	-0.02214
1550	-0.0219
1552	-0.0221
1554	-0.02394
1556	-0.02482
1558	-0.02347
1560	-0.02405
1562	-0.02419
1564	-0.02381
1566	-0.02396
1568	-0.02414
1570	-0.02378
1572	-0.02435
1574	-0.02353
1576	-0.0227
1578	-0.02228
1580	-0.02174
1582	-0.0216
1584	-0.0209
1586	-0.02098
1588	-0.02051
1590	-0.02104
1592	-0.02173
1594	-0.02068
1596	-0.01977
1598	-0.01927
1600	-0.01735
1602	-0.01768
1604	-0.01929
1606	-0.02011
1608	-0.02011
1610	-0.02045
1612	-0.01933
1614	-0.01964
1616	-0.01886
1618	-0.01886
1620	-0.02029
1622	-0.02104
1624	-0.01968
1626	-0.01997
1628	-0.02074
1630	-0.02008
1632	-0.02093
1634	-0.02014
1636	-0.02
1638	-0.0206
1640	-0.02136
1642	-0.02
1644	-0.01751
1646	-0.01702
1648	-0.01789
1650	-0.01629
1652	-0.0162
1654	-0.01808
1656	-0.01757
1658	-0.01676
1660	-0.01741
1662	-0.01788
1664	-0.017
1666	-0.01718
1668	-0.01746
1670	-0.01694
1672	-0.01601
1674	-0.01568
1676	-0.01607
1678	-0.01724
1680	-0.01588
1682	-0.01515
1684	-0.01524
1686	-0.01375
1688	-0.01378
1690	-0.01405
1692	-0.01402
1694	-0.01379
1696	-0.01356
1698	-0.01322
1700	-0.0143
1702	-0.01367
1704	-0.01371
1706	-0.01259
1708	-0.01132
1710	-0.01121
1712	-0.01088
1714	-0.00976
1716	-0.00989
1718	-0.00909
1720	-0.00899
1722	-0.00878
1724	-0.00886
1726	-0.00906
1728	-0.00827
1730	-0.00776
1732	-0.00857
1734	-0.0079
1736	-0.00764
1738	-0.00733
1740	-0.00701
1742	-0.00721
1744	-0.00794
1746	-0.0085
1748	-0.00819
1750	-0.00802
1752	-0.0081
1754	-0.00892
1756	-0.00674
1758	-0.00696
1760	-0.00754
1762	-0.00732
1764	-0.00823
1766	-0.0082
1768	-0.00824
1770	-0.00882
1772	-0.00811
1774	-0.008
1776	-0.00848
1778	-0.00816
1780	-0.00763
1782	-0.00712
1784	-0.00645
1786	-0.00712
1788	-0.00603
1790	-0.00591
1792	-0.00595
1794	-0.00734
1796	-0.0063
1798	-0.00592
1800	-0.00546
1802	-0.00361
1804	-0.00381
1806	-0.00258
1808	-0.00308
1810	-0.00387
1812	-0.00382
1814	-0.00374
1816	-0.00433
1818	-0.00436
1820	-0.00484
1822	-0.00431
1824	-0.00499
1826	-0.00607
1828	-0.00498
1830	-0.00372
1832	-0.00392
1834	-0.00451
1836	-0.00498
1838	-0.0054
1840	-0.00445
1842	-0.00408
1844	-0.00463
1846	-0.00391
1848	-0.00364
1850	-0.00463
1852	-0.00346
1854	-0.00335
1856	-0.00344
1858	-0.00369
1860	-0.00272
1862	-0.00292
1864	-0.00356
1866	-0.00302
1868	-0.00302
1870	-0.00377
1872	-0.00398
1874	-0.00411
1876	-0.00447
1878	-0.00396
1880	-0.00303
1882	-0.00322
1884	-0.00254
1886	-6.23542E-4
1888	2.5359E-4
1890	-8.77277E-4
1892	-0.00102
1894	-0.00127
1896	-0.00187
1898	-0.00214
1900	-0.00219
1902	-0.00284
1904	-0.00272
1906	-4.56219E-4
1908	2.06913E-4
1910	0.00208
1912	0.00326
1914	0.00257
1916	0.00267
1918	0.00375
1920	0.00498
1922	0.00605
1924	0.00428
1926	-0.00472
1928	-0.02747
1930	-0.06186
1932	-0.10279
1934	-0.14178
1936	-0.17991
1938	-0.21631
1940	-0.2505
1942	-0.27941
1944	-0.3042
1946	-0.32472
1948	-0.34282
1950	-0.36016
1952	-0.37446
1954	-0.38296
1956	-0.37908
1958	-0.36228
1960	-0.33996
1962	-0.31321
1964	-0.28633
1966	-0.25921
1968	-0.23342
1970	-0.21143
1972	-0.19266
1974	-0.17384
1976	-0.1583
1978	-0.146
1980	-0.13354
1982	-0.12258
1984	-0.11369
1986	-0.10711
1988	-0.10006
1990	-0.0932
1992	-0.0883
1994	-0.08269
1996	-0.07836
1998	-0.07524
2000	-0.07204
2002	-0.06769
2004	-0.06583
2006	-0.06438
2008	-0.06272
2010	-0.06057
2012	-0.05711
2014	-0.05448
2016	-0.05359
2018	-0.05284
2020	-0.05027
2022	-0.04939
2024	-0.04786
2026	-0.04678
2028	-0.04472
2030	-0.0437
2032	-0.04176
2034	-0.04124
2036	-0.0414
2038	-0.04047
2040	-0.03881
2042	-0.03696
2044	-0.03439
2046	-0.03387
2048	-0.03341
2050	-0.0327
2052	-0.03239
2054	-0.03188
2056	-0.02998
2058	-0.02847
2060	-0.02786
2062	-0.02861
2064	-0.02828
2066	-0.02689
2068	-0.02827
2070	-0.02847
2072	-0.02693
2074	-0.02755
2076	-0.02728
2078	-0.02727
2080	-0.02694
2082	-0.02629
2084	-0.02647
2086	-0.02469
2088	-0.02555
2090	-0.02665
2092	-0.02708
2094	-0.02657
2096	-0.02624
2098	-0.02518
2100	-0.02382
2102	-0.02397
2104	-0.02343
2106	-0.02313
2108	-0.0211
2110	-0.0206
2112	-0.02197
2114	-0.02355
2116	-0.02204
2118	-0.02122
2120	-0.02138
2122	-0.02041
2124	-0.02041
2126	-0.0212
2128	-0.02049
2130	-0.01957
2132	-0.01925
2134	-0.01909
2136	-0.01841
2138	-0.01811
2140	-0.01848
2142	-0.01969
2144	-0.02002
2146	-0.02024
2148	-0.02074
2150	-0.02054
2152	-0.0199
2154	-0.0195
2156	-0.01973
2158	-0.01878
2160	-0.02013
2162	-0.02048
2164	-0.02074
2166	-0.02061
2168	-0.01901
2170	-0.01852
2172	-0.01824
2174	-0.01778
2176	-0.01652
2178	-0.01694
2180	-0.01696
2182	-0.01689
2184	-0.01749
2186	-0.01836
2188	-0.01912
2190	-0.01881
2192	-0.02
2194	-0.0188
2196	-0.0176
2198	-0.01625
2200	-0.01552
2202	-0.01611
2204	-0.01549
2206	-0.01825
2208	-0.01953
2210	-0.01813
2212	-0.01869
2214	-0.0185
2216	-0.01819
2218	-0.01669
2220	-0.01662
2222	-0.01582
2224	-0.0157
2226	-0.01482
2228	-0.01374
2230	-0.01382
2232	-0.01329
2234	-0.01475
2236	-0.01597
2238	-0.01604
2240	-0.01541
2242	-0.0161
2244	-0.0163
2246	-0.01595
2248	-0.01608
2250	-0.01628
2252	-0.01659
2254	-0.01638
2256	-0.01598
2258	-0.01593
2260	-0.01614
2262	-0.01575
2264	-0.01454
2266	-0.01462
2268	-0.01534
2270	-0.01549
2272	-0.01639
2274	-0.01586
2276	-0.01676
2278	-0.01608
2280	-0.0157
2282	-0.01492
2284	-0.01617
2286	-0.01634
2288	-0.01476
2290	-0.01308
2292	-0.01277
2294	-0.0125
2296	-0.01144
2298	-0.01101
2300	-0.01029
2302	-0.01089
2304	-0.01167
2306	-0.01114
2308	-0.01192
2310	-0.01228
2312	-0.01154
2314	-0.01284
2316	-0.01353
2318	-0.01184
2320	-0.0123
2322	-0.01102
2324	-0.00835
2326	-0.00831
2328	-0.00886
2330	-0.00802
2332	-0.00818
2334	-0.00888
2336	-0.00925
2338	-0.00876
2340	-0.00766
2342	-0.00843
2344	-0.00733
2346	-0.00638
2348	-0.00599
2350	-0.00459
2352	-0.0048
2354	-0.00562
2356	-0.00791
2358	-0.00862
2360	-0.01011
2362	-0.01273
2364	-0.01537
2366	-0.01623
2368	-0.01469
2370	-0.01338
2372	-0.01357
2374	-0.01442
2376	-0.01269
2378	-0.01258
2380	-0.01377
2382	-0.01205
2384	-0.0119
2386	-0.01385
2388	-0.01341
2390	-0.01292
2392	-0.01179
2394	-0.0118
2396	-0.01231
2398	-0.01026
2400	-0.00927
2402	-0.00912
2404	-0.00805
2406	-0.00761
2408	-0.0078
2410	-0.00745
2412	-0.00807
2414	-0.00783
2416	-0.00634
2418	-0.00564
2420	-0.00682
2422	-0.00793
2424	-0.00825
2426	-0.0083
2428	-0.00762
2430	-0.00638
2432	-0.00544
2434	-0.0041
2436	-0.00389
2438	-0.00394
2440	-0.00462
2442	-0.00582
2444	-0.00574
2446	-0.00515
2448	-0.00507
2450	-0.00479
2452	-0.00465
2454	-0.00406
2456	-0.00495
2458	-0.00411
2460	-0.00282
2462	-0.00402
2464	-0.00332
2466	-0.0036
2468	-0.00384
2470	-0.00256
2472	-0.00293
2474	-0.00268
2476	-1.47228E-4
2478	-0.00123
2480	-0.00219
2482	-0.00127
2484	-0.00187
2486	-0.00204
2488	-0.0014
2490	-8.16165E-4
2492	-0.00107
2494	0.00131
2496	6.01147E-4
2498	2.63585E-4
2500	8.50221E-5
2502	-2.4354E-4
2504	-2.34103E-4
2506	-0.00119
2508	-8.53228E-4
2510	6.7121E-4
2512	4.36641E-4
2514	7.75073E-4
2516	5.45504E-4
2518	-3.16064E-4
2520	2.08367E-4
2522	0.00114
2524	0.00143
2526	-0.00345
2528	-0.02328
2530	-0.05192
2532	-0.08734
2534	-0.12457
2536	-0.16054
2538	-0.19383
2540	-0.22267
2542	-0.2487
2544	-0.27161
2546	-0.29024
2548	-0.30709
2550	-0.32195
2552	-0.33391
2554	-0.34147
2556	-0.33713
2558	-0.32335
2560	-0.30218
2562	-0.27713
2564	-0.25288
2566	-0.22969
2568	-0.20773
2570	-0.18814
2572	-0.17083
2574	-0.15419
2576	-0.14163
2578	-0.13108
2580	-0.12072
2582	-0.11145
2584	-0.10336
2586	-0.09479
2588	-0.08692
2590	-0.08256
2592	-0.07978
2594	-0.07466
2596	-0.07047
2598	-0.06622
2600	-0.06274
2602	-0.05941
2604	-0.05673
2606	-0.05464
2608	-0.05096
2610	-0.04673
2612	-0.04382
2614	-0.04232
2616	-0.04031
2618	-0.03905
2620	-0.03764
2622	-0.03711
2624	-0.03549
2626	-0.03369
2628	-0.03316
2630	-0.03206
2632	-0.03134
2634	-0.03022
2636	-0.02932
2638	-0.02847
2640	-0.02778
2642	-0.02873
2644	-0.02816
2646	-0.02744
2648	-0.02607
2650	-0.02433
2652	-0.0234
2654	-0.02337
2656	-0.02233
2658	-0.02288
2660	-0.02235
2662	-0.02083
2664	-0.0202
2666	-0.019
2668	-0.01804
2670	-0.01924
2672	-0.0203
2674	-0.02063
2676	-0.02125
2678	-0.0202
2680	-0.01858
2682	-0.0183
2684	-0.01821
2686	-0.019
2688	-0.01943
2690	-0.01883
2692	-0.01859
2694	-0.01858
2696	-0.01727
2698	-0.01726
2700	-0.01772
2702	-0.01844
2704	-0.01785
2706	-0.01772
2708	-0.01784
2710	-0.01838
2712	-0.01815
2714	-0.01735
2716	-0.01712
2718	-0.01744
2720	-0.01734
2722	-0.01718
2724	-0.01785
2726	-0.01802
2728	-0.01742
2730	-0.01662
2732	-0.01575
2734	-0.01492
2736	-0.01378
2738	-0.01437
2740	-0.01529
2742	-0.01462
2744	-0.01506
2746	-0.01572
2748	-0.01632
2750	-0.01796
2752	-0.01885
2754	-0.01932
2756	-0.01866
2758	-0.01809
2760	-0.01852
2762	-0.01748
2764	-0.01705
2766	-0.01588
2768	-0.01601
2770	-0.01745
2772	-0.01735
2774	-0.0161
2776	-0.01617
2778	-0.01655
2780	-0.01628
2782	-0.01585
2784	-0.01564
2786	-0.01459
2788	-0.01465
2790	-0.01454
2792	-0.01343
2794	-0.01309
2796	-0.01245
2798	-0.01206
2800	-0.01232
2802	-0.01202
2804	-0.01191
2806	-0.01248
2808	-0.01344
2810	-0.01271
2812	-0.01226
2814	-0.01347
2816	-0.01502
2818	-0.01433
2820	-0.01332
2822	-0.0129
2824	-0.01238
2826	-0.01138
2828	-0.01194
2830	-0.01195
2832	-0.01143
2834	-0.00995
2836	-0.00905
2838	-0.01057
2840	-0.01055
2842	-0.01067
2844	-0.00905
2846	-0.00729
2848	-0.00811
2850	-0.00892
2852	-0.00908
2854	-0.00978
2856	-0.00943
2858	-0.00916
2860	-0.0101
2862	-0.01072
2864	-0.01139
2866	-0.01126
2868	-0.01072
2870	-0.0112
2872	-0.01184
2874	-0.01252
2876	-0.01225
2878	-0.0116
2880	-0.00912
2882	-0.00874
2884	-0.0091
2886	-0.01008
2888	-0.00876
2890	-0.00917
2892	-0.01056
2894	-0.01056
2896	-0.01037
2898	-0.00881
2900	-0.00832
2902	-0.00707
2904	-0.00868
2906	-0.0102
2908	-0.01035
2910	-0.00958
2912	-0.00785
2914	-0.00819
2916	-0.00861
2918	-0.00794
2920	-0.00705
2922	-0.00649
2924	-0.00735
2926	-0.00704
2928	-0.00718
2930	-0.00893
2932	-0.00884
2934	-0.00988
2936	-0.00971
2938	-0.00922
2940	-0.00947
2942	-0.00882
2944	-0.00812
2946	-0.0084
2948	-0.00937
2950	-0.01155
2952	-0.01187
2954	-0.01021
2956	-0.00928
2958	-0.00918
2960	-0.0091
2962	-0.00899
2964	-0.00951
2966	-0.00769
2968	-0.00644
2970	-0.00764
2972	-0.00773
2974	-0.00643
2976	-0.00562
2978	-0.00478
2980	-0.00394
2982	-0.00266
2984	-0.00251
2986	-0.00277
2988	-9.59324E-4
2990	-0.00173
2992	-8.09967E-4
2994	-0.00148
2996	-0.00272
2998	-0.00339
3000	-0.00282
3002	-0.00264
3004	-0.00293
3006	-0.00293
3008	-0.0023
3010	-0.00326
3012	-0.00266
3014	-0.00176
3016	-0.00218
3018	-0.00237
3020	-0.00413
3022	-0.00535
3024	-0.00458
3026	-0.00441
3028	-0.00323
3030	-0.00258
3032	-0.00218
3034	-0.00171
3036	-0.00178
3038	-0.00204
3040	-0.00118
3042	-0.00224
3044	-0.00196
3046	-0.00219
3048	-0.00123
3050	-8.16285E-4
3052	-0.00133
3054	-0.00233
3056	-0.0022
3058	-0.00154
3060	-3.45892E-4
3062	-3.80213E-4
3064	-3.60535E-4
3066	-5.06856E-4
3068	-6.54639E-4
3070	7.27656E-4
3072	0.00228
3074	0.00272
3076	0.00198
3078	8.33835E-4
3080	0.00166
3082	7.30424E-4
3084	-7.3281E-5
3086	-2.79863E-5
3088	-7.08692E-4
3090	-0.00156
3092	-0.00259
3094	-0.00238
3096	-0.00283
3098	-0.00141
3100	-7.02923E-4
3102	-7.11629E-4
3104	2.69666E-4
3106	0.00162
3108	0.00247
3110	0.00257
3112	0.00294
3114	0.00325
3116	0.00319
3118	0.0023
3120	0.00172
3122	0.00329
3124	0.00306
3126	-0.00157
3128	-0.01826
3130	-0.0429
3132	-0.07345
3134	-0.10732
3136	-0.13993
3138	-0.16739
3140	-0.19431
3142	-0.21939
3144	-0.2408
3146	-0.25892
3148	-0.27308
3150	-0.28626
3152	-0.29704
3154	-0.30509
3156	-0.30398
3158	-0.29287
3160	-0.27612
3162	-0.25478
3164	-0.23189
3166	-0.20908
3168	-0.18897
3170	-0.17114
3172	-0.15403
3174	-0.13993
3176	-0.12531
3178	-0.11428
3180	-0.10326
3182	-0.09313
3184	-0.0855
3186	-0.07913
3188	-0.07293
3190	-0.06736
3192	-0.06307
3194	-0.05919
3196	-0.05467
3198	-0.0522
3200	-0.05005
3202	-0.04753
3204	-0.04391
3206	-0.04154
3208	-0.0399
3210	-0.0383
3212	-0.0383
3214	-0.03751
3216	-0.03509
3218	-0.03327
3220	-0.03173
3222	-0.03012
3224	-0.02957
3226	-0.02875
3228	-0.02722
3230	-0.02469
3232	-0.02472
3234	-0.02381
3236	-0.02425
3238	-0.02524
3240	-0.02402
3242	-0.02217
3244	-0.02138
3246	-0.02174
3248	-0.02067
3250	-0.01978
3252	-0.0195
3254	-0.0203
3256	-0.01976
3258	-0.01795
3260	-0.017
3262	-0.01624
3264	-0.01707
3266	-0.01712
3268	-0.01607
3270	-0.01697
3272	-0.01798
3274	-0.01839
3276	-0.01807
3278	-0.01914
3280	-0.01756
3282	-0.01629
3284	-0.01586
3286	-0.0161
3288	-0.01588
3290	-0.01492
3292	-0.01355
3294	-0.01215
3296	-0.01235
3298	-0.01325
3300	-0.01306
3302	-0.01234
3304	-0.01196
3306	-0.01101
3308	-0.01219
3310	-0.01276
3312	-0.01197
3314	-0.01174
3316	-0.01158
3318	-0.01165
3320	-0.01127
3322	-0.01085
3324	-0.0117
3326	-0.01214
3328	-0.01251
3330	-0.01316
3332	-0.01249
3334	-0.01312
3336	-0.0122
3338	-0.01228
3340	-0.01134
3342	-0.01114
3344	-0.01122
3346	-0.01123
3348	-0.01102
3350	-0.01129
3352	-0.0105
3354	-0.00965
3356	-0.01002
3358	-0.01006
3360	-0.00956
3362	-0.01045
3364	-0.01039
3366	-0.01024
3368	-0.0109
3370	-0.01097
3372	-0.01158
3374	-0.01283
3376	-0.01128
3378	-0.01091
3380	-0.0111
3382	-0.01141
3384	-0.01171
3386	-0.01281
3388	-0.01265
3390	-0.01225
3392	-0.0124
3394	-0.01115
3396	-0.00939
3398	-0.00883
3400	-0.00894
3402	-0.0095
3404	-0.01042
3406	-0.00991
3408	-0.0105
3410	-0.00993
3412	-0.00948
3414	-0.009
3416	-0.00853
3418	-0.00795
3420	-0.00782
3422	-0.00727
3424	-0.00796
3426	-0.00747
3428	-0.00667
3430	-0.00726
3432	-0.00873
3434	-0.00877
3436	-0.00877
3438	-0.00976
3440	-0.0102
3442	-0.00806
3444	-0.00738
3446	-0.00717
3448	-0.00754
3450	-0.00748
3452	-0.00848
3454	-0.00883
3456	-0.00886
3458	-0.00833
3460	-0.00765
3462	-0.00855
3464	-0.0084
3466	-0.00762
3468	-0.0077
3470	-0.00819
3472	-0.00807
3474	-0.00776
3476	-0.00638
3478	-0.00574
3480	-0.00619
3482	-0.00745
3484	-0.00816
3486	-0.00704
3488	-0.00546
3490	-0.00601
3492	-0.00529
3494	-0.00596
3496	-0.00537
3498	-0.00474
3500	-0.00444
3502	-0.00565
3504	-0.00563
3506	-0.00494
3508	-0.00359
3510	-0.00485
3512	-0.00341
3514	-0.00278
3516	-0.00226
3518	-0.00309
3520	-0.00345
3522	-0.00446
3524	-0.00422
3526	-0.00328
3528	-0.00432
3530	-0.00489
3532	-0.00319
3534	-0.00329
3536	-0.00383
3538	-0.00348
3540	-0.00465
3542	-0.00509
3544	-0.00486
3546	-0.0057
3548	-0.00663
3550	-0.00558
3552	-0.00398
3554	-0.00349
3556	-0.00409
3558	-0.00431
3560	-0.00269
3562	-0.00332
3564	-0.00424
3566	-0.00546
3568	-0.00332
3570	-0.00194
3572	-0.00117
3574	-0.00204
3576	-0.00265
3578	-0.0022
3580	-0.00284
3582	-0.00368
3584	-0.00302
3586	-0.00417
3588	-0.00439
3590	-0.00297
3592	-0.00216
3594	-0.00201
3596	-0.00148
3598	-0.0028
3600	-0.00316
3602	-0.00318
3604	-0.0021
3606	-0.00175
3608	-0.0024
3610	-0.00155
3612	-0.00121
3614	-2.4444E-4
3616	7.65569E-5
3618	-1.87446E-4
3620	-8.35449E-4
3622	-0.00116
3624	-0.0023
3626	-0.00307
3628	-0.00393
3630	-0.00347
3632	-0.00327
3634	-0.00288
3636	-0.0016
3638	-2.72117E-4
3640	-6.28066E-4
3642	-9.64015E-4
3644	-9.69964E-4
3646	-6.36913E-4
3648	-2.73862E-4
3650	0.00112
3652	0.0011
3654	6.6929E-4
3656	0.001
3658	9.75392E-4
3660	4.87443E-4
3662	1.80494E-4
3664	2.81545E-4
3666	-9.9404E-5
3668	6.07647E-4
3670	0.00211
3672	0.00123
3674	3.918E-4
3676	6.96851E-4
3678	0.00127
3680	0.00161
3682	0.00137
3684	0.00125
3686	0.00193
3688	8.24156E-4
3690	0.00161
3692	0.00286
3694	0.0029
3696	0.0026
3698	0.0023
3700	0.00289
3702	0.00427
3704	0.00393
3706	0.00305
3708	0.00361
3710	0.00148
3712	0.00163
3714	0.00243
3716	0.00252
3718	0.00194
3720	0.00248
3722	0.00368
3724	0.00434
3726	6.83571E-4
3728	-0.01449
3730	-0.03764
3732	-0.06425
3734	-0.09426
3736	-0.1235
3738	-0.14984
3740	-0.17404
3742	-0.19636
3744	-0.216
3746	-0.23061
3748	-0.24424
3750	-0.25545
3752	-0.2635
3754	-0.27094
3756	-0.26986
3758	-0.26128
3760	-0.24618
3762	-0.22747
3764	-0.20573
3766	-0.18655
3768	-0.16843
3770	-0.15195
3772	-0.13688
3774	-0.12403
3776	-0.11167
3778	-0.1023
3780	-0.09426
3782	-0.08707
3784	-0.07993
3786	-0.07306
3788	-0.06616
3790	-0.06053
3792	-0.05679
3794	-0.05283
3796	-0.05018
3798	-0.0479
3800	-0.04506
3802	-0.04107
3804	-0.03879
3806	-0.03636
3808	-0.0351
3810	-0.03274
3812	-0.03055
3814	-0.02744
3816	-0.02578
3818	-0.0243
3820	-0.02358
3822	-0.02278
3824	-0.02374
3826	-0.02413
3828	-0.02226
3830	-0.02073
3832	-0.01943
3834	-0.02001
3836	-0.02087
3838	-0.01942
3840	-0.01824
3842	-0.0169
3844	-0.01568
3846	-0.01499
3848	-0.0161
3850	-0.0168
3852	-0.01778
3854	-0.0167
3856	-0.01659
3858	-0.01756
3860	-0.01699
3862	-0.01524
3864	-0.01524
3866	-0.01555
3868	-0.01575
3870	-0.01531
3872	-0.0146
3874	-0.0146
3876	-0.01474
3878	-0.01534
3880	-0.01477
3882	-0.01522
3884	-0.01635
3886	-0.01669
3888	-0.01717
3890	-0.01724
3892	-0.01558
3894	-0.01524
3896	-0.01524
3898	-0.01441
3900	-0.01256
3902	-0.0117
3904	-0.01082
3906	-0.01096
3908	-0.00963
3910	-0.00918
3912	-0.00941
3914	-0.00997
3916	-0.01009
3918	-0.00927
3920	-0.00739
3922	-0.00696
3924	-0.00883
3926	-0.00984
3928	-0.00981
3930	-0.00889
3932	-0.0085
3934	-0.00867
3936	-0.01042
3938	-0.01038
3940	-0.00853
3942	-0.00852
3944	-0.00968
3946	-0.00759
3948	-0.00719
3950	-0.00786
3952	-0.00889
3954	-0.00972
3956	-0.01106
3958	-0.01028
3960	-0.00825
3962	-0.00796
3964	-0.00807
3966	-0.00877
3968	-0.00914
3970	-0.00889
3972	-0.00883
3974	-0.00979
3976	-0.01105
3978	-0.01013
3980	-0.0094
3982	-0.00985
3984	-0.00988
3986	-0.00793
3988	-0.00983
3990	-0.01098
3992	-0.0104
3994	-0.0102
3996	-0.01113
3998	-0.01085
4000	-0.01141
4002	-0.01085
4004	-0.00988
4006	-0.00901
4008	-0.00865
4010	-0.0093
4012	-0.00879
4014	-0.00782
4016	-0.00807
4018	-0.00776
4020	-0.00756
4022	-0.00682
4024	-0.00746
4026	-0.00719
4028	-0.00675
4030	-0.00709
4032	-0.00557
4034	-0.00511
4036	-0.00424
4038	-0.00372
4040	-0.00323
4042	-0.00308
4044	-0.00528
4046	-0.00706
4048	-0.00631
4050	-0.00695
4052	-0.00617
4054	-0.00548
4056	-0.00564
4058	-0.00823
4060	-0.00827
4062	-0.00569
4064	-0.00242
4066	-0.00241
4068	-0.00241
4070	-9.18776E-4
4072	7.62733E-4
4074	0.00117
4076	8.3575E-4
4078	7.39259E-4
4080	-5.72232E-4
4082	-6.29723E-4
4084	-9.15215E-4
4086	-0.00114
4088	-0.00108
4090	-9.34688E-4
4092	-0.00108
4094	-8.50671E-4
4096	-0.00107
4098	-7.79653E-4
4100	-0.00168
4102	-0.00449
4104	-0.0049
4106	-0.00359
4108	-0.00345
4110	-0.00416
4112	-0.00438
4114	-0.0046
4116	-0.00464
4118	-0.00215
4120	-7.48056E-4
4122	-4.47548E-4
4124	-0.00131
4126	-0.00135
4128	-3.72021E-4
4130	-7.03512E-4
4132	-6.32004E-4
4134	6.11505E-4
4136	8.07014E-4
4138	2.62523E-4
4140	-9.24968E-4
4142	-0.0015
4144	-0.00165
4146	-0.00263
4148	-0.00169
4150	-0.00311
4152	-0.00337
4154	-0.00254
4156	-0.00303
4158	-0.00218
4160	-0.00106
4162	-0.00229
4164	-0.0016
4166	-3.63354E-4
4168	1.15155E-4
4170	3.48663E-4
4172	3.81172E-4
4174	-1.54319E-4
4176	-1.7081E-4
4178	7.34699E-4
4180	0.00147
4182	1.95716E-4
4184	-7.56779E-4
4186	-0.00167
4188	-0.00251
4190	-0.0015
4192	-7.8576E-4
4194	-5.87255E-4
4196	-0.00123
4198	-0.00186
4200	-0.00199
4202	-0.00221
4204	-0.0031
4206	-0.00202
4208	-9.88722E-4
4210	0.00116
4212	0.00242
4214	0.00443
4216	0.00434
4218	0.00405
4220	0.00555
4222	0.00598
4224	0.00388
4226	0.00394
4228	0.00436
4230	0.00547
4232	0.00391
4234	0.00176
4236	3.66345E-4
4238	1.0085E-4
4240	0.00172
4242	0.00292
4244	0.00223
4246	0.00133
4248	5.65374E-4
4250	1.58786E-5
4252	1.2219E-4
4254	-0.00244
4256	-0.00174
4258	-0.00184
4260	-0.00279
4262	-0.00253
4264	-0.0027
4266	-0.00327
4268	-0.00358
4270	-0.00376
4272	-0.00391
4274	-0.0042
4276	-0.0022
4278	-5.93279E-5
4280	2.42017E-4
4282	-0.00162
4284	-0.00151
4286	-1.95949E-4
4288	5.98396E-4
4290	0.00196
4292	0.00417
4294	0.00465
4296	0.00387
4298	0.00278
4300	9.07465E-4
4302	7.56809E-4
4304	1.66154E-4
4306	-5.67501E-4
4308	-0.00113
4310	-0.0017
4312	-0.00249
4314	-0.00301
4316	-0.00197
4318	-9.25432E-4
4320	-5.76088E-4
4322	-0.00132
4324	-0.00177
4326	-0.0043
4328	-0.01683
4330	-0.03729
4332	-0.06152
4334	-0.08854
4336	-0.11368
4338	-0.1372
4340	-0.15706
4342	-0.17623
4344	-0.19231
4346	-0.20602
4348	-0.21753
4350	-0.22708
4352	-0.23516
4354	-0.24024
4356	-0.24067
4358	-0.23252
4360	-0.21873
4362	-0.20211
4364	-0.18476
4366	-0.16917
4368	-0.15345
4370	-0.13841
4372	-0.12396
4374	-0.11103
4376	-0.0996
4378	-0.09036
4380	-0.08155
4382	-0.07305
4384	-0.06688
4386	-0.06127
4388	-0.05611
4390	-0.053
4392	-0.0498
4394	-0.045
4396	-0.04218
4398	-0.04084
4400	-0.03987
4402	-0.03729
4404	-0.03684
4406	-0.03448
4408	-0.03328
4410	-0.0315
4412	-0.02887
4414	-0.02818
4416	-0.02676
4418	-0.02336
4420	-0.02074
4422	-0.01852
4424	-0.01643
4426	-0.01514
4428	-0.0141
4430	-0.01365
4432	-0.01359
4434	-0.01351
4436	-0.01317
4438	-0.01226
4440	-0.0127
4442	-0.01345
4444	-0.01475
4446	-0.01499
4448	-0.01422
4450	-0.01261
4452	-0.01233
4454	-0.01185
4456	-0.01252
4458	-0.01251
4460	-0.01194
4462	-0.00974
4464	-0.01071
4466	-0.01037
4468	-0.01096
4470	-0.01126
4472	-0.01031
4474	-0.01041
4476	-0.01015
4478	-0.00905
4480	-0.00945
4482	-0.00917
4484	-0.01015
4486	-0.00952
4488	-0.00763
4490	-0.00625
4492	-0.0054
4494	-0.00551
4496	-0.00417
4498	-0.00344
4500	-0.00412
4502	-0.0046
4504	-0.00538
4506	-0.00472
4508	-0.00504
4510	-0.00387
4512	-0.00483
4514	-0.00531
4516	-0.00629
4518	-0.00627
4520	-0.00671
4522	-0.0056
4524	-0.00556
4526	-0.00589
4528	-0.00613
4530	-0.00628
4532	-0.00552
4534	-0.00489
4536	-0.00492
4538	-0.0059
4540	-0.00539
4542	-0.00334
4544	-0.00309
4546	-0.00326
4548	-0.00375
4550	-0.0047
4552	-0.00467
4554	-0.00413
4556	-0.00313
4558	-0.00372
4560	-0.00386
4562	-0.00292
4564	-0.00226
4566	-0.00305
4568	-0.00607
4570	-0.00588
4572	-0.00587
4574	-0.00496
4576	-0.00473
4578	-0.00493
4580	-0.00596
4582	-0.00704
4584	-0.00683
4586	-0.0056
4588	-0.00504
4590	-0.00461
4592	-0.0045
4594	-0.00369
4596	-0.00353
4598	-0.00441
4600	-0.00499
4602	-0.00434
4604	-0.00481
4606	-0.00511
4608	-0.00453
4610	-0.0068
4612	-0.00701
4614	-0.00611
4616	-0.00449
4618	-0.0043
4620	-0.00416
4622	-0.00479
4624	-0.00387
4626	-0.00389
4628	-0.00347
4630	-0.00333
4632	-0.00279
4634	-0.0032
4636	-0.00466
4638	-0.00451
4640	-0.0044
4642	-0.00421
4644	-0.00498
4646	-0.00504
4648	-0.00595
4650	-0.0061
4652	-0.00563
4654	-0.00557
4656	-0.00504
4658	-0.00343
4660	-0.00314
4662	-0.00254
4664	-0.00275
4666	-0.00271
4668	-0.00241
4670	-0.00228
4672	-0.00216
4674	-0.00305
4676	-0.00301
4678	-0.00284
4680	-0.00211
4682	-0.00268
4684	-0.00309
4686	-0.00327
4688	-0.00328
4690	-0.00291
4692	-0.0027
4694	-0.00219
4696	-0.00196
4698	-0.00225
4700	-0.00387
4702	-0.00446
4704	-0.00237
4706	-0.00303
4708	-0.00255
4710	-0.00149
4712	4.02968E-4
4714	0.00128
4716	-9.81301E-4
4718	-0.00159
4720	-0.00158
4722	-0.00217
4724	-9.20839E-4
4726	-0.00111
4728	-0.00181
4730	-4.66242E-4
4732	1.87624E-4
4734	0.00133
4736	-3.26645E-4
4738	-0.00114
4740	-5.84301E-4
4742	-0.00166
4744	-3.2289E-4
4746	2.48148E-5
4748	-9.3748E-4
4750	-0.00105
4752	-0.001
4754	-0.00177
4756	-0.00189
4758	-3.45954E-4
4760	9.12751E-4
4762	-4.97544E-4
4764	-6.84838E-4
4766	-0.00141
4768	-4.47428E-4
4770	-1.27227E-5
4772	-0.00135
4774	-0.00171
4776	-0.00239
4778	-0.00395
4780	-0.00334
4782	-0.0017
4784	-5.37862E-5
4786	2.30919E-4
4788	-9.95376E-4
4790	-0.00158
4792	-0.00124
4794	-0.0017
4796	-0.00261
4798	-0.00239
4800	-0.00233
4802	-0.0019
4804	-3.71734E-4
4806	-0.00102
4808	-0.00142
4810	-0.00105
4812	-4.95815E-4
4814	1.53956E-4
4816	2.86727E-4
4818	-0.00123
4820	-0.00231
4822	-0.0021
4824	-0.00236
4826	-0.00111
4828	-0.00153
4830	-0.0024
4832	-0.00239
4834	-0.0026
4836	-0.00143
4838	-2.30792E-4
4840	5.19979E-4
4842	7.57497E-5
4844	0.00188
4846	0.0027
4848	0.00345
4850	0.00425
4852	0.00271
4854	8.71375E-4
4856	2.33146E-4
4858	4.91727E-6
4860	-6.30312E-4
4862	2.77459E-4
4864	1.6923E-4
4866	1.73001E-4
4868	-5.06228E-4
4870	-6.94457E-4
4872	-5.92686E-4
4874	1.50085E-4
4876	0.00114
4878	0.00205
4880	0.00217
4882	0.00149
4884	2.83688E-4
4886	0.00105
4888	0.001
4890	-3.04031E-4
4892	-9.16605E-4
4894	-0.00142
4896	-8.37751E-4
4898	-0.00107
4900	-7.53898E-4
4902	2.11529E-4
4904	4.03956E-4
4906	6.83382E-4
4908	0.00115
4910	0.00238
4912	0.0015
4914	5.94089E-4
4916	2.85161E-5
4918	0.00153
4920	0.00243
4922	0.0024
4924	0.00143
4926	-2.33502E-5
4928	-0.00962
4930	-0.02726
4932	-0.04939
4934	-0.07207
4936	-0.09529
4938	-0.11749
4940	-0.13851
4942	-0.15379
4944	-0.16748
4946	-0.18209
4948	-0.19358
4950	-0.20361
4952	-0.21308
4954	-0.21847
4956	-0.21765
4958	-0.20965
4960	-0.19711
4962	-0.1828
4964	-0.16774
4966	-0.15073
4968	-0.13519
4970	-0.12215
4972	-0.10865
4974	-0.09697
4976	-0.08689
4978	-0.07778
4980	-0.07015
4982	-0.06334
4984	-0.05799
4986	-0.0545
4988	-0.05082
4990	-0.04859
4992	-0.04568
4994	-0.04157
4996	-0.03922
4998	-0.03765
5000	-0.03562
5002	-0.03215
5004	-0.03052
5006	-0.0297
5008	-0.02864
5010	-0.02734
5012	-0.02528
5014	-0.02536
5016	-0.02385
5018	-0.0219
5020	-0.02021
5022	-0.01649
5024	-0.0153
5026	-0.01532
5028	-0.0154
5030	-0.01485
5032	-0.01377
5034	-0.01467
5036	-0.01383
5038	-0.01255
5040	-0.01279
5042	-0.01185
5044	-0.01069
5046	-0.00984
5048	-0.00992
5050	-0.01059
5052	-0.0104
5054	-0.01087
5056	-0.00817
5058	-0.00823
5060	-0.00871
5062	-0.00883
5064	-0.00833
5066	-0.00805
5068	-0.00742
5070	-0.00696
5072	-0.00711
5074	-0.00814
5076	-0.00907
5078	-0.00862
5080	-0.00777
5082	-0.00699
5084	-0.00695
5086	-0.00545
5088	-0.00554
5090	-0.00536
5092	-0.00478
5094	-0.00511
5096	-0.00562
5098	-0.00569
5100	-0.00546
5102	-0.00491
5104	-0.00562
5106	-0.00494
5108	-0.00386
5110	-0.00415
5112	-0.00566
5114	-0.00718
5116	-0.0062
5118	-0.00657
5120	-0.00572
5122	-0.00501
5124	-0.00493
5126	-0.00477
5128	-0.00528
5130	-0.00496
5132	-0.00469
5134	-0.00594
5136	-0.00644
5138	-0.00727
5140	-0.00731
5142	-0.00659
5144	-0.00766
5146	-0.00606
5148	-0.00629
5150	-0.00685
5152	-0.00624
5154	-0.00738
5156	-0.00807
5158	-0.0056
5160	-0.00694
5162	-0.00727
5164	-0.00678
5166	-0.00476
5168	-0.00336
5170	-0.00271
5172	-0.00254
5174	-0.0027
5176	-0.00334
5178	-0.00194
5180	-0.00315
5182	-0.00214
5184	-0.00184
5186	-0.00151
5188	-4.96192E-4
5190	-2.22101E-4
5192	-6.5201E-4
5194	-0.00166
5196	-0.00118
5198	-0.0016
5200	-0.00287
5202	-0.00328
5204	-0.00184
5206	-0.00186
5208	-0.00282
5210	-0.00317
5212	-0.00309
5214	-0.0032
5216	-0.0026
5218	-0.00277
5220	-0.00165
5222	-0.00217
5224	-0.00355
5226	-0.00373
5228	-0.00278
5230	-0.00403
5232	-0.00468
5234	-0.00407
5236	-0.0034
5238	-0.00373
5240	-0.00412
5242	-0.00382
5244	-0.00151
5246	3.3262E-4
5248	0.00133
5250	0.00199
5252	0.00161
5254	9.05679E-6
5256	-0.00105
5258	-0.00186
5260	-0.00234
5262	-0.00316
5264	-0.00522
5266	-0.0052
5268	-0.00391
5270	-0.00457
5272	-0.00489
5274	-0.00381
5276	-0.00328
5278	-0.00264
5280	-0.00337
5282	-0.00282
5284	-0.00269
5286	-0.00272
5288	-6.06086E-4
5290	-5.71976E-4
5292	-3.42867E-4
5294	-8.80758E-4
5296	-0.00188
5298	-0.00202
5300	-0.00115
5302	-7.53308E-4
5304	-6.99438E-5
5306	-6.8758E-4
5308	-0.00133
5310	-0.00234
5312	-0.001
5314	1.12877E-4
5316	-0.00107
5318	-0.00136
5320	2.59969E-4
5322	7.83331E-5
5324	4.66697E-4
5326	1.16061E-4
5328	-1.71575E-4
5330	-4.7021E-4
5332	-4.36846E-4
5334	-0.00123
5336	-5.97118E-4
5338	8.9246E-5
5340	-1.0739E-4
5342	-2.25026E-4
5344	-0.0024
5346	-0.00363
5348	-0.00413
5350	-0.00327
5352	-0.00229
5354	-0.0031
5356	-0.00239
5358	-0.0037
5360	-0.00334
5362	-0.00247
5364	-0.00313
5366	-0.00317
5368	-0.00388
5370	-0.00331
5372	-0.00383
5374	-0.00315
5376	-0.00357
5378	-0.00424
5380	-0.00415
5382	-0.00268
5384	-0.00139
5386	-0.00233
5388	-0.00374
5390	-0.00311
5392	-0.0022
5394	-0.0028
5396	-0.00298
5398	-0.00196
5400	-8.18368E-4
5402	-3.70295E-4
5404	-0.0011
5406	-4.49149E-4
5408	3.91924E-4
5410	3.62997E-4
5412	3.3407E-4
5414	5.31143E-4
5416	-5.74784E-4
5418	-4.27711E-4
5420	6.81362E-4
5422	0.00206
5424	0.00138
5426	5.15581E-4
5428	1.54654E-4
5430	7.98727E-4
5432	0.00135
5434	0.00139
5436	3.42946E-4
5438	0.00128
5440	4.63564E-4
5442	0.00118
5444	0.00108
5446	0.00133
5448	2.13802E-4
5450	5.91118E-5
5452	7.54213E-5
5454	2.97308E-5
5456	4.4404E-4
5458	6.1035E-4
5460	0.00123
5462	-5.97031E-4
5464	-0.00178
5466	-1.70412E-4
5468	-6.30103E-4
5470	-0.00123
5472	-0.00183
5474	-0.00291
5476	-0.00382
5478	-0.00292
5480	-0.00129
5482	-6.78937E-4
5484	-4.73627E-4
5486	-7.15318E-4
5488	-0.0014
5490	-0.00152
5492	-0.00112
5494	-0.00243
5496	-0.00198
5498	-5.14461E-4
5500	-0.00165
5502	-0.00176
5504	-2.57532E-4
5506	-2.3062E-4
5508	-4.56693E-4
5510	-6.26765E-4
5512	4.66162E-4
5514	-3.8691E-4
5516	3.50017E-4
5518	-2.12056E-4
5520	-8.65128E-4
5522	5.49799E-4
5524	0.00185
5526	0.00114
5528	-0.00538
5530	-0.02061
5532	-0.03952
5534	-0.06103
5536	-0.08127
5538	-0.10014
5540	-0.11795
5542	-0.13363
5544	-0.14691
5546	-0.15903
5548	-0.16936
5550	-0.1757
5552	-0.18411
5554	-0.18959
5556	-0.19119
5558	-0.18585
5560	-0.17594
5562	-0.16507
5564	-0.15187
5566	-0.13692
5568	-0.12318
5570	-0.11175
5572	-0.10149
5574	-0.09304
5576	-0.08407
5578	-0.07616
5580	-0.06964
5582	-0.06446
5584	-0.05907
5586	-0.05431
5588	-0.05041
5590	-0.04642
5592	-0.04308
5594	-0.03931
5596	-0.03647
5598	-0.03404
5600	-0.03144
5602	-0.0296
5604	-0.02763
5606	-0.02771
5608	-0.02688
5610	-0.02621
5612	-0.02588
5614	-0.02577
5616	-0.0242
5618	-0.02356
5620	-0.02479
5622	-0.02318
5624	-0.02053
5626	-0.01933
5628	-0.01868
5630	-0.01747
5632	-0.01534
5634	-0.01531
5636	-0.01507
5638	-0.01437
5640	-0.01393
5642	-0.01411
5644	-0.01374
5646	-0.01193
5648	-0.01031
5650	-0.00769
5652	-0.00757
5654	-0.00705
5656	-0.00764
5658	-0.0083
5660	-0.00782
5662	-0.00851
5664	-0.00712
5666	-0.00822
5668	-0.01048
5670	-0.0112
5672	-0.00903
5674	-0.00748
5676	-0.00711
5678	-0.00697
5680	-0.00751
5682	-0.00756
5684	-0.00826
5686	-0.00841
5688	-0.00794
5690	-0.0073
5692	-0.00499
5694	-0.00465
5696	-0.00541
5698	-0.00648
5700	-0.00639
5702	-0.00609
5704	-0.00453
5706	-0.00423
5708	-0.00493
5710	-0.00643
5712	-0.00755
5714	-0.00782
5716	-0.00626
5718	-0.00711
5720	-0.00849
5722	-0.00824
5724	-0.00747
5726	-0.00834
5728	-0.00906
5730	-0.00768
5732	-0.00732
5734	-0.00706
5736	-0.00619
5738	-0.00567
5740	-0.00578
5742	-0.0055
5744	-0.00485
5746	-0.00574
5748	-0.00548
5750	-0.00495
5752	-0.00413
5754	-0.00405
5756	-0.00403
5758	-0.003
5760	-0.00118
5762	-0.0016
5764	-0.00162
5766	-0.00308
5768	-0.00298
5770	-0.00381
5772	-0.00427
5774	-0.00475
5776	-0.00401
5778	-0.00455
5780	-0.00444
5782	-0.00569
5784	-0.00526
5786	-0.0037
5788	-0.00378
5790	-0.00337
5792	-0.00364
5794	-0.00449
5796	-0.00431
5798	-0.004
5800	-0.00425
5802	-0.00327
5804	-0.00328
5806	-0.00364
5808	-0.00519
5810	-0.0049
5812	-0.00518
5814	-0.0048
5816	-0.00391
5818	-0.00527
5820	-0.00362
5822	-0.00302
5824	-0.0024
5826	-0.00232
5828	-0.00276
5830	-0.00276
5832	-0.00169
5834	-0.00202
5836	-0.00197
5838	-0.00152
5840	-0.00139
5842	-0.00224
5844	-0.00217
5846	-0.00202
5848	-0.00235
5850	-0.00185
5852	-0.00185
5854	-0.00209
5856	-0.00325
5858	-0.00396
5860	-0.00266
5862	-9.68356E-4
5864	2.04572E-4
5866	0.00129
5868	0.00233
5870	0.00208
5872	0.00118
5874	-6.48792E-4
5876	-0.0015
5878	-0.00315
5880	-0.00324
5882	-0.00127
5884	-7.79155E-4
5886	-4.82227E-4
5888	-0.00107
5890	-0.00182
5892	-0.0023
5894	-0.00262
5896	-0.00194
5898	-2.35663E-4
5900	-0.00102
5902	-0.00203
5904	-0.00285
5906	-0.00223
5908	-0.00108
5910	-5.03099E-4
5912	-0.00106
5914	-0.00129
5916	-0.00114
5918	-0.00168
5920	-0.00264
5922	-0.0028
5924	-0.00228
5926	-0.00112
5928	-9.09595E-4
5930	-6.14826E-4
5932	3.97943E-4
5934	0.00111
5936	9.41481E-4
5938	3.35251E-4
5940	-6.7898E-4
5942	-0.00162
5944	-0.00173
5946	-0.00192
5948	-0.00104
5950	-0.00126
5952	-0.00117
5954	-0.00269
5956	-0.00197
5958	-0.00159
5960	-0.00199
5962	-0.00181
5964	-0.00146
5966	-0.00123
5968	7.16787E-4
5970	5.76556E-4
5972	-0.00105
5974	-0.00214
5976	-0.00273
5978	-0.00144
5980	-2.30598E-4
5982	-2.31829E-4
5984	-9.90598E-5
5986	-7.91291E-4
5988	-0.00122
5990	3.2475E-6
5992	2.19017E-4
5994	0.00104
5996	-8.01624E-4
5998	-0.00228
6000	-0.00267
6002	-0.00228
6004	-0.00177
6006	-0.00148
6008	-7.31312E-4
6010	-0.00102
6012	-5.82541E-4
6014	-7.60656E-4
6016	6.6523E-4
6018	0.0012
6020	0.00271
6022	0.00314
6024	0.00198
6026	0.00149
6028	0.00123
6030	0.00162
6032	0.00137
6034	-0.00111
6036	-0.0025
6038	-0.00141
6040	-4.06146E-4
6042	-0.00118
6044	-0.00118
6046	-1.2349E-4
6048	-2.65605E-4
6050	-0.00195
6052	-0.00229
6054	-0.00307
6056	-0.00172
6058	5.52822E-4
6060	2.13707E-4
6062	-2.40785E-6
6064	-0.00112
6066	-0.00148
6068	-0.00109
6070	-3.17289E-4
6072	4.08761E-4
6074	0.00116
6076	2.97861E-4
6078	1.07912E-4
6080	0.00171
6082	0.00172
6084	0.00181
6086	0.00162
6088	-3.10837E-4
6090	-0.0015
6092	4.00263E-4
6094	0.00183
6096	-4.64636E-4
6098	-0.00161
6100	-0.0018
6102	-7.34856E-5
6104	0.00117
6106	0.00221
6108	0.00152
6110	0.00139
6112	-5.42344E-5
6114	-0.00193
6116	-0.00111
6118	2.41916E-4
6120	0.00208
6122	0.00214
6124	0.00109
6126	-8.48883E-4
6128	-0.00595
6130	-0.01908
6132	-0.0349
6134	-0.0518
6136	-0.06953
6138	-0.08902
6140	-0.1042
6142	-0.11799
6144	-0.13197
6146	-0.14242
6148	-0.1512
6150	-0.15867
6152	-0.16661
6154	-0.17374
6156	-0.17642
6158	-0.17159
6160	-0.16292
6162	-0.152
6164	-0.13984
6166	-0.12658
6168	-0.11431
6170	-0.10414
6172	-0.0934
6174	-0.08303
6176	-0.07573
6178	-0.06784
6180	-0.06064
6182	-0.05562
6184	-0.05194
6186	-0.04712
6188	-0.04327
6190	-0.03983
6192	-0.03674
6194	-0.03493
6196	-0.03272
6198	-0.03015
6200	-0.02829
6202	-0.02685
6204	-0.02542
6206	-0.02464
6208	-0.02224
6210	-0.01993
6212	-0.01835
6214	-0.01818
6216	-0.01791
6218	-0.01613
6220	-0.01448
6222	-0.01444
6224	-0.01243
6226	-0.0118
6228	-0.01192
6230	-0.01088
6232	-0.01176
6234	-0.01166
6236	-0.01143
6238	-0.0112
6240	-0.00991
6242	-0.0091
6244	-0.0086
6246	-0.0083
6248	-0.00968
6250	-0.0096
6252	-0.00963
6254	-0.00848
6256	-0.00692
6258	-0.00697
6260	-0.00676
6262	-0.00693
6264	-0.00757
6266	-0.00715
6268	-0.0064
6270	-0.00564
6272	-0.00532
6274	-0.0045
6276	-0.0037
6278	-0.00426
6280	-0.00464
6282	-0.00473
6284	-0.00571
6286	-0.00454
6288	-0.00448
6290	-0.00448
6292	-0.00463
6294	-0.00471
6296	-0.00489
6298	-0.00448
6300	-0.00424
6302	-0.00316
6304	-0.00363
6306	-0.00428
6308	-0.00404
6310	-0.00466
6312	-0.00494
6314	-0.00524
6316	-0.00491
6318	-0.00642
6320	-0.00729
6322	-0.00634
6324	-0.00579
6326	-0.00633
6328	-0.00631
6330	-0.00546
6332	-0.00524
6334	-0.00476
6336	-0.0051
6338	-0.00627
6340	-0.00786
6342	-0.00752
6344	-0.0063
6346	-0.00386
6348	-0.00386
6350	-0.00314
6352	-0.00254
6354	-0.00194
6356	-0.00283
6358	-0.00417
6360	-0.00502
6362	-0.00515
6364	-0.00448
6366	-0.00389
6368	-0.00412
6370	-0.00448
6372	-0.00428
6374	-0.0032
6376	-0.0031
6378	-0.00317
6380	-0.00403
6382	-0.00439
6384	-0.00333
6386	-0.00355
6388	-0.00358
6390	-0.00257
6392	-0.00154
6394	-0.0012
6396	-0.00102
6398	-0.00202
6400	-0.00263
6402	-0.00287
6404	-0.0032
6406	-0.00493
6408	-0.00315
6410	-0.00141
6412	-0.00234
6414	-0.0026
6416	-0.00266
6418	-0.00219
6420	-0.00185
6422	-0.00164
6424	-0.0019
6426	-0.00345
6428	-0.00294
6430	-0.0033
6432	-0.00343
6434	-0.00335
6436	-0.00253
6438	-0.0025
6440	-0.00209
6442	-0.00149
6444	-0.0011
6446	-0.00109
6448	5.01468E-6
6450	-9.90931E-4
6452	2.11239E-5
6454	-4.24821E-4
6456	-8.00767E-4
6458	-0.00126
6460	-0.00225
6462	-0.00206
6464	-9.28548E-4
6466	-4.17494E-4
6468	-2.10439E-4
6470	0.00101
6472	0.00131
6474	4.48725E-4
6476	-1.0922E-4
6478	-7.10166E-4
6480	8.38889E-4
6482	6.47471E-4
6484	-0.00164
6486	-0.00199
6488	-0.00292
6490	-0.00368
6492	-0.0014
6494	-0.00139
6496	-0.00301
6498	-0.00429
6500	-0.00386
6502	-0.00193
6504	-0.00255
6506	-0.00213
6508	-0.00109
6510	-0.00104
6512	-0.00153
6514	-0.00345
6516	-0.00236
6518	-0.00208
6520	-0.0028
6522	-0.00246
6524	-0.0022
6526	-0.00124
6528	-7.92016E-4
6530	-5.71907E-4
6532	-0.00101
6534	-8.09688E-4
6536	7.53421E-4
6538	5.4953E-4
6540	-0.00104
6542	-0.0014
6544	0.00132
6546	0.00426
6548	0.00309
6550	0.00289
6552	0.0034
6554	0.00216
6556	9.58514E-4
6558	0.00166
6560	0.00124
6562	-4.51586E-5
6564	4.76951E-4
6566	-7.49401E-5
6568	-9.48831E-4
6570	-0.00204
6572	-0.00137
6574	-0.0013
6576	-0.00294
6578	-0.00308
6580	-0.00136
6582	-2.10659E-5
6584	1.28043E-4
6586	1.09153E-4
6588	-7.61738E-4
6590	-0.00243
6592	-0.00212
6594	-6.6741E-4
6596	-2.77301E-4
6598	-9.11918E-5
6600	-6.75083E-4
6602	-0.00229
6604	-0.00208
6606	-0.00125
6608	-4.78645E-4
6610	2.96464E-4
6612	-5.28427E-4
6614	-0.00131
6616	-0.00145
6618	4.29901E-4
6620	0.00201
6622	0.00263
6624	0.00202
6626	7.61378E-4
6628	5.25602E-5
6630	2.13742E-4
6632	4.78925E-4
6634	5.86107E-4
6636	6.26289E-4
6638	-8.74529E-4
6640	-0.00132
6642	-0.00138
6644	-0.00126
6646	-0.00132
6648	-0.0022
6650	-4.61435E-4
6652	-7.85253E-4
6654	-0.00258
6656	-0.00155
6658	-0.00146
6660	-0.0011
6662	-3.96342E-4
6664	6.2784E-4
6666	4.87022E-4
6668	7.67205E-4
6670	3.96387E-4
6672	0.00192
6674	0.00248
6676	0.0026
6678	0.00103
6680	2.05298E-4
6682	3.5248E-4
6684	1.07662E-4
6686	6.38845E-4
6688	0.00243
6690	0.00227
6692	0.0024
6694	0.00244
6696	3.64511E-4
6698	-0.00149
6700	-0.00197
6702	-0.00135
6704	-0.00143
6706	-0.00158
6708	-7.12885E-4
6710	-0.00118
6712	-0.00182
6714	-5.57583E-4
6716	-0.00173
6718	-0.00167
6720	-0.00132
6722	-2.82847E-4
6724	3.14587E-4
6726	-1.63979E-4
6728	-0.00396
6730	-0.01449
6732	-0.02993
6734	-0.0468
6736	-0.06401
6738	-0.07991
6740	-0.09458
6742	-0.10781
6744	-0.11814
6746	-0.1268
6748	-0.13513
6750	-0.14241
6752	-0.14775
6754	-0.15163
6756	-0.15251
6758	-0.14855
6760	-0.14099
6762	-0.13025
6764	-0.1183
6766	-0.10784
6768	-0.09821
6770	-0.08869
6772	-0.08048
6774	-0.07208
6776	-0.06386
6778	-0.05824
6780	-0.05362
6782	-0.04933
6784	-0.04572
6786	-0.04325
6788	-0.03997
6790	-0.03564
6792	-0.03193
6794	-0.0295
6796	-0.0281
6798	-0.02551
6800	-0.02488
6802	-0.02328
6804	-0.02137
6806	-0.01976
6808	-0.01927
6810	-0.01806
6812	-0.01619
6814	-0.01496
6816	-0.01473
6818	-0.01461
6820	-0.01342
6822	-0.01202
6824	-0.01109
6826	-0.01235
6828	-0.01248
6830	-0.01233
6832	-0.01198
6834	-0.01043
6836	-0.01059
6838	-0.00855
6840	-0.00788
6842	-0.00795
6844	-0.00715
6846	-0.00442
6848	-0.00391
6850	-0.00554
6852	-0.00527
6854	-0.0046
6856	-0.00427
6858	-0.0061
6860	-0.00787
6862	-0.00745
6864	-0.00547
6866	-0.00533
6868	-0.00549
6870	-0.0048
6872	-0.00353
6874	-0.00345
6876	-0.00303
6878	-0.00238
6880	-0.00164
6882	-0.00183
6884	-0.00319
6886	-0.00199
6888	-0.00161
6890	-0.00198
6892	-0.00125
6894	-0.0014
6896	-0.00227
6898	-0.0021
6900	-0.00142
6902	3.82247E-4
6904	-8.53426E-4
6906	-0.0011
6908	1.73227E-4
6910	-2.21446E-4
6912	4.17881E-4
6914	0.00112
6916	7.12534E-4
6918	-4.70139E-4
6920	-0.00126
6922	-0.00256
6924	-0.00231
6926	-0.00173
6928	-0.0016
6930	-0.00153
6932	-0.00132
6934	-0.00106
6936	-0.00135
6938	-0.00196
6940	-0.00176
6942	-0.00297
6944	-0.00288
6946	-0.00164
6948	-0.00224
6950	-0.00183
6952	-0.00164
6954	-0.00314
6956	-0.00385
6958	-0.00382
6960	-0.00326
6962	-0.00356
6964	-0.00372
6966	-0.00317
6968	-0.00335
6970	-0.00226
6972	-7.05317E-4
6974	-0.00102
6976	-0.00136
6978	-0.00101
6980	-2.2901E-4
6982	-7.53684E-4
6984	-7.51357E-4
6986	-2.6103E-4
6988	4.71297E-4
6990	0.00115
6992	4.7095E-4
6994	-3.19723E-4
6996	-0.00151
6998	-0.00146
7000	-0.0014
7002	-3.43416E-4
7004	-7.6509E-4
7006	-6.65763E-4
7008	-0.00109
7010	-8.23109E-4
7012	-0.00128
7014	-1.09456E-4
7016	-3.67129E-4
7018	-0.00157
7020	-0.00137
7022	-0.00137
7024	-0.00164
7026	-0.0025
7028	-0.00164
7030	-0.00107
7032	-0.00129
7034	-0.00255
7036	-0.00198
7038	-6.90535E-4
7040	-5.06718E-4
7042	-3.75404E-4
7044	5.21911E-4
7046	1.14225E-4
7048	3.5354E-4
7050	4.52854E-4
7052	0.00125
7054	0.00261
7056	0.00217
7058	0.00147
7060	0.00112
7062	-6.11258E-4
7064	-7.92944E-4
7066	1.18371E-4
7068	-8.23315E-4
7070	-7.56E-4
7072	2.36314E-4
7074	4.77629E-4
7076	8.94333E-6
7078	-0.0014
7080	-0.0026
7082	-0.00144
7084	0.0011
7086	1.27516E-4
7088	-2.99169E-4
7090	-8.90855E-4
7092	-5.9754E-4
7094	-6.24226E-4
7096	-0.00149
7098	-0.00237
7100	-0.00152
7102	-5.38968E-4
7104	-0.00221
7106	-0.00336
7108	-0.00453
7110	-0.00348
7112	-0.00224
7114	-0.00179
7116	-0.00265
7118	-0.00176
7120	6.30374E-4
7122	0.00167
7124	0.0029
7126	0.00345
7128	0.00303
7130	0.00192
7132	0.00147
7134	7.07004E-4
7136	0.00142
7138	0.00151
7140	9.05703E-4
7142	0.00246
7144	0.00402
7146	0.00396
7148	0.00375
7150	0.00395
7152	0.00214
7154	3.92333E-4
7156	-3.79434E-4
7158	-9.88201E-4
7160	4.84032E-4
7162	1.55265E-4
7164	-3.04502E-4
7166	-4.55269E-4
7168	-8.23036E-4
7170	-5.22804E-4
7172	-0.00118
7174	-0.00197
7176	-0.0017
7178	-0.00181
7180	-0.00187
7182	-0.00194
7184	-9.84464E-4
7186	-0.00224
7188	-6.58235E-4
7190	0.0019
7192	0.00188
7194	0.00114
7196	0.00278
7198	0.00419
7200	0.00497
7202	0.00419
7204	0.00331
7206	0.00373
7208	0.00542
7210	0.00456
7212	0.00344
7214	0.0036
7216	0.00324
7218	0.00276
7220	0.00297
7222	0.00278
7224	0.00167
7226	3.85444E-4
7228	5.31058E-4
7230	-6.79327E-4
7232	-0.00134
7234	-5.79098E-4
7236	4.89517E-4
7238	7.17132E-4
7240	7.08746E-4
7242	0.00149
7244	0.00256
7246	0.00223
7248	0.00137
7250	7.89458E-4
7252	6.43552E-4
7254	-1.34354E-4
7256	-0.00157
7258	-8.34166E-4
7260	-3.33073E-4
7262	-3.69979E-4
7264	-3.83885E-4
7266	-0.00209
7268	-0.00134
7270	7.02396E-4
7272	0.00113
7274	6.69584E-4
7276	-4.96322E-4
7278	-0.0018
7280	-0.00324
7282	-0.00208
7284	-9.44947E-4
7286	-4.29853E-4
7288	0.0018
7290	0.00377
7292	0.00427
7294	0.00421
7296	0.00284
7298	0.00142
7300	5.86803E-4
7302	5.28971E-5
7304	-9.79009E-4
7306	-0.0013
7308	-0.00169
7310	-4.61728E-4
7312	-2.09634E-4
7314	-6.7854E-4
7316	-4.46446E-4
7318	6.55739E-4
7320	0.00116
7322	6.84293E-4
7324	4.85706E-5
7326	5.48848E-4
7328	-0.00259
7330	-0.01443
7332	-0.0275
7334	-0.0411
7336	-0.05551
7338	-0.06914
7340	-0.07972
7342	-0.09086
7344	-0.10194
7346	-0.10987
7348	-0.11589
7350	-0.12216
7352	-0.12761
7354	-0.13315
7356	-0.13414
7358	-0.12902
7360	-0.12223
7362	-0.11418
7364	-0.10571
7366	-0.09789
7368	-0.08829
7370	-0.07956
7372	-0.07035
7374	-0.06289
7376	-0.05716
7378	-0.05221
7380	-0.04969
7382	-0.04491
7384	-0.0393
7386	-0.03684
7388	-0.03408
7390	-0.03139
7392	-0.02772
7394	-0.02502
7396	-0.02374
7398	-0.02324
7400	-0.02245
7402	-0.02113
7404	-0.01929
7406	-0.01821
7408	-0.01623
7410	-0.01409
7412	-0.0131
7414	-0.01347
7416	-0.01229
7418	-0.01137
7420	-0.01179
7422	-0.01044
7424	-0.00889
7426	-0.00917
7428	-0.01107
7430	-0.0104
7432	-0.00895
7434	-0.00795
7436	-0.00738
7438	-0.00696
7440	-0.00672
7442	-0.00628
7444	-0.00498
7446	-0.00569
7448	-0.0047
7450	-0.00527
7452	-0.00474
7454	-0.00349
7456	-0.003
7458	-0.00321
7460	-0.0025
7462	-0.00223
7464	-0.00287
7466	-0.00275
7468	-0.00113
7470	-0.00148
7472	-0.00272
7474	-0.00309
7476	-0.0023
7478	-0.00239
7480	-0.00295
7482	-0.00383
7484	-0.00479
7486	-0.00496
7488	-0.00345
7490	-0.00219
7492	-0.0014
7494	-0.00189
7496	-0.00335
7498	-0.00249
7500	-0.00202
7502	-0.00121
7504	3.12516E-4
7506	3.84004E-4
7508	0.001
7510	2.62979E-4
7512	-0.00116
7514	7.76954E-4
7516	0.00141
7518	3.28928E-4
7520	-4.43584E-4
7522	-0.0022
7524	-0.00303
7526	-0.00259
7528	-0.00134
7530	3.48528E-5
7532	-2.7066E-4
7534	-7.26172E-4
7536	-7.81685E-4
7538	-0.00164
7540	-0.00168
7542	-0.00137
7544	-7.33735E-4
7546	4.58752E-4
7548	7.2524E-4
7550	-0.00121
7552	-9.50786E-4
7554	2.51702E-4
7556	3.86189E-4
7558	2.58677E-4
7560	-0.00115
7562	-0.00285
7564	-0.00328
7566	-0.00327
7568	-0.00153
7570	-8.81399E-4
7572	-0.00116
7574	-0.00159
7576	-0.00125
7578	-0.00113
7580	-4.96962E-4
7582	-6.75474E-4
7584	-9.28987E-4
7586	-0.00102
7588	-2.74012E-4
7590	-6.72525E-4
7592	-0.00164
7594	-0.00215
7596	-3.06338E-4
7598	0.00109
7600	-0.00102
7602	-0.00127
7604	-0.00111
7606	-0.00155
7608	-0.00153
7610	-0.00211
7612	-0.00164
7614	-0.00101
7616	-0.00305
7618	-0.0015
7620	-5.88297E-4
7622	2.74539E-4
7624	7.34376E-4
7626	3.14213E-4
7628	-6.45951E-4
7630	-3.57114E-4
7632	-2.32277E-4
7634	3.62559E-4
7636	9.50396E-4
7638	0.00223
7640	0.00171
7642	1.0906E-5
7644	-1.41257E-4
7646	-0.00108
7648	-7.05584E-4
7650	-6.50747E-4
7652	5.89089E-4
7654	-7.87074E-4
7656	-8.74237E-4
7658	4.82599E-4
7660	2.33436E-4
7662	-7.83727E-4
7664	-2.4689E-4
7666	-8.9509E-4
7668	-4.7036E-4
7670	-0.00125
7672	-0.00143
7674	-0.00186
7676	-2.34443E-4
7678	-0.00135
7680	-0.00138
7682	-7.46255E-4
7684	-0.00125
7686	-0.00173
7688	-0.00103
7690	-9.97338E-4
7692	-5.59609E-4
7694	0.00115
7696	0.00183
7698	0.00234
7700	0.00204
7702	0.00197
7704	0.00157
7706	0.00126
7708	0.00128
7710	0.00174
7712	0.00178
7714	1.20413E-4
7716	-4.77858E-4
7718	-2.55129E-4
7720	-8.06399E-4
7722	-0.00263
7724	-0.00398
7726	-0.00262
7728	-0.00207
7730	-0.00209
7732	-0.00109
7734	-6.02946E-5
7736	-0.0014
7738	-0.00173
7740	-3.92107E-4
7742	8.11622E-4
7744	-4.85648E-4
7746	-0.00153
7748	-0.00215
7750	-0.00199
7752	-0.00123
7754	-7.83002E-4
7756	-3.41273E-4
7758	-4.90543E-4
7760	-5.27814E-4
7762	-0.00117
7764	-0.00275
7766	-0.0036
7768	-0.0037
7770	-0.00243
7772	-0.00135
7774	-0.00109
7776	1.0802E-4
7778	-5.82251E-4
7780	1.30479E-4
7782	0.00163
7784	0.00317
7786	0.00141
7788	0.00183
7790	0.00192
7792	0.00148
7794	0.00145
7796	0.00152
7798	0.0017
7800	0.00294
7802	0.00257
7804	0.00279
7806	0.00282
7808	0.00175
7810	7.72898E-4
7812	3.52932E-4
7814	2.61967E-4
7816	0.001
7818	0.00167
7820	0.00287
7822	0.00291
7824	0.00295
7826	-8.66827E-4
7828	9.82073E-5
7830	7.49242E-4
7832	9.03276E-4
7834	0.00183
7836	0.00161
7838	2.13379E-4
7840	-0.001
7842	-0.00192
7844	-8.42518E-4
7846	0.00132
7848	0.00172
7850	0.00124
7852	2.3962E-4
7854	-9.73346E-4
7856	-0.0011
7858	-7.82277E-4
7860	-7.18242E-4
7862	-4.17208E-4
7864	8.87826E-4
7866	-4.06139E-4
7868	-2.01105E-4
7870	7.04929E-4
7872	9.61964E-4
7874	0.00149
7876	-2.46454E-4
7878	-0.00153
7880	-7.19154E-4
7882	-2.35504E-4
7884	-2.40854E-4
7886	-3.91204E-4
7888	0.00129
7890	0.0025
7892	0.0032
7894	0.00385
7896	0.00253
7898	6.61697E-4
7900	1.92347E-4
7902	-0.00183
7904	-0.00236
7906	-0.00223
7908	-3.53053E-4
7910	6.65974E-5
7912	-5.85753E-4
7914	-7.88102E-4
7916	-4.73452E-4
7918	-4.35802E-4
7920	-4.35152E-4
7922	9.26498E-4
7924	0.00123
7926	-0.00125
7928	-0.00478
7930	-0.01331
7932	-0.02413
7934	-0.03612
7936	-0.04922
7938	-0.06161
7940	-0.07093
7942	-0.08129
7944	-0.08892
7946	-0.09673
7948	-0.10402
7950	-0.10901
7952	-0.11292
7954	-0.11634
7956	-0.11947
7958	-0.11867
7960	-0.11298
7962	-0.10645
7964	-0.09935
7966	-0.09059
7968	-0.08127
7970	-0.0735
7972	-0.06767
7974	-0.06031
7976	-0.05421
7978	-0.04846
7980	-0.04454
7982	-0.04109
7984	-0.0368
7986	-0.03396
7988	-0.02983
7990	-0.02853
7992	-0.02683
7994	-0.02484
7996	-0.02218
7998	-0.02192
8000	-0.01999
8002	-0.01782
8004	-0.01636
8006	-0.01491
8008	-0.01371
8010	-0.01228
8012	-0.01078
8014	-0.0109
8016	-0.01133
8018	-0.01012
8020	-0.00875
8022	-0.00863
8024	-0.00826
8026	-0.00763
8028	-0.00819
8030	-0.00859
8032	-0.00623
8034	-0.00508
8036	-0.00364
8038	-0.0043
8040	-0.00502
8042	-0.00603
8044	-0.00655
8046	-0.00636
8048	-0.00632
8050	-0.00604
8052	-0.00567
8054	-0.00448
8056	-0.00441
8058	-0.00566
8060	-0.00497
8062	-0.00392
8064	-0.00386
8066	-0.00425
8068	-0.00349
8070	-0.00345
8072	-0.00469
8074	-0.00358
8076	-0.00324
8078	-0.00312
8080	-0.00402
8082	-0.00475
8084	-0.0042
8086	-0.00276
8088	-0.00162
8090	-0.00294
8092	-0.00304
8094	-0.00282
8096	-0.00226
8098	-0.00285
8100	-0.0024
8102	-0.00112
8104	-0.00136
8106	-0.00178
8108	-0.0025
8110	-0.00188
8112	-0.00185
8114	-0.00271
8116	-0.00411
8118	-0.00541
8120	-0.00527
8122	-0.00439
8124	-0.0048
8126	-0.00402
8128	-0.00324
8130	-9.44383E-4
8132	1.51308E-4
8134	-1.66001E-4
8136	3.5069E-4
8138	6.41381E-4
8140	-1.89929E-4
8142	0.0014
8144	0.00131
8146	6.04144E-4
8148	0.00141
8150	0.00131
8152	8.54217E-4
8154	-2.89005E-4
8156	-0.00181
8158	-0.00236
8160	-0.00293
8162	-0.00324
8164	-0.00373
8166	-0.00417
8168	-0.00298
8170	-0.00147
8172	-0.00103
8174	-6.3235E-4
8176	-0.00111
8178	-9.04618E-4
8180	-3.23753E-4
8182	-0.00133
8184	-4.50217E-5
8186	-2.83156E-4
8188	-8.99291E-4
8190	-0.001
8192	-0.00112
8194	-1.17694E-4
8196	4.78172E-4
8198	4.76037E-4
8200	-7.27097E-4
8202	-0.0014
8204	-8.55366E-4
8206	1.08499E-4
8208	2.36498E-6
8210	-8.43769E-4
8212	-8.00904E-4
8214	-0.00207
8216	-0.00189
8218	-2.23307E-4
8220	8.70558E-4
8222	8.02424E-4
8224	6.89035E-4
8226	9.97519E-4
8228	7.97003E-4
8230	7.95486E-4
8232	3.2497E-4
8234	5.85454E-4
8236	2.64938E-4
8238	0.0015
8240	7.50905E-4
8242	3.92389E-4
8244	-0.00114
8246	-8.95643E-4
8248	-9.70159E-4
8250	-0.00141
8252	-0.00172
8254	-0.00168
8256	-8.75224E-4
8258	-0.00135
8260	-0.00119
8262	-8.99773E-4
8264	-5.29289E-4
8266	-3.06805E-4
8268	-9.16321E-4
8270	-0.00151
8272	-0.00163
8274	-0.00218
8276	-6.52386E-4
8278	-7.92902E-4
8280	-0.0019
8282	-0.00159
8284	-3.24505E-5
8286	7.00033E-4
8288	-9.64483E-4
8290	-0.00128
8292	-2.90515E-4
8294	-1.84304E-4
8296	1.03252E-4
8298	-2.30191E-4
8300	-0.0023
8302	-0.00303
8304	-0.00269
8306	-0.0012
8308	-1.85409E-4
8310	-4.59853E-4
8312	-2.93296E-4
8314	9.9626E-4
8316	0.00115
8318	-1.89627E-4
8320	-0.00121
8322	-0.00165
8324	-0.00162
8326	-0.00203
8328	-9.26845E-4
8330	-0.0014
8332	-0.00172
8334	-0.00136
8336	-5.59619E-4
8338	-1.21063E-4
8340	0.00102
8342	0.00222
8344	0.00371
8346	0.00456
8348	0.00432
8350	0.00376
8352	0.00243
8354	9.96389E-4
8356	0.001
8358	-2.58498E-4
8360	-5.29942E-4
8362	-9.14386E-4
8364	-9.05923E-4
8366	-2.50461E-4
8368	-0.00166
8370	-0.00137
8372	-8.51074E-4
8374	-0.00171
8376	-0.00129
8378	-7.33688E-4
8380	2.21775E-4
8382	0.00177
8384	0.00236
8386	0.00181
8388	4.22623E-4
8390	-5.05914E-4
8392	3.33548E-4
8394	-6.59898E-5
8396	0.00186
8398	0.00306
8400	0.00336
8402	0.00406
8404	0.00327
8406	0.00192
8408	0.00129
8410	9.21708E-4
8412	1.51703E-5
8414	-6.78367E-4
8416	-1.09052E-5
8418	-4.01443E-4
8420	-8.96981E-4
8422	-0.00179
8424	-0.00105
8426	-9.82594E-4
8428	-0.00251
8430	-0.00213
8432	-0.00163
8434	-4.56391E-4
8436	-2.61339E-4
8438	-0.00108
8440	-6.54236E-4
8442	4.67816E-4
8444	-7.39132E-4
8446	-5.72081E-4
8448	4.28971E-4
8450	9.72023E-4
8452	1.23074E-4
8454	7.5126E-5
8456	-7.88822E-4
8458	-5.68771E-4
8460	7.52281E-4
8462	2.90333E-4
8464	6.34384E-4
8466	0.00197
8468	0.00258
8470	0.00221
8472	0.00315
8474	0.00505
8476	0.00505
8478	0.00285
8480	5.17977E-5
8482	-8.91151E-4
8484	-4.09099E-4
8486	-0.00155
8488	3.70044E-5
8490	0.00105
8492	0.00116
8494	1.87159E-4
8496	1.82111E-5
8498	9.99263E-4
8500	-5.76856E-5
8502	-9.80887E-4
8504	-9.21595E-4
8506	5.63698E-4
8508	4.4399E-4
8510	-3.75718E-4
8512	0.0015
8514	9.59867E-4
8516	6.67159E-4
8518	5.64516E-5
8520	0.00119
8522	0.00169
8524	3.83329E-4
8526	-0.00156
8528	-0.00333
8530	-0.00956
8532	-0.01981
8534	-0.03037
8536	-0.04255
8538	-0.0549
8540	-0.06388
8542	-0.07316
8544	-0.08294
8546	-0.0905
8548	-0.09527
8550	-0.10059
8552	-0.10403
8554	-0.10698
8556	-0.10774
8558	-0.10546
8560	-0.10049
8562	-0.096
8564	-0.08969
8566	-0.08094
8568	-0.07303
8570	-0.06629
8572	-0.06089
8574	-0.05701
8576	-0.05289
8578	-0.04537
8580	-0.03961
8582	-0.03627
8584	-0.03244
8586	-0.02824
8588	-0.02624
8590	-0.02538
8592	-0.02312
8594	-0.02099
8596	-0.01983
8598	-0.01859
8600	-0.01824
8602	-0.0178
8604	-0.01714
8606	-0.01571
8608	-0.01369
8610	-0.01157
8612	-0.01227
8614	-0.01189
8616	-0.01121
8618	-0.01086
8620	-0.01003
8622	-0.00938
8624	-0.00905
8626	-0.00925
8628	-0.00736
8630	-0.00639
8632	-0.00625
8634	-0.00739
8636	-0.00827
8638	-0.00876
8640	-0.00803
8642	-0.00746
8644	-0.0071
8646	-0.00573
8648	-0.00519
8650	-0.00453
8652	-0.00418
8654	-0.00595
8656	-0.00744
8658	-0.00678
8660	-0.00488
8662	-0.00458
8664	-0.00376
8666	-0.00361
8668	-0.00357
8670	-0.00425
8672	-0.00512
8674	-0.00617
8676	-0.00657
8678	-0.00468
8680	-0.00534
8682	-0.00439
8684	-0.0038
8686	-0.00582
8688	-0.00596
8690	-0.00565
8692	-0.00591
8694	-0.00611
8696	-0.00804
8698	-0.00865
8700	-0.00701
8702	-0.00423
8704	-0.00351
8706	-0.00376
8708	-0.00154
8710	-0.00199
8712	-0.00288
8714	-0.00179
8716	-1.93425E-4
8718	-2.28827E-4
8720	-0.00134
8722	-0.00129
8724	-0.00113
8726	-0.00106
8728	-0.0013
8730	-4.38241E-4
8732	2.83357E-4
8734	-7.81045E-4
8736	-0.00325
8738	-0.00469
8740	-0.00422
8742	-0.00324
8744	-0.00126
8746	-0.00124
8748	-0.00286
8750	-0.00204
8752	-0.00114
8754	0.00104
8756	0.00139
8758	0.00123
8760	0.0017
8762	0.00151
8764	0.00122
8766	9.45197E-5
8768	2.91117E-4
8770	1.87715E-4
8772	-2.54687E-4
8774	-0.00112
8776	-0.00223
8778	-0.00245
8780	-0.0031
8782	-0.00311
8784	-0.00395
8786	-0.00399
8788	-0.00386
8790	-0.00457
8792	-0.00275
8794	-0.00263
8796	-0.00301
8798	-0.00238
8800	-0.00155
8802	-9.9572E-4
8804	-0.00143
8806	-0.00278
8808	-0.00272
8810	-0.00167
8812	-8.67731E-4
8814	-3.14133E-4
8816	-1.79535E-4
8818	-0.00179
8820	-0.0032
8822	-0.0039
8824	-0.00293
8826	-0.00267
8828	-0.00182
8830	-2.43509E-5
8832	0.00179
8834	0.00207
8836	0.0013
8838	-8.49597E-5
8840	-0.00183
8842	-0.00115
8844	-8.96166E-4
8846	-2.00569E-4
8848	6.12029E-4
8850	0.00194
8852	0.00262
8854	0.00285
8856	0.00129
8858	6.06018E-4
8860	0.0016
8862	0.0018
8864	0.00161
8866	0.00113
8868	0.00113
8870	0.00215
8872	0.0023
8874	-4.06199E-4
8876	-0.0021
8878	-0.00172
8880	-3.75406E-4
8882	2.78192E-4
8884	-9.9521E-4
8886	-6.26613E-4
8888	-6.05015E-4
8890	1.41583E-4
8892	6.65181E-4
8894	-3.38222E-4
8896	-6.88624E-4
8898	-2.36026E-4
8900	-2.16428E-4
8902	3.7917E-4
8904	-1.71233E-4
8906	-3.76347E-5
8908	-0.00103
8910	-0.00245
8912	-0.00249
8914	-0.0018
8916	-7.76646E-4
8918	0.00103
8920	-2.19754E-4
8922	7.24933E-4
8924	0.00149
8926	2.43068E-5
8928	3.79994E-4
8930	6.27681E-4
8932	4.94367E-4
8934	3.88054E-4
8936	0.00126
8938	9.43428E-4
8940	-1.76885E-4
8942	4.08018E-5
8944	-9.23511E-4
8946	-0.00336
8948	-0.00495
8950	-0.00419
8952	-0.00227
8954	5.59923E-4
8956	0.00153
8958	0.00114
8960	0.00107
8962	-5.22329E-4
8964	-5.67643E-4
8966	-0.0015
8968	-0.00196
8970	-0.00352
8972	-0.00356
8974	-0.00294
8976	-0.00228
8978	-0.00204
8980	-0.00202
8982	-0.00208
8984	-5.41774E-4
8986	-0.0019
8988	-0.00259
8990	-0.00227
8992	-0.00372
8994	-0.00387
8996	-0.00312
8998	-0.00139
9000	6.37244E-4
9002	-6.79264E-6
9004	4.73171E-4
9006	0.00219
9008	0.00263
9010	0.0027
9012	0.00308
9014	0.00263
9016	0.00297
9018	0.00567
9020	0.00529
9022	0.00369
9024	0.00273
9026	0.00188
9028	8.28735E-4
9030	2.94699E-4
9032	0.00338
9034	0.0023
9036	0.00169
9038	0.00144
9040	0.00226
9042	0.00239
9044	9.36445E-4
9046	2.17409E-4
9048	-1.01628E-4
9050	2.08336E-4
9052	9.503E-4
9054	6.32634E-5
9056	-8.50773E-4
9058	-0.00138
9060	-0.00205
9062	-0.00159
9064	-7.27191E-4
9066	9.29046E-4
9068	5.52824E-5
9070	-0.00192
9072	1.90755E-4
9074	4.20992E-4
9076	-7.53772E-4
9078	1.29465E-4
9080	5.65701E-4
9082	-3.91062E-4
9084	-4.21826E-4
9086	-9.9589E-5
9088	6.03648E-4
9090	0.00122
9092	0.00115
9094	4.64357E-4
9096	-1.41406E-4
9098	6.6183E-4
9100	0.00147
9102	0.00143
9104	3.5554E-4
9106	-6.05224E-4
9108	-0.00173
9110	-1.37751E-4
9112	0.00142
9114	0.00217
9116	0.00227
9118	8.93195E-4
9120	-0.00172
9122	-0.00177
9124	-0.00121
9126	-4.23859E-4
9128	-4.77622E-4
9130	-0.0073
9132	-0.015
9134	-0.02578
9136	-0.03553
9138	-0.04389
9140	-0.0527
9142	-0.06193
9144	-0.06856
9146	-0.07341
9148	-0.07991
9150	-0.08532
9152	-0.08917
9154	-0.09114
9156	-0.09087
9158	-0.08953
9160	-0.08637
9162	-0.08098
9164	-0.07455
9166	-0.06754
9168	-0.05929
9170	-0.05357
9172	-0.04833
9174	-0.04317
9176	-0.04036
9178	-0.03802
9180	-0.0334
9182	-0.03013
9184	-0.02833
9186	-0.02671
9188	-0.02375
9190	-0.02129
9192	-0.02125
9194	-0.01959
9196	-0.01793
9198	-0.01621
9200	-0.01551
9202	-0.01429
9204	-0.01375
9206	-0.01236
9208	-0.01144
9210	-0.01227
9212	-0.00962
9214	-0.01018
9216	-0.00978
9218	-0.01006
9220	-0.00899
9222	-0.00672
9224	-0.00544
9226	-0.00484
9228	-0.00537
9230	-0.00575
9232	-0.00635
9234	-0.00497
9236	-0.00542
9238	-0.00544
9240	-0.00568
9242	-0.00559
9244	-0.00712
9246	-0.00758
9248	-0.00726
9250	-0.00529
9252	-0.00453
9254	-0.00334
9256	-0.0037
9258	-0.00375
9260	-0.0038
9262	-0.00273
9264	-0.00249
9266	-0.00176
9268	-0.00177
9270	-0.00207
9272	-0.00284
9274	-0.00169
9276	-0.00176
9278	-0.00135
9280	-9.27625E-4
9282	-0.00252
9284	-0.00298
9286	-0.00156
9288	-0.00216
9290	-0.00349
9292	-0.00234
9294	-0.0026
9296	-0.0021
9298	-0.00252
9300	-0.00214
9302	-0.0022
9304	-0.0011
9306	-0.00152
9308	-0.00287
9310	-0.00352
9312	-0.00438
9314	-0.0026
9316	-0.0026
9318	-0.00141
9320	-3.97797E-4
9322	7.52544E-4
9324	7.76885E-4
9326	-9.58773E-4
9328	-0.00157
9330	-0.0015
9332	-0.00128
9334	-0.00196
9336	-0.00156
9338	0.00101
9340	0.00127
9342	-8.17405E-4
9344	-4.77899E-5
9346	0.00203
9348	0.00158
9350	0.00227
9352	0.00161
9354	0.0021
9356	0.00328
9358	0.00223
9360	0.00154
9362	7.42742E-4
9364	-4.97643E-4
9366	0.0016
9368	0.0018
9370	0.00107
9372	-6.61847E-5
9374	-3.7357E-4
9376	4.84045E-4
9378	0.00165
9380	9.57274E-4
9382	2.09889E-4
9384	0.00131
9386	0.00171
9388	0.00173
9390	0.00234
9392	0.00242
9394	0.00159
9396	6.65191E-4
9398	6.95806E-4
9400	0.00162
9402	0.00134
9404	6.8765E-4
9406	0.00194
9408	0.0023
9410	0.00183
9412	1.41436E-4
9414	-0.00106
9416	-0.00177
9418	-0.00172
9420	-0.00115
9422	-8.26837E-4
9424	-2.92091E-4
9426	-0.00103
9428	-0.00258
9430	-0.00124
9432	2.49891E-4
9434	0.0015
9436	0.00137
9438	8.37127E-4
9440	-9.02127E-4
9442	-0.00109
9444	3.20364E-4
9446	1.68109E-4
9448	-4.29145E-4
9450	-7.064E-4
9452	1.55346E-4
9454	-0.00131
9456	-0.00261
9458	-0.00235
9460	-0.00154
9462	-0.00186
9464	-0.00217
9466	-0.00129
9468	-0.00155
9470	-0.0027
9472	-0.00281
9474	-0.0014
9476	1.35292E-4
9478	2.48779E-4
9480	7.19638E-4
9482	6.00496E-4
9484	3.35354E-4
9486	2.90213E-4
9488	-8.79929E-4
9490	-0.00236
9492	-0.00124
9494	-0.00125
9496	-0.00117
9498	-6.03637E-4
9500	6.60221E-4
9502	0.00283
9504	0.00231
9506	7.87796E-4
9508	0.00101
9510	5.56513E-4
9512	7.38371E-4
9514	-3.17702E-5
9516	0.00157
9518	0.00236
9520	0.00126
9522	7.48663E-4
9524	7.91522E-4
9526	8.538E-5
9528	-1.07762E-4
9530	0.00139
9532	7.61955E-4
9534	8.23813E-4
9536	0.00108
9538	5.3253E-4
9540	8.48389E-4
9542	0.00206
9544	0.00394
9546	0.00459
9548	0.00491
9550	0.00442
9552	0.0038
9554	0.00292
9556	0.00373
9558	0.00595
9560	0.00601
9562	0.00478
9564	0.00287
9566	0.00331
9568	0.00232
9570	0.00141
9572	0.00189
9574	0.00282
9576	9.28222E-4
9578	-0.00102
9580	-0.00133
9582	-0.00102
9584	-0.00178
9586	-0.00151
9588	5.90684E-4
9590	6.56928E-4
9592	2.24171E-4
9594	-1.73585E-4
9596	0.00137
9598	0.00271
9600	0.00225
9602	0.00127
9604	0.00122
9606	3.99877E-4
9608	7.20121E-4
9610	0.00106
9612	-8.73916E-5
9614	6.02852E-4
9616	5.71096E-4
9618	-9.27877E-5
9620	0.00139
9622	0.00118
9624	5.24562E-4
9626	1.26678E-4
9628	8.52795E-4
9630	0.00132
9632	0.00138
9634	4.38144E-4
9636	1.9926E-4
9638	0.00131
9640	0.00226
9642	0.00234
9644	0.00279
9646	0.00302
9648	0.00374
9650	0.0043
9652	0.0035
9654	0.00237
9656	0.00103
9658	0.00162
9660	9.1658E-5
9662	-4.12226E-4
9664	-6.05109E-4
9666	-8.42993E-4
9668	-0.00175
9670	-0.00166
9672	-6.19643E-4
9674	-3.45527E-4
9676	6.4659E-4
9678	0.00101
9680	-2.85177E-4
9682	-8.13061E-4
9684	-0.00181
9686	-0.00335
9688	-0.00443
9690	-0.00401
9692	-0.00435
9694	-0.00393
9696	-0.00244
9698	-0.00226
9700	-0.00315
9702	-0.00343
9704	-0.00153
9706	3.35247E-4
9708	4.17339E-4
9710	-4.3257E-4
9712	7.52108E-6
9714	0.0015
9716	0.00177
9718	0.00243
9720	0.00299
9722	0.0021
9724	0.00327
9726	0.00308
9728	-3.43749E-4
9730	-0.00538
9732	-0.01214
9734	-0.01845
9736	-0.02707
9738	-0.03571
9740	-0.04285
9742	-0.0505
9744	-0.05699
9746	-0.06218
9748	-0.06751
9750	-0.07091
9752	-0.07368
9754	-0.07612
9756	-0.07886
9758	-0.07772
9760	-0.07434
9762	-0.07046
9764	-0.06469
9766	-0.06004
9768	-0.05482
9770	-0.04917
9772	-0.04435
9774	-0.04057
9776	-0.03732
9778	-0.03453
9780	-0.03219
9782	-0.02891
9784	-0.02607
9786	-0.02483
9788	-0.02307
9790	-0.02118
9792	-0.01973
9794	-0.01816
9796	-0.01674
9798	-0.01461
9800	-0.01134
9802	-0.00878
9804	-0.00858
9806	-0.00847
9808	-0.00927
9810	-0.00899
9812	-0.00733
9814	-0.00776
9816	-0.00659
9818	-0.00608
9820	-0.00664
9822	-0.00774
9824	-0.00691
9826	-0.0044
9828	-0.00334
9830	-0.00324
9832	-0.00274
9834	-0.00222
9836	-0.0024
9838	-0.0037
9840	-0.00393
9842	-0.00394
9844	-0.00491
9846	-0.00558
9848	-0.00395
9850	-0.00305
9852	-0.00339
9854	-0.00308
9856	-0.00296
9858	-0.00385
9860	-0.0046
9862	-0.00457
9864	-0.00457
9866	-0.00383
9868	-0.00253
9870	-0.00272
9872	-0.00203
9874	-0.00178
9876	-6.21937E-4
9878	-4.93988E-4
9880	-0.00147
9882	-0.00263
9884	-0.00259
9886	-0.00214
9888	-9.25238E-4
9890	4.37117E-5
9892	-9.78338E-4
9894	-9.36389E-4
9896	3.37561E-4
9898	1.01511E-4
9900	4.07461E-4
9902	-0.00127
9904	-0.00187
9906	-0.0026
9908	-0.00104
9910	-8.6479E-4
9912	-0.00141
9914	-8.9689E-4
9916	-0.00215
9918	-0.00169
9920	-1.8604E-4
9922	5.39096E-5
9924	1.31859E-4
9926	4.30809E-4
9928	0.00136
9930	0.00191
9932	0.002
9934	0.00136
9936	7.64559E-4
9938	0.00133
9940	0.00115
9942	3.96408E-4
9944	0.00129
9946	0.00117
9948	5.82579E-5
9950	-8.47923E-5
9952	1.86158E-4
9954	3.37107E-4
9956	-3.57943E-4
9958	-0.00152
9960	-0.00292
9962	-0.00197
9964	-7.99143E-4
9966	4.48807E-4
9968	-4.59243E-4
9970	-3.26294E-4
9972	-0.00133
9974	-0.00151
9976	-0.0014
9978	-0.0028
9980	-0.00273
9982	-0.00286
9984	-0.00233
9986	-7.61695E-4
9988	-0.00158
9990	-0.00141
9992	-0.00174
9994	-0.00185
9996	-0.00209
9998	-0.00384
10000	-0.00455
10002	-0.00289
10004	9.96854E-4
10006	5.77804E-4
10008	3.74754E-4
10010	0.00141
10012	0.0015
10014	0.00128
10016	3.97553E-4
10018	8.42503E-4
10020	-6.34547E-4
10022	-0.00269
10024	-0.00243
10026	-0.00196
10028	-0.00104
10030	0.00106
10032	0.00275
10034	0.00432
10036	0.00342
10038	0.00246
10040	0.0031
10042	0.00218
10044	8.97852E-4
10046	3.68801E-4
10048	-0.00131
10050	-0.00152
10052	-0.00187
10054	-0.00271
10056	-0.00287
10058	-0.00183
10060	-0.0018
10062	-0.00183
10064	-0.00303
10066	-0.00235
10068	-0.00301
10070	-0.00409
10072	-0.00438
10074	-0.00279
10076	-0.00257
10078	-0.00247
10080	-0.00324
10082	-0.00326
10084	-0.00283
10086	-0.00213
10088	-7.76251E-4
10090	-9.54301E-4
10092	-0.00194
10094	-0.00134
10096	-7.28452E-4
10098	-0.00164
10100	-0.00171
10102	-0.00156
10104	-0.00105
10106	-3.34702E-4
10108	-0.00119
10110	-0.00298
10112	-0.00302
10114	-0.00227
10116	-0.0017
10118	-0.00188
10120	-0.00282
10122	-0.00179
10124	-0.0018
10126	-0.00177
10128	-2.07254E-4
10130	0.00148
10132	0.00102
10134	-1.95404E-4
10136	-3.90454E-4
10138	-0.00138
10140	-0.00136
10142	-8.95605E-4
10144	-0.00105
10146	-2.75705E-4
10148	8.23245E-4
10150	5.96195E-4
10152	3.31446E-5
10154	-5.54906E-4
10156	-8.74956E-4
10158	-4.98006E-4
10160	-2.32056E-4
10162	-3.25106E-4
10164	5.95844E-4
10166	7.66794E-4
10168	-4.21256E-4
10170	-5.38307E-4
10172	-1.30357E-4
10174	-0.00127
10176	-0.0024
10178	-7.73685E-4
10180	-1.60383E-4
10182	-5.40081E-4
10184	-5.82779E-4
10186	-9.34477E-4
10188	2.97825E-4
10190	-6.88725E-5
10192	-2.8457E-4
10194	-8.64268E-4
10196	-0.00129
10198	-0.00162
10200	-0.00118
10202	-0.0024
10204	-0.00167
10206	-2.17456E-4
10208	-1.31153E-4
10210	-6.38514E-5
10212	3.45074E-6
10214	7.78753E-4
10216	6.36055E-4
10218	1.57357E-4
10220	8.49659E-4
10222	1.86961E-4
10224	4.44263E-4
10226	0.00207
10228	9.54868E-4
10230	-0.00131
10232	-2.65281E-5
10234	3.99774E-4
10236	2.40076E-4
10238	-4.23622E-4
10240	8.5668E-4
10242	6.99825E-5
10244	-0.00144
10246	-0.0015
10248	-4.93305E-4
10250	0.00181
10252	0.00199
10254	0.00233
10256	0.00153
10258	0.00133
10260	-3.36758E-4
10262	-2.16333E-4
10264	0.0016
10266	2.35516E-4
10268	-0.00172
10270	-0.00227
10272	-0.00133
10274	-0.00274
10276	-0.00249
10278	-0.00241
10280	-0.00156
10282	-4.89088E-4
10284	0.00123
10286	0.00222
10288	0.00289
10290	0.00323
10292	0.00337
10294	0.0021
10296	4.01884E-4
10298	-0.00119
10300	-0.00264
10302	-0.0035
10304	-0.00291
10306	-0.00132
10308	1.74312E-5
10310	4.45856E-4
10312	2.1328E-4
10314	-8.37733E-4
10316	-2.60465E-4
10318	-7.89198E-4
10320	-0.00246
10322	-0.00336
10324	-0.00261
10326	-0.0012
10328	-0.00173
10330	-0.00685
10332	-0.01402
10334	-0.02131
10336	-0.02885
10338	-0.03682
10340	-0.04303
10342	-0.04989
10344	-0.05576
10346	-0.05834
10348	-0.06096
10350	-0.06498
10352	-0.06611
10354	-0.0662
10356	-0.06765
10358	-0.06534
10360	-0.06259
10362	-0.05853
10364	-0.05299
10366	-0.04749
10368	-0.04171
10370	-0.03747
10372	-0.03477
10374	-0.0326
10376	-0.02877
10378	-0.02476
10380	-0.02379
10382	-0.02252
10384	-0.02127
10386	-0.0193
10388	-0.01719
10390	-0.01698
10392	-0.016
10394	-0.01339
10396	-0.01181
10398	-0.01375
10400	-0.01272
10402	-0.00988
10404	-0.01007
10406	-0.01002
10408	-0.00969
10410	-0.00991
10412	-0.00974
10414	-0.00864
10416	-0.0079
10418	-0.00623
10420	-0.00654
10422	-0.00627
10424	-0.00575
10426	-0.00531
10428	-0.00449
10430	-0.00366
10432	-0.00183
10434	-7.77426E-4
10436	-7.50994E-4
10438	-0.00108
10440	-0.00218
10442	-0.00325
10444	-9.87266E-4
10446	-2.66833E-4
10448	-0.00133
10450	3.41031E-4
10452	0.00127
10454	3.32503E-4
10456	6.82544E-4
10458	-8.46416E-4
10460	-0.00233
10462	-0.00235
10464	-0.00387
10466	-0.00273
10468	-0.00318
10470	-0.0018
10472	-6.96132E-4
10474	-6.86092E-4
10476	-0.00192
10478	-0.00318
10480	-0.00213
10482	-0.00171
10484	-0.00145
10486	-0.00107
10488	-0.00284
10490	-0.00447
10492	-0.00506
10494	-0.0032
10496	-0.00239
10498	-0.0034
10500	-0.00365
10502	-0.00366
10504	-0.00351
10506	-0.00199
10508	-0.00213
10510	-0.00244
10512	-0.00341
10514	-0.0033
10516	-0.00221
10518	-0.00117
10520	0.00233
10522	0.00389
10524	0.00328
10526	0.0029
10528	0.00202
10530	0.00241
10532	0.00285
10534	0.00334
10536	0.00182
10538	0.00158
10540	8.93624E-4
10542	-3.45548E-4
10544	-0.00157
10546	-0.00209
10548	-0.00137
10550	0.00136
10552	9.88588E-4
10554	0.00185
10556	0.00211
10558	0.00289
10560	0.00151
10562	0.00209
10564	0.00309
10566	0.00115
10568	6.69207E-4
10570	0.00114
10572	0.00135
10574	0.00104
10576	0.0025
10578	0.00427
10580	0.0026
10582	0.00101
10584	9.59826E-4
10586	1.06531E-5
10588	-0.00141
10590	-0.00159
10592	-1.24865E-4
10594	-9.70038E-4
10596	-0.00213
10598	-0.00237
10600	-0.00269
10602	-0.00181
10604	-0.00134
10606	-1.42074E-4
10608	9.83754E-4
10610	6.64581E-4
10612	9.93408E-4
10614	-6.11764E-4
10616	-0.00247
10618	-7.6411E-4
10620	-0.00196
10622	-0.00216
10624	-5.58628E-4
10626	-0.00266
10628	-0.00127
10630	-0.00254
10632	-0.00277
10634	-0.00151
10636	-0.00206
10638	-0.00148
10640	-8.36009E-4
10642	-1.65182E-4
10644	-0.00159
10646	-9.94527E-4
10648	-0.00118
10650	-1.83872E-4
10652	-1.64045E-4
10654	0.00141
10656	0.00135
10658	3.19437E-4
10660	6.06264E-4
10662	0.00139
10664	8.27181E-4
10666	0.00138
10668	0.00108
10670	0.00148
10672	0.00229
10674	0.00302
10676	0.00311
10678	0.00221
10680	-9.1114E-4
10682	-0.0026
10684	-0.00262
10686	-0.00122
10688	-3.378E-4
10690	-3.47465E-4
10692	-0.00166
10694	-0.00192
10696	-0.00176
10698	-0.00134
10700	5.6521E-4
10702	-3.54455E-4
10704	-2.7012E-4
10706	4.12215E-4
10708	2.4655E-4
10710	-1.47115E-4
10712	3.7122E-4
10714	-0.00104
10716	-0.00317
10718	-0.00147
10720	-4.7944E-4
10722	-0.00141
10724	-0.00161
10726	-3.52435E-4
10728	3.379E-4
10730	7.12347E-5
10732	5.37338E-4
10734	1.75825E-4
10736	-9.75687E-4
10738	-0.00257
10740	-0.00181
10742	-0.00101
10744	1.22262E-4
10746	0.00189
10748	8.20237E-4
10750	0.00132
10752	0.00135
10754	3.057E-4
10756	-9.33813E-4
10758	-8.24326E-4
10760	0.00115
10762	0.00155
10764	0.00148
10766	0.00149
10768	0.0015
10770	0.00102
10772	3.08086E-4
10774	1.65574E-4
10776	0.00216
10778	0.00407
10780	0.0046
10782	0.00436
10784	0.00386
10786	0.00351
10788	0.00349
10790	0.00363
10792	0.00275
10794	3.69448E-4
10796	0.00183
10798	0.00348
10800	0.00238
10802	8.70906E-4
10804	3.50405E-4
10806	-0.00119
10808	2.40106E-6
10810	0.00201
10812	0.00268
10814	0.00118
10816	2.53394E-4
10818	-5.56108E-4
10820	-3.2861E-4
10822	4.89888E-4
10824	-3.97613E-4
10826	5.17885E-4
10828	0.00152
10830	5.18813E-5
10832	0.00147
10834	6.56878E-4
10836	1.05376E-4
10838	-4.99126E-4
10840	-8.27628E-4
10842	-4.6113E-4
10844	-0.00143
10846	-0.00147
10848	-0.0016
10850	-0.00173
10852	-0.00327
10854	-0.00329
10856	-0.00356
10858	-0.00292
10860	-0.00264
10862	-0.0023
10864	-0.00182
10866	-0.00227
10868	-0.00239
10870	-0.00278
10872	-0.00275
10874	-0.0039
10876	-0.00321
10878	-0.00105
10880	-7.68117E-4
10882	-9.52109E-4
10884	4.84898E-4
10886	0.00128
10888	0.00188
10890	0.00173
10892	9.15928E-4
10894	4.00936E-4
10896	8.49943E-4
10898	4.67951E-4
10900	8.52958E-4
10902	-2.35034E-4
10904	1.08973E-4
10906	5.85981E-4
10908	7.49989E-4
10910	0.00109
10912	-3.25996E-4
10914	-0.00201
10916	-4.95981E-4
10918	9.27026E-4
10920	0.00187
10922	0.00276
10924	0.00215
10926	0.00137
10928	8.84064E-4
10930	-0.00128
10932	-0.00562
10934	-0.01218
10936	-0.01945
10938	-0.02618
10940	-0.03244
10942	-0.03912
10944	-0.0445
10946	-0.04973
10948	-0.05249
10950	-0.05629
10952	-0.05865
10954	-0.06081
10956	-0.06171
10958	-0.05965
10960	-0.05597
10962	-0.0525
10964	-0.05022
10966	-0.04672
10968	-0.0412
10970	-0.0368
10972	-0.03372
10974	-0.03128
10976	-0.02802
10978	-0.02511
10980	-0.02432
10982	-0.02233
10984	-0.02224
10986	-0.02209
10988	-0.02129
10990	-0.01949
10992	-0.01481
10994	-0.01146
10996	-0.00905
10998	-0.00894
11000	-0.00862
11002	-0.00829
11004	-0.0072
11006	-0.00636
11008	-0.00712
11010	-0.00663
11012	-0.00684
11014	-0.0069
11016	-0.00771
11018	-0.00859
11020	-0.00821
11022	-0.00744
11024	-0.0079
11026	-0.00768
11028	-0.00901
11030	-0.01041
11032	-0.00816
11034	-0.00562
11036	-0.00548
11038	-0.00521
11040	-0.00477
11042	-0.00472
11044	-0.00463
11046	-0.00323
11048	-0.00315
11050	-0.00351
11052	-0.00319
11054	-0.00303
11056	-0.00121
11058	-6.0588E-4
11060	-0.00152
11062	-4.42324E-4
11064	-8.86546E-4
11066	-9.86768E-4
11068	-0.00123
11070	-0.00107
11072	-0.00209
11074	-0.00116
11076	-0.00242
11078	-0.00172
11080	-0.00129
11082	-0.00257
11084	-0.00274
11086	-0.0031
11088	-0.0045
11090	-0.00401
11092	-0.00282
11094	-0.00185
11096	-0.00186
11098	-0.00312
11100	-0.00368
11102	-0.0024
11104	-0.00228
11106	-0.00265
11108	-0.00281
11110	-0.00188
11112	-0.00182
11114	-0.00121
11116	-8.7129E-4
11118	7.71111E-4
11120	9.50512E-4
11122	-7.25087E-4
11124	-1.25686E-4
11126	0.00106
11128	9.14116E-4
11130	8.70517E-4
11132	0.00109
11134	0.00194
11136	0.00174
11138	0.00125
11140	-7.71478E-4
11142	-0.00139
11144	-0.00118
11146	-9.42275E-4
11148	-0.00178
11150	-0.00383
11152	-0.00357
11154	-0.0058
11156	-0.00604
11158	-0.00516
11160	-0.00466
11162	-0.00447
11164	-0.00431
11166	-0.00269
11168	-0.00104
11170	-0.00106
11172	-8.58979E-4
11174	-0.0013
11176	-0.00131
11178	-8.63727E-4
11180	-6.09756E-5
11182	1.06775E-4
11184	-4.37474E-4
11186	-6.93723E-4
11188	-3.13972E-4
11190	-7.59221E-4
11192	-0.00271
11194	-0.00456
11196	-0.00469
11198	-0.00376
11200	-0.00431
11202	-0.00459
11204	-0.00473
11206	-0.00237
11208	0.00104
11210	-4.25711E-4
11212	-8.1496E-4
11214	-3.46209E-4
11216	0.00108
11218	4.32293E-4
11220	-9.57956E-4
11222	-0.00233
11224	-0.00488
11226	-0.0063
11228	-0.00599
11230	-0.00505
11232	-0.0048
11234	-0.00397
11236	-0.00497
11238	-0.0042
11240	-0.0053
11242	-0.00422
11244	-0.00226
11246	-0.0019
11248	-6.20443E-4
11250	-8.39692E-4
11252	-3.70941E-4
11254	-1.9119E-4
11256	-0.00114
11258	-0.00181
11260	-0.00198
11262	-8.77186E-4
11264	-0.00146
11266	-0.00352
11268	-0.00383
11270	-0.00279
11272	-0.00107
11274	1.01319E-4
11276	-4.1193E-4
11278	-9.21179E-4
11280	5.48572E-4
11282	0.00143
11284	3.90742E-5
11286	-8.95175E-4
11288	-6.50424E-4
11290	-4.91981E-4
11292	-9.16539E-4
11294	2.10904E-4
11296	7.25346E-4
11298	7.37789E-4
11300	0.00159
11302	0.00212
11304	0.00135
11306	-4.46441E-4
11308	-6.22999E-4
11310	-0.00118
11312	-0.00109
11314	-9.08671E-4
11316	3.41771E-4
11318	0.0015
11320	0.00217
11322	0.00123
11324	5.86541E-4
11326	4.43984E-4
11328	6.68426E-4
11330	1.74869E-4
11332	-0.00178
11334	-0.00369
11336	-0.00402
11338	-0.003
11340	-0.00119
11342	-0.0014
11344	-8.97034E-4
11346	-1.75911E-5
11348	-0.00116
11350	-0.00154
11352	-0.0026
11354	-0.0014
11356	-3.23379E-4
11358	-0.00144
11360	-8.62231E-4
11362	5.57215E-5
11364	-1.42326E-4
11366	1.20627E-4
11368	7.0158E-4
11370	0.00157
11372	0.00405
11374	0.00334
11376	9.46392E-4
11378	-5.76553E-5
11380	2.61298E-4
11382	0.00156
11384	0.00239
11386	0.00303
11388	0.00157
11390	2.50062E-4
11392	-0.00191
11394	-0.003
11396	-0.00157
11398	-0.0013
11400	-0.00123
11402	-0.00131
11404	-0.00297
11406	-0.00121
11408	-8.32362E-4
11410	-0.00122
11412	-5.78456E-4
11414	-9.18503E-4
11416	-0.00172
11418	-2.34597E-4
11420	-0.00121
11422	-9.6914E-6
11424	3.51262E-4
11426	-5.27856E-5
11428	5.37789E-4
11430	3.89608E-4
11432	-1.19574E-4
11434	-6.06755E-4
11436	-0.00122
11438	-0.00165
11440	-1.793E-4
11442	0.00105
11444	0.0031
11446	0.00284
11448	0.00316
11450	0.00153
11452	4.50611E-4
11454	9.31429E-4
11456	0.00165
11458	0.00113
11460	-0.00101
11462	3.07703E-4
11464	7.35215E-5
11466	-0.0016
11468	-0.00282
11470	-0.0024
11472	-0.00241
11474	-0.00313
11476	-0.00372
11478	-0.00239
11480	-0.0015
11482	-7.75112E-4
11484	-6.29294E-4
11486	3.65525E-4
11488	8.66343E-4
11490	-3.81838E-4
11492	-4.0502E-4
11494	-8.53202E-4
11496	-0.00185
11498	-0.0016
11500	-3.62859E-4
11502	0.00129
11504	4.31294E-4
11506	5.13706E-5
11508	0.00106
11510	4.95524E-4
11512	2.776E-4
11514	-9.09323E-4
11516	-9.17247E-4
11518	7.8283E-4
11520	0.00176
11522	0.00162
11524	0.00129
11526	7.46136E-4
11528	2.52213E-4
11530	-0.00352
11532	-0.01193
11534	-0.01907
11536	-0.02465
11538	-0.03013
11540	-0.03407
11542	-0.03709
11544	-0.04039
11546	-0.04138
11548	-0.04358
11550	-0.04693
11552	-0.0488
11554	-0.05085
11556	-0.04977
11558	-0.04852
11560	-0.04673
11562	-0.04421
11564	-0.04102
11566	-0.03813
11568	-0.03591
11570	-0.03361
11572	-0.02982
11574	-0.02671
11576	-0.025
11578	-0.02538
11580	-0.02508
11582	-0.02396
11584	-0.02252
11586	-0.02119
11588	-0.02079
11590	-0.01881
11592	-0.01727
11594	-0.01623
11596	-0.01432
11598	-0.01281
11600	-0.01118
11602	-0.01077
11604	-0.01125
11606	-0.01088
11608	-0.01077
11610	-0.00949
11612	-0.00986
11614	-0.0096
11616	-0.00986
11618	-0.00906
11620	-0.00687
11622	-0.00497
11624	-0.00403
11626	-0.00237
11628	-0.00198
11630	-0.00132
11632	-0.00238
11634	-0.00421
11636	-0.004
11638	-0.00306
11640	-0.00469
11642	-0.00504
11644	-0.00403
11646	-0.00295
11648	-0.00201
11650	-0.00278
11652	-0.00321
11654	-0.00168
11656	-0.0019
11658	-0.0022
11660	-0.00238
11662	-0.00298
11664	-0.0039
11666	-0.00348
11668	-0.00294
11670	-0.00257
11672	-0.00138
11674	-1.83904E-4
11676	1.62787E-4
11678	-0.001
11680	-0.00254
11682	-0.00372
11684	-0.00402
11686	-0.00441
11688	-0.00306
11690	-0.00377
11692	-0.00356
11694	-0.00306
11696	-0.00155
11698	-0.00277
11700	-0.00455
11702	-0.00278
11704	-0.00277
11706	-0.00384
11708	-0.00423
11710	-0.00485
11712	-0.00573
11714	-0.0045
11716	-0.00429
11718	-0.00491
11720	-0.00385
11722	-0.00226
11724	-0.00298
11726	-0.0023
11728	-0.00201
11730	-0.00244
11732	-0.0031
11734	-0.00255
11736	-0.00156
11738	-0.00119
11740	-0.00275
11742	-0.00378
11744	-0.0035
11746	-0.00467
11748	-0.00456
11750	-0.00417
11752	-0.00202
11754	-0.00121
11756	-0.00167
11758	-0.00231
11760	-0.00275
11762	-0.00225
11764	-7.80436E-4
11766	-0.00147
11768	-0.00199
11770	-0.00153
11772	-0.0026
11774	-7.78054E-4
11776	-3.44099E-4
11778	-7.25754E-4
11780	6.65592E-4
11782	6.49937E-4
11784	-4.75718E-4
11786	-0.00126
11788	-0.00244
11790	-0.00214
11792	1.10664E-4
11794	3.1701E-4
11796	1.59355E-4
11798	8.50701E-4
11800	0.00171
11802	0.0016
11804	0.00103
11806	3.32082E-4
11808	-1.22572E-4
11810	8.60773E-4
11812	0.00207
11814	0.00156
11816	-1.52191E-4
11818	4.80155E-4
11820	0.00147
11822	8.57846E-4
11824	-4.05809E-4
11826	-9.54634E-5
11828	-2.11796E-6
11830	-6.56773E-4
11832	-0.00113
11834	-5.03082E-4
11836	-1.97362E-5
11838	-6.85391E-4
11840	-0.00168
11842	-0.00123
11844	-5.21354E-4
11846	-0.00104
11848	-7.54664E-4
11850	-1.24318E-4
11852	9.04027E-4
11854	-2.88627E-4
11856	-0.00102
11858	-4.31936E-4
11860	2.22409E-4
11862	-1.93246E-4
11864	-0.00174
11866	-9.11555E-4
11868	0.00102
11870	7.64136E-4
11872	1.59482E-4
11874	-2.71173E-4
11876	-0.00103
11878	2.19518E-4
11880	5.48634E-5
11882	7.04209E-4
11884	0.0022
11886	0.00397
11888	0.00465
11890	0.00152
11892	-8.29064E-4
11894	-0.00161
11896	-0.00234
11898	-8.51028E-4
11900	3.16318E-4
11902	-2.84337E-4
11904	-0.00169
11906	-0.00185
11908	-0.00191
11910	-3.48955E-4
11912	-0.00179
11914	-7.45264E-4
11916	9.42996E-4
11918	7.95171E-4
11920	-2.46548E-5
11922	-5.8948E-4
11924	-5.47305E-4
11926	-1.41131E-4
11928	-2.83956E-4
11930	5.62187E-5
11932	-0.00197
11934	-0.00153
11936	-0.00144
11938	-8.99083E-4
11940	-3.32908E-4
11942	-1.05733E-4
11944	-2.24559E-4
11946	-8.23384E-4
11948	-0.00116
11950	-7.47034E-4
11952	-0.00174
11954	-0.00245
11956	-0.0018
11958	-0.00184
11960	-7.69161E-4
11962	-0.00106
11964	-0.00357
11966	-0.0036
11968	-0.0024
11970	-5.09288E-4
11972	-6.23113E-4
11974	-0.00178
11976	-9.49764E-4
11978	4.99411E-4
11980	-8.96414E-4
11982	-0.00112
11984	-8.59065E-4
11986	-0.0018
11988	-0.00225
11990	-0.00163
11992	-0.00126
11994	-0.00142
11996	-0.00127
11998	1.53799E-4
12000	9.6907E-4
12002	0.00152
12004	8.85612E-4
12006	0.00113
12008	0.00138
12010	2.00424E-4
12012	1.10695E-4
12014	0.00137
12016	0.00221
12018	0.00119
12020	0.00119
12022	0.0023
12024	0.00335
12026	0.00451
12028	0.0046
12030	0.00343
12032	0.0026
12034	0.00165
12036	0.00148
12038	2.56216E-4
12040	-0.00164
12042	-2.75243E-4
12044	7.93028E-4
12046	5.69299E-4
12048	7.7457E-4
12050	0.00128
12052	0.00154
12054	0.00232
12056	0.002
12058	0.00161
12060	-4.64367E-4
12062	-0.00134
12064	-0.00129
12066	6.90262E-4
12068	0.00131
12070	2.36348E-4
12072	-7.16108E-4
12074	-5.10565E-4
12076	-0.00122
12078	-4.84792E-5
12080	0.00154
12082	5.16607E-4
12084	7.6715E-4
12086	0.0019
12088	0.00235
12090	0.00204
12092	0.00171
12094	0.00157
12096	0.0011
12098	6.10952E-4
12100	2.52495E-4
12102	-4.60962E-4
12104	-1.08419E-4
12106	2.20124E-4
12108	6.47667E-4
12110	7.49211E-4
12112	0.00204
12114	0.00281
12116	0.00288
12118	0.00304
12120	0.00264
12122	0.00184
12124	0.00198
