time	cp
2	4.33766
4	4.33801
6	4.33789
8	4.33755
10	4.33817
12	4.33709
14	4.3368
16	4.33706
18	4.33725
20	4.3363
22	4.33676
24	4.33564
26	4.33543
28	4.33607
30	4.33641
32	4.33655
34	4.33697
36	4.33721
38	4.33753
40	4.33843
42	4.33919
44	4.3392
46	4.33861
48	4.33864
50	4.33931
52	4.34016
54	4.33931
56	4.3399
58	4.34014
60	4.33996
62	4.34047
64	4.341
66	4.34207
68	4.34173
70	4.3411
72	4.34072
74	4.3411
76	4.34156
78	4.34033
80	4.34082
82	4.33999
84	4.3398
86	4.34007
88	4.3404
90	4.34019
92	4.34038
94	4.34047
96	4.34091
98	4.3404
100	4.33978
102	4.33985
104	4.33971
106	4.33947
108	4.339
110	4.33769
112	4.33769
114	4.33777
116	4.33921
118	4.33954
120	4.33807
122	4.33832
124	4.33887
126	4.3382
128	4.33762
130	4.34884
132	4.3826
134	4.43032
136	4.47776
138	4.50145
140	4.50528
142	4.49893
144	4.48731
146	4.47342
148	4.45895
150	4.44437
152	4.43059
154	4.41865
156	4.40846
158	4.39987
160	4.39205
162	4.38358
164	4.37853
166	4.37435
168	4.3691
170	4.36509
172	4.36281
174	4.36045
176	4.35779
178	4.35517
180	4.35456
182	4.35264
184	4.35082
186	4.35024
188	4.34932
190	4.34922
192	4.34902
194	4.34916
196	4.34905
198	4.34878
200	4.34778
202	4.34715
204	4.34642
206	4.34505
208	4.34426
210	4.34432
212	4.34445
214	4.34432
216	4.34438
218	4.34315
220	4.34245
222	4.34222
224	4.34155
226	4.34083
228	4.34085
230	4.34024
232	4.3399
234	4.34027
236	4.34027
238	4.34029
240	4.3403
242	4.34115
244	4.34124
246	4.3402
248	4.33969
250	4.3389
252	4.33952
254	4.33929
256	4.33868
258	4.33848
260	4.33798
262	4.33771
264	4.33686
266	4.33752
268	4.33662
270	4.33679
272	4.33743
274	4.33714
276	4.33729
278	4.33699
280	4.3367
282	4.33751
284	4.33805
286	4.33764
288	4.33683
290	4.33656
292	4.33633
294	4.3357
296	4.33693
298	4.33633
300	4.33626
302	4.3366
304	4.33656
306	4.33637
308	4.33599
310	4.33578
312	4.33645
314	4.33689
316	4.33653
318	4.33668
320	4.3373
322	4.33784
324	4.33833
326	4.338
328	4.33829
330	4.33882
332	4.33837
334	4.33759
336	4.33774
338	4.33832
340	4.3387
342	4.33846
344	4.33766
346	4.33697
348	4.33705
350	4.33635
352	4.33577
354	4.33535
356	4.33526
358	4.33622
360	4.33581
362	4.33601
364	4.33548
366	4.3359
368	4.33592
370	4.33439
372	4.33461
374	4.33523
376	4.33407
378	4.33344
380	4.33238
382	4.33253
384	4.33195
386	4.33118
388	4.33176
390	4.33195
392	4.33179
394	4.33173
396	4.33203
398	4.33299
400	4.33119
402	4.33115
404	4.33164
406	4.33255
408	4.33251
410	4.33287
412	4.33207
414	4.33306
416	4.33403
418	4.33291
420	4.33205
422	4.33072
424	4.33031
426	4.33115
428	4.33061
430	4.32984
432	4.33007
434	4.33019
436	4.32966
438	4.32957
440	4.33122
442	4.3324
444	4.33226
446	4.3333
448	4.33301
450	4.33274
452	4.33147
454	4.32977
456	4.33058
458	4.33089
460	4.33031
462	4.32993
464	4.32949
466	4.33023
468	4.33078
470	4.33002
472	4.32895
474	4.32871
476	4.32975
478	4.33033
480	4.33138
482	4.33262
484	4.3314
486	4.33057
488	4.32991
490	4.33071
492	4.33
494	4.32938
496	4.3291
498	4.32916
500	4.32944
502	4.32958
504	4.32973
506	4.33072
508	4.33055
510	4.33037
512	4.32954
514	4.32907
516	4.32952
518	4.32981
520	4.32977
522	4.329
524	4.32803
526	4.32977
528	4.35266
530	4.40299
532	4.46752
534	4.53802
536	4.60579
538	4.66995
540	4.7271
542	4.77994
544	4.82698
546	4.85339
548	4.84572
550	4.81435
552	4.7717
554	4.72687
556	4.68243
558	4.63983
560	4.60278
562	4.56901
564	4.53768
566	4.51036
568	4.48769
570	4.46797
572	4.45037
574	4.4356
576	4.42235
578	4.41087
580	4.40067
582	4.3924
584	4.3849
586	4.37941
588	4.37479
590	4.37045
592	4.36687
594	4.36284
596	4.35994
598	4.35874
600	4.35591
602	4.35336
604	4.35138
606	4.34931
608	4.34685
610	4.34599
612	4.34625
614	4.34528
616	4.34417
618	4.34347
620	4.3427
622	4.34138
624	4.34137
626	4.34051
628	4.33882
630	4.3383
632	4.33777
634	4.33801
636	4.33771
638	4.33761
640	4.33716
642	4.33628
644	4.33563
646	4.33523
648	4.33464
650	4.33462
652	4.33487
654	4.33437
656	4.33368
658	4.33314
660	4.33174
662	4.33197
664	4.33263
666	4.33255
668	4.3325
670	4.33235
672	4.33244
674	4.33197
676	4.33155
678	4.32992
680	4.33047
682	4.33062
684	4.33117
686	4.33073
688	4.32993
690	4.3297
692	4.32883
694	4.32855
696	4.32846
698	4.32978
700	4.32979
702	4.32948
704	4.32946
706	4.32955
708	4.32839
710	4.32753
712	4.32759
714	4.3277
716	4.32838
718	4.32892
720	4.32848
722	4.32759
724	4.32717
726	4.32701
728	4.32634
730	4.32732
732	4.32747
734	4.32691
736	4.32696
738	4.32786
740	4.32813
742	4.32828
744	4.32796
746	4.32758
748	4.32768
750	4.32752
752	4.32896
754	4.32895
756	4.32852
758	4.3278
760	4.328
762	4.32712
764	4.32625
766	4.32739
768	4.32812
770	4.32878
772	4.3292
774	4.32932
776	4.3292
778	4.32805
780	4.32754
782	4.32773
784	4.32773
786	4.32718
788	4.32693
790	4.32702
792	4.32655
794	4.32695
796	4.32669
798	4.32667
800	4.32771
802	4.32754
804	4.32662
806	4.32678
808	4.32595
810	4.32603
812	4.32611
814	4.32628
816	4.32772
818	4.32728
820	4.32797
822	4.32707
824	4.32615
826	4.32573
828	4.32563
830	4.32558
832	4.32592
834	4.32512
836	4.32596
838	4.32526
840	4.32481
842	4.32518
844	4.3264
846	4.32644
848	4.32569
850	4.32622
852	4.32703
854	4.32567
856	4.32627
858	4.3267
860	4.32644
862	4.32657
864	4.32666
866	4.32657
868	4.3258
870	4.32557
872	4.32531
874	4.32512
876	4.3259
878	4.32472
880	4.32501
882	4.32387
884	4.32294
886	4.32379
888	4.32508
890	4.32514
892	4.32479
894	4.32622
896	4.32698
898	4.32727
900	4.32599
902	4.32471
904	4.3248
906	4.32532
908	4.32592
910	4.32527
912	4.32417
914	4.32436
916	4.32612
918	4.32658
920	4.32598
922	4.32522
924	4.32469
926	4.32461
928	4.34525
930	4.39885
932	4.46718
934	4.54081
936	4.6128
938	4.68023
940	4.7405
942	4.79305
944	4.83936
946	4.87075
948	4.86445
950	4.83079
952	4.78746
954	4.7402
956	4.69339
958	4.65047
960	4.6099
962	4.57432
964	4.54357
966	4.51533
968	4.49069
970	4.47032
972	4.45216
974	4.43453
976	4.42002
978	4.40937
980	4.40046
982	4.39205
984	4.38378
986	4.37757
988	4.37254
990	4.36777
992	4.36287
994	4.3594
996	4.35672
998	4.35407
1000	4.35172
1002	4.3505
1004	4.34759
1006	4.34549
1008	4.34542
1010	4.34353
1012	4.34264
1014	4.34055
1016	4.33886
1018	4.33688
1020	4.33658
1022	4.33471
1024	4.33335
1026	4.33179
1028	4.33171
1030	4.3304
1032	4.32975
1034	4.33088
1036	4.33008
1038	4.32949
1040	4.32997
1042	4.33024
1044	4.32941
1046	4.32819
1048	4.32789
1050	4.32787
1052	4.327
1054	4.32528
1056	4.32561
1058	4.32653
1060	4.32562
1062	4.32567
1064	4.32598
1066	4.32658
1068	4.32646
1070	4.32568
1072	4.32475
1074	4.32515
1076	4.32514
1078	4.32472
1080	4.325
1082	4.32552
1084	4.32567
1086	4.32456
1088	4.32591
1090	4.32652
1092	4.32685
1094	4.3258
1096	4.32493
1098	4.3248
1100	4.32473
1102	4.32438
1104	4.32455
1106	4.32491
1108	4.32555
1110	4.325
1112	4.32428
1114	4.32306
1116	4.32318
1118	4.32389
1120	4.32406
1122	4.32364
1124	4.32284
1126	4.32295
1128	4.32311
1130	4.32368
1132	4.32394
1134	4.32403
1136	4.3237
1138	4.32365
1140	4.32306
1142	4.32302
1144	4.32289
1146	4.32279
1148	4.32306
1150	4.32331
1152	4.32271
1154	4.32175
1156	4.32083
1158	4.32024
1160	4.32048
1162	4.3198
1164	4.3206
1166	4.32196
1168	4.32253
1170	4.3231
1172	4.32245
1174	4.32231
1176	4.32284
1178	4.3236
1180	4.3242
1182	4.32312
1184	4.32078
1186	4.32218
1188	4.32192
1190	4.32186
1192	4.32317
1194	4.32302
1196	4.32221
1198	4.32277
1200	4.32245
1202	4.32094
1204	4.32029
1206	4.32229
1208	4.32264
1210	4.32192
1212	4.3226
1214	4.3223
1216	4.32154
1218	4.32151
1220	4.32268
1222	4.32242
1224	4.32181
1226	4.32029
1228	4.31971
1230	4.31981
1232	4.31935
1234	4.31936
1236	4.31891
1238	4.31971
1240	4.31941
1242	4.31973
1244	4.31912
1246	4.3187
1248	4.31903
1250	4.31994
1252	4.32083
1254	4.32091
1256	4.32054
1258	4.32087
1260	4.3202
1262	4.31942
1264	4.31894
1266	4.31979
1268	4.31967
1270	4.31981
1272	4.32022
1274	4.32075
1276	4.3216
1278	4.32243
1280	4.3227
1282	4.32066
1284	4.32019
1286	4.32101
1288	4.32027
1290	4.31984
1292	4.31868
1294	4.31925
1296	4.31929
1298	4.31945
1300	4.31914
1302	4.31886
1304	4.3187
1306	4.31991
1308	4.32018
1310	4.31979
1312	4.31999
1314	4.31953
1316	4.31942
1318	4.31953
1320	4.32056
1322	4.32077
1324	4.32021
1326	4.32023
1328	4.33963
1330	4.39084
1332	4.45805
1334	4.53097
1336	4.60251
1338	4.67031
1340	4.73041
1342	4.78546
1344	4.83321
1346	4.86627
1348	4.86242
1350	4.83233
1352	4.78934
1354	4.74189
1356	4.69542
1358	4.65088
1360	4.60993
1362	4.57232
1364	4.5399
1366	4.51065
1368	4.48513
1370	4.46338
1372	4.44497
1374	4.42973
1376	4.41626
1378	4.40356
1380	4.39249
1382	4.38298
1384	4.37699
1386	4.3703
1388	4.36477
1390	4.35988
1392	4.35603
1394	4.35304
1396	4.34924
1398	4.34744
1400	4.34615
1402	4.34394
1404	4.34263
1406	4.33969
1408	4.33716
1410	4.3363
1412	4.33531
1414	4.33517
1416	4.33354
1418	4.3318
1420	4.33073
1422	4.33043
1424	4.32966
1426	4.32903
1428	4.32835
1430	4.32843
1432	4.32766
1434	4.32739
1436	4.32639
1438	4.32477
1440	4.32419
1442	4.32506
1444	4.32495
1446	4.32551
1448	4.32506
1450	4.32342
1452	4.32288
1454	4.32257
1456	4.32249
1458	4.32106
1460	4.31993
1462	4.32123
1464	4.32198
1466	4.32039
1468	4.32095
1470	4.32181
1472	4.3211
1474	4.32105
1476	4.32042
1478	4.32089
1480	4.32047
1482	4.32053
1484	4.32067
1486	4.32085
1488	4.32018
1490	4.32009
1492	4.3195
1494	4.31945
1496	4.3202
1498	4.31986
1500	4.31958
1502	4.31895
1504	4.31941
1506	4.31924
1508	4.3193
1510	4.31923
1512	4.31805
1514	4.31754
1516	4.31724
1518	4.31817
1520	4.31851
1522	4.3188
1524	4.3178
1526	4.31847
1528	4.31859
1530	4.31741
1532	4.31641
1534	4.31688
1536	4.3166
1538	4.31778
1540	4.31729
1542	4.31602
1544	4.31661
1546	4.31751
1548	4.31745
1550	4.31742
1552	4.31836
1554	4.31783
1556	4.31718
1558	4.31647
1560	4.31675
1562	4.3162
1564	4.31648
1566	4.3163
1568	4.31668
1570	4.31656
1572	4.31604
1574	4.31617
1576	4.31611
1578	4.31648
1580	4.31594
1582	4.31592
1584	4.31621
1586	4.31484
1588	4.31656
1590	4.3167
1592	4.31715
1594	4.31705
1596	4.3163
1598	4.31556
1600	4.31517
1602	4.31493
1604	4.3139
1606	4.314
1608	4.31453
1610	4.31429
1612	4.31385
1614	4.31403
1616	4.31566
1618	4.31562
1620	4.31531
1622	4.31423
1624	4.31444
1626	4.31571
1628	4.31542
1630	4.3153
1632	4.3146
1634	4.31568
1636	4.31573
1638	4.31645
1640	4.31592
1642	4.31482
1644	4.31455
1646	4.31403
1648	4.31377
1650	4.31512
1652	4.31568
1654	4.31697
1656	4.31639
1658	4.31558
1660	4.31563
1662	4.31551
1664	4.31428
1666	4.31468
1668	4.31454
1670	4.31413
1672	4.31367
1674	4.31409
1676	4.31364
1678	4.31348
1680	4.31447
1682	4.31431
1684	4.31387
1686	4.31337
1688	4.31335
1690	4.3134
1692	4.31373
1694	4.31406
1696	4.3139
1698	4.31406
1700	4.31405
1702	4.31517
1704	4.31455
1706	4.31428
1708	4.31381
1710	4.31381
1712	4.31437
1714	4.31384
1716	4.31338
1718	4.31279
1720	4.31303
1722	4.31438
1724	4.3147
1726	4.31508
1728	4.33229
1730	4.38238
1732	4.44972
1734	4.52316
1736	4.59487
1738	4.66132
1740	4.72184
1742	4.77563
1744	4.82372
1746	4.85785
1748	4.85623
1750	4.82639
1752	4.78343
1754	4.73782
1756	4.691
1758	4.64573
1760	4.6052
1762	4.56755
1764	4.53507
1766	4.50538
1768	4.48073
1770	4.4583
1772	4.43953
1774	4.42344
1776	4.40889
1778	4.39837
1780	4.38814
1782	4.37864
1784	4.37238
1786	4.36563
1788	4.35947
1790	4.35542
1792	4.35083
1794	4.3472
1796	4.34351
1798	4.34109
1800	4.33897
1802	4.3372
1804	4.33586
1806	4.33399
1808	4.33242
1810	4.33048
1812	4.32847
1814	4.32637
1816	4.32518
1818	4.32419
1820	4.3239
1822	4.32437
1824	4.32187
1826	4.32064
1828	4.31964
1830	4.31919
1832	4.318
1834	4.31841
1836	4.31894
1838	4.31732
1840	4.31748
1842	4.31611
1844	4.31561
1846	4.31682
1848	4.31619
1850	4.3161
1852	4.31642
1854	4.31547
1856	4.3136
1858	4.3143
1860	4.3143
1862	4.31494
1864	4.31549
1866	4.31504
1868	4.31499
1870	4.31344
1872	4.31189
1874	4.31167
1876	4.31109
1878	4.31138
1880	4.31132
1882	4.31165
1884	4.31269
1886	4.31363
1888	4.31359
1890	4.31316
1892	4.31307
1894	4.31414
1896	4.31417
1898	4.31445
1900	4.31384
1902	4.31171
1904	4.31058
1906	4.31015
1908	4.31116
1910	4.31125
1912	4.30993
1914	4.3109
1916	4.31084
1918	4.3099
1920	4.30993
1922	4.31044
1924	4.31086
1926	4.30999
1928	4.30951
1930	4.30949
1932	4.31036
1934	4.31084
1936	4.31131
1938	4.31133
1940	4.31037
1942	4.31016
1944	4.30897
1946	4.30828
1948	4.30971
1950	4.3094
1952	4.30968
1954	4.3098
1956	4.30885
1958	4.30928
1960	4.31029
1962	4.31026
1964	4.30951
1966	4.30939
1968	4.30802
1970	4.30908
1972	4.30987
1974	4.31069
1976	4.31065
1978	4.31032
1980	4.30959
1982	4.30907
1984	4.30908
1986	4.30764
1988	4.3072
1990	4.30813
1992	4.30905
1994	4.30922
1996	4.30936
1998	4.30957
2000	4.30945
2002	4.30842
2004	4.3086
2006	4.30997
2008	4.3102
2010	4.31022
2012	4.30831
2014	4.30763
2016	4.30787
2018	4.30726
2020	4.30759
2022	4.30688
2024	4.30561
2026	4.30651
2028	4.30618
2030	4.30697
2032	4.30775
2034	4.30737
2036	4.30737
2038	4.30739
2040	4.30863
2042	4.30874
2044	4.30792
2046	4.30835
2048	4.30858
2050	4.30752
2052	4.30692
2054	4.30704
2056	4.30697
2058	4.30722
2060	4.30845
2062	4.30874
2064	4.30835
2066	4.30839
2068	4.30768
2070	4.308
2072	4.30718
2074	4.30644
2076	4.30667
2078	4.30585
2080	4.30662
2082	4.30645
2084	4.30699
2086	4.30687
2088	4.3061
2090	4.30576
2092	4.30498
2094	4.30504
2096	4.30587
2098	4.30697
2100	4.30609
2102	4.30631
2104	4.30612
2106	4.30599
2108	4.30617
2110	4.30634
2112	4.30595
2114	4.30596
2116	4.30561
2118	4.30542
2120	4.30609
2122	4.30642
2124	4.30681
2126	4.30804
2128	4.32299
2130	4.37005
2132	4.43662
2134	4.50908
2136	4.57986
2138	4.64649
2140	4.70728
2142	4.76248
2144	4.8103
2146	4.84571
2148	4.84646
2150	4.81897
2152	4.77953
2154	4.73313
2156	4.68574
2158	4.64054
2160	4.59957
2162	4.56197
2164	4.52761
2166	4.49828
2168	4.4733
2170	4.45183
2172	4.43264
2174	4.41725
2176	4.40439
2178	4.39018
2180	4.37962
2182	4.37212
2184	4.36394
2186	4.35662
2188	4.35174
2190	4.3475
2192	4.34338
2194	4.3396
2196	4.3357
2198	4.33352
2200	4.33345
2202	4.33144
2204	4.33026
2206	4.33004
2208	4.32847
2210	4.32665
2212	4.32514
2214	4.32369
2216	4.32356
2218	4.32271
2220	4.32025
2222	4.32107
2224	4.32058
2226	4.31914
2228	4.31735
2230	4.31577
2232	4.31516
2234	4.31478
2236	4.31185
2238	4.30991
2240	4.30993
2242	4.30921
2244	4.3079
2246	4.30898
2248	4.30863
2250	4.30836
2252	4.30891
2254	4.30922
2256	4.30956
2258	4.30878
2260	4.30768
2262	4.30842
2264	4.30779
2266	4.30672
2268	4.30711
2270	4.30687
2272	4.30587
2274	4.30543
2276	4.30487
2278	4.30534
2280	4.30478
2282	4.30461
2284	4.30523
2286	4.30503
2288	4.3052
2290	4.30483
2292	4.30403
2294	4.3034
2296	4.30398
2298	4.30386
2300	4.30343
2302	4.30385
2304	4.30455
2306	4.30395
2308	4.30339
2310	4.30377
2312	4.30424
2314	4.30365
2316	4.30315
2318	4.30351
2320	4.30423
2322	4.30369
2324	4.30401
2326	4.30391
2328	4.30285
2330	4.3026
2332	4.3026
2334	4.30287
2336	4.3025
2338	4.30143
2340	4.3009
2342	4.30114
2344	4.30216
2346	4.30229
2348	4.30324
2350	4.30296
2352	4.30234
2354	4.3023
2356	4.30262
2358	4.30263
2360	4.30245
2362	4.30391
2364	4.30424
2366	4.30222
2368	4.30269
2370	4.30347
2372	4.3029
2374	4.30271
2376	4.30255
2378	4.30083
2380	4.30067
2382	4.30034
2384	4.29911
2386	4.2989
2388	4.29862
2390	4.29829
2392	4.299
2394	4.29901
2396	4.29978
2398	4.30016
2400	4.30032
2402	4.30012
2404	4.3007
2406	4.30066
2408	4.30032
2410	4.30056
2412	4.3001
2414	4.30143
2416	4.30077
2418	4.30123
2420	4.30138
2422	4.30151
2424	4.3013
2426	4.30106
2428	4.29988
2430	4.2999
2432	4.29816
2434	4.29867
2436	4.2987
2438	4.298
2440	4.29711
2442	4.29721
2444	4.29913
2446	4.29958
2448	4.29956
2450	4.29999
2452	4.29886
2454	4.29852
2456	4.29889
2458	4.29811
2460	4.29836
2462	4.29904
2464	4.29836
2466	4.29855
2468	4.2975
2470	4.29719
2472	4.2953
2474	4.296
2476	4.29598
2478	4.29599
2480	4.29703
2482	4.29669
2484	4.29702
2486	4.29664
2488	4.29551
2490	4.29437
2492	4.2954
2494	4.29578
2496	4.29585
2498	4.29708
2500	4.29724
2502	4.29633
2504	4.29602
2506	4.2962
2508	4.29666
2510	4.29753
2512	4.29649
2514	4.2951
2516	4.29596
2518	4.2969
2520	4.29798
2522	4.29813
2524	4.29712
2526	4.29648
2528	4.31081
2530	4.35843
2532	4.42371
2534	4.49869
2536	4.57062
2538	4.63821
2540	4.69942
2542	4.75398
2544	4.80166
2546	4.83777
2548	4.83965
2550	4.81316
2552	4.77133
2554	4.7247
2556	4.67847
2558	4.63182
2560	4.58976
2562	4.55238
2564	4.51839
2566	4.49074
2568	4.46566
2570	4.4432
2572	4.4244
2574	4.40893
2576	4.3945
2578	4.38264
2580	4.37226
2582	4.3626
2584	4.35475
2586	4.34873
2588	4.34442
2590	4.34019
2592	4.33623
2594	4.3313
2596	4.32697
2598	4.32426
2600	4.32263
2602	4.31865
2604	4.31738
2606	4.31682
2608	4.31463
2610	4.31303
2612	4.31218
2614	4.31169
2616	4.31034
2618	4.30878
2620	4.30766
2622	4.30639
2624	4.30494
2626	4.30534
2628	4.30414
2630	4.30296
2632	4.30212
2634	4.30117
2636	4.30059
2638	4.30011
2640	4.30056
2642	4.29946
2644	4.29848
2646	4.298
2648	4.29766
2650	4.29761
2652	4.2975
2654	4.29786
2656	4.29858
2658	4.29862
2660	4.29718
2662	4.295
2664	4.29534
2666	4.29642
2668	4.29662
2670	4.29832
2672	4.299
2674	4.29716
2676	4.29588
2678	4.29413
2680	4.2941
2682	4.29406
2684	4.2933
2686	4.29431
2688	4.29513
2690	4.29439
2692	4.2947
2694	4.29475
2696	4.29525
2698	4.29476
2700	4.29421
2702	4.29302
2704	4.29335
2706	4.29367
2708	4.29388
2710	4.29388
2712	4.29334
2714	4.29279
2716	4.29364
2718	4.29345
2720	4.29398
2722	4.29448
2724	4.29363
2726	4.29305
2728	4.29106
2730	4.29188
2732	4.29362
2734	4.29194
2736	4.29172
2738	4.29225
2740	4.29123
2742	4.29108
2744	4.292
2746	4.29218
2748	4.29166
2750	4.29113
2752	4.29136
2754	4.29062
2756	4.2906
2758	4.29112
2760	4.29021
2762	4.29132
2764	4.29142
2766	4.29082
2768	4.29058
2770	4.29021
2772	4.29125
2774	4.29132
2776	4.29055
2778	4.29094
2780	4.28996
2782	4.29032
2784	4.29096
2786	4.29035
2788	4.29018
2790	4.29013
2792	4.28994
2794	4.29064
2796	4.29099
2798	4.28998
2800	4.28901
2802	4.28911
2804	4.2881
2806	4.28854
2808	4.28959
2810	4.29023
2812	4.29005
2814	4.28983
2816	4.29117
2818	4.29096
2820	4.29109
2822	4.28963
2824	4.28873
2826	4.29005
2828	4.28976
2830	4.28862
2832	4.28976
2834	4.28945
2836	4.29028
2838	4.29052
2840	4.29
2842	4.28917
2844	4.2899
2846	4.29012
2848	4.28956
2850	4.2892
2852	4.28888
2854	4.28852
2856	4.28874
2858	4.28918
2860	4.28941
2862	4.28998
2864	4.28867
2866	4.28828
2868	4.28789
2870	4.28718
2872	4.28721
2874	4.28736
2876	4.28833
2878	4.28794
2880	4.28835
2882	4.28749
2884	4.28789
2886	4.2881
2888	4.28772
2890	4.28784
2892	4.28788
2894	4.28928
2896	4.28874
2898	4.2888
2900	4.28947
2902	4.28744
2904	4.28759
2906	4.28915
2908	4.2886
2910	4.2883
2912	4.28758
2914	4.28685
2916	4.28658
2918	4.28741
2920	4.28731
2922	4.2858
2924	4.28571
2926	4.28634
2928	4.29965
2930	4.34425
2932	4.40916
2934	4.48283
2936	4.55496
2938	4.62152
2940	4.68279
2942	4.73901
2944	4.78888
2946	4.82602
2948	4.82995
2950	4.80333
2952	4.76149
2954	4.71418
2956	4.66937
2958	4.62333
2960	4.58036
2962	4.54357
2964	4.50983
2966	4.48126
2968	4.45647
2970	4.43474
2972	4.41543
2974	4.39804
2976	4.38426
2978	4.37345
2980	4.36277
2982	4.35301
2984	4.34581
2986	4.33879
2988	4.33431
2990	4.33087
2992	4.32677
2994	4.32216
2996	4.31765
2998	4.31503
3000	4.31287
3002	4.31064
3004	4.30774
3006	4.3054
3008	4.30472
3010	4.30343
3012	4.30022
3014	4.29948
3016	4.29986
3018	4.29795
3020	4.29671
3022	4.29536
3024	4.29474
3026	4.29385
3028	4.29308
3030	4.29188
3032	4.29137
3034	4.29116
3036	4.29147
3038	4.29077
3040	4.28937
3042	4.2885
3044	4.28779
3046	4.28762
3048	4.28733
3050	4.28655
3052	4.28617
3054	4.28676
3056	4.28746
3058	4.2879
3060	4.28919
3062	4.28919
3064	4.28808
3066	4.28681
3068	4.28584
3070	4.2855
3072	4.28511
3074	4.28561
3076	4.28662
3078	4.28661
3080	4.28599
3082	4.28444
3084	4.28365
3086	4.28505
3088	4.28478
3090	4.28514
3092	4.28618
3094	4.28609
3096	4.28544
3098	4.28577
3100	4.28663
3102	4.28701
3104	4.28588
3106	4.28493
3108	4.2843
3110	4.28408
3112	4.28488
3114	4.28376
3116	4.28329
3118	4.28296
3120	4.28331
3122	4.28249
3124	4.28289
3126	4.28236
3128	4.2816
3130	4.28153
3132	4.28038
3134	4.28169
3136	4.28208
3138	4.28099
3140	4.28085
3142	4.28041
3144	4.28042
3146	4.2828
3148	4.28257
3150	4.28058
3152	4.28177
3154	4.28186
3156	4.28107
3158	4.28123
3160	4.28087
3162	4.28119
3164	4.28129
3166	4.28052
3168	4.27973
3170	4.28132
3172	4.28063
3174	4.27977
3176	4.28042
3178	4.28075
3180	4.28019
3182	4.2806
3184	4.28077
3186	4.28095
3188	4.28004
3190	4.27982
3192	4.27984
3194	4.28044
3196	4.27948
3198	4.27866
3200	4.27783
3202	4.27713
3204	4.27755
3206	4.27739
3208	4.2775
3210	4.27822
3212	4.27736
3214	4.27731
3216	4.27846
3218	4.27785
3220	4.27899
3222	4.28019
3224	4.27896
3226	4.28021
3228	4.28097
3230	4.27999
3232	4.27961
3234	4.27976
3236	4.27885
3238	4.27831
3240	4.27816
3242	4.27772
3244	4.27762
3246	4.27809
3248	4.27802
3250	4.27811
3252	4.27855
3254	4.27863
3256	4.27985
3258	4.27901
3260	4.27772
3262	4.27818
3264	4.27846
3266	4.27815
3268	4.27982
3270	4.28003
3272	4.27819
3274	4.27813
3276	4.27725
3278	4.27726
3280	4.27761
3282	4.27736
3284	4.27702
3286	4.27698
3288	4.27529
3290	4.27552
3292	4.27623
3294	4.27559
3296	4.27668
3298	4.27586
3300	4.27574
3302	4.27662
3304	4.27572
3306	4.27441
3308	4.27444
3310	4.27393
3312	4.27448
3314	4.27494
3316	4.2751
3318	4.27502
3320	4.27539
3322	4.27647
3324	4.27727
3326	4.27647
3328	4.28716
3330	4.3291
3332	4.39279
3334	4.46515
3336	4.53763
3338	4.60694
3340	4.66996
3342	4.72595
3344	4.77575
3346	4.81479
3348	4.82208
3350	4.79872
3352	4.75999
3354	4.71364
3356	4.66544
3358	4.61969
3360	4.57657
3362	4.53774
3364	4.50401
3366	4.47317
3368	4.44807
3370	4.42655
3372	4.40605
3374	4.38894
3376	4.37444
3378	4.36091
3380	4.35022
3382	4.34078
3384	4.33275
3386	4.32572
3388	4.31971
3390	4.31527
3392	4.31159
3394	4.30911
3396	4.30591
3398	4.30384
3400	4.30152
3402	4.29838
3404	4.29762
3406	4.29615
3408	4.29266
3410	4.29
3412	4.29003
3414	4.28958
3416	4.28792
3418	4.28651
3420	4.28472
3422	4.28239
3424	4.28089
3426	4.2819
3428	4.28134
3430	4.27931
3432	4.27886
3434	4.27974
3436	4.27899
3438	4.27897
3440	4.27801
3442	4.27762
3444	4.27634
3446	4.27591
3448	4.27551
3450	4.27443
3452	4.27485
3454	4.27509
3456	4.27375
3458	4.27215
3460	4.27305
3462	4.27417
3464	4.27303
3466	4.27226
3468	4.27393
3470	4.27493
3472	4.27367
3474	4.27208
3476	4.27154
3478	4.27113
3480	4.27077
3482	4.27152
3484	4.27188
3486	4.27128
3488	4.27165
3490	4.27116
3492	4.27061
3494	4.27022
3496	4.27103
3498	4.27092
3500	4.27144
3502	4.27013
3504	4.27003
3506	4.27153
3508	4.27145
3510	4.27155
3512	4.27103
3514	4.26998
3516	4.26969
3518	4.26951
3520	4.2697
3522	4.26914
3524	4.26825
3526	4.26894
3528	4.26964
3530	4.26842
3532	4.26986
3534	4.27008
3536	4.26977
3538	4.27093
3540	4.27095
3542	4.2705
3544	4.26888
3546	4.26843
3548	4.26764
3550	4.26805
3552	4.2693
3554	4.26922
3556	4.26798
3558	4.26718
3560	4.26706
3562	4.26717
3564	4.26729
3566	4.26678
3568	4.26713
3570	4.26733
3572	4.26744
3574	4.26682
3576	4.26721
3578	4.26749
3580	4.26699
3582	4.26754
3584	4.26744
3586	4.267
3588	4.26602
3590	4.26583
3592	4.26719
3594	4.26704
3596	4.26703
3598	4.26665
3600	4.26626
3602	4.26643
3604	4.26625
3606	4.26598
3608	4.26607
3610	4.26625
3612	4.26607
3614	4.26485
3616	4.26424
3618	4.26491
3620	4.26485
3622	4.26434
3624	4.26539
3626	4.26542
3628	4.26472
3630	4.26354
3632	4.26549
3634	4.2664
3636	4.265
3638	4.26484
3640	4.26412
3642	4.26262
3644	4.26382
3646	4.26563
3648	4.26639
3650	4.26592
3652	4.26401
3654	4.26485
3656	4.26461
3658	4.26329
3660	4.26328
3662	4.26363
3664	4.26308
3666	4.26285
3668	4.26275
3670	4.26245
3672	4.26289
3674	4.26245
3676	4.26259
3678	4.26435
3680	4.26602
3682	4.26483
3684	4.26367
3686	4.26301
3688	4.26252
3690	4.26262
3692	4.26433
3694	4.26436
3696	4.26328
3698	4.26318
3700	4.26365
3702	4.26348
3704	4.26254
3706	4.26183
3708	4.26229
3710	4.26317
3712	4.26147
3714	4.26137
3716	4.26295
3718	4.26241
3720	4.26254
3722	4.26306
3724	4.26255
3726	4.26178
3728	4.27158
3730	4.31253
3732	4.37641
3734	4.4503
3736	4.52227
3738	4.58957
3740	4.65215
3742	4.70903
3744	4.75796
3746	4.7983
3748	4.80686
3750	4.78434
3752	4.74483
3754	4.69749
3756	4.64837
3758	4.60273
3760	4.56034
3762	4.52269
3764	4.49024
3766	4.46168
3768	4.43647
3770	4.41342
3772	4.39316
3774	4.37739
3776	4.36414
3778	4.35103
3780	4.33924
3782	4.3308
3784	4.32295
3786	4.3155
3788	4.30799
3790	4.30206
3792	4.29878
3794	4.29518
3796	4.29271
3798	4.28965
3800	4.28731
3802	4.28478
3804	4.2828
3806	4.28168
3808	4.28008
3810	4.27735
3812	4.27467
3814	4.27334
3816	4.27262
3818	4.27278
3820	4.27116
3822	4.26944
3824	4.26978
3826	4.26995
3828	4.2694
3830	4.26869
3832	4.2673
3834	4.26676
3836	4.26528
3838	4.26571
3840	4.26614
3842	4.26418
3844	4.26312
3846	4.26294
3848	4.26161
3850	4.26042
3852	4.2602
3854	4.2617
3856	4.26145
3858	4.26143
3860	4.26129
3862	4.26066
3864	4.25955
3866	4.25907
3868	4.25896
3870	4.25819
3872	4.25743
3874	4.25908
3876	4.25937
3878	4.2583
3880	4.25803
3882	4.25963
3884	4.25866
3886	4.25723
3888	4.25709
3890	4.2573
3892	4.25774
3894	4.25845
3896	4.25812
3898	4.25856
3900	4.2571
3902	4.25642
3904	4.25789
3906	4.25937
3908	4.25814
3910	4.25829
3912	4.25611
3914	4.25641
3916	4.25691
3918	4.25634
3920	4.25571
3922	4.25492
3924	4.25441
3926	4.25517
3928	4.2558
3930	4.25451
3932	4.25464
3934	4.25445
3936	4.25495
3938	4.25484
3940	4.25555
3942	4.25621
3944	4.25585
3946	4.25533
3948	4.25469
3950	4.25477
3952	4.25656
3954	4.25737
3956	4.25722
3958	4.25608
3960	4.25568
3962	4.25517
3964	4.25364
3966	4.2538
3968	4.25395
3970	4.25423
3972	4.25462
3974	4.25428
3976	4.25311
3978	4.2528
3980	4.25288
3982	4.2528
3984	4.25163
3986	4.25105
3988	4.25182
3990	4.25134
3992	4.25203
3994	4.25297
3996	4.2535
3998	4.25372
4000	4.25215
4002	4.25197
4004	4.25266
4006	4.25248
4008	4.25145
4010	4.25224
4012	4.25362
4014	4.25353
4016	4.25289
4018	4.25236
4020	4.25441
4022	4.25397
4024	4.25292
4026	4.25178
4028	4.25191
4030	4.25277
4032	4.25261
4034	4.25303
4036	4.25291
4038	4.25294
4040	4.25108
4042	4.25027
4044	4.25082
4046	4.25214
4048	4.25198
4050	4.25155
4052	4.25092
4054	4.25094
4056	4.24975
4058	4.24896
4060	4.24964
4062	4.24914
4064	4.24972
4066	4.25098
4068	4.25195
4070	4.25143
4072	4.25111
4074	4.25073
4076	4.24983
4078	4.24888
4080	4.24827
4082	4.24875
4084	4.25003
4086	4.24911
4088	4.24847
4090	4.24824
4092	4.24856
4094	4.24785
4096	4.2476
4098	4.24806
4100	4.24783
4102	4.24829
4104	4.24897
4106	4.24983
4108	4.2499
4110	4.25042
4112	4.24933
4114	4.24871
4116	4.24993
4118	4.24983
4120	4.24861
4122	4.24736
4124	4.24817
4126	4.24916
4128	4.25725
4130	4.29581
4132	4.35924
4134	4.43085
4136	4.50334
4138	4.57155
4140	4.6342
4142	4.691
4144	4.74214
4146	4.7827
4148	4.79381
4150	4.77217
4152	4.73239
4154	4.68563
4156	4.63844
4158	4.5931
4160	4.55245
4162	4.51487
4164	4.48054
4166	4.45173
4168	4.42518
4170	4.40219
4172	4.38061
4174	4.36397
4176	4.34992
4178	4.3381
4180	4.32564
4182	4.31699
4184	4.31072
4186	4.30327
4188	4.29703
4190	4.29059
4192	4.28676
4194	4.28298
4196	4.27832
4198	4.27583
4200	4.27312
4202	4.27008
4204	4.26813
4206	4.26724
4208	4.26565
4210	4.26289
4212	4.26143
4214	4.26065
4216	4.25779
4218	4.25552
4220	4.25584
4222	4.25503
4224	4.253
4226	4.25225
4228	4.25313
4230	4.253
4232	4.25249
4234	4.25129
4236	4.25086
4238	4.25027
4240	4.25038
4242	4.24963
4244	4.24824
4246	4.24712
4248	4.24676
4250	4.24787
4252	4.24787
4254	4.24755
4256	4.24728
4258	4.24667
4260	4.2462
4262	4.24564
4264	4.24585
4266	4.24665
4268	4.24659
4270	4.24587
4272	4.24587
4274	4.24475
4276	4.24446
4278	4.24411
4280	4.24446
4282	4.24491
4284	4.24557
4286	4.24471
4288	4.24446
4290	4.24512
4292	4.24467
4294	4.24466
4296	4.24391
4298	4.24373
4300	4.24272
4302	4.24145
4304	4.24121
4306	4.24186
4308	4.24292
4310	4.24254
4312	4.24161
4314	4.24216
4316	4.24181
4318	4.24208
4320	4.24135
4322	4.24106
4324	4.24134
4326	4.24066
4328	4.24008
4330	4.241
4332	4.241
4334	4.24064
4336	4.24048
4338	4.24152
4340	4.24264
4342	4.24317
4344	4.24188
4346	4.24162
4348	4.24183
4350	4.24136
4352	4.24067
4354	4.24019
4356	4.23965
4358	4.23805
4360	4.23773
4362	4.23859
4364	4.23848
4366	4.23863
4368	4.23896
4370	4.23816
4372	4.2388
4374	4.23994
4376	4.23935
4378	4.23813
4380	4.23648
4382	4.23582
4384	4.23658
4386	4.23689
4388	4.23582
4390	4.23525
4392	4.23484
4394	4.23522
4396	4.23545
4398	4.23517
4400	4.23367
4402	4.23404
4404	4.23612
4406	4.23703
4408	4.23669
4410	4.23628
4412	4.23706
4414	4.23682
4416	4.23582
4418	4.2356
4420	4.23615
4422	4.23654
4424	4.23587
4426	4.23648
4428	4.23737
4430	4.23769
4432	4.23679
4434	4.23643
4436	4.23528
4438	4.23437
4440	4.23303
4442	4.23305
4444	4.23309
4446	4.2339
4448	4.23352
4450	4.233
4452	4.2344
4454	4.23388
4456	4.23207
4458	4.23262
4460	4.2324
4462	4.23165
4464	4.23246
4466	4.23442
4468	4.23455
4470	4.2346
4472	4.23322
4474	4.23204
4476	4.23234
4478	4.23339
4480	4.23443
4482	4.2344
4484	4.23395
4486	4.23359
4488	4.23465
4490	4.23447
4492	4.23325
4494	4.23311
4496	4.23391
4498	4.23385
4500	4.23306
4502	4.23351
4504	4.23433
4506	4.23371
4508	4.23189
4510	4.23039
4512	4.23033
4514	4.23194
4516	4.23241
4518	4.23199
4520	4.23116
4522	4.23144
4524	4.23083
4526	4.22984
4528	4.2372
4530	4.27256
4532	4.33298
4534	4.40526
4536	4.47791
4538	4.54748
4540	4.61107
4542	4.66857
4544	4.72001
4546	4.76282
4548	4.77785
4550	4.75972
4552	4.72267
4554	4.67841
4556	4.63213
4558	4.58553
4560	4.54247
4562	4.50338
4564	4.4686
4566	4.43719
4568	4.40957
4570	4.3871
4572	4.36585
4574	4.34707
4576	4.33245
4578	4.32054
4580	4.31023
4582	4.30108
4584	4.29105
4586	4.28394
4588	4.27976
4590	4.27583
4592	4.27123
4594	4.2681
4596	4.26445
4598	4.26163
4600	4.25964
4602	4.2567
4604	4.25407
4606	4.25128
4608	4.24821
4610	4.24651
4612	4.24601
4614	4.24474
4616	4.24273
4618	4.2409
4620	4.24132
4622	4.24206
4624	4.24054
4626	4.23955
4628	4.23819
4630	4.23738
4632	4.23815
4634	4.23792
4636	4.23748
4638	4.23651
4640	4.23529
4642	4.23497
4644	4.23489
4646	4.23465
4648	4.2355
4650	4.23433
4652	4.23308
4654	4.23278
4656	4.23282
4658	4.2328
4660	4.23326
4662	4.23379
4664	4.23397
4666	4.23346
4668	4.23246
4670	4.23271
4672	4.23321
4674	4.2323
4676	4.23101
4678	4.22892
4680	4.22848
4682	4.22997
4684	4.22888
4686	4.22752
4688	4.2283
4690	4.22884
4692	4.22784
4694	4.22795
4696	4.22807
4698	4.22828
4700	4.22936
4702	4.22866
4704	4.22674
4706	4.22691
4708	4.22846
4710	4.22951
4712	4.22966
4714	4.22889
4716	4.22768
4718	4.22758
4720	4.22659
4722	4.22621
4724	4.22603
4726	4.22585
4728	4.22577
4730	4.22651
4732	4.22572
4734	4.22527
4736	4.22608
4738	4.22603
4740	4.22556
4742	4.22587
4744	4.22359
4746	4.22331
4748	4.22358
4750	4.22277
4752	4.22239
4754	4.22319
4756	4.22354
4758	4.22353
4760	4.2234
4762	4.22264
4764	4.2237
4766	4.22553
4768	4.2258
4770	4.22574
4772	4.22445
4774	4.22325
4776	4.22365
4778	4.22285
4780	4.22183
4782	4.22171
4784	4.22324
4786	4.22387
4788	4.22384
4790	4.22433
4792	4.22484
4794	4.2251
4796	4.2238
4798	4.22322
4800	4.22383
4802	4.22381
4804	4.2236
4806	4.22366
4808	4.22354
4810	4.22235
4812	4.22316
4814	4.22459
4816	4.22505
4818	4.22461
4820	4.22431
4822	4.22392
4824	4.22312
4826	4.22332
4828	4.22279
4830	4.22144
4832	4.221
4834	4.22151
4836	4.22107
4838	4.21987
4840	4.22015
4842	4.22134
4844	4.22232
4846	4.22109
4848	4.21972
4850	4.22084
4852	4.22229
4854	4.22311
4856	4.2231
4858	4.22386
4860	4.22323
4862	4.22291
4864	4.22345
4866	4.22262
4868	4.22142
4870	4.22055
4872	4.22148
4874	4.22157
4876	4.22194
4878	4.22127
4880	4.2209
4882	4.22136
4884	4.22164
4886	4.22084
4888	4.21976
4890	4.2198
4892	4.21976
4894	4.21961
4896	4.22021
4898	4.22045
4900	4.21975
4902	4.22009
4904	4.22045
4906	4.22089
4908	4.22027
4910	4.21919
4912	4.21751
4914	4.2174
4916	4.21791
4918	4.21787
4920	4.21924
4922	4.21982
4924	4.2189
4926	4.21655
4928	4.2229
4930	4.25751
4932	4.31715
4934	4.3878
4936	4.46225
4938	4.53059
4940	4.59259
4942	4.64952
4944	4.70002
4946	4.74335
4948	4.75967
4950	4.74056
4952	4.70276
4954	4.65848
4956	4.61298
4958	4.56839
4960	4.5264
4962	4.48752
4964	4.45261
4966	4.42176
4968	4.39592
4970	4.37307
4972	4.35309
4974	4.33452
4976	4.31822
4978	4.30537
4980	4.29627
4982	4.28578
4984	4.27665
4986	4.26945
4988	4.26556
4990	4.26026
4992	4.25609
4994	4.25327
4996	4.25083
4998	4.24808
5000	4.24456
5002	4.24218
5004	4.24015
5006	4.23964
5008	4.238
5010	4.23547
5012	4.2329
5014	4.23129
5016	4.23149
5018	4.23116
5020	4.2291
5022	4.22701
5024	4.22486
5026	4.22222
5028	4.22222
5030	4.22241
5032	4.22137
5034	4.22103
5036	4.22146
5038	4.22174
5040	4.22134
5042	4.21962
5044	4.21971
5046	4.21905
5048	4.22011
5050	4.22012
5052	4.21853
5054	4.21708
5056	4.21478
5058	4.21339
5060	4.21378
5062	4.21569
5064	4.21554
5066	4.21406
5068	4.21345
5070	4.21321
5072	4.21301
5074	4.21302
5076	4.21206
5078	4.21184
5080	4.2131
5082	4.21301
5084	4.21263
5086	4.21283
5088	4.21168
5090	4.21208
5092	4.21295
5094	4.21476
5096	4.21434
5098	4.21344
5100	4.21364
5102	4.2144
5104	4.21476
5106	4.2134
5108	4.21255
5110	4.21231
5112	4.21142
5114	4.21142
5116	4.21002
5118	4.20962
5120	4.2102
5122	4.21183
5124	4.212
5126	4.21003
5128	4.20995
5130	4.2102
5132	4.21042
5134	4.21097
5136	4.21125
5138	4.20995
5140	4.21051
5142	4.21066
5144	4.21128
5146	4.21099
5148	4.21074
5150	4.21067
5152	4.21011
5154	4.21
5156	4.21124
5158	4.21041
5160	4.21047
5162	4.21201
5164	4.21164
5166	4.21151
5168	4.20996
5170	4.20838
5172	4.20902
5174	4.2098
5176	4.211
5178	4.21172
5180	4.21169
5182	4.21089
5184	4.20948
5186	4.20857
5188	4.20897
5190	4.20818
5192	4.20698
5194	4.20747
5196	4.20824
5198	4.20865
5200	4.20867
5202	4.209
5204	4.20883
5206	4.20878
5208	4.20842
5210	4.20799
5212	4.20738
5214	4.20814
5216	4.20901
5218	4.20864
5220	4.20768
5222	4.20611
5224	4.20512
5226	4.20672
5228	4.2077
5230	4.20898
5232	4.20765
5234	4.20722
5236	4.20765
5238	4.20839
5240	4.20768
5242	4.20631
5244	4.20617
5246	4.20649
5248	4.2066
5250	4.20565
5252	4.20593
5254	4.20554
5256	4.20563
5258	4.20731
5260	4.20697
5262	4.20655
5264	4.20662
5266	4.2065
5268	4.20663
5270	4.20675
5272	4.20731
5274	4.20742
5276	4.20671
5278	4.20652
5280	4.20713
5282	4.20681
5284	4.20588
5286	4.20473
5288	4.20351
5290	4.20452
5292	4.2057
5294	4.20562
5296	4.2032
5298	4.202
5300	4.20301
5302	4.20357
5304	4.20506
5306	4.20585
5308	4.2055
5310	4.20508
5312	4.20349
5314	4.20243
5316	4.20259
5318	4.20269
5320	4.20491
5322	4.2062
5324	4.20487
5326	4.20282
5328	4.2077
5330	4.24048
5332	4.29887
5334	4.36772
5336	4.43928
5338	4.50641
5340	4.56958
5342	4.62726
5344	4.67722
5346	4.71937
5348	4.73952
5350	4.72578
5352	4.68988
5354	4.64409
5356	4.59752
5358	4.55306
5360	4.51042
5362	4.47199
5364	4.43794
5366	4.40682
5368	4.37977
5370	4.35818
5372	4.3393
5374	4.32113
5376	4.30536
5378	4.29286
5380	4.28213
5382	4.27228
5384	4.26405
5386	4.25664
5388	4.25059
5390	4.24524
5392	4.24102
5394	4.23789
5396	4.23372
5398	4.23067
5400	4.22813
5402	4.22627
5404	4.22497
5406	4.22322
5408	4.22176
5410	4.22084
5412	4.21889
5414	4.21763
5416	4.2158
5418	4.21412
5420	4.21414
5422	4.21451
5424	4.21405
5426	4.21395
5428	4.21322
5430	4.21109
5432	4.20871
5434	4.20839
5436	4.2086
5438	4.20774
5440	4.20697
5442	4.20635
5444	4.20655
5446	4.2059
5448	4.20566
5450	4.20541
5452	4.2043
5454	4.20405
5456	4.20397
5458	4.20375
5460	4.20299
5462	4.20263
5464	4.20228
5466	4.20245
5468	4.20096
5470	4.1991
5472	4.19947
5474	4.19924
5476	4.19916
5478	4.19982
5480	4.20105
5482	4.20021
5484	4.19948
5486	4.19869
5488	4.19773
5490	4.19873
5492	4.19883
5494	4.19853
5496	4.19885
5498	4.19858
5500	4.19886
5502	4.20003
5504	4.2008
5506	4.19996
5508	4.19926
5510	4.19775
5512	4.19699
5514	4.19848
5516	4.19883
5518	4.19766
5520	4.19712
5522	4.19647
5524	4.19594
5526	4.19681
5528	4.1975
5530	4.19782
5532	4.19635
5534	4.19601
5536	4.19562
5538	4.1959
5540	4.19443
5542	4.19484
5544	4.1946
5546	4.19458
5548	4.19496
5550	4.1949
5552	4.19528
5554	4.19677
5556	4.19629
5558	4.19541
5560	4.19581
5562	4.1958
5564	4.19484
5566	4.19499
5568	4.19487
5570	4.19505
5572	4.19592
5574	4.19566
5576	4.1941
5578	4.19353
5580	4.19491
5582	4.19551
5584	4.19485
5586	4.19486
5588	4.19544
5590	4.19548
5592	4.19645
5594	4.19596
5596	4.19462
5598	4.194
5600	4.19365
5602	4.19343
5604	4.19444
5606	4.19414
5608	4.19298
5610	4.19372
5612	4.19359
5614	4.19358
5616	4.1921
5618	4.19113
5620	4.19198
5622	4.19267
5624	4.19274
5626	4.19165
5628	4.19154
5630	4.19277
5632	4.19209
5634	4.19342
5636	4.19549
5638	4.19471
5640	4.1941
5642	4.1935
5644	4.19421
5646	4.19488
5648	4.1933
5650	4.19107
5652	4.19128
5654	4.19169
5656	4.19093
5658	4.19084
5660	4.19209
5662	4.19211
5664	4.19058
5666	4.19078
5668	4.19142
5670	4.1911
5672	4.19155
5674	4.19161
5676	4.19177
5678	4.1909
5680	4.18988
5682	4.19002
5684	4.1905
5686	4.19116
5688	4.1915
5690	4.19115
5692	4.19172
5694	4.19212
5696	4.19185
5698	4.19051
5700	4.18948
5702	4.19021
5704	4.19102
5706	4.18996
5708	4.18809
5710	4.18826
5712	4.1885
5714	4.18888
5716	4.18854
5718	4.188
5720	4.18983
5722	4.19114
5724	4.19164
5726	4.18995
5728	4.19285
5730	4.22204
5732	4.27837
5734	4.34781
5736	4.41779
5738	4.48602
5740	4.54779
5742	4.6049
5744	4.65534
5746	4.69941
5748	4.72119
5750	4.70693
5752	4.67188
5754	4.62919
5756	4.58305
5758	4.53781
5760	4.49713
5762	4.45972
5764	4.4245
5766	4.39408
5768	4.36729
5770	4.34395
5772	4.32454
5774	4.30677
5776	4.29049
5778	4.27695
5780	4.26716
5782	4.25796
5784	4.24981
5786	4.24286
5788	4.23768
5790	4.23272
5792	4.22749
5794	4.22384
5796	4.2211
5798	4.21788
5800	4.21486
5802	4.21276
5804	4.21143
5806	4.20909
5808	4.20618
5810	4.20404
5812	4.20323
5814	4.20248
5816	4.20149
5818	4.20064
5820	4.19977
5822	4.1975
5824	4.19598
5826	4.1955
5828	4.1942
5830	4.19332
5832	4.19355
5834	4.19289
5836	4.19204
5838	4.19116
5840	4.19032
5842	4.18829
5844	4.18796
5846	4.18804
5848	4.18804
5850	4.1871
5852	4.18782
5854	4.18852
5856	4.18702
5858	4.18551
5860	4.18466
5862	4.18492
5864	4.18604
5866	4.18516
5868	4.18428
5870	4.18555
5872	4.18606
5874	4.1855
5876	4.18514
5878	4.18483
5880	4.18542
5882	4.18501
5884	4.1847
5886	4.18428
5888	4.18405
5890	4.1833
5892	4.18342
5894	4.18393
5896	4.18412
5898	4.18329
5900	4.18267
5902	4.18288
5904	4.18293
5906	4.18281
5908	4.18219
5910	4.18169
5912	4.18176
5914	4.18234
5916	4.18267
5918	4.18284
5920	4.18239
5922	4.18213
5924	4.18219
5926	4.18121
5928	4.18148
5930	4.18332
5932	4.18327
5934	4.18263
5936	4.18195
5938	4.18229
5940	4.18216
5942	4.18105
5944	4.17997
5946	4.18004
5948	4.1796
5950	4.17916
5952	4.1806
5954	4.18039
5956	4.1799
5958	4.1807
5960	4.1805
5962	4.17878
5964	4.17741
5966	4.17735
5968	4.17813
5970	4.17861
5972	4.17952
5974	4.17956
5976	4.17983
5978	4.18042
5980	4.17941
5982	4.17944
5984	4.1792
5986	4.17914
5988	4.17944
5990	4.18064
5992	4.18126
5994	4.18038
5996	4.18023
5998	4.17933
6000	4.17779
6002	4.17698
6004	4.1764
6006	4.17936
6008	4.1803
6010	4.17793
6012	4.17663
6014	4.17893
6016	4.17912
6018	4.17793
6020	4.17741
6022	4.1774
6024	4.17796
6026	4.17788
6028	4.17808
6030	4.17716
6032	4.17611
6034	4.17593
6036	4.17566
6038	4.17667
6040	4.17762
6042	4.17674
6044	4.17729
6046	4.17668
6048	4.17541
6050	4.17512
6052	4.17625
6054	4.17647
6056	4.17554
6058	4.17491
6060	4.17517
6062	4.17523
6064	4.17423
6066	4.17455
6068	4.17602
6070	4.17626
6072	4.17741
6074	4.17685
6076	4.1757
6078	4.17559
6080	4.17572
6082	4.17546
6084	4.17453
6086	4.1758
6088	4.1759
6090	4.17546
6092	4.17557
6094	4.17516
6096	4.1752
6098	4.17521
6100	4.17381
6102	4.1734
6104	4.17413
6106	4.17521
6108	4.17419
6110	4.17276
6112	4.17332
6114	4.1742
6116	4.17355
6118	4.17363
6120	4.17195
6122	4.17168
6124	4.1723
6126	4.17348
6128	4.17462
6130	4.20021
6132	4.25475
6134	4.3234
6136	4.39459
6138	4.46359
6140	4.5237
6142	4.58063
6144	4.63064
6146	4.67471
6148	4.70008
6150	4.69006
6152	4.65837
6154	4.615
6156	4.57069
6158	4.52697
6160	4.48416
6162	4.44552
6164	4.41249
6166	4.38232
6168	4.35587
6170	4.33147
6172	4.30959
6174	4.29055
6176	4.27606
6178	4.26351
6180	4.25171
6182	4.24158
6184	4.23404
6186	4.22743
6188	4.22169
6190	4.21568
6192	4.21204
6194	4.20892
6196	4.20533
6198	4.20313
6200	4.20059
6202	4.19782
6204	4.19498
6206	4.19227
6208	4.19173
6210	4.19104
6212	4.18794
6214	4.18553
6216	4.18525
6218	4.18481
6220	4.184
6222	4.18298
6224	4.18286
6226	4.1827
6228	4.1809
6230	4.17888
6232	4.17837
6234	4.17818
6236	4.17797
6238	4.17728
6240	4.17603
6242	4.17443
6244	4.17378
6246	4.17484
6248	4.1748
6250	4.17345
6252	4.17223
6254	4.17215
6256	4.17247
6258	4.17148
6260	4.17255
6262	4.17264
6264	4.17127
6266	4.16907
6268	4.16809
6270	4.16937
6272	4.17068
6274	4.17142
6276	4.17099
6278	4.17074
6280	4.17124
6282	4.17178
6284	4.17101
6286	4.16873
6288	4.16882
6290	4.16865
6292	4.16789
6294	4.16786
6296	4.16802
6298	4.16747
6300	4.16795
6302	4.16732
6304	4.16664
6306	4.16664
6308	4.16793
6310	4.16775
6312	4.16577
6314	4.16632
6316	4.1669
6318	4.16665
6320	4.16646
6322	4.16668
6324	4.16754
6326	4.16709
6328	4.1668
6330	4.1659
6332	4.16606
6334	4.16642
6336	4.16606
6338	4.16662
6340	4.16617
6342	4.16519
6344	4.16554
6346	4.16546
6348	4.16503
6350	4.16466
6352	4.16472
6354	4.16554
6356	4.16482
6358	4.16489
6360	4.16593
6362	4.16433
6364	4.16309
6366	4.16388
6368	4.16451
6370	4.16465
6372	4.16486
6374	4.16523
6376	4.1646
6378	4.16395
6380	4.16337
6382	4.16346
6384	4.16406
6386	4.16469
6388	4.16292
6390	4.16207
6392	4.16194
6394	4.16211
6396	4.16102
6398	4.1619
6400	4.164
6402	4.16294
6404	4.16107
6406	4.16162
6408	4.16271
6410	4.16223
6412	4.16208
6414	4.16245
6416	4.16222
6418	4.16266
6420	4.16285
6422	4.16313
6424	4.16331
6426	4.16313
6428	4.163
6430	4.16301
6432	4.16259
6434	4.16133
6436	4.16153
6438	4.16185
6440	4.16174
6442	4.16113
6444	4.16057
6446	4.16012
6448	4.15941
6450	4.16032
6452	4.16055
6454	4.16019
6456	4.1608
6458	4.16115
6460	4.1619
6462	4.16233
6464	4.1629
6466	4.16115
6468	4.16052
6470	4.16086
6472	4.15942
6474	4.15937
6476	4.16
6478	4.15962
6480	4.15967
6482	4.15993
6484	4.1605
6486	4.16071
6488	4.16034
6490	4.15955
6492	4.15847
6494	4.15822
6496	4.15789
6498	4.15793
6500	4.15981
6502	4.16053
6504	4.16016
6506	4.15894
6508	4.15928
6510	4.15976
6512	4.16113
6514	4.16123
6516	4.16088
6518	4.1608
6520	4.15992
6522	4.15951
6524	4.16059
6526	4.15905
6528	4.15893
6530	4.18326
6532	4.23453
6534	4.29974
6536	4.37005
6538	4.43793
6540	4.50041
6542	4.55805
6544	4.60899
6546	4.65431
6548	4.68234
6550	4.67404
6552	4.64119
6554	4.59986
6556	4.55453
6558	4.50936
6560	4.46749
6562	4.42875
6564	4.39405
6566	4.36455
6568	4.33679
6570	4.31283
6572	4.29202
6574	4.27571
6576	4.26089
6578	4.2474
6580	4.23608
6582	4.22592
6584	4.21739
6586	4.21084
6588	4.20474
6590	4.20045
6592	4.19521
6594	4.19201
6596	4.19025
6598	4.18595
6600	4.18165
6602	4.18058
6604	4.17883
6606	4.17656
6608	4.17429
6610	4.17239
6612	4.1718
6614	4.1703
6616	4.16983
6618	4.16872
6620	4.16714
6622	4.16695
6624	4.16633
6626	4.16466
6628	4.16409
6630	4.16381
6632	4.16384
6634	4.16348
6636	4.16211
6638	4.16053
6640	4.16038
6642	4.16
6644	4.15846
6646	4.15822
6648	4.15804
6650	4.15681
6652	4.15657
6654	4.15704
6656	4.15549
6658	4.15537
6660	4.15629
6662	4.1569
6664	4.15775
6666	4.15734
6668	4.1553
6670	4.15384
6672	4.1542
6674	4.15356
6676	4.15186
6678	4.15112
6680	4.15176
6682	4.15355
6684	4.15381
6686	4.1534
6688	4.15344
6690	4.15398
6692	4.15376
6694	4.15483
6696	4.15555
6698	4.15566
6700	4.15522
6702	4.15401
6704	4.153
6706	4.15243
6708	4.15342
6710	4.15427
6712	4.15345
6714	4.15392
6716	4.15358
6718	4.15356
6720	4.15234
6722	4.15292
6724	4.15415
6726	4.1543
6728	4.15296
6730	4.1522
6732	4.15164
6734	4.15143
6736	4.1514
6738	4.15061
6740	4.14975
6742	4.14942
6744	4.15029
6746	4.15028
6748	4.14998
6750	4.15044
6752	4.15079
6754	4.15051
6756	4.15033
6758	4.15065
6760	4.15046
6762	4.14939
6764	4.14886
6766	4.1484
6768	4.14792
6770	4.14738
6772	4.14575
6774	4.14721
6776	4.14906
6778	4.1484
6780	4.14786
6782	4.1476
6784	4.1482
6786	4.14797
6788	4.14751
6790	4.14795
6792	4.14782
6794	4.14837
6796	4.14893
6798	4.14856
6800	4.14872
6802	4.14868
6804	4.14766
6806	4.14639
6808	4.14625
6810	4.14681
6812	4.14728
6814	4.14856
6816	4.14842
6818	4.14929
6820	4.14898
6822	4.14803
6824	4.14767
6826	4.14727
6828	4.14701
6830	4.14815
6832	4.14896
6834	4.14855
6836	4.14556
6838	4.14531
6840	4.14649
6842	4.14515
6844	4.14401
6846	4.14426
6848	4.14468
6850	4.14466
6852	4.14517
6854	4.14649
6856	4.14501
6858	4.1436
6860	4.14416
6862	4.14506
6864	4.14431
6866	4.14415
6868	4.14329
6870	4.14257
6872	4.1444
6874	4.14578
6876	4.14531
6878	4.14491
6880	4.14565
6882	4.14608
6884	4.14466
6886	4.14363
6888	4.1441
6890	4.14428
6892	4.14241
6894	4.14233
6896	4.14396
6898	4.14401
6900	4.1443
6902	4.14545
6904	4.14533
6906	4.14365
6908	4.14281
6910	4.14299
6912	4.14287
6914	4.1434
6916	4.1437
6918	4.14353
6920	4.14294
6922	4.14242
6924	4.14053
6926	4.13961
6928	4.14151
6930	4.16318
6932	4.21385
6934	4.28139
6936	4.3491
6938	4.41573
6940	4.47876
6942	4.53532
6944	4.58602
6946	4.63069
6948	4.65996
6950	4.65511
6952	4.62556
6954	4.58356
6956	4.53926
6958	4.49445
6960	4.4534
6962	4.4147
6964	4.37994
6966	4.34947
6968	4.32249
6970	4.29958
6972	4.28131
6974	4.26425
6976	4.24774
6978	4.23391
6980	4.22371
6982	4.21421
6984	4.20524
6986	4.19702
6988	4.1906
6990	4.18543
6992	4.17945
6994	4.17633
6996	4.17334
6998	4.16983
7000	4.16687
7002	4.16409
7004	4.16326
7006	4.16194
7008	4.15966
7010	4.1577
7012	4.15506
7014	4.15354
7016	4.15404
7018	4.15382
7020	4.15319
7022	4.15223
7024	4.15084
7026	4.14947
7028	4.14959
7030	4.14899
7032	4.14758
7034	4.14566
7036	4.14548
7038	4.14639
7040	4.14718
7042	4.14507
7044	4.14359
7046	4.14387
7048	4.14424
7050	4.14303
7052	4.14209
7054	4.14232
7056	4.14255
7058	4.14257
7060	4.1405
7062	4.13831
7064	4.13837
7066	4.13844
7068	4.13933
7070	4.14057
7072	4.14092
7074	4.14128
7076	4.1408
7078	4.13917
7080	4.1388
7082	4.13835
7084	4.13879
7086	4.13862
7088	4.13779
7090	4.13819
7092	4.13858
7094	4.13865
7096	4.1392
7098	4.13966
7100	4.13956
7102	4.13896
7104	4.13968
7106	4.13913
7108	4.13779
7110	4.13655
7112	4.13601
7114	4.1366
7116	4.13643
7118	4.1352
7120	4.13523
7122	4.13596
7124	4.13633
7126	4.13501
7128	4.13481
7130	4.13483
7132	4.13496
7134	4.13588
7136	4.13644
7138	4.13651
7140	4.13561
7142	4.13492
7144	4.13406
7146	4.13341
7148	4.134
7150	4.13488
7152	4.13532
7154	4.13493
7156	4.13433
7158	4.13493
7160	4.13409
7162	4.13321
7164	4.13388
7166	4.13457
7168	4.13431
7170	4.13431
7172	4.13371
7174	4.13438
7176	4.13406
7178	4.13361
7180	4.13339
7182	4.13329
7184	4.1329
7186	4.13199
7188	4.13168
7190	4.13175
7192	4.13126
7194	4.13048
7196	4.13022
7198	4.13117
7200	4.13154
7202	4.13159
7204	4.13165
7206	4.13225
7208	4.13316
7210	4.13353
7212	4.13237
7214	4.13231
7216	4.13165
7218	4.13228
7220	4.13287
7222	4.13281
7224	4.13359
7226	4.13323
7228	4.13211
7230	4.13099
7232	4.13024
7234	4.12963
7236	4.13049
7238	4.13051
7240	4.12949
7242	4.12899
7244	4.12965
7246	4.12941
7248	4.13005
7250	4.13138
7252	4.13074
7254	4.12947
7256	4.12798
7258	4.12801
7260	4.1295
7262	4.12965
7264	4.1278
7266	4.12706
7268	4.12761
7270	4.12886
7272	4.12891
7274	4.12738
7276	4.12752
7278	4.12932
7280	4.12954
7282	4.12967
7284	4.12814
7286	4.12691
7288	4.12665
7290	4.12716
7292	4.12886
7294	4.12842
7296	4.1283
7298	4.12852
7300	4.1294
7302	4.12908
7304	4.12857
7306	4.12806
7308	4.12689
7310	4.12669
7312	4.12514
7314	4.12445
7316	4.12497
7318	4.12632
7320	4.12714
7322	4.12725
7324	4.12674
7326	4.126
7328	4.12664
7330	4.14537
7332	4.19433
7334	4.25804
7336	4.32715
7338	4.39497
7340	4.45538
7342	4.51077
7344	4.55933
7346	4.60439
7348	4.63515
7350	4.63286
7352	4.60445
7354	4.56331
7356	4.52079
7358	4.47775
7360	4.43445
7362	4.39552
7364	4.36141
7366	4.33062
7368	4.30465
7370	4.28103
7372	4.26124
7374	4.2439
7376	4.22897
7378	4.21741
7380	4.20668
7382	4.19688
7384	4.1887
7386	4.18087
7388	4.17496
7390	4.16922
7392	4.16411
7394	4.15997
7396	4.15655
7398	4.15365
7400	4.15037
7402	4.14663
7404	4.14478
7406	4.14436
7408	4.14354
7410	4.14145
7412	4.13918
7414	4.13757
7416	4.13749
7418	4.13745
7420	4.13473
7422	4.1334
7424	4.13275
7426	4.13204
7428	4.13277
7430	4.13214
7432	4.13032
7434	4.12789
7436	4.12627
7438	4.12633
7440	4.12727
7442	4.12712
7444	4.12603
7446	4.12373
7448	4.12305
7450	4.12275
7452	4.12331
7454	4.12343
7456	4.12327
7458	4.12265
7460	4.12053
7462	4.1213
7464	4.12193
7466	4.12217
7468	4.12285
7470	4.12225
7472	4.12075
7474	4.1199
7476	4.11906
7478	4.1192
7480	4.12059
7482	4.12044
7484	4.12056
7486	4.11962
7488	4.11917
7490	4.11995
7492	4.12052
7494	4.11915
7496	4.11805
7498	4.11691
7500	4.11823
7502	4.12045
7504	4.11924
7506	4.11807
7508	4.1185
7510	4.11977
7512	4.12062
7514	4.12012
7516	4.11931
7518	4.11942
7520	4.11824
7522	4.11742
7524	4.11682
7526	4.11696
7528	4.11764
7530	4.11737
7532	4.11699
7534	4.11726
7536	4.1171
7538	4.11613
7540	4.11501
7542	4.11419
7544	4.11443
7546	4.11545
7548	4.11552
7550	4.11612
7552	4.11641
7554	4.11503
7556	4.1135
7558	4.11395
7560	4.11472
7562	4.11506
7564	4.11356
7566	4.11347
7568	4.11388
7570	4.11386
7572	4.11175
7574	4.11139
7576	4.1126
7578	4.11374
7580	4.11416
7582	4.11344
7584	4.11315
7586	4.113
7588	4.11214
7590	4.11168
7592	4.11097
7594	4.11154
7596	4.11236
7598	4.11099
7600	4.11048
7602	4.1101
7604	4.11067
7606	4.11101
7608	4.11026
7610	4.1089
7612	4.10941
7614	4.11004
7616	4.11119
7618	4.11143
7620	4.11091
7622	4.11068
7624	4.11164
7626	4.11336
7628	4.11266
7630	4.11123
7632	4.11141
7634	4.11192
7636	4.11304
7638	4.11215
7640	4.11218
7642	4.11119
7644	4.11003
7646	4.11071
7648	4.11056
7650	4.10974
7652	4.10977
7654	4.10841
7656	4.10883
7658	4.11007
7660	4.10903
7662	4.10828
7664	4.10813
7666	4.10887
7668	4.10911
7670	4.10839
7672	4.10861
7674	4.1086
7676	4.10732
7678	4.10759
7680	4.10862
7682	4.10888
7684	4.10876
7686	4.10902
7688	4.10999
7690	4.10983
7692	4.10784
7694	4.10763
7696	4.1085
7698	4.109
7700	4.10897
7702	4.10921
7704	4.10768
7706	4.10732
7708	4.10743
7710	4.10677
7712	4.10551
7714	4.10523
7716	4.10654
7718	4.1073
7720	4.10721
7722	4.10778
7724	4.10977
7726	4.10996
7728	4.10931
7730	4.12522
7732	4.17048
7734	4.23116
7736	4.29781
7738	4.36458
7740	4.42723
7742	4.48564
7744	4.53588
7746	4.58121
7748	4.61367
7750	4.61345
7752	4.58618
7754	4.54825
7756	4.50455
7758	4.45957
7760	4.41814
7762	4.38083
7764	4.34671
7766	4.31411
7768	4.28703
7770	4.2645
7772	4.24447
7774	4.22778
7776	4.21227
7778	4.1984
7780	4.18825
7782	4.17898
7784	4.16894
7786	4.163
7788	4.15648
7790	4.15048
7792	4.14534
7794	4.14114
7796	4.13833
7798	4.13474
7800	4.13011
7802	4.12714
7804	4.12607
7806	4.12493
7808	4.12335
7810	4.12167
7812	4.12128
7814	4.12163
7816	4.121
7818	4.11994
7820	4.11695
7822	4.11539
7824	4.11494
7826	4.11444
7828	4.1134
7830	4.11171
7832	4.1098
7834	4.10814
7836	4.1081
7838	4.10648
7840	4.10605
7842	4.10607
7844	4.10604
7846	4.10594
7848	4.10526
7850	4.10323
7852	4.10321
7854	4.10363
7856	4.10471
7858	4.10521
7860	4.10455
7862	4.10466
7864	4.10562
7866	4.10471
7868	4.10347
7870	4.10335
7872	4.10412
7874	4.10361
7876	4.10314
7878	4.10329
7880	4.1034
7882	4.10273
7884	4.10215
7886	4.10215
7888	4.10239
7890	4.10219
7892	4.10241
7894	4.10247
7896	4.1028
7898	4.10305
7900	4.10199
7902	4.10208
7904	4.10204
7906	4.10164
7908	4.10125
7910	4.10095
7912	4.10089
7914	4.10109
7916	4.10127
7918	4.10194
7920	4.10102
7922	4.10043
7924	4.09955
7926	4.09999
7928	4.10066
7930	4.10209
7932	4.10239
7934	4.10089
7936	4.10061
7938	4.10084
7940	4.10077
7942	4.10056
7944	4.10074
7946	4.10115
7948	4.10104
7950	4.10046
7952	4.10022
7954	4.10115
7956	4.10032
7958	4.10076
7960	4.1002
7962	4.09945
7964	4.09872
7966	4.0985
7968	4.09777
7970	4.0972
7972	4.09803
7974	4.09956
7976	4.10034
7978	4.09984
7980	4.09921
7982	4.09891
7984	4.1003
7986	4.09945
7988	4.09739
7990	4.09788
7992	4.09753
7994	4.09637
7996	4.09577
7998	4.09646
8000	4.09776
8002	4.09759
8004	4.09707
8006	4.0968
8008	4.09725
8010	4.09732
8012	4.09704
8014	4.09577
8016	4.09529
8018	4.0963
8020	4.09639
8022	4.09609
8024	4.09533
8026	4.09579
8028	4.09629
8030	4.09548
8032	4.09555
8034	4.09613
8036	4.09509
8038	4.09564
8040	4.09624
8042	4.09632
8044	4.09499
8046	4.09471
8048	4.09475
8050	4.09594
8052	4.09661
8054	4.09632
8056	4.09515
8058	4.09582
8060	4.09561
8062	4.09407
8064	4.09394
8066	4.09292
8068	4.09299
8070	4.09446
8072	4.09474
8074	4.09385
8076	4.09392
8078	4.09252
8080	4.09307
8082	4.09417
8084	4.09424
8086	4.09397
8088	4.09329
8090	4.0945
8092	4.09446
8094	4.09341
8096	4.09349
8098	4.09304
8100	4.09236
8102	4.09331
8104	4.09355
8106	4.09331
8108	4.09234
8110	4.09238
8112	4.09361
8114	4.0942
8116	4.09378
8118	4.09373
8120	4.09303
8122	4.09238
8124	4.09152
8126	4.09223
8128	4.09312
8130	4.10508
8132	4.14731
8134	4.20711
8136	4.27486
8138	4.34202
8140	4.40454
8142	4.46207
8144	4.51229
8146	4.5568
8148	4.59192
8150	4.59455
8152	4.57084
8154	4.53313
8156	4.49037
8158	4.44665
8160	4.40518
8162	4.3666
8164	4.33116
8166	4.30019
8168	4.27276
8170	4.24875
8172	4.22952
8174	4.21219
8176	4.19609
8178	4.18178
8180	4.17082
8182	4.16166
8184	4.15173
8186	4.14425
8188	4.13829
8190	4.13307
8192	4.13013
8194	4.12686
8196	4.12408
8198	4.1195
8200	4.11575
8202	4.11381
8204	4.11196
8206	4.10852
8208	4.10616
8210	4.10572
8212	4.10597
8214	4.10499
8216	4.10253
8218	4.10142
8220	4.10048
8222	4.09973
8224	4.0984
8226	4.09797
8228	4.09703
8230	4.09655
8232	4.09604
8234	4.0967
8236	4.09706
8238	4.09652
8240	4.09519
8242	4.09287
8244	4.09204
8246	4.09217
8248	4.0908
8250	4.09019
8252	4.09013
8254	4.08955
8256	4.08929
8258	4.08805
8260	4.08725
8262	4.08697
8264	4.08648
8266	4.08672
8268	4.0869
8270	4.08688
8272	4.08823
8274	4.08773
8276	4.08704
8278	4.08768
8280	4.08733
8282	4.08661
8284	4.08519
8286	4.08453
8288	4.08455
8290	4.08492
8292	4.08548
8294	4.08468
8296	4.08392
8298	4.08338
8300	4.08381
8302	4.0843
8304	4.08463
8306	4.08471
8308	4.08493
8310	4.08402
8312	4.08397
8314	4.08425
8316	4.08521
8318	4.08571
8320	4.08523
8322	4.08337
8324	4.08303
8326	4.08253
8328	4.08228
8330	4.08306
8332	4.08383
8334	4.08307
8336	4.08288
8338	4.08179
8340	4.08063
8342	4.08046
8344	4.08054
8346	4.0797
8348	4.07919
8350	4.07984
8352	4.08151
8354	4.082
8356	4.0832
8358	4.08281
8360	4.08223
8362	4.0809
8364	4.08038
8366	4.07974
8368	4.08046
8370	4.08067
8372	4.0801
8374	4.08
8376	4.08033
8378	4.08
8380	4.07958
8382	4.0801
8384	4.08099
8386	4.08029
8388	4.07872
8390	4.07878
8392	4.07824
8394	4.07841
8396	4.07835
8398	4.07868
8400	4.07933
8402	4.07928
8404	4.07887
8406	4.07861
8408	4.07882
8410	4.07903
8412	4.07876
8414	4.07959
8416	4.07883
8418	4.07789
8420	4.07891
8422	4.07855
8424	4.07803
8426	4.07904
8428	4.07876
8430	4.07847
8432	4.07935
8434	4.0794
8436	4.07817
8438	4.07784
8440	4.07912
8442	4.07965
8444	4.07757
8446	4.07611
8448	4.07629
8450	4.07688
8452	4.07762
8454	4.07712
8456	4.07533
8458	4.07578
8460	4.07507
8462	4.07574
8464	4.0755
8466	4.07442
8468	4.07524
8470	4.0762
8472	4.07534
8474	4.07501
8476	4.07472
8478	4.0752
8480	4.07629
8482	4.07614
8484	4.07742
8486	4.07779
8488	4.0777
8490	4.07803
8492	4.07711
8494	4.07726
8496	4.07726
8498	4.07695
8500	4.0762
8502	4.07591
8504	4.07572
8506	4.07408
8508	4.07515
8510	4.07531
8512	4.075
8514	4.0753
8516	4.07461
8518	4.07365
8520	4.07319
8522	4.07369
8524	4.07546
8526	4.07592
8528	4.07545
8530	4.08721
8532	4.12656
8534	4.18493
8536	4.25033
8538	4.31742
8540	4.38105
8542	4.43774
8544	4.48699
8546	4.53216
8548	4.56784
8550	4.57379
8552	4.55236
8554	4.51469
8556	4.47098
8558	4.42823
8560	4.38759
8562	4.34923
8564	4.3126
8566	4.28106
8568	4.25439
8570	4.23132
8572	4.21166
8574	4.19372
8576	4.17772
8578	4.16347
8580	4.15303
8582	4.14312
8584	4.13381
8586	4.12569
8588	4.1202
8590	4.11537
8592	4.11121
8594	4.10777
8596	4.10404
8598	4.10122
8600	4.09772
8602	4.09516
8604	4.0924
8606	4.09002
8608	4.08981
8610	4.08781
8612	4.08603
8614	4.08386
8616	4.08331
8618	4.08311
8620	4.08167
8622	4.07968
8624	4.07799
8626	4.07734
8628	4.07593
8630	4.07462
8632	4.07371
8634	4.07361
8636	4.07332
8638	4.07353
8640	4.07292
8642	4.07143
8644	4.07108
8646	4.07005
8648	4.06952
8650	4.06873
8652	4.06968
8654	4.06929
8656	4.06879
8658	4.06881
8660	4.06883
8662	4.06952
8664	4.07035
8666	4.06857
8668	4.06732
8670	4.06753
8672	4.06717
8674	4.06648
8676	4.06705
8678	4.06592
8680	4.06621
8682	4.06692
8684	4.06686
8686	4.06662
8688	4.06498
8690	4.06435
8692	4.06458
8694	4.06492
8696	4.06532
8698	4.06582
8700	4.06613
8702	4.06721
8704	4.06684
8706	4.06567
8708	4.06541
8710	4.06449
8712	4.06401
8714	4.06325
8716	4.06268
8718	4.06267
8720	4.06305
8722	4.06218
8724	4.06119
8726	4.06138
8728	4.06131
8730	4.06225
8732	4.0631
8734	4.06305
8736	4.06397
8738	4.06353
8740	4.06232
8742	4.06324
8744	4.06391
8746	4.0642
8748	4.06321
8750	4.06205
8752	4.06148
8754	4.06088
8756	4.06147
8758	4.0624
8760	4.06134
8762	4.06138
8764	4.06051
8766	4.05968
8768	4.05939
8770	4.05912
8772	4.05905
8774	4.05856
8776	4.06009
8778	4.05951
8780	4.05983
8782	4.06018
8784	4.06129
8786	4.06034
8788	4.06043
8790	4.06086
8792	4.06102
8794	4.06144
8796	4.05967
8798	4.05892
8800	4.05914
8802	4.06001
8804	4.05952
8806	4.05939
8808	4.06022
8810	4.06006
8812	4.05905
8814	4.05837
8816	4.05806
8818	4.05783
8820	4.05814
8822	4.05784
8824	4.0581
8826	4.05788
8828	4.05798
8830	4.05785
8832	4.05827
8834	4.05699
8836	4.05592
8838	4.05702
8840	4.05747
8842	4.05811
8844	4.05697
8846	4.05674
8848	4.05776
8850	4.05819
8852	4.05854
8854	4.05856
8856	4.05835
8858	4.05769
8860	4.05707
8862	4.05672
8864	4.05676
8866	4.05614
8868	4.05506
8870	4.05537
8872	4.05665
8874	4.05872
8876	4.05801
8878	4.05625
8880	4.05691
8882	4.05775
8884	4.05612
8886	4.05555
8888	4.05654
8890	4.05639
8892	4.05625
8894	4.05608
8896	4.05552
8898	4.05513
8900	4.05497
8902	4.05551
8904	4.05517
8906	4.05466
8908	4.05372
8910	4.05432
8912	4.05503
8914	4.05477
8916	4.05444
8918	4.05365
8920	4.05312
8922	4.05277
8924	4.05269
8926	4.05234
8928	4.05283
8930	4.06197
8932	4.10032
8934	4.15834
8936	4.22344
8938	4.29003
8940	4.35299
8942	4.40855
8944	4.45961
8946	4.50508
8948	4.54311
8950	4.55275
8952	4.53315
8954	4.49773
8956	4.45561
8958	4.4112
8960	4.36872
8962	4.32929
8964	4.29505
8966	4.26372
8968	4.23607
8970	4.21232
8972	4.1905
8974	4.17263
8976	4.1579
8978	4.14472
8980	4.1339
8982	4.12388
8984	4.11511
8986	4.10705
8988	4.09983
8990	4.09429
8992	4.09088
8994	4.08716
8996	4.08328
8998	4.08003
9000	4.07706
9002	4.07446
9004	4.07171
9006	4.06945
9008	4.06588
9010	4.06399
9012	4.06347
9014	4.06266
9016	4.0623
9018	4.06163
9020	4.06069
9022	4.06018
9024	4.05905
9026	4.0573
9028	4.05646
9030	4.05487
9032	4.0546
9034	4.05492
9036	4.05408
9038	4.05334
9040	4.05406
9042	4.05463
9044	4.05292
9046	4.0518
9048	4.05159
9050	4.05103
9052	4.05041
9054	4.04991
9056	4.04882
9058	4.04919
9060	4.0495
9062	4.04977
9064	4.05112
9066	4.05142
9068	4.05037
9070	4.04904
9072	4.04888
9074	4.04874
9076	4.04865
9078	4.04781
9080	4.04729
9082	4.04737
9084	4.04747
9086	4.04674
9088	4.04634
9090	4.04626
9092	4.04621
9094	4.04681
9096	4.04711
9098	4.04667
9100	4.04592
9102	4.04631
9104	4.04539
9106	4.04322
9108	4.04324
9110	4.04419
9112	4.04521
9114	4.04585
9116	4.04566
9118	4.04407
9120	4.04278
9122	4.04415
9124	4.04514
9126	4.04476
9128	4.04434
9130	4.04289
9132	4.04223
9134	4.04161
9136	4.04175
9138	4.04364
9140	4.04404
9142	4.0436
9144	4.0427
9146	4.04235
9148	4.04036
9150	4.03912
9152	4.03986
9154	4.03931
9156	4.03933
9158	4.04013
9160	4.04155
9162	4.0408
9164	4.04154
9166	4.04065
9168	4.03984
9170	4.03999
9172	4.0393
9174	4.03816
9176	4.03835
9178	4.03809
9180	4.03874
9182	4.03865
9184	4.03866
9186	4.03955
9188	4.03956
9190	4.0395
9192	4.03911
9194	4.03909
9196	4.03932
9198	4.03861
9200	4.03836
9202	4.03861
9204	4.04038
9206	4.04047
9208	4.04027
9210	4.04045
9212	4.03954
9214	4.03898
9216	4.0384
9218	4.03824
9220	4.03963
9222	4.03956
9224	4.03894
9226	4.03841
9228	4.03911
9230	4.03979
9232	4.03874
9234	4.03801
9236	4.03848
9238	4.03788
9240	4.03666
9242	4.03671
9244	4.03669
9246	4.0361
9248	4.03714
9250	4.03791
9252	4.03773
9254	4.03761
9256	4.03636
9258	4.03513
9260	4.035
9262	4.03636
9264	4.03681
9266	4.03765
9268	4.03661
9270	4.03538
9272	4.03485
9274	4.03436
9276	4.03518
9278	4.03546
9280	4.03528
9282	4.03501
9284	4.03467
9286	4.03591
9288	4.03505
9290	4.03493
9292	4.03496
9294	4.0345
9296	4.0347
9298	4.0346
9300	4.03442
9302	4.03564
9304	4.03707
9306	4.03644
9308	4.03432
9310	4.03344
9312	4.03266
9314	4.03144
9316	4.03257
9318	4.03316
9320	4.03331
9322	4.03353
9324	4.03451
9326	4.03477
9328	4.03404
9330	4.04003
9332	4.07817
9334	4.13512
9336	4.20014
9338	4.2652
9340	4.32721
9342	4.38401
9344	4.43469
9346	4.48189
9348	4.52009
9350	4.5286
9352	4.50838
9354	4.47127
9356	4.42887
9358	4.38732
9360	4.34683
9362	4.308
9364	4.27265
9366	4.24274
9368	4.21611
9370	4.19189
9372	4.17014
9374	4.1511
9376	4.13347
9378	4.11956
9380	4.10877
9382	4.09873
9384	4.08977
9386	4.08405
9388	4.07776
9390	4.07259
9392	4.06808
9394	4.06348
9396	4.06058
9398	4.05778
9400	4.05614
9402	4.05262
9404	4.04943
9406	4.04885
9408	4.04856
9410	4.0456
9412	4.04312
9414	4.04146
9416	4.04095
9418	4.04073
9420	4.03904
9422	4.0379
9424	4.03697
9426	4.03611
9428	4.03555
9430	4.03551
9432	4.03502
9434	4.03408
9436	4.03376
9438	4.03258
9440	4.03102
9442	4.03038
9444	4.03149
9446	4.03148
9448	4.03129
9450	4.03151
9452	4.02967
9454	4.02802
9456	4.02772
9458	4.02728
9460	4.0272
9462	4.02628
9464	4.02579
9466	4.02647
9468	4.02637
9470	4.0274
9472	4.02716
9474	4.02522
9476	4.02475
9478	4.02651
9480	4.02758
9482	4.02694
9484	4.02549
9486	4.02411
9488	4.02363
9490	4.02454
9492	4.02415
9494	4.02453
9496	4.02517
9498	4.02635
9500	4.0261
9502	4.02533
9504	4.02517
9506	4.0256
9508	4.02582
9510	4.02478
9512	4.02455
9514	4.02403
9516	4.02313
9518	4.02205
9520	4.02228
9522	4.02256
9524	4.02149
9526	4.01972
9528	4.01865
9530	4.01861
9532	4.01827
9534	4.01874
9536	4.01885
9538	4.01912
9540	4.01998
9542	4.02014
9544	4.02086
9546	4.02029
9548	4.02091
9550	4.02159
9552	4.02207
9554	4.02051
9556	4.01896
9558	4.01898
9560	4.01874
9562	4.01849
9564	4.01821
9566	4.01898
9568	4.01816
9570	4.01847
9572	4.0201
9574	4.02015
9576	4.01852
9578	4.01744
9580	4.0176
9582	4.01814
9584	4.01885
9586	4.0193
9588	4.02076
9590	4.02092
9592	4.02095
9594	4.01898
9596	4.01662
9598	4.01581
9600	4.01525
9602	4.01597
9604	4.01666
9606	4.01527
9608	4.01505
9610	4.01478
9612	4.01446
9614	4.01613
9616	4.01583
9618	4.01536
9620	4.01582
9622	4.01591
9624	4.0169
9626	4.01696
9628	4.01747
9630	4.01717
9632	4.01578
9634	4.01542
9636	4.01593
9638	4.01642
9640	4.0167
9642	4.01597
9644	4.0163
9646	4.01501
9648	4.01494
9650	4.01448
9652	4.01382
9654	4.01426
9656	4.01391
9658	4.01304
9660	4.01328
9662	4.01335
9664	4.01492
9666	4.01513
9668	4.01404
9670	4.01354
9672	4.0134
9674	4.01396
9676	4.01385
9678	4.01362
9680	4.01282
9682	4.01116
9684	4.01149
9686	4.0129
9688	4.01473
9690	4.01415
9692	4.01288
9694	4.01339
9696	4.01444
9698	4.01367
9700	4.01189
9702	4.01113
9704	4.01108
9706	4.01141
9708	4.01281
9710	4.01348
9712	4.01393
9714	4.01417
9716	4.01381
9718	4.01192
9720	4.0112
9722	4.01198
9724	4.01306
9726	4.01323
9728	4.01172
9730	4.01757
9732	4.05228
9734	4.10775
9736	4.17175
9738	4.2364
9740	4.29652
9742	4.35093
9744	4.4016
9746	4.4468
9748	4.48643
9750	4.50025
9752	4.48437
9754	4.44988
9756	4.40912
9758	4.36659
9760	4.32509
9762	4.28569
9764	4.25059
9766	4.22081
9768	4.19216
9770	4.16705
9772	4.14675
9774	4.1299
9776	4.11475
9778	4.10063
9780	4.09007
9782	4.08106
9784	4.07202
9786	4.06413
9788	4.05702
9790	4.05011
9792	4.04474
9794	4.04084
9796	4.03817
9798	4.03589
9800	4.03217
9802	4.02934
9804	4.02667
9806	4.02522
9808	4.02471
9810	4.02205
9812	4.02077
9814	4.01958
9816	4.02015
9818	4.01968
9820	4.01808
9822	4.01648
9824	4.01581
9826	4.01433
9828	4.01403
9830	4.01292
9832	4.01105
9834	4.00958
9836	4.00947
9838	4.00985
9840	4.00871
9842	4.00844
9844	4.00755
9846	4.00622
9848	4.00683
9850	4.00708
9852	4.00631
9854	4.00673
9856	4.00569
9858	4.00421
9860	4.00406
9862	4.00402
9864	4.00385
9866	4.00407
9868	4.00491
9870	4.00479
9872	4.0055
9874	4.00515
9876	4.0045
9878	4.00359
9880	4.00335
9882	4.00346
9884	4.00207
9886	4.001
9888	4.00205
9890	4.00266
9892	4.0025
9894	4.00194
9896	4.0034
9898	4.00403
9900	4.00254
9902	4.00233
9904	4.00131
9906	4.00158
9908	4.00179
9910	4.00071
9912	3.9994
9914	3.9993
9916	4.00019
9918	4.00047
9920	4.00084
9922	3.99951
9924	3.99903
9926	3.99891
9928	3.9999
9930	3.99974
9932	3.99958
9934	3.99891
9936	3.9979
9938	3.99878
9940	3.99891
9942	3.99831
9944	3.9983
9946	3.99814
9948	3.99778
9950	3.99791
9952	3.99724
9954	3.99755
9956	3.99877
9958	3.99865
9960	3.9967
9962	3.99549
9964	3.99624
9966	3.99675
9968	3.99698
9970	3.99713
9972	3.99681
9974	3.99609
9976	3.9961
9978	3.99513
9980	3.99533
9982	3.99469
9984	3.99439
9986	3.99404
9988	3.9935
9990	3.99409
9992	3.9936
9994	3.99498
9996	3.99454
9998	3.99419
10000	3.99466
10002	3.99591
10004	3.99602
10006	3.9969
10008	3.99676
10010	3.99586
10012	3.99627
10014	3.99502
10016	3.99511
10018	3.99474
10020	3.99545
10022	3.99479
10024	3.99567
10026	3.99514
10028	3.9939
10030	3.99363
10032	3.99351
10034	3.99336
10036	3.99374
10038	3.9924
10040	3.99312
10042	3.99445
10044	3.99359
10046	3.99115
10048	3.99098
10050	3.99144
10052	3.99251
10054	3.99259
10056	3.99261
10058	3.99289
10060	3.99279
10062	3.99309
10064	3.99351
10066	3.99274
10068	3.99247
10070	3.99245
10072	3.99278
10074	3.99326
10076	3.99356
10078	3.9937
10080	3.99414
10082	3.99401
10084	3.9927
10086	3.99072
10088	3.98955
10090	3.98933
10092	3.98951
10094	3.98908
10096	3.98867
10098	3.98961
10100	3.9909
10102	3.99072
10104	3.9904
10106	3.98957
10108	3.98842
10110	3.988
10112	3.98767
10114	3.9893
10116	3.98971
10118	3.98997
10120	3.9906
10122	3.99056
10124	3.98984
10126	3.98836
10128	3.98905
10130	3.99489
10132	4.02412
10134	4.07626
10136	4.13884
10138	4.20451
10140	4.26604
10142	4.32227
10144	4.37371
10146	4.41931
10148	4.45919
10150	4.47792
10152	4.46242
10154	4.42887
10156	4.38753
10158	4.34417
10160	4.30264
10162	4.26442
10164	4.22958
10166	4.19881
10168	4.17263
10170	4.14902
10172	4.12808
10174	4.11002
10176	4.09297
10178	4.07728
10180	4.06473
10182	4.05396
10184	4.04438
10186	4.03704
10188	4.03113
10190	4.02616
10192	4.02193
10194	4.01717
10196	4.01422
10198	4.01074
10200	4.00857
10202	4.00762
10204	4.00528
10206	4.00231
10208	4.00102
10210	4.00073
10212	4.00019
10214	3.99868
10216	3.99669
10218	3.99485
10220	3.99301
10222	3.99173
10224	3.99191
10226	3.99132
10228	3.99078
10230	3.9902
10232	3.9879
10234	3.98684
10236	3.98556
10238	3.9859
10240	3.9876
10242	3.98828
10244	3.98807
10246	3.98813
10248	3.98684
10250	3.98522
10252	3.98365
10254	3.98261
10256	3.98055
10258	3.97981
10260	3.98053
10262	3.98054
10264	3.98081
10266	3.98172
10268	3.98094
10270	3.98137
10272	3.9817
10274	3.98147
10276	3.97998
10278	3.9794
10280	3.97866
10282	3.97879
10284	3.97848
10286	3.97896
10288	3.97974
10290	3.97935
10292	3.97941
10294	3.97932
10296	3.97949
10298	3.97905
10300	3.97856
10302	3.9774
10304	3.97753
10306	3.97716
10308	3.97721
10310	3.97671
10312	3.97537
10314	3.97574
10316	3.97483
10318	3.97491
10320	3.97549
10322	3.97643
10324	3.97753
10326	3.97707
10328	3.97616
10330	3.97616
10332	3.97533
10334	3.97521
10336	3.97566
10338	3.97639
10340	3.97566
10342	3.97512
10344	3.97446
10346	3.97236
10348	3.97149
10350	3.97271
10352	3.97293
10354	3.97331
10356	3.97269
10358	3.97284
10360	3.97356
10362	3.97456
10364	3.97478
10366	3.97444
10368	3.97474
10370	3.97407
10372	3.97359
10374	3.97357
10376	3.97411
10378	3.97476
10380	3.97411
10382	3.97254
10384	3.97161
10386	3.97093
10388	3.97091
10390	3.9712
10392	3.9713
10394	3.97161
10396	3.97228
10398	3.97066
10400	3.97045
10402	3.97112
10404	3.97041
10406	3.97121
10408	3.97088
10410	3.97178
10412	3.97191
10414	3.97206
10416	3.97223
10418	3.97206
10420	3.97144
10422	3.97118
10424	3.97134
10426	3.97032
10428	3.9686
10430	3.96667
10432	3.96586
10434	3.96683
10436	3.96686
10438	3.96593
10440	3.96724
10442	3.96835
10444	3.96873
10446	3.96878
10448	3.96851
10450	3.96794
10452	3.96899
10454	3.96905
10456	3.96912
10458	3.96904
10460	3.96913
10462	3.96945
10464	3.969
10466	3.96815
10468	3.96688
10470	3.96639
10472	3.96643
10474	3.96721
10476	3.96797
10478	3.96682
10480	3.96731
10482	3.9683
10484	3.96675
10486	3.96556
10488	3.96603
10490	3.96643
10492	3.96781
10494	3.96799
10496	3.96755
10498	3.96599
10500	3.96603
10502	3.96617
10504	3.96504
10506	3.96532
10508	3.96445
10510	3.96543
10512	3.96529
10514	3.96505
10516	3.96454
10518	3.96415
10520	3.9654
10522	3.96564
10524	3.96387
10526	3.96371
10528	3.96429
10530	3.96813
10532	3.99587
10534	4.04993
10536	4.11315
10538	4.17745
10540	4.23806
10542	4.29415
10544	4.34635
10546	4.39275
10548	4.43297
10550	4.45203
10552	4.43829
10554	4.40587
10556	4.36384
10558	4.32167
10560	4.28111
10562	4.24331
10564	4.2081
10566	4.17619
10568	4.14814
10570	4.12338
10572	4.10168
10574	4.08226
10576	4.0666
10578	4.05373
10580	4.04223
10582	4.03393
10584	4.02514
10586	4.01687
10588	4.00934
10590	4.00352
10592	4.0009
10594	3.99647
10596	3.99179
10598	3.98777
10600	3.9848
10602	3.98093
10604	3.97875
10606	3.97705
10608	3.9765
10610	3.97503
10612	3.97507
10614	3.97365
10616	3.97189
10618	3.97026
10620	3.96834
10622	3.96694
10624	3.96646
10626	3.96475
10628	3.96467
10630	3.96537
10632	3.96441
10634	3.96343
10636	3.96407
10638	3.96345
10640	3.96175
10642	3.96122
10644	3.9601
10646	3.9604
10648	3.96041
10650	3.95916
10652	3.95917
10654	3.95855
10656	3.95748
10658	3.95698
10660	3.95652
10662	3.956
10664	3.95644
10666	3.95677
10668	3.95717
10670	3.95701
10672	3.95706
10674	3.95769
10676	3.95795
10678	3.95737
10680	3.9569
10682	3.95724
10684	3.95648
10686	3.95655
10688	3.9564
10690	3.95592
10692	3.95412
10694	3.95254
10696	3.95275
10698	3.9529
10700	3.95238
10702	3.9525
10704	3.95269
10706	3.95198
10708	3.95153
10710	3.95093
10712	3.95077
10714	3.95029
10716	3.9504
10718	3.95158
10720	3.95137
10722	3.95128
10724	3.95179
10726	3.95124
10728	3.95025
10730	3.95005
10732	3.94968
10734	3.94953
10736	3.95034
10738	3.94939
10740	3.94851
10742	3.94823
10744	3.94845
10746	3.94884
10748	3.94842
10750	3.94778
10752	3.94811
10754	3.94894
10756	3.94932
10758	3.94888
10760	3.94927
10762	3.94898
10764	3.94778
10766	3.94782
10768	3.94861
10770	3.94948
10772	3.95031
10774	3.9488
10776	3.94788
10778	3.94804
10780	3.94695
10782	3.94639
10784	3.94692
10786	3.9483
10788	3.94839
10790	3.94803
10792	3.94728
10794	3.94537
10796	3.94524
10798	3.94522
10800	3.94485
10802	3.94406
10804	3.94441
10806	3.94486
10808	3.94431
10810	3.94367
10812	3.94389
10814	3.9456
10816	3.94543
10818	3.94565
10820	3.94567
10822	3.94662
10824	3.94539
10826	3.94456
10828	3.94547
10830	3.94703
10832	3.94715
10834	3.94664
10836	3.94679
10838	3.94537
10840	3.94547
10842	3.94587
10844	3.94518
10846	3.94358
10848	3.94341
10850	3.94424
10852	3.9449
10854	3.94398
10856	3.94446
10858	3.94519
10860	3.9442
10862	3.94385
10864	3.94412
10866	3.94377
10868	3.94289
10870	3.94143
10872	3.94093
10874	3.94088
10876	3.94103
10878	3.94059
10880	3.94073
10882	3.94166
10884	3.94132
10886	3.94246
10888	3.94334
10890	3.9433
10892	3.9432
10894	3.94323
10896	3.94419
10898	3.94314
10900	3.94217
10902	3.94149
10904	3.94064
10906	3.93949
10908	3.93915
10910	3.93949
10912	3.94
10914	3.94177
10916	3.94247
10918	3.94107
10920	3.94074
10922	3.94019
10924	3.94005
10926	3.94007
10928	3.93814
10930	3.93918
10932	3.96322
10934	4.01323
10936	4.07554
10938	4.14046
10940	4.20194
10942	4.25866
10944	4.30944
10946	4.35457
10948	4.39511
10950	4.41774
10952	4.40743
10954	4.37743
10956	4.3385
10958	4.29573
10960	4.25394
10962	4.21602
10964	4.18114
10966	4.1497
10968	4.12368
10970	4.09997
10972	4.07778
10974	4.05875
10976	4.04269
10978	4.02816
10980	4.01632
10982	4.0049
10984	3.99576
10986	3.98907
10988	3.98246
10990	3.97795
10992	3.97422
10994	3.96965
10996	3.9661
10998	3.96238
11000	3.95944
11002	3.95708
11004	3.95625
11006	3.95455
11008	3.95133
11010	3.94938
11012	3.94886
11014	3.94766
11016	3.94611
11018	3.9451
11020	3.94293
11022	3.94093
11024	3.93997
11026	3.93957
11028	3.9389
11030	3.93685
11032	3.93727
11034	3.93694
11036	3.93576
11038	3.93549
11040	3.93499
11042	3.93343
11044	3.93218
11046	3.93316
11048	3.93429
11050	3.93416
11052	3.93244
11054	3.93163
11056	3.93078
11058	3.93049
11060	3.93043
11062	3.92986
11064	3.93052
11066	3.93179
11068	3.93114
11070	3.93048
11072	3.92931
11074	3.92765
11076	3.92887
11078	3.9288
11080	3.92852
11082	3.92805
11084	3.92705
11086	3.92648
11088	3.92703
11090	3.92727
11092	3.92659
11094	3.92798
11096	3.9278
11098	3.92764
11100	3.92744
11102	3.92669
11104	3.9262
11106	3.92592
11108	3.92617
11110	3.92687
11112	3.92669
11114	3.92785
11116	3.92668
11118	3.92498
11120	3.92461
11122	3.92411
11124	3.92286
11126	3.92315
11128	3.92212
11130	3.92167
11132	3.92229
11134	3.92204
11136	3.92192
11138	3.92167
11140	3.92196
11142	3.92302
11144	3.92473
11146	3.92386
11148	3.92369
11150	3.92437
11152	3.92328
11154	3.92375
11156	3.92405
11158	3.92391
11160	3.92432
11162	3.92433
11164	3.92509
11166	3.92398
11168	3.92278
11170	3.92218
11172	3.92176
11174	3.92091
11176	3.92065
11178	3.92094
11180	3.92075
11182	3.92053
11184	3.92075
11186	3.92177
11188	3.92183
11190	3.92114
11192	3.92113
11194	3.92068
11196	3.92081
11198	3.91955
11200	3.91869
11202	3.91819
11204	3.91838
11206	3.91809
11208	3.91853
11210	3.92022
11212	3.92185
11214	3.92198
11216	3.92182
11218	3.92158
11220	3.92102
11222	3.92119
11224	3.92078
11226	3.92128
11228	3.92122
11230	3.91966
11232	3.91769
11234	3.91706
11236	3.91661
11238	3.91696
11240	3.9173
11242	3.91825
11244	3.91831
11246	3.91832
11248	3.9173
11250	3.91655
11252	3.9173
11254	3.9178
11256	3.91776
11258	3.91755
11260	3.91647
11262	3.91644
11264	3.91695
11266	3.91644
11268	3.91706
11270	3.9178
11272	3.91709
11274	3.91683
11276	3.91766
11278	3.91669
11280	3.91612
11282	3.91563
11284	3.91538
11286	3.91371
11288	3.9135
11290	3.91338
11292	3.91445
11294	3.91453
11296	3.91446
11298	3.91382
11300	3.9139
11302	3.91391
11304	3.91446
11306	3.91316
11308	3.91419
11310	3.9154
11312	3.91595
11314	3.91593
11316	3.91624
11318	3.91575
11320	3.91472
11322	3.9132
11324	3.91235
11326	3.91251
11328	3.91254
11330	3.91398
11332	3.93693
11334	3.98593
11336	4.04533
11338	4.10978
11340	4.17212
11342	4.22802
11344	4.27877
11346	4.32509
11348	4.3643
11350	4.38719
11352	4.37748
11354	4.34861
11356	4.31028
11358	4.26916
11360	4.22917
11362	4.19191
11364	4.15736
11366	4.12601
11368	4.09847
11370	4.07311
11372	4.05152
11374	4.03201
11376	4.01489
11378	4.00038
11380	3.98802
11382	3.97847
11384	3.97136
11386	3.96385
11388	3.95692
11390	3.95082
11392	3.94661
11394	3.94301
11396	3.93964
11398	3.93684
11400	3.93434
11402	3.93142
11404	3.92953
11406	3.92694
11408	3.92406
11410	3.92341
11412	3.92178
11414	3.92081
11416	3.9205
11418	3.9188
11420	3.91664
11422	3.91558
11424	3.91414
11426	3.9126
11428	3.91077
11430	3.90966
11432	3.90923
11434	3.91032
11436	3.9108
11438	3.91099
11440	3.91058
11442	3.91002
11444	3.91025
11446	3.90964
11448	3.90845
11450	3.90701
11452	3.90707
11454	3.90647
11456	3.90535
11458	3.90397
11460	3.90304
11462	3.90316
11464	3.90353
11466	3.90337
11468	3.9033
11470	3.90371
11472	3.90504
11474	3.90513
11476	3.90389
11478	3.90242
11480	3.90178
11482	3.90154
11484	3.90021
11486	3.90015
11488	3.90094
11490	3.90031
11492	3.9007
11494	3.90136
11496	3.90204
11498	3.90245
11500	3.90134
11502	3.90104
11504	3.90156
11506	3.90087
11508	3.90035
11510	3.90054
11512	3.90145
11514	3.90176
11516	3.89947
11518	3.8979
11520	3.89872
11522	3.89914
11524	3.89954
11526	3.89954
11528	3.89931
11530	3.8996
11532	3.89904
11534	3.89819
11536	3.89862
11538	3.89902
11540	3.89973
11542	3.90066
11544	3.89969
11546	3.89878
11548	3.89792
11550	3.89679
11552	3.89588
11554	3.89462
11556	3.8938
11558	3.89367
11560	3.89456
11562	3.89521
11564	3.89505
11566	3.89548
11568	3.89498
11570	3.8953
11572	3.89503
11574	3.89482
11576	3.8951
11578	3.89431
11580	3.89329
11582	3.89346
11584	3.89385
11586	3.89517
11588	3.89551
11590	3.89588
11592	3.8953
11594	3.89494
11596	3.89396
11598	3.89313
11600	3.89384
11602	3.89471
11604	3.89455
11606	3.89471
11608	3.89507
11610	3.89402
11612	3.89411
11614	3.89369
11616	3.89259
11618	3.89201
11620	3.89289
11622	3.89298
11624	3.89237
11626	3.89279
11628	3.89281
11630	3.89143
11632	3.89103
11634	3.89169
11636	3.89249
11638	3.89241
11640	3.89168
11642	3.89138
11644	3.89036
11646	3.88934
11648	3.88931
11650	3.889
11652	3.88889
11654	3.88924
11656	3.88874
11658	3.88821
11660	3.88964
11662	3.89084
11664	3.89021
11666	3.88881
11668	3.88878
11670	3.88964
11672	3.89032
11674	3.89014
11676	3.88938
11678	3.88886
11680	3.88868
11682	3.88935
11684	3.88959
11686	3.88944
11688	3.88941
11690	3.88976
11692	3.89119
11694	3.89237
11696	3.89145
11698	3.88941
11700	3.88837
11702	3.88772
11704	3.88717
11706	3.88764
11708	3.88749
11710	3.8873
11712	3.88714
11714	3.88797
11716	3.88845
11718	3.88799
11720	3.88815
11722	3.88715
11724	3.88605
11726	3.88625
11728	3.88463
11730	3.88655
11732	3.90821
11734	3.95523
11736	4.01403
11738	4.07568
11740	4.13695
11742	4.19335
11744	4.24329
11746	4.28983
11748	4.33109
11750	4.35513
11752	4.34698
11754	4.31872
11756	4.27928
11758	4.23813
11760	4.19814
11762	4.16008
11764	4.12598
11766	4.09512
11768	4.06786
11770	4.04418
11772	4.02284
11774	4.00395
11776	3.98777
11778	3.97314
11780	3.96085
11782	3.951
11784	3.9426
11786	3.93582
11788	3.92881
11790	3.92268
11792	3.91895
11794	3.91594
11796	3.9125
11798	3.90922
11800	3.90586
11802	3.9039
11804	3.90245
11806	3.89852
11808	3.89509
11810	3.89232
11812	3.89261
11814	3.89146
11816	3.88961
11818	3.88768
11820	3.88741
11822	3.88652
11824	3.88591
11826	3.88497
11828	3.88423
11830	3.88331
11832	3.88297
11834	3.88301
11836	3.8834
11838	3.88376
11840	3.88282
11842	3.88096
11844	3.87985
11846	3.87954
11848	3.88017
11850	3.88041
11852	3.88084
11854	3.88056
11856	3.87863
11858	3.87744
11860	3.87761
11862	3.87767
11864	3.87709
11866	3.87759
11868	3.87791
11870	3.87704
11872	3.87615
11874	3.87633
11876	3.87465
11878	3.87213
11880	3.87123
11882	3.87165
11884	3.87251
11886	3.87274
11888	3.87192
11890	3.87288
11892	3.87469
11894	3.87485
11896	3.8734
11898	3.87387
11900	3.87447
11902	3.87441
11904	3.87311
11906	3.87227
11908	3.87177
11910	3.87226
11912	3.873
11914	3.87324
11916	3.87211
11918	3.87193
11920	3.87167
11922	3.86949
11924	3.86774
11926	3.86851
11928	3.86934
11930	3.8691
11932	3.8691
11934	3.86926
11936	3.86838
11938	3.8686
11940	3.86801
11942	3.86855
11944	3.86977
11946	3.86951
11948	3.86947
11950	3.86902
11952	3.86908
11954	3.86986
11956	3.87006
11958	3.87047
11960	3.87063
11962	3.8708
11964	3.87088
11966	3.86983
11968	3.86903
11970	3.86867
11972	3.86811
11974	3.86716
11976	3.867
11978	3.86793
11980	3.86819
11982	3.86827
11984	3.8685
11986	3.86762
11988	3.86643
11990	3.86541
11992	3.86529
11994	3.86651
11996	3.86702
11998	3.86638
12000	3.86478
12002	3.86392
12004	3.86409
12006	3.86462
12008	3.86498
12010	3.86456
12012	3.86435
12014	3.86368
12016	3.86451
12018	3.86392
12020	3.8645
12022	3.86525
12024	3.86502
12026	3.86421
12028	3.8643
12030	3.86366
12032	3.86395
12034	3.86321
12036	3.86332
12038	3.86403
12040	3.86449
12042	3.8638
12044	3.86264
12046	3.8614
12048	3.86098
12050	3.86137
12052	3.86199
12054	3.86061
12056	3.86048
12058	3.86085
12060	3.86133
12062	3.86249
12064	3.86346
12066	3.86351
12068	3.86328
12070	3.86429
12072	3.86373
12074	3.86286
12076	3.86081
12078	3.86058
12080	3.86084
12082	3.86256
12084	3.86277
12086	3.86178
12088	3.86153
12090	3.86038
12092	3.86024
12094	3.85973
12096	3.85947
12098	3.8591
12100	3.85852
12102	3.85933
12104	3.85952
12106	3.85951
12108	3.85965
12110	3.86005
12112	3.86039
12114	3.85917
12116	3.85876
12118	3.85982
12120	3.85951
12122	3.85876
12124	3.85827
12126	3.8591
12128	3.859
12130	3.85967
12132	3.87742
12134	3.92255
12136	3.98118
12138	4.0442
12140	4.10396
12142	4.1608
12144	4.21279
12146	4.25824
12148	4.29896
12150	4.32601
12152	4.32165
12154	4.29499
12156	4.258
12158	4.21629
12160	4.17596
12162	4.13781
12164	4.10145
12166	4.06818
12168	4.04009
12170	4.01624
12172	3.99533
12174	3.97716
12176	3.95958
12178	3.94622
12180	3.93465
12182	3.92387
12184	3.91462
12186	3.90844
12188	3.90203
12190	3.89621
12192	3.89169
12194	3.887
12196	3.88379
12198	3.881
12200	3.87766
12202	3.87483
12204	3.87216
12206	3.87068
12208	3.87027
12210	3.86861
12212	3.86739
12214	3.86587
12216	3.8641
12218	3.86196
12220	3.8615
12222	3.86135
12224	3.86036
12226	3.85939
12228	3.85848
12230	3.85596
12232	3.85458
12234	3.8534
12236	3.85151
12238	3.85053
12240	3.84944
12242	3.84987
12244	3.85123
12246	3.85182
12248	3.85095
12250	3.85091
12252	3.85131
12254	3.85061
12256	3.85046
12258	3.85088
12260	3.85016
12262	3.84901
12264	3.84968
12266	3.84931
12268	3.84957
12270	3.84881
12272	3.84862
12274	3.84845
12276	3.84944
12278	3.84893
12280	3.84866
12282	3.8481
12284	3.84809
12286	3.84726
12288	3.84707
12290	3.84627
12292	3.84574
12294	3.84467
12296	3.84458
12298	3.84453
12300	3.8444
12302	3.84521
12304	3.84493
12306	3.84463
12308	3.84458
12310	3.84429
12312	3.84274
12314	3.84245
12316	3.84289
12318	3.84379
12320	3.84428
12322	3.84411
12324	3.84347
12326	3.84365
12328	3.84367
12330	3.84245
12332	3.84193
12334	3.84258
12336	3.84359
12338	3.84418
12340	3.84364
12342	3.84288
12344	3.84146
12346	3.84028
12348	3.84035
12350	3.84041
12352	3.84024
12354	3.84022
12356	3.84022
12358	3.83994
12360	3.84112
12362	3.84094
12364	3.84052
12366	3.83995
12368	3.83915
12370	3.83904
12372	3.83926
12374	3.84023
12376	3.83993
12378	3.8391
12380	3.83873
12382	3.83963
12384	3.84113
12386	3.84132
12388	3.83981
12390	3.8387
12392	3.83806
12394	3.83887
12396	3.83929
12398	3.83947
12400	3.83894
12402	3.83771
12404	3.83673
12406	3.83559
12408	3.83554
12410	3.83617
12412	3.83648
12414	3.83628
12416	3.83657
12418	3.83722
12420	3.83744
12422	3.83843
12424	3.83899
12426	3.83854
12428	3.83774
12430	3.83624
12432	3.83621
12434	3.83679
12436	3.83597
12438	3.83588
12440	3.83557
12442	3.83666
12444	3.83749
12446	3.83717
12448	3.83566
12450	3.8356
12452	3.83474
12454	3.83546
12456	3.83428
12458	3.83331
12460	3.83434
12462	3.8356
12464	3.8356
12466	3.8359
12468	3.83579
12470	3.83531
12472	3.83506
12474	3.83432
12476	3.83337
12478	3.83308
12480	3.83367
12482	3.8343
12484	3.83485
12486	3.83329
12488	3.83238
12490	3.83292
12492	3.83278
12494	3.83232
12496	3.83215
12498	3.83161
12500	3.83126
12502	3.83047
12504	3.83016
12506	3.83019
12508	3.83111
12510	3.83115
12512	3.83191
12514	3.832
12516	3.83248
12518	3.831
12520	3.83074
12522	3.83147
12524	3.83144
12526	3.83097
