time	cp
2	0.37491
4	0.35948
6	0.34358
8	0.32745
10	0.31229
12	0.29542
14	0.27935
16	0.26383
18	0.24823
20	0.2315
22	0.21617
24	0.19927
26	0.18328
28	0.16813
30	0.1527
32	0.13704
34	0.12169
36	0.10614
38	0.09068
40	0.07579
42	0.06077
44	0.045
46	0.02862
48	0.01287
50	-6.72018E-4
52	2.23967E-4
54	-5.88047E-4
56	5.09389E-5
58	3.42925E-4
60	2.0291E-4
62	7.58896E-4
64	0.00133
66	0.00245
68	0.00216
70	0.00157
72	0.00124
74	0.00166
76	0.00217
78	9.82782E-4
80	0.00152
82	7.38754E-4
84	5.99739E-4
86	9.09725E-4
88	0.00129
90	0.00112
92	0.00136
94	0.0015
96	0.00199
98	0.00151
100	9.46626E-4
102	0.00106
104	9.64597E-4
106	7.67583E-4
108	3.48569E-4
110	-9.16446E-4
112	-8.7046E-4
114	-7.47474E-4
116	7.44512E-4
118	0.00112
120	-3.04517E-4
122	-1.05311E-5
124	5.89455E-4
126	-3.85596E-5
128	-5.68574E-4
130	0.01069
132	0.0445
134	0.09226
136	0.13975
138	0.16348
140	0.16736
142	0.16106
144	0.14948
146	0.13563
148	0.1212
150	0.10665
152	0.09289
154	0.08098
156	0.07082
158	0.06226
160	0.05448
162	0.04603
164	0.04101
166	0.03686
168	0.03164
170	0.02766
172	0.02541
174	0.02308
176	0.02045
178	0.01786
180	0.01727
182	0.01539
184	0.01359
186	0.01304
188	0.01215
190	0.01208
192	0.01191
194	0.01208
196	0.01201
198	0.01178
200	0.01081
202	0.01022
204	0.00953
206	0.0082
208	0.00744
210	0.00754
212	0.00771
214	0.00762
216	0.00771
218	0.00652
220	0.00585
222	0.00566
224	0.00503
226	0.00435
228	0.0044
230	0.00383
232	0.00352
234	0.00393
236	0.00397
238	0.00403
240	0.00407
242	0.00497
244	0.00509
246	0.00409
248	0.00362
250	0.00288
252	0.00354
254	0.00335
256	0.00278
258	0.00263
260	0.00216
262	0.00193
264	0.00112
266	0.00183
268	9.64353E-4
270	0.00117
272	0.00186
274	0.00161
276	0.0018
278	0.00155
280	0.0013
282	0.00215
284	0.00273
286	0.00235
288	0.00159
290	0.00137
292	0.00118
294	6.0656E-4
296	0.00189
298	0.00133
300	0.00132
302	0.0017
304	0.00172
306	0.00157
308	0.00124
310	0.00108
312	0.00181
314	0.00229
316	0.00199
318	0.00218
320	0.00285
322	0.00344
324	0.00398
326	0.0037
328	0.00404
330	0.00462
332	0.00422
334	0.00349
336	0.00369
338	0.00434
340	0.00479
342	0.00462
344	0.0039
346	0.00328
348	0.00343
350	0.0028
352	0.0023
354	0.00195
356	0.00193
358	0.00297
360	0.00263
362	0.0029
364	0.00244
366	0.00294
368	0.00302
370	0.00157
372	0.00186
374	0.00255
376	0.00147
378	9.12986E-4
380	-7.83102E-5
382	1.47393E-4
384	-3.59903E-4
386	-0.00108
388	-4.53425E-4
390	-2.21439E-4
392	-3.28454E-4
394	-3.48468E-4
396	1.51789E-6
398	0.001
400	-7.46511E-4
402	-7.47525E-4
404	-2.04539E-4
406	7.53447E-4
408	7.51432E-4
410	0.00116
412	4.07404E-4
414	0.00144
416	0.00246
418	0.00138
420	5.72347E-4
422	-7.11667E-4
424	-0.00108
426	-1.90696E-4
428	-6.8371E-4
430	-0.00141
432	-0.00113
434	-9.62753E-4
436	-0.00145
438	-0.00149
440	2.00205E-4
442	0.00143
444	0.00134
446	0.00242
448	0.00217
450	0.00195
452	7.26119E-4
454	-9.29895E-4
456	-7.19093E-5
458	2.82076E-4
460	-2.47938E-4
462	-5.86952E-4
464	-9.74966E-4
466	-1.86981E-4
468	4.07005E-4
470	-3.10009E-4
472	-0.00133
474	-0.00152
476	-4.45052E-4
478	1.89934E-4
480	0.00128
482	0.00254
484	0.00135
486	5.39725E-4
488	-8.70618E-5
490	7.31151E-4
492	4.33643E-5
494	-5.51423E-4
496	-8.0821E-4
498	-7.25997E-4
500	-4.11783E-4
502	-2.5457E-4
504	-7.83574E-5
506	9.37856E-4
508	7.90069E-4
510	6.31282E-4
512	-1.67505E-4
514	-6.21292E-4
516	-1.46079E-4
518	1.73134E-4
520	1.54347E-4
522	-5.9244E-4
524	-0.00154
526	2.32986E-4
528	0.02314
530	0.07349
532	0.13804
534	0.20857
536	0.27636
538	0.34055
540	0.39772
542	0.45058
544	0.49764
546	0.52408
548	0.51644
550	0.48509
552	0.44246
554	0.39765
556	0.35324
558	0.31067
560	0.27364
562	0.23989
564	0.20858
566	0.18129
568	0.15864
570	0.13895
572	0.12136
574	0.10661
576	0.09339
578	0.08194
580	0.07177
582	0.06353
584	0.05605
586	0.0506
588	0.046
590	0.04169
592	0.03814
594	0.03413
596	0.03126
598	0.0301
600	0.02729
602	0.02476
604	0.02282
606	0.02077
608	0.01834
610	0.01751
612	0.0178
614	0.01685
616	0.01578
618	0.0151
620	0.01436
622	0.01306
624	0.01308
626	0.01225
628	0.01059
630	0.0101
632	0.00959
634	0.00986
636	0.0096
638	0.00953
640	0.0091
642	0.00824
644	0.00763
646	0.00726
648	0.00669
650	0.0067
652	0.00698
654	0.0065
656	0.00584
658	0.00534
660	0.00396
662	0.00422
664	0.0049
666	0.00486
668	0.00484
670	0.00471
672	0.00483
674	0.00439
676	0.00399
678	0.0024
680	0.00298
682	0.00315
684	0.00373
686	0.00332
688	0.00254
690	0.00235
692	0.0015
694	0.00125
696	0.00119
698	0.00254
700	0.00257
702	0.00229
704	0.0023
706	0.00242
708	0.00128
710	4.55513E-4
712	5.42667E-4
714	6.81822E-4
716	0.00139
718	0.00196
720	0.00155
722	6.8144E-4
724	2.91595E-4
726	1.5675E-4
728	-4.80096E-4
730	5.28059E-4
732	7.08213E-4
734	1.71368E-4
736	2.51523E-4
738	0.00118
740	0.00147
742	0.00165
744	0.00137
746	0.00101
748	0.00114
750	0.00101
752	0.00247
754	0.0025
756	0.00209
758	0.0014
760	0.00162
762	7.81533E-4
764	-7.03128E-5
766	0.0011
768	0.00186
770	0.00255
772	0.003
774	0.00314
776	0.00305
778	0.00193
780	0.00145
782	0.00167
784	0.00169
786	0.00118
788	9.55542E-4
790	0.00107
792	6.25852E-4
794	0.00106
796	8.26161E-4
798	8.32316E-4
800	0.00191
802	0.00176
804	8.69779E-4
806	0.00106
808	2.57089E-4
810	3.66243E-4
812	4.74398E-4
814	6.67552E-4
816	0.00214
818	0.00173
820	0.00244
822	0.00157
824	6.81325E-4
826	2.9248E-4
828	2.14635E-4
830	1.94789E-4
832	5.59944E-4
834	-2.10902E-4
836	6.53253E-4
838	-9.59233E-6
840	-4.34438E-4
842	-3.62831E-5
844	0.00121
846	0.00128
848	5.60181E-4
850	0.00112
852	0.00195
854	6.22645E-4
856	0.00125
858	0.0017
860	0.00148
862	0.00163
864	0.00173
866	0.00163
868	8.65632E-4
870	6.23169E-4
872	3.66706E-4
874	1.71243E-4
876	9.4878E-4
878	-2.31683E-4
880	4.5854E-5
882	-0.0011
884	-0.00202
886	-0.00118
888	1.10002E-4
890	1.57539E-4
892	-1.86924E-4
894	0.00124
896	0.002
898	0.00228
900	9.99224E-4
902	-2.84239E-4
904	-1.96702E-4
906	3.13835E-4
908	9.15372E-4
910	2.55909E-4
912	-8.18139E-4
914	-6.10031E-4
916	0.00118
918	0.00166
920	0.00109
922	3.49403E-4
924	-1.60488E-4
926	-2.11379E-4
928	0.02045
930	0.07408
932	0.14243
934	0.21609
936	0.2881
938	0.35555
940	0.41585
942	0.46842
944	0.51476
946	0.54617
948	0.53989
950	0.50625
952	0.46295
954	0.41571
956	0.36893
958	0.32603
960	0.28548
962	0.24992
964	0.2192
966	0.19098
968	0.16636
970	0.14602
972	0.12789
974	0.11027
976	0.09579
978	0.08516
980	0.07627
982	0.06789
984	0.05963
986	0.05345
988	0.04844
990	0.0437
992	0.03881
994	0.03537
996	0.03271
998	0.03009
1000	0.02776
1002	0.02656
1004	0.02367
1006	0.02159
1008	0.02154
1010	0.01967
1012	0.0188
1014	0.01673
1016	0.01506
1018	0.0131
1020	0.01282
1022	0.01097
1024	0.00962
1026	0.00808
1028	0.00802
1030	0.00673
1032	0.00609
1034	0.00724
1036	0.00646
1038	0.0059
1040	0.00639
1042	0.00667
1044	0.00586
1046	0.00467
1048	0.00439
1050	0.00439
1052	0.00353
1054	0.00183
1056	0.0022
1058	0.00315
1060	0.00228
1062	0.00237
1064	0.00272
1066	0.00335
1068	0.00327
1070	0.00253
1072	0.00164
1074	0.00208
1076	0.00209
1078	0.00171
1080	0.00203
1082	0.0026
1084	0.00278
1086	0.00171
1088	0.00309
1090	0.00374
1092	0.00411
1094	0.0031
1096	0.00226
1098	0.00217
1100	0.00213
1102	0.00182
1104	0.00203
1106	0.00243
1108	0.00311
1110	0.00259
1112	0.00191
1114	7.28016E-4
1116	8.8513E-4
1118	0.00163
1120	0.00183
1122	0.00145
1124	6.91585E-4
1126	8.34699E-4
1128	0.00103
1130	0.00164
1132	0.00194
1134	0.00206
1136	0.00177
1138	0.00176
1140	0.0012
1142	0.0012
1144	0.00111
1146	0.00105
1148	0.00136
1150	0.00165
1152	0.00109
1154	1.60291E-4
1156	-7.25595E-4
1158	-0.00128
1160	-0.00101
1162	-0.00164
1164	-8.0214E-4
1166	5.90974E-4
1168	0.00119
1170	0.0018
1172	0.00119
1174	0.00108
1176	0.00166
1178	0.00245
1180	0.00309
1182	0.00205
1184	-2.51002E-4
1186	0.00118
1188	9.62225E-4
1190	9.30339E-4
1192	0.00229
1194	0.00217
1196	0.0014
1198	0.00199
1200	0.0017
1202	2.19192E-4
1204	-4.00687E-4
1206	0.00163
1208	0.002
1210	0.00132
1212	0.00202
1214	0.00176
1216	0.00102
1218	0.00102
1220	0.00222
1222	0.00199
1224	0.00141
1226	-8.03551E-5
1228	-6.31234E-4
1230	-5.04113E-4
1232	-9.37992E-4
1234	-8.99871E-4
1236	-0.00132
1238	-4.90629E-4
1240	-7.60508E-4
1242	-4.14387E-4
1244	-9.93266E-4
1246	-0.00139
1248	-0.00105
1250	-1.2905E-4
1252	7.71574E-4
1254	8.67197E-4
1256	5.0282E-4
1258	8.43443E-4
1260	1.90066E-4
1262	-5.83311E-4
1264	-0.00105
1266	-1.86064E-4
1268	-2.91441E-4
1270	-1.39818E-4
1272	2.75805E-4
1274	8.25428E-4
1276	0.00168
1278	0.00252
1280	0.00281
1282	7.77921E-4
1284	3.14544E-4
1286	0.00115
1288	4.21791E-4
1290	4.13916E-7
1292	-0.00115
1294	-5.75276E-4
1296	-5.33334E-4
1298	-3.75393E-4
1300	-6.80451E-4
1302	-9.60509E-4
1304	-0.00112
1306	9.03738E-5
1308	3.63315E-4
1310	-3.37429E-5
1312	1.70199E-4
1314	-2.8886E-4
1316	-4.02918E-4
1318	-2.92976E-4
1320	7.40965E-4
1322	9.45907E-4
1324	3.88849E-4
1326	4.0779E-4
1328	0.01981
1330	0.07101
1332	0.13823
1334	0.21115
1336	0.28268
1338	0.35049
1340	0.41058
1342	0.46566
1344	0.51344
1346	0.54653
1348	0.5427
1350	0.51264
1352	0.46968
1354	0.42226
1356	0.37582
1358	0.3313
1360	0.29038
1362	0.2528
1364	0.2204
1366	0.19118
1368	0.16568
1370	0.14396
1372	0.12558
1374	0.11037
1376	0.09693
1378	0.08425
1380	0.07321
1382	0.06373
1384	0.05776
1386	0.05111
1388	0.04561
1390	0.04075
1392	0.03692
1394	0.03397
1396	0.03019
1398	0.02843
1400	0.02716
1402	0.02499
1404	0.02371
1406	0.02079
1408	0.0183
1410	0.01747
1412	0.01652
1414	0.0164
1416	0.0148
1418	0.0131
1420	0.01206
1422	0.01179
1424	0.01104
1426	0.01044
1428	0.0098
1430	0.00991
1432	0.00918
1434	0.00893
1436	0.00797
1438	0.00637
1440	0.00582
1442	0.00672
1444	0.00665
1446	0.00724
1448	0.00682
1450	0.00521
1452	0.0047
1454	0.00442
1456	0.00437
1458	0.00297
1460	0.00187
1462	0.0032
1464	0.00399
1466	0.00242
1468	0.00302
1470	0.0039
1472	0.00323
1474	0.00321
1476	0.00261
1478	0.00311
1480	0.00271
1482	0.00282
1484	0.00298
1486	0.00319
1488	0.00255
1490	0.00249
1492	0.00193
1494	0.00191
1496	0.00269
1498	0.00238
1500	0.00214
1502	0.00154
1504	0.00203
1506	0.00189
1508	0.00198
1510	0.00194
1512	7.9067E-4
1514	3.10484E-4
1516	3.92974E-5
1518	0.00101
1520	0.00137
1522	0.0017
1524	7.23552E-4
1526	0.00143
1528	0.00158
1530	4.31993E-4
1532	-5.41193E-4
1534	-3.73793E-5
1536	-2.88566E-4
1538	9.28248E-4
1540	4.61062E-4
1542	-7.80124E-4
1544	-1.54311E-4
1546	7.76503E-4
1548	7.42317E-4
1550	7.4313E-4
1552	0.00172
1554	0.00122
1556	6.01571E-4
1558	-8.26149E-5
1560	2.33199E-4
1562	-2.88987E-4
1564	2.58263E-5
1566	-1.2736E-4
1568	2.85454E-4
1570	1.92267E-4
1572	-2.97919E-4
1574	-1.35105E-4
1576	-1.65292E-4
1578	2.37522E-4
1580	-2.66664E-4
1582	-2.5685E-4
1584	6.19633E-5
1586	-0.00128
1588	4.78591E-4
1590	6.49404E-4
1592	0.00113
1594	0.00105
1596	3.34846E-4
1598	-3.76341E-4
1600	-7.27527E-4
1602	-9.40713E-4
1604	-0.00194
1606	-0.00181
1608	-0.00125
1610	-0.00146
1612	-0.00186
1614	-0.00165
1616	8.98254E-6
1618	7.96242E-7
1620	-2.8839E-4
1622	-0.00133
1624	-0.00109
1626	2.13051E-4
1628	-4.75269E-5
1630	-1.29066E-4
1632	-7.85606E-4
1634	3.31854E-4
1636	4.25315E-4
1638	0.00118
1640	7.00236E-4
1642	-3.58304E-4
1644	-5.96843E-4
1646	-0.00107
1648	-0.00129
1650	1.00538E-4
1652	6.94998E-4
1654	0.00203
1656	0.00149
1658	7.1738E-4
1660	8.1084E-4
1662	7.33301E-4
1664	-4.57239E-4
1666	-1.47785E-5
1668	-1.17318E-4
1670	-4.84858E-4
1672	-9.06397E-4
1674	-4.45937E-4
1676	-8.58795E-4
1678	-9.70896E-4
1680	6.30025E-5
1682	-6.40985E-5
1684	-4.592E-4
1686	-9.17301E-4
1688	-8.91402E-4
1690	-8.04503E-4
1692	-4.29604E-4
1694	-5.47045E-5
1696	-1.78806E-4
1698	2.20934E-5
1700	5.59924E-5
1702	0.00122
1704	6.4179E-4
1706	4.17689E-4
1708	-1.04116E-5
1710	2.34874E-5
1712	6.26386E-4
1714	1.43285E-4
1716	-2.72816E-4
1718	-8.28917E-4
1720	-5.47018E-4
1722	8.53881E-4
1724	0.00121
1726	0.00163
1728	0.01888
1730	0.069
1732	0.13639
1734	0.20987
1736	0.28161
1738	0.34811
1740	0.40867
1742	0.4625
1744	0.51062
1746	0.54479
1748	0.54321
1750	0.51342
1752	0.47049
1754	0.42493
1756	0.37815
1758	0.33291
1760	0.29242
1762	0.25481
1764	0.22238
1766	0.19272
1768	0.16811
1770	0.14573
1772	0.12699
1774	0.11094
1776	0.09643
1778	0.08595
1780	0.07576
1782	0.0663
1784	0.06008
1786	0.05337
1788	0.04724
1790	0.04323
1792	0.03868
1794	0.03509
1796	0.03144
1798	0.02906
1800	0.02698
1802	0.02525
1804	0.02395
1806	0.02212
1808	0.02059
1810	0.01869
1812	0.01672
1814	0.01466
1816	0.01351
1818	0.01255
1820	0.01231
1822	0.01281
1824	0.01035
1826	0.00916
1828	0.0082
1830	0.00779
1832	0.00664
1834	0.00709
1836	0.00766
1838	0.00608
1840	0.00627
1842	0.00494
1844	0.00448
1846	0.00573
1848	0.00515
1850	0.00509
1852	0.00545
1854	0.00454
1856	0.00271
1858	0.00345
1860	0.00349
1862	0.00417
1864	0.00476
1866	0.00434
1868	0.00434
1870	0.00282
1872	0.00131
1874	0.00113
1876	5.97652E-4
1878	9.25939E-4
1880	9.00226E-4
1882	0.00127
1884	0.00235
1886	0.00333
1888	0.00333
1890	0.00294
1892	0.00289
1894	0.004
1896	0.00407
1898	0.00439
1900	0.00381
1902	0.00172
1904	6.38666E-4
1906	2.37953E-4
1908	0.00129
1910	0.00142
1912	1.39813E-4
1914	0.00115
1916	0.00113
1918	2.31673E-4
1920	2.98959E-4
1922	8.43246E-4
1924	0.0013
1926	4.7382E-4
1928	3.41062E-5
1930	5.63929E-5
1932	9.6168E-4
1934	0.00148
1936	0.00199
1938	0.00205
1940	0.00113
1942	9.57113E-4
1944	-1.916E-4
1946	-8.43314E-4
1948	6.23973E-4
1950	3.6026E-4
1952	6.74546E-4
1954	8.35833E-4
1956	-7.18801E-5
1958	3.93407E-4
1960	0.00145
1962	0.00145
1964	7.41267E-4
1966	6.62553E-4
1968	-6.7016E-4
1970	4.27127E-4
1972	0.00126
1974	0.00212
1976	0.00211
1978	0.00183
1980	0.00114
1982	6.59847E-4
1984	7.04134E-4
1986	-7.0058E-4
1988	-0.00109
1990	-1.25006E-4
1992	8.3528E-4
1994	0.00104
1996	0.00123
1998	0.00147
2000	0.00139
2002	3.95714E-4
2004	6.16E-4
2006	0.00203
2008	0.0023
2010	0.00236
2012	4.85765E-4
2014	-1.62844E-4
2016	1.18547E-4
2018	-4.60062E-4
2020	-9.26709E-5
2022	-7.6328E-4
2024	-0.002
2026	-0.00106
2028	-0.00136
2030	-5.25716E-4
2032	2.86675E-4
2034	-6.19341E-5
2036	-1.95431E-5
2038	3.48478E-5
2040	0.00131
2042	0.00145
2044	6.72021E-4
2046	0.00114
2048	0.00141
2050	3.80194E-4
2052	-1.78415E-4
2054	-2.50244E-5
2056	-5.46334E-5
2058	2.3361E-4
2060	0.0015
2062	0.00182
2064	0.00147
2066	0.00154
2068	8.69801E-4
2070	0.00123
2072	4.39477E-4
2074	-2.61685E-4
2076	-2.84674E-6
2078	-7.84009E-4
2080	2.58296E-5
2082	-1.13332E-4
2084	4.62506E-4
2086	3.80344E-4
2088	-3.54818E-4
2090	-6.5898E-4
2092	-0.0014
2094	-0.00131
2096	-4.43465E-4
2098	6.96373E-4
2100	-1.46789E-4
2102	1.04049E-4
2104	-4.41126E-5
2106	-1.41316E-4
2108	5.84923E-5
2110	2.58301E-4
2112	-1.13891E-4
2114	-7.1083E-5
2116	-4.01275E-4
2118	-5.62467E-4
2120	1.26342E-4
2122	4.8815E-4
2124	8.95958E-4
2126	0.00215
2128	0.01713
2130	0.06421
2132	0.13081
2134	0.2033
2136	0.2741
2138	0.34076
2140	0.40157
2142	0.45679
2144	0.50464
2146	0.54007
2148	0.54084
2150	0.51338
2152	0.47396
2154	0.4276
2156	0.38023
2158	0.33506
2160	0.29412
2162	0.25655
2164	0.22222
2166	0.19291
2168	0.16797
2170	0.14653
2172	0.12737
2174	0.11201
2176	0.09917
2178	0.08499
2180	0.07446
2182	0.06699
2184	0.05884
2186	0.05155
2188	0.0467
2190	0.04249
2192	0.0384
2194	0.03465
2196	0.03077
2198	0.02863
2200	0.02859
2202	0.02661
2204	0.02548
2206	0.0253
2208	0.02378
2210	0.02201
2212	0.02054
2214	0.01914
2216	0.01906
2218	0.01825
2220	0.01584
2222	0.0167
2224	0.01626
2226	0.01486
2228	0.01313
2230	0.01159
2232	0.01102
2234	0.01069
2236	0.00781
2238	0.00592
2240	0.00598
2242	0.00531
2244	0.00405
2246	0.00517
2248	0.00487
2250	0.00465
2252	0.00526
2254	0.00562
2256	0.00603
2258	0.0053
2260	0.00426
2262	0.00506
2264	0.00449
2266	0.00348
2268	0.00392
2270	0.00374
2272	0.0028
2274	0.00242
2276	0.00192
2278	0.00245
2280	0.00194
2282	0.00184
2284	0.00252
2286	0.00237
2288	0.0026
2290	0.00229
2292	0.00154
2294	9.76774E-4
2296	0.00162
2298	0.00155
2300	0.00118
2302	0.00166
2304	0.00241
2306	0.00187
2308	0.00137
2310	0.00181
2312	0.00234
2314	0.00181
2316	0.00137
2318	0.00179
2320	0.00256
2322	0.00209
2324	0.00246
2326	0.00242
2328	0.00142
2330	0.00123
2332	0.00129
2334	0.00162
2336	0.0013
2338	2.93729E-4
2340	-1.78819E-4
2342	1.21634E-4
2344	0.0012
2346	0.00138
2348	0.00239
2350	0.00217
2352	0.0016
2354	0.00162
2356	0.00199
2358	0.00206
2360	0.00194
2362	0.00346
2364	0.00384
2366	0.00188
2368	0.00241
2370	0.00324
2372	0.00273
2374	0.0026
2376	0.0025
2378	8.3484E-4
2380	7.29754E-4
2382	4.57668E-4
2384	-7.11418E-4
2386	-8.69503E-4
2388	-0.00109
2390	-0.00137
2392	-5.94761E-4
2394	-5.32285E-4
2396	2.91015E-4
2398	7.16314E-4
2400	9.26614E-4
2402	7.86914E-4
2404	0.00142
2406	0.00142
2408	0.00114
2410	0.00143
2412	0.00103
2414	0.00241
2416	0.0018
2418	0.00231
2420	0.00251
2422	0.0027
2424	0.00254
2426	0.00235
2428	0.00123
2430	0.00129
2432	-3.95593E-4
2434	1.66707E-4
2436	2.57006E-4
2438	-3.97694E-4
2440	-0.00123
2442	-0.00107
2444	9.03886E-4
2446	0.00141
2448	0.00145
2450	0.00194
2452	8.71696E-4
2454	5.82149E-4
2456	0.00101
2458	2.92054E-4
2460	6.06506E-4
2462	0.00134
2464	7.15411E-4
2466	9.71864E-4
2468	-2.26839E-5
2470	-2.75231E-4
2472	-0.0021
2474	-0.00135
2476	-0.00131
2478	-0.00124
2480	-1.40969E-4
2482	-4.20517E-4
2484	-3.20641E-5
2486	-3.58612E-4
2488	-0.00143
2490	-0.00253
2492	-0.00145
2494	-0.00102
2496	-9.11332E-4
2498	3.63145E-4
2500	5.69621E-4
2502	-2.94902E-4
2504	-5.53425E-4
2506	-3.30948E-4
2508	1.71528E-4
2510	0.00109
2512	9.54819E-5
2514	-0.00125
2516	-3.43565E-4
2518	6.35912E-4
2520	0.00177
2522	0.00196
2524	9.94342E-4
2526	4.02819E-4
2528	0.01478
2530	0.06245
2532	0.12777
2534	0.20279
2536	0.27476
2538	0.34238
2540	0.40363
2542	0.45822
2544	0.50594
2546	0.54207
2548	0.54398
2550	0.51753
2552	0.47573
2554	0.42912
2556	0.38293
2558	0.33631
2560	0.29428
2562	0.25693
2564	0.22297
2566	0.19536
2568	0.17031
2570	0.14788
2572	0.12911
2574	0.11367
2576	0.09927
2578	0.08744
2580	0.07709
2582	0.06747
2584	0.05965
2586	0.05366
2588	0.04938
2590	0.04519
2592	0.04126
2594	0.03636
2596	0.03206
2598	0.02939
2600	0.02779
2602	0.02384
2604	0.0226
2606	0.02208
2608	0.01991
2610	0.01835
2612	0.01753
2614	0.01707
2616	0.01576
2618	0.01423
2620	0.01314
2622	0.0119
2624	0.01048
2626	0.01092
2628	0.00975
2630	0.0086
2632	0.0078
2634	0.0069
2636	0.00636
2638	0.00593
2640	0.00642
2642	0.00537
2644	0.00443
2646	0.00399
2648	0.0037
2650	0.00369
2652	0.00362
2654	0.00403
2656	0.00479
2658	0.00488
2660	0.00348
2662	0.00135
2664	0.00174
2666	0.00285
2668	0.0031
2670	0.00485
2672	0.00557
2674	0.00377
2676	0.00254
2678	8.34182E-4
2680	8.53238E-4
2682	8.73349E-4
2684	1.7446E-4
2686	0.00124
2688	0.00212
2690	0.00144
2692	0.0018
2694	0.00191
2696	0.00247
2698	0.00204
2700	0.00155
2702	4.12456E-4
2704	8.06566E-4
2706	0.00118
2708	0.00145
2710	0.00151
2712	0.00103
2714	5.2912E-4
2716	0.00145
2718	0.00131
2720	0.0019
2722	0.00245
2724	0.00166
2726	0.00114
2728	-7.91594E-4
2730	7.36801E-5
2732	0.00187
2734	2.44228E-4
2736	6.85024E-5
2738	6.51776E-4
2740	-3.13949E-4
2742	-4.12675E-4
2744	5.52599E-4
2746	7.89873E-4
2748	3.15147E-4
2750	-1.64579E-4
2752	1.16695E-4
2754	-5.66031E-4
2756	-5.32757E-4
2758	3.95175E-5
2760	-8.18208E-4
2762	3.41066E-4
2764	4.8834E-4
2766	-5.63861E-5
2768	-2.53112E-4
2770	-5.70838E-4
2772	5.22436E-4
2774	6.4271E-4
2776	-6.9849E-5
2778	3.75262E-4
2780	-5.44628E-4
2782	-1.19517E-4
2784	5.75594E-4
2786	2.47042E-5
2788	-8.61851E-5
2790	-8.50745E-5
2792	-2.13964E-4
2794	5.49147E-4
2796	9.54257E-4
2798	-1.63188E-6
2800	-9.15521E-4
2802	-7.50411E-4
2804	-0.00171
2806	-0.0012
2808	-9.70786E-5
2810	6.01032E-4
2812	4.79143E-4
2814	3.12253E-4
2816	0.00172
2818	0.00157
2820	0.00175
2822	3.43696E-4
2824	-5.04422E-4
2826	8.60725E-4
2828	6.15871E-4
2830	-4.75982E-4
2832	7.13165E-4
2834	4.48311E-4
2836	0.00132
2838	0.00161
2840	0.00114
2842	3.47898E-4
2844	0.00113
2846	0.00139
2848	8.77338E-4
2850	5.68485E-4
2852	2.95632E-4
2854	-2.52218E-5
2856	2.43925E-4
2858	7.31072E-4
2860	0.00101
2862	0.00163
2864	3.61512E-4
2866	1.76584E-5
2868	-3.27195E-4
2870	-9.94048E-4
2872	-8.94439E-4
2874	-6.65655E-4
2876	3.71129E-4
2878	5.09125E-5
2880	5.35696E-4
2882	-2.4852E-4
2884	2.24264E-4
2886	5.03048E-4
2888	1.94831E-4
2890	3.84615E-4
2892	5.00399E-4
2894	0.00197
2896	0.00149
2898	0.00163
2900	0.00238
2902	4.13317E-4
2904	6.40101E-4
2906	0.00227
2908	0.00179
2910	0.00157
2912	9.15236E-4
2914	2.5902E-4
2916	5.48037E-5
2918	9.54969E-4
2920	9.19188E-4
2922	-5.31593E-4
2924	-5.59375E-4
2926	1.32844E-4
2928	0.0135
2930	0.05816
2932	0.12313
2934	0.19686
2936	0.26905
2938	0.33567
2940	0.397
2942	0.45328
2944	0.50321
2946	0.54041
2948	0.5444
2950	0.51784
2952	0.47607
2954	0.42882
2956	0.38407
2958	0.33809
2960	0.29517
2962	0.25844
2964	0.22476
2966	0.19625
2968	0.17151
2970	0.14983
2972	0.13058
2974	0.11324
2976	0.09951
2978	0.08876
2980	0.07813
2982	0.06841
2984	0.06127
2986	0.0543
2988	0.04987
2990	0.04649
2992	0.04243
2994	0.03788
2996	0.03342
2998	0.03085
3000	0.02875
3002	0.02657
3004	0.02371
3006	0.02143
3008	0.0208
3010	0.01956
3012	0.01641
3014	0.01571
3016	0.01615
3018	0.01429
3020	0.0131
3022	0.01182
3024	0.01124
3026	0.01041
3028	0.0097
3030	0.00855
3032	0.0081
3034	0.00793
3036	0.0083
3038	0.00765
3040	0.00631
3042	0.00549
3044	0.00484
3046	0.00472
3048	0.00449
3050	0.00376
3052	0.00343
3054	0.00408
3056	0.00483
3058	0.00532
3060	0.00667
3062	0.00671
3064	0.00564
3066	0.0044
3068	0.00348
3070	0.00317
3072	0.00281
3074	0.00335
3076	0.0044
3078	0.00442
3080	0.00384
3082	0.00232
3084	0.00157
3086	0.00301
3088	0.00277
3090	0.00317
3092	0.00424
3094	0.00419
3096	0.00357
3098	0.00394
3100	0.00484
3102	0.00525
3104	0.00416
3106	0.00324
3108	0.00265
3110	0.00247
3112	0.00331
3114	0.00225
3116	0.00182
3118	0.00153
3120	0.00193
3122	0.00115
3124	0.0016
3126	0.00112
3128	4.07148E-4
3130	3.7801E-4
3132	-7.22128E-4
3134	6.28734E-4
3136	0.00107
3138	1.64574E-5
3140	-7.46807E-5
3142	-4.63819E-4
3144	-4.07957E-4
3146	0.00201
3148	0.00184
3150	-1.15372E-4
3152	0.00112
3154	0.00126
3156	5.17214E-4
3158	7.10067E-4
3160	3.80537E-4
3162	7.33007E-4
3164	8.63477E-4
3166	1.14948E-4
3168	-6.45582E-4
3170	9.77888E-4
3172	3.18358E-4
3174	-5.15171E-4
3176	1.66299E-4
3178	5.22769E-4
3180	-9.7608E-6
3182	4.32709E-4
3184	6.3218E-4
3186	8.4065E-4
3188	-3.38799E-5
3190	-2.2341E-4
3192	-1.72939E-4
3194	4.48531E-4
3196	-4.74999E-4
3198	-0.00127
3200	-0.00207
3202	-0.00274
3204	-0.00229
3206	-0.00241
3208	-0.00224
3210	-0.00147
3212	-0.00227
3214	-0.00227
3216	-0.00108
3218	-0.00163
3220	-4.38041E-4
3222	8.15873E-4
3224	-3.61213E-4
3226	9.407E-4
3228	0.00176
3230	8.32528E-4
3232	5.04441E-4
3234	7.00355E-4
3236	-1.50731E-4
3238	-6.41818E-4
3240	-7.39904E-4
3242	-0.00112
3244	-0.00117
3246	-6.46163E-4
3248	-6.67249E-4
3250	-5.27336E-4
3252	-2.74221E-5
3254	1.50727E-4
3256	0.0015
3258	7.81532E-4
3260	-3.89066E-4
3262	1.85336E-4
3264	5.95738E-4
3266	4.0614E-4
3268	0.00219
3270	0.00253
3272	8.10347E-4
3274	8.67749E-4
3276	1.07151E-4
3278	2.37553E-4
3280	7.08956E-4
3282	5.80358E-4
3284	3.6376E-4
3286	4.51162E-4
3288	-0.00113
3290	-7.69034E-4
3292	5.83686E-5
3294	-4.56229E-4
3296	7.54173E-4
3298	5.75751E-5
3300	5.59773E-5
3302	0.00101
3304	1.77333E-4
3306	-0.00107
3308	-9.69777E-4
3310	-0.00141
3312	-7.94888E-4
3314	-2.75944E-4
3316	-4.4999E-5
3318	-6.10544E-5
3320	3.7489E-4
3322	0.00152
3324	0.00239
3326	0.00165
3328	0.01241
3330	0.05442
3332	0.11817
3334	0.1906
3336	0.26314
3338	0.33251
3340	0.3956
3342	0.45166
3344	0.50152
3346	0.54064
3348	0.54799
3350	0.52469
3352	0.48604
3354	0.43976
3356	0.39162
3358	0.34594
3360	0.30289
3362	0.26413
3364	0.23046
3366	0.1997
3368	0.17466
3370	0.15321
3372	0.13278
3374	0.11574
3376	0.1013
3378	0.08784
3380	0.07723
3382	0.06785
3384	0.05989
3386	0.05292
3388	0.04699
3390	0.04262
3392	0.039
3394	0.03659
3396	0.03346
3398	0.03145
3400	0.02918
3402	0.0261
3404	0.0254
3406	0.02398
3408	0.02056
3410	0.01795
3412	0.01804
3414	0.01764
3416	0.01604
3418	0.01469
3420	0.01295
3422	0.01068
3424	0.00924
3426	0.01031
3428	0.0098
3430	0.00783
3432	0.00744
3434	0.00837
3436	0.00768
3438	0.00772
3440	0.00681
3442	0.00648
3444	0.00526
3446	0.00489
3448	0.00454
3450	0.00352
3452	0.004
3454	0.00429
3456	0.00301
3458	0.00147
3460	0.00242
3462	0.00361
3464	0.00252
3466	0.00181
3468	0.00354
3470	0.00459
3472	0.00339
3474	0.00186
3476	0.00137
3478	0.00102
3480	7.21304E-4
3482	0.00153
3484	0.00194
3486	0.0014
3488	0.00183
3490	0.00139
3492	9.01678E-4
3494	5.70741E-4
3496	0.00143
3498	0.00138
3500	0.00195
3502	7.0799E-4
3504	6.64052E-4
3506	0.00221
3508	0.00219
3510	0.00235
3512	0.00189
3514	8.93364E-4
3516	6.61426E-4
3518	5.38489E-4
3520	7.87551E-4
3522	2.83613E-4
3524	-5.43324E-4
3526	1.98738E-4
3528	9.598E-4
3530	-2.04137E-4
3532	0.00129
3534	0.00157
3536	0.00131
3538	0.00253
3540	0.00262
3542	0.00225
3544	7.09954E-4
3546	3.50898E-4
3548	-3.64158E-4
3550	1.31786E-4
3552	0.00146
3554	0.00147
3556	3.15619E-4
3558	-4.09436E-4
3560	-4.42492E-4
3562	-2.47548E-4
3564	-4.86036E-5
3566	-4.68659E-4
3568	-3.77151E-5
3570	2.42229E-4
3572	4.31174E-4
3574	-1.01882E-4
3576	3.68062E-4
3578	7.31006E-4
3580	3.11951E-4
3582	9.50895E-4
3584	9.32839E-4
3586	5.77783E-4
3588	-3.2403E-4
3590	-4.53348E-4
3592	9.79334E-4
3594	8.93016E-4
3596	9.55698E-4
3598	6.41379E-4
3600	3.19061E-4
3602	5.53743E-4
3604	4.39425E-4
3606	2.43107E-4
3608	4.03789E-4
3610	6.4347E-4
3612	5.38152E-4
3614	-6.20166E-4
3616	-0.00116
3618	-4.20802E-4
3620	-4.10121E-4
3622	-8.52439E-4
3624	2.59243E-4
3626	3.60925E-4
3628	-2.74393E-4
3630	-0.00138
3632	6.3597E-4
3634	0.00161
3636	2.56633E-4
3638	1.3281E-4
3640	-5.56013E-4
3642	-0.00203
3644	-7.8866E-4
3646	0.00106
3648	0.00185
3650	0.00141
3652	-4.69952E-4
3654	4.08225E-4
3656	2.00402E-4
3658	-0.00109
3660	-0.00106
3662	-6.86068E-4
3664	-0.0012
3666	-0.0014
3668	-0.00146
3670	-0.00173
3672	-0.00125
3674	-0.00166
3676	-0.00149
3678	3.04348E-4
3680	0.00201
3682	8.50701E-4
3684	-2.46411E-4
3686	-8.31578E-4
3688	-0.00125
3690	-0.00107
3692	7.11922E-4
3694	8.16755E-4
3696	-1.93411E-4
3698	-2.14578E-4
3700	3.32255E-4
3702	2.33089E-4
3704	-6.29078E-4
3706	-0.00127
3708	-7.26412E-4
3710	2.22422E-4
3712	-0.0014
3714	-0.00143
3716	2.23921E-4
3718	-2.35245E-4
3720	-2.84122E-5
3722	5.66421E-4
3724	1.29254E-4
3726	-5.65912E-4
3728	0.00931
3730	0.05033
3732	0.11429
3734	0.18825
3736	0.2603
3738	0.32767
3740	0.39033
3742	0.44728
3744	0.49629
3746	0.53671
3748	0.54533
3750	0.5229
3752	0.48346
3754	0.43619
3756	0.38715
3758	0.34158
3760	0.29926
3762	0.26169
3764	0.22931
3766	0.20084
3768	0.1757
3770	0.15273
3772	0.13254
3774	0.11684
3776	0.10367
3778	0.09063
3780	0.07892
3782	0.07055
3784	0.06278
3786	0.05541
3788	0.04797
3790	0.04211
3792	0.03891
3794	0.03538
3796	0.03299
3798	0.03
3800	0.02774
3802	0.02529
3804	0.02338
3806	0.02234
3808	0.02081
3810	0.01816
3812	0.01555
3814	0.01429
3816	0.01365
3818	0.01388
3820	0.01234
3822	0.01069
3824	0.01111
3826	0.01135
3828	0.01088
3830	0.01025
3832	0.00893
3834	0.00847
3836	0.00706
3838	0.00757
3840	0.00807
3842	0.00619
3844	0.0052
3846	0.0051
3848	0.00384
3850	0.00273
3852	0.00259
3854	0.00416
3856	0.00398
3858	0.00404
3860	0.00397
3862	0.00342
3864	0.00238
3866	0.00198
3868	0.00195
3870	0.00126
3872	5.64373E-4
3874	0.00229
3876	0.00266
3878	0.00166
3880	0.00146
3882	0.00314
3884	0.00225
3886	8.90456E-4
3888	8.21611E-4
3890	0.00111
3892	0.00163
3894	0.00242
3896	0.00216
3898	0.00267
3900	0.00129
3902	6.80695E-4
3904	0.00223
3906	0.00378
3908	0.00263
3910	0.00285
3912	7.50468E-4
3914	0.00112
3916	0.0017
3918	0.0012
3920	6.48088E-4
3922	-6.67576E-5
3924	-4.97603E-4
3926	3.30552E-4
3928	0.00103
3930	-1.77138E-4
3932	2.80164E-5
3934	-8.28288E-5
3936	4.85326E-4
3938	4.55481E-4
3940	0.00124
3942	0.00198
3944	0.00169
3946	0.00125
3948	6.82255E-4
3950	8.35409E-4
3952	0.0027
3954	0.00359
3956	0.00351
3958	0.00245
3960	0.00212
3962	0.00168
3964	2.31493E-4
3966	4.63648E-4
3968	6.90803E-4
3970	0.00105
3972	0.00151
3974	0.00125
3976	1.50422E-4
3978	-7.94235E-5
3980	7.77313E-5
3982	6.88861E-5
3984	-0.00102
3986	-0.00154
3988	-6.8865E-4
3990	-0.00109
3992	-3.2934E-4
3994	6.87815E-4
3996	0.0013
3998	0.00159
4000	9.72792E-5
4002	-7.56606E-6
4004	7.54589E-4
4006	6.51744E-4
4008	-3.00102E-4
4010	5.59053E-4
4012	0.00201
4014	0.002
4016	0.00143
4018	9.74487E-4
4020	0.00307
4022	0.00268
4024	0.00167
4026	5.72805E-4
4028	7.46634E-4
4030	0.00165
4032	0.00154
4034	0.002
4036	0.00193
4038	0.002
4040	1.81611E-4
4042	-5.8456E-4
4044	1.62697E-5
4046	0.00138
4048	0.00126
4050	8.73758E-4
4052	2.98588E-4
4054	3.58417E-4
4056	-7.85753E-4
4058	-0.00153
4060	-8.09095E-4
4062	-0.00127
4064	-6.36436E-4
4066	6.9125E-4
4068	0.00175
4070	0.00131
4072	0.00109
4074	7.9511E-4
4076	-7.4256E-6
4078	-8.67961E-4
4080	-0.00139
4082	-8.16031E-4
4084	5.51434E-4
4086	-2.74102E-4
4088	-8.26637E-4
4090	-9.69172E-4
4092	-5.56707E-4
4094	-0.00117
4096	-0.00133
4098	-7.87313E-4
4100	-9.20848E-4
4102	-3.76383E-4
4104	3.93081E-4
4106	0.00134
4108	0.00151
4110	0.00212
4112	0.00112
4114	5.60984E-4
4116	0.00182
4118	0.00177
4120	5.89042E-4
4122	-6.22939E-4
4124	2.2808E-4
4126	0.00125
4128	0.00939
4130	0.04799
4132	0.11147
4134	0.18311
4136	0.25565
4138	0.32389
4140	0.38658
4142	0.44343
4144	0.4946
4146	0.53521
4148	0.54636
4150	0.52476
4152	0.48502
4154	0.4383
4156	0.39116
4158	0.34585
4160	0.30524
4162	0.2677
4164	0.23341
4166	0.20465
4168	0.17814
4170	0.15519
4172	0.13365
4174	0.11705
4176	0.10304
4178	0.09127
4180	0.07884
4182	0.07024
4184	0.06401
4186	0.0566
4188	0.0504
4190	0.044
4192	0.04021
4194	0.03647
4196	0.03185
4198	0.02941
4200	0.02674
4202	0.02374
4204	0.02183
4206	0.02098
4208	0.01943
4210	0.01674
4212	0.01536
4214	0.01467
4216	0.01189
4218	0.00971
4220	0.01011
4222	0.00939
4224	0.00745
4226	0.00678
4228	0.00775
4230	0.0077
4232	0.00727
4234	0.00616
4236	0.00582
4238	0.00531
4240	0.0055
4242	0.00484
4244	0.00353
4246	0.0025
4248	0.00222
4250	0.00342
4252	0.00351
4254	0.00327
4256	0.00308
4258	0.00256
4260	0.00217
4262	0.00168
4264	0.00198
4266	0.00286
4268	0.00288
4270	0.00224
4272	0.00233
4274	0.00129
4276	0.00108
4278	8.2064E-4
4280	0.00125
4282	0.00178
4284	0.00252
4286	0.00174
4288	0.00157
4290	0.00231
4292	0.00194
4294	0.00203
4296	0.00135
4298	0.00125
4300	3.24064E-4
4302	-8.61897E-4
4304	-0.00102
4306	-2.58259E-4
4308	9.19595E-4
4310	6.59449E-4
4312	-1.60697E-4
4314	5.01157E-4
4316	2.70011E-4
4318	6.51865E-4
4320	3.7719E-5
4322	-1.38427E-4
4324	2.61427E-4
4326	-3.06719E-4
4328	-7.67865E-4
4330	2.63989E-4
4332	3.74843E-4
4334	1.32697E-4
4336	8.95509E-5
4338	0.00125
4340	0.00248
4342	0.00313
4344	0.00194
4346	0.0018
4348	0.00212
4350	0.00177
4352	0.00119
4354	8.57236E-4
4356	4.63171E-4
4358	-9.89894E-4
4360	-0.00116
4362	-1.55025E-4
4364	-1.1809E-4
4366	1.75845E-4
4368	6.4678E-4
4370	-4.28552E-6
4372	7.76649E-4
4374	0.00206
4376	0.00162
4378	5.45454E-4
4380	-9.60612E-4
4382	-0.00148
4384	-5.71742E-4
4386	-1.17807E-4
4388	-0.00104
4390	-0.00147
4392	-0.00174
4394	-0.00121
4396	-8.31133E-4
4398	-9.68198E-4
4400	-0.00234
4402	-0.00188
4404	2.78651E-4
4406	0.00127
4408	0.00102
4410	6.84767E-4
4412	0.00155
4414	0.00139
4416	4.69883E-4
4418	3.36921E-4
4420	9.6896E-4
4422	0.00144
4424	8.54037E-4
4426	0.00155
4428	0.00252
4430	0.00292
4432	0.0021
4434	0.00182
4436	7.56268E-4
4438	-7.16929E-5
4440	-0.00133
4442	-0.00123
4444	-0.00111
4446	-2.14539E-4
4448	-5.13248E-4
4450	-9.4674E-4
4452	5.44768E-4
4454	1.15276E-4
4456	-0.00162
4458	-9.75709E-4
4460	-0.00111
4462	-0.00177
4464	-8.69185E-4
4466	0.00117
4468	0.00139
4470	0.00153
4472	2.39846E-4
4474	-8.51646E-4
4476	-4.68138E-4
4478	6.74369E-4
4480	0.00179
4482	0.00186
4484	0.00149
4486	0.00122
4488	0.00237
4490	0.00227
4492	0.00114
4494	0.0011
4496	0.00197
4498	0.002
4500	0.00129
4502	0.00182
4504	0.00272
4506	0.00218
4508	4.45376E-4
4510	-9.66586E-4
4512	-9.43547E-4
4514	7.47491E-4
4516	0.0013
4518	9.54569E-4
4520	2.15607E-4
4522	5.75646E-4
4524	4.86843E-5
4526	-8.64277E-4
4528	0.00658
4530	0.04202
4532	0.10252
4534	0.17488
4536	0.24762
4538	0.31727
4540	0.38094
4542	0.43853
4544	0.49003
4546	0.5329
4548	0.54797
4550	0.5299
4552	0.4929
4554	0.44869
4556	0.40246
4558	0.35592
4560	0.31291
4562	0.27387
4564	0.23914
4566	0.20778
4568	0.18022
4570	0.1578
4572	0.1366
4574	0.11787
4576	0.10331
4578	0.09145
4580	0.08119
4582	0.07209
4584	0.06211
4586	0.05505
4588	0.05093
4590	0.04705
4592	0.04249
4594	0.03939
4596	0.03577
4598	0.03298
4600	0.03102
4602	0.02811
4604	0.02551
4606	0.02275
4608	0.01971
4610	0.01803
4612	0.01757
4614	0.01633
4616	0.01435
4618	0.01255
4620	0.013
4622	0.01377
4624	0.01228
4626	0.01132
4628	0.00999
4630	0.00921
4632	0.01
4634	0.00981
4636	0.0094
4638	0.00846
4640	0.00729
4642	0.00703
4644	0.00701
4646	0.00684
4648	0.00775
4650	0.00664
4652	0.00546
4654	0.00522
4656	0.00532
4658	0.00537
4660	0.00589
4662	0.00649
4664	0.00673
4666	0.00627
4668	0.00534
4670	0.00565
4672	0.00622
4674	0.00537
4676	0.00414
4678	0.00212
4680	0.00174
4682	0.00329
4684	0.00227
4686	9.68768E-4
4688	0.00181
4690	0.00239
4692	0.00144
4694	0.00161
4696	0.00178
4698	0.00204
4700	0.00317
4702	0.00253
4704	6.56394E-4
4706	8.82351E-4
4708	0.00248
4710	0.00359
4712	0.00379
4714	0.00307
4716	0.00191
4718	0.00186
4720	9.25056E-4
4722	5.94013E-4
4724	4.66971E-4
4726	3.35929E-4
4728	3.09887E-4
4730	0.0011
4732	3.62802E-4
4734	-3.824E-5
4736	8.06682E-4
4738	7.92763E-4
4740	3.47843E-4
4742	6.91924E-4
4744	-0.00156
4746	-0.00181
4748	-0.00151
4750	-0.00229
4752	-0.00263
4754	-0.0018
4756	-0.00142
4758	-0.00141
4760	-0.00151
4762	-0.00224
4764	-0.00115
4766	7.15894E-4
4768	0.00101
4770	9.78056E-4
4772	-2.72864E-4
4774	-0.00145
4776	-0.00102
4778	-0.00178
4780	-0.00277
4782	-0.00287
4784	-0.00127
4786	-5.64558E-4
4788	-5.28506E-4
4790	3.25471E-5
4792	6.156E-4
4794	9.55652E-4
4796	-2.79295E-4
4798	-7.84242E-4
4800	-1.0419E-4
4802	-4.81368E-5
4804	-1.84084E-4
4806	-5.90315E-5
4808	-1.01979E-4
4810	-0.00122
4812	-3.40873E-4
4814	0.00116
4816	0.0017
4818	0.00133
4820	0.00109
4822	7.8339E-4
4824	5.24426E-5
4826	3.24495E-4
4828	-1.29452E-4
4830	-0.00141
4832	-0.00179
4834	-0.00123
4836	-0.00161
4838	-0.00275
4840	-0.00242
4842	-0.00117
4844	-1.24429E-4
4846	-0.0013
4848	-0.00261
4850	-0.00143
4852	6.94594E-5
4854	9.45931E-4
4856	9.92404E-4
4858	0.00181
4860	0.00124
4862	9.7982E-4
4864	0.00157
4866	8.03764E-4
4868	-3.42764E-4
4870	-0.00115
4872	-1.6582E-4
4874	-2.2348E-5
4876	4.07124E-4
4878	-2.01346E-4
4880	-4.9084E-4
4882	5.86654E-5
4884	4.17171E-4
4886	-3.04323E-4
4888	-0.00129
4890	-0.00118
4892	-0.00113
4894	-0.0012
4896	-5.21794E-4
4898	-1.90288E-4
4900	-8.15782E-4
4902	-3.92276E-4
4904	4.92296E-5
4906	5.79735E-4
4908	3.52413E-5
4910	-9.55253E-4
4912	-0.00256
4914	-0.00258
4916	-0.00199
4918	-0.00195
4920	-4.92724E-4
4922	1.66782E-4
4924	-6.72712E-4
4926	-0.00294
4928	0.00351
4930	0.03822
4932	0.09796
4934	0.16871
4936	0.24326
4938	0.31169
4940	0.3738
4942	0.43082
4944	0.48142
4946	0.52485
4948	0.54127
4950	0.52226
4952	0.48455
4954	0.44038
4956	0.39497
4958	0.35048
4960	0.30859
4962	0.2698
4964	0.23499
4966	0.20425
4968	0.1785
4970	0.15575
4972	0.13586
4974	0.11739
4976	0.10118
4978	0.0884
4980	0.07939
4982	0.06898
4984	0.05993
4986	0.05281
4988	0.049
4990	0.04378
4992	0.0397
4994	0.03696
4996	0.0346
4998	0.03193
5000	0.0285
5002	0.0262
5004	0.02425
5006	0.02382
5008	0.02226
5010	0.01982
5012	0.01732
5014	0.0158
5016	0.01608
5018	0.01583
5020	0.01385
5022	0.01184
5024	0.00976
5026	0.00719
5028	0.00727
5030	0.00753
5032	0.00655
5034	0.00628
5036	0.00679
5038	0.00714
5040	0.00681
5042	0.00516
5044	0.00532
5046	0.00473
5048	0.00586
5050	0.00595
5052	0.00442
5054	0.00304
5056	8.1985E-4
5058	-5.07288E-4
5060	-4.24265E-5
5062	0.00194
5064	0.00186
5066	4.48159E-4
5068	-8.99789E-5
5070	-2.58117E-4
5072	-3.84255E-4
5074	-3.02393E-4
5076	-0.0012
5078	-0.00134
5080	-9.80758E-6
5082	-3.49457E-5
5084	-3.42084E-4
5086	-7.02219E-5
5088	-0.00115
5090	-6.76498E-4
5092	2.61364E-4
5094	0.00215
5096	0.0018
5098	9.66949E-4
5100	0.00123
5102	0.00207
5104	0.0025
5106	0.00121
5108	4.25259E-4
5110	2.59121E-4
5112	-5.60017E-4
5114	-4.86155E-4
5116	-0.00182
5118	-0.00215
5120	-0.0015
5122	2.05292E-4
5124	4.46154E-4
5126	-0.00146
5128	-0.00146
5130	-0.00115
5132	-8.54398E-4
5134	-2.32537E-4
5136	1.16325E-4
5138	-0.00111
5140	-4.75951E-4
5142	-2.55089E-4
5144	4.30773E-4
5146	2.09635E-4
5148	3.24967E-5
5150	3.73585E-5
5152	-4.5378E-4
5154	-4.87918E-4
5156	8.23944E-4
5158	5.98061E-5
5160	1.91668E-4
5162	0.0018
5164	0.0015
5166	0.00145
5168	-3.98845E-5
5170	-0.00154
5172	-8.35161E-4
5174	1.37012E-5
5176	0.00129
5178	0.00207
5180	0.00212
5182	0.00139
5184	4.60107E-5
5186	-7.90127E-4
5188	-3.17266E-4
5190	-0.00104
5192	-0.00216
5194	-0.0016
5196	-7.63818E-4
5198	-2.79956E-4
5200	-1.91094E-4
5202	2.07768E-4
5204	1.0463E-4
5206	1.26491E-4
5208	-1.62647E-4
5210	-5.16785E-4
5212	-0.00105
5214	-2.26061E-4
5216	7.10801E-4
5218	4.18663E-4
5220	-4.70475E-4
5222	-0.00197
5224	-0.00289
5226	-0.00122
5228	-1.68028E-4
5230	0.00118
5232	-7.9304E-5
5234	-4.37442E-4
5236	6.74198E-5
5238	8.76282E-4
5240	2.33144E-4
5242	-0.00107
5244	-0.00113
5246	-7.38271E-4
5248	-5.58409E-4
5250	-0.00144
5252	-0.00109
5254	-0.0014
5256	-0.00125
5258	5.06901E-4
5260	2.31762E-4
5262	-1.09773E-4
5264	3.41141E-5
5266	-1.09991E-5
5268	1.92888E-4
5270	3.88774E-4
5272	0.00102
5274	0.00122
5276	5.75435E-4
5278	4.65322E-4
5280	0.00115
5282	9.04095E-4
5284	5.49819E-5
5286	-0.00102
5288	-0.00216
5290	-0.00108
5292	1.73529E-4
5294	1.71416E-4
5296	-0.00218
5298	-0.0033
5300	-0.00221
5302	-0.00157
5304	-1.01502E-5
5306	8.53737E-4
5308	5.79679E-4
5310	2.46202E-4
5312	-0.00127
5314	-0.00224
5316	-0.00201
5318	-0.00183
5320	4.74818E-4
5322	0.00185
5324	5.86865E-4
5326	-0.00138
5328	0.00358
5330	0.03644
5332	0.09491
5334	0.16384
5336	0.23548
5338	0.30269
5340	0.36594
5342	0.42369
5344	0.47374
5346	0.51596
5348	0.5362
5350	0.52254
5352	0.48671
5354	0.441
5356	0.39451
5358	0.35012
5360	0.30755
5362	0.2692
5364	0.23521
5366	0.20416
5368	0.17718
5370	0.15567
5372	0.13685
5374	0.11875
5376	0.10305
5378	0.09062
5380	0.07997
5382	0.07018
5384	0.06202
5386	0.05468
5388	0.0487
5390	0.04342
5392	0.03928
5394	0.03621
5396	0.03211
5398	0.02913
5400	0.02666
5402	0.02487
5404	0.02365
5406	0.02196
5408	0.02056
5410	0.0197
5412	0.01782
5414	0.01661
5416	0.01485
5418	0.01323
5420	0.01332
5422	0.01375
5424	0.01335
5426	0.01332
5428	0.01265
5430	0.01059
5432	0.00826
5434	0.00801
5436	0.00828
5438	0.00748
5440	0.00677
5442	0.00622
5444	0.00648
5446	0.00589
5448	0.00572
5450	0.00553
5452	0.00449
5454	0.0043
5456	0.00428
5458	0.00412
5460	0.00343
5462	0.00313
5464	0.00284
5466	0.00308
5468	0.00165
5470	-1.51026E-4
5472	2.85992E-4
5474	1.14009E-4
5476	1.06026E-4
5478	8.29044E-4
5480	0.00211
5482	0.00134
5484	6.69095E-4
5486	-5.08873E-5
5488	-9.4587E-4
5490	1.08147E-4
5492	2.78165E-4
5494	3.31818E-5
5496	4.25199E-4
5498	2.10216E-4
5500	5.76195E-4
5502	0.00184
5504	0.0027
5506	0.00197
5508	0.00135
5510	-5.63703E-5
5512	-7.16483E-4
5514	8.71404E-4
5516	0.00132
5518	2.42177E-4
5520	-1.97936E-4
5522	-7.57049E-4
5524	-0.00119
5526	-2.17275E-4
5528	5.64612E-4
5530	9.86499E-4
5532	-3.89614E-4
5534	-6.35727E-4
5536	-9.2084E-4
5538	-5.42954E-4
5540	-0.00192
5542	-0.00142
5544	-0.00156
5546	-0.00148
5548	-0.00101
5550	-0.00101
5552	-5.56508E-4
5554	0.001
5556	5.97693E-4
5558	-2.08207E-4
5560	2.59893E-4
5562	3.21993E-4
5564	-5.66907E-4
5566	-3.44807E-4
5568	-3.93707E-4
5570	-1.41607E-4
5572	8.00493E-4
5574	6.06593E-4
5576	-8.78306E-4
5578	-0.00138
5580	7.08937E-5
5582	7.45994E-4
5584	1.52094E-4
5586	2.31194E-4
5588	8.87294E-4
5590	9.97394E-4
5592	0.00203
5594	0.00162
5596	3.52364E-4
5598	-1.89801E-4
5600	-4.68966E-4
5602	-6.17131E-4
5604	4.68703E-4
5606	2.39538E-4
5608	-8.49627E-4
5610	-2.87926E-5
5612	-9.09579E-5
5614	-2.41232E-5
5616	-0.00143
5618	-0.00233
5620	-0.0014
5622	-6.40784E-4
5624	-4.9595E-4
5626	-0.00151
5628	-0.00155
5630	-2.45446E-4
5632	-8.50611E-4
5634	5.57224E-4
5636	0.0027
5638	0.00199
5640	0.00145
5642	9.29563E-4
5644	0.00169
5646	0.0024
5648	8.64665E-4
5650	-0.00132
5652	-0.00107
5654	-6.14161E-4
5656	-0.00133
5658	-0.00138
5660	-8.69867E-5
5662	-2.09285E-5
5664	-0.00151
5666	-0.00126
5668	-5.80754E-4
5670	-8.61696E-4
5672	-3.66638E-4
5674	-2.6458E-4
5676	-5.65217E-5
5678	-8.89464E-4
5680	-0.00186
5682	-0.00168
5684	-0.00116
5686	-4.53231E-4
5688	-6.91729E-5
5690	-3.74115E-4
5692	3.02398E-4
5694	8.23113E-4
5696	6.70827E-4
5698	-5.41458E-4
5700	-0.00145
5702	-5.96029E-4
5704	3.32685E-4
5706	-5.976E-4
5708	-0.00235
5710	-0.00206
5712	-0.00169
5714	-0.00119
5716	-0.00141
5718	-0.00183
5720	1.26402E-4
5722	0.00157
5724	0.00218
5726	6.15545E-4
5728	0.00364
5730	0.03295
5732	0.08941
5734	0.15897
5736	0.22907
5738	0.29742
5740	0.35929
5742	0.41648
5744	0.46702
5746	0.51118
5748	0.53305
5750	0.51888
5752	0.48392
5754	0.44133
5756	0.39528
5758	0.35013
5760	0.30954
5762	0.27222
5764	0.23709
5766	0.20677
5768	0.18007
5770	0.15682
5772	0.1375
5774	0.11982
5776	0.10364
5778	0.09018
5780	0.08049
5782	0.07138
5784	0.06331
5786	0.05646
5788	0.05135
5790	0.04645
5792	0.04128
5794	0.0377
5796	0.03502
5798	0.03187
5800	0.02892
5802	0.02688
5804	0.02561
5806	0.02334
5808	0.02049
5810	0.01842
5812	0.01767
5814	0.01699
5816	0.01607
5818	0.01529
5820	0.01448
5822	0.01227
5824	0.01082
5826	0.0104
5828	0.00916
5830	0.00835
5832	0.00864
5834	0.00805
5836	0.00727
5838	0.00645
5840	0.00568
5842	0.00372
5844	0.00345
5846	0.00359
5848	0.00366
5850	0.00278
5852	0.00357
5854	0.00433
5856	0.0029
5858	0.00146
5860	6.69652E-4
5862	9.95787E-4
5864	0.00218
5866	0.00136
5868	5.52191E-4
5870	0.00189
5872	0.00246
5874	0.00197
5876	0.00168
5878	0.00142
5880	0.00208
5882	0.00173
5884	0.00149
5886	0.00113
5888	9.7554E-4
5890	2.83674E-4
5892	4.76809E-4
5894	0.00104
5896	0.0013
5898	5.38214E-4
5900	-1.66514E-5
5902	2.59483E-4
5904	3.75618E-4
5906	3.19753E-4
5908	-2.40112E-4
5910	-6.66977E-4
5912	-5.36842E-4
5914	1.08292E-4
5916	5.00427E-4
5918	7.38562E-4
5920	3.58697E-4
5922	1.59832E-4
5924	2.88967E-4
5926	-6.29899E-4
5928	-2.94764E-4
5930	0.00161
5932	0.00163
5934	0.00105
5936	4.37776E-4
5938	8.36911E-4
5940	7.75045E-4
5942	-2.7082E-4
5944	-0.00128
5946	-0.00115
5948	-0.00153
5950	-0.0019
5952	-3.90146E-4
5954	-5.33011E-4
5956	-9.60876E-4
5958	-9.97411E-5
5960	-2.36606E-4
5962	-0.00189
5964	-0.0032
5966	-0.00319
5968	-0.00234
5970	-0.0018
5972	-8.23797E-4
5974	-7.12662E-4
5976	-3.78528E-4
5978	2.68607E-4
5980	-6.73258E-4
5982	-5.73123E-4
5984	-7.48988E-4
5986	-7.43853E-4
5988	-3.80719E-4
5990	8.80416E-4
5992	0.00157
5994	7.57686E-4
5996	6.73821E-4
5998	-1.68044E-4
6000	-0.00164
6002	-0.00238
6004	-0.0029
6006	1.22495E-4
6008	0.00113
6010	-0.00117
6012	-0.00241
6014	-4.49657E-5
6016	2.07169E-4
6018	-9.10696E-4
6020	-0.00137
6022	-0.00131
6024	-6.86291E-4
6026	-6.93421E-4
6028	-3.98994E-4
6030	-0.00124
6032	-0.0022
6034	-0.00229
6036	-0.00247
6038	-0.00137
6040	-3.37427E-4
6042	-0.00112
6044	-4.84572E-4
6046	-0.00101
6048	-0.00219
6050	-0.00239
6052	-0.00117
6054	-8.62433E-4
6056	-0.0017
6058	-0.00224
6060	-0.0019
6062	-0.00175
6064	-0.00266
6066	-0.00225
6068	-6.94439E-4
6070	-3.70011E-4
6072	8.77417E-4
6074	4.16858E-4
6076	-6.29134E-4
6078	-6.26126E-4
6080	-3.90118E-4
6082	-5.3911E-4
6084	-0.00136
6086	2.49059E-5
6088	2.29914E-4
6090	-9.90783E-5
6092	1.2693E-4
6094	-1.80062E-4
6096	-2.50545E-5
6098	9.69534E-5
6100	-0.0012
6102	-0.00149
6104	-6.54023E-4
6106	5.28985E-4
6108	-3.78007E-4
6110	-0.00169
6112	-0.00102
6114	-3.49832E-5
6116	-5.78975E-4
6118	-3.84967E-4
6120	-0.00196
6122	-0.00213
6124	-0.00141
6126	-1.42416E-4
6128	0.00109
6130	0.02678
6132	0.08141
6134	0.15016
6136	0.22144
6138	0.29053
6140	0.35074
6142	0.40776
6144	0.45786
6146	0.50202
6148	0.52749
6150	0.51756
6152	0.48597
6154	0.44269
6156	0.39847
6158	0.35484
6160	0.31213
6162	0.27358
6164	0.24064
6166	0.21057
6168	0.18421
6170	0.1599
6172	0.13809
6174	0.11913
6176	0.10472
6178	0.09224
6180	0.08052
6182	0.07047
6184	0.06301
6186	0.05648
6188	0.05082
6190	0.04488
6192	0.04132
6194	0.03828
6196	0.03477
6198	0.03264
6200	0.03018
6202	0.02749
6204	0.02473
6206	0.0221
6208	0.02163
6210	0.02102
6212	0.018
6214	0.01566
6216	0.01546
6218	0.0151
6220	0.01436
6222	0.01342
6224	0.01338
6226	0.01329
6228	0.01157
6230	0.00962
6232	0.00919
6234	0.00907
6236	0.00894
6238	0.00833
6240	0.00716
6242	0.00563
6244	0.00505
6246	0.00619
6248	0.00622
6250	0.00495
6252	0.0038
6254	0.0038
6256	0.0042
6258	0.00328
6260	0.00443
6262	0.00459
6264	0.00329
6266	0.00117
6268	2.68762E-4
6270	0.00163
6272	0.003
6274	0.00382
6276	0.00346
6278	0.00328
6280	0.00386
6282	0.00447
6284	0.00378
6286	0.00156
6288	0.00173
6290	0.00164
6292	9.52957E-4
6294	9.8739E-4
6296	0.00122
6298	7.48256E-4
6300	0.0013
6302	7.44122E-4
6304	1.43555E-4
6306	2.06988E-4
6308	0.00157
6310	0.00146
6312	-4.41714E-4
6314	1.82719E-4
6316	8.38152E-4
6318	6.60585E-4
6320	5.44018E-4
6322	8.42451E-4
6324	0.00177
6326	0.00139
6328	0.00118
6330	3.56183E-4
6332	5.91616E-4
6334	0.00102
6336	7.31482E-4
6338	0.00137
6340	9.87347E-4
6342	8.67803E-5
6344	5.02213E-4
6346	5.03646E-4
6348	1.45079E-4
6350	-1.56488E-4
6352	-1.4055E-5
6354	8.72378E-4
6356	2.27811E-4
6358	3.76244E-4
6360	0.00148
6362	-4.18904E-5
6364	-0.00121
6366	-3.49025E-4
6368	3.56408E-4
6370	5.76841E-4
6372	8.59274E-4
6374	0.0013
6376	7.3814E-4
6378	1.61573E-4
6380	-3.39994E-4
6382	-1.76561E-4
6384	4.93872E-4
6386	0.0012
6388	-4.93262E-4
6390	-0.00127
6392	-0.00133
6394	-0.00109
6396	-0.00211
6398	-0.00116
6400	0.00102
6402	3.37683E-5
6404	-0.00176
6406	-0.00114
6408	2.08812E-5
6410	-3.98387E-4
6412	-4.78656E-4
6414	-4.39241E-5
6416	-2.19193E-4
6418	2.82539E-4
6420	5.41271E-4
6422	8.79002E-4
6424	0.00112
6426	0.001
6428	9.39197E-4
6430	0.00101
6432	6.5266E-4
6434	-5.41608E-4
6436	-2.75877E-4
6438	1.04855E-4
6440	5.65863E-5
6442	-4.87682E-4
6444	-9.90951E-4
6446	-0.00138
6448	-0.00203
6450	-0.00105
6452	-7.52024E-4
6454	-0.00105
6456	-3.84008E-4
6458	1.55205E-5
6460	8.16049E-4
6462	0.0013
6464	0.00192
6466	2.20635E-4
6468	-3.60837E-4
6470	3.66921E-5
6472	-0.00135
6474	-0.00135
6476	-6.72722E-4
6478	-0.001
6480	-8.92665E-4
6482	-5.84136E-4
6484	3.43922E-5
6486	3.01921E-4
6488	-1.75506E-5
6490	-7.61022E-4
6492	-0.00179
6494	-0.00198
6496	-0.00227
6498	-0.00218
6500	-2.39379E-4
6502	5.3215E-4
6504	2.06843E-4
6506	-9.62343E-4
6508	-5.77528E-4
6510	-5.07134E-5
6512	0.00136
6514	0.0015
6516	0.0012
6518	0.00117
6520	3.37359E-4
6522	-2.3826E-5
6524	0.0011
6526	-3.98197E-4
6528	-4.73382E-4
6530	0.0239
6532	0.07522
6534	0.14048
6536	0.21083
6538	0.27876
6540	0.34128
6542	0.39897
6544	0.44996
6546	0.49532
6548	0.52339
6550	0.51514
6552	0.48235
6554	0.4411
6556	0.39585
6558	0.35074
6560	0.30895
6562	0.27028
6564	0.23566
6566	0.20623
6568	0.17854
6570	0.15465
6572	0.13392
6574	0.11769
6576	0.10293
6578	0.08952
6580	0.07827
6582	0.06819
6584	0.05973
6586	0.05325
6588	0.04722
6590	0.04301
6592	0.03784
6594	0.03472
6596	0.03303
6598	0.02881
6600	0.02459
6602	0.02361
6604	0.02194
6606	0.01977
6608	0.01759
6610	0.01577
6612	0.01527
6614	0.01386
6616	0.01348
6618	0.01246
6620	0.01097
6622	0.01087
6624	0.01034
6626	0.00875
6628	0.00827
6630	0.00808
6632	0.0082
6634	0.00793
6636	0.00665
6638	0.00516
6640	0.00509
6642	0.0048
6644	0.00335
6646	0.0032
6648	0.00309
6650	0.00191
6652	0.00173
6654	0.00225
6656	7.63837E-4
6658	6.95124E-4
6660	0.00167
6662	0.00234
6664	0.00325
6666	0.00289
6668	9.11562E-4
6670	-4.9815E-4
6672	-7.98628E-5
6674	-6.66575E-4
6676	-0.0023
6678	-0.00299
6680	-0.00229
6682	-4.50425E-4
6684	-1.33137E-4
6686	-4.8785E-4
6688	-3.89562E-4
6690	2.09725E-4
6692	4.00129E-5
6694	0.00117
6696	0.002
6698	0.00222
6700	0.00189
6702	7.89586E-4
6704	-1.04839E-4
6706	-5.60264E-4
6708	5.41311E-4
6710	0.0015
6712	7.93461E-4
6714	0.00138
6716	0.00115
6718	0.00124
6720	1.37762E-4
6722	8.26337E-4
6724	0.00217
6726	0.00243
6728	0.00121
6730	5.63638E-4
6732	1.16213E-4
6734	1.27878E-5
6736	9.63629E-5
6738	-5.81062E-4
6740	-0.00132
6742	-0.00154
6744	-5.58336E-4
6746	-4.62761E-4
6748	-6.48186E-4
6750	-7.56111E-5
6752	3.90964E-4
6754	2.20539E-4
6756	1.51114E-4
6758	5.88689E-4
6760	5.10265E-4
6762	-4.5016E-4
6764	-8.69585E-4
6766	-0.00121
6768	-0.00158
6770	-0.00201
6772	-0.00353
6774	-0.00196
6776	6.86576E-6
6778	-5.39559E-4
6780	-9.69984E-4
6782	-0.00111
6784	-3.98834E-4
6786	-5.14259E-4
6788	-8.68683E-4
6790	-3.22795E-4
6792	-4.12218E-4
6794	1.8136E-4
6796	7.78938E-4
6798	4.50515E-4
6800	6.45093E-4
6802	6.5167E-4
6804	-3.36752E-4
6806	-0.00157
6808	-0.00167
6810	-0.00107
6812	-5.52442E-4
6814	7.60136E-4
6816	6.67713E-4
6818	0.00157
6820	0.00131
6822	3.89446E-4
6824	7.70233E-5
6826	-2.83399E-4
6828	-5.05822E-4
6830	6.72756E-4
6832	0.00152
6834	0.00115
6836	-0.0018
6838	-0.00201
6840	-7.40803E-4
6842	-0.00199
6844	-0.00305
6846	-0.00271
6848	-0.0022
6850	-0.00213
6852	-0.00154
6854	-1.34083E-4
6856	-0.00154
6858	-0.00286
6860	-0.00221
6862	-0.00123
6864	-0.00189
6866	-0.00197
6868	-0.00274
6870	-0.00338
6872	-0.00145
6874	5.80275E-6
6876	-3.81809E-4
6878	-6.9142E-4
6880	1.33968E-4
6882	6.49357E-4
6884	-6.83254E-4
6886	-0.00164
6888	-0.00108
6890	-8.35026E-4
6892	-0.00263
6894	-0.00263
6896	-9.19978E-4
6898	-7.89295E-4
6900	-4.27612E-4
6902	8.0307E-4
6904	7.53753E-4
6906	-8.51564E-4
6908	-0.00161
6910	-0.00136
6912	-0.0014
6914	-7.91834E-4
6916	-4.11151E-4
6918	-5.03468E-4
6920	-0.00102
6922	-0.00147
6924	-0.00327
6926	-0.00412
6928	-0.00215
6930	0.0196
6932	0.07034
6934	0.13796
6936	0.20574
6938	0.27243
6940	0.33553
6942	0.39215
6944	0.44293
6946	0.48766
6948	0.517
6950	0.51221
6952	0.48272
6954	0.4408
6956	0.39656
6958	0.35181
6960	0.31083
6962	0.2722
6964	0.2375
6966	0.20709
6968	0.18018
6970	0.15734
6972	0.13914
6974	0.12214
6976	0.1057
6978	0.09194
6980	0.0818
6982	0.07237
6984	0.06347
6986	0.05532
6988	0.04898
6990	0.04387
6992	0.03797
6994	0.03491
6996	0.03199
6998	0.02855
7000	0.02566
7002	0.02296
7004	0.0222
7006	0.02095
7008	0.01874
7010	0.01685
7012	0.01428
7014	0.01283
7016	0.0134
7018	0.01325
7020	0.0127
7022	0.0118
7024	0.01049
7026	0.00919
7028	0.00938
7030	0.00886
7032	0.00752
7034	0.00568
7036	0.00557
7038	0.00656
7040	0.00743
7042	0.00539
7044	0.00399
7046	0.00435
7048	0.0048
7050	0.00366
7052	0.0028
7054	0.0031
7056	0.00341
7058	0.0035
7060	0.00151
7062	-6.00671E-4
7064	-4.56875E-4
7066	-3.1208E-4
7068	6.55716E-4
7070	0.00197
7072	0.00239
7074	0.00284
7076	0.00243
7078	9.04357E-4
7080	6.44051E-4
7082	3.00745E-4
7084	8.61439E-4
7086	8.02133E-4
7088	8.08265E-5
7090	5.98521E-4
7092	0.0011
7094	0.00128
7096	0.00194
7098	0.00251
7100	0.00253
7102	0.00205
7104	0.00287
7106	0.00244
7108	0.00122
7110	8.04602E-5
7112	-3.47846E-4
7114	3.56848E-4
7116	3.00542E-4
7118	-8.11764E-4
7120	-6.7407E-4
7122	1.71624E-4
7124	6.56318E-4
7126	-5.84779E-4
7128	-6.98159E-4
7130	-6.03538E-4
7132	-3.97918E-4
7134	5.98702E-4
7136	0.00124
7138	0.00139
7140	5.67563E-4
7142	-4.28165E-5
7144	-8.24196E-4
7146	-0.00139
7148	-7.26956E-4
7150	2.35665E-4
7152	7.50285E-4
7154	4.37905E-4
7156	-7.94745E-5
7158	5.91146E-4
7160	-1.62234E-4
7162	-9.71614E-4
7164	-2.20993E-4
7166	5.53627E-4
7168	3.73247E-4
7170	4.48868E-4
7172	-7.75121E-5
7174	6.90216E-4
7176	4.60509E-4
7178	1.00802E-4
7180	-2.89042E-5
7182	-3.06108E-5
7184	-3.35317E-4
7186	-0.00115
7188	-0.00136
7190	-0.00121
7192	-0.00161
7194	-0.00229
7196	-0.00245
7198	-0.00141
7200	-9.4997E-4
7202	-8.10677E-4
7204	-6.62384E-4
7206	2.89098E-5
7208	0.00104
7210	0.0015
7212	4.3479E-4
7214	4.66083E-4
7216	-1.06623E-4
7218	6.1667E-4
7220	0.0013
7222	0.00135
7224	0.00226
7226	0.00201
7228	0.001
7230	-2.29532E-6
7232	-6.31074E-4
7234	-0.00113
7236	-1.52631E-4
7238	-1.24101E-5
7240	-9.16189E-4
7242	-0.0013
7244	-5.20746E-4
7246	-6.51525E-4
7248	1.04696E-4
7250	0.00156
7252	0.00103
7254	-1.2264E-4
7256	-0.0015
7258	-0.00135
7260	2.56024E-4
7262	5.16245E-4
7264	-0.00121
7266	-0.00184
7268	-0.00118
7270	7.28064E-5
7272	1.34869E-4
7274	-0.00139
7276	-0.00124
7278	5.67058E-4
7280	7.96121E-4
7282	9.26184E-4
7284	-5.89753E-4
7286	-0.00182
7288	-0.00207
7290	-0.00156
7292	1.53499E-4
7294	-2.76438E-4
7296	-3.90375E-4
7298	-1.66312E-4
7300	7.26751E-4
7302	4.08814E-4
7304	-9.01228E-5
7306	-5.9406E-4
7308	-0.00176
7310	-0.00195
7312	-0.0035
7314	-0.00417
7316	-0.00363
7318	-0.00215
7320	-0.0012
7322	-9.48853E-4
7324	-0.00133
7326	-0.00194
7328	-0.00117
7330	0.01769
7332	0.06678
7334	0.13062
7336	0.19987
7338	0.26782
7340	0.32836
7342	0.38388
7344	0.43257
7346	0.47777
7348	0.50865
7350	0.50649
7352	0.47822
7354	0.43721
7356	0.39482
7358	0.35191
7360	0.30874
7362	0.26995
7364	0.23596
7366	0.20529
7368	0.17943
7370	0.15592
7372	0.13625
7374	0.11902
7376	0.1042
7378	0.09276
7380	0.08214
7382	0.07245
7384	0.06438
7386	0.05667
7388	0.05088
7390	0.04525
7392	0.04026
7394	0.03623
7396	0.03292
7398	0.03014
7400	0.02697
7402	0.02334
7404	0.0216
7406	0.0213
7408	0.02059
7410	0.01862
7412	0.01645
7414	0.01493
7416	0.01494
7418	0.01499
7420	0.01235
7422	0.01112
7424	0.01056
7426	0.00993
7428	0.01076
7430	0.01021
7432	0.00848
7434	0.00613
7436	0.0046
7438	0.00476
7440	0.00579
7442	0.00573
7444	0.00472
7446	0.00251
7448	0.00192
7450	0.00171
7452	0.00236
7454	0.00256
7456	0.0025
7458	0.00196
7460	-6.11952E-5
7462	8.10097E-4
7464	0.00154
7466	0.00188
7468	0.00266
7470	0.00217
7472	7.65556E-4
7474	1.98481E-5
7476	-7.2286E-4
7478	-4.79568E-4
7480	0.00101
7482	9.59016E-4
7484	0.00119
7486	3.496E-4
7488	-1.10853E-6
7490	8.73183E-4
7492	0.00155
7494	2.81767E-4
7496	-7.15941E-4
7498	-0.00176
7500	-3.31357E-4
7502	0.00199
7504	8.74227E-4
7506	-1.94481E-4
7508	3.78219E-4
7510	0.00182
7512	0.00283
7514	0.0025
7516	0.00186
7518	0.00213
7520	0.00112
7522	4.66686E-4
7524	3.41819E-5
7526	3.45677E-4
7528	0.0012
7530	0.00109
7532	8.79163E-4
7534	0.00131
7536	0.00132
7538	5.1865E-4
7540	-4.26855E-4
7542	-0.00109
7544	-6.72864E-4
7546	5.13631E-4
7548	7.53127E-4
7550	0.00151
7552	0.00197
7554	7.65613E-4
7556	-6.54983E-4
7558	-1.0869E-4
7560	7.54604E-4
7562	0.00119
7564	-2.2681E-4
7566	-2.19516E-4
7568	2.81777E-4
7570	3.58071E-4
7572	-0.00166
7574	-0.00194
7576	-6.30049E-4
7578	5.98244E-4
7580	0.00111
7582	4.81831E-4
7584	2.93124E-4
7586	2.32418E-4
7588	-5.37289E-4
7590	-9.04996E-4
7592	-0.00152
7594	-8.58409E-4
7596	5.18846E-5
7598	-0.00122
7600	-0.00164
7602	-0.00193
7604	-0.00126
7606	-8.14409E-4
7608	-0.00147
7610	-0.00272
7612	-0.00211
7614	-0.00138
7616	-1.27668E-4
7618	2.1688E-4
7620	-1.97572E-4
7622	-3.24023E-4
7624	7.37525E-4
7626	0.00256
7628	0.00196
7630	6.29169E-4
7632	9.14718E-4
7634	0.00153
7636	0.00275
7638	0.00197
7640	0.00209
7642	0.00121
7644	1.56007E-4
7646	9.34555E-4
7648	8.85103E-4
7650	1.67651E-4
7652	2.65589E-4
7654	-0.00104
7656	-5.64557E-4
7658	7.2987E-4
7660	-2.46703E-4
7662	-9.45276E-4
7664	-0.00103
7666	-2.32422E-4
7668	5.90054E-5
7670	-6.01568E-4
7672	-3.24141E-4
7674	-2.81714E-4
7676	-0.0015
7678	-0.00117
7680	-8.94326E-5
7682	2.32994E-4
7684	1.66421E-4
7686	4.89848E-4
7688	0.00152
7690	0.00141
7692	-5.21871E-4
7694	-6.74444E-4
7696	2.53983E-4
7698	8.1641E-4
7700	8.43408E-4
7702	0.00116
7704	-3.14242E-4
7706	-6.08067E-4
7708	-4.31892E-4
7710	-0.00102
7712	-0.00222
7714	-0.00244
7716	-0.00106
7718	-2.33016E-4
7720	-2.58841E-4
7722	3.75334E-4
7724	0.00243
7726	0.00269
7728	0.0021
7730	0.01808
7732	0.0634
7734	0.12415
7736	0.19086
7738	0.25769
7740	0.32041
7742	0.37888
7744	0.42919
7746	0.47459
7748	0.50712
7750	0.50698
7752	0.47978
7754	0.44193
7756	0.39831
7758	0.3534
7760	0.31205
7762	0.27481
7764	0.24076
7766	0.20824
7768	0.18124
7770	0.15878
7772	0.13882
7774	0.12221
7776	0.10678
7778	0.09298
7780	0.08291
7782	0.07371
7784	0.06375
7786	0.05788
7788	0.05143
7790	0.04551
7792	0.04045
7794	0.03632
7796	0.03358
7798	0.03006
7800	0.0255
7802	0.0226
7804	0.0216
7806	0.02054
7808	0.01902
7810	0.01741
7812	0.0171
7814	0.01751
7816	0.01696
7818	0.01597
7820	0.01305
7822	0.01155
7824	0.01117
7826	0.01075
7828	0.00978
7830	0.00816
7832	0.00632
7834	0.00473
7836	0.00476
7838	0.00321
7840	0.00285
7842	0.00294
7844	0.00298
7846	0.00295
7848	0.00235
7850	3.793E-4
7852	4.32708E-4
7854	9.27115E-4
7856	0.00207
7858	0.00265
7860	0.00206
7862	0.00223
7864	0.00326
7866	0.00243
7868	0.00126
7870	0.00121
7872	0.00205
7874	0.0016
7876	0.00121
7878	0.00143
7880	0.00161
7882	0.00101
7884	5.02228E-4
7886	5.72636E-4
7888	8.80044E-4
7890	7.52451E-4
7892	0.00104
7894	0.00118
7896	0.00157
7898	0.0019
7900	9.05489E-4
7902	0.00106
7904	0.00109
7906	7.66712E-4
7908	4.45119E-4
7910	2.17527E-4
7912	2.21934E-4
7914	4.98342E-4
7916	7.45749E-4
7918	0.00149
7920	6.35565E-4
7922	1.14972E-4
7924	-6.9662E-4
7926	-1.76213E-4
7928	5.55195E-4
7930	0.00206
7932	0.00243
7934	0.001
7936	7.93825E-4
7938	0.00109
7940	0.00109
7942	9.55048E-4
7944	0.00121
7946	0.00169
7948	0.00164
7950	0.00114
7952	9.67085E-4
7954	0.00196
7956	0.00121
7958	0.00171
7960	0.00122
7962	5.43123E-4
7964	-1.15469E-4
7966	-2.60062E-4
7968	-9.25654E-4
7970	-0.00142
7972	-5.20839E-4
7974	0.00108
7976	0.00193
7978	0.0015
7980	9.42791E-4
7982	7.12199E-4
7984	0.00217
7986	0.0014
7988	-6.03578E-4
7990	-3.91709E-5
7992	-3.14763E-4
7994	-0.00141
7996	-0.00194
7998	-0.00117
8000	1.98867E-4
8002	9.52744E-5
8004	-3.51318E-4
8006	-5.5191E-4
8008	-3.55029E-5
8010	1.09905E-4
8012	-1.06688E-4
8014	-0.00131
8016	-0.00171
8018	-6.35465E-4
8020	-4.68058E-4
8022	-7.0565E-4
8024	-0.00139
8026	-8.57835E-4
8028	-2.93427E-4
8030	-0.00103
8032	-8.91612E-4
8034	-2.16287E-4
8036	-0.00116
8038	-5.12173E-4
8040	1.89885E-4
8042	3.70942E-4
8044	-8.59E-4
8046	-0.00104
8048	-8.94886E-4
8050	3.89172E-4
8052	0.00116
8054	9.71286E-4
8056	-9.46565E-5
8058	6.73401E-4
8060	5.61458E-4
8062	-8.79484E-4
8064	-9.12427E-4
8066	-0.00182
8068	-0.00166
8070	-8.32551E-5
8072	2.89802E-4
8074	-4.9514E-4
8076	-3.25083E-4
8078	-0.00163
8080	-9.82968E-4
8082	2.13333E-4
8084	3.77221E-4
8086	2.0611E-4
8088	-3.78001E-4
8090	9.17887E-4
8092	9.76776E-4
8094	2.16644E-5
8096	1.94553E-4
8098	-1.59558E-4
8100	-7.4967E-4
8102	2.96219E-4
8104	6.33107E-4
8106	4.82996E-4
8108	-3.90116E-4
8110	-2.58227E-4
8112	0.00106
8114	0.00175
8116	0.00142
8118	0.00146
8120	8.64216E-4
8122	3.06104E-4
8124	-4.59007E-4
8126	3.44882E-4
8128	0.00133
8130	0.01336
8132	0.05567
8134	0.11555
8136	0.18337
8138	0.25061
8140	0.3132
8142	0.3708
8144	0.4211
8146	0.46569
8148	0.50089
8150	0.50359
8152	0.47995
8154	0.44232
8156	0.39963
8158	0.35599
8160	0.31459
8162	0.27608
8164	0.24072
8166	0.20982
8168	0.18247
8170	0.15854
8172	0.13939
8174	0.12213
8176	0.10611
8178	0.09188
8180	0.081
8182	0.07191
8184	0.06206
8186	0.05466
8188	0.04877
8190	0.04363
8192	0.04077
8194	0.03758
8196	0.03488
8198	0.03038
8200	0.02671
8202	0.02485
8204	0.02308
8206	0.01972
8208	0.01743
8210	0.01707
8212	0.0174
8214	0.01649
8216	0.01412
8218	0.01308
8220	0.01223
8222	0.01155
8224	0.0103
8226	0.01
8228	0.0092
8230	0.00884
8232	0.00846
8234	0.00925
8236	0.00974
8238	0.00934
8240	0.00813
8242	0.00595
8244	0.00525
8246	0.00551
8248	0.00426
8250	0.00379
8252	0.00385
8254	0.0034
8256	0.00327
8258	0.00217
8260	0.00149
8262	0.00134
8264	9.83237E-4
8266	0.00136
8268	0.00166
8270	0.00177
8272	0.00325
8274	0.00284
8276	0.00223
8278	0.00296
8280	0.0027
8282	0.00207
8284	7.41176E-4
8286	1.70051E-4
8288	2.80926E-4
8290	7.31802E-4
8292	0.00138
8294	6.68552E-4
8296	-5.73072E-7
8298	-4.52698E-4
8300	7.31772E-5
8302	6.50052E-4
8304	0.00107
8306	0.00123
8308	0.00154
8310	7.23553E-4
8312	7.65428E-4
8314	0.00113
8316	0.00218
8318	0.00277
8320	0.00237
8322	5.74483E-4
8324	3.0243E-4
8326	-1.32623E-4
8328	-3.22676E-4
8330	5.26271E-4
8332	0.00136
8334	6.69166E-4
8336	5.38113E-4
8338	-4.8194E-4
8340	-0.00158
8342	-0.00169
8344	-0.00154
8346	-0.00231
8348	-0.00276
8350	-0.00204
8352	-3.1331E-4
8354	2.49638E-4
8356	0.00151
8358	0.00118
8360	6.72479E-4
8362	-5.91574E-4
8364	-0.00105
8366	-0.00162
8368	-8.30712E-4
8370	-5.30419E-4
8372	-0.00101
8374	-0.00101
8376	-5.87538E-4
8378	-8.28245E-4
8380	-0.00115
8382	-5.47658E-4
8384	4.41635E-4
8386	-1.70072E-4
8388	-0.00165
8390	-0.00149
8392	-0.00194
8394	-0.00168
8396	-0.00165
8398	-0.00123
8400	-4.79018E-4
8402	-4.45724E-4
8404	-7.55431E-4
8406	-9.22138E-4
8408	-6.19844E-4
8410	-3.19551E-4
8412	-5.03258E-4
8414	4.23036E-4
8416	-2.41896E-4
8418	-0.00108
8420	4.42008E-5
8422	-2.15251E-4
8424	-6.33703E-4
8426	4.77845E-4
8428	3.02394E-4
8430	1.17942E-4
8432	0.0011
8434	0.00125
8436	1.28586E-4
8438	-1.00865E-4
8440	0.00128
8442	0.00192
8444	-6.12207E-5
8446	-0.00142
8448	-0.00114
8450	-4.47576E-4
8452	3.94972E-4
8454	-4.4797E-6
8456	-0.00169
8458	-0.00114
8460	-0.00175
8462	-9.73287E-4
8464	-0.00112
8466	-0.00211
8468	-0.0012
8470	-1.56274E-4
8472	-9.27083E-4
8474	-0.00117
8476	-0.00137
8478	-8.03508E-4
8480	3.80683E-4
8482	3.17875E-4
8484	0.00169
8486	0.00214
8488	0.00214
8490	0.00256
8492	0.00173
8494	0.00197
8496	0.00205
8498	0.00183
8500	0.00117
8502	9.67789E-4
8504	8.63981E-4
8506	-6.81828E-4
8508	4.78363E-4
8510	7.18555E-4
8512	4.972E-4
8514	8.90076E-4
8516	2.88951E-4
8518	-5.81174E-4
8520	-9.52299E-4
8522	-3.62424E-4
8524	0.0015
8526	0.00205
8528	0.00166
8530	0.01351
8532	0.05295
8534	0.1114
8536	0.1769
8538	0.24407
8540	0.30779
8542	0.36457
8544	0.41391
8546	0.45917
8548	0.49494
8550	0.50098
8552	0.47964
8554	0.44206
8556	0.39844
8558	0.35578
8560	0.31522
8562	0.27696
8564	0.24042
8566	0.20897
8568	0.18239
8570	0.15942
8572	0.13984
8574	0.12201
8576	0.10609
8578	0.09193
8580	0.08159
8582	0.07177
8584	0.06255
8586	0.05453
8588	0.04913
8590	0.04439
8592	0.04033
8594	0.03698
8596	0.03334
8598	0.03061
8600	0.02721
8602	0.02473
8604	0.02207
8606	0.01978
8608	0.01969
8610	0.01783
8612	0.01617
8614	0.01413
8616	0.01371
8618	0.01365
8620	0.01233
8622	0.01047
8624	0.00892
8626	0.0084
8628	0.00711
8630	0.00594
8632	0.00515
8634	0.00518
8636	0.00502
8638	0.00536
8640	0.00488
8642	0.00352
8644	0.0033
8646	0.0024
8648	0.00201
8650	0.00134
8652	0.00242
8654	0.00216
8656	0.00178
8658	0.00192
8660	0.00205
8662	0.00285
8664	0.0038
8666	0.00213
8668	0.001
8670	0.00133
8672	0.00109
8674	5.14594E-4
8676	0.0012
8678	1.89037E-4
8680	5.90258E-4
8682	0.00142
8684	0.00147
8686	0.00135
8688	-1.69857E-4
8690	-6.87636E-4
8692	-3.42414E-4
8694	1.16807E-4
8696	6.36028E-4
8698	0.00125
8700	0.00167
8702	0.00287
8704	0.00261
8706	0.00156
8708	0.00142
8710	6.14577E-4
8712	2.48799E-4
8714	-3.9298E-4
8716	-8.47759E-4
8718	-7.34537E-4
8720	-2.39316E-4
8722	-0.001
8724	-0.00187
8726	-0.00157
8728	-0.00152
8730	-4.6421E-4
8732	5.07012E-4
8734	5.74233E-4
8736	0.00161
8738	0.00128
8740	1.86897E-4
8742	0.00123
8744	0.00201
8746	0.00242
8748	0.00154
8750	4.90428E-4
8752	-4.37015E-6
8754	-5.26168E-4
8756	1.43034E-4
8758	0.00115
8760	1.56438E-4
8762	2.7164E-4
8764	-5.17158E-4
8766	-0.00128
8768	-0.00149
8770	-0.00168
8772	-0.00168
8774	-0.0021
8776	-4.92946E-4
8778	-9.89744E-4
8780	-6.02542E-4
8782	-1.7734E-4
8784	0.00101
8786	1.36064E-4
8788	3.01266E-4
8790	8.09468E-4
8792	0.00104
8794	0.00154
8796	-1.54926E-4
8798	-8.27288E-4
8800	-5.11994E-4
8802	4.50299E-4
8804	5.45923E-5
8806	1.48857E-5
8808	9.29179E-4
8810	8.71472E-4
8812	-4.62341E-5
8814	-6.40941E-4
8816	-8.59647E-4
8818	-9.95354E-4
8820	-5.97061E-4
8822	-7.97767E-4
8824	-4.48474E-4
8826	-5.7318E-4
8828	-3.81887E-4
8830	-4.23594E-4
8832	9.56997E-5
8834	-0.0011
8836	-0.00207
8838	-8.7842E-4
8840	-3.36127E-4
8842	3.90167E-4
8844	-6.5754E-4
8846	-8.04058E-4
8848	2.82889E-4
8850	7.82837E-4
8852	0.0012
8854	0.00128
8856	0.00113
8858	5.39625E-4
8860	-1.34274E-5
8862	-3.0448E-4
8864	-2.00533E-4
8866	-7.49586E-4
8868	-0.00177
8870	-0.00139
8872	-5.17443E-5
8874	0.00208
8876	0.00144
8878	-2.49903E-4
8880	4.70045E-4
8882	0.00138
8884	-1.92061E-4
8886	-6.91114E-4
8888	3.60833E-4
8890	2.80781E-4
8892	2.01728E-4
8894	1.24604E-4
8896	-3.09655E-4
8898	-5.77913E-4
8900	-6.14172E-4
8902	5.05696E-5
8904	-1.67689E-4
8906	-5.55947E-4
8908	-0.00137
8910	-6.44464E-4
8912	1.87277E-4
8914	4.80186E-5
8916	-1.5324E-4
8918	-8.21498E-4
8920	-0.00123
8922	-0.00145
8924	-0.00141
8926	-0.00164
8928	-0.00103
8930	0.00824
8932	0.04671
8934	0.10486
8936	0.17008
8938	0.23679
8940	0.29987
8942	0.35555
8944	0.40671
8946	0.45228
8948	0.49041
8950	0.50015
8952	0.48065
8954	0.44534
8956	0.40332
8958	0.359
8960	0.31662
8962	0.27729
8964	0.24316
8966	0.21193
8968	0.18438
8970	0.16073
8972	0.13902
8974	0.12125
8976	0.10661
8978	0.09354
8980	0.08282
8982	0.07289
8984	0.06423
8986	0.05627
8988	0.04914
8990	0.0437
8992	0.04038
8994	0.03675
8996	0.03296
8998	0.0298
9000	0.02692
9002	0.0244
9004	0.02175
9006	0.01958
9008	0.01609
9010	0.01429
9012	0.01386
9014	0.01314
9016	0.01287
9018	0.01229
9020	0.01143
9022	0.01102
9024	0.00998
9026	0.00832
9028	0.00756
9030	0.00606
9032	0.00588
9034	0.00629
9036	0.00554
9038	0.00492
9040	0.00577
9042	0.00647
9044	0.0049
9046	0.00391
9048	0.00383
9050	0.0034
9052	0.00291
9054	0.00254
9056	0.00159
9058	0.00209
9060	0.00253
9062	0.00293
9064	0.00441
9066	0.00485
9068	0.00392
9070	0.00273
9072	0.0027
9074	0.00269
9076	0.00273
9078	0.00203
9080	0.00164
9082	0.00185
9084	0.00208
9086	0.00147
9088	0.00118
9090	0.00122
9092	0.00129
9094	0.002
9096	0.00242
9098	0.0021
9100	0.00146
9102	0.00197
9104	0.00117
9106	-8.91793E-4
9108	-7.49571E-4
9110	3.1265E-4
9112	0.00144
9114	0.00221
9116	0.00214
9118	6.56535E-4
9120	-5.12244E-4
9122	9.67978E-4
9124	0.00207
9126	0.00181
9128	0.00151
9130	1.79863E-4
9132	-3.69916E-4
9134	-8.63998E-4
9136	-6.03902E-4
9138	0.0014
9140	0.00192
9142	0.00161
9144	8.25479E-4
9146	5.88574E-4
9148	-0.00128
9150	-0.0024
9152	-0.00154
9154	-0.00197
9156	-0.00182
9158	-9.08854E-4
9160	6.29242E-4
9162	3.37E-7
9164	8.59432E-4
9166	9.35277E-5
9168	-5.91377E-4
9170	-3.28282E-4
9172	-9.01186E-4
9174	-0.00192
9176	-0.0016
9178	-0.00175
9180	-9.81289E-4
9182	-9.97682E-4
9184	-9.15075E-4
9186	4.75314E-5
9188	1.34138E-4
9190	1.53745E-4
9192	-1.61648E-4
9194	-1.13041E-4
9196	1.89566E-4
9198	-4.41828E-4
9200	-6.24221E-4
9202	-3.01614E-4
9204	0.00155
9206	0.00171
9208	0.00158
9210	0.00183
9212	0.001
9214	5.16027E-4
9216	4.63378E-6
9218	-7.67594E-5
9220	0.00138
9222	0.00139
9224	8.40061E-4
9226	3.86668E-4
9228	0.00116
9230	0.00192
9232	9.62507E-4
9234	3.12736E-4
9236	8.71965E-4
9238	3.57194E-4
9240	-7.78577E-4
9242	-6.46348E-4
9244	-5.80119E-4
9246	-0.00108
9248	4.33386E-5
9250	8.94568E-4
9252	7.99797E-4
9254	7.63025E-4
9256	-3.96746E-4
9258	-0.00155
9260	-0.00159
9262	-1.43059E-4
9264	3.9017E-4
9266	0.00132
9268	3.68628E-4
9270	-7.76143E-4
9272	-0.00122
9274	-0.00163
9276	-7.16577E-4
9278	-3.31977E-4
9280	-4.06378E-4
9282	-5.79779E-4
9284	-8.1218E-4
9286	5.32419E-4
9288	-2.25981E-4
9290	-2.39382E-4
9292	-1.07783E-4
9294	-4.54184E-4
9296	-1.57585E-4
9298	-1.48986E-4
9300	-2.29386E-4
9302	0.0011
9304	0.00263
9306	0.00211
9308	9.60102E-5
9310	-6.79391E-4
9312	-0.00136
9314	-0.00248
9316	-0.00124
9318	-5.41994E-4
9320	-2.92395E-4
9322	3.82044E-5
9324	0.00112
9326	0.0015
9328	8.82327E-4
9330	0.00699
9332	0.04525
9334	0.10231
9336	0.16745
9338	0.23262
9340	0.29475
9342	0.35167
9344	0.40247
9346	0.44978
9348	0.4881
9350	0.49672
9352	0.47662
9354	0.43963
9356	0.39735
9358	0.35591
9360	0.31554
9362	0.27682
9364	0.24159
9366	0.21179
9368	0.18528
9370	0.16118
9372	0.13954
9374	0.12058
9376	0.10304
9378	0.08922
9380	0.07852
9382	0.06857
9384	0.0597
9386	0.05406
9388	0.04786
9390	0.04279
9392	0.03837
9394	0.03385
9396	0.03105
9398	0.02833
9400	0.02678
9402	0.02335
9404	0.02024
9406	0.01976
9408	0.01955
9410	0.01668
9412	0.01429
9414	0.01273
9416	0.01231
9418	0.01218
9420	0.01056
9422	0.0095
9424	0.00863
9426	0.00785
9428	0.00736
9430	0.00739
9432	0.00697
9434	0.00611
9436	0.00586
9438	0.00474
9440	0.00326
9442	0.00269
9444	0.00387
9446	0.00393
9448	0.00382
9450	0.00411
9452	0.00234
9454	7.64137E-4
9456	5.3797E-4
9458	1.68804E-4
9460	1.59638E-4
9462	-6.95528E-4
9464	-0.00111
9466	-3.54861E-4
9468	-3.2037E-4
9470	8.87735E-4
9472	8.2184E-4
9474	-9.40055E-4
9476	-0.00123
9478	7.03155E-4
9480	0.00195
9482	0.00149
9484	2.0847E-4
9486	-9.90425E-4
9488	-0.00129
9490	-2.13215E-4
9492	-4.2811E-4
9494	1.27995E-4
9496	9.531E-4
9498	0.00231
9500	0.00223
9502	0.00164
9504	0.00165
9506	0.00226
9508	0.00266
9510	0.00179
9512	0.00174
9514	0.00139
9516	6.47537E-4
9518	-2.8225E-4
9520	9.3964E-5
9522	5.16178E-4
9524	-3.99609E-4
9526	-0.00203
9528	-0.00295
9530	-0.00284
9532	-0.00303
9534	-0.00241
9536	-0.00216
9538	-0.00175
9540	-7.389E-4
9542	-4.29686E-4
9544	4.37528E-4
9546	1.27414E-5
9548	7.77955E-4
9550	0.00161
9552	0.00224
9554	8.20596E-4
9556	-5.7319E-4
9558	-4.13977E-4
9560	-5.03763E-4
9562	-6.06549E-4
9564	-7.84575E-4
9566	7.25284E-5
9568	-6.57369E-4
9570	-2.64266E-4
9572	0.00146
9574	0.0016
9576	5.90434E-5
9578	-9.38854E-4
9580	-6.90751E-4
9582	-6.16476E-5
9584	7.43455E-4
9586	0.00128
9588	0.00283
9590	0.00308
9592	0.0032
9594	0.00132
9596	-9.48927E-4
9598	-0.00168
9600	-0.00215
9602	-0.00134
9604	-5.55515E-4
9606	-0.00186
9608	-0.00199
9610	-0.00217
9612	-0.00245
9614	-7.36117E-4
9616	-9.96851E-4
9618	-0.00142
9620	-9.17318E-4
9622	-7.91052E-4
9624	2.41214E-4
9626	3.48481E-4
9628	8.92747E-4
9630	6.40013E-4
9632	-7.1372E-4
9634	-0.00103
9636	-4.82188E-4
9638	4.90784E-5
9640	3.73345E-4
9642	-3.12389E-4
9644	5.58772E-5
9646	-0.00119
9648	-0.00123
9650	-0.00165
9652	-0.00226
9654	-0.00177
9656	-0.00209
9658	-0.00292
9660	-0.00254
9662	-0.00232
9664	-6.14199E-4
9666	-2.66664E-4
9668	-0.00122
9670	-0.00158
9672	-0.00158
9674	-8.83525E-4
9676	-8.5899E-4
9678	-9.43455E-4
9680	-0.00161
9682	-0.00313
9684	-0.00266
9686	-0.00111
9688	8.5322E-4
9690	4.14755E-4
9692	-7.1371E-4
9694	-6.61754E-5
9696	0.00112
9698	4.91894E-4
9700	-0.00116
9702	-0.00177
9704	-0.00169
9706	-0.00122
9708	3.06544E-4
9710	0.0011
9712	0.00168
9714	0.00205
9716	0.00182
9718	5.73428E-5
9720	-5.34497E-4
9722	3.67662E-4
9724	0.00158
9726	0.00187
9728	4.94142E-4
9730	0.00647
9732	0.04131
9734	0.0969
9736	0.16103
9738	0.2258
9740	0.28605
9742	0.34059
9744	0.39138
9746	0.43671
9748	0.47647
9750	0.49042
9752	0.47467
9754	0.4403
9756	0.39964
9758	0.35722
9760	0.31583
9762	0.27654
9764	0.24154
9766	0.21187
9768	0.18332
9770	0.15832
9772	0.13813
9774	0.12138
9776	0.10634
9778	0.09233
9780	0.08187
9782	0.07297
9784	0.06403
9786	0.05625
9788	0.04925
9790	0.04245
9792	0.03718
9794	0.03339
9796	0.03083
9798	0.02865
9800	0.02505
9802	0.02231
9804	0.01974
9806	0.01838
9808	0.01796
9810	0.0154
9812	0.01421
9814	0.01312
9816	0.01378
9818	0.0134
9820	0.0119
9822	0.0104
9824	0.00982
9826	0.00844
9828	0.00823
9830	0.00721
9832	0.00544
9834	0.00406
9836	0.00405
9838	0.00452
9840	0.00348
9842	0.0033
9844	0.00251
9846	0.00126
9848	0.00198
9850	0.00233
9852	0.00169
9854	0.00223
9856	0.00131
9858	-5.02066E-5
9860	-7.81487E-5
9862	5.90914E-6
9864	-3.3033E-5
9866	3.02025E-4
9868	0.00126
9870	0.00127
9872	0.00211
9874	0.00188
9876	0.00135
9878	5.64372E-4
9880	4.4243E-4
9882	6.82488E-4
9884	-5.85455E-4
9886	-0.00154
9888	-3.64339E-4
9890	3.69719E-4
9892	3.35777E-4
9894	-1.04165E-4
9896	0.00148
9898	0.00223
9900	8.66008E-4
9902	7.82066E-4
9904	-1.17876E-4
9906	2.79182E-4
9908	6.0724E-4
9910	-3.52703E-4
9912	-0.00154
9914	-0.00151
9916	-4.97529E-4
9918	-9.14712E-5
9920	3.93587E-4
9922	-8.05355E-4
9924	-0.00116
9926	-0.00116
9928	-4.71819E-5
9930	-9.01241E-5
9932	-1.27066E-4
9934	-6.73008E-4
9936	-0.00156
9938	-5.50893E-4
9940	-3.00835E-4
9942	-7.79777E-4
9944	-6.61719E-4
9946	-6.9414E-4
9948	-9.12675E-4
9950	-6.43209E-4
9952	-0.00117
9954	-7.21278E-4
9956	6.32187E-4
9958	6.59653E-4
9960	-0.00116
9962	-0.00223
9964	-0.00134
9966	-6.83485E-4
9968	-3.17019E-4
9970	-3.25536E-5
9972	-2.13088E-4
9974	-7.91622E-4
9976	-6.36157E-4
9978	-0.00147
9980	-0.00113
9982	-0.00163
9984	-0.00179
9986	-0.002
9988	-0.0024
9990	-0.00167
9992	-0.00203
9994	-5.38377E-4
9996	-8.88033E-4
9998	-0.00114
10000	-5.76344E-4
10002	7.68E-4
10004	9.77344E-4
10006	0.00195
10008	0.0019
10010	0.0011
10012	0.0016
10014	4.49066E-4
10016	6.26411E-4
10018	3.54755E-4
10020	0.00116
10022	5.89444E-4
10024	0.00156
10026	0.00113
10028	-1.75233E-5
10030	-1.89179E-4
10032	-2.18835E-4
10034	-2.6749E-4
10036	2.04854E-4
10038	-0.00104
10040	-2.32457E-4
10042	0.00121
10044	4.58417E-4
10046	-0.00187
10048	-0.00193
10050	-0.00136
10052	-1.80575E-4
10054	1.3177E-5
10056	1.48929E-4
10058	5.32681E-4
10060	5.43433E-4
10062	9.59185E-4
10064	0.00149
10066	8.32689E-4
10068	6.68441E-4
10070	7.63193E-4
10072	0.0012
10074	0.00179
10076	0.0022
10078	0.00246
10080	0.003
10082	0.00299
10084	0.00178
10086	-8.17901E-5
10088	-0.00114
10090	-0.00128
10092	-0.00103
10094	-0.00138
10096	-0.00171
10098	-6.96351E-4
10100	6.71586E-4
10102	5.77522E-4
10104	3.33459E-4
10106	-4.23604E-4
10108	-0.00149
10110	-0.00183
10112	-0.00209
10114	-3.76858E-4
10116	1.06079E-4
10118	4.50016E-4
10120	0.00116
10122	0.00119
10124	5.53825E-4
10126	-8.45238E-4
10128	-8.73013E-5
10130	0.00583
10132	0.03515
10134	0.08736
10136	0.15002
10138	0.21586
10140	0.27755
10142	0.33394
10144	0.38554
10146	0.43132
10148	0.47136
10150	0.49025
10152	0.47491
10154	0.44152
10156	0.40036
10158	0.35716
10160	0.31579
10162	0.27774
10164	0.24306
10166	0.21245
10168	0.18644
10170	0.16299
10172	0.14222
10174	0.12432
10176	0.10743
10178	0.09191
10180	0.07952
10182	0.06891
10184	0.05949
10186	0.05225
10188	0.04645
10190	0.04158
10192	0.03744
10194	0.03278
10196	0.02993
10198	0.02656
10200	0.02448
10202	0.02363
10204	0.0214
10206	0.01853
10208	0.01733
10210	0.01715
10212	0.01671
10214	0.01529
10216	0.0134
10218	0.01167
10220	0.00993
10222	0.00875
10224	0.00902
10226	0.00854
10228	0.00809
10230	0.00762
10232	0.00543
10234	0.00451
10236	0.00337
10238	0.00385
10240	0.0057
10242	0.00651
10244	0.00644
10246	0.00665
10248	0.0055
10250	0.00402
10252	0.00259
10254	0.00169
10256	-2.31548E-4
10258	-8.2626E-4
10260	3.2029E-5
10262	1.82318E-4
10264	6.03606E-4
10266	0.00165
10268	0.00101
10270	0.00159
10272	0.00205
10274	0.00196
10276	6.14338E-4
10278	1.78627E-4
10280	-4.16492E-4
10282	-1.3453E-4
10284	-2.91569E-4
10286	3.45393E-4
10288	0.00128
10290	0.00104
10292	0.00126
10294	0.00133
10296	0.00165
10298	0.00136
10300	0.00103
10302	2.9087E-5
10304	3.12049E-4
10306	1.0201E-4
10308	2.97972E-4
10310	-4.40661E-5
10312	-0.00123
10314	-6.97143E-4
10316	-0.00145
10318	-0.00122
10320	-4.87257E-4
10322	6.05704E-4
10324	0.00186
10326	0.00156
10328	7.83792E-4
10330	8.76061E-4
10332	1.48331E-4
10334	1.346E-4
10336	6.74869E-4
10338	0.00151
10340	8.79408E-4
10342	4.44678E-4
10344	-1.18053E-4
10346	-0.00212
10348	-0.00289
10350	-0.00157
10352	-0.00125
10354	-7.71706E-4
10356	-0.00128
10358	-0.00104
10360	-2.11898E-4
10362	8.81371E-4
10364	0.00121
10366	9.6791E-4
10368	0.00137
10370	7.89449E-4
10372	4.11718E-4
10374	4.95987E-4
10376	0.00116
10378	0.00195
10380	0.00144
10382	6.04122E-6
10384	-7.8167E-4
10386	-0.00132
10388	-0.00119
10390	-7.63804E-4
10392	-5.18516E-4
10394	-7.22269E-5
10396	7.38062E-4
10398	-7.3565E-4
10400	-8.11361E-4
10402	4.92761E-6
10404	-5.67784E-4
10406	3.74505E-4
10408	1.84794E-4
10410	0.00123
10412	0.0015
10414	0.0018
10416	0.0021
10418	0.00208
10420	0.0016
10422	0.00148
10424	0.00175
10426	8.12046E-4
10428	-8.25357E-4
10430	-0.00267
10432	-0.00339
10434	-0.00234
10436	-0.00222
10438	-0.00306
10440	-0.00166
10442	-4.66183E-4
10444	3.41284E-6
10446	1.34009E-4
10448	-5.03946E-5
10450	-5.29798E-4
10452	6.02798E-4
10454	7.50394E-4
10456	9.1199E-4
10458	9.12587E-4
10460	0.00109
10462	0.0015
10464	0.00114
10466	3.76972E-4
10468	-8.13432E-4
10470	-0.00121
10472	-0.00108
10474	-1.9595E-4
10476	6.62319E-4
10478	-3.87411E-4
10480	2.03858E-4
10482	0.0013
10484	-1.58603E-4
10486	-0.00125
10488	-6.75065E-4
10490	-1.75795E-4
10492	0.0013
10494	0.00159
10496	0.00125
10498	-2.15718E-4
10500	-7.34485E-5
10502	1.69821E-4
10504	-8.6591E-4
10506	-4.7964E-4
10508	-0.00126
10510	-1.70102E-4
10512	-2.10832E-4
10514	-3.52563E-4
10516	-7.61294E-4
10518	-0.00105
10520	3.11139E-4
10522	6.71904E-4
10524	-9.8333E-4
10526	-0.00103
10528	-3.39799E-4
10530	0.00362
10532	0.03148
10534	0.08565
10536	0.14898
10538	0.2134
10540	0.27413
10542	0.33034
10544	0.38265
10546	0.42917
10548	0.4695
10550	0.48868
10552	0.47505
10554	0.44275
10556	0.40084
10558	0.35878
10560	0.31834
10562	0.28065
10564	0.24556
10566	0.21376
10568	0.18582
10570	0.16116
10572	0.13956
10574	0.12025
10576	0.1047
10578	0.09194
10580	0.08053
10582	0.07234
10584	0.06366
10586	0.05549
10588	0.04807
10590	0.04235
10592	0.03984
10594	0.03551
10596	0.03094
10598	0.02702
10600	0.02416
10602	0.02039
10604	0.01832
10606	0.01673
10608	0.01628
10610	0.01491
10612	0.01506
10614	0.01375
10616	0.01212
10618	0.01063
10620	0.00884
10622	0.00758
10624	0.00724
10626	0.00566
10628	0.00572
10630	0.00655
10632	0.00573
10634	0.00489
10636	0.00566
10638	0.00519
10640	0.00361
10642	0.00323
10644	0.00225
10646	0.00268
10648	0.00282
10650	0.00172
10652	0.00186
10654	0.00138
10656	4.44671E-4
10658	7.64017E-5
10660	-2.44867E-4
10662	-6.18039E-4
10664	7.38434E-6
10666	5.36808E-4
10668	0.00113
10670	0.00115
10672	0.0014
10674	0.00222
10676	0.00267
10678	0.00228
10680	0.002
10682	0.00254
10684	0.00197
10686	0.00223
10688	0.00227
10690	0.00198
10692	3.68311E-4
10694	-0.00102
10696	-6.17843E-4
10698	-2.75419E-4
10700	-6.07996E-4
10702	-2.90573E-4
10704	9.28507E-5
10706	-4.26726E-4
10708	-6.85303E-4
10710	-0.00112
10712	-0.0012
10714	-0.00159
10716	-0.00139
10718	-1.19501E-4
10720	-2.44904E-4
10722	-2.50308E-4
10724	3.42288E-4
10726	-1.14115E-4
10728	-0.00102
10730	-0.00113
10732	-0.00142
10734	-0.00148
10736	-5.80134E-4
10738	-0.00145
10740	-0.00224
10742	-0.00243
10744	-0.00213
10746	-0.00165
10748	-0.00198
10750	-0.00254
10752	-0.00212
10754	-0.0012
10756	-7.42172E-4
10758	-0.00107
10760	-5.23173E-4
10762	-6.58211E-4
10764	-0.0017
10766	-0.00151
10768	-5.66326E-4
10770	4.58636E-4
10772	0.00145
10774	9.05592E-5
10776	-6.69479E-4
10778	-3.64517E-4
10780	-0.0013
10782	-0.0017
10784	-0.00101
10786	5.2333E-4
10788	7.61291E-4
10790	5.61253E-4
10792	-3.87852E-5
10794	-0.00178
10796	-0.00177
10798	-0.00163
10800	-0.00184
10802	-0.00248
10804	-0.00198
10806	-0.00139
10808	-0.00181
10810	-0.00232
10812	-0.00198
10814	-1.5246E-4
10816	-1.97402E-4
10818	1.43656E-4
10820	2.83714E-4
10822	0.00136
10824	2.55829E-4
10826	-4.56113E-4
10828	5.80945E-4
10830	0.00226
10832	0.00251
10834	0.00212
10836	0.00239
10838	0.0011
10840	0.00132
10842	0.00185
10844	0.00128
10846	-2.01534E-4
10848	-2.50477E-4
10850	7.05581E-4
10852	0.00148
10854	6.63091E-4
10856	0.00123
10858	0.00204
10860	0.00114
10862	8.69246E-4
10864	0.00121
10866	9.45323E-4
10868	1.52361E-4
10870	-0.00122
10872	-0.00165
10874	-0.00161
10876	-0.00138
10878	-0.00174
10880	-0.00151
10882	-5.06369E-4
10884	-7.5733E-4
10886	4.59708E-4
10888	0.00142
10890	0.00146
10892	0.00145
10894	0.00155
10896	0.0026
10898	0.00163
10900	7.44978E-4
10902	1.84105E-4
10904	-5.20607E-4
10906	-0.00153
10908	-0.00173
10910	-0.00125
10912	-6.03452E-4
10914	0.00131
10916	0.00215
10918	8.91414E-4
10920	7.01702E-4
10922	2.98991E-4
10924	2.9628E-4
10926	4.56568E-4
10928	-0.00133
10930	-1.51854E-4
10932	0.02403
10934	0.07418
10936	0.13664
10938	0.20169
10940	0.26332
10942	0.32018
10944	0.3711
10946	0.41637
10948	0.45705
10950	0.47983
10952	0.46968
10954	0.43984
10956	0.40106
10958	0.35845
10960	0.31681
10962	0.27904
10964	0.24432
10966	0.21303
10968	0.18717
10970	0.16361
10972	0.14158
10974	0.1227
10976	0.1068
10978	0.09243
10980	0.08074
10982	0.06947
10984	0.06049
10986	0.05395
10988	0.0475
10990	0.04314
10992	0.03957
10994	0.03515
10996	0.03176
10998	0.02818
11000	0.02538
11002	0.02315
11004	0.02246
11006	0.02089
11008	0.01781
11010	0.016
11012	0.01561
11014	0.01456
11016	0.01314
11018	0.01227
11020	0.01024
11022	0.00837
11024	0.00755
11026	0.00728
11028	0.00675
11030	0.00484
11032	0.00539
11034	0.0052
11036	0.00416
11038	0.00402
11040	0.00366
11042	0.00224
11044	0.00112
11046	0.00223
11048	0.00348
11050	0.00348
11052	0.00188
11054	0.00119
11056	4.62202E-4
11058	2.9726E-4
11060	3.57317E-4
11062	-9.16247E-5
11064	6.91433E-4
11066	0.00209
11068	0.00156
11070	0.00102
11072	-2.13355E-5
11074	-0.00156
11076	-2.2022E-4
11078	-1.66162E-4
11080	-3.25104E-4
11082	-6.68046E-4
11084	-0.00154
11086	-0.00199
11088	-0.00132
11090	-9.53815E-4
11092	-0.00151
11094	3.09353E-5
11096	7.89704E-6
11098	5.85878E-6
11100	-4.61795E-5
11102	-6.34218E-4
11104	-9.66256E-4
11106	-0.0011
11108	-6.89333E-4
11110	1.58629E-4
11112	1.42591E-4
11114	0.00145
11116	4.41514E-4
11118	-0.0011
11120	-0.00132
11122	-0.00166
11124	-0.00276
11126	-0.00231
11128	-0.00319
11130	-0.00348
11132	-0.00271
11134	-0.0028
11136	-0.00277
11138	-0.00287
11140	-0.00242
11142	-0.00123
11144	6.2029E-4
11146	-1.15979E-4
11148	-1.44248E-4
11150	6.67483E-4
11152	-2.81786E-4
11154	3.18945E-4
11156	7.54676E-4
11158	7.60407E-4
11160	0.00131
11162	0.00145
11164	0.00235
11166	0.00137
11168	3.07062E-4
11170	-1.52207E-4
11172	-4.38476E-4
11174	-0.00115
11176	-0.00127
11178	-8.50284E-4
11180	-8.95553E-4
11182	-9.78822E-4
11184	-6.27091E-4
11186	5.2664E-4
11188	7.17308E-4
11190	1.34135E-4
11192	2.33962E-4
11194	-1.1021E-4
11196	1.22617E-4
11198	-0.00103
11200	-0.00179
11202	-0.00218
11204	-0.0019
11206	-0.00207
11208	-0.00153
11210	2.59406E-4
11212	0.002
11214	0.00223
11216	0.00218
11218	0.00204
11220	0.00159
11222	0.00186
11224	0.00156
11226	0.00216
11228	0.0022
11230	7.50677E-4
11232	-0.00112
11234	-0.00164
11236	-0.00198
11238	-0.00152
11240	-0.00107
11242	-4.1462E-6
11244	1.70973E-4
11246	2.88093E-4
11248	-6.23788E-4
11250	-0.00126
11252	-3.96549E-4
11254	2.1857E-4
11256	2.86689E-4
11258	1.94809E-4
11260	-7.81072E-4
11262	-6.96952E-4
11264	-7.68331E-5
11266	-4.70714E-4
11268	2.58406E-4
11270	0.00111
11272	5.18644E-4
11274	3.64764E-4
11276	0.00131
11278	4.51002E-4
11280	-9.87814E-6
11282	-3.79759E-4
11284	-5.13306E-4
11286	-0.00205
11288	-0.00212
11290	-0.0021
11292	-8.96383E-4
11294	-6.81652E-4
11296	-6.05921E-4
11298	-0.00112
11300	-8.94459E-4
11302	-7.50728E-4
11304	-6.09969E-5
11306	-0.00123
11308	-6.2535E-5
11310	0.00129
11312	0.00197
11314	0.00209
11316	0.00254
11318	0.00219
11320	0.00129
11322	-9.44184E-5
11324	-8.07687E-4
11326	-5.08957E-4
11328	-3.45226E-4
11330	0.00124
11332	0.02432
11334	0.07346
11336	0.13299
11338	0.19758
11340	0.26006
11342	0.31609
11344	0.36698
11346	0.41344
11348	0.45279
11350	0.47581
11352	0.46624
11354	0.43751
11356	0.39931
11358	0.35833
11360	0.31848
11362	0.28135
11364	0.24694
11366	0.21573
11368	0.18833
11370	0.1631
11372	0.14164
11374	0.12228
11376	0.10529
11378	0.09092
11380	0.07869
11382	0.06928
11384	0.06231
11386	0.05494
11388	0.04814
11390	0.04218
11392	0.0381
11394	0.03464
11396	0.03141
11398	0.02874
11400	0.02638
11402	0.02359
11404	0.02184
11406	0.01939
11408	0.01665
11410	0.01614
11412	0.01464
11414	0.0138
11416	0.01364
11418	0.01207
11420	0.01005
11422	0.00913
11424	0.00782
11426	0.00641
11428	0.00471
11430	0.00373
11432	0.00342
11434	0.00463
11436	0.00524
11438	0.00555
11440	0.00526
11442	0.00482
11444	0.00517
11446	0.00469
11448	0.00363
11450	0.00231
11452	0.00249
11454	0.00201
11456	0.00102
11458	-2.36622E-4
11460	-0.00105
11462	-8.07506E-4
11464	-3.12449E-4
11466	-3.46391E-4
11468	-2.92333E-4
11470	2.38725E-4
11472	0.00169
11474	0.0019
11476	8.24848E-4
11478	-4.70959E-4
11480	-9.29767E-4
11482	-9.99574E-4
11484	-0.00216
11486	-0.00205
11488	-0.00109
11490	-0.00154
11492	-9.73612E-4
11494	-1.41419E-4
11496	7.10773E-4
11498	0.00129
11500	3.54159E-4
11502	2.31351E-4
11504	9.22544E-4
11506	4.03736E-4
11508	6.29286E-5
11510	4.20121E-4
11512	0.00151
11514	0.00199
11516	-1.26301E-4
11518	-0.00152
11520	-5.31916E-4
11522	6.52763E-5
11524	5.77689E-4
11526	6.93897E-4
11528	5.69105E-4
11530	9.70312E-4
11532	5.2652E-4
11534	-2.10272E-4
11536	3.28936E-4
11538	8.33144E-4
11540	0.00166
11542	0.0027
11544	0.00184
11546	0.00104
11548	2.89183E-4
11550	-7.28609E-4
11552	-0.00153
11554	-0.00267
11556	-0.00338
11558	-0.0034
11560	-0.0024
11562	-0.00164
11564	-0.00169
11566	-0.00114
11568	-0.00154
11570	-0.0011
11572	-0.00123
11574	-0.00131
11576	-8.97071E-4
11578	-0.00155
11580	-0.00243
11582	-0.00213
11584	-0.00161
11586	-1.50253E-4
11588	3.27111E-4
11590	8.31474E-4
11592	3.82838E-4
11594	1.64201E-4
11596	-6.85435E-4
11598	-0.00138
11600	-5.32708E-4
11602	4.75656E-4
11604	4.4602E-4
11606	7.38383E-4
11608	0.00124
11610	3.1911E-4
11612	5.44474E-4
11614	2.63838E-4
11616	-6.95799E-4
11618	-0.00114
11620	-9.29587E-5
11622	1.67499E-4
11624	-2.67043E-4
11626	3.24415E-4
11628	5.14873E-4
11630	-6.96669E-4
11632	-9.25211E-4
11634	-1.00753E-4
11636	8.70705E-4
11638	9.68163E-4
11640	4.0762E-4
11642	2.77078E-4
11644	-5.78464E-4
11646	-0.00142
11648	-0.00128
11650	-0.00142
11652	-0.00136
11654	-8.44174E-4
11656	-0.00117
11658	-0.00153
11660	7.11995E-5
11662	0.00144
11664	9.77115E-4
11666	-2.67787E-4
11668	-2.20585E-4
11670	7.09617E-4
11672	0.00146
11674	0.00136
11676	6.72223E-4
11678	2.34425E-4
11680	1.28627E-4
11682	8.69829E-4
11684	0.00118
11686	0.00111
11688	0.00116
11690	0.00158
11692	0.00309
11694	0.00434
11696	0.0035
11698	0.00153
11700	5.64647E-4
11702	-1.01505E-5
11704	-4.83949E-4
11706	5.92535E-5
11708	-5.54449E-6
11710	-1.27342E-4
11712	-2.1414E-4
11714	7.21741E-4
11716	0.00135
11718	0.00104
11720	0.00135
11722	5.0318E-4
11724	-4.4796E-4
11726	-9.91005E-5
11728	-0.00157
11730	5.02619E-4
11732	0.02231
11734	0.06949
11736	0.12844
11738	0.19024
11740	0.25166
11742	0.30821
11744	0.3583
11746	0.40499
11748	0.4464
11750	0.47059
11752	0.46259
11754	0.43448
11756	0.3952
11758	0.3542
11760	0.31436
11762	0.27645
11764	0.2425
11766	0.21178
11768	0.18467
11770	0.16114
11772	0.13995
11774	0.12121
11776	0.10518
11778	0.0907
11780	0.07856
11782	0.06885
11784	0.0606
11786	0.05397
11788	0.0471
11790	0.04112
11792	0.03754
11794	0.03468
11796	0.03139
11798	0.02825
11800	0.02505
11802	0.02324
11804	0.02194
11806	0.01816
11808	0.01487
11810	0.01225
11812	0.01268
11814	0.01167
11816	0.00997
11818	0.00818
11820	0.00805
11822	0.00731
11824	0.00684
11826	0.00604
11828	0.00545
11830	0.00468
11832	0.00448
11834	0.00466
11836	0.00519
11838	0.00569
11840	0.0049
11842	0.00318
11844	0.00222
11846	0.00205
11848	0.00282
11850	0.00321
11852	0.00378
11854	0.00365
11856	0.00185
11858	8.21679E-4
11860	0.00115
11862	0.00138
11864	9.63808E-4
11866	0.00163
11868	0.00211
11870	0.0014
11872	6.77647E-4
11874	0.00101
11876	-4.97933E-4
11878	-0.00286
11880	-0.0036
11882	-0.00302
11884	-0.002
11886	-0.0016
11888	-0.00226
11890	-0.00113
11892	8.43745E-4
11894	0.00116
11896	-1.25835E-4
11898	5.09875E-4
11900	0.00127
11902	0.00138
11904	2.39004E-4
11906	-4.55875E-4
11908	-8.15308E-4
11910	-1.7874E-4
11912	7.01827E-4
11914	0.00108
11916	9.9962E-5
11918	6.15295E-5
11920	-5.4903E-5
11922	-0.00209
11924	-0.00369
11926	-0.00278
11928	-0.00181
11930	-0.00191
11932	-0.00176
11934	-0.00146
11936	-0.00219
11938	-0.00182
11940	-0.00227
11942	-0.00159
11944	-2.22093E-4
11946	-3.45526E-4
11948	-2.35958E-4
11950	-5.46391E-4
11952	-3.38823E-4
11954	5.68127E-4
11956	9.02338E-4
11958	0.00144
11960	0.00173
11962	0.00203
11964	0.00223
11966	0.00131
11968	6.44603E-4
11970	4.15813E-4
11972	-2.0976E-5
11974	-8.41765E-4
11976	-8.64555E-4
11978	1.92656E-4
11980	5.82867E-4
11982	7.87078E-4
11984	0.00115
11986	3.96499E-4
11988	-6.6529E-4
11990	-0.00155
11992	-0.00154
11994	-1.93658E-4
11996	4.45553E-4
11998	-6.62364E-5
12000	-0.00154
12002	-0.00225
12004	-0.00194
12006	-0.00127
12008	-7.61071E-4
12010	-0.00104
12012	-0.00111
12014	-0.00163
12016	-6.57801E-4
12018	-0.00111
12020	-3.85666E-4
12022	5.06902E-4
12024	4.17469E-4
12026	-2.48963E-4
12028	-5.39594E-6
12030	-5.07828E-4
12032	-7.0261E-5
12034	-6.72693E-4
12036	-4.13126E-4
12038	4.37442E-4
12040	0.00104
12042	4.91576E-4
12044	-5.26856E-4
12046	-0.00162
12048	-0.0019
12050	-0.0014
12052	-6.6384E-4
12054	-0.00193
12056	-0.00195
12058	-0.00148
12060	-8.81566E-4
12062	3.86502E-4
12064	0.00146
12066	0.00163
12068	0.0015
12070	0.00263
12072	0.00218
12074	0.00141
12076	-5.22019E-4
12078	-6.40951E-4
12080	-2.71882E-4
12082	0.00156
12084	0.00188
12086	9.98323E-4
12088	8.55391E-4
12090	-1.8154E-4
12092	-2.12472E-4
12094	-6.13403E-4
12096	-7.66871E-4
12098	-0.00103
12100	-0.0015
12102	-5.93706E-4
12104	-2.89651E-4
12106	-1.95596E-4
12108	4.44588E-5
12110	5.52514E-4
12112	9.97569E-4
12114	-1.19376E-4
12116	-4.20321E-4
12118	7.45734E-4
12120	5.40788E-4
12122	-1.07157E-4
12124	-4.95102E-4
12126	4.44953E-4
12128	4.42008E-4
12130	0.00123
12132	0.01908
12134	0.06431
12136	0.12305
12138	0.18617
12140	0.24604
12142	0.30299
12144	0.35508
12146	0.40066
12148	0.44151
12150	0.46868
12152	0.46445
12154	0.43792
12156	0.40106
12158	0.35947
12160	0.31928
12162	0.28126
12164	0.24502
12166	0.21187
12168	0.18391
12170	0.16019
12172	0.13941
12174	0.12137
12176	0.10391
12178	0.09068
12180	0.07924
12182	0.06858
12184	0.05946
12186	0.05341
12188	0.04713
12190	0.04144
12192	0.03705
12194	0.03248
12196	0.02939
12198	0.02672
12200	0.02351
12202	0.0208
12204	0.01826
12206	0.0169
12208	0.01662
12210	0.01508
12212	0.01398
12214	0.01259
12216	0.01094
12218	0.00892
12220	0.00858
12222	0.00856
12224	0.0077
12226	0.00685
12228	0.00607
12230	0.00367
12232	0.00241
12234	0.00135
12236	-4.06916E-4
12238	-0.00126
12240	-0.00223
12242	-0.00164
12244	-1.29666E-4
12246	6.12826E-4
12248	-1.09681E-4
12250	-5.18873E-6
12252	5.47304E-4
12254	-6.20374E-6
12256	-2.71124E-6
12258	5.67781E-4
12260	-2.72625E-6
12262	-0.00101
12264	-1.82741E-4
12266	-4.02249E-4
12268	3.24373E-6
12270	-6.13264E-4
12272	-6.52771E-4
12274	-6.69279E-4
12276	4.72214E-4
12278	1.07706E-4
12280	-1.18013E-5
12282	-4.18309E-4
12284	-2.85816E-4
12286	-9.63324E-4
12288	-9.94646E-4
12290	-0.00162
12292	-0.00199
12294	-0.00289
12296	-0.00282
12298	-0.0027
12300	-0.00266
12302	-0.00168
12304	-0.0018
12306	-0.00192
12308	-0.00181
12310	-0.00193
12312	-0.00331
12314	-0.00344
12316	-0.00282
12318	-0.00176
12320	-0.0011
12322	-0.0011
12324	-0.00158
12326	-0.00123
12328	-0.00104
12330	-0.00209
12332	-0.00245
12334	-0.00163
12336	-4.54486E-4
12338	3.04591E-4
12340	-7.3332E-5
12342	-6.65255E-4
12344	-0.00192
12346	-0.00294
12348	-0.0027
12350	-0.00248
12352	-0.00249
12354	-0.00234
12356	-0.00218
12358	-0.00229
12360	-9.53561E-4
12362	-9.66484E-4
12364	-0.00122
12366	-0.00163
12368	-0.00227
12370	-0.00221
12372	-0.00182
12374	-6.94021E-4
12376	-8.31944E-4
12378	-0.00149
12380	-0.0017
12382	-6.34712E-4
12384	0.00101
12386	0.00134
12388	-3.44518E-5
12390	-0.00101
12392	-0.0015
12394	-5.5679E-4
12396	5.76431E-6
12398	3.22318E-4
12400	-7.71277E-5
12402	-0.00116
12404	-0.002
12406	-0.00301
12408	-0.00291
12410	-0.00215
12412	-0.0017
12414	-0.00176
12416	-0.00134
12418	-5.46141E-4
12420	-1.88587E-4
12422	9.37967E-4
12424	0.00164
12426	0.00132
12428	6.65629E-4
12430	-6.92817E-4
12432	-5.88263E-4
12434	1.37291E-4
12436	-5.45155E-4
12438	-5.00601E-4
12440	-6.67047E-4
12442	5.53507E-4
12444	0.00153
12446	0.00135
12448	-2.78312E-5
12450	5.57228E-5
12452	-6.71723E-4
12454	1.84831E-4
12456	-8.50615E-4
12458	-0.00169
12460	-5.13507E-4
12462	8.84047E-4
12464	0.00102
12466	0.00146
12468	0.00148
12470	0.00114
12472	0.00103
12474	4.34371E-4
12476	-3.73075E-4
12478	-5.33521E-4
12480	7.86902E-5
12482	6.98982E-4
12484	0.00125
12486	-3.14434E-4
12488	-0.00122
12490	-6.8585E-4
12492	-8.30558E-4
12494	-0.00129
12496	-0.00146
12498	-0.002
12500	-0.00235
12502	-0.00314
12504	-0.00345
12506	-0.00343
12508	-0.00251
12510	-0.00247
12512	-0.00172
12514	-0.00162
12516	-0.00115
12518	-0.00263
12520	-0.00289
12522	-0.00216
12524	-0.0022
12526	-0.00266
