time	cp
2	0.71001
4	0.67978
6	0.64925
8	0.6186
10	0.58904
12	0.55893
14	0.52944
16	0.49948
18	0.46957
20	0.44017
22	0.41032
24	0.38109
26	0.35211
28	0.32235
30	0.29207
32	0.26312
34	0.23429
36	0.20491
38	0.17531
40	0.14577
42	0.11628
44	0.08572
46	0.05425
48	0.02495
50	-3.59196E-4
52	-1.70082E-4
54	-1.28968E-4
56	-6.06854E-4
58	-0.00199
60	-0.00214
62	-0.00108
64	-4.13978E-5
66	8.02716E-4
68	0.00154
70	0.00224
72	0.00179
74	0.00173
76	0.00178
78	8.54401E-4
80	-2.62485E-4
82	2.42629E-4
84	0.00145
86	-2.85143E-4
88	-0.00179
90	-0.00173
92	-0.00127
94	-0.00149
96	-3.33572E-4
98	6.10654E-4
100	4.62162E-4
102	1.1567E-4
104	-0.00109
106	-0.00208
108	-0.00214
110	-0.00217
112	-0.0024
114	-0.00255
116	-0.00158
118	-7.58263E-4
120	6.72245E-4
122	-2.32462E-5
124	-1.40738E-4
126	0.0046
128	0.04625
130	0.13429
132	0.24427
134	0.35784
136	0.43474
138	0.45567
140	0.44267
142	0.41279
144	0.37532
146	0.3362
148	0.29826
150	0.26331
152	0.23167
154	0.2028
156	0.17779
158	0.15436
160	0.13451
162	0.1182
164	0.10429
166	0.09202
168	0.08191
170	0.0721
172	0.06329
174	0.05553
176	0.04893
178	0.04519
180	0.04075
182	0.0363
184	0.03321
186	0.03039
188	0.02806
190	0.0254
192	0.02351
194	0.02288
196	0.02253
198	0.0213
200	0.02023
202	0.01952
204	0.01652
206	0.01488
208	0.01341
210	0.01202
212	0.01124
214	0.0117
216	0.01083
218	0.00949
220	0.00978
222	0.01022
224	0.00979
226	0.00968
228	0.00892
230	0.00846
232	0.00743
234	0.00709
236	0.00675
238	0.00647
240	0.00664
242	0.00568
244	0.0045
246	0.0051
248	0.00576
250	0.00522
252	0.00524
254	0.00483
256	0.0051
258	0.00566
260	0.00552
262	0.00531
264	0.00463
266	0.00327
268	0.00265
270	0.00189
272	9.0488E-4
274	7.35389E-4
276	6.24897E-4
278	0.00133
280	0.00217
282	0.00282
284	0.00289
286	0.00142
288	0.00143
290	9.89455E-4
292	7.20964E-4
294	2.59472E-4
296	-6.5902E-4
298	-3.98511E-4
300	7.69971E-5
302	-4.61495E-4
304	-0.00198
306	-0.00246
308	-0.00142
310	-0.002
312	-0.00347
314	-0.00399
316	-0.0035
318	-0.00377
320	-0.00509
322	-0.00643
324	-0.00668
326	-0.00683
328	-0.0058
330	-0.00582
332	-0.00602
334	-0.00618
336	-0.00628
338	-0.00536
340	-0.00455
342	-0.00383
344	-0.00304
346	-0.00255
348	-0.00285
350	-0.00264
352	-0.00229
354	-0.00214
356	-0.00194
358	-4.88261E-4
360	-4.96752E-4
362	-3.40244E-4
364	0.00167
366	0.0029
368	0.00371
370	0.00403
372	0.0042
374	0.00392
376	0.00481
378	0.00615
380	0.00706
382	0.0077
384	0.00831
386	0.00794
388	0.00874
390	0.00862
392	0.00994
394	0.00997
396	0.00845
398	0.00837
400	0.00905
402	0.00894
404	0.00868
406	0.00763
408	0.00623
410	0.00567
412	0.00496
414	0.00571
416	0.00611
418	0.00525
420	0.00442
422	0.00431
424	0.00402
426	0.00368
428	0.00322
430	0.00152
432	5.48548E-4
434	7.07057E-4
436	2.36565E-4
438	-0.00162
440	-0.00274
442	-0.00192
444	-0.00112
446	-8.94893E-4
448	-9.00385E-4
450	-0.0014
452	-0.00205
454	-0.00201
456	-0.00181
458	-0.002
460	-0.00268
462	-0.00311
464	-0.00389
466	-0.00372
468	-0.00292
470	-0.00329
472	-0.00352
474	-0.00291
476	-0.00288
478	-0.00194
480	-0.00161
482	-0.0019
484	-0.00238
486	-0.00165
488	-6.00609E-4
490	-0.00124
492	-4.05522E-4
494	-2.51478E-4
496	1.48566E-4
498	9.7361E-4
500	3.69654E-4
502	-9.40302E-4
504	-0.00145
506	-0.00217
508	-0.00132
510	-6.22127E-4
512	-8.01083E-4
514	-0.00159
516	-0.00144
518	-9.00952E-4
520	-0.00162
522	-5.67864E-4
524	-2.1182E-4
526	0.01037
528	0.06912
530	0.1653
532	0.27782
534	0.39307
536	0.50384
538	0.60629
540	0.70033
542	0.7862
544	0.85847
546	0.88228
548	0.85203
550	0.79289
552	0.72112
554	0.64458
556	0.57045
558	0.50215
560	0.43957
562	0.38472
564	0.33616
566	0.29359
568	0.25691
570	0.22365
572	0.19499
574	0.17146
576	0.15159
578	0.13417
580	0.1197
582	0.10762
584	0.09781
586	0.08709
588	0.07808
590	0.07006
592	0.06297
594	0.0583
596	0.05449
598	0.05087
600	0.04689
602	0.04173
604	0.03819
606	0.03513
608	0.03317
610	0.03048
612	0.02789
614	0.02661
616	0.02449
618	0.02178
620	0.01946
622	0.01759
624	0.01617
626	0.01439
628	0.01293
630	0.01115
632	0.00934
634	0.00805
636	0.00822
638	0.00667
640	0.0059
642	0.00523
644	0.00437
646	0.00458
648	0.00466
650	0.00431
652	0.00279
654	0.00211
656	0.00361
658	0.00334
660	0.00318
662	0.00321
664	0.00244
666	0.00149
668	7.2456E-4
670	-2.43747E-4
672	-2.64374E-4
674	-2.44767E-4
676	-3.62159E-4
678	2.80448E-4
680	-0.00126
682	-0.0023
684	-0.002
686	-0.00216
688	-0.00283
690	-0.00384
692	-0.00329
694	-0.00395
696	-0.00428
698	-0.00345
700	-0.00265
702	-8.59263E-4
704	-2.02656E-4
706	-3.25048E-4
708	5.16559E-4
710	9.20166E-4
712	3.36774E-4
714	5.71381E-4
716	0.0014
718	0.00166
720	0.00228
722	0.0018
724	0.001
726	0.0019
728	0.00324
730	0.00333
732	0.0033
734	0.00327
736	0.00354
738	0.00399
740	0.00378
742	0.00298
744	0.00315
746	0.0033
748	0.00413
750	0.00476
752	0.00438
754	0.00418
756	0.00384
758	0.00424
760	0.00413
762	0.0044
764	0.00489
766	0.00375
768	0.00215
770	2.57692E-4
772	-3.65488E-4
774	-4.33667E-4
776	6.64154E-4
778	7.70974E-4
780	0.00202
782	0.00338
784	0.00387
786	0.00347
788	0.00258
790	0.00168
792	0.00286
794	0.00322
796	0.00271
798	0.00156
800	0.00228
802	0.00316
804	0.00422
806	0.00472
808	0.00519
810	0.00556
812	0.00532
814	0.00524
816	0.00623
818	0.0064
820	0.00744
822	0.00815
824	0.00814
826	0.00773
828	0.00762
830	0.00855
832	0.00686
834	0.00639
836	0.00642
838	0.00644
840	0.00593
842	0.00579
844	0.00537
846	0.0038
848	0.00258
850	0.00314
852	0.00368
854	0.00287
856	0.00234
858	0.0019
860	0.00241
862	0.00291
864	0.00292
866	0.00161
868	0.00117
870	6.41218E-4
872	0.00144
874	0.00322
876	0.0041
878	0.00385
880	0.00435
882	0.0036
884	0.00273
886	0.00227
888	0.00361
890	0.00363
892	0.00386
894	0.00495
896	0.00648
898	0.00689
900	0.00616
902	0.00527
904	0.00419
906	0.00379
908	0.00381
910	0.00277
912	0.00215
914	2.74629E-4
916	-0.00195
918	-0.00322
920	-0.00336
922	-0.00351
924	-0.00469
926	0.00482
928	0.06344
930	0.16301
932	0.28211
934	0.40514
936	0.52234
938	0.63133
940	0.73164
942	0.82142
944	0.89734
946	0.92744
948	0.89939
950	0.83798
952	0.76187
954	0.68295
956	0.6059
958	0.53352
960	0.46855
962	0.4106
964	0.35839
966	0.31226
968	0.27282
970	0.23939
972	0.21062
974	0.18533
976	0.16207
978	0.14244
980	0.12643
982	0.11383
984	0.10304
986	0.09331
988	0.08445
990	0.07689
992	0.07071
994	0.06478
996	0.05877
998	0.05418
1000	0.05039
1002	0.04649
1004	0.04296
1006	0.0404
1008	0.03736
1010	0.0354
1012	0.0325
1014	0.02905
1016	0.02685
1018	0.025
1020	0.02303
1022	0.02107
1024	0.02041
1026	0.01833
1028	0.01683
1030	0.01697
1032	0.01666
1034	0.01606
1036	0.01451
1038	0.01355
1040	0.01326
1042	0.0122
1044	0.01059
1046	0.00944
1048	0.00943
1050	0.00782
1052	0.00612
1054	0.00476
1056	0.00389
1058	0.00326
1060	0.00274
1062	0.00281
1064	0.00326
1066	0.00403
1068	0.0043
1070	0.00424
1072	0.00341
1074	0.00438
1076	0.0045
1078	0.00338
1080	0.00378
1082	0.00334
1084	0.00403
1086	0.00478
1088	0.00511
1090	0.00497
1092	0.00461
1094	0.00394
1096	0.00324
1098	0.00357
1100	0.004
1102	0.00473
1104	0.00574
1106	0.00571
1108	0.00509
1110	0.00701
1112	0.00747
1114	0.00796
1116	0.00754
1118	0.00757
1120	0.00737
1122	0.00756
1124	0.00831
1126	0.00819
1128	0.00666
1130	0.00526
1132	0.00416
1134	0.00445
1136	0.00485
1138	0.00463
1140	0.0052
1142	0.00536
1144	0.00447
1146	0.00411
1148	0.00394
1150	0.00339
1152	0.00241
1154	0.0019
1156	0.0011
1158	4.28627E-4
1160	0.00107
1162	0.00122
1164	9.74884E-4
1166	0.00166
1168	0.0027
1170	0.00254
1172	0.00304
1174	0.00277
1176	0.00358
1178	0.00267
1180	0.00305
1182	0.00378
1184	0.00406
1186	0.00415
1188	0.00531
1190	0.00532
1192	0.00465
1194	0.00457
1196	0.00401
1198	0.00426
1200	0.00446
1202	0.00364
1204	0.00326
1206	0.00403
1208	0.00496
1210	0.00615
1212	0.00657
1214	0.00635
1216	0.00559
1218	0.00413
1220	0.00347
1222	0.00226
1224	0.00107
1226	0.00112
1228	5.78987E-4
1230	5.01623E-4
1232	0.00138
1234	0.00102
1236	-2.7247E-4
1238	-1.77835E-4
1240	7.69801E-4
1242	8.41436E-4
1244	1.39072E-4
1246	4.53379E-4
1248	-1.68222E-4
1250	-0.00118
1252	-6.75424E-4
1254	-2.60025E-4
1256	5.02374E-4
1258	9.63774E-4
1260	0.0026
1262	0.003
1264	0.00311
1266	0.00381
1268	0.0032
1270	0.00415
1272	0.00482
1274	0.00356
1276	0.00307
1278	0.00352
1280	0.00438
1282	0.00352
1284	0.00214
1286	0.00299
1288	0.00316
1290	0.0028
1292	0.00165
1294	7.0748E-4
1296	0.00136
1298	0.0023
1300	0.00216
1302	0.00219
1304	5.67713E-4
1306	2.89559E-4
1308	-5.67594E-4
1310	-7.57748E-4
1312	-0.00112
1314	-0.00156
1316	-9.22208E-4
1318	-0.00101
1320	-0.00144
1322	-4.42669E-4
1324	-1.76822E-4
1326	0.0077
1328	0.06247
1330	0.16228
1332	0.28292
1334	0.4092
1336	0.52915
1338	0.6385
1340	0.73857
1342	0.82863
1344	0.90645
1346	0.94074
1348	0.91414
1350	0.85264
1352	0.77631
1354	0.69628
1356	0.61751
1358	0.54407
1360	0.47767
1362	0.41844
1364	0.36564
1366	0.31864
1368	0.278
1370	0.24208
1372	0.21172
1374	0.18589
1376	0.16405
1378	0.14555
1380	0.12971
1382	0.1155
1384	0.10428
1386	0.09426
1388	0.08618
1390	0.07725
1392	0.07088
1394	0.06609
1396	0.06224
1398	0.05777
1400	0.053
1402	0.04903
1404	0.04559
1406	0.0431
1408	0.0405
1410	0.03941
1412	0.03731
1414	0.03536
1416	0.03294
1418	0.03031
1420	0.02805
1422	0.02655
1424	0.02508
1426	0.02374
1428	0.02219
1430	0.02129
1432	0.02059
1434	0.02051
1436	0.02061
1438	0.02006
1440	0.01733
1442	0.01608
1444	0.01501
1446	0.01284
1448	0.01072
1450	0.00981
1452	0.00897
1454	0.00894
1456	0.00859
1458	0.00847
1460	0.00926
1462	0.00941
1464	0.0097
1466	0.00774
1468	0.00816
1470	0.00959
1472	0.01106
1474	0.01073
1476	0.00977
1478	0.01002
1480	0.01021
1482	0.01034
1484	0.01008
1486	0.01025
1488	0.00934
1490	0.01038
1492	0.01113
1494	0.01036
1496	0.00955
1498	0.00899
1500	0.00846
1502	0.00838
1504	0.00838
1506	0.00784
1508	0.00742
1510	0.00819
1512	0.00782
1514	0.00653
1516	0.00571
1518	0.00504
1520	0.00368
1522	0.00141
1524	0.00171
1526	0.00179
1528	7.82657E-4
1530	6.59417E-4
1532	-2.24094E-4
1534	4.45573E-4
1536	8.93241E-4
1538	0.0018
1540	0.00126
1542	0.00104
1544	1.56909E-4
1546	-4.46424E-4
1548	-4.77565E-5
1550	0.00103
1552	0.00178
1554	0.00109
1556	0.00174
1558	0.0015
1560	4.09247E-4
1562	2.99137E-5
1564	7.72581E-4
1566	0.00118
1568	2.28915E-4
1570	2.33582E-4
1572	0.00137
1574	0.00203
1576	0.00137
1578	0.00119
1580	0.0011
1582	0.00122
1584	4.24723E-4
1586	-6.3549E-4
1588	-0.00175
1590	-0.00162
1592	-6.13031E-6
1594	0.00114
1596	0.00151
1598	0.0017
1600	0.00221
1602	0.00307
1604	0.00384
1606	0.00487
1608	0.00557
1610	0.00466
1612	0.00463
1614	0.00492
1616	0.00373
1618	0.00376
1620	0.0047
1622	0.00548
1624	0.00493
1626	0.00544
1628	0.00544
1630	0.00651
1632	0.00627
1634	0.00546
1636	0.0052
1638	0.00454
1640	0.00361
1642	0.00292
1644	0.00281
1646	0.00291
1648	0.00246
1650	0.00141
1652	7.60266E-4
1654	6.26993E-4
1656	0.0011
1658	0.00166
1660	0.00181
1662	7.12901E-4
1664	6.11628E-4
1666	7.17355E-4
1668	0.00221
1670	0.00168
1672	0.00137
1674	5.50262E-4
1676	3.53294E-5
1678	-0.00104
1680	-0.00119
1682	-0.0015
1684	-0.00124
1686	-0.0012
1688	-9.99719E-4
1690	-0.00147
1692	-3.31735E-4
1694	4.37256E-4
1696	3.77248E-4
1698	0.00125
1700	0.00211
1702	0.00306
1704	0.00359
1706	0.0048
1708	0.00549
1710	0.00541
1712	0.005
1714	0.00524
1716	0.00511
1718	0.00553
1720	0.00487
1722	0.00422
1724	0.00382
1726	0.00962
1728	0.05849
1730	0.15576
1732	0.27611
1734	0.40162
1736	0.51934
1738	0.62984
1740	0.73094
1742	0.82217
1744	0.90176
1746	0.93951
1748	0.91698
1750	0.85782
1752	0.7811
1754	0.70075
1756	0.62232
1758	0.54979
1760	0.48314
1762	0.42238
1764	0.36734
1766	0.31974
1768	0.27902
1770	0.24385
1772	0.21329
1774	0.18649
1776	0.16357
1778	0.14354
1780	0.12645
1782	0.11102
1784	0.09942
1786	0.08933
1788	0.07947
1790	0.07181
1792	0.06528
1794	0.05877
1796	0.05245
1798	0.0488
1800	0.04547
1802	0.04139
1804	0.03811
1806	0.03458
1808	0.03173
1810	0.02895
1812	0.02739
1814	0.02477
1816	0.02221
1818	0.02091
1820	0.01959
1822	0.01797
1824	0.01727
1826	0.01686
1828	0.01588
1830	0.01504
1832	0.01371
1834	0.01156
1836	0.00953
1838	0.00695
1840	0.00581
1842	0.00622
1844	0.00636
1846	0.0056
1848	0.00475
1850	0.00587
1852	0.00587
1854	0.00639
1856	0.00673
1858	0.00527
1860	0.00413
1862	0.00385
1864	0.00397
1866	0.00291
1868	0.00129
1870	8.49518E-4
1872	0.00134
1874	6.47092E-4
1876	0.00107
1878	9.62665E-4
1880	8.21452E-4
1882	5.48239E-4
1884	3.92025E-4
1886	1.67812E-4
1888	-1.75401E-4
1890	5.33386E-4
1892	0.00154
1894	0.00114
1896	0.00107
1898	0.00132
1900	0.00126
1902	0.00177
1904	0.00218
1906	0.00251
1908	0.00356
1910	0.00411
1912	0.00443
1914	0.00383
1916	0.00355
1918	0.00355
1920	0.00329
1922	0.00222
1924	0.00217
1926	0.00317
1928	0.00371
1930	0.00383
1932	0.00289
1934	0.00267
1936	4.72225E-4
1938	-0.00115
1940	-0.00193
1942	-0.00194
1944	-0.00234
1946	-0.00335
1948	-0.00322
1950	-0.00277
1952	-0.00234
1954	-0.00204
1956	-0.00142
1958	-0.00242
1960	-0.00254
1962	-0.00145
1964	-9.64877E-4
1966	-9.25141E-4
1968	-4.62405E-4
1970	-5.56694E-5
1972	2.94066E-4
1974	-4.12198E-4
1976	-0.00206
1978	-0.00218
1980	-0.00215
1982	-0.00192
1984	-0.00205
1986	-0.00159
1988	-7.82047E-4
1990	-1.19311E-4
1992	-5.95576E-4
1994	5.81603E-5
1996	4.08896E-4
1998	5.49632E-4
2000	6.63368E-4
2002	-2.81897E-4
2004	-0.00191
2006	-0.00227
2008	-0.00415
2010	-0.00586
2012	-0.00574
2014	-0.00608
2016	-0.00636
2018	-0.006
2020	-0.00541
2022	-0.00553
2024	-0.00535
2026	-0.00526
2028	-0.00471
2030	-0.00474
2032	-0.00449
2034	-0.00502
2036	-0.00459
2038	-0.00453
2040	-0.00528
2042	-0.00507
2044	-0.00498
2046	-0.00393
2048	-0.00371
2050	-0.00342
2052	-0.00289
2054	-0.00212
2056	-0.00253
2058	-0.00306
2060	-0.00305
2062	-0.00253
2064	-0.00113
2066	-0.00126
2068	-0.00175
2070	-4.08823E-4
2072	3.53366E-4
2074	1.61554E-4
2076	0.00195
2078	0.00265
2080	0.00222
2082	0.00188
2084	0.00257
2086	0.00304
2088	0.00203
2090	0.00151
2092	0.00256
2094	0.00285
2096	0.00326
2098	0.00306
2100	7.11002E-4
2102	-3.04809E-4
2104	-6.40621E-4
2106	-0.00172
2108	-0.00257
2110	-0.00224
2112	-0.00266
2114	-0.00267
2116	-0.00288
2118	-0.00265
2120	-0.00286
2122	-0.00261
2124	-0.00189
2126	0.00219
2128	0.04845
2130	0.14438
2132	0.26429
2134	0.38995
2136	0.50977
2138	0.62239
2140	0.72442
2142	0.81475
2144	0.89453
2146	0.93777
2148	0.92036
2150	0.8638
2152	0.78782
2154	0.70778
2156	0.62875
2158	0.55468
2160	0.48741
2162	0.4257
2164	0.37062
2166	0.32178
2168	0.28016
2170	0.24547
2172	0.2155
2174	0.18998
2176	0.16714
2178	0.14787
2180	0.13109
2182	0.11638
2184	0.10387
2186	0.09356
2188	0.0835
2190	0.07619
2192	0.07022
2194	0.06352
2196	0.05692
2198	0.05166
2200	0.04834
2202	0.04426
2204	0.04089
2206	0.03799
2208	0.03506
2210	0.03233
2212	0.02975
2214	0.02754
2216	0.02598
2218	0.0245
2220	0.02276
2222	0.0216
2224	0.02003
2226	0.01848
2228	0.01685
2230	0.01574
2232	0.01465
2234	0.01347
2236	0.0127
2238	0.01252
2240	0.01163
2242	0.0115
2244	0.01109
2246	0.01141
2248	0.01099
2250	0.01013
2252	0.00943
2254	0.00793
2256	0.00695
2258	0.00709
2260	0.00693
2262	0.00659
2264	0.0065
2266	0.00602
2268	0.00565
2270	0.00517
2272	0.00479
2274	0.00656
2276	0.00687
2278	0.00625
2280	0.00641
2282	0.0056
2284	0.00454
2286	0.00292
2288	0.00175
2290	1.1745E-4
2292	-8.10739E-4
2294	-0.00122
2296	-0.00137
2298	-0.0016
2300	-8.04964E-5
2302	5.73314E-4
2304	6.68125E-4
2306	0.00187
2308	0.00254
2310	0.00199
2312	0.00114
2314	0.00221
2316	0.00294
2318	0.0041
2320	0.0045
2322	0.00515
2324	0.00445
2326	0.00351
2328	0.00166
2330	0.00137
2332	0.00163
2334	0.00144
2336	3.62096E-4
2338	-5.29094E-4
2340	-6.73283E-4
2342	-4.56472E-4
2344	8.77338E-4
2346	0.00103
2348	1.0396E-4
2350	-4.7323E-4
2352	-2.03419E-4
2354	0.00184
2356	0.00314
2358	0.00304
2360	0.00287
2362	0.00285
2364	0.00245
2366	0.00248
2368	0.00265
2370	0.00324
2372	0.00344
2374	0.00253
2376	0.00205
2378	0.00126
2380	0.00131
2382	0.00148
2384	0.0011
2386	0.00184
2388	0.00289
2390	0.00291
2392	0.00151
2394	0.00123
2396	5.74416E-4
2398	0.00123
2400	0.00141
2402	0.00114
2404	-4.94342E-4
2406	-0.00115
2408	-0.00119
2410	-0.00157
2412	-0.00128
2414	-8.94289E-4
2416	-5.01478E-4
2418	-0.00104
2420	-0.00243
2422	-0.00165
2424	-7.22352E-5
2426	-2.58425E-4
2428	-0.00135
2430	-0.00123
2432	-7.28993E-4
2434	-0.00116
2436	-9.89371E-4
2438	-0.00167
2440	-0.00177
2442	-0.00163
2444	-0.00164
2446	-0.00213
2448	-0.00435
2450	-0.0053
2452	-0.00482
2454	-0.00361
2456	-0.00277
2458	-0.00283
2460	-0.00332
2462	-0.00335
2464	-0.00286
2466	-0.00242
2468	-0.00159
2470	-4.5759E-4
2472	2.34221E-4
2474	8.80314E-5
2476	4.07842E-4
2478	-0.00128
2480	-0.001
2482	-3.48726E-4
2484	-0.00105
2486	-0.002
2488	-4.27515E-4
2490	6.60211E-4
2492	-6.78064E-4
2494	-0.00174
2496	-5.38612E-4
2498	-0.00123
2500	-0.00109
2502	-6.84349E-5
2504	-5.49709E-4
2506	-0.00182
2508	-0.00213
2510	-0.00211
2512	-0.00201
2514	-0.00141
2516	-9.39354E-4
2518	-0.00204
2520	-0.00191
2522	-0.0018
2524	-0.00127
2526	0.00197
2528	0.04623
2530	0.14023
2532	0.25869
2534	0.38491
2536	0.50723
2538	0.61985
2540	0.72177
2542	0.81408
2544	0.89525
2546	0.94068
2548	0.92401
2550	0.86768
2552	0.79175
2554	0.71049
2556	0.63128
2558	0.55646
2560	0.48827
2562	0.42731
2564	0.37391
2566	0.32692
2568	0.28447
2570	0.24809
2572	0.21729
2574	0.18999
2576	0.16657
2578	0.14635
2580	0.13
2582	0.11575
2584	0.10305
2586	0.09228
2588	0.08339
2590	0.07546
2592	0.06883
2594	0.0633
2596	0.05849
2598	0.0542
2600	0.05041
2602	0.04764
2604	0.04372
2606	0.03998
2608	0.03685
2610	0.0346
2612	0.03214
2614	0.0297
2616	0.02891
2618	0.02791
2620	0.02649
2622	0.02413
2624	0.02186
2626	0.02119
2628	0.02083
2630	0.01999
2632	0.01878
2634	0.01811
2636	0.01699
2638	0.01576
2640	0.01488
2642	0.01399
2644	0.0141
2646	0.01414
2648	0.01333
2650	0.01255
2652	0.01262
2654	0.01214
2656	0.01185
2658	0.01061
2660	0.01012
2662	0.01017
2664	0.01115
2666	0.01302
2668	0.01343
2670	0.0125
2672	0.01181
2674	0.01188
2676	0.01059
2678	0.01087
2680	0.00988
2682	0.00858
2684	0.00809
2686	0.00655
2688	0.00589
2690	0.00475
2692	0.00404
2694	0.00342
2696	0.00283
2698	0.00207
2700	0.00252
2702	0.0011
2704	7.82732E-4
2706	4.97088E-4
2708	5.46444E-4
2710	-7.152E-4
2712	-3.26843E-4
2714	4.48513E-4
2716	6.41869E-4
2718	0.00108
2720	0.00133
2722	4.45937E-4
2724	6.19294E-4
2726	1.3665E-4
2728	-8.32994E-4
2730	4.03362E-4
2732	6.93718E-4
2734	8.64074E-4
2736	0.00176
2738	0.00133
2740	7.75143E-4
2742	8.66499E-4
2744	0.00152
2746	0.00262
2748	0.0021
2750	0.00154
2752	9.4028E-4
2754	1.85636E-4
2756	8.61992E-4
2758	2.97348E-4
2760	-2.45296E-4
2762	-1.95939E-4
2764	-7.45583E-4
2766	-0.00112
2768	-6.73871E-4
2770	3.10485E-4
2772	7.24841E-4
2774	0.00152
2776	8.63554E-4
2778	8.7591E-4
2780	0.0015
2782	0.00132
2784	0.00115
2786	0.0016
2788	0.00222
2790	0.00229
2792	0.00227
2794	0.00245
2796	0.00242
2798	0.00297
2800	0.00226
2802	0.00219
2804	0.00251
2806	0.00139
2808	0.00122
2810	0.00174
2812	0.00258
2814	0.00292
2816	0.00244
2818	0.00221
2820	0.00274
2822	0.00302
2824	0.00237
2826	0.0023
2828	0.00207
2830	0.00111
2832	3.65526E-4
2834	-2.60118E-4
2836	-0.00109
2838	-6.24405E-4
2840	-0.00113
2842	-0.00176
2844	-0.00187
2846	-3.37981E-4
2848	9.37375E-4
2850	0.00104
2852	4.95088E-4
2854	-6.53556E-4
2856	-6.952E-4
2858	-1.60844E-4
2860	-3.49488E-4
2862	-6.31315E-5
2864	-7.63775E-4
2866	-0.00164
2868	-0.0023
2870	-0.00114
2872	-0.00196
2874	-0.00174
2876	-0.00139
2878	-0.00104
2880	-0.0011
2882	-5.87786E-4
2884	1.09004E-4
2886	-1.69206E-4
2888	-1.35416E-4
2890	-5.32625E-4
2892	-2.87835E-4
2894	-7.43045E-4
2896	-9.05255E-4
2898	-6.82464E-4
2900	-0.00113
2902	-0.00277
2904	-0.00306
2906	-0.00231
2908	-0.00175
2910	-9.67723E-4
2912	-7.38932E-4
2914	-9.28142E-4
2916	-0.00142
2918	-0.00124
2920	-0.00185
2922	-0.00155
2924	-0.00134
2926	0.00216
2928	0.04166
2930	0.13208
2932	0.25073
2934	0.37759
2936	0.50064
2938	0.61397
2940	0.7182
2942	0.81235
2944	0.89639
2946	0.94779
2948	0.93601
2950	0.88217
2952	0.80838
2954	0.7283
2956	0.64765
2958	0.57275
2960	0.50431
2962	0.44204
2964	0.38629
2966	0.33727
2968	0.29461
2970	0.25779
2972	0.22587
2974	0.19746
2976	0.17375
2978	0.15366
2980	0.13698
2982	0.12348
2984	0.11
2986	0.09889
2988	0.0886
2990	0.0799
2992	0.07395
2994	0.06763
2996	0.06258
2998	0.05803
3000	0.05529
3002	0.05169
3004	0.04884
3006	0.04642
3008	0.04323
3010	0.04024
3012	0.03903
3014	0.03682
3016	0.0333
3018	0.03144
3020	0.02961
3022	0.02806
3024	0.02685
3026	0.02539
3028	0.02307
3030	0.02212
3032	0.02141
3034	0.0218
3036	0.02088
3038	0.0198
3040	0.01856
3042	0.01739
3044	0.01562
3046	0.01363
3048	0.01273
3050	0.01226
3052	0.0116
3054	0.01025
3056	0.01005
3058	0.01006
3060	0.00941
3062	0.00858
3064	0.00675
3066	0.00609
3068	0.00635
3070	0.00727
3072	0.00758
3074	0.00693
3076	0.0068
3078	0.00624
3080	0.00672
3082	0.00787
3084	0.00775
3086	0.00674
3088	0.00699
3090	0.00693
3092	0.00716
3094	0.00737
3096	0.0069
3098	0.00727
3100	0.00692
3102	0.0075
3104	0.00743
3106	0.00641
3108	0.00569
3110	0.00533
3112	0.00395
3114	0.00312
3116	0.00258
3118	0.00209
3120	0.00221
3122	0.00254
3124	0.0019
3126	0.00219
3128	0.00139
3130	9.29644E-4
3132	1.87875E-4
3134	-2.73893E-4
3136	-4.70662E-4
3138	-7.71431E-4
3140	-5.50199E-4
3142	6.4032E-5
3144	-1.37737E-4
3146	-2.38505E-4
3148	1.74726E-4
3150	2.72958E-4
3152	0.00145
3154	0.00127
3156	0.00122
3158	0.00103
3160	5.06133E-4
3162	-0.00103
3164	-0.00101
3166	-0.00154
3168	-0.00175
3170	-0.00131
3172	-0.00109
3174	-2.70283E-4
3176	2.94657E-4
3178	9.08598E-4
3180	0.00171
3182	0.00136
3184	9.1542E-4
3186	2.6436E-4
3188	-5.74699E-4
3190	-0.00198
3192	-0.0017
3194	-0.00144
3196	-0.00132
3198	-0.00107
3200	-0.00181
3202	-0.00242
3204	-0.00212
3206	-0.00101
3208	-5.82931E-5
3210	8.48648E-4
3212	0.00152
3214	6.80529E-4
3216	-8.85307E-5
3218	7.54099E-5
3220	7.16351E-4
3222	0.00118
3224	0.00111
3226	8.89172E-4
3228	2.48113E-4
3230	7.75054E-4
3232	7.01994E-4
3234	4.39935E-4
3236	-5.37125E-4
3238	-8.11184E-4
3240	-8.92244E-4
3242	-0.00108
3244	-7.49362E-4
3246	-1.64422E-4
3248	1.25519E-4
3250	4.79459E-4
3252	2.39139E-4
3254	1.80892E-4
3256	-2.98356E-4
3258	-4.82604E-4
3260	4.09149E-4
3262	-1.03099E-4
3264	-4.66346E-4
3266	-5.51594E-4
3268	-9.23842E-4
3270	-0.00123
3272	-2.29337E-4
3274	-5.36584E-4
3276	-1.19832E-4
3278	3.1592E-4
3280	1.47673E-4
3282	5.18425E-4
3284	-6.20822E-4
3286	-6.1507E-4
3288	7.37682E-4
3290	0.00105
3292	-2.78128E-5
3294	-3.8306E-4
3296	6.92692E-4
3298	0.00151
3300	0.00109
3302	6.69009E-4
3304	8.68337E-4
3306	0.00155
3308	0.00116
3310	3.87321E-4
3312	5.82649E-4
3314	3.59776E-5
3316	4.51306E-4
3318	0.00159
3320	3.74962E-4
3322	-0.00143
3324	-5.62382E-4
3326	8.24947E-4
3328	0.03629
3330	0.1238
3332	0.24053
3334	0.36735
3336	0.49199
3338	0.61019
3340	0.71701
3342	0.81376
3344	0.89957
3346	0.9548
3348	0.94747
3350	0.8959
3352	0.82125
3354	0.74064
3356	0.65901
3358	0.58197
3360	0.51198
3362	0.44715
3364	0.39004
3366	0.34005
3368	0.2964
3370	0.25885
3372	0.22569
3374	0.19818
3376	0.17505
3378	0.15561
3380	0.13732
3382	0.12294
3384	0.1115
3386	0.10049
3388	0.0906
3390	0.08232
3392	0.07549
3394	0.07004
3396	0.0642
3398	0.06045
3400	0.05697
3402	0.05304
3404	0.05015
3406	0.0463
3408	0.04271
3410	0.03997
3412	0.03647
3414	0.03413
3416	0.03132
3418	0.02747
3420	0.02545
3422	0.02238
3424	0.02042
3426	0.01888
3428	0.0171
3430	0.01631
3432	0.0163
3434	0.01545
3436	0.01444
3438	0.01391
3440	0.01229
3442	0.0126
3444	0.01095
3446	0.00967
3448	0.00908
3450	0.00867
3452	0.00741
3454	0.00688
3456	0.00752
3458	0.00835
3460	0.0088
3462	0.00754
3464	0.00656
3466	0.00586
3468	0.0064
3470	0.00654
3472	0.0067
3474	0.0083
3476	0.00974
3478	0.00952
3480	0.00824
3482	0.00742
3484	0.00824
3486	0.00789
3488	0.00756
3490	0.00753
3492	0.00772
3494	0.00775
3496	0.00752
3498	0.00674
3500	0.00611
3502	0.00581
3504	0.00607
3506	0.00637
3508	0.00598
3510	0.00526
3512	0.00464
3514	0.00445
3516	0.00429
3518	0.00516
3520	0.00483
3522	0.00456
3524	0.00523
3526	0.00458
3528	0.00362
3530	0.00381
3532	0.00389
3534	0.00493
3536	0.00644
3538	0.00572
3540	0.00577
3542	0.00518
3544	0.00516
3546	0.00546
3548	0.00611
3550	0.00438
3552	0.00409
3554	0.00432
3556	0.00326
3558	0.00324
3560	0.00326
3562	0.00349
3564	0.00408
3566	0.00476
3568	0.00401
3570	0.00315
3572	0.00377
3574	0.00483
3576	0.00483
3578	0.00482
3580	0.00553
3582	0.00454
3584	0.0035
3586	0.00301
3588	0.00308
3590	0.00337
3592	0.00306
3594	0.00235
3596	0.00268
3598	0.00349
3600	0.00208
3602	7.72514E-4
3604	4.97823E-4
3606	3.84132E-4
3608	0.00134
3610	7.15751E-4
3612	2.6906E-4
3614	-2.3631E-5
3616	2.80678E-4
3618	6.14987E-4
3620	7.49297E-4
3622	8.22606E-4
3624	0.00149
3626	0.00107
3628	1.11533E-4
3630	4.94843E-4
3632	0.00127
3634	0.00152
3636	0.00196
3638	6.63591E-4
3640	2.18384E-4
3642	-2.38824E-4
3644	1.32969E-4
3646	7.08762E-4
3648	-6.94456E-5
3650	3.01347E-4
3652	2.3914E-4
3654	3.55932E-4
3656	-3.93275E-4
3658	-0.00197
3660	-0.00231
3662	-8.52897E-4
3664	-0.00101
3666	-0.00107
3668	-0.00154
3670	-0.00148
3672	-5.08934E-4
3674	-2.46141E-4
3676	5.04652E-4
3678	-1.50556E-4
3680	2.51237E-4
3682	0.0012
3684	0.00188
3686	0.00187
3688	7.15692E-6
3690	-4.16971E-4
3692	-4.88098E-4
3694	-4.56226E-4
3696	-7.55354E-4
3698	-5.13481E-4
3700	8.75391E-4
3702	9.16263E-4
3704	2.56136E-4
3706	0.00116
3708	3.2588E-4
3710	9.76753E-4
3712	0.00117
3714	0.00151
3716	0.00203
3718	0.00219
3720	0.00198
3722	0.00167
3724	0.00284
3726	0.00353
3728	0.03588
3730	0.12371
3732	0.2424
3734	0.37102
3736	0.49552
3738	0.61309
3740	0.72073
3742	0.8177
3744	0.90553
3746	0.96575
3748	0.96256
3750	0.9109
3752	0.83505
3754	0.75331
3756	0.67157
3758	0.59511
3760	0.52424
3762	0.45847
3764	0.40026
3766	0.34929
3768	0.30442
3770	0.26568
3772	0.23202
3774	0.20414
3776	0.17983
3778	0.15657
3780	0.13855
3782	0.12395
3784	0.11043
3786	0.10029
3788	0.09066
3790	0.0834
3792	0.0764
3794	0.07064
3796	0.06426
3798	0.05947
3800	0.05514
3802	0.051
3804	0.04684
3806	0.04373
3808	0.04046
3810	0.03727
3812	0.03537
3814	0.03389
3816	0.03156
3818	0.02972
3820	0.02769
3822	0.02559
3824	0.02396
3826	0.0226
3828	0.02075
3830	0.01936
3832	0.01837
3834	0.01686
3836	0.01486
3838	0.01392
3840	0.01334
3842	0.01271
3844	0.01275
3846	0.01286
3848	0.01119
3850	0.00974
3852	0.00915
3854	0.00865
3856	0.00892
3858	0.0075
3860	0.00659
3862	0.00617
3864	0.00577
3866	0.00462
3868	0.00467
3870	0.006
3872	0.00621
3874	0.00585
3876	0.00623
3878	0.00494
3880	0.00395
3882	0.00389
3884	0.00289
3886	0.002
3888	0.00253
3890	0.00302
3892	0.00432
3894	0.00413
3896	0.00323
3898	0.00207
3900	0.00213
3902	0.00284
3904	0.00218
3906	0.00256
3908	0.00252
3910	0.00178
3912	0.00203
3914	0.00151
3916	0.00107
3918	-7.86293E-4
3920	-0.00108
3922	-4.82164E-4
3924	2.16401E-4
3926	0.00111
3928	6.53531E-4
3930	2.52095E-4
3932	-1.7234E-4
3934	-5.26775E-4
3936	-5.2721E-4
3938	-8.74646E-4
3940	-5.25081E-4
3942	2.21484E-4
3944	-2.54951E-4
3946	7.66133E-5
3948	3.91781E-5
3950	8.35743E-4
3952	0.00116
3954	2.55872E-4
3956	-0.00104
3958	-4.91998E-4
3960	9.68567E-4
3962	5.82131E-4
3964	0.00108
3966	0.00229
3968	0.00151
3970	0.00136
3972	0.00153
3974	0.00346
3976	0.00416
3978	0.00397
3980	0.00347
3982	0.00299
3984	0.00313
3986	0.00386
3988	0.00368
3990	0.00302
3992	0.00296
3994	0.00346
3996	0.00355
3998	0.00238
4000	0.0031
4002	0.00304
4004	0.00253
4006	0.00244
4008	0.00222
4010	0.0014
4012	0.00151
4014	0.00222
4016	0.00291
4018	0.00194
4020	0.00189
4022	0.00224
4024	0.00299
4026	0.00379
4028	0.00308
4030	0.00348
4032	0.00421
4034	0.0047
4036	0.00504
4038	0.00466
4040	0.00308
4042	0.00356
4044	0.00374
4046	0.00321
4048	0.00235
4050	5.17593E-4
4052	-4.40929E-5
4054	-1.85778E-4
4056	-8.57464E-4
4058	-0.00174
4060	-0.00164
4062	-2.1552E-4
4064	-3.18205E-4
4066	-8.16923E-4
4068	-8.42918E-4
4070	3.93088E-4
4072	2.61094E-4
4074	8.76099E-4
4076	0.00205
4078	5.1111E-4
4080	2.54116E-4
4082	3.91213E-5
4084	1.30127E-4
4086	5.07132E-4
4088	5.21379E-5
4090	-4.60857E-4
4092	-6.25851E-4
4094	-9.14845E-4
4096	-0.00141
4098	-0.00146
4100	-0.00171
4102	-0.0016
4104	-0.00139
4106	-0.00214
4108	-9.99807E-4
4110	-0.0015
4112	-0.00199
4114	-0.00121
4116	-1.70408E-4
4118	4.12377E-4
4120	-4.18838E-4
4122	-8.67052E-4
4124	-5.43267E-4
4126	5.20519E-4
4128	0.02893
4130	0.11301
4132	0.23012
4134	0.35951
4136	0.4887
4138	0.60816
4140	0.7168
4142	0.8146
4144	0.90339
4146	0.96703
4148	0.9678
4150	0.91874
4152	0.84439
4154	0.76187
4156	0.67865
4158	0.59903
4160	0.5267
4162	0.4615
4164	0.40232
4166	0.35096
4168	0.30664
4170	0.26686
4172	0.23302
4174	0.20305
4176	0.17755
4178	0.1568
4180	0.13776
4182	0.12231
4184	0.11037
4186	0.09944
4188	0.09095
4190	0.08248
4192	0.07591
4194	0.06969
4196	0.06386
4198	0.05813
4200	0.054
4202	0.04901
4204	0.04436
4206	0.04047
4208	0.03626
4210	0.03333
4212	0.02989
4214	0.02736
4216	0.02514
4218	0.02488
4220	0.02413
4222	0.02268
4224	0.02106
4226	0.01933
4228	0.01788
4230	0.01744
4232	0.01659
4234	0.01559
4236	0.01507
4238	0.01357
4240	0.01192
4242	0.01172
4244	0.01048
4246	0.00949
4248	0.00786
4250	0.00796
4252	0.00855
4254	0.00808
4256	0.0075
4258	0.00658
4260	0.00615
4262	0.00742
4264	0.00801
4266	0.00662
4268	0.00561
4270	0.00616
4272	0.00641
4274	0.00478
4276	0.00536
4278	0.00544
4280	0.00476
4282	0.00463
4284	0.00521
4286	0.00397
4288	0.00348
4290	0.00393
4292	0.00445
4294	0.00378
4296	0.00403
4298	0.00518
4300	0.00501
4302	0.00458
4304	0.00465
4306	0.00421
4308	0.00356
4310	0.00344
4312	0.00349
4314	0.00336
4316	0.00202
4318	0.00234
4320	0.00343
4322	0.00322
4324	0.00381
4326	0.00345
4328	0.00214
4330	4.6777E-4
4332	7.03002E-4
4334	9.02233E-4
4336	0.00133
4338	0.00175
4340	0.00132
4342	7.01158E-4
4344	6.1139E-4
4346	7.19621E-4
4348	0.00124
4350	7.36084E-4
4352	0.00119
4354	0.00257
4356	0.00244
4358	0.00183
4360	0.00101
4362	0.00195
4364	0.00248
4366	0.00221
4368	0.00129
4370	6.90483E-4
4372	5.23006E-4
4374	9.61528E-4
4376	9.8205E-4
4378	0.00162
4380	0.00286
4382	0.00251
4384	0.00242
4386	0.00157
4388	0.00192
4390	0.00204
4392	0.0014
4394	3.94749E-4
4396	-6.05729E-4
4398	-0.00127
4400	2.89011E-5
4402	5.93132E-4
4404	2.95364E-4
4406	8.60595E-4
4408	0.00136
4410	0.00241
4412	0.00256
4414	0.00274
4416	0.00175
4418	0.00172
4420	0.00106
4422	2.95446E-4
4424	-2.31322E-4
4426	-5.37091E-4
4428	-4.9986E-4
4430	-0.00103
4432	-0.0016
4434	-0.0015
4436	-0.00118
4438	-0.00106
4440	-0.00254
4442	-0.00118
4444	-0.00124
4446	-0.00208
4448	-0.00182
4450	-0.00207
4452	-0.00146
4454	-0.00129
4456	-7.10235E-4
4458	-0.00147
4460	-9.3989E-4
4462	-0.0016
4464	-0.00109
4466	-2.52872E-4
4468	-8.31999E-5
4470	-3.00527E-4
4472	-6.88548E-5
4474	-2.20182E-4
4476	3.5749E-4
4478	0.00105
4480	8.21836E-4
4482	5.92508E-4
4484	4.66181E-4
4486	6.88533E-5
4488	-4.81474E-4
4490	-9.78016E-5
4492	-2.12129E-4
4494	4.98544E-4
4496	0.0014
4498	0.00123
4500	0.00164
4502	0.00226
4504	0.002
4506	0.0027
4508	0.00251
4510	0.00206
4512	0.002
4514	0.00255
4516	0.00168
4518	0.00185
4520	0.00121
4522	6.04774E-4
4524	8.28313E-4
4526	3.41853E-4
4528	0.02454
4530	0.1042
4532	0.21911
4534	0.34808
4536	0.4779
4538	0.5989
4540	0.7091
4542	0.80935
4544	0.89861
4546	0.96583
4548	0.97258
4550	0.92759
4552	0.85512
4554	0.77069
4556	0.68631
4558	0.60669
4560	0.53345
4562	0.46629
4564	0.40782
4566	0.35548
4568	0.30908
4570	0.27005
4572	0.23705
4574	0.20812
4576	0.18082
4578	0.15756
4580	0.13912
4582	0.12342
4584	0.11063
4586	0.09983
4588	0.09034
4590	0.08125
4592	0.07406
4594	0.06745
4596	0.06094
4598	0.05671
4600	0.0521
4602	0.04827
4604	0.04446
4606	0.04042
4608	0.03703
4610	0.03407
4612	0.03123
4614	0.02929
4616	0.02703
4618	0.02398
4620	0.02123
4622	0.01901
4624	0.01834
4626	0.01742
4628	0.01542
4630	0.01479
4632	0.01425
4634	0.01311
4636	0.01116
4638	0.00921
4640	0.00769
4642	0.00717
4644	0.00583
4646	0.00429
4648	0.00462
4650	0.00447
4652	0.00394
4654	0.00413
4656	0.00356
4658	0.00273
4660	0.00372
4662	0.00237
4664	0.00139
4666	6.18611E-4
4668	2.80253E-5
4670	6.81439E-4
4672	2.46854E-4
4674	9.07268E-4
4676	0.00194
4678	0.00199
4680	0.00119
4682	9.60924E-4
4684	0.00133
4686	7.7951E-4
4688	0.00112
4690	0.00144
4692	0.00173
4694	0.00197
4696	0.00165
4698	4.18557E-4
4700	0.00134
4702	0.00143
4704	8.00081E-4
4706	-1.73411E-4
4708	-1.61903E-4
4710	4.25605E-4
4712	-3.27887E-4
4714	-8.13379E-4
4716	-0.00119
4718	-0.00107
4720	-0.00122
4722	-0.00104
4724	-3.4184E-4
4726	-0.00167
4728	-0.00254
4730	-0.00224
4732	-0.0013
4734	-0.00155
4736	-9.1375E-4
4738	-6.03172E-5
4740	9.91153E-5
4742	0.00133
4744	6.5398E-4
4746	-5.30587E-4
4748	-1.30155E-4
4750	0.00101
4752	9.0871E-4
4754	0.00188
4756	0.00185
4758	4.73008E-4
4760	2.8044E-4
4762	9.24873E-4
4764	0.00102
4766	0.00106
4768	5.86171E-4
4770	0.00106
4772	0.00152
4774	0.00144
4776	-2.30099E-4
4778	-2.67667E-4
4780	6.05766E-4
4782	9.92032E-4
4784	-1.35853E-4
4786	-3.36738E-4
4788	0.00143
4790	0.00136
4792	5.17605E-4
4794	-4.3028E-4
4796	4.98347E-5
4798	4.56949E-4
4800	4.37064E-4
4802	3.40179E-4
4804	-9.87068E-5
4806	-5.78592E-4
4808	-2.26478E-4
4810	-6.53629E-5
4812	-1.51248E-4
4814	-1.70134E-4
4816	-1.23019E-4
4818	7.24096E-4
4820	7.8321E-4
4822	4.59325E-4
4824	-3.25561E-4
4826	-6.75446E-4
4828	-3.19331E-4
4830	0.00125
4832	0.00212
4834	0.00244
4836	0.002
4838	6.72419E-5
4840	2.29356E-4
4842	3.74471E-4
4844	1.09586E-4
4846	-1.973E-4
4848	-9.93185E-4
4850	-0.0018
4852	-0.00163
4854	-0.00127
4856	-0.00135
4858	-4.80612E-4
4860	-1.86497E-4
4862	-3.92383E-4
4864	-4.31268E-4
4866	9.52847E-4
4868	0.00241
4870	0.00235
4872	8.0519E-4
4874	2.88305E-4
4876	1.6842E-4
4878	-1.70049E-4
4880	-4.62733E-4
4882	-5.85416E-4
4884	-8.64099E-4
4886	-0.00182
4888	-0.00197
4890	-0.00344
4892	-0.00346
4894	-0.0023
4896	-0.00171
4898	-0.00161
4900	-0.0011
4902	-7.71249E-4
4904	-8.52932E-4
4906	-2.91616E-4
4908	-2.43299E-4
4910	-7.32982E-4
4912	-7.05666E-4
4914	-9.28349E-4
4916	1.35968E-4
4918	3.64284E-4
4920	-2.61399E-4
4922	-8.26082E-4
4924	-0.00187
4926	-0.00163
4928	0.02131
4930	0.09847
4932	0.21166
4934	0.34129
4936	0.46958
4938	0.58843
4940	0.6978
4942	0.79689
4944	0.88414
4946	0.95392
4948	0.9652
4950	0.92358
4952	0.85268
4954	0.77092
4956	0.6866
4958	0.6076
4960	0.53383
4962	0.46708
4964	0.40839
4966	0.35556
4968	0.30946
4970	0.26927
4972	0.23477
4974	0.20471
4976	0.17978
4978	0.15698
4980	0.13831
4982	0.12294
4984	0.11069
4986	0.09991
4988	0.08921
4990	0.07969
4992	0.0724
4994	0.06658
4996	0.05995
4998	0.05546
5000	0.05189
5002	0.0483
5004	0.04317
5006	0.03955
5008	0.03654
5010	0.03408
5012	0.03138
5014	0.02906
5016	0.02675
5018	0.02577
5020	0.02323
5022	0.02193
5024	0.02199
5026	0.02116
5028	0.01983
5030	0.01776
5032	0.01557
5034	0.0134
5036	0.01136
5038	0.01021
5040	0.00988
5042	0.00969
5044	0.00902
5046	0.00855
5048	0.00651
5050	0.00654
5052	0.00584
5054	0.00394
5056	0.00226
5058	9.97734E-4
5060	-1.1325E-4
5062	-5.21234E-4
5064	-4.39219E-4
5066	-0.00106
5068	-0.00119
5070	-0.00161
5072	-0.00221
5074	-0.00154
5076	-0.0021
5078	-0.00198
5080	-0.00103
5082	-1.12075E-4
5084	1.65941E-4
5086	5.99566E-5
5088	8.62973E-4
5090	6.49988E-4
5092	-6.14996E-4
5094	-1.8998E-4
5096	-7.16964E-4
5098	-0.00135
5100	-0.0012
5102	-8.96916E-4
5104	-7.039E-4
5106	-4.06884E-4
5108	-0.00194
5110	-0.0018
5112	-0.00102
5114	2.85179E-4
5116	5.96296E-4
5118	-2.91508E-4
5120	-2.15312E-4
5122	2.56884E-4
5124	6.5108E-4
5126	-4.96724E-4
5128	-0.00249
5130	-0.00123
5132	-4.65136E-4
5134	8.98061E-4
5136	5.68257E-4
5138	4.85453E-4
5140	-7.07351E-4
5142	-0.00197
5144	-0.00238
5146	-0.00107
5148	-0.0013
5150	-1.42371E-4
5152	-5.67175E-4
5154	-8.96978E-4
5156	-0.00141
5158	-0.00186
5160	-6.1939E-4
5162	-6.34194E-4
5164	-9.39708E-4
5166	-6.37277E-4
5168	3.69154E-4
5170	-0.00103
5172	-0.0012
5174	-5.07552E-4
5176	-7.20121E-4
5178	-6.3169E-4
5180	-2.65259E-4
5182	-4.67828E-4
5184	-9.46396E-4
5186	-3.95965E-4
5188	8.23466E-4
5190	9.44897E-4
5192	0.00152
5194	0.00139
5196	-3.2181E-4
5198	-0.00126
5200	-0.00116
5202	-3.10516E-4
5204	-0.00121
5206	-0.00133
5208	-0.0012
5210	5.49208E-4
5212	0.00147
5214	4.28071E-4
5216	-3.49832E-6
5218	-7.26067E-4
5220	4.47364E-4
5222	0.00125
5224	4.50226E-4
5226	0.00104
5228	8.18089E-4
5230	0.00111
5232	0.00181
5234	0.00117
5236	-4.71187E-4
5238	-1.19756E-4
5240	6.84675E-4
5242	0.0018
5244	6.84538E-4
5246	-7.10313E-5
5248	-7.26001E-5
5250	2.69831E-4
5252	-9.31738E-4
5254	-0.00177
5256	-0.00153
5258	-0.00166
5260	-0.00143
5262	-0.00195
5264	-0.00165
5266	1.44547E-4
5268	0.00146
5270	0.0013
5272	0.00159
5274	0.00159
5276	9.02249E-4
5278	8.58389E-4
5280	9.98529E-4
5282	6.1867E-4
5284	0.00142
5286	0.00125
5288	0.00108
5290	0.00153
5292	0.00116
5294	0.00179
5296	0.00148
5298	7.90792E-4
5300	7.44933E-4
5302	8.87073E-4
5304	6.15214E-4
5306	4.27354E-4
5308	-1.50012E-4
5310	-5.882E-4
5312	-1.31387E-4
5314	-5.23575E-4
5316	-0.00103
5318	-3.15949E-4
5320	2.85863E-4
5322	-4.43324E-4
5324	-5.86512E-4
5326	-3.23699E-4
5328	0.02026
5330	0.09349
5332	0.20362
5334	0.33102
5336	0.45826
5338	0.57749
5340	0.68599
5342	0.78565
5344	0.87456
5346	0.94476
5348	0.95983
5350	0.91905
5352	0.84917
5354	0.76795
5356	0.68641
5358	0.60651
5360	0.53332
5362	0.46742
5364	0.40999
5366	0.35848
5368	0.3133
5370	0.2724
5372	0.23756
5374	0.20834
5376	0.18182
5378	0.16068
5380	0.14183
5382	0.12618
5384	0.11318
5386	0.10053
5388	0.09018
5390	0.08191
5392	0.07419
5394	0.06741
5396	0.06112
5398	0.05649
5400	0.05222
5402	0.0485
5404	0.04564
5406	0.04244
5408	0.03838
5410	0.03609
5412	0.03349
5414	0.03119
5416	0.02768
5418	0.02493
5420	0.02398
5422	0.02238
5424	0.0197
5426	0.01837
5428	0.01788
5430	0.01715
5432	0.01637
5434	0.01566
5436	0.01599
5438	0.01549
5440	0.0142
5442	0.01346
5444	0.01377
5446	0.01258
5448	0.01109
5450	0.01031
5452	0.00949
5454	0.00992
5456	0.00958
5458	0.00797
5460	0.00698
5462	0.0076
5464	0.00883
5466	0.00855
5468	0.00825
5470	0.00699
5472	0.00639
5474	0.00562
5476	0.00558
5478	0.00621
5480	0.00508
5482	0.00461
5484	0.00442
5486	0.00404
5488	0.00439
5490	0.00375
5492	0.00362
5494	0.00362
5496	0.0038
5498	0.00346
5500	0.00365
5502	0.00322
5504	0.00227
5506	0.00303
5508	0.00243
5510	0.00181
5512	0.00161
5514	0.00256
5516	0.0028
5518	0.00191
5520	0.00111
5522	0.00203
5524	0.00236
5526	0.00218
5528	0.0017
5530	0.00127
5532	0.00124
5534	9.43331E-4
5536	2.17785E-4
5538	5.29239E-4
5540	1.95693E-4
5542	6.96147E-4
5544	0.00139
5546	0.00293
5548	0.00362
5550	0.00378
5552	0.0045
5554	0.00492
5556	0.00368
5558	0.00234
5560	0.0023
5562	0.00226
5564	0.00236
5566	0.00212
5568	0.0024
5570	0.00216
5572	3.47068E-4
5574	-6.30239E-4
5576	-5.21546E-4
5578	-9.00853E-4
5580	-6.7316E-4
5582	-7.79467E-4
5584	4.11226E-4
5586	0.00161
5588	9.77612E-4
5590	8.19305E-4
5592	7.17998E-4
5594	1.55499E-4
5596	1.92901E-4
5598	1.73032E-5
5600	0.00105
5602	-7.68923E-5
5604	-8.6949E-4
5606	-4.64088E-4
5608	5.49314E-4
5610	-1.24283E-4
5612	3.78119E-4
5614	-1.35479E-4
5616	3.19232E-5
5618	8.41325E-4
5620	5.29728E-4
5622	-2.2187E-4
5624	-3.41468E-4
5626	-6.90066E-4
5628	-9.30663E-4
5630	-2.99261E-4
5632	-8.26859E-4
5634	-0.00118
5636	-1.75055E-4
5638	-4.98652E-4
5640	-0.00164
5642	-0.00183
5644	-0.00154
5646	-1.15592E-4
5648	3.2822E-4
5650	-4.41967E-4
5652	-3.62154E-4
5654	-2.99342E-4
5656	8.84707E-5
5658	-7.97167E-5
5660	-9.79904E-4
5662	-0.00126
5664	-0.00144
5666	-0.002
5668	-0.00168
5670	-0.00168
5672	-0.00128
5674	-9.02216E-4
5676	-8.82404E-4
5678	-0.00162
5680	-0.00144
5682	-9.31966E-4
5684	-8.65154E-4
5686	-7.34341E-4
5688	-0.00124
5690	5.65957E-4
5692	0.00171
5694	9.84593E-4
5696	8.53411E-4
5698	5.2292E-6
5700	9.27047E-4
5702	9.20865E-4
5704	0.00182
5706	0.00231
5708	0.00202
5710	0.00187
5712	0.00108
5714	3.19773E-4
5716	3.38591E-4
5718	4.40409E-4
5720	-4.05773E-4
5722	-4.69552E-5
5724	-2.14137E-4
5726	-9.72319E-4
5728	0.01552
5730	0.08552
5732	0.1939
5734	0.31781
5736	0.44351
5738	0.5622
5740	0.67137
5742	0.76943
5744	0.85703
5746	0.9253
5748	0.94154
5750	0.90422
5752	0.83744
5754	0.75819
5756	0.67717
5758	0.60001
5760	0.52762
5762	0.46138
5764	0.40264
5766	0.35063
5768	0.30708
5770	0.26858
5772	0.23333
5774	0.20268
5776	0.17598
5778	0.15414
5780	0.13589
5782	0.12057
5784	0.10765
5786	0.09574
5788	0.08592
5790	0.07821
5792	0.07146
5794	0.06526
5796	0.05952
5798	0.05404
5800	0.04904
5802	0.04402
5804	0.03887
5806	0.03619
5808	0.03297
5810	0.03074
5812	0.02943
5814	0.02699
5816	0.02498
5818	0.02309
5820	0.02118
5822	0.01878
5824	0.01759
5826	0.01662
5828	0.01537
5830	0.01378
5832	0.01353
5834	0.01407
5836	0.0128
5838	0.01204
5840	0.01148
5842	0.01039
5844	0.00875
5846	0.00813
5848	0.00634
5850	0.00726
5852	0.00823
5854	0.00904
5856	0.00874
5858	0.00652
5860	0.00644
5862	0.00638
5864	0.00667
5866	0.00711
5868	0.0075
5870	0.00646
5872	0.00639
5874	0.00611
5876	0.0069
5878	0.0063
5880	0.00589
5882	0.00545
5884	0.00446
5886	0.00419
5888	0.00422
5890	0.0044
5892	0.00485
5894	0.00466
5896	0.00346
5898	0.00318
5900	0.0034
5902	0.00203
5904	0.00156
5906	0.00112
5908	-4.66885E-5
5910	-7.95353E-4
5912	-0.0018
5914	-8.12682E-4
5916	-2.51347E-4
5918	4.96989E-4
5920	-5.76676E-4
5922	-4.9334E-4
5924	-1.98005E-4
5926	9.18331E-4
5928	5.36666E-4
5930	3.09002E-4
5932	-0.00144
5934	-0.00252
5936	-6.85992E-4
5938	-7.62656E-4
5940	-0.00133
5942	-0.00165
5944	-0.00183
5946	-0.00187
5948	-0.00104
5950	3.74356E-4
5952	0.00119
5954	0.00102
5956	3.33363E-4
5958	0.0013
5960	0.00196
5962	0.00157
5964	0.00264
5966	0.00371
5968	0.00402
5970	0.00403
5972	0.00267
5974	0.0016
5976	0.00214
5978	0.00192
5980	0.00113
5982	0.00124
5984	0.002
5986	0.00234
5988	0.0021
5990	0.00181
5992	0.00178
5994	0.00265
5996	0.00304
5998	0.00394
6000	0.00328
6002	0.00185
6004	0.00149
6006	0.00123
6008	0.00111
6010	0.00119
6012	6.45756E-4
6014	0.00161
6016	0.00132
6018	2.49763E-4
6020	-9.36902E-4
6022	-0.00128
6024	-0.00131
6026	-6.51212E-4
6028	5.00741E-4
6030	3.98694E-4
6032	4.49646E-4
6034	-5.77401E-4
6036	-0.00186
6038	-0.002
6040	-7.29543E-4
6042	-0.00107
6044	-0.00124
6046	-1.38685E-4
6048	-5.42733E-4
6050	-4.0578E-4
6052	4.70173E-4
6054	4.28125E-4
6056	1.51078E-4
6058	7.7003E-4
6060	0.00108
6062	9.46936E-4
6064	4.68888E-4
6066	-1.65159E-4
6068	-5.12065E-5
6070	-3.03254E-4
6072	1.45342E-4
6074	2.97234E-4
6076	-6.69874E-4
6078	-5.33982E-4
6080	-0.00114
6082	-6.33198E-4
6084	-9.63306E-4
6086	-0.00135
6088	-0.00201
6090	-0.00147
6092	-0.00156
6094	-0.00145
6096	-0.00175
6098	-0.00209
6100	-0.00205
6102	-0.00196
6104	-0.00204
6106	-0.00144
6108	-0.00215
6110	-0.00261
6112	-0.00265
6114	-0.00148
6116	-0.00194
6118	-0.0013
6120	-6.26132E-4
6122	-2.07109E-4
6124	-5.55087E-4
6126	-0.00235
6128	0.01103
6130	0.07617
6132	0.18116
6134	0.30399
6136	0.42858
6138	0.54616
6140	0.65339
6142	0.75102
6144	0.83912
6146	0.91198
6148	0.93431
6150	0.9005
6152	0.83551
6154	0.75798
6156	0.67874
6158	0.60082
6160	0.52814
6162	0.46393
6164	0.40591
6166	0.35384
6168	0.30807
6170	0.26911
6172	0.23512
6174	0.20391
6176	0.17877
6178	0.15735
6180	0.13929
6182	0.12432
6184	0.11015
6186	0.09751
6188	0.08794
6190	0.07919
6192	0.07126
6194	0.06412
6196	0.05815
6198	0.05348
6200	0.04902
6202	0.04494
6204	0.04028
6206	0.03659
6208	0.03334
6210	0.03019
6212	0.02835
6214	0.02561
6216	0.02361
6218	0.02228
6220	0.02067
6222	0.0193
6224	0.01838
6226	0.01691
6228	0.01645
6230	0.01557
6232	0.01455
6234	0.0141
6236	0.01311
6238	0.01163
6240	0.01016
6242	0.01058
6244	0.01025
6246	0.00892
6248	0.00704
6250	0.00479
6252	0.00373
6254	0.00528
6256	0.00504
6258	0.00362
6260	0.00292
6262	0.00295
6264	0.00376
6266	0.00393
6268	0.00369
6270	0.00278
6272	0.00348
6274	0.00331
6276	0.00338
6278	0.00249
6280	0.00227
6282	0.00132
6284	0.00132
6286	0.00155
6288	0.00102
6290	0.00147
6292	0.00176
6294	0.00148
6296	0.00165
6298	0.00236
6300	0.00191
6302	2.68194E-4
6304	-2.63561E-4
6306	1.22685E-4
6308	-1.43069E-4
6310	-3.48232E-5
6312	1.09443E-4
6314	4.75951E-4
6316	0.00102
6318	0.00185
6320	0.00178
6322	9.30983E-4
6324	0.00121
6326	0.00107
6328	5.27506E-4
6330	-3.16986E-4
6332	-3.14478E-4
6334	-4.9597E-4
6336	-6.81462E-4
6338	-0.00115
6340	-8.30446E-4
6342	0.001
6344	0.00134
6346	0.00203
6348	0.00308
6350	0.00434
6352	0.00346
6354	0.00293
6356	0.00234
6358	0.00107
6360	3.4802E-4
6362	4.6259E-4
6364	4.42161E-4
6366	1.71731E-4
6368	0.0015
6370	6.20872E-4
6372	-0.00159
6374	-0.0017
6376	-0.00166
6378	-0.00192
6380	-0.00136
6382	-8.06706E-4
6384	-2.95136E-4
6386	-7.64565E-4
6388	2.75005E-4
6390	3.72576E-4
6392	9.76146E-4
6394	0.00211
6396	0.00279
6398	0.00237
6400	0.00288
6402	0.00276
6404	0.00177
6406	0.00212
6408	0.00241
6410	0.00212
6412	0.00292
6414	0.00291
6416	0.00191
6418	6.42372E-4
6420	0.00131
6422	8.3245E-4
6424	0.00104
6426	0.00102
6428	1.49067E-4
6430	7.65606E-4
6432	9.15146E-4
6434	0.00131
6436	0.00192
6438	0.00202
6440	0.00106
6442	0.00119
6444	1.8238E-4
6446	2.51919E-4
6448	3.22459E-4
6450	-0.00112
6452	-0.00216
6454	-0.00237
6456	-0.00121
6458	-0.00101
6460	-1.34337E-4
6462	0.0011
6464	8.69333E-4
6466	0.00154
6468	0.00141
6470	0.00172
6472	0.00257
6474	0.00138
6476	0.00105
6478	-2.94819E-4
6480	5.52016E-4
6482	0.00106
6484	0.00128
6486	0.00183
6488	0.0016
6490	6.30192E-4
6492	5.17028E-4
6494	9.10863E-4
6496	7.07698E-4
6498	-3.67466E-4
6500	7.69369E-4
6502	0.00119
6504	6.48105E-4
6506	6.06644E-4
6508	5.65184E-4
6510	-0.00123
6512	-0.00211
6514	-0.00209
6516	-0.00108
6518	-5.66121E-4
6520	-3.57582E-4
6522	9.39574E-5
6524	-1.86503E-4
6526	-6.76964E-4
6528	0.00958
6530	0.06794
6532	0.16952
6534	0.28934
6536	0.41365
6538	0.53091
6540	0.63929
6542	0.73857
6544	0.8262
6546	0.89923
6548	0.9269
6550	0.89914
6552	0.83804
6554	0.76196
6556	0.68206
6558	0.60442
6560	0.5332
6562	0.46885
6564	0.40987
6566	0.3585
6568	0.31286
6570	0.27321
6572	0.23832
6574	0.20865
6576	0.1832
6578	0.16146
6580	0.1429
6582	0.12618
6584	0.11248
6586	0.10059
6588	0.09006
6590	0.08244
6592	0.07538
6594	0.06785
6596	0.06199
6598	0.05807
6600	0.05418
6602	0.04987
6604	0.04622
6606	0.0428
6608	0.0392
6610	0.03659
6612	0.03306
6614	0.03081
6616	0.02844
6618	0.0269
6620	0.02598
6622	0.02412
6624	0.02268
6626	0.02097
6628	0.01876
6630	0.01635
6632	0.01554
6634	0.01433
6636	0.01304
6638	0.01292
6640	0.01186
6642	0.00963
6644	0.00926
6646	0.00978
6648	0.00964
6650	0.0093
6652	0.00904
6654	0.00826
6656	0.00753
6658	0.00586
6660	0.00583
6662	0.00596
6664	0.00458
6666	0.00436
6668	0.00395
6670	0.00467
6672	0.00522
6674	0.00562
6676	0.0059
6678	0.00527
6680	0.00501
6682	0.00525
6684	0.00655
6686	0.00676
6688	0.00604
6690	0.00536
6692	0.00416
6694	0.00413
6696	0.0036
6698	0.00435
6700	0.00318
6702	0.00345
6704	0.00227
6706	0.00183
6708	8.78167E-4
6710	8.31173E-4
6712	0.00157
6714	0.00194
6716	0.00174
6718	9.11199E-4
6720	0.00157
6722	0.00171
6724	9.74218E-4
6726	9.89225E-4
6728	0.00135
6730	0.00174
6732	0.00205
6734	0.0034
6736	0.00252
6738	0.00289
6740	0.00232
6742	0.00108
6744	0.00198
6746	0.00242
6748	0.00255
6750	0.00259
6752	0.00152
6754	7.15315E-4
6756	5.32322E-4
6758	-5.15672E-4
6760	-5.26654E-5
6762	9.43341E-4
6764	0.00169
6766	0.00178
6768	9.6536E-4
6770	8.93367E-4
6772	5.06373E-4
6774	5.8538E-4
6776	-3.89614E-4
6778	-0.00119
6780	-0.00162
6782	-8.04594E-4
6784	-4.51588E-4
6786	-0.00141
6788	-0.00106
6790	-0.00161
6792	-0.00162
6794	-8.3914E-4
6796	-0.00107
6798	-0.00116
6800	-4.60343E-4
6802	-2.06077E-4
6804	-3.74811E-4
6806	3.14544E-5
6808	3.8672E-4
6810	4.84986E-4
6812	5.92252E-4
6814	0.00114
6816	5.96783E-4
6818	6.78049E-4
6820	2.75315E-4
6822	-2.1642E-4
6824	4.73846E-4
6826	0.00102
6828	5.40378E-4
6830	-8.61357E-4
6832	-4.83091E-4
6834	-4.46825E-4
6836	-8.87559E-4
6838	-0.00108
6840	-0.00153
6842	-0.0024
6844	-0.00301
6846	-9.98987E-4
6848	2.33219E-4
6850	-5.82575E-4
6852	-4.1537E-4
6854	0.00161
6856	0.00193
6858	0.00154
6860	5.00454E-4
6862	2.2466E-4
6864	-0.00126
6866	-0.00118
6868	-4.68722E-4
6870	-0.00102
6872	-0.00107
6874	-0.00118
6876	-0.00134
6878	-0.00145
6880	-0.00167
6882	-0.00166
6884	-0.00215
6886	-0.0024
6888	-0.00187
6890	-0.00168
6892	-0.00174
6894	-0.00237
6896	-0.00186
6898	-0.00144
6900	-0.00161
6902	-4.32181E-4
6904	1.97933E-4
6906	4.80543E-8
6908	7.15163E-4
6910	0.00165
6912	0.00109
6914	2.10507E-4
6916	-4.43787E-5
6918	-0.00159
6920	-0.00157
6922	-0.00182
6924	-0.00159
6926	-0.00179
6928	0.00703
6930	0.06157
6932	0.161
6934	0.27981
6936	0.40171
6938	0.51891
6940	0.62609
6942	0.7239
6944	0.81181
6946	0.88522
6948	0.91663
6950	0.88994
6952	0.82979
6954	0.75426
6956	0.67542
6958	0.59976
6960	0.52828
6962	0.46406
6964	0.40472
6966	0.35349
6968	0.3089
6970	0.26895
6972	0.23495
6974	0.20419
6976	0.17871
6978	0.15757
6980	0.13936
6982	0.12279
6984	0.10927
6986	0.09775
6988	0.08782
6990	0.07931
6992	0.07183
6994	0.06561
6996	0.05926
6998	0.05438
7000	0.05073
7002	0.04603
7004	0.04283
7006	0.03941
7008	0.03521
7010	0.03205
7012	0.0299
7014	0.02812
7016	0.02499
7018	0.02157
7020	0.02073
7022	0.02033
7024	0.01969
7026	0.0193
7028	0.01776
7030	0.01541
7032	0.01347
7034	0.01294
7036	0.01202
7038	0.0121
7040	0.01043
7042	0.00889
7044	0.00859
7046	0.00797
7048	0.00726
7050	0.00644
7052	0.00514
7054	0.00455
7056	0.00591
7058	0.00547
7060	0.00385
7062	0.00265
7064	0.0033
7066	0.00389
7068	0.00262
7070	0.00255
7072	0.00332
7074	0.00264
7076	0.00137
7078	0.00191
7080	0.00309
7082	0.00308
7084	0.00172
7086	0.00222
7088	0.00141
7090	7.95932E-4
7092	3.66363E-4
7094	6.9794E-5
7096	6.79225E-4
7098	0.00155
7100	2.97087E-4
7102	-3.36481E-4
7104	-5.9205E-4
7106	-6.95619E-4
7108	-0.00123
7110	-0.00107
7112	2.32674E-4
7114	0.00128
7116	0.0012
7118	9.03968E-4
7120	-1.06012E-5
7122	-3.8417E-4
7124	5.10804E-5
7126	3.97927E-4
7128	0.00113
7130	0.0021
7132	0.00232
7134	0.00173
7136	9.07162E-4
7138	0.00112
7140	1.08855E-4
7142	-7.56298E-4
7144	-8.20451E-4
7146	-3.47604E-4
7148	-5.43757E-4
7150	1.1009E-4
7152	4.87937E-4
7154	-1.14216E-4
7156	-0.00135
7158	-0.00108
7160	-0.00137
7162	-0.00107
7164	-0.00137
7166	-0.00163
7168	-0.00155
7170	-8.00441E-4
7172	-3.98838E-4
7174	-8.08226E-5
7176	-4.51807E-4
7178	-0.00106
7180	-6.92776E-4
7182	-7.82761E-4
7184	-6.22746E-4
7186	-0.00147
7188	-0.00224
7190	-0.0024
7192	-0.00242
7194	-0.0022
7196	-0.00165
7198	-0.00158
7200	-0.00154
7202	-0.00211
7204	-0.0015
7206	-0.00163
7208	-0.00261
7210	-0.00166
7212	-6.1253E-4
7214	7.34853E-5
7216	0.00161
7218	0.00279
7220	0.00346
7222	0.00415
7224	0.00383
7226	0.00243
7228	0.00185
7230	0.002
7232	0.00181
7234	0.0015
7236	0.00156
7238	0.00233
7240	0.00148
7242	0.00174
7244	0.00124
7246	7.05132E-4
7248	8.60264E-6
7250	1.30073E-4
7252	4.63544E-4
7254	-6.44986E-4
7256	-0.00136
7258	-0.00194
7260	-0.00161
7262	-0.00134
7264	-0.00247
7266	-0.00257
7268	-0.00181
7270	-8.40025E-4
7272	-5.55469E-4
7274	-3.03913E-4
7276	-2.38356E-4
7278	-8.448E-4
7280	-8.95243E-4
7282	-0.00131
7284	-0.00129
7286	-0.00135
7288	-0.00253
7290	-0.00212
7292	-5.56904E-4
7294	-1.68348E-4
7296	-4.11791E-4
7298	4.63765E-4
7300	-1.43678E-4
7302	-8.44122E-4
7304	-4.58565E-4
7306	-6.47009E-4
7308	3.28548E-4
7310	6.95104E-4
7312	8.5866E-4
7314	5.75217E-4
7316	-2.66825E-4
7318	-6.39864E-4
7320	-5.66904E-4
7322	8.30571E-5
7324	3.06018E-4
7326	-9.73022E-4
7328	0.00578
7330	0.05546
7332	0.14962
7334	0.26729
7336	0.38966
7338	0.50574
7340	0.61112
7342	0.7066
7344	0.79398
7346	0.86991
7348	0.90657
7350	0.88358
7352	0.82668
7354	0.75387
7356	0.6751
7358	0.59907
7360	0.52762
7362	0.46343
7364	0.40533
7366	0.35355
7368	0.30825
7370	0.26931
7372	0.2364
7374	0.20599
7376	0.1796
7378	0.1559
7380	0.13767
7382	0.12234
7384	0.1088
7386	0.09751
7388	0.08779
7390	0.07944
7392	0.07153
7394	0.06394
7396	0.05841
7398	0.05297
7400	0.04949
7402	0.04451
7404	0.04018
7406	0.03857
7408	0.03679
7410	0.0338
7412	0.03128
7414	0.02884
7416	0.0263
7418	0.0247
7420	0.02279
7422	0.02085
7424	0.01995
7426	0.01852
7428	0.01711
7430	0.01602
7432	0.01601
7434	0.01464
7436	0.01324
7438	0.01176
7440	0.01039
7442	0.01097
7444	0.01009
7446	0.00817
7448	0.00793
7450	0.00843
7452	0.00808
7454	0.00732
7456	0.00748
7458	0.00582
7460	0.00631
7462	0.00716
7464	0.00634
7466	0.00638
7468	0.00611
7470	0.00596
7472	0.00456
7474	0.0037
7476	0.00386
7478	0.00452
7480	0.0047
7482	0.0038
7484	0.00311
7486	0.00331
7488	0.00203
7490	0.00226
7492	0.00285
7494	0.00269
7496	0.00178
7498	8.70201E-4
7500	-4.0595E-4
7502	-0.00189
7504	-0.00117
7506	9.08595E-4
7508	5.60444E-4
7510	2.53292E-4
7512	7.00141E-4
7514	5.68989E-4
7516	-7.21625E-5
7518	4.21686E-4
7520	4.15534E-4
7522	7.38286E-6
7524	2.24231E-4
7526	4.0808E-4
7528	1.65928E-4
7530	0.00142
7532	0.00295
7534	0.00394
7536	0.00254
7538	0.00183
7540	0.00285
7542	0.00235
7544	0.0017
7546	0.00247
7548	0.00293
7550	0.00294
7552	0.00317
7554	0.00363
7556	0.00447
7558	0.0043
7560	0.00318
7562	0.00259
7564	0.00187
7566	0.00157
7568	0.00175
7570	0.00299
7572	0.00276
7574	0.00253
7576	0.00109
7578	0.00116
7580	0.00202
7582	0.00169
7584	0.00247
7586	0.00275
7588	0.00241
7590	0.00199
7592	0.00151
7594	0.00168
7596	0.00162
7598	0.002
7600	0.00139
7602	3.21321E-4
7604	-1.47831E-4
7606	3.78018E-4
7608	0.00132
7610	0.00132
7612	0.00203
7614	0.00285
7616	0.00221
7618	7.28109E-4
7620	7.89571E-5
7622	4.87806E-4
7624	3.17654E-4
7626	-6.35498E-4
7628	-8.81649E-4
7630	-6.79801E-4
7632	-0.00117
7634	4.98962E-5
7636	1.66745E-4
7638	4.92593E-4
7640	0.00105
7642	7.5129E-4
7644	-6.34861E-4
7646	-0.00206
7648	-0.00173
7650	-0.00173
7652	-0.00224
7654	-0.00205
7656	-2.36397E-4
7658	-5.09774E-4
7660	-0.00124
7662	-0.00121
7664	-0.00128
7666	-6.39282E-4
7668	5.64341E-4
7670	6.09964E-4
7672	8.91587E-4
7674	9.5721E-4
7676	6.02833E-4
7678	1.95456E-4
7680	-0.00153
7682	-0.00118
7684	2.03325E-4
7686	-1.93052E-4
7688	3.82571E-4
7690	6.33194E-4
7692	-7.12183E-4
7694	-0.00208
7696	-0.00316
7698	-0.00366
7700	-0.00253
7702	-0.00275
7704	-0.00233
7706	-0.00206
7708	-9.31482E-4
7710	-0.00101
7712	-6.25435E-4
7714	7.90892E-5
7716	-3.10387E-4
7718	-9.00863E-4
7720	-0.00133
7722	-7.55816E-4
7724	-0.00148
7726	-0.00186
7728	0.00269
7730	0.04807
7732	0.14038
7734	0.25475
7736	0.37332
7738	0.48828
7740	0.59518
7742	0.69282
7744	0.78137
7746	0.85613
7748	0.89533
7750	0.87848
7752	0.82334
7754	0.75076
7756	0.67322
7758	0.59772
7760	0.5276
7762	0.46467
7764	0.40632
7766	0.35346
7768	0.30801
7770	0.26891
7772	0.23428
7774	0.2045
7776	0.17886
7778	0.15765
7780	0.1382
7782	0.12098
7784	0.10791
7786	0.0966
7788	0.08605
7790	0.07706
7792	0.06961
7794	0.06306
7796	0.05721
7798	0.05186
7800	0.0473
7802	0.04366
7804	0.04053
7806	0.03685
7808	0.03386
7810	0.03106
7812	0.02857
7814	0.02716
7816	0.02661
7818	0.02459
7820	0.02229
7822	0.0204
7824	0.01893
7826	0.01739
7828	0.01555
7830	0.01418
7832	0.0129
7834	0.01226
7836	0.01108
7838	0.00962
7840	0.00965
7842	0.0097
7844	0.00878
7846	0.00809
7848	0.00776
7850	0.00702
7852	0.00645
7854	0.00549
7856	0.00462
7858	0.00436
7860	0.00429
7862	0.00452
7864	0.00448
7866	0.00317
7868	0.00172
7870	0.00181
7872	0.00201
7874	0.00101
7876	0.00194
7878	0.00149
7880	3.02069E-4
7882	3.91553E-4
7884	7.42036E-4
7886	4.7652E-4
7888	0.00125
7890	0.00262
7892	0.00322
7894	0.0037
7896	0.0036
7898	0.0031
7900	0.00244
7902	0.00285
7904	0.00311
7906	0.00324
7908	0.00194
7910	0.00136
7912	0.00109
7914	0.00114
7916	-6.2641E-4
7918	-0.00104
7920	-1.76821E-4
7922	-7.54027E-4
7924	-0.00133
7926	-6.24438E-4
7928	-3.97644E-4
7930	2.8715E-4
7932	0.00156
7934	0.00177
7936	0.00111
7938	0.00199
7940	0.00139
7942	0.0014
7944	0.00129
7946	0.00104
7948	4.69643E-4
7950	2.5849E-4
7952	-0.00137
7954	-0.00142
7956	-1.96976E-6
7958	6.08771E-5
7960	-7.57276E-4
7962	9.35709E-5
7964	-6.67582E-4
7966	-9.73538E-6
7968	0.00144
7970	0.00204
7972	0.0022
7974	0.00133
7976	4.52499E-4
7978	2.82346E-4
7980	4.68193E-4
7982	0.00157
7984	0.00121
7986	8.2131E-4
7988	4.16949E-4
7990	0.00102
7992	0.00199
7994	0.00214
7996	0.00207
7998	9.39144E-4
8000	3.78317E-6
8002	-0.00169
8004	-6.36939E-4
8006	-3.803E-4
8008	-6.35661E-4
8010	-0.00101
8012	-9.67383E-4
8014	-0.00133
8016	-1.75105E-4
8018	-2.11466E-4
8020	-2.17827E-4
8022	-0.00105
8024	-1.65549E-4
8026	-3.8491E-4
8028	3.67293E-5
8030	4.54368E-4
8032	0.00149
8034	0.0015
8036	0.00146
8038	0.00204
8040	0.00176
8042	8.16616E-4
8044	8.63807E-5
8046	4.6145E-5
8048	-0.00102
8050	-7.12326E-4
8052	0.00142
8054	0.00163
8056	0.00181
8058	0.00187
8060	0.0017
8062	0.00145
8064	9.21024E-4
8066	0.00166
8068	0.00229
8070	0.00227
8072	0.0016
8074	8.44846E-4
8076	0.00121
8078	9.27375E-4
8080	1.86827E-4
8082	9.39144E-4
8084	0.00184
8086	0.00202
8088	0.001
8090	6.74414E-4
8092	7.89731E-4
8094	7.61048E-4
8096	0.00112
8098	0.00158
8100	9.47001E-4
8102	-3.16821E-5
8104	-1.43647E-5
8106	4.34953E-4
8108	-5.573E-5
8110	4.16587E-4
8112	4.27905E-4
8114	-3.25778E-4
8116	-2.86461E-4
8118	1.91857E-4
8120	2.79174E-4
8122	1.24492E-4
8124	-2.47191E-4
8126	8.61263E-5
8128	0.00303
8130	0.0422
8132	0.12844
8134	0.24122
8136	0.36068
8138	0.4752
8140	0.58254
8142	0.67872
8144	0.76506
8146	0.8409
8148	0.888
8150	0.87803
8152	0.82723
8154	0.75635
8156	0.6795
8158	0.60418
8160	0.53275
8162	0.46761
8164	0.40966
8166	0.35728
8168	0.31273
8170	0.27282
8172	0.238
8174	0.20791
8176	0.18149
8178	0.15895
8180	0.13993
8182	0.12414
8184	0.11024
8186	0.09827
8188	0.08737
8190	0.07853
8192	0.07015
8194	0.064
8196	0.05848
8198	0.0547
8200	0.05018
8202	0.04705
8204	0.04384
8206	0.04005
8208	0.03709
8210	0.03559
8212	0.03271
8214	0.0287
8216	0.02611
8218	0.02446
8220	0.02241
8222	0.02062
8224	0.01945
8226	0.01721
8228	0.01643
8230	0.01576
8232	0.01485
8234	0.01357
8236	0.01298
8238	0.0118
8240	0.01073
8242	0.01081
8244	0.01141
8246	0.01196
8248	0.01146
8250	0.01054
8252	0.00888
8254	0.00824
8256	0.00808
8258	0.00799
8260	0.00815
8262	0.00802
8264	0.00746
8266	0.00588
8268	0.00469
8270	0.00453
8272	0.00506
8274	0.0044
8276	0.00546
8278	0.00601
8280	0.00493
8282	0.00364
8284	0.0041
8286	0.00421
8288	0.00409
8290	0.00391
8292	0.00385
8294	0.0037
8296	0.00331
8298	0.0037
8300	0.00356
8302	0.00298
8304	0.00401
8306	0.00404
8308	0.00242
8310	0.00305
8312	0.00365
8314	0.00348
8316	0.00141
8318	2.77425E-4
8320	1.24175E-4
8322	3.22925E-4
8324	-3.72325E-4
8326	-6.03576E-4
8328	-0.00185
8330	-0.00167
8332	-5.14326E-4
8334	-5.57578E-6
8336	-1.07826E-4
8338	-2.13076E-4
8340	6.7674E-5
8342	-6.98576E-4
8344	-4.25826E-4
8346	2.79924E-4
8348	-0.00123
8350	-0.001
8352	-6.78826E-4
8354	-2.92076E-4
8356	-6.55326E-4
8358	-3.10576E-4
8360	-9.88265E-5
8362	7.53923E-4
8364	-1.49327E-4
8366	-0.00155
8368	-0.00131
8370	-2.95869E-4
8372	-0.00105
8374	-0.00233
8376	-0.0022
8378	-0.00134
8380	-2.90023E-4
8382	-5.94545E-5
8384	-3.19885E-4
8386	-3.50316E-4
8388	-0.00169
8390	-0.00182
8392	-2.97609E-4
8394	6.8796E-4
8396	1.26529E-4
8398	-0.00116
8400	-0.00214
8402	-0.00168
8404	-0.00135
8406	-7.66263E-5
8408	2.55943E-4
8410	-2.89488E-4
8412	-2.50919E-4
8414	2.85791E-4
8416	3.97053E-4
8418	2.95316E-4
8420	1.78579E-4
8422	1.08841E-4
8424	8.34104E-4
8426	5.07367E-4
8428	4.74629E-4
8430	-5.45108E-4
8432	-8.98456E-5
8434	3.87417E-4
8436	-5.8632E-4
8438	-4.98058E-4
8440	-1.10795E-4
8442	-8.25533E-4
8444	-0.00118
8446	-0.00157
8448	2.34255E-4
8450	8.25179E-5
8452	-3.10219E-4
8454	1.34043E-4
8456	0.0023
8458	0.00166
8460	3.10831E-4
8462	-1.66547E-4
8464	-1.37569E-4
8466	-0.00116
8468	-0.00136
8470	-0.00162
8472	-7.16657E-4
8474	-8.90679E-4
8476	-5.34701E-4
8478	1.34277E-4
8480	-3.91745E-4
8482	-6.17767E-4
8484	-7.99789E-4
8486	-0.00111
8488	-0.00115
8490	-3.67855E-4
8492	-7.34877E-4
8494	-2.48994E-5
8496	-3.49921E-4
8498	-1.77943E-4
8500	-1.95965E-4
8502	2.20013E-4
8504	8.06991E-4
8506	0.00129
8508	8.99947E-4
8510	3.18956E-4
8512	3.24649E-4
8514	4.69342E-4
8516	-6.08965E-4
8518	-4.73272E-4
8520	-2.32579E-4
8522	-0.00137
8524	-0.001
8526	-0.00154
8528	7.60193E-4
8530	0.03567
8532	0.11922
8534	0.22822
8536	0.34595
8538	0.46015
8540	0.56711
8542	0.6642
8544	0.75091
8546	0.82716
8548	0.87516
8550	0.86651
8552	0.8183
8554	0.74995
8556	0.67466
8558	0.59933
8560	0.52865
8562	0.46359
8564	0.40485
8566	0.353
8568	0.30844
8570	0.26883
8572	0.23468
8574	0.20537
8576	0.17835
8578	0.15698
8580	0.13815
8582	0.12193
8584	0.10858
8586	0.0972
8588	0.08851
8590	0.07923
8592	0.0726
8594	0.0658
8596	0.05859
8598	0.05338
8600	0.04854
8602	0.04457
8604	0.04087
8606	0.03716
8608	0.03442
8610	0.03241
8612	0.03142
8614	0.03004
8616	0.02807
8618	0.02554
8620	0.0241
8622	0.02132
8624	0.01791
8626	0.01574
8628	0.01432
8630	0.01278
8632	0.01269
8634	0.01269
8636	0.0108
8638	0.00949
8640	0.00954
8642	0.00886
8644	0.00876
8646	0.00841
8648	0.0088
8650	0.00967
8652	0.00832
8654	0.00675
8656	0.00628
8658	0.00676
8660	0.00558
8662	0.00559
8664	0.00549
8666	0.00543
8668	0.00653
8670	0.00603
8672	0.00342
8674	0.0034
8676	0.00505
8678	0.00467
8680	0.00422
8682	0.00274
8684	0.00151
8686	6.94688E-4
8688	3.28261E-4
8690	5.72834E-4
8692	-2.21592E-4
8694	3.65981E-4
8696	0.00178
8698	0.00139
8700	6.77702E-4
8702	4.57811E-4
8704	4.84265E-4
8706	-8.42282E-4
8708	-0.00127
8710	-0.00103
8712	-0.00147
8714	-9.98466E-4
8716	-0.00124
8718	-0.00162
8720	-6.71043E-5
8722	7.2835E-4
8724	8.46804E-4
8726	1.28257E-4
8728	9.96711E-4
8730	8.42165E-4
8732	3.41619E-4
8734	0.00119
8736	0.00171
8738	0.00119
8740	0.00202
8742	0.00165
8744	9.33424E-5
8746	-2.70204E-4
8748	-6.17498E-5
8750	-6.71499E-6
8752	-1.885E-4
8754	-1.35285E-4
8756	-0.00157
8758	-0.00181
8760	-0.00134
8762	-5.30426E-4
8764	-0.00104
8766	-0.00116
8768	-4.49782E-4
8770	3.62433E-4
8772	-9.03524E-5
8774	-0.00142
8776	-5.27923E-4
8778	-5.06708E-4
8780	-6.45493E-4
8782	-3.82785E-5
8784	2.07936E-4
8786	8.71511E-5
8788	-7.03634E-4
8790	-0.00128
8792	-0.00232
8794	-0.00301
8796	-0.0016
8798	2.88258E-4
8800	-6.00485E-5
8802	-0.00131
8804	-0.00184
8806	-0.00205
8808	-0.00136
8810	-0.00138
8812	-0.00187
8814	-0.00126
8816	-0.00128
8818	-8.97812E-4
8820	-9.51185E-5
8822	-2.38426E-4
8824	8.36267E-4
8826	0.00175
8828	0.00124
8830	8.99347E-4
8832	1.50395E-5
8834	-7.57267E-4
8836	-7.81574E-4
8838	4.23119E-4
8840	6.77812E-4
8842	5.02505E-4
8844	-1.06062E-4
8846	-3.7901E-4
8848	-2.11958E-4
8850	-3.06907E-4
8852	-6.77855E-4
8854	-6.83803E-4
8856	-9.94752E-4
8858	-0.0016
8860	-0.00102
8862	4.54033E-5
8864	-1.55545E-4
8866	-4.29493E-4
8868	5.15584E-5
8870	-1.9739E-4
8872	-3.23383E-5
8874	4.43713E-4
8876	-5.8235E-5
8878	-4.03183E-4
8880	-0.00105
8882	-9.5708E-4
8884	-0.00203
8886	-0.00337
8888	-0.00373
8890	-0.00283
8892	-0.00286
8894	-0.0025
8896	-0.0011
8898	-3.85719E-4
8900	-1.20259E-5
8902	0.0011
8904	0.00292
8906	0.002
8908	9.06746E-4
8910	9.78439E-4
8912	4.01132E-4
8914	6.58825E-4
8916	6.48518E-4
8918	3.58211E-4
8920	9.29041E-5
8922	0.00104
8924	0.00164
8926	0.00156
8928	0.0036
8930	0.03541
8932	0.11442
8934	0.22115
8936	0.33732
8938	0.45157
8940	0.5584
8942	0.65426
8944	0.73984
8946	0.81663
8948	0.86821
8950	0.86356
8952	0.81794
8954	0.75179
8956	0.67659
8958	0.60225
8960	0.53253
8962	0.46776
8964	0.40978
8966	0.35762
8968	0.31209
8970	0.27197
8972	0.23823
8974	0.20866
8976	0.18226
8978	0.1589
8980	0.13955
8982	0.12279
8984	0.10951
8986	0.09822
8988	0.08778
8990	0.0783
8992	0.07047
8994	0.06591
8996	0.06058
8998	0.05582
9000	0.05146
9002	0.04694
9004	0.04179
9006	0.038
9008	0.03572
9010	0.03183
9012	0.02956
9014	0.02726
9016	0.02439
9018	0.02262
9020	0.02124
9022	0.01962
9024	0.0181
9026	0.01597
9028	0.01542
9030	0.01443
9032	0.01238
9034	0.01152
9036	0.01085
9038	0.00961
9040	0.00853
9042	0.00843
9044	0.00728
9046	0.00648
9048	0.00551
9050	0.00493
9052	0.00453
9054	0.00437
9056	0.00294
9058	0.00178
9060	0.00153
9062	0.00112
9064	0.00125
9066	8.63517E-4
9068	8.3401E-4
9070	6.74502E-4
9072	6.06995E-4
9074	-1.63512E-4
9076	4.7098E-4
9078	0.00147
9080	8.50966E-4
9082	4.98459E-4
9084	-6.03695E-4
9086	1.37512E-4
9088	-4.52809E-5
9090	-3.62074E-4
9092	-2.60866E-4
9094	-3.63659E-4
9096	4.47548E-4
9098	8.04755E-4
9100	2.75963E-4
9102	-8.8383E-4
9104	-0.00134
9106	-0.00183
9108	-0.0024
9110	-0.00294
9112	-0.00371
9114	-0.0032
9116	-0.00269
9118	-0.00211
9120	-0.00171
9122	-0.00196
9124	-0.00176
9126	-6.77343E-4
9128	-1.15136E-4
9130	-2.07929E-4
9132	3.3369E-5
9134	9.5615E-4
9136	0.00107
9138	0.00212
9140	0.00326
9142	0.0026
9144	7.98057E-4
9146	-9.01617E-5
9148	-8.9838E-4
9150	-0.00175
9152	-0.00185
9154	-0.00196
9156	-0.00205
9158	-0.00266
9160	-0.00275
9162	-0.00258
9164	-0.00258
9166	-0.00246
9168	-0.00114
9170	-1.48786E-4
9172	1.45995E-4
9174	8.18777E-4
9176	0.00132
9178	7.15339E-4
9180	0.0015
9182	0.00154
9184	0.00113
9186	0.00121
9188	0.00133
9190	5.33027E-4
9192	-1.23191E-4
9194	-0.00106
9196	-0.00195
9198	-0.00222
9200	-0.00258
9202	-0.00137
9204	-0.00159
9206	-0.00174
9208	-0.00151
9210	-0.00146
9212	-0.00162
9214	-1.08597E-4
9216	-0.00121
9218	-0.00188
9220	-0.00249
9222	-0.00203
9224	-0.00201
9226	-0.00203
9228	-0.00173
9230	-0.00204
9232	-0.00168
9234	-0.0012
9236	-0.00133
9238	-0.00126
9240	-0.00154
9242	-0.00136
9244	-9.74877E-4
9246	-1.73096E-4
9248	-4.84315E-4
9250	-0.00145
9252	-0.00173
9254	-0.00134
9256	-0.00115
9258	-5.07408E-4
9260	-2.33627E-4
9262	-7.86845E-4
9264	-0.00112
9266	-8.61283E-4
9268	-5.00501E-4
9270	-2.47201E-5
9272	-5.44939E-4
9274	-0.00106
9276	-7.0188E-4
9278	-1.44944E-4
9280	3.94992E-4
9282	0.00114
9284	8.18863E-4
9286	5.94798E-4
9288	-7.09266E-4
9290	-0.00127
9292	-8.83395E-4
9294	1.25541E-4
9296	-2.94524E-4
9298	-4.76588E-4
9300	-4.81653E-4
9302	-5.82717E-4
9304	-3.97817E-5
9306	2.51539E-5
9308	-4.47911E-4
9310	-6.81975E-4
9312	-1.13039E-4
9314	-3.02104E-4
9316	-1.58168E-4
9318	2.59767E-4
9320	4.66703E-4
9322	-1.7321E-5
9324	-5.7332E-4
9326	7.47681E-4
9328	6.32681E-4
9330	0.02537
9332	0.10086
9334	0.205
9336	0.31939
9338	0.43209
9340	0.53792
9342	0.63435
9344	0.72184
9346	0.79999
9348	0.85451
9350	0.85401
9352	0.81028
9354	0.74513
9356	0.67117
9358	0.5984
9360	0.52967
9362	0.46493
9364	0.40824
9366	0.35672
9368	0.31031
9370	0.27017
9372	0.23467
9374	0.20315
9376	0.17729
9378	0.15606
9380	0.13777
9382	0.12255
9384	0.10822
9386	0.09554
9388	0.085
9390	0.07657
9392	0.07035
9394	0.06485
9396	0.05896
9398	0.05236
9400	0.04845
9402	0.04384
9404	0.04042
9406	0.03637
9408	0.03208
9410	0.03034
9412	0.02822
9414	0.02613
9416	0.02332
9418	0.02173
9420	0.02035
9422	0.01866
9424	0.01778
9426	0.01708
9428	0.01536
9430	0.01269
9432	0.00978
9434	0.00902
9436	0.00891
9438	0.00865
9440	0.00786
9442	0.00798
9444	0.00724
9446	0.0063
9448	0.00609
9450	0.00569
9452	0.0053
9454	0.00486
9456	0.00471
9458	0.00546
9460	0.00442
9462	0.00266
9464	6.11461E-4
9466	-6.69427E-4
9468	-1.92315E-4
9470	-2.00204E-4
9472	-2.43092E-4
9474	-3.1198E-4
9476	-2.11868E-4
9478	4.72434E-5
9480	9.03355E-4
9482	4.62467E-4
9484	-1.22421E-4
9486	7.66905E-5
9488	4.17802E-4
9490	7.58914E-4
9492	-7.19742E-5
9494	-0.00186
9496	-0.00147
9498	-1.34639E-4
9500	8.92473E-4
9502	0.00114
9504	5.47696E-4
9506	1.58808E-4
9508	-9.6608E-4
9510	-3.90968E-4
9512	7.21435E-5
9514	-6.34931E-4
9516	6.27599E-5
9518	9.54513E-5
9520	-0.00125
9522	-8.36166E-4
9524	-0.00129
9526	-0.00201
9528	-0.00189
9530	-0.00182
9532	-0.00131
9534	-2.80018E-4
9536	-1.42327E-4
9538	-2.56635E-4
9540	7.37056E-4
9542	9.96748E-4
9544	9.54389E-5
9546	-7.2487E-4
9548	-5.21784E-5
9550	4.28513E-4
9552	6.82043E-5
9554	-2.73104E-4
9556	-0.00106
9558	-7.65722E-4
9560	3.4497E-4
9562	5.58997E-5
9564	-5.08568E-4
9566	-7.28036E-4
9568	-6.06504E-4
9570	-0.00125
9572	-0.00136
9574	-0.00136
9576	-0.0026
9578	-0.00197
9580	-8.07311E-4
9582	-5.17784E-5
9584	9.87538E-5
9586	3.30286E-4
9588	9.88181E-5
9590	-2.2965E-4
9592	1.96883E-4
9594	1.14147E-5
9596	-7.38053E-4
9598	-9.00521E-4
9600	2.97011E-4
9602	-5.17457E-4
9604	-0.00158
9606	-9.82392E-4
9608	-9.7986E-4
9610	-0.00192
9612	-0.00104
9614	-0.00138
9616	-7.80895E-4
9618	8.73895E-5
9620	-4.32326E-4
9622	-4.36041E-4
9624	-5.17757E-4
9626	-2.37472E-4
9628	-0.00103
9630	-3.48903E-4
9632	2.64382E-4
9634	-3.57334E-4
9636	-5.82049E-4
9638	-9.05765E-4
9640	-5.0148E-4
9642	-6.14196E-4
9644	-7.92911E-4
9646	1.27374E-4
9648	-3.23342E-4
9650	-1.08057E-4
9652	0.00143
9654	0.0016
9656	0.00135
9658	0.00156
9660	8.49434E-4
9662	4.56731E-4
9664	2.33028E-4
9666	1.78325E-4
9668	3.50622E-4
9670	3.74919E-4
9672	7.46216E-4
9674	4.22512E-4
9676	6.44809E-4
9678	4.73106E-4
9680	1.17403E-4
9682	-0.00126
9684	-0.00201
9686	-0.00159
9688	-8.76409E-4
9690	-3.81121E-5
9692	3.21849E-5
9694	-8.71518E-4
9696	-0.00175
9698	-0.00173
9700	-0.00157
9702	-7.8433E-4
9704	-2.19033E-4
9706	-7.09455E-4
9708	-1.07664E-4
9710	-7.32874E-4
9712	-0.00116
9714	-0.00109
9716	-9.75037E-5
9718	2.74286E-4
9720	6.60077E-4
9722	0.00103
9724	1.77657E-4
9726	7.58447E-4
9728	0.00143
9730	0.0245
9732	0.09657
9734	0.1992
9736	0.31325
9738	0.42759
9740	0.53219
9742	0.62685
9744	0.71188
9746	0.78899
9748	0.84827
9750	0.85284
9752	0.81088
9754	0.74482
9756	0.6716
9758	0.59865
9760	0.52815
9762	0.46395
9764	0.40597
9766	0.355
9768	0.30956
9770	0.27061
9772	0.23694
9774	0.20704
9776	0.18234
9778	0.16036
9780	0.14075
9782	0.12349
9784	0.10932
9786	0.09749
9788	0.08718
9790	0.07871
9792	0.07151
9794	0.06436
9796	0.05754
9798	0.05324
9800	0.04812
9802	0.0442
9804	0.0402
9806	0.03591
9808	0.03303
9810	0.0301
9812	0.02839
9814	0.02724
9816	0.02479
9818	0.02236
9820	0.02104
9822	0.01906
9824	0.01675
9826	0.01547
9828	0.01382
9830	0.01319
9832	0.0117
9834	0.01088
9836	0.01142
9838	0.00986
9840	0.00845
9842	0.00706
9844	0.00591
9846	0.00549
9848	0.00526
9850	0.00583
9852	0.0057
9854	0.00541
9856	0.00425
9858	0.00324
9860	0.0027
9862	0.00351
9864	0.00457
9866	0.00492
9868	0.00508
9870	0.00495
9872	0.00252
9874	0.00127
9876	0.00177
9878	0.00239
9880	0.00137
9882	0.00101
9884	8.36796E-4
9886	8.80181E-4
9888	7.45669E-5
9890	2.26953E-4
9892	0.00109
9894	3.48724E-4
9896	-8.94238E-4
9898	-0.00166
9900	-0.00187
9902	-0.00187
9904	-0.00189
9906	-0.00111
9908	-5.70311E-4
9910	-4.71559E-5
9912	-2.44001E-4
9914	5.10153E-4
9916	0.00142
9918	0.00104
9920	6.30617E-4
9922	7.43772E-4
9924	3.18926E-4
9926	3.18081E-4
9928	8.01236E-4
9930	8.6139E-4
9932	7.83545E-4
9934	3.897E-4
9936	-4.89146E-4
9938	-4.03991E-4
9940	3.84164E-4
9942	0.00127
9944	2.19473E-4
9946	7.68627E-4
9948	8.59782E-4
9950	6.94937E-4
9952	1.46091E-4
9954	1.07246E-4
9956	-3.28599E-4
9958	-1.55445E-4
9960	1.3271E-4
9962	3.98644E-5
9964	-6.33981E-4
9966	4.18174E-4
9968	5.83283E-5
9970	-1.58517E-4
9972	-9.77362E-4
9974	-0.00181
9976	-0.00324
9978	-0.00404
9980	-0.00414
9982	-0.00342
9984	-0.00121
9986	-0.00167
9988	-0.00139
9990	-0.00108
9992	-9.86999E-4
9994	-8.32921E-4
9996	-9.07844E-4
9998	-6.56766E-4
10000	-6.65689E-4
10002	-5.56114E-5
10004	-8.78534E-4
10006	-0.00188
10008	-0.00168
10010	-4.46301E-4
10012	-3.64224E-4
10014	-6.89146E-4
10016	-3.24069E-4
10018	-4.14991E-4
10020	-9.09139E-5
10022	-4.10836E-4
10024	-0.00127
10026	-7.43681E-4
10028	-3.51604E-4
10030	-5.66526E-4
10032	-6.56449E-4
10034	-0.001
10036	-0.00225
10038	-9.71216E-4
10040	-0.00146
10042	-0.00103
10044	2.22807E-4
10046	0.00107
10048	0.00129
10050	5.03118E-4
10052	3.35888E-4
10054	4.14658E-4
10056	0.00147
10058	0.00171
10060	0.00108
10062	0.00171
10064	0.00186
10066	0.00131
10068	0.00175
10070	9.08819E-4
10072	2.48589E-4
10074	-7.64641E-4
10076	-0.00203
10078	-0.00226
10080	-0.00108
10082	-7.1456E-4
10084	-3.0979E-4
10086	3.498E-5
10088	9.02788E-4
10090	0.00129
10092	0.00153
10094	0.00268
10096	0.00173
10098	5.17406E-4
10100	9.73298E-5
10102	5.01253E-4
10104	-6.86823E-4
10106	-0.00144
10108	-0.00161
10110	-7.72052E-4
10112	-5.49128E-4
10114	2.38795E-4
10116	-7.51281E-4
10118	-0.00194
10120	-0.00219
10122	-0.00244
10124	-0.00152
10126	-0.00137
10128	-4.41739E-4
10130	0.02196
10132	0.09292
10134	0.19439
10136	0.30826
10138	0.41938
10140	0.52287
10142	0.61938
10144	0.70563
10146	0.78206
10148	0.83885
10150	0.84556
10152	0.80585
10154	0.74247
10156	0.6697
10158	0.59638
10160	0.52708
10162	0.46391
10164	0.40533
10166	0.35352
10168	0.30958
10170	0.26984
10172	0.23539
10174	0.20555
10176	0.17922
10178	0.15677
10180	0.13827
10182	0.12331
10184	0.10875
10186	0.09616
10188	0.08665
10190	0.07795
10192	0.07179
10194	0.06568
10196	0.05957
10198	0.05388
10200	0.04945
10202	0.04544
10204	0.04187
10206	0.03898
10208	0.03656
10210	0.03326
10212	0.03138
10214	0.03013
10216	0.02784
10218	0.02604
10220	0.02462
10222	0.02261
10224	0.02074
10226	0.01989
10228	0.01858
10230	0.01668
10232	0.01542
10234	0.01584
10236	0.0149
10238	0.01377
10240	0.01279
10242	0.01289
10244	0.01084
10246	0.00941
10248	0.01024
10250	0.00916
10252	0.00897
10254	0.0088
10256	0.00799
10258	0.00599
10260	0.00529
10262	0.00514
10264	0.00431
10266	0.00402
10268	0.00467
10270	0.0044
10272	0.00444
10274	0.00519
10276	0.00522
10278	0.00504
10280	0.00477
10282	0.00421
10284	0.00467
10286	0.00381
10288	0.00411
10290	0.00355
10292	0.00323
10294	0.00402
10296	0.00347
10298	0.00234
10300	0.00226
10302	0.00183
10304	9.41267E-5
10306	-4.9092E-5
10308	7.10689E-4
10310	0.00157
10312	0.00134
10314	7.16033E-4
10316	7.33815E-4
10318	6.18596E-4
10320	0.00103
10322	0.00148
10324	7.6694E-4
10326	0.00126
10328	8.54388E-4
10330	5.67024E-4
10332	7.1466E-4
10334	-6.37041E-5
10336	-5.00068E-4
10338	-4.13432E-4
10340	0.00145
10342	0.00161
10344	0.00146
10346	0.00269
10348	0.00228
10350	0.00168
10352	0.00146
10354	0.00203
10356	0.00141
10358	4.35927E-4
10360	0.00112
10362	0.00163
10364	0.00221
10366	0.00271
10368	0.00316
10370	0.00352
10372	0.00315
10374	0.00338
10376	0.00349
10378	0.00169
10380	-5.76996E-5
10382	-8.93918E-4
10384	-0.00112
10386	-0.00148
10388	-0.00258
10390	-7.44793E-4
10392	-5.62012E-4
10394	-6.5923E-4
10396	-3.87449E-4
10398	-1.43668E-4
10400	-2.26886E-4
10402	3.72895E-4
10404	5.96762E-5
10406	-3.37543E-4
10408	-3.57612E-5
10410	-9.39799E-5
10412	-3.90199E-4
10414	-4.24172E-5
10416	3.16364E-4
10418	0.00161
10420	0.00189
10422	0.0012
10424	8.44903E-4
10426	0.00116
10428	0.00126
10430	0.00207
10432	0.00219
10434	0.00174
10436	9.75754E-4
10438	6.70063E-4
10440	-2.36288E-5
10442	-2.0932E-4
10444	-0.00125
10446	-0.00115
10448	-6.23395E-4
10450	-0.00122
10452	-4.65778E-4
10454	4.36531E-4
10456	-7.57161E-4
10458	-8.70852E-4
10460	2.33456E-4
10462	-6.64235E-4
10464	-5.88927E-4
10466	3.63382E-4
10468	0.00134
10470	0.00137
10472	4.45324E-4
10474	5.55205E-4
10476	-2.99914E-4
10478	-0.00102
10480	-2.42151E-4
10482	9.3073E-4
10484	0.00112
10486	0.00136
10488	2.94374E-4
10490	-2.04745E-4
10492	-6.47864E-4
10494	-9.84983E-4
10496	-5.97102E-4
10498	-8.3822E-4
10500	-6.22339E-4
10502	-5.77458E-4
10504	-6.19577E-4
10506	-4.26957E-5
10508	4.41855E-5
10510	-5.55933E-4
10512	-5.00521E-5
10514	2.45829E-4
10516	5.3471E-4
10518	4.75491E-4
10520	3.00031E-4
10522	-3.6343E-4
10524	-0.00107
10526	-0.00202
10528	-8.81813E-4
10530	0.0188
10532	0.08601
10534	0.18511
10536	0.294
10538	0.4052
10540	0.50947
10542	0.60433
10544	0.68967
10546	0.76613
10548	0.82561
10550	0.83834
10552	0.80401
10554	0.74365
10556	0.6719
10558	0.59937
10560	0.53046
10562	0.46659
10564	0.4085
10566	0.35631
10568	0.31079
10570	0.27143
10572	0.23786
10574	0.20894
10576	0.18252
10578	0.16046
10580	0.14106
10582	0.12427
10584	0.11057
10586	0.09766
10588	0.08597
10590	0.07691
10592	0.06791
10594	0.06185
10596	0.05647
10598	0.0508
10600	0.04656
10602	0.04309
10604	0.03963
10606	0.03597
10608	0.03247
10610	0.02873
10612	0.02583
10614	0.02357
10616	0.02192
10618	0.02135
10620	0.01931
10622	0.01698
10624	0.01503
10626	0.0132
10628	0.01121
10630	0.01027
10632	0.00959
10634	0.00791
10636	0.00688
10638	0.00586
10640	0.00617
10642	0.007
10644	0.00639
10646	0.00638
10648	0.00466
10650	0.00405
10652	0.00273
10654	0.00215
10656	0.0025
10658	0.00198
10660	0.00137
10662	0.00117
10664	7.60795E-5
10666	3.42234E-4
10668	5.08389E-4
10670	-2.38457E-4
10672	3.03698E-4
10674	9.58853E-4
10676	0.00128
10678	-1.20838E-4
10680	6.23166E-5
10682	-1.50529E-4
10684	-8.11374E-4
10686	-0.00101
10688	-0.00137
10690	-0.00151
10692	-6.21756E-4
10694	1.99399E-4
10696	7.51554E-4
10698	0.00105
10700	3.81863E-4
10702	2.00017E-4
10704	-5.13828E-4
10706	-0.00134
10708	-6.46184E-4
10710	-0.00101
10712	-0.00214
10714	-0.00141
10716	-0.00123
10718	-1.87023E-4
10720	2.33209E-4
10722	0.00101
10724	-0.00127
10726	-0.00179
10728	-0.00211
10730	-0.00145
10732	-4.27398E-4
10734	4.60834E-4
10736	7.98066E-4
10738	0.00146
10740	0.00183
10742	0.0011
10744	1.15994E-4
10746	-3.71773E-4
10748	-9.92541E-4
10750	-0.00105
10752	-0.00136
10754	-0.00208
10756	-0.00251
10758	-0.00266
10760	-0.00271
10762	-0.00261
10764	-0.0023
10766	-0.00185
10768	-0.00186
10770	-0.00197
10772	-0.00145
10774	-5.2324E-4
10776	-0.00114
10778	-0.00204
10780	-0.00184
10782	-0.00191
10784	-0.00201
10786	-0.0016
10788	-0.00232
10790	-0.00226
10792	-0.00171
10794	-0.00167
10796	-9.43539E-4
10798	-5.45384E-4
10800	-5.25229E-4
10802	-7.62075E-4
10804	-3.0306E-4
10806	-3.06521E-4
10808	-7.62982E-4
10810	1.95569E-5
10812	-3.07904E-4
10814	-5.02365E-4
10816	-5.30826E-4
10818	-1.13287E-4
10820	-2.98747E-4
10822	-6.42208E-4
10824	-0.00119
10826	-5.9313E-4
10828	-7.58591E-4
10830	-0.00112
10832	-4.03513E-4
10834	4.03026E-4
10836	-1.05434E-4
10838	-1.19895E-4
10840	2.64378E-6
10842	-6.95817E-4
10844	-7.89278E-4
10846	-7.60739E-4
10848	-0.00122
10850	-0.00102
10852	-1.9809E-4
10854	-4.77046E-5
10856	-7.63189E-5
10858	-1.96933E-4
10860	-0.00133
10862	-0.00288
10864	-0.00208
10866	-6.62391E-4
10868	-8.65005E-4
10870	-1.96196E-5
10872	0.00121
10874	0.00109
10876	0.00132
10878	0.00134
10880	-4.68691E-4
10882	-9.13306E-4
10884	2.70798E-5
10886	5.36465E-4
10888	0.00115
10890	0.00103
10892	4.45622E-4
10894	-2.16992E-4
10896	-3.34606E-4
10898	-1.70221E-4
10900	-3.84435E-4
10902	1.98127E-4
10904	6.3689E-5
10906	-9.25749E-4
10908	-7.79187E-4
10910	-8.36253E-5
10912	-6.80634E-5
10914	-0.00147
10916	-4.4194E-4
10918	-3.03778E-5
10920	3.29184E-4
10922	0.00132
10924	0.00133
10926	4.5687E-4
10928	3.25432E-4
10930	0.01342
10932	0.07333
10934	0.16855
10936	0.2786
10938	0.38952
10940	0.49213
10942	0.58672
10944	0.67267
10946	0.74997
10948	0.81329
10950	0.83166
10952	0.80063
10954	0.74157
10956	0.67158
10958	0.59955
10960	0.53078
10962	0.46825
10964	0.41053
10966	0.35842
10968	0.31285
10970	0.27375
10972	0.23938
10974	0.20894
10976	0.18205
10978	0.15908
10980	0.13859
10982	0.12208
10984	0.10891
10986	0.09721
10988	0.0866
10990	0.07624
10992	0.0688
10994	0.06332
10996	0.05681
10998	0.05174
11000	0.04726
11002	0.04306
11004	0.03928
11006	0.03643
11008	0.03398
11010	0.03235
11012	0.02917
11014	0.02677
11016	0.02357
11018	0.02155
11020	0.02067
11022	0.02039
11024	0.01898
11026	0.01861
11028	0.0171
11030	0.01506
11032	0.01395
11034	0.01392
11036	0.01378
11038	0.01335
11040	0.01332
11042	0.01339
11044	0.01241
11046	0.01013
11048	0.00915
11050	0.00906
11052	0.00879
11054	0.00784
11056	0.00747
11058	0.00741
11060	0.00678
11062	0.00544
11064	0.00573
11066	0.00618
11068	0.00653
11070	0.00567
11072	0.00524
11074	0.00346
11076	0.00371
11078	0.00401
11080	0.0051
11082	0.00657
11084	0.00581
11086	0.00448
11088	0.00325
11090	0.00178
11092	0.00215
11094	0.00284
11096	0.00192
11098	0.00106
11100	4.46759E-4
11102	4.77067E-4
11104	3.61376E-4
11106	5.46684E-4
11108	-5.80007E-4
11110	-8.73699E-4
11112	-4.4839E-4
11114	3.04918E-4
11116	2.62265E-5
11118	-0.00139
11120	-0.00125
11122	-5.02848E-4
11124	-6.74539E-4
11126	-0.00131
11128	-0.00217
11130	-0.00207
11132	-0.00175
11134	-0.0017
11136	-8.94688E-4
11138	-3.8238E-4
11140	-8.71071E-4
11142	-0.00126
11144	-8.07454E-4
11146	1.99854E-4
11148	-6.82837E-4
11150	-6.95529E-4
11152	-8.0222E-4
11154	-0.00169
11156	-0.00181
11158	-0.00185
11160	-0.00134
11162	-6.77922E-7
11164	2.23631E-4
11166	-7.40609E-5
11168	-8.15752E-4
11170	-3.09444E-4
11172	-2.91354E-5
11174	-7.41827E-4
11176	-1.03518E-4
11178	0.00134
11180	0.00119
11182	7.79407E-4
11184	6.34716E-4
11186	0.00103
11188	3.12333E-4
11190	3.71641E-4
11192	4.7095E-4
11194	0.00107
11196	4.78567E-4
11198	-6.33125E-4
11200	2.15184E-4
11202	3.09492E-4
11204	-0.00124
11206	-0.00144
11208	-0.00174
11210	-5.91274E-4
11212	-9.54965E-4
11214	-0.00154
11216	-0.00103
11218	2.9796E-4
11220	-6.47731E-4
11222	-0.00125
11224	-5.31144E-5
11226	-1.19806E-4
11228	4.86503E-4
11230	-1.85189E-4
11232	-0.00109
11234	-7.17911E-4
11236	-3.56021E-4
11238	3.98869E-4
11240	-7.92408E-5
11242	4.56492E-5
11244	9.66539E-4
11246	1.76429E-4
11248	-7.69681E-4
11250	-3.55791E-4
11252	-8.369E-4
11254	-6.8201E-4
11256	-8.6212E-4
11258	-4.3623E-4
11260	-5.9634E-4
11262	2.9455E-4
11264	6.4144E-4
11266	7.5333E-4
11268	6.3522E-4
11270	6.6211E-4
11272	-3.43E-4
11274	-0.00103
11276	-0.00111
11278	-1.1533E-4
11280	-8.8644E-4
11282	-2.04871E-4
11284	-3.16913E-4
11286	-7.21955E-4
11288	-4.45998E-4
11290	-9.5904E-4
11292	-5.04082E-4
11294	-7.23124E-4
11296	-7.79166E-4
11298	-3.58208E-4
11300	-8.12498E-5
11302	-5.94292E-4
11304	-2.91334E-4
11306	-4.20376E-4
11308	0.00142
11310	0.00294
11312	0.00233
11314	0.00247
11316	0.00307
11318	0.00386
11320	0.00394
11322	0.00442
11324	0.00426
11326	0.00411
11328	0.00389
11330	0.01442
11332	0.06861
11334	0.16107
11336	0.26918
11338	0.37948
11340	0.48361
11342	0.57803
11344	0.66305
11346	0.73914
11348	0.80369
11350	0.82456
11352	0.79491
11354	0.7374
11356	0.66774
11358	0.59743
11360	0.52963
11362	0.46636
11364	0.40871
11366	0.3574
11368	0.31268
11370	0.27202
11372	0.23777
11374	0.20842
11376	0.18222
11378	0.15923
11380	0.14003
11382	0.12397
11384	0.10974
11386	0.09846
11388	0.08813
11390	0.07919
11392	0.07216
11394	0.06528
11396	0.05946
11398	0.05407
11400	0.05022
11402	0.04646
11404	0.04278
11406	0.03976
11408	0.0365
11410	0.0334
11412	0.0317
11414	0.02962
11416	0.02784
11418	0.02632
11420	0.02402
11422	0.02212
11424	0.02062
11426	0.01886
11428	0.01707
11430	0.01492
11432	0.01345
11434	0.01213
11436	0.0104
11438	0.0098
11440	0.01062
11442	0.00976
11444	0.00876
11446	0.0079
11448	0.00708
11450	0.00733
11452	0.00724
11454	0.00649
11456	0.0057
11458	0.00529
11460	0.00566
11462	0.00618
11464	0.00645
11466	0.00525
11468	0.00405
11470	0.00445
11472	0.00388
11474	0.00289
11476	0.00176
11478	9.62932E-4
11480	9.33241E-4
11482	0.00123
11484	0.00128
11486	0.00255
11488	0.00234
11490	0.0029
11492	0.00221
11494	8.874E-4
11496	0.00103
11498	-6.65983E-4
11500	-2.47674E-4
11502	-3.46366E-4
11504	-2.37057E-4
11506	9.02515E-5
11508	-1.144E-5
11510	4.31868E-4
11512	2.00177E-4
11514	-4.47515E-4
11516	0.00102
11518	0.00129
11520	0.00108
11522	8.96057E-4
11524	0.00124
11526	7.80728E-4
11528	-5.46436E-4
11530	-0.0014
11532	-0.00139
11534	-5.96929E-4
11536	-0.00181
11538	-0.00272
11540	-0.00265
11542	-0.0037
11544	-0.00447
11546	-0.00554
11548	-0.00578
11550	-0.00561
11552	-0.00585
11554	-0.0055
11556	-0.00585
11558	-0.00519
11560	-0.00458
11562	-0.00265
11564	-0.00126
11566	-6.80558E-4
11568	-3.79722E-4
11570	6.99114E-4
11572	9.84949E-4
11574	0.0016
11576	0.00133
11578	7.47456E-4
11580	-8.2708E-5
11582	0.00102
11584	6.88963E-4
11586	-4.52201E-4
11588	7.61635E-4
11590	5.1747E-4
11592	7.84306E-4
11594	6.59142E-4
11596	2.99775E-5
11598	7.37813E-4
11600	0.00146
11602	2.86485E-4
11604	0.00171
11606	0.00251
11608	0.00151
11610	0.00134
11612	0.00109
11614	1.40499E-4
11616	-3.78666E-4
11618	-9.48299E-5
11620	5.74006E-4
11622	4.05841E-4
11624	1.16771E-5
11626	-0.00134
11628	-0.00248
11630	-0.00379
11632	-0.0032
11634	-0.00229
11636	-0.0019
11638	-0.00302
11640	-0.00306
11642	-0.00306
11644	-0.00392
11646	-0.0043
11648	-0.00336
11650	-0.00233
11652	-0.00193
11654	-0.00216
11656	-0.00203
11658	-0.00258
11660	-0.00225
11662	-0.00143
11664	-9.77014E-4
11666	-1.15233E-4
11668	0.00222
11670	0.00335
11672	0.0035
11674	0.00335
11676	0.00381
11678	0.00238
11680	0.00143
11682	0.00143
11684	0.00108
11686	0.00113
11688	9.64362E-4
11690	2.01143E-4
11692	1.87924E-4
11694	8.81706E-4
11696	0.00122
11698	0.00145
11700	0.002
11702	0.00143
11704	8.11612E-4
11706	8.76394E-4
11708	0.00178
11710	0.0014
11712	0.00114
11714	0.00148
11716	0.00237
11718	0.00118
11720	7.34755E-4
11722	-7.20563E-4
11724	-8.76882E-4
11726	-0.00111
11728	-0.0015
11730	0.00764
11732	0.06136
11734	0.149
11736	0.25192
11738	0.36044
11740	0.46396
11742	0.55724
11744	0.64244
11746	0.71753
11748	0.7819
11750	0.80683
11752	0.78085
11754	0.72794
11756	0.66204
11758	0.59385
11760	0.52836
11762	0.46556
11764	0.40796
11766	0.35587
11768	0.30926
11770	0.2688
11772	0.23439
11774	0.20394
11776	0.17891
11778	0.15718
11780	0.13759
11782	0.11987
11784	0.1062
11786	0.09426
11788	0.08415
11790	0.07585
11792	0.06797
11794	0.06052
11796	0.05567
11798	0.05067
11800	0.04593
11802	0.04236
11804	0.03826
11806	0.03447
11808	0.03164
11810	0.02966
11812	0.02743
11814	0.02635
11816	0.02369
11818	0.01983
11820	0.01804
11822	0.01733
11824	0.01577
11826	0.01514
11828	0.01402
11830	0.01291
11832	0.01121
11834	0.01042
11836	0.00949
11838	0.00812
11840	0.00596
11842	0.00619
11844	0.0054
11846	0.00628
11848	0.00646
11850	0.00467
11852	0.00457
11854	0.00446
11856	0.00328
11858	0.00244
11860	0.00262
11862	0.00328
11864	0.00315
11866	0.00251
11868	0.00229
11870	6.5793E-4
11872	-3.09662E-4
11874	-5.87253E-4
11876	-9.11845E-4
11878	-6.46437E-4
11880	-6.28028E-4
11882	-0.00159
11884	-0.00205
11886	-0.00144
11888	-4.96395E-4
11890	-4.48986E-4
11892	-4.83578E-4
11894	-0.00101
11896	-0.00201
11898	-0.00143
11900	6.70055E-4
11902	4.02464E-4
11904	-1.32128E-4
11906	-0.00121
11908	3.46689E-4
11910	0.0013
11912	-2.00494E-4
11914	-4.04086E-4
11916	-8.26677E-4
11918	-5.89269E-4
11920	-6.13861E-4
11922	-2.68452E-4
11924	-8.19044E-4
11926	-0.0011
11928	-5.10227E-4
11930	-5.24819E-4
11932	-6.0941E-4
11934	0.00116
11936	7.12406E-4
11938	-0.00178
11940	-0.00234
11942	-0.00139
11944	-3.0396E-4
11946	-0.00125
11948	-0.00186
11950	-0.00123
11952	-0.00121
11954	-2.15569E-4
11956	-1.63832E-5
11958	-2.36197E-4
11960	-0.00105
11962	-0.00153
11964	-0.00227
11966	-0.00172
11968	-6.88266E-4
11970	3.1992E-4
11972	0.00109
11974	6.76293E-4
11976	9.31479E-4
11978	8.11665E-4
11980	0.00149
11982	0.0013
11984	0.00108
11986	0.00177
11988	0.00175
11990	0.00133
11992	1.72969E-4
11994	-6.55845E-4
11996	-8.17658E-4
11998	-6.61472E-4
12000	-7.55166E-4
12002	-0.00144
12004	-0.00167
12006	-0.00175
12008	-9.61275E-4
12010	-7.47052E-4
12012	-2.85829E-4
12014	5.13939E-5
12016	8.35617E-4
12018	6.1484E-4
12020	-2.24937E-4
12022	2.21285E-4
12024	1.43508E-4
12026	-1.76269E-4
12028	-8.66046E-4
12030	-0.00182
12032	-0.00174
12034	-0.00199
12036	-0.0011
12038	-5.59931E-4
12040	-1.63709E-4
12042	1.20514E-4
12044	-2.26263E-4
12046	2.5196E-4
12048	4.17418E-4
12050	5.11419E-4
12052	7.04196E-5
12054	-2.7258E-4
12056	2.36421E-4
12058	7.49422E-4
12060	0.0015
12062	5.24423E-4
12064	9.46424E-4
12066	0.00186
12068	0.00211
12070	0.00246
12072	0.00135
12074	-5.26572E-4
12076	-8.41571E-4
12078	4.84293E-5
12080	-1.2257E-4
12082	-8.64569E-4
12084	-9.32568E-4
12086	-7.09568E-4
12088	-5.41567E-4
12090	-3.23566E-4
12092	-7.55654E-5
12094	4.31196E-4
12096	-6.79741E-4
12098	-0.00149
12100	-9.66614E-4
12102	-0.00191
12104	-0.00228
12106	-0.0018
12108	-7.90359E-4
12110	-4.26295E-4
12112	-0.00137
12114	-5.97168E-4
12116	4.17895E-4
12118	0.00104
12120	5.93023E-4
12122	0.00138
12124	0.00248
12126	0.00174
12128	1.41277E-4
12130	0.00867
12132	0.05942
12134	0.14711
12136	0.25162
12138	0.35909
12140	0.46023
12142	0.55362
12144	0.63862
12146	0.71461
12148	0.77927
12150	0.80611
12152	0.78186
12154	0.7279
12156	0.66129
12158	0.59283
12160	0.52518
12162	0.46125
12164	0.40369
12166	0.3535
12168	0.30816
12170	0.26855
12172	0.23349
12174	0.20425
12176	0.17798
12178	0.15608
12180	0.13641
12182	0.12108
12184	0.10722
12186	0.09493
12188	0.08442
12190	0.07575
12192	0.06865
12194	0.06294
12196	0.05853
12198	0.05308
12200	0.04928
12202	0.04496
12204	0.04123
12206	0.03919
12208	0.03577
12210	0.03298
12212	0.03104
12214	0.0285
12216	0.02548
12218	0.02262
12220	0.02039
12222	0.0191
12224	0.01761
12226	0.01563
12228	0.01565
12230	0.01311
12232	0.01291
12234	0.01351
12236	0.01165
12238	0.0106
12240	0.01031
12242	0.01011
12244	0.00878
12246	0.00786
12248	0.00747
12250	0.00618
12252	0.00385
12254	0.00276
12256	0.00156
12258	0.00177
12260	0.00174
12262	0.00108
12264	9.05305E-5
12266	-0.00184
12268	-0.0015
12270	-7.98766E-4
12272	-6.29199E-4
12274	6.73689E-5
12276	-2.58063E-4
12278	-0.0015
12280	-0.00139
12282	-0.00203
12284	-0.0023
12286	-0.00157
12288	-2.49658E-4
12290	-4.50898E-5
12292	0.0014
12294	0.00128
12296	0.00132
12298	8.36181E-4
12300	0.00171
12302	5.68316E-4
12304	4.67884E-4
12306	0.00104
12308	-5.02981E-4
12310	-0.00163
12312	-6.69846E-4
12314	-7.42779E-5
12316	-4.3071E-4
12318	-1.73143E-4
12320	7.36425E-4
12322	0.00105
12324	2.2956E-4
12326	-1.73872E-4
12328	-4.67304E-4
12330	-8.31737E-4
12332	-9.25169E-4
12334	-3.48057E-4
12336	-0.00101
12338	-0.00118
12340	-0.00127
12342	-9.5038E-4
12344	-0.00214
12346	-0.0012
12348	-5.74872E-4
12350	-0.0014
12352	-0.00233
12354	-0.00156
12356	-0.00241
12358	-0.00336
12360	-0.00341
12362	-0.00213
12364	-0.00227
12366	-0.00183
12368	-0.00221
12370	-0.00112
12372	-5.63841E-4
12374	1.69329E-4
12376	-5.97502E-4
12378	-0.00178
12380	-0.00136
12382	-0.00113
12384	-8.14658E-4
12386	-6.96446E-4
12388	-2.58234E-4
12390	9.69773E-5
12392	4.91189E-4
12394	1.18401E-4
12396	7.26124E-5
12398	5.66824E-4
12400	3.99036E-4
12402	0.00132
12404	0.00216
12406	0.00137
12408	0.00117
12410	0.00194
12412	0.0019
12414	0.0028
12416	0.00321
12418	0.00272
12420	0.00171
12422	0.00169
12424	2.47576E-4
12426	-0.00151
12428	-0.00165
12430	-0.00206
12432	-0.00174
12434	-0.003
12436	-0.00314
12438	-0.00319
12440	-0.00294
12442	-0.00191
12444	-8.84064E-4
12446	-9.36505E-4
12448	-0.00115
12450	-0.00114
12452	-3.83828E-4
12454	4.37316E-5
12456	-8.89709E-4
12458	-0.00115
12460	-0.00163
12462	-0.00106
12464	-4.04725E-5
12466	1.58087E-4
12468	-5.58354E-4
12470	-2.63795E-4
12472	2.70764E-4
12474	6.93234E-5
12476	8.48883E-4
12478	6.65994E-5
12480	-8.20146E-4
12482	-4.33892E-4
12484	-3.58638E-4
12486	-9.70384E-4
12488	8.98701E-5
12490	-2.66876E-4
12492	-6.28622E-4
12494	-3.05368E-4
12496	-0.00151
12498	-0.00157
12500	-8.22605E-4
12502	-0.00156
12504	-0.00114
12506	-8.35843E-4
12508	-1.61589E-4
12510	-8.78334E-4
12512	-0.00201
12514	-0.00209
12516	-0.00115
12518	-9.78318E-4
12520	3.63936E-4
12522	0.00174
12524	8.81444E-4
