time	cp
2	9.22655
4	9.22551
6	9.22529
8	9.22568
10	9.22516
12	9.22424
14	9.22475
16	9.22541
18	9.22449
20	9.22293
22	9.22368
24	9.2242
26	9.22422
28	9.22398
30	9.22355
32	9.22358
34	9.22221
36	9.22338
38	9.2237
40	9.22281
42	9.2212
44	9.22122
46	9.22163
48	9.22115
50	9.22107
52	9.22136
54	9.21999
56	9.21919
58	9.21848
60	9.21903
62	9.22046
64	9.22109
66	9.22034
68	9.21972
70	9.21832
72	9.21841
74	9.21874
76	9.21848
78	9.21809
80	9.21768
82	9.21763
84	9.21661
86	9.21681
88	9.21781
90	9.21864
92	9.21754
94	9.21748
96	9.2159
98	9.21429
100	9.21383
102	9.2139
104	9.21381
106	9.21348
108	9.2134
110	9.21494
112	9.21618
114	9.2163
116	9.2156
118	9.21559
120	9.21517
122	9.2146
124	9.21671
126	9.25785
128	9.42473
130	9.68343
132	9.97423
134	10.26369
136	10.53727
138	10.78402
140	11.00508
142	11.20002
144	11.37439
146	11.52319
148	11.65351
150	11.76336
152	11.8579
154	11.87673
156	11.76027
158	11.56029
160	11.32742
162	11.09341
164	10.87251
166	10.67047
168	10.48889
170	10.32652
172	10.18437
174	10.06007
176	9.95025
178	9.85447
180	9.77365
182	9.70563
184	9.64637
186	9.5956
188	9.55203
190	9.51412
192	9.4833
194	9.45646
196	9.43217
198	9.41291
200	9.3949
202	9.37942
204	9.36507
206	9.35223
208	9.34151
210	9.33189
212	9.3221
214	9.314
216	9.30741
218	9.29993
220	9.29484
222	9.28786
224	9.28108
226	9.2762
228	9.27139
230	9.26699
232	9.26253
234	9.25774
236	9.25397
238	9.25174
240	9.24847
242	9.24462
244	9.24228
246	9.24037
248	9.23829
250	9.23655
252	9.23359
254	9.23121
256	9.22859
258	9.22832
260	9.22672
262	9.22426
264	9.22338
266	9.22363
268	9.22237
270	9.22039
272	9.21843
274	9.2177
276	9.21751
278	9.21562
280	9.21434
282	9.21203
284	9.2114
286	9.21198
288	9.21252
290	9.21189
292	9.21099
294	9.20967
296	9.20869
298	9.20718
300	9.20798
302	9.20675
304	9.20588
306	9.2067
308	9.20697
310	9.20655
312	9.20593
314	9.20552
316	9.20391
318	9.2036
320	9.20238
322	9.20212
324	9.20364
326	9.2039
328	9.2039
330	9.20354
332	9.20229
334	9.20272
336	9.20178
338	9.1995
340	9.19868
342	9.19889
344	9.19887
346	9.19863
348	9.19801
350	9.19783
352	9.19788
354	9.19797
356	9.19733
358	9.19775
360	9.19678
362	9.19544
364	9.19451
366	9.19521
368	9.19554
370	9.19576
372	9.1974
374	9.19798
376	9.19786
378	9.19629
380	9.1959
382	9.19523
384	9.19431
386	9.19275
388	9.19257
390	9.19311
392	9.19367
394	9.19356
396	9.19282
398	9.19203
400	9.19163
402	9.19097
404	9.1903
406	9.18903
408	9.18758
410	9.18865
412	9.19006
414	9.18981
416	9.18924
418	9.1877
420	9.18672
422	9.18782
424	9.1873
426	9.18746
428	9.1882
430	9.18699
432	9.18838
434	9.18937
436	9.18861
438	9.18708
440	9.18722
442	9.18858
444	9.18838
446	9.18646
448	9.18655
450	9.18741
452	9.18774
454	9.18772
456	9.18667
458	9.18631
460	9.18591
462	9.18617
464	9.18581
466	9.18653
468	9.18452
470	9.18404
472	9.18386
474	9.18383
476	9.18244
478	9.18191
480	9.18218
482	9.1823
484	9.18284
486	9.18359
488	9.18261
490	9.18264
492	9.1823
494	9.18217
496	9.18257
498	9.18339
500	9.18308
502	9.18374
504	9.18343
506	9.18357
508	9.18345
510	9.18286
512	9.18114
514	9.18002
516	9.1799
518	9.18072
520	9.18173
522	9.18219
524	9.18181
526	9.18162
528	9.18125
530	9.18065
532	9.18032
534	9.18038
536	9.17936
538	9.17792
540	9.1777
542	9.17957
544	9.17954
546	9.17869
548	9.17709
550	9.17765
552	9.17769
554	9.17768
556	9.17702
558	9.17773
560	9.1777
562	9.17727
564	9.1771
566	9.17695
568	9.17648
570	9.17688
572	9.1753
574	9.17484
576	9.17518
578	9.17507
580	9.17449
582	9.17443
584	9.17447
586	9.17507
588	9.17586
590	9.17592
592	9.17518
594	9.17484
596	9.17487
598	9.17546
600	9.1748
602	9.17481
604	9.17534
606	9.17612
608	9.17578
610	9.17478
612	9.17482
614	9.17379
616	9.17313
618	9.17363
620	9.17333
622	9.17305
624	9.17267
626	9.17214
628	9.17166
630	9.17315
632	9.17424
634	9.17319
636	9.17416
638	9.17427
640	9.17294
642	9.1718
644	9.17154
646	9.17249
648	9.17243
650	9.17219
652	9.17305
654	9.1726
656	9.17118
658	9.17112
660	9.17089
662	9.17068
664	9.17096
666	9.17092
668	9.17184
670	9.17144
672	9.17032
674	9.17154
676	9.17221
678	9.17171
680	9.17089
682	9.1695
684	9.16918
686	9.16998
688	9.171
690	9.17176
692	9.17153
694	9.1705
696	9.17006
698	9.16922
700	9.16821
702	9.16841
704	9.16996
706	9.16977
708	9.16992
710	9.16926
712	9.16879
714	9.168
716	9.16842
718	9.17008
720	9.16841
722	9.16735
724	9.16995
726	9.23324
728	9.42069
730	9.68144
732	9.96847
734	10.25262
736	10.51867
738	10.76047
740	10.97597
742	11.16729
744	11.33444
746	11.47905
748	11.60525
750	11.71543
752	11.80706
754	11.83329
756	11.72291
758	11.52751
760	11.2963
762	11.06214
764	10.84
766	10.63656
768	10.45209
770	10.28721
772	10.1427
774	10.0176
776	9.91057
778	9.81718
780	9.73624
782	9.66653
784	9.60807
786	9.5586
788	9.51613
790	9.47951
792	9.44706
794	9.4174
796	9.39227
798	9.37201
800	9.35507
802	9.34108
804	9.32705
806	9.31404
808	9.30164
810	9.29153
812	9.28228
814	9.27372
816	9.26509
818	9.25733
820	9.24969
822	9.24429
824	9.2383
826	9.23379
828	9.22852
830	9.22524
832	9.22143
834	9.21589
836	9.21172
838	9.20788
840	9.20489
842	9.20289
844	9.20007
846	9.19666
848	9.19577
850	9.19231
852	9.18964
854	9.18784
856	9.18631
858	9.18506
860	9.18403
862	9.18187
864	9.18145
866	9.18132
868	9.18031
870	9.17777
872	9.17613
874	9.17536
876	9.17574
878	9.17533
880	9.17482
882	9.17449
884	9.17377
886	9.17339
888	9.17237
890	9.17248
892	9.17158
894	9.17245
896	9.17186
898	9.17048
900	9.16944
902	9.16906
904	9.16727
906	9.16687
908	9.16713
910	9.16635
912	9.16531
914	9.16461
916	9.16607
918	9.16502
920	9.16419
922	9.16346
924	9.16429
926	9.16485
928	9.16493
930	9.16386
932	9.1639
934	9.16393
936	9.16281
938	9.16122
940	9.16085
942	9.16198
944	9.16205
946	9.16213
948	9.16167
950	9.16046
952	9.16074
954	9.16068
956	9.15973
958	9.15924
960	9.16005
962	9.16004
964	9.15975
966	9.15851
968	9.15938
970	9.15978
972	9.15978
974	9.16089
976	9.16046
978	9.15918
980	9.1593
982	9.15865
984	9.15836
986	9.15713
988	9.15603
990	9.15545
992	9.15539
994	9.15604
996	9.15542
998	9.15476
1000	9.15477
1002	9.1546
1004	9.15284
1006	9.15199
1008	9.15275
1010	9.152
1012	9.15333
1014	9.15435
1016	9.15356
1018	9.15204
1020	9.15154
1022	9.15079
1024	9.15168
1026	9.15135
1028	9.15232
1030	9.15263
1032	9.15372
1034	9.15379
1036	9.15466
1038	9.15482
1040	9.15375
1042	9.15403
1044	9.1541
1046	9.15213
1048	9.15138
1050	9.15144
1052	9.15127
1054	9.15292
1056	9.15186
1058	9.15206
1060	9.15233
1062	9.15138
1064	9.15015
1066	9.14964
1068	9.15027
1070	9.151
1072	9.15127
1074	9.15075
1076	9.15058
1078	9.1521
1080	9.14987
1082	9.14886
1084	9.14841
1086	9.14957
1088	9.15032
1090	9.14981
1092	9.14943
1094	9.14763
1096	9.14778
1098	9.14713
1100	9.14753
1102	9.14737
1104	9.14789
1106	9.14906
1108	9.14776
1110	9.14862
1112	9.14942
1114	9.15009
1116	9.15057
1118	9.14954
1120	9.14814
1122	9.14776
1124	9.14786
1126	9.14848
1128	9.14814
1130	9.14697
1132	9.14716
1134	9.14807
1136	9.1486
1138	9.14697
1140	9.14529
1142	9.14485
1144	9.14631
1146	9.1466
1148	9.14687
1150	9.14748
1152	9.14692
1154	9.14551
1156	9.14548
1158	9.14509
1160	9.14492
1162	9.14346
1164	9.14471
1166	9.14572
1168	9.14488
1170	9.1448
1172	9.14462
1174	9.14497
1176	9.14501
1178	9.14501
1180	9.14557
1182	9.14606
1184	9.14677
1186	9.14589
1188	9.14623
1190	9.14676
1192	9.14505
1194	9.14501
1196	9.14568
1198	9.14594
1200	9.14502
1202	9.14306
1204	9.14355
1206	9.14328
1208	9.14318
1210	9.14502
1212	9.14475
1214	9.14414
1216	9.14553
1218	9.14545
1220	9.14469
1222	9.14501
1224	9.14442
1226	9.1437
1228	9.14385
1230	9.14337
1232	9.14287
1234	9.14295
1236	9.14308
1238	9.14284
1240	9.14189
1242	9.14135
1244	9.14048
1246	9.13978
1248	9.14004
1250	9.13994
1252	9.14004
1254	9.14013
1256	9.14017
1258	9.1418
1260	9.14396
1262	9.14482
1264	9.14368
1266	9.14229
1268	9.14148
1270	9.14232
1272	9.14083
1274	9.14238
1276	9.14328
1278	9.14256
1280	9.14392
1282	9.14346
1284	9.14178
1286	9.14027
1288	9.1402
1290	9.14119
1292	9.14147
1294	9.14012
1296	9.13911
1298	9.13909
1300	9.14055
1302	9.1419
1304	9.14233
1306	9.14169
1308	9.14162
1310	9.13999
1312	9.13812
1314	9.13787
1316	9.13977
1318	9.13989
1320	9.14011
1322	9.13973
1324	9.14004
1326	9.18694
1328	9.35766
1330	9.61292
1332	9.89476
1334	10.17755
1336	10.44306
1338	10.68533
1340	10.90313
1342	11.09727
1344	11.26631
1346	11.41483
1348	11.54238
1350	11.6516
1352	11.7439
1354	11.78301
1356	11.68815
1358	11.50318
1360	11.27705
1362	11.04413
1364	10.82283
1366	10.61913
1368	10.43554
1370	10.27036
1372	10.12387
1374	9.99714
1376	9.88827
1378	9.79306
1380	9.71157
1382	9.64254
1384	9.58285
1386	9.53081
1388	9.48743
1390	9.45086
1392	9.41863
1394	9.39197
1396	9.36834
1398	9.34732
1400	9.32863
1402	9.31189
1404	9.2958
1406	9.28367
1408	9.27282
1410	9.26075
1412	9.25242
1414	9.24488
1416	9.23623
1418	9.23009
1420	9.22461
1422	9.21775
1424	9.21198
1426	9.20691
1428	9.20211
1430	9.19781
1432	9.19242
1434	9.18917
1436	9.18706
1438	9.18313
1440	9.17864
1442	9.17427
1444	9.17285
1446	9.17114
1448	9.17041
1450	9.16994
1452	9.1678
1454	9.16457
1456	9.16292
1458	9.16093
1460	9.15905
1462	9.15764
1464	9.15552
1466	9.15511
1468	9.15547
1470	9.15478
1472	9.15317
1474	9.15184
1476	9.15164
1478	9.15099
1480	9.15048
1482	9.14971
1484	9.14835
1486	9.14675
1488	9.14472
1490	9.14307
1492	9.14444
1494	9.1447
1496	9.14534
1498	9.14409
1500	9.14271
1502	9.14275
1504	9.14277
1506	9.14305
1508	9.14081
1510	9.13925
1512	9.13904
1514	9.14027
1516	9.13908
1518	9.14001
1520	9.1404
1522	9.14022
1524	9.13895
1526	9.13757
1528	9.13894
1530	9.13964
1532	9.1393
1534	9.13921
1536	9.13743
1538	9.13681
1540	9.13661
1542	9.13713
1544	9.13616
1546	9.13401
1548	9.13425
1550	9.13408
1552	9.13368
1554	9.13459
1556	9.1343
1558	9.13273
1560	9.13191
1562	9.13272
1564	9.13343
1566	9.13392
1568	9.13438
1570	9.13443
1572	9.13514
1574	9.13459
1576	9.13461
1578	9.13459
1580	9.13414
1582	9.13415
1584	9.13376
1586	9.13453
1588	9.13382
1590	9.13278
1592	9.13235
1594	9.13149
1596	9.13153
1598	9.13151
1600	9.13221
1602	9.13365
1604	9.13362
1606	9.1349
1608	9.13262
1610	9.13175
1612	9.13252
1614	9.13109
1616	9.13095
1618	9.13231
1620	9.13143
1622	9.13211
1624	9.13009
1626	9.13003
1628	9.13151
1630	9.13217
1632	9.1311
1634	9.13095
1636	9.13151
1638	9.13199
1640	9.1321
1642	9.1313
1644	9.12865
1646	9.12783
1648	9.12942
1650	9.13029
1652	9.12969
1654	9.12825
1656	9.1288
1658	9.12888
1660	9.12816
1662	9.12772
1664	9.12836
1666	9.12847
1668	9.12792
1670	9.12676
1672	9.12625
1674	9.126
1676	9.1257
1678	9.126
1680	9.1267
1682	9.127
1684	9.12741
1686	9.12934
1688	9.12972
1690	9.1278
1692	9.1269
1694	9.12743
1696	9.12775
1698	9.12855
1700	9.12829
1702	9.12768
1704	9.12771
1706	9.12759
1708	9.1272
1710	9.12562
1712	9.12564
1714	9.12599
1716	9.12716
1718	9.12762
1720	9.1273
1722	9.12828
1724	9.12824
1726	9.1271
1728	9.12628
1730	9.12577
1732	9.12529
1734	9.12583
1736	9.1266
1738	9.12562
1740	9.12531
1742	9.12568
1744	9.12587
1746	9.12494
1748	9.1242
1750	9.12468
1752	9.12364
1754	9.12305
1756	9.12345
1758	9.12474
1760	9.12395
1762	9.12314
1764	9.12297
1766	9.12271
1768	9.124
1770	9.12528
1772	9.12546
1774	9.12524
1776	9.12551
1778	9.12453
1780	9.1238
1782	9.12347
1784	9.12208
1786	9.12216
1788	9.12225
1790	9.12322
1792	9.12412
1794	9.12425
1796	9.12418
1798	9.12267
1800	9.12271
1802	9.12373
1804	9.12318
1806	9.12184
1808	9.12254
1810	9.12324
1812	9.12262
1814	9.12248
1816	9.12212
1818	9.12276
1820	9.12312
1822	9.12281
1824	9.12199
1826	9.12264
1828	9.12277
1830	9.1231
1832	9.12394
1834	9.12413
1836	9.12429
1838	9.12378
1840	9.12326
1842	9.12215
1844	9.12187
1846	9.12167
1848	9.1227
1850	9.12139
1852	9.12173
1854	9.12111
1856	9.11984
1858	9.11972
1860	9.12051
1862	9.12078
1864	9.12037
1866	9.11926
1868	9.11786
1870	9.11812
1872	9.11906
1874	9.11853
1876	9.11913
1878	9.12136
1880	9.1209
1882	9.12142
1884	9.12083
1886	9.119
1888	9.11952
1890	9.11961
1892	9.11914
1894	9.11834
1896	9.11848
1898	9.11834
1900	9.11838
1902	9.11861
1904	9.11803
1906	9.11847
1908	9.11832
1910	9.118
1912	9.11889
1914	9.11839
1916	9.11662
1918	9.11666
1920	9.1178
1922	9.11774
1924	9.11752
1926	9.15283
1928	9.30822
1930	9.55189
1932	9.83388
1934	10.11643
1936	10.38341
1938	10.6249
1940	10.84021
1942	11.03318
1944	11.20176
1946	11.35035
1948	11.47894
1950	11.58804
1952	11.68311
1954	11.7361
1956	11.65911
1958	11.48284
1960	11.26275
1962	11.03232
1964	10.81165
1966	10.60818
1968	10.42331
1970	10.25899
1972	10.11299
1974	9.98442
1976	9.87373
1978	9.77834
1980	9.69687
1982	9.62726
1984	9.56571
1986	9.51414
1988	9.47051
1990	9.4317
1992	9.39791
1994	9.36912
1996	9.34388
1998	9.32282
2000	9.30601
2002	9.29035
2004	9.27514
2006	9.26136
2008	9.24876
2010	9.23813
2012	9.22941
2014	9.22231
2016	9.21416
2018	9.20697
2020	9.19985
2022	9.19289
2024	9.18699
2026	9.18217
2028	9.17715
2030	9.17225
2032	9.16841
2034	9.16276
2036	9.15765
2038	9.15569
2040	9.15352
2042	9.14997
2044	9.14657
2046	9.14332
2048	9.14101
2050	9.13908
2052	9.13805
2054	9.13703
2056	9.13435
2058	9.13223
2060	9.1316
2062	9.13204
2064	9.13244
2066	9.13054
2068	9.13036
2070	9.12841
2072	9.12655
2074	9.12624
2076	9.12516
2078	9.12514
2080	9.12598
2082	9.12629
2084	9.12496
2086	9.12438
2088	9.12278
2090	9.12132
2092	9.12076
2094	9.11942
2096	9.12001
2098	9.11913
2100	9.11835
2102	9.11709
2104	9.11539
2106	9.11475
2108	9.11406
2110	9.11362
2112	9.11292
2114	9.11388
2116	9.11519
2118	9.11674
2120	9.11588
2122	9.1159
2124	9.11646
2126	9.11515
2128	9.11342
2130	9.11241
2132	9.11211
2134	9.1116
2136	9.11188
2138	9.11155
2140	9.11252
2142	9.11308
2144	9.11278
2146	9.11226
2148	9.1102
2150	9.10902
2152	9.11036
2154	9.11215
2156	9.11238
2158	9.11195
2160	9.11223
2162	9.11131
2164	9.11042
2166	9.11121
2168	9.11073
2170	9.10962
2172	9.10955
2174	9.10935
2176	9.10964
2178	9.1092
2180	9.10968
2182	9.10896
2184	9.10825
2186	9.10876
2188	9.10829
2190	9.10878
2192	9.10951
2194	9.10943
2196	9.10833
2198	9.10958
2200	9.10945
2202	9.10918
2204	9.10948
2206	9.10824
2208	9.10841
2210	9.10854
2212	9.1079
2214	9.10674
2216	9.10616
2218	9.10693
2220	9.10632
2222	9.10546
2224	9.10599
2226	9.10653
2228	9.10609
2230	9.10589
2232	9.10623
2234	9.10716
2236	9.10568
2238	9.10489
2240	9.10535
2242	9.1064
2244	9.10568
2246	9.10447
2248	9.10464
2250	9.1063
2252	9.1054
2254	9.10459
2256	9.10492
2258	9.10526
2260	9.1067
2262	9.10675
2264	9.10711
2266	9.10624
2268	9.10506
2270	9.10356
2272	9.1033
2274	9.10406
2276	9.10457
2278	9.10575
2280	9.1055
2282	9.10548
2284	9.10402
2286	9.1025
2288	9.10245
2290	9.10327
2292	9.105
2294	9.10425
2296	9.10411
2298	9.1041
2300	9.10235
2302	9.10184
2304	9.10329
2306	9.10643
2308	9.10661
2310	9.10516
2312	9.10471
2314	9.10347
2316	9.10348
2318	9.10237
2320	9.10157
2322	9.10333
2324	9.10467
2326	9.10465
2328	9.10376
2330	9.10372
2332	9.10273
2334	9.10393
2336	9.10511
2338	9.10478
2340	9.10531
2342	9.10386
2344	9.10241
2346	9.10311
2348	9.10415
2350	9.10302
2352	9.10276
2354	9.10293
2356	9.10402
2358	9.10313
2360	9.10254
2362	9.1013
2364	9.10061
2366	9.1
2368	9.09907
2370	9.09885
2372	9.09946
2374	9.09897
2376	9.09907
2378	9.09963
2380	9.10043
2382	9.10062
2384	9.10041
2386	9.10043
2388	9.10048
2390	9.10084
2392	9.09947
2394	9.10004
2396	9.10128
2398	9.1014
2400	9.09956
2402	9.09852
2404	9.09918
2406	9.10008
2408	9.10076
2410	9.10022
2412	9.10152
2414	9.10033
2416	9.09802
2418	9.09857
2420	9.10032
2422	9.1006
2424	9.09975
2426	9.10093
2428	9.10123
2430	9.10111
2432	9.10059
2434	9.10141
2436	9.10096
2438	9.10188
2440	9.1004
2442	9.10102
2444	9.10201
2446	9.10151
2448	9.10083
2450	9.10049
2452	9.10261
2454	9.10206
2456	9.10201
2458	9.10163
2460	9.09991
2462	9.09961
2464	9.09933
2466	9.09856
2468	9.0992
2470	9.10011
2472	9.09944
2474	9.09865
2476	9.09739
2478	9.09727
2480	9.09584
2482	9.09609
2484	9.09702
2486	9.09767
2488	9.09773
2490	9.09879
2492	9.09884
2494	9.09902
2496	9.09903
2498	9.09956
2500	9.09943
2502	9.10108
2504	9.10241
2506	9.10242
2508	9.10095
2510	9.09917
2512	9.0996
2514	9.09956
2516	9.0984
2518	9.0972
2520	9.09684
2522	9.09761
2524	9.09753
2526	9.12618
2528	9.26984
2530	9.50506
2532	9.7809
2534	10.06132
2536	10.32649
2538	10.56806
2540	10.78635
2542	10.97981
2544	11.14873
2546	11.29584
2548	11.42655
2550	11.53931
2552	11.63494
2554	11.69344
2556	11.62974
2558	11.46149
2560	11.24593
2562	11.01864
2564	10.79776
2566	10.5941
2568	10.40913
2570	10.2443
2572	10.09824
2574	9.96988
2576	9.85728
2578	9.76074
2580	9.67765
2582	9.60537
2584	9.54434
2586	9.49229
2588	9.44733
2590	9.40946
2592	9.37702
2594	9.34863
2596	9.32491
2598	9.30223
2600	9.28288
2602	9.26807
2604	9.25379
2606	9.23902
2608	9.2266
2610	9.21703
2612	9.20777
2614	9.19894
2616	9.19215
2618	9.18605
2620	9.17941
2622	9.17209
2624	9.1658
2626	9.15949
2628	9.15412
2630	9.14959
2632	9.14473
2634	9.1404
2636	9.13754
2638	9.13556
2640	9.13237
2642	9.12907
2644	9.12608
2646	9.12368
2648	9.12119
2650	9.11922
2652	9.11829
2654	9.11728
2656	9.1172
2658	9.1158
2660	9.11445
2662	9.11297
2664	9.1111
2666	9.10892
2668	9.10589
2670	9.10491
2672	9.10556
2674	9.10453
2676	9.10257
2678	9.10192
2680	9.10206
2682	9.10128
2684	9.09981
2686	9.10059
2688	9.09989
2690	9.09826
2692	9.09716
2694	9.09614
2696	9.09721
2698	9.09764
2700	9.09661
2702	9.09524
2704	9.09389
2706	9.09375
2708	9.09404
2710	9.09456
2712	9.09527
2714	9.09594
2716	9.09349
2718	9.09241
2720	9.09244
2722	9.09185
2724	9.08976
2726	9.09058
2728	9.09128
2730	9.09098
2732	9.09065
2734	9.09252
2736	9.09238
2738	9.09046
2740	9.08995
2742	9.08966
2744	9.08965
2746	9.09051
2748	9.09103
2750	9.09114
2752	9.09029
2754	9.09176
2756	9.09246
2758	9.09211
2760	9.09204
2762	9.09134
2764	9.09068
2766	9.08965
2768	9.09003
2770	9.08884
2772	9.08867
2774	9.08921
2776	9.08861
2778	9.08999
2780	9.09165
2782	9.09158
2784	9.09236
2786	9.09106
2788	9.08979
2790	9.09014
2792	9.09076
2794	9.09068
2796	9.08925
2798	9.08982
2800	9.08921
2802	9.08891
2804	9.08767
2806	9.08742
2808	9.08798
2810	9.08853
2812	9.08945
2814	9.09039
2816	9.09188
2818	9.09215
2820	9.09228
2822	9.09225
2824	9.09126
2826	9.09115
2828	9.09031
2830	9.08875
2832	9.08861
2834	9.08945
2836	9.09117
2838	9.0911
2840	9.09042
2842	9.09037
2844	9.08961
2846	9.09006
2848	9.09099
2850	9.09002
2852	9.08907
2854	9.08978
2856	9.09129
2858	9.09182
2860	9.08991
2862	9.09002
2864	9.0895
2866	9.08942
2868	9.0895
2870	9.09108
2872	9.09106
2874	9.09061
2876	9.0894
2878	9.0883
2880	9.08687
2882	9.08689
2884	9.08852
2886	9.08745
2888	9.08543
2890	9.08466
2892	9.08552
2894	9.08733
2896	9.089
2898	9.08858
2900	9.08799
2902	9.08744
2904	9.08705
2906	9.08768
2908	9.08991
2910	9.09072
2912	9.08903
2914	9.08896
2916	9.08967
2918	9.08871
2920	9.08561
2922	9.08504
2924	9.08592
2926	9.08647
2928	9.08755
2930	9.08802
2932	9.08786
2934	9.0879
2936	9.0879
2938	9.08631
2940	9.08602
2942	9.08627
2944	9.08522
2946	9.08469
2948	9.08462
2950	9.08525
2952	9.08574
2954	9.08723
2956	9.08877
2958	9.08878
2960	9.08794
2962	9.087
2964	9.0858
2966	9.08677
2968	9.08794
2970	9.08546
2972	9.08592
2974	9.08664
2976	9.08622
2978	9.08525
2980	9.08599
2982	9.0856
2984	9.08463
2986	9.0851
2988	9.08554
2990	9.08658
2992	9.08637
2994	9.08565
2996	9.08556
2998	9.08497
3000	9.08459
3002	9.08338
3004	9.08282
3006	9.08322
3008	9.0838
3010	9.08446
3012	9.08452
3014	9.0851
3016	9.08452
3018	9.08491
3020	9.08502
3022	9.08397
3024	9.08372
3026	9.08465
3028	9.08522
3030	9.08483
3032	9.08475
3034	9.08494
3036	9.08558
3038	9.08492
3040	9.08381
3042	9.08404
3044	9.08401
3046	9.08531
3048	9.0865
3050	9.0856
3052	9.08476
3054	9.08517
3056	9.08504
3058	9.085
3060	9.08508
3062	9.08371
3064	9.08252
3066	9.08228
3068	9.08188
3070	9.08278
3072	9.08128
3074	9.08062
3076	9.07928
3078	9.07845
3080	9.07981
3082	9.08264
3084	9.08387
3086	9.08351
3088	9.0826
3090	9.08373
3092	9.08397
3094	9.08313
3096	9.08321
3098	9.0838
3100	9.08333
3102	9.08264
3104	9.08126
3106	9.08095
3108	9.08109
3110	9.08091
3112	9.08046
3114	9.08109
3116	9.08118
3118	9.08194
3120	9.08293
3122	9.08355
3124	9.08181
3126	9.10231
3128	9.22746
3130	9.45463
3132	9.72561
3134	10.00151
3136	10.26698
3138	10.51295
3140	10.73561
3142	10.93289
3144	11.10501
3146	11.25605
3148	11.38614
3150	11.49936
3152	11.59815
3154	11.66565
3156	11.61779
3158	11.45681
3160	11.24373
3162	11.01892
3164	10.79833
3166	10.59256
3168	10.40728
3170	10.24096
3172	10.09384
3174	9.963
3176	9.85124
3178	9.75309
3180	9.66828
3182	9.59697
3184	9.53476
3186	9.48083
3188	9.43295
3190	9.39206
3192	9.35768
3194	9.33039
3196	9.30537
3198	9.28411
3200	9.26453
3202	9.25006
3204	9.23607
3206	9.2221
3208	9.21168
3210	9.2004
3212	9.19115
3214	9.18406
3216	9.17454
3218	9.16624
3220	9.15926
3222	9.15299
3224	9.14702
3226	9.14257
3228	9.13628
3230	9.13232
3232	9.1283
3234	9.12477
3236	9.12198
3238	9.11746
3240	9.11392
3242	9.11179
3244	9.10983
3246	9.1079
3248	9.10676
3250	9.10487
3252	9.10183
3254	9.10035
3256	9.09877
3258	9.09755
3260	9.09595
3262	9.09372
3264	9.09163
3266	9.09173
3268	9.09145
3270	9.08973
3272	9.08878
3274	9.0882
3276	9.0862
3278	9.08524
3280	9.08423
3282	9.08234
3284	9.08287
3286	9.08184
3288	9.08156
3290	9.08157
3292	9.08069
3294	9.08029
3296	9.08082
3298	9.08098
3300	9.07981
3302	9.08031
3304	9.08048
3306	9.08036
3308	9.07938
3310	9.07811
3312	9.07728
3314	9.07754
3316	9.07758
3318	9.0771
3320	9.07751
3322	9.07757
3324	9.07679
3326	9.07609
3328	9.07494
3330	9.07549
3332	9.0756
3334	9.07493
3336	9.07537
3338	9.07635
3340	9.07482
3342	9.07213
3344	9.07272
3346	9.07241
3348	9.07286
3350	9.07244
3352	9.07061
3354	9.07118
3356	9.07176
3358	9.07089
3360	9.07143
3362	9.07103
3364	9.07256
3366	9.07292
3368	9.07219
3370	9.07204
3372	9.07199
3374	9.07261
3376	9.07289
3378	9.07267
3380	9.0728
3382	9.0734
3384	9.0733
3386	9.07311
3388	9.07343
3390	9.07164
3392	9.07084
3394	9.07162
3396	9.07062
3398	9.07065
3400	9.07121
3402	9.07037
3404	9.06963
3406	9.07005
3408	9.06944
3410	9.06724
3412	9.06717
3414	9.06772
3416	9.06666
3418	9.06558
3420	9.06698
3422	9.06745
3424	9.068
3426	9.06925
3428	9.06854
3430	9.06953
3432	9.06886
3434	9.0676
3436	9.06699
3438	9.06816
3440	9.07034
3442	9.07046
3444	9.06802
3446	9.06711
3448	9.06806
3450	9.06698
3452	9.06581
3454	9.06519
3456	9.0658
3458	9.06683
3460	9.06801
3462	9.06838
3464	9.06875
3466	9.06925
3468	9.06816
3470	9.06779
3472	9.06751
3474	9.06796
3476	9.06916
3478	9.06925
3480	9.06938
3482	9.06871
3484	9.06842
3486	9.06648
3488	9.0651
3490	9.06502
3492	9.06466
3494	9.06556
3496	9.0655
3498	9.06729
3500	9.06741
3502	9.06732
3504	9.0663
3506	9.06499
3508	9.06601
3510	9.0668
3512	9.06607
3514	9.06626
3516	9.06657
3518	9.06619
3520	9.06595
3522	9.06478
3524	9.06303
3526	9.06433
3528	9.06499
3530	9.06613
3532	9.06601
3534	9.0652
3536	9.06481
3538	9.06498
3540	9.06665
3542	9.06761
3544	9.06649
3546	9.0669
3548	9.06704
3550	9.06543
3552	9.06474
3554	9.06451
3556	9.06476
3558	9.06618
3560	9.06622
3562	9.06547
3564	9.06322
3566	9.06462
3568	9.0657
3570	9.06579
3572	9.06472
3574	9.06434
3576	9.06469
3578	9.06409
3580	9.06349
3582	9.0631
3584	9.06191
3586	9.06216
3588	9.06195
3590	9.06141
3592	9.06151
3594	9.06137
3596	9.06315
3598	9.06322
3600	9.06306
3602	9.06262
3604	9.06241
3606	9.06334
3608	9.06374
3610	9.06331
3612	9.06241
3614	9.0612
3616	9.06176
3618	9.06259
3620	9.0615
3622	9.06023
3624	9.05931
3626	9.06085
3628	9.0609
3630	9.06065
3632	9.0615
3634	9.06167
3636	9.0614
3638	9.06133
3640	9.0615
3642	9.06115
3644	9.06176
3646	9.06134
3648	9.06266
3650	9.06336
3652	9.06293
3654	9.06438
3656	9.06413
3658	9.06384
3660	9.06476
3662	9.06496
3664	9.06507
3666	9.06572
3668	9.06489
3670	9.06276
3672	9.06206
3674	9.0632
3676	9.06367
3678	9.06118
3680	9.06183
3682	9.06216
3684	9.0623
3686	9.0622
3688	9.06079
3690	9.06125
3692	9.06207
3694	9.06153
3696	9.06206
3698	9.06081
3700	9.05912
3702	9.05879
3704	9.05949
3706	9.05986
3708	9.05907
3710	9.06033
3712	9.0614
3714	9.05986
3716	9.05929
3718	9.05839
3720	9.05912
3722	9.06105
3724	9.06053
3726	9.07548
3728	9.19192
3730	9.41398
3732	9.68253
3734	9.96104
3736	10.22559
3738	10.4705
3740	10.69459
3742	10.89209
3744	11.06666
3746	11.22003
3748	11.35128
3750	11.46668
3752	11.5653
3754	11.63583
3756	11.60079
3758	11.44921
3760	11.23738
3762	11.00955
3764	10.78614
3766	10.57996
3768	10.39161
3770	10.22066
3772	10.07168
3774	9.94232
3776	9.83019
3778	9.73004
3780	9.64449
3782	9.57265
3784	9.5101
3786	9.45619
3788	9.41034
3790	9.3714
3792	9.33878
3794	9.31
3796	9.28531
3798	9.26369
3800	9.24447
3802	9.22905
3804	9.21373
3806	9.19989
3808	9.18761
3810	9.17733
3812	9.16847
3814	9.15969
3816	9.151
3818	9.14458
3820	9.13785
3822	9.13174
3824	9.12655
3826	9.12029
3828	9.11578
3830	9.11121
3832	9.10617
3834	9.10205
3836	9.09783
3838	9.09697
3840	9.09561
3842	9.09179
3844	9.08781
3846	9.08584
3848	9.08397
3850	9.08258
3852	9.0807
3854	9.07812
3856	9.07599
3858	9.07372
3860	9.07238
3862	9.0708
3864	9.06991
3866	9.06816
3868	9.06667
3870	9.06575
3872	9.06529
3874	9.0647
3876	9.0627
3878	9.06224
3880	9.0618
3882	9.06137
3884	9.06084
3886	9.06
3888	9.05952
3890	9.05915
3892	9.05761
3894	9.05771
3896	9.05762
3898	9.05526
3900	9.05599
3902	9.05668
3904	9.05668
3906	9.05876
3908	9.05776
3910	9.05714
3912	9.05559
3914	9.0554
3916	9.05564
3918	9.05524
3920	9.05396
3922	9.05342
3924	9.05122
3926	9.05125
3928	9.05243
3930	9.05282
3932	9.05431
3934	9.05286
3936	9.05033
3938	9.0493
3940	9.04979
3942	9.04998
3944	9.04954
3946	9.04971
3948	9.04852
3950	9.04718
3952	9.04682
3954	9.04794
3956	9.04765
3958	9.04716
3960	9.04609
3962	9.04681
3964	9.04781
3966	9.04676
3968	9.04691
3970	9.04844
3972	9.04852
3974	9.04919
3976	9.0496
3978	9.04805
3980	9.04766
3982	9.04691
3984	9.04594
3986	9.04736
3988	9.04726
3990	9.04671
3992	9.04663
3994	9.04713
3996	9.04784
3998	9.0468
4000	9.04636
4002	9.04607
4004	9.0483
4006	9.04758
4008	9.04653
4010	9.04673
4012	9.04646
4014	9.04624
4016	9.04699
4018	9.04814
4020	9.04716
4022	9.04561
4024	9.04505
4026	9.04458
4028	9.0439
4030	9.04434
4032	9.04289
4034	9.0443
4036	9.0441
4038	9.04497
4040	9.04438
4042	9.04437
4044	9.04451
4046	9.04363
4048	9.04377
4050	9.04491
4052	9.04433
4054	9.04415
4056	9.04447
4058	9.04458
4060	9.04395
4062	9.0434
4064	9.04308
4066	9.04355
4068	9.04402
4070	9.0447
4072	9.04518
4074	9.04451
4076	9.04438
4078	9.04269
4080	9.04238
4082	9.04212
4084	9.04412
4086	9.0445
4088	9.04519
4090	9.04445
4092	9.04421
4094	9.04343
4096	9.04323
4098	9.0411
4100	9.04123
4102	9.04109
4104	9.04017
4106	9.04106
4108	9.04221
4110	9.04186
4112	9.04264
4114	9.04267
4116	9.04277
4118	9.0428
4120	9.04362
4122	9.04246
4124	9.04239
4126	9.04295
4128	9.04268
4130	9.04304
4132	9.04284
4134	9.04191
4136	9.04197
4138	9.04294
4140	9.04292
4142	9.04163
4144	9.04091
4146	9.04104
4148	9.04087
4150	9.04098
4152	9.04001
4154	9.03855
4156	9.03888
4158	9.03971
4160	9.0401
4162	9.04023
4164	9.03991
4166	9.04
4168	9.04157
4170	9.04257
4172	9.04225
4174	9.04283
4176	9.04315
4178	9.04174
4180	9.04083
4182	9.04021
4184	9.03992
4186	9.03839
4188	9.03864
4190	9.03966
4192	9.04011
4194	9.03993
4196	9.0391
4198	9.03895
4200	9.03872
4202	9.03782
4204	9.03809
4206	9.03956
4208	9.04015
4210	9.03968
4212	9.03987
4214	9.03989
4216	9.03932
4218	9.03798
4220	9.03853
4222	9.03781
4224	9.0376
4226	9.03782
4228	9.03716
4230	9.03683
4232	9.03842
4234	9.03829
4236	9.03831
4238	9.03715
4240	9.03731
4242	9.03804
4244	9.03815
4246	9.03811
4248	9.03695
4250	9.038
4252	9.03873
4254	9.03751
4256	9.03607
4258	9.03623
4260	9.03699
4262	9.03808
4264	9.03703
4266	9.03488
4268	9.03639
4270	9.038
4272	9.03716
4274	9.03866
4276	9.03832
4278	9.03839
4280	9.03972
4282	9.04096
4284	9.04063
4286	9.03989
4288	9.03722
4290	9.03613
4292	9.03674
4294	9.03638
4296	9.03639
4298	9.03772
4300	9.03756
4302	9.03712
4304	9.03648
4306	9.03628
4308	9.03833
4310	9.03776
4312	9.03674
4314	9.03636
4316	9.03572
4318	9.03725
4320	9.03788
4322	9.03839
4324	9.03842
4326	9.04822
4328	9.14644
4330	9.35545
4332	9.61781
4334	9.89285
4336	10.15889
4338	10.40529
4340	10.62761
4342	10.82828
4344	11.00167
4346	11.1534
4348	11.28713
4350	11.40215
4352	11.49876
4354	11.57713
4356	11.56121
4358	11.41996
4360	11.21727
4362	10.99412
4364	10.77368
4366	10.56697
4368	10.3775
4370	10.20831
4372	10.06051
4374	9.92955
4376	9.81495
4378	9.71454
4380	9.62932
4382	9.55622
4384	9.49275
4386	9.43799
4388	9.39071
4390	9.35139
4392	9.31784
4394	9.28832
4396	9.26333
4398	9.24068
4400	9.22071
4402	9.20331
4404	9.1877
4406	9.1741
4408	9.1619
4410	9.15027
4412	9.14068
4414	9.13392
4416	9.12625
4418	9.11829
4420	9.11123
4422	9.10459
4424	9.10014
4426	9.09566
4428	9.091
4430	9.08622
4432	9.08233
4434	9.07971
4436	9.07628
4438	9.07337
4440	9.06948
4442	9.06574
4444	9.06246
4446	9.06038
4448	9.05773
4450	9.05524
4452	9.05377
4454	9.05238
4456	9.05038
4458	9.04947
4460	9.0479
4462	9.04613
4464	9.04442
4466	9.04301
4468	9.04215
4470	9.03974
4472	9.03889
4474	9.03753
4476	9.03701
4478	9.03693
4480	9.03726
4482	9.03573
4484	9.03501
4486	9.03459
4488	9.03444
4490	9.03405
4492	9.03419
4494	9.03404
4496	9.03308
4498	9.03299
4500	9.03249
4502	9.03229
4504	9.03179
4506	9.03144
4508	9.03098
4510	9.03076
4512	9.03092
4514	9.03009
4516	9.02891
4518	9.02734
4520	9.0274
4522	9.02993
4524	9.03042
4526	9.02992
4528	9.02936
4530	9.02908
4532	9.02723
4534	9.02626
4536	9.02586
4538	9.02705
4540	9.02829
4542	9.02722
4544	9.02641
4546	9.02744
4548	9.02957
4550	9.02807
4552	9.02741
4554	9.02667
4556	9.02808
4558	9.02823
4560	9.02729
4562	9.02537
4564	9.02523
4566	9.02638
4568	9.02566
4570	9.02529
4572	9.02442
4574	9.02313
4576	9.02197
4578	9.02118
4580	9.02199
4582	9.02162
4584	9.02137
4586	9.02222
4588	9.02224
4590	9.02133
4592	9.02208
4594	9.02177
4596	9.02233
4598	9.02246
4600	9.02228
4602	9.02169
4604	9.02145
4606	9.02161
4608	9.02235
4610	9.02161
4612	9.02092
4614	9.02275
4616	9.02239
4618	9.02213
4620	9.02155
4622	9.02217
4624	9.02197
4626	9.02061
4628	9.02173
4630	9.02203
4632	9.02037
4634	9.02074
4636	9.02272
4638	9.02275
4640	9.02295
4642	9.02297
4644	9.02205
4646	9.02252
4648	9.02142
4650	9.02199
4652	9.02363
4654	9.02161
4656	9.02059
4658	9.01966
4660	9.02023
4662	9.01974
4664	9.01882
4666	9.01736
4668	9.01769
4670	9.01857
4672	9.0184
4674	9.01926
4676	9.01924
4678	9.02001
4680	9.01857
4682	9.01672
4684	9.01679
4686	9.01842
4688	9.01802
4690	9.01863
4692	9.01961
4694	9.02087
4696	9.021
4698	9.02018
4700	9.01924
4702	9.01906
4704	9.01776
4706	9.01759
4708	9.01831
4710	9.01732
4712	9.0178
4714	9.01973
4716	9.01968
4718	9.01906
4720	9.01843
4722	9.01876
4724	9.0186
4726	9.01734
4728	9.01666
4730	9.01666
4732	9.01826
4734	9.01647
4736	9.01679
4738	9.01658
4740	9.01523
4742	9.0152
4744	9.01629
4746	9.01682
4748	9.01602
4750	9.01617
4752	9.01525
4754	9.01529
4756	9.01545
4758	9.01545
4760	9.01569
4762	9.01568
4764	9.01508
4766	9.01418
4768	9.01368
4770	9.01513
4772	9.01559
4774	9.01502
4776	9.01615
4778	9.01414
4780	9.01391
4782	9.01426
4784	9.01262
4786	9.01239
4788	9.01287
4790	9.0125
4792	9.01328
4794	9.01561
4796	9.01522
4798	9.01501
4800	9.01325
4802	9.01334
4804	9.01325
4806	9.01394
4808	9.01444
4810	9.01539
4812	9.01533
4814	9.01451
4816	9.01389
4818	9.01406
4820	9.0153
4822	9.01587
4824	9.0145
4826	9.01286
4828	9.01327
4830	9.01567
4832	9.01547
4834	9.01441
4836	9.01364
4838	9.01351
4840	9.01382
4842	9.01315
4844	9.01335
4846	9.01452
4848	9.01445
4850	9.01366
4852	9.01286
4854	9.01262
4856	9.01124
4858	9.01003
4860	9.00976
4862	9.01098
4864	9.01179
4866	9.01301
4868	9.01094
4870	9.01053
4872	9.01265
4874	9.01281
4876	9.01256
4878	9.01322
4880	9.01304
4882	9.01462
4884	9.0149
4886	9.01563
4888	9.01559
4890	9.01562
4892	9.01304
4894	9.01138
4896	9.01276
4898	9.01366
4900	9.01361
4902	9.01134
4904	9.0108
4906	9.01192
4908	9.0116
4910	9.0122
4912	9.01222
4914	9.01345
4916	9.01313
4918	9.01205
4920	9.01184
4922	9.01052
4924	9.01139
4926	9.01914
4928	9.1072
4930	9.30989
4932	9.56798
4934	9.8405
4936	10.10406
4938	10.34844
4940	10.57056
4942	10.76679
4944	10.9404
4946	11.0922
4948	11.22229
4950	11.33509
4952	11.43192
4954	11.51026
4956	11.5049
4958	11.37606
4960	11.18059
4962	10.96132
4964	10.74277
4966	10.53865
4968	10.35327
4970	10.18433
4972	10.03432
4974	9.90289
4976	9.78869
4978	9.68952
4980	9.60518
4982	9.53132
4984	9.46783
4986	9.41372
4988	9.36587
4990	9.32597
4992	9.29221
4994	9.26345
4996	9.23886
4998	9.21656
5000	9.19649
5002	9.17852
5004	9.16411
5006	9.15102
5008	9.13892
5010	9.12764
5012	9.11691
5014	9.10781
5016	9.0988
5018	9.09142
5020	9.08489
5022	9.07973
5024	9.07425
5026	9.06897
5028	9.06392
5030	9.05969
5032	9.05579
5034	9.05026
5036	9.04719
5038	9.04472
5040	9.04282
5042	9.04045
5044	9.03798
5046	9.03361
5048	9.03061
5050	9.02985
5052	9.02894
5054	9.02656
5056	9.0241
5058	9.02267
5060	9.02223
5062	9.0216
5064	9.02092
5066	9.01971
5068	9.01701
5070	9.01513
5072	9.01424
5074	9.01386
5076	9.013
5078	9.01144
5080	9.01016
5082	9.01005
5084	9.00927
5086	9.01031
5088	9.00868
5090	9.00849
5092	9.00902
5094	9.0087
5096	9.0079
5098	9.00845
5100	9.00856
5102	9.00878
5104	9.01009
5106	9.00924
5108	9.00767
5110	9.00689
5112	9.00588
5114	9.00627
5116	9.00547
5118	9.00555
5120	9.0045
5122	9.00475
5124	9.00456
5126	9.00338
5128	9.00224
5130	9.00022
5132	8.99962
5134	9.00091
5136	9.00172
5138	9.00133
5140	9.00045
5142	8.99728
5144	8.99834
5146	8.99828
5148	8.9993
5150	9.00061
5152	9.00033
5154	8.99966
5156	9.00004
5158	8.99991
5160	8.99949
5162	9.00039
5164	9.00041
5166	8.99994
5168	8.99834
5170	8.99837
5172	8.99841
5174	8.99779
5176	8.99712
5178	8.99705
5180	8.99772
5182	8.99864
5184	8.99807
5186	8.99623
5188	8.99581
5190	8.99638
5192	8.99732
5194	8.9958
5196	8.99531
5198	8.99558
5200	8.99645
5202	8.9962
5204	8.99595
5206	8.9956
5208	8.99574
5210	8.99559
5212	8.99581
5214	8.99464
5216	8.99478
5218	8.99561
5220	8.99569
5222	8.99376
5224	8.99465
5226	8.99591
5228	8.99594
5230	8.99601
5232	8.99576
5234	8.9963
5236	8.99606
5238	8.99632
5240	8.9968
5242	8.99696
5244	8.99684
5246	8.99663
5248	8.99437
5250	8.9928
5252	8.99293
5254	8.99306
5256	8.99345
5258	8.99358
5260	8.99459
5262	8.99406
5264	8.99281
5266	8.99195
5268	8.99159
5270	8.99188
5272	8.99202
5274	8.99322
5276	8.99421
5278	8.99428
5280	8.99333
5282	8.99264
5284	8.99354
5286	8.99527
5288	8.9942
5290	8.99378
5292	8.99471
5294	8.99355
5296	8.993
5298	8.99388
5300	8.99362
5302	8.99298
5304	8.99428
5306	8.99404
5308	8.99386
5310	8.99394
5312	8.99316
5314	8.99243
5316	8.99194
5318	8.99063
5320	8.99088
5322	8.99063
5324	8.98998
5326	8.99142
5328	8.99316
5330	8.99283
5332	8.9917
5334	8.99138
5336	8.99257
5338	8.99082
5340	8.99114
5342	8.99062
5344	8.99059
5346	8.99213
5348	8.99294
5350	8.99173
5352	8.99077
5354	8.99044
5356	8.99085
5358	8.99067
5360	8.99098
5362	8.99027
5364	8.98787
5366	8.98854
5368	8.98987
5370	8.99015
5372	8.98885
5374	8.98805
5376	8.98779
5378	8.9869
5380	8.98764
5382	8.98827
5384	8.98914
5386	8.98819
5388	8.9878
5390	8.98799
5392	8.98842
5394	8.98732
5396	8.98722
5398	8.98799
5400	8.98948
5402	8.98945
5404	8.98888
5406	8.98999
5408	8.99024
5410	8.98901
5412	8.9884
5414	8.98842
5416	8.98776
5418	8.98754
5420	8.98722
5422	8.98785
5424	8.9887
5426	8.98944
5428	8.98977
5430	8.98946
5432	8.98907
5434	8.99021
5436	8.99046
5438	8.99075
5440	8.99113
5442	8.99067
5444	8.98866
5446	8.9887
5448	8.98871
5450	8.98822
5452	8.98693
5454	8.98651
5456	8.98547
5458	8.98667
5460	8.98697
5462	8.98557
5464	8.98546
5466	8.98467
5468	8.98349
5470	8.98332
5472	8.98454
5474	8.98591
5476	8.98557
5478	8.98538
5480	8.98384
5482	8.98436
5484	8.98399
5486	8.98657
5488	8.98706
5490	8.98723
5492	8.98625
5494	8.98632
5496	8.98709
5498	8.98801
5500	8.98896
5502	8.98944
5504	8.98795
5506	8.98733
5508	8.98704
5510	8.98705
5512	8.9864
5514	8.98549
5516	8.98682
5518	8.98669
5520	8.98635
5522	8.98564
5524	8.98487
5526	8.98638
5528	9.0554
5530	9.24092
5532	9.4885
5534	9.75472
5536	10.01395
5538	10.25858
5540	10.48124
5542	10.67749
5544	10.8511
5546	11.00264
5548	11.13252
5550	11.2456
5552	11.34469
5554	11.42899
5556	11.44384
5558	11.32927
5560	11.14211
5562	10.92732
5564	10.7119
5566	10.50904
5568	10.32373
5570	10.15483
5572	10.00464
5574	9.87378
5576	9.76014
5578	9.65994
5580	9.5746
5582	9.50095
5584	9.43671
5586	9.38241
5588	9.33629
5590	9.29578
5592	9.26299
5594	9.23321
5596	9.20623
5598	9.1859
5600	9.16801
5602	9.15204
5604	9.13701
5606	9.12361
5608	9.11069
5610	9.09815
5612	9.08805
5614	9.08166
5616	9.07241
5618	9.06528
5620	9.05991
5622	9.05388
5624	9.0478
5626	9.04284
5628	9.03764
5630	9.03127
5632	9.02741
5634	9.02514
5636	9.02055
5638	9.01655
5640	9.01515
5642	9.01229
5644	9.00994
5646	9.00874
5648	9.00577
5650	9.0038
5652	9.00241
5654	8.99931
5656	8.99713
5658	8.99698
5660	8.99723
5662	8.99703
5664	8.99614
5666	8.99368
5668	8.9912
5670	8.98975
5672	8.98817
5674	8.98855
5676	8.98786
5678	8.98585
5680	8.98494
5682	8.9832
5684	8.9824
5686	8.98141
5688	8.9802
5690	8.98038
5692	8.9807
5694	8.97992
5696	8.97932
5698	8.97936
5700	8.98053
5702	8.97854
5704	8.9776
5706	8.97747
5708	8.97792
5710	8.97719
5712	8.97619
5714	8.97603
5716	8.97526
5718	8.97498
5720	8.97479
5722	8.97557
5724	8.97543
5726	8.97507
5728	8.97423
5730	8.97545
5732	8.97539
5734	8.97612
5736	8.97586
5738	8.97738
5740	8.97606
5742	8.9751
5744	8.97424
5746	8.97375
5748	8.97359
5750	8.97376
5752	8.97208
5754	8.97024
5756	8.9703
5758	8.97066
5760	8.9709
5762	8.9703
5764	8.96955
5766	8.9699
5768	8.97059
5770	8.96898
5772	8.96912
5774	8.97154
5776	8.972
5778	8.97152
5780	8.97073
5782	8.96986
5784	8.96917
5786	8.96956
5788	8.96955
5790	8.96817
5792	8.96773
5794	8.96914
5796	8.97066
5798	8.97115
5800	8.97002
5802	8.96992
5804	8.97066
5806	8.97162
5808	8.97016
5810	8.96965
5812	8.97014
5814	8.96954
5816	8.96959
5818	8.97032
5820	8.971
5822	8.97114
5824	8.96911
5826	8.96825
5828	8.96911
5830	8.96925
5832	8.9695
5834	8.96891
5836	8.96794
5838	8.96763
5840	8.9673
5842	8.96503
5844	8.96411
5846	8.96471
5848	8.96463
5850	8.96594
5852	8.9673
5854	8.96775
5856	8.96936
5858	8.97063
5860	8.96829
5862	8.96723
5864	8.96682
5866	8.96776
5868	8.96811
5870	8.96824
5872	8.96813
5874	8.96742
5876	8.96538
5878	8.96587
5880	8.96618
5882	8.96583
5884	8.96494
5886	8.9652
5888	8.96388
5890	8.96344
5892	8.96295
5894	8.96279
5896	8.96236
5898	8.96297
5900	8.96292
5902	8.96442
5904	8.9666
5906	8.96634
5908	8.96677
5910	8.96747
5912	8.96611
5914	8.96484
5916	8.9652
5918	8.96577
5920	8.9644
5922	8.96432
5924	8.96449
5926	8.96531
5928	8.9636
5930	8.96354
5932	8.96396
5934	8.9626
5936	8.96196
5938	8.96266
5940	8.96283
5942	8.96298
5944	8.96431
5946	8.96415
5948	8.96382
5950	8.96285
5952	8.96271
5954	8.96281
5956	8.96296
5958	8.96237
5960	8.96191
5962	8.96223
5964	8.96256
5966	8.96087
5968	8.96062
5970	8.96002
5972	8.9605
5974	8.96103
5976	8.96077
5978	8.9611
5980	8.9613
5982	8.95964
5984	8.9594
5986	8.95942
5988	8.95969
5990	8.96017
5992	8.95959
5994	8.95958
5996	8.96036
5998	8.95991
6000	8.95938
6002	8.95902
6004	8.9591
6006	8.95999
6008	8.96121
6010	8.9612
6012	8.96132
6014	8.96048
6016	8.96147
6018	8.96108
6020	8.95989
6022	8.9596
6024	8.9601
6026	8.96148
6028	8.96026
6030	8.95907
6032	8.95916
6034	8.95831
6036	8.95738
6038	8.95866
6040	8.95919
6042	8.95807
6044	8.95805
6046	8.95842
6048	8.95808
6050	8.95927
6052	8.95993
6054	8.95941
6056	8.95983
6058	8.95919
6060	8.95934
6062	8.95932
6064	8.95874
6066	8.9577
6068	8.95676
6070	8.95711
6072	8.95808
6074	8.95858
6076	8.95779
6078	8.95761
6080	8.95843
6082	8.95802
6084	8.95813
6086	8.9582
6088	8.95837
6090	8.95959
6092	8.95981
6094	8.96082
6096	8.96153
6098	8.96204
6100	8.96244
6102	8.96035
6104	8.95843
6106	8.95883
6108	8.95851
6110	8.95746
6112	8.9572
6114	8.95585
6116	8.95712
6118	8.95787
6120	8.95775
6122	8.95749
6124	8.95847
6126	8.9609
6128	9.0202
6130	9.19476
6132	9.43294
6134	9.69498
6136	9.95355
6138	10.19262
6140	10.40782
6142	10.60104
6144	10.77288
6146	10.92486
6148	11.05787
6150	11.17007
6152	11.264
6154	11.3445
6156	11.36506
6158	11.26175
6160	11.08266
6162	10.87469
6164	10.66345
6166	10.46476
6168	10.28121
6170	10.1161
6172	9.96896
6174	9.83848
6176	9.72706
6178	9.62963
6180	9.54468
6182	9.47097
6184	9.40774
6186	9.35357
6188	9.3087
6190	9.26859
6192	9.2323
6194	9.203
6196	9.17819
6198	9.15657
6200	9.13578
6202	9.12023
6204	9.10587
6206	9.09113
6208	9.07906
6210	9.06949
6212	9.06003
6214	9.05204
6216	9.04275
6218	9.03533
6220	9.02908
6222	9.02246
6224	9.01586
6226	9.01134
6228	9.00602
6230	9.00257
6232	9.00012
6234	8.99766
6236	8.99472
6238	8.9913
6240	8.98821
6242	8.9842
6244	8.9814
6246	8.97888
6248	8.97605
6250	8.9734
6252	8.97111
6254	8.96769
6256	8.96637
6258	8.96527
6260	8.96335
6262	8.96295
6264	8.96239
6266	8.96265
6268	8.96232
6270	8.96122
6272	8.95978
6274	8.95882
6276	8.95927
6278	8.95738
6280	8.95583
6282	8.95425
6284	8.95287
6286	8.95243
6288	8.95201
6290	8.9515
6292	8.95175
6294	8.95092
6296	8.94952
6298	8.94977
6300	8.95073
6302	8.94977
6304	8.94956
6306	8.94935
6308	8.94816
6310	8.94831
6312	8.94961
6314	8.94859
6316	8.94797
6318	8.94813
6320	8.94776
6322	8.94716
6324	8.94636
6326	8.94604
6328	8.94643
6330	8.94674
6332	8.94518
6334	8.94514
6336	8.94632
6338	8.94687
6340	8.94647
6342	8.94448
6344	8.94352
6346	8.94244
6348	8.94241
6350	8.94345
6352	8.94344
6354	8.94289
6356	8.94249
6358	8.942
6360	8.94068
6362	8.94062
6364	8.94092
6366	8.94242
6368	8.9417
6370	8.94156
6372	8.94151
6374	8.94077
6376	8.94096
6378	8.94191
6380	8.94119
6382	8.93982
6384	8.93958
6386	8.93906
6388	8.93969
6390	8.94013
6392	8.93999
6394	8.94044
6396	8.94126
6398	8.94141
6400	8.94142
6402	8.94107
6404	8.9403
6406	8.94018
6408	8.94103
6410	8.9406
6412	8.94051
6414	8.9399
6416	8.93839
6418	8.93988
6420	8.94068
6422	8.94022
6424	8.93836
6426	8.9384
6428	8.93765
6430	8.93671
6432	8.93637
6434	8.9369
6436	8.93828
6438	8.93866
6440	8.93663
6442	8.93592
6444	8.93696
6446	8.93682
6448	8.93557
6450	8.93657
6452	8.93809
6454	8.93896
6456	8.94017
6458	8.93921
6460	8.93826
6462	8.9383
6464	8.93841
6466	8.93781
6468	8.93815
6470	8.93865
6472	8.93762
6474	8.93814
6476	8.93882
6478	8.93837
6480	8.93849
6482	8.93716
6484	8.93603
6486	8.93627
6488	8.93567
6490	8.93542
6492	8.93493
6494	8.93411
6496	8.93347
6498	8.93519
6500	8.9363
6502	8.93579
6504	8.93547
6506	8.9354
6508	8.9359
6510	8.93613
6512	8.93393
6514	8.93429
6516	8.93516
6518	8.93512
6520	8.93479
6522	8.93493
6524	8.93442
6526	8.93376
6528	8.93365
6530	8.93328
6532	8.93466
6534	8.9352
6536	8.93469
6538	8.93484
6540	8.93401
6542	8.9338
6544	8.93372
6546	8.93569
6548	8.93536
6550	8.93524
6552	8.93497
6554	8.93232
6556	8.93134
6558	8.93112
6560	8.93058
6562	8.93085
6564	8.93117
6566	8.9309
6568	8.93079
6570	8.93259
6572	8.93265
6574	8.93328
6576	8.93386
6578	8.93337
6580	8.93342
6582	8.93191
6584	8.93126
6586	8.931
6588	8.9311
6590	8.93136
6592	8.93121
6594	8.9302
6596	8.93029
6598	8.93135
6600	8.93086
6602	8.931
6604	8.93112
6606	8.93015
6608	8.93028
6610	8.93103
6612	8.93133
6614	8.93191
6616	8.93174
6618	8.93065
6620	8.92976
6622	8.92813
6624	8.9272
6626	8.92793
6628	8.93004
6630	8.9295
6632	8.92956
6634	8.93154
6636	8.93216
6638	8.93198
6640	8.92978
6642	8.92832
6644	8.92823
6646	8.92898
6648	8.92992
6650	8.92923
6652	8.92824
6654	8.92777
6656	8.92793
6658	8.92794
6660	8.92864
6662	8.92943
6664	8.92968
6666	8.92956
6668	8.93002
6670	8.92919
6672	8.92979
6674	8.92983
6676	8.92839
6678	8.92815
6680	8.92808
6682	8.92902
6684	8.92926
6686	8.92982
6688	8.92869
6690	8.92902
6692	8.92852
6694	8.92881
6696	8.92875
6698	8.92722
6700	8.9269
6702	8.92601
6704	8.92626
6706	8.92752
6708	8.92846
6710	8.92859
6712	8.92875
6714	8.92742
6716	8.9266
6718	8.92592
6720	8.92642
6722	8.92673
6724	8.92575
6726	8.92801
6728	8.97401
6730	9.12949
6732	9.3583
6734	9.61287
6736	9.86791
6738	10.10624
6740	10.32316
6742	10.51635
6744	10.68848
6746	10.83888
6748	10.97044
6750	11.08143
6752	11.17692
6754	11.25907
6756	11.29313
6758	11.20522
6760	11.03539
6762	10.83341
6764	10.62652
6766	10.42695
6768	10.24516
6770	10.08073
6772	9.9349
6774	9.80714
6776	9.69357
6778	9.59563
6780	9.51202
6782	9.43932
6784	9.37572
6786	9.32072
6788	9.27484
6790	9.23514
6792	9.19995
6794	9.16966
6796	9.14432
6798	9.12236
6800	9.10232
6802	9.08519
6804	9.0717
6806	9.05754
6808	9.0471
6810	9.03771
6812	9.02695
6814	9.01821
6816	9.01215
6818	9.00522
6820	8.99916
6822	8.99291
6824	8.98721
6826	8.98145
6828	8.97561
6830	8.97089
6832	8.96671
6834	8.96279
6836	8.95888
6838	8.95534
6840	8.95379
6842	8.95147
6844	8.94901
6846	8.94658
6848	8.9444
6850	8.94178
6852	8.93938
6854	8.93695
6856	8.93523
6858	8.93483
6860	8.93512
6862	8.93551
6864	8.93511
6866	8.93359
6868	8.93274
6870	8.93036
6872	8.92787
6874	8.92755
6876	8.92731
6878	8.92607
6880	8.92409
6882	8.92358
6884	8.92286
6886	8.92116
6888	8.92205
6890	8.92184
6892	8.9214
6894	8.9204
6896	8.9196
6898	8.92044
6900	8.92102
6902	8.91973
6904	8.91958
6906	8.92027
6908	8.91967
6910	8.91924
6912	8.91809
6914	8.9165
6916	8.91544
6918	8.91429
6920	8.91332
6922	8.91285
6924	8.9134
6926	8.91404
6928	8.91344
6930	8.91304
6932	8.91321
6934	8.91408
6936	8.91318
6938	8.91318
6940	8.91325
6942	8.913
6944	8.91226
6946	8.9124
6948	8.91369
6950	8.91232
6952	8.91131
6954	8.91168
6956	8.91129
6958	8.91136
6960	8.91224
6962	8.91313
6964	8.91206
6966	8.91229
6968	8.91161
6970	8.91223
6972	8.91195
6974	8.91088
6976	8.91043
6978	8.91147
6980	8.91159
6982	8.91006
6984	8.91015
6986	8.90996
6988	8.90977
6990	8.90971
6992	8.91021
6994	8.91013
6996	8.909
6998	8.90815
7000	8.9073
7002	8.90669
7004	8.90757
7006	8.90699
7008	8.90716
7010	8.90725
7012	8.90651
7014	8.90577
7016	8.90636
7018	8.90791
7020	8.90873
7022	8.90908
7024	8.90704
7026	8.90593
7028	8.90817
7030	8.90849
7032	8.90978
7034	8.9098
7036	8.90959
7038	8.90797
7040	8.90828
7042	8.90838
7044	8.90848
7046	8.90779
7048	8.90644
7050	8.90731
7052	8.90779
7054	8.90703
7056	8.90864
7058	8.9098
7060	8.90778
7062	8.90609
7064	8.90425
7066	8.90436
7068	8.9051
7070	8.90474
7072	8.90484
7074	8.90473
7076	8.9043
7078	8.90423
7080	8.90403
7082	8.90344
7084	8.90547
7086	8.90613
7088	8.90482
7090	8.90499
7092	8.90524
7094	8.9049
7096	8.90425
7098	8.90416
7100	8.90283
7102	8.90208
7104	8.90268
7106	8.90286
7108	8.90295
7110	8.90227
7112	8.90236
7114	8.90231
7116	8.90313
7118	8.90313
7120	8.90294
7122	8.9031
7124	8.90302
7126	8.90238
7128	8.90229
7130	8.90115
7132	8.90073
7134	8.90164
7136	8.90115
7138	8.90008
7140	8.902
7142	8.90221
7144	8.90146
7146	8.89988
7148	8.89933
7150	8.89955
7152	8.9003
7154	8.89975
7156	8.9006
7158	8.90121
7160	8.90064
7162	8.90107
7164	8.9007
7166	8.90233
7168	8.90249
7170	8.90181
7172	8.90121
7174	8.90085
7176	8.90102
7178	8.90019
7180	8.90044
7182	8.9008
7184	8.90172
7186	8.90085
7188	8.89927
7190	8.8975
7192	8.89763
7194	8.8977
7196	8.89878
7198	8.89918
7200	8.89963
7202	8.89936
7204	8.89762
7206	8.89723
7208	8.89805
7210	8.89912
7212	8.899
7214	8.89887
7216	8.89917
7218	8.89927
7220	8.89983
7222	8.89945
7224	8.89874
7226	8.89857
7228	8.89876
7230	8.89796
7232	8.89897
7234	8.89924
7236	8.89896
7238	8.90066
7240	8.89996
7242	8.89977
7244	8.90117
7246	8.89976
7248	8.89765
7250	8.89814
7252	8.89863
7254	8.89869
7256	8.89827
7258	8.89711
7260	8.89533
7262	8.89601
7264	8.89663
7266	8.89668
7268	8.89707
7270	8.89572
7272	8.89487
7274	8.89493
7276	8.89484
7278	8.89482
7280	8.89409
7282	8.89512
7284	8.89626
7286	8.89544
7288	8.89494
7290	8.89458
7292	8.893
7294	8.89316
7296	8.89349
7298	8.89359
7300	8.89476
7302	8.89621
7304	8.89542
7306	8.89397
7308	8.89302
7310	8.89414
7312	8.89546
7314	8.89462
7316	8.89342
7318	8.89414
7320	8.89387
7322	8.89344
7324	8.89408
7326	8.89399
7328	8.93354
7330	9.08155
7332	9.30346
7334	9.5533
7336	9.80425
7338	10.03975
7340	10.25135
7342	10.44092
7344	10.60825
7346	10.75594
7348	10.8854
7350	10.99627
7352	11.09072
7354	11.17129
7356	11.21426
7358	11.14345
7360	10.98322
7362	10.78406
7364	10.57868
7366	10.38338
7368	10.20238
7370	10.03894
7372	9.89217
7374	9.76467
7376	9.65387
7378	9.55634
7380	9.47042
7382	9.398
7384	9.33621
7386	9.28352
7388	9.23763
7390	9.19855
7392	9.16547
7394	9.13741
7396	9.11138
7398	9.08774
7400	9.06906
7402	9.05279
7404	9.03791
7406	9.02642
7408	9.01603
7410	9.00558
7412	8.99543
7414	8.98659
7416	8.9776
7418	8.97074
7420	8.96321
7422	8.95571
7424	8.95022
7426	8.94614
7428	8.9425
7430	8.93798
7432	8.93488
7434	8.93162
7436	8.92835
7438	8.92458
7440	8.92115
7442	8.91794
7444	8.91541
7446	8.9131
7448	8.91105
7450	8.91
7452	8.90743
7454	8.90561
7456	8.90335
7458	8.90147
7460	8.90057
7462	8.89915
7464	8.89831
7466	8.89761
7468	8.89512
7470	8.8942
7472	8.89268
7474	8.89211
7476	8.89232
7478	8.89208
7480	8.89222
7482	8.89096
7484	8.88909
7486	8.88758
7488	8.88622
7490	8.88621
7492	8.88631
7494	8.88653
7496	8.8868
7498	8.88649
7500	8.88676
7502	8.88794
7504	8.88796
7506	8.88708
7508	8.88412
7510	8.88471
7512	8.88422
7514	8.88426
7516	8.88511
7518	8.88413
7520	8.88388
7522	8.88268
7524	8.88082
7526	8.88075
7528	8.87999
7530	8.87978
7532	8.87909
7534	8.87919
7536	8.88041
7538	8.87961
7540	8.87861
7542	8.87821
7544	8.87885
7546	8.88001
7548	8.87979
7550	8.87873
7552	8.87949
7554	8.87987
7556	8.87938
7558	8.87811
7560	8.8776
7562	8.87726
7564	8.87477
7566	8.87434
7568	8.8753
7570	8.87509
7572	8.87466
7574	8.8752
7576	8.87589
7578	8.87521
7580	8.87584
7582	8.87528
7584	8.87564
7586	8.87651
7588	8.87742
7590	8.87626
7592	8.876
7594	8.87597
7596	8.87614
7598	8.87635
7600	8.87449
7602	8.87368
7604	8.87236
7606	8.87305
7608	8.87307
7610	8.87324
7612	8.87462
7614	8.87447
7616	8.87468
7618	8.87453
7620	8.87338
7622	8.87369
7624	8.87433
7626	8.87453
7628	8.87501
7630	8.87413
7632	8.87263
7634	8.87197
7636	8.87285
7638	8.8733
7640	8.87312
7642	8.8735
7644	8.87201
7646	8.87202
7648	8.87346
7650	8.87236
7652	8.87224
7654	8.87345
7656	8.87301
7658	8.87216
7660	8.87185
7662	8.87038
7664	8.87048
7666	8.87158
7668	8.87158
7670	8.86969
7672	8.86881
7674	8.87032
7676	8.87109
7678	8.87157
7680	8.87002
7682	8.8687
7684	8.86837
7686	8.86881
7688	8.86975
7690	8.87128
7692	8.87155
7694	8.86972
7696	8.8691
7698	8.87034
7700	8.87059
7702	8.87068
7704	8.86976
7706	8.86963
7708	8.86934
7710	8.86927
7712	8.8691
7714	8.86885
7716	8.86867
7718	8.86781
7720	8.86724
7722	8.86674
7724	8.86624
7726	8.86783
7728	8.86718
7730	8.86572
7732	8.86551
7734	8.86693
7736	8.86735
7738	8.86591
7740	8.86713
7742	8.86776
7744	8.86734
7746	8.86769
7748	8.86828
7750	8.86863
7752	8.86855
7754	8.86764
7756	8.86729
7758	8.86809
7760	8.86932
7762	8.86985
7764	8.86814
7766	8.86736
7768	8.86645
7770	8.86661
7772	8.8668
7774	8.86609
7776	8.86723
7778	8.8672
7780	8.86705
7782	8.86667
7784	8.86603
7786	8.86467
7788	8.86487
7790	8.86524
7792	8.8657
7794	8.86397
7796	8.86225
7798	8.86284
7800	8.8627
7802	8.86306
7804	8.86345
7806	8.86371
7808	8.86485
7810	8.86445
7812	8.86355
7814	8.86382
7816	8.86483
7818	8.86448
7820	8.86462
7822	8.86427
7824	8.864
7826	8.86282
7828	8.8632
7830	8.86323
7832	8.86327
7834	8.86255
7836	8.86377
7838	8.86336
7840	8.86243
7842	8.86349
7844	8.86362
7846	8.86314
7848	8.8641
7850	8.86349
7852	8.86282
7854	8.86343
7856	8.86308
7858	8.86321
7860	8.86267
7862	8.8613
7864	8.86139
7866	8.86149
7868	8.86155
7870	8.86151
7872	8.86105
7874	8.86143
7876	8.86198
7878	8.86198
7880	8.86247
7882	8.86163
7884	8.86083
7886	8.8615
7888	8.86178
7890	8.86151
7892	8.86131
7894	8.86188
7896	8.86217
7898	8.8615
7900	8.86066
7902	8.86017
7904	8.8601
7906	8.86015
7908	8.86009
7910	8.86092
7912	8.86138
7914	8.86026
7916	8.85964
7918	8.85814
7920	8.85893
7922	8.85943
7924	8.86027
7926	8.85949
7928	8.88274
7930	9.00762
7932	9.21671
7934	9.4587
7936	9.70596
7938	9.93846
7940	10.15298
7942	10.3445
7944	10.51314
7946	10.65992
7948	10.78916
7950	10.90091
7952	10.998
7954	11.08178
7956	11.13252
7958	11.0761
7960	10.92766
7962	10.73995
7964	10.54209
7966	10.34925
7968	10.16878
7970	10.00737
7972	9.86319
7974	9.73557
7976	9.62449
7978	9.5267
7980	9.44083
7982	9.36779
7984	9.30489
7986	9.25124
7988	9.20556
7990	9.16653
7992	9.13194
7994	9.10197
7996	9.07702
7998	9.05412
8000	9.03452
8002	9.01906
8004	9.00436
8006	8.99101
8008	8.98024
8010	8.97001
8012	8.9603
8014	8.95161
8016	8.94355
8018	8.93623
8020	8.92967
8022	8.92324
8024	8.9189
8026	8.91386
8028	8.90929
8030	8.9055
8032	8.90126
8034	8.89852
8036	8.89462
8038	8.89009
8040	8.8859
8042	8.88327
8044	8.88037
8046	8.87785
8048	8.87623
8050	8.8746
8052	8.87316
8054	8.87255
8056	8.87003
8058	8.86896
8060	8.8696
8062	8.86882
8064	8.86545
8066	8.86342
8068	8.8621
8070	8.86145
8072	8.85854
8074	8.85629
8076	8.85642
8078	8.85656
8080	8.85587
8082	8.8541
8084	8.8522
8086	8.85127
8088	8.85186
8090	8.85199
8092	8.85255
8094	8.85281
8096	8.85238
8098	8.85009
8100	8.84929
8102	8.84928
8104	8.85026
8106	8.85088
8108	8.84987
8110	8.84758
8112	8.84769
8114	8.84781
8116	8.84588
8118	8.84718
8120	8.84728
8122	8.84603
8124	8.84497
8126	8.84446
8128	8.84442
8130	8.8434
8132	8.84292
8134	8.84482
8136	8.84556
8138	8.84534
8140	8.84554
8142	8.84443
8144	8.84534
8146	8.8457
8148	8.84508
8150	8.84562
8152	8.84633
8154	8.84692
8156	8.8471
8158	8.84489
8160	8.84384
8162	8.84336
8164	8.84433
8166	8.84348
8168	8.84167
8170	8.8423
8172	8.84256
8174	8.84191
8176	8.84136
8178	8.84112
8180	8.84016
8182	8.83941
8184	8.8406
8186	8.84109
8188	8.84155
8190	8.84194
8192	8.84209
8194	8.84231
8196	8.84215
8198	8.84268
8200	8.84309
8202	8.84347
8204	8.84271
8206	8.8419
8208	8.84149
8210	8.84128
8212	8.84022
8214	8.84043
8216	8.84085
8218	8.83953
8220	8.83946
8222	8.83906
8224	8.83978
8226	8.83955
8228	8.84031
8230	8.83932
8232	8.83859
8234	8.83918
8236	8.84055
8238	8.83918
8240	8.83773
8242	8.83843
8244	8.83787
8246	8.83716
8248	8.83822
8250	8.83788
8252	8.83775
8254	8.83853
8256	8.83762
8258	8.83678
8260	8.8376
8262	8.83768
8264	8.83718
8266	8.83704
8268	8.83831
8270	8.83899
8272	8.8397
8274	8.83957
8276	8.83947
8278	8.83894
8280	8.83858
8282	8.83881
8284	8.83802
8286	8.83689
8288	8.83701
8290	8.83659
8292	8.83528
8294	8.8346
8296	8.83384
8298	8.83451
8300	8.83432
8302	8.83313
8304	8.83246
8306	8.83333
8308	8.83503
8310	8.83602
8312	8.83533
8314	8.83615
8316	8.83643
8318	8.83534
8320	8.83438
8322	8.83389
8324	8.83359
8326	8.83404
8328	8.83358
8330	8.83297
8332	8.83359
8334	8.8339
8336	8.83307
8338	8.8322
8340	8.8317
8342	8.8325
8344	8.83272
8346	8.83412
8348	8.83426
8350	8.83371
8352	8.83417
8354	8.83453
8356	8.83572
8358	8.83457
8360	8.83335
8362	8.83352
8364	8.83268
8366	8.83274
8368	8.83373
8370	8.83283
8372	8.83227
8374	8.83179
8376	8.83186
8378	8.8323
8380	8.83217
8382	8.83362
8384	8.83269
8386	8.83041
8388	8.83071
8390	8.83243
8392	8.83272
8394	8.8323
8396	8.83004
8398	8.82963
8400	8.83035
8402	8.83059
8404	8.83065
8406	8.83138
8408	8.83115
8410	8.83072
8412	8.83026
8414	8.8303
8416	8.83235
8418	8.83303
8420	8.83213
8422	8.83141
8424	8.83073
8426	8.83057
8428	8.82926
8430	8.8273
8432	8.82719
8434	8.82932
8436	8.83077
8438	8.83016
8440	8.83074
8442	8.8321
8444	8.83071
8446	8.8294
8448	8.82941
8450	8.82871
8452	8.82962
8454	8.82681
8456	8.82503
8458	8.82638
8460	8.82752
8462	8.82802
8464	8.82764
8466	8.82869
8468	8.82763
8470	8.82732
8472	8.82782
8474	8.82755
8476	8.8286
8478	8.82916
8480	8.82878
8482	8.82838
8484	8.82732
8486	8.82656
8488	8.82673
8490	8.82763
8492	8.82736
8494	8.82663
8496	8.8269
8498	8.82668
8500	8.82655
8502	8.82626
8504	8.82593
8506	8.82598
8508	8.82588
8510	8.82642
8512	8.82782
8514	8.82642
8516	8.82506
8518	8.82617
8520	8.82807
8522	8.8294
8524	8.82862
8526	8.82663
8528	8.84324
8530	8.95623
8532	9.15387
8534	9.38846
8536	9.62879
8538	9.85809
8540	10.06846
8542	10.26105
8544	10.43107
8546	10.57903
8548	10.70655
8550	10.8154
8552	10.91166
8554	10.99565
8556	11.05294
8558	11.01187
8560	10.87278
8562	10.69113
8564	10.49711
8566	10.30815
8568	10.13058
8570	9.96982
8572	9.82717
8574	9.69912
8576	9.58639
8578	9.48825
8580	9.40344
8582	9.33136
8584	9.26836
8586	9.21348
8588	9.1669
8590	9.1281
8592	9.09424
8594	9.06333
8596	9.03767
8598	9.0166
8600	8.99792
8602	8.98149
8604	8.96721
8606	8.95638
8608	8.94587
8610	8.93488
8612	8.92509
8614	8.91643
8616	8.90692
8618	8.89897
8620	8.89208
8622	8.88646
8624	8.88267
8626	8.87775
8628	8.87296
8630	8.86919
8632	8.86468
8634	8.8599
8636	8.85666
8638	8.8549
8640	8.85176
8642	8.84889
8644	8.8457
8646	8.84384
8648	8.84189
8650	8.84062
8652	8.83738
8654	8.83514
8656	8.83483
8658	8.83262
8660	8.83139
8662	8.83048
8664	8.82891
8666	8.82654
8668	8.8261
8670	8.82481
8672	8.82329
8674	8.82242
8676	8.82204
8678	8.82138
8680	8.82198
8682	8.81903
8684	8.81807
8686	8.81826
8688	8.81793
8690	8.81768
8692	8.81724
8694	8.81784
8696	8.81696
8698	8.81675
8700	8.81749
8702	8.81835
8704	8.81685
8706	8.8155
8708	8.81537
8710	8.8165
8712	8.81549
8714	8.81402
8716	8.81364
8718	8.8136
8720	8.81254
8722	8.81369
8724	8.81304
8726	8.81166
8728	8.80838
8730	8.80794
8732	8.80842
8734	8.8084
8736	8.80775
8738	8.80743
8740	8.80644
8742	8.80656
8744	8.80767
8746	8.80809
8748	8.80804
8750	8.80894
8752	8.80928
8754	8.80878
8756	8.80789
8758	8.8063
8760	8.80678
8762	8.80653
8764	8.80688
8766	8.80806
8768	8.8088
8770	8.80892
8772	8.8089
8774	8.8077
8776	8.80699
8778	8.80587
8780	8.80525
8782	8.805
8784	8.80596
8786	8.8066
8788	8.80634
8790	8.80572
8792	8.80598
8794	8.80449
8796	8.80368
8798	8.8035
8800	8.80361
8802	8.80336
8804	8.80254
8806	8.80348
8808	8.8038
8810	8.80209
8812	8.80246
8814	8.80267
8816	8.80304
8818	8.80363
8820	8.80287
8822	8.80265
8824	8.80269
8826	8.80291
8828	8.80189
8830	8.80139
8832	8.80118
8834	8.80244
8836	8.80271
8838	8.80262
8840	8.80322
8842	8.80288
8844	8.80101
8846	8.80046
8848	8.80121
8850	8.80082
8852	8.80048
8854	8.80106
8856	8.80095
8858	8.80012
8860	8.79933
8862	8.79961
8864	8.79959
8866	8.79879
8868	8.79946
8870	8.8012
8872	8.80098
8874	8.80144
8876	8.80161
8878	8.8017
8880	8.80153
8882	8.80094
8884	8.80091
8886	8.80099
8888	8.8025
8890	8.80192
8892	8.80092
8894	8.8002
8896	8.8001
8898	8.7996
8900	8.79993
8902	8.80028
8904	8.80058
8906	8.80131
8908	8.80105
8910	8.8002
8912	8.79965
8914	8.79834
8916	8.79718
8918	8.79587
8920	8.79702
8922	8.79683
8924	8.79661
8926	8.79731
8928	8.79753
8930	8.79748
8932	8.79742
8934	8.79884
8936	8.79954
8938	8.7996
8940	8.79874
8942	8.79896
8944	8.79882
8946	8.79844
8948	8.79835
8950	8.7989
8952	8.79844
8954	8.79875
8956	8.798
8958	8.79755
8960	8.79955
8962	8.79909
8964	8.79851
8966	8.79609
8968	8.79629
8970	8.79659
8972	8.79717
8974	8.79607
8976	8.79531
8978	8.7951
8980	8.79505
8982	8.79561
8984	8.79575
8986	8.796
8988	8.79509
8990	8.79453
8992	8.79342
8994	8.79367
8996	8.79258
8998	8.79425
9000	8.79409
9002	8.79393
9004	8.79423
9006	8.79376
9008	8.7947
9010	8.79514
9012	8.79512
9014	8.79632
9016	8.79752
9018	8.79665
9020	8.79627
9022	8.79493
9024	8.79418
9026	8.79412
9028	8.79438
9030	8.79312
9032	8.79068
9034	8.79215
9036	8.79369
9038	8.7945
9040	8.79242
9042	8.79049
9044	8.79214
9046	8.79322
9048	8.79298
9050	8.79191
9052	8.79036
9054	8.79019
9056	8.79116
9058	8.79244
9060	8.79206
9062	8.79262
9064	8.79282
9066	8.79382
9068	8.79427
9070	8.79341
9072	8.79289
9074	8.79262
9076	8.79329
9078	8.79313
9080	8.79306
9082	8.79189
9084	8.7906
9086	8.79055
9088	8.79031
9090	8.79148
9092	8.79186
9094	8.7908
9096	8.79032
9098	8.79072
9100	8.79049
9102	8.7899
9104	8.79095
9106	8.79065
9108	8.79055
9110	8.79127
9112	8.79085
9114	8.78955
9116	8.78995
9118	8.78908
9120	8.78996
9122	8.79081
9124	8.79119
9126	8.78917
9128	8.8016
9130	8.89741
9132	9.08533
9134	9.3122
9136	9.55063
9138	9.77807
9140	9.98504
9142	10.17216
9144	10.34037
9146	10.4872
9148	10.61726
9150	10.73089
9152	10.82635
9154	10.90827
9156	10.96912
9158	10.94291
9160	10.81767
9162	10.64445
9164	10.45388
9166	10.26599
9168	10.0913
9170	9.93244
9172	9.78973
9174	9.6622
9176	9.54949
9178	9.45074
9180	9.36539
9182	9.29213
9184	9.22936
9186	9.17555
9188	9.12863
9190	9.08957
9192	9.0564
9194	9.02713
9196	9.00267
9198	8.98051
9200	8.96161
9202	8.94509
9204	8.93112
9206	8.91833
9208	8.90631
9210	8.89662
9212	8.88771
9214	8.87936
9216	8.87147
9218	8.86339
9220	8.85611
9222	8.84911
9224	8.84368
9226	8.8388
9228	8.83474
9230	8.83077
9232	8.82663
9234	8.82244
9236	8.82013
9238	8.81852
9240	8.81565
9242	8.81277
9244	8.80919
9246	8.80562
9248	8.80387
9250	8.8019
9252	8.80012
9254	8.79814
9256	8.79683
9258	8.79551
9260	8.79402
9262	8.79341
9264	8.7934
9266	8.7915
9268	8.78965
9270	8.78874
9272	8.78767
9274	8.7852
9276	8.78415
9278	8.78366
9280	8.78434
9282	8.78229
9284	8.78107
9286	8.78262
9288	8.78256
9290	8.78343
9292	8.78286
9294	8.78164
9296	8.77972
9298	8.77846
9300	8.77911
9302	8.77949
9304	8.77758
9306	8.77637
9308	8.77596
9310	8.77471
9312	8.77569
9314	8.77588
9316	8.77623
9318	8.77692
9320	8.77595
9322	8.77473
9324	8.77379
9326	8.775
9328	8.77521
9330	8.77479
9332	8.77479
9334	8.77452
9336	8.77319
9338	8.77272
9340	8.77403
9342	8.77379
9344	8.77324
9346	8.77312
9348	8.77199
9350	8.77211
9352	8.7713
9354	8.77125
9356	8.77097
9358	8.76944
9360	8.76934
9362	8.76945
9364	8.76996
9366	8.7699
9368	8.76936
9370	8.76872
9372	8.76975
9374	8.76898
9376	8.76863
9378	8.76938
9380	8.76936
9382	8.76847
9384	8.7683
9386	8.76906
9388	8.76916
9390	8.76939
9392	8.76922
9394	8.76865
9396	8.77079
9398	8.77063
9400	8.7697
9402	8.76835
9404	8.76869
9406	8.7683
9408	8.76752
9410	8.76719
9412	8.76717
9414	8.76669
9416	8.76642
9418	8.76746
9420	8.76801
9422	8.76678
9424	8.76575
9426	8.76531
9428	8.76608
9430	8.76746
9432	8.76845
9434	8.76806
9436	8.76631
9438	8.76615
9440	8.76564
9442	8.76424
9444	8.76449
9446	8.76401
9448	8.76353
9450	8.76356
9452	8.76517
9454	8.76483
9456	8.76454
9458	8.76343
9460	8.76341
9462	8.76431
9464	8.76448
9466	8.76485
9468	8.76624
9470	8.76662
9472	8.76558
9474	8.76499
9476	8.76605
9478	8.76619
9480	8.76461
9482	8.76441
9484	8.76398
9486	8.764
9488	8.76266
9490	8.76193
9492	8.76351
9494	8.76296
9496	8.76227
9498	8.7622
9500	8.7623
9502	8.76228
9504	8.76205
9506	8.76155
9508	8.7615
9510	8.76235
9512	8.76259
9514	8.76247
9516	8.76228
9518	8.76214
9520	8.76285
9522	8.76263
9524	8.76228
9526	8.76023
9528	8.75956
9530	8.76073
9532	8.76105
9534	8.76205
9536	8.76261
9538	8.76284
9540	8.76258
9542	8.76268
9544	8.76212
9546	8.75957
9548	8.7598
9550	8.759
9552	8.75881
9554	8.75995
9556	8.76018
9558	8.76018
9560	8.75954
9562	8.75907
9564	8.75758
9566	8.75716
9568	8.75775
9570	8.75846
9572	8.75962
9574	8.75905
9576	8.75936
9578	8.7594
9580	8.75892
9582	8.76008
9584	8.75939
9586	8.75752
9588	8.75793
9590	8.75849
9592	8.75877
9594	8.75864
9596	8.75838
9598	8.75994
9600	8.75911
9602	8.75733
9604	8.75827
9606	8.75861
9608	8.75835
9610	8.7595
9612	8.75938
9614	8.75769
9616	8.75775
9618	8.75951
9620	8.75891
9622	8.75885
9624	8.75909
9626	8.75915
9628	8.75937
9630	8.75716
9632	8.75539
9634	8.75515
9636	8.75578
9638	8.75588
9640	8.75808
9642	8.75807
9644	8.75773
9646	8.75803
9648	8.75802
9650	8.75654
9652	8.75595
9654	8.75586
9656	8.75532
9658	8.75627
9660	8.75508
9662	8.75536
9664	8.75634
9666	8.757
9668	8.75577
9670	8.75444
9672	8.7537
9674	8.75414
9676	8.75441
9678	8.75448
9680	8.75541
9682	8.75594
9684	8.75504
9686	8.75374
9688	8.75405
9690	8.75538
9692	8.75549
9694	8.75544
9696	8.75524
9698	8.75417
9700	8.75372
9702	8.75394
9704	8.75281
9706	8.75267
9708	8.75243
9710	8.75326
9712	8.75348
9714	8.75338
9716	8.75276
9718	8.75226
9720	8.75262
9722	8.7532
9724	8.75272
9726	8.75333
9728	8.76093
9730	8.8421
9732	9.01593
9734	9.23779
9736	9.47137
9738	9.69506
9740	9.90277
9742	10.09136
9744	10.25928
9746	10.40678
9748	10.53421
9750	10.64488
9752	10.74202
9754	10.82267
9756	10.8879
9758	10.87776
9760	10.76389
9762	10.59597
9764	10.40813
9766	10.22237
9768	10.04931
9770	9.89165
9772	9.7474
9774	9.61931
9776	9.50664
9778	9.41008
9780	9.32637
9782	9.25417
9784	9.19232
9786	9.13883
9788	9.09285
9790	9.05222
9792	9.01806
9794	8.98879
9796	8.96317
9798	8.94035
9800	8.92057
9802	8.90431
9804	8.89045
9806	8.87831
9808	8.8668
9810	8.85694
9812	8.84742
9814	8.83792
9816	8.83168
9818	8.82584
9820	8.819
9822	8.81199
9824	8.80589
9826	8.80116
9828	8.79739
9830	8.79318
9832	8.78997
9834	8.78658
9836	8.78369
9838	8.78101
9840	8.77742
9842	8.77363
9844	8.77017
9846	8.76875
9848	8.76647
9850	8.76375
9852	8.76223
9854	8.76203
9856	8.75947
9858	8.75713
9860	8.75582
9862	8.75451
9864	8.754
9866	8.75348
9868	8.7551
9870	8.75559
9872	8.75394
9874	8.75151
9876	8.7495
9878	8.74922
9880	8.74786
9882	8.746
9884	8.74489
9886	8.7441
9888	8.74352
9890	8.74297
9892	8.7426
9894	8.7413
9896	8.73974
9898	8.73954
9900	8.74032
9902	8.74119
9904	8.74082
9906	8.74015
9908	8.73961
9910	8.73946
9912	8.73855
9914	8.73808
9916	8.73818
9918	8.73849
9920	8.73825
9922	8.7374
9924	8.73635
9926	8.73555
9928	8.73671
9930	8.73664
9932	8.7367
9934	8.73536
9936	8.73337
9938	8.73277
9940	8.73536
9942	8.73598
9944	8.73568
9946	8.73521
9948	8.73443
9950	8.73367
9952	8.73424
9954	8.73456
9956	8.73523
9958	8.73439
9960	8.73337
9962	8.73269
9964	8.73395
9966	8.73381
9968	8.73269
9970	8.73282
9972	8.73175
9974	8.73114
9976	8.73194
9978	8.73332
9980	8.73339
9982	8.73191
9984	8.73059
9986	8.73032
9988	8.7313
9990	8.73202
9992	8.7323
9994	8.73313
9996	8.73385
9998	8.73387
10000	8.73242
10002	8.73311
10004	8.73293
10006	8.73038
10008	8.73007
10010	8.7302
10012	8.72865
10014	8.72738
10016	8.72778
10018	8.72745
10020	8.72708
10022	8.72743
10024	8.72754
10026	8.72737
10028	8.72746
10030	8.72743
10032	8.72776
10034	8.72776
10036	8.72836
10038	8.72905
10040	8.72869
10042	8.72765
10044	8.72845
10046	8.72796
10048	8.7283
10050	8.72812
10052	8.72798
10054	8.72781
10056	8.72803
10058	8.72877
10060	8.72894
10062	8.72835
10064	8.72771
10066	8.72751
10068	8.72756
10070	8.72588
10072	8.72587
10074	8.72665
10076	8.72753
10078	8.72749
10080	8.728
10082	8.72785
10084	8.7278
10086	8.72721
10088	8.7261
10090	8.72536
10092	8.72482
10094	8.72513
10096	8.72573
10098	8.72623
10100	8.72573
10102	8.72501
10104	8.72464
10106	8.72518
10108	8.72616
10110	8.72588
10112	8.72337
10114	8.72491
10116	8.72508
10118	8.72534
10120	8.72616
10122	8.72668
10124	8.72708
10126	8.72707
10128	8.72668
10130	8.7261
10132	8.72474
10134	8.72439
10136	8.72469
10138	8.72343
10140	8.72199
10142	8.72321
10144	8.72351
10146	8.72251
10148	8.72138
10150	8.72199
10152	8.72245
10154	8.72233
10156	8.72078
10158	8.72121
10160	8.72256
10162	8.7235
10164	8.72359
10166	8.7226
10168	8.72148
10170	8.72209
10172	8.72188
10174	8.72115
10176	8.72129
10178	8.72232
10180	8.72453
10182	8.72465
10184	8.72422
10186	8.72318
10188	8.7224
10190	8.72277
10192	8.72101
10194	8.72137
10196	8.72109
10198	8.72144
10200	8.72178
10202	8.72191
10204	8.72155
10206	8.7205
10208	8.72045
10210	8.7193
10212	8.72062
10214	8.72137
10216	8.72137
10218	8.72109
10220	8.72076
10222	8.72028
10224	8.72037
10226	8.72178
10228	8.72159
10230	8.72236
10232	8.72166
10234	8.72129
10236	8.72001
10238	8.71912
10240	8.71897
10242	8.7193
10244	8.71843
10246	8.71811
10248	8.71842
10250	8.71953
10252	8.72075
10254	8.72079
10256	8.72041
10258	8.72022
10260	8.71911
10262	8.71892
10264	8.72026
10266	8.71961
10268	8.71883
10270	8.71803
10272	8.71688
10274	8.71778
10276	8.71879
10278	8.71866
10280	8.71783
10282	8.71776
10284	8.71783
10286	8.71805
10288	8.71782
10290	8.71714
10292	8.71647
10294	8.71518
10296	8.71629
10298	8.71732
10300	8.71706
10302	8.71532
10304	8.71468
10306	8.71533
10308	8.71621
10310	8.71582
10312	8.71519
10314	8.7159
10316	8.71589
10318	8.71712
10320	8.71659
10322	8.71671
10324	8.71581
10326	8.71519
10328	8.71925
10330	8.78951
10332	8.95518
10334	9.17075
10336	9.39971
10338	9.62302
10340	9.82817
10342	10.01365
10344	10.182
10346	10.32894
10348	10.4562
10350	10.5671
10352	10.66237
10354	10.74489
10356	10.81397
10358	10.81582
10360	10.71199
10362	10.5501
10364	10.36707
10366	10.18466
10368	10.01237
10370	9.85375
10372	9.71245
10374	9.58649
10376	9.47363
10378	9.37595
10380	9.29208
10382	9.21963
10384	9.15725
10386	9.10333
10388	9.05752
10390	9.01685
10392	8.98136
10394	8.95193
10396	8.92736
10398	8.90591
10400	8.88726
10402	8.8699
10404	8.85448
10406	8.8411
10408	8.83114
10410	8.82102
10412	8.81216
10414	8.80332
10416	8.79563
10418	8.78871
10420	8.78256
10422	8.77725
10424	8.77057
10426	8.76567
10428	8.76203
10430	8.75767
10432	8.75305
10434	8.74804
10436	8.74424
10438	8.74054
10440	8.73756
10442	8.73379
10444	8.73186
10446	8.73107
10448	8.72908
10450	8.72813
10452	8.72523
10454	8.72296
10456	8.72266
10458	8.7216
10460	8.72095
10462	8.71912
10464	8.71793
10466	8.71595
10468	8.71382
10470	8.71275
10472	8.71314
10474	8.71143
10476	8.71152
10478	8.71044
10480	8.71009
10482	8.71027
10484	8.70922
10486	8.70727
10488	8.70768
10490	8.70872
10492	8.70882
10494	8.70805
10496	8.7061
10498	8.70412
10500	8.70367
10502	8.70454
10504	8.70371
10506	8.70325
10508	8.70195
10510	8.70126
10512	8.70048
10514	8.70023
10516	8.70095
10518	8.70082
10520	8.69899
10522	8.6981
10524	8.69796
10526	8.69975
10528	8.70187
10530	8.70314
10532	8.70143
10534	8.70252
10536	8.70074
10538	8.70057
10540	8.70138
10542	8.7019
10544	8.70218
10546	8.70184
10548	8.70091
10550	8.70001
10552	8.69975
10554	8.69849
10556	8.69874
10558	8.69725
10560	8.69794
10562	8.69884
10564	8.69866
10566	8.69926
10568	8.69824
10570	8.69758
10572	8.69858
10574	8.69791
10576	8.69665
10578	8.69682
10580	8.69646
10582	8.69684
10584	8.69716
10586	8.69621
10588	8.69618
10590	8.69723
10592	8.69787
10594	8.69671
10596	8.69458
10598	8.69393
10600	8.69582
10602	8.69631
10604	8.69521
10606	8.6954
10608	8.69568
10610	8.69464
10612	8.69485
10614	8.69438
10616	8.69559
10618	8.69631
10620	8.69435
10622	8.69337
10624	8.69271
10626	8.69219
10628	8.69249
10630	8.69269
10632	8.69407
10634	8.69564
10636	8.69474
10638	8.69337
10640	8.69281
10642	8.69299
10644	8.69187
10646	8.69243
10648	8.69186
10650	8.69156
10652	8.69211
10654	8.69309
10656	8.69372
10658	8.69443
10660	8.69527
10662	8.69491
10664	8.69363
10666	8.69338
10668	8.69336
10670	8.69247
10672	8.69161
10674	8.6912
10676	8.69093
10678	8.6909
10680	8.69301
10682	8.69433
10684	8.69363
10686	8.69273
10688	8.69293
10690	8.69169
10692	8.69238
10694	8.69241
10696	8.69328
10698	8.69467
10700	8.69228
10702	8.69116
10704	8.69066
10706	8.69077
10708	8.69126
10710	8.69123
10712	8.68998
10714	8.68899
10716	8.68836
10718	8.68894
10720	8.68731
10722	8.68655
10724	8.68652
10726	8.68693
10728	8.68689
10730	8.68694
10732	8.68866
10734	8.68973
10736	8.68961
10738	8.68913
10740	8.68761
10742	8.68688
10744	8.68789
10746	8.68913
10748	8.68892
10750	8.6877
10752	8.68708
10754	8.68731
10756	8.68918
10758	8.68867
10760	8.68825
10762	8.68837
10764	8.68805
10766	8.68774
10768	8.68614
10770	8.68567
10772	8.68693
10774	8.68814
10776	8.68832
10778	8.68748
10780	8.68721
10782	8.68759
10784	8.68811
10786	8.68841
10788	8.69073
10790	8.68946
10792	8.68808
10794	8.68794
10796	8.68735
10798	8.68803
10800	8.68811
10802	8.68758
10804	8.68732
10806	8.68735
10808	8.68623
10810	8.68642
10812	8.68719
10814	8.68769
10816	8.68784
10818	8.6883
10820	8.68742
10822	8.6868
10824	8.68652
10826	8.68626
10828	8.68531
10830	8.68514
10832	8.68446
10834	8.684
10836	8.68468
10838	8.68396
10840	8.68343
10842	8.68362
10844	8.68419
10846	8.68351
10848	8.68404
10850	8.68398
10852	8.68269
10854	8.68358
10856	8.68468
10858	8.68582
10860	8.68531
10862	8.68447
10864	8.68365
10866	8.686
10868	8.68721
10870	8.68663
10872	8.68591
10874	8.68479
10876	8.68422
10878	8.68485
10880	8.68459
10882	8.68429
10884	8.68527
10886	8.68673
10888	8.68653
10890	8.68694
10892	8.68656
10894	8.68653
10896	8.68535
10898	8.68251
10900	8.68215
10902	8.68314
10904	8.68363
10906	8.68281
10908	8.68095
10910	8.68112
10912	8.68216
10914	8.68359
10916	8.68399
10918	8.68381
10920	8.6843
10922	8.68497
10924	8.68442
10926	8.68329
10928	8.68713
10930	8.74145
10932	8.89114
10934	9.09793
10936	9.32379
10938	9.54429
10940	9.7492
10942	9.93316
10944	10.09843
10946	10.24587
10948	10.37491
10950	10.48503
10952	10.58161
10954	10.66318
10956	10.7316
10958	10.74628
10960	10.65578
10962	10.4998
10964	10.31945
10966	10.13729
10968	9.96536
10970	9.80971
10972	9.6698
10974	9.54467
10976	9.43272
10978	9.33505
10980	9.25021
10982	9.1762
10984	9.11309
10986	9.06052
10988	9.01662
10990	8.97739
10992	8.94307
10994	8.91532
10996	8.89235
10998	8.87117
11000	8.85148
11002	8.83601
11004	8.82171
11006	8.80755
11008	8.79623
11010	8.78703
11012	8.77921
11014	8.76961
11016	8.76112
11018	8.75332
11020	8.74606
11022	8.73997
11024	8.73514
11026	8.73084
11028	8.72595
11030	8.72294
11032	8.71956
11034	8.71484
11036	8.71035
11038	8.70653
11040	8.70373
11042	8.7009
11044	8.69861
11046	8.69599
11048	8.69345
11050	8.69299
11052	8.6936
11054	8.69236
11056	8.69116
11058	8.69047
11060	8.68809
11062	8.68621
11064	8.68522
11066	8.68386
11068	8.68168
11070	8.67894
11072	8.67839
11074	8.67967
11076	8.67918
11078	8.67688
11080	8.67593
11082	8.6745
11084	8.67518
11086	8.67452
11088	8.67492
11090	8.67453
11092	8.67442
11094	8.67591
11096	8.67669
11098	8.67514
11100	8.67268
11102	8.67045
11104	8.66866
11106	8.66803
11108	8.66829
11110	8.66833
11112	8.66828
11114	8.66936
11116	8.66973
11118	8.67017
11120	8.67186
11122	8.67097
11124	8.66966
11126	8.66941
11128	8.66947
11130	8.66888
11132	8.6677
11134	8.66452
11136	8.66599
11138	8.66721
11140	8.66679
11142	8.66595
11144	8.66664
11146	8.66704
11148	8.66757
11150	8.66838
11152	8.66767
11154	8.66795
11156	8.66797
11158	8.66597
11160	8.66468
11162	8.66458
11164	8.66392
11166	8.66325
11168	8.6628
11170	8.66379
11172	8.66356
11174	8.66356
11176	8.66396
11178	8.66362
11180	8.66346
11182	8.66344
11184	8.66397
11186	8.66342
11188	8.66391
11190	8.66407
11192	8.66417
11194	8.6635
11196	8.66348
11198	8.66266
11200	8.66217
11202	8.66188
11204	8.66147
11206	8.66078
11208	8.66196
11210	8.66344
11212	8.66287
11214	8.66168
11216	8.66119
11218	8.66202
11220	8.66212
11222	8.66166
11224	8.66241
11226	8.66424
11228	8.66368
11230	8.66219
11232	8.66216
11234	8.66235
11236	8.66212
11238	8.66244
11240	8.66207
11242	8.66197
11244	8.66202
11246	8.66243
11248	8.66253
11250	8.6621
11252	8.66246
11254	8.66253
11256	8.66201
11258	8.66104
11260	8.66251
11262	8.66174
11264	8.66013
11266	8.66028
11268	8.66129
11270	8.66263
11272	8.66195
11274	8.66207
11276	8.66292
11278	8.66275
11280	8.66237
11282	8.6631
11284	8.66182
11286	8.66162
11288	8.66123
11290	8.65961
11292	8.65838
11294	8.65904
11296	8.65937
11298	8.65903
11300	8.65862
11302	8.65801
11304	8.65764
11306	8.65839
11308	8.65735
11310	8.65682
11312	8.65612
11314	8.65734
11316	8.65821
11318	8.65911
11320	8.66044
11322	8.66062
11324	8.66065
11326	8.6621
11328	8.66043
11330	8.66011
11332	8.66204
11334	8.66215
11336	8.66083
11338	8.65949
11340	8.65818
11342	8.65809
11344	8.65682
11346	8.65689
11348	8.65725
11350	8.65839
11352	8.65916
11354	8.65873
11356	8.65901
11358	8.65894
11360	8.65827
11362	8.65876
11364	8.65883
11366	8.65933
11368	8.65869
11370	8.65741
11372	8.65635
11374	8.65662
11376	8.65641
11378	8.65634
11380	8.65641
11382	8.6573
11384	8.65735
11386	8.65681
11388	8.65701
11390	8.65737
11392	8.65793
11394	8.65779
11396	8.65842
11398	8.6597
11400	8.6598
11402	8.65874
11404	8.65786
11406	8.65741
11408	8.65812
11410	8.6571
11412	8.65646
11414	8.65561
11416	8.6552
11418	8.65638
11420	8.65719
11422	8.65701
11424	8.65774
11426	8.65862
11428	8.65965
11430	8.65962
11432	8.65916
11434	8.65859
11436	8.65941
11438	8.65979
11440	8.65877
11442	8.65804
11444	8.65769
11446	8.65718
11448	8.65613
11450	8.65728
11452	8.65787
11454	8.65842
11456	8.65897
11458	8.65882
11460	8.65925
11462	8.65831
11464	8.6575
11466	8.65943
11468	8.65961
11470	8.66009
11472	8.65974
11474	8.65899
11476	8.65878
11478	8.65862
11480	8.65892
11482	8.65929
11484	8.65763
11486	8.65765
11488	8.65834
11490	8.65919
11492	8.65974
11494	8.65944
11496	8.66096
11498	8.6621
11500	8.65957
11502	8.65883
11504	8.65861
11506	8.65908
11508	8.65985
11510	8.65889
11512	8.6589
11514	8.65966
11516	8.65946
11518	8.6589
11520	8.65876
11522	8.65854
11524	8.65821
11526	8.66034
11528	8.66325
11530	8.7078
11532	8.84783
11534	9.04675
11536	9.26796
11538	9.48486
11540	9.68646
11542	9.86981
11544	10.0359
11546	10.18351
11548	10.31033
11550	10.41979
11552	10.51305
11554	10.59443
11556	10.66436
11558	10.69115
11560	10.6124
11562	10.46795
11564	10.29458
11566	10.117
11568	9.94619
11570	9.78907
11572	9.64775
11574	9.52075
11576	9.40894
11578	9.31229
11580	9.22748
11582	9.1547
11584	9.09094
11586	9.0373
11588	8.99154
11590	8.95056
11592	8.91677
11594	8.88767
11596	8.86236
11598	8.84091
11600	8.82319
11602	8.80753
11604	8.7931
11606	8.78106
11608	8.7711
11610	8.76111
11612	8.75169
11614	8.74423
11616	8.73701
11618	8.73055
11620	8.72499
11622	8.71808
11624	8.71184
11626	8.70742
11628	8.70269
11630	8.69867
11632	8.69286
11634	8.6885
11636	8.68532
11638	8.68452
11640	8.68197
11642	8.67711
11644	8.67382
11646	8.6716
11648	8.67049
11650	8.66712
11652	8.66537
11654	8.66474
11656	8.66407
11658	8.66278
11660	8.6614
11662	8.66115
11664	8.65878
11666	8.65696
11668	8.65526
11670	8.6542
11672	8.65324
11674	8.65491
11676	8.65425
11678	8.65322
11680	8.65328
11682	8.6541
11684	8.65383
11686	8.65221
11688	8.65158
11690	8.65241
11692	8.65068
11694	8.64955
11696	8.64909
11698	8.64847
11700	8.64785
11702	8.64764
11704	8.64751
11706	8.64758
11708	8.64664
11710	8.64708
11712	8.64828
11714	8.64998
11716	8.64913
11718	8.64795
11720	8.64805
11722	8.64829
11724	8.64789
11726	8.64786
11728	8.64691
11730	8.64643
11732	8.64672
11734	8.64623
11736	8.64629
11738	8.64724
11740	8.64648
11742	8.64623
11744	8.64612
11746	8.64654
11748	8.6479
11750	8.64749
11752	8.6463
11754	8.64507
11756	8.64548
11758	8.64389
11760	8.64194
11762	8.64391
11764	8.64462
11766	8.64456
11768	8.64404
11770	8.64524
11772	8.64545
11774	8.64524
11776	8.64496
11778	8.64411
11780	8.64281
11782	8.64273
11784	8.64331
11786	8.64366
11788	8.64279
11790	8.64235
11792	8.64291
11794	8.64438
11796	8.64511
11798	8.64518
11800	8.64446
11802	8.64545
11804	8.6456
11806	8.64521
11808	8.64452
11810	8.64388
11812	8.64437
11814	8.64331
11816	8.6441
11818	8.64423
11820	8.64474
11822	8.64508
11824	8.644
11826	8.6441
11828	8.64376
11830	8.64427
11832	8.64328
11834	8.64382
11836	8.64511
11838	8.64487
11840	8.6447
11842	8.64659
11844	8.64677
11846	8.64464
11848	8.64341
11850	8.64466
11852	8.64503
11854	8.64507
11856	8.64636
11858	8.6463
11860	8.64651
11862	8.64589
11864	8.64628
11866	8.64559
11868	8.64488
11870	8.64449
11872	8.64453
11874	8.64379
11876	8.64475
11878	8.64492
11880	8.64356
11882	8.64457
11884	8.64606
11886	8.64655
11888	8.647
11890	8.64593
11892	8.64441
11894	8.64391
11896	8.64513
11898	8.64544
11900	8.6451
11902	8.64544
11904	8.64536
11906	8.6456
11908	8.64543
11910	8.64526
11912	8.647
11914	8.64731
11916	8.64607
11918	8.64561
11920	8.64618
11922	8.64705
11924	8.6478
11926	8.64721
11928	8.64798
11930	8.64819
11932	8.64683
11934	8.64764
11936	8.64815
11938	8.64864
11940	8.65061
11942	8.64966
11944	8.64763
11946	8.6464
11948	8.64523
11950	8.64615
11952	8.64578
11954	8.64636
11956	8.64719
11958	8.64753
11960	8.64751
11962	8.64828
11964	8.64895
11966	8.65004
11968	8.6496
11970	8.65023
11972	8.65101
11974	8.65037
11976	8.64988
11978	8.65065
11980	8.65085
11982	8.6518
11984	8.65202
11986	8.65244
11988	8.65181
11990	8.65117
11992	8.65156
11994	8.65213
11996	8.65394
11998	8.6538
12000	8.65296
12002	8.65379
12004	8.65469
12006	8.6546
12008	8.65423
12010	8.65532
12012	8.65706
12014	8.65797
12016	8.65847
12018	8.65861
12020	8.65958
12022	8.65801
12024	8.65684
12026	8.65736
12028	8.65664
12030	8.65636
12032	8.65642
12034	8.65862
12036	8.66007
12038	8.65977
12040	8.66045
12042	8.66119
12044	8.66162
12046	8.66353
12048	8.66389
12050	8.66394
12052	8.66336
12054	8.66297
12056	8.66318
12058	8.66409
12060	8.66197
12062	8.6606
12064	8.66054
12066	8.66122
12068	8.66253
12070	8.66339
12072	8.66401
12074	8.66549
12076	8.66651
12078	8.66734
12080	8.66844
12082	8.66828
12084	8.66759
12086	8.66899
12088	8.66955
12090	8.67001
12092	8.67009
12094	8.67011
12096	8.67052
12098	8.67089
12100	8.67197
12102	8.67348
12104	8.67274
12106	8.67278
12108	8.67191
12110	8.67236
12112	8.67374
12114	8.67466
12116	8.67516
12118	8.67506
12120	8.6768
12122	8.67727
12124	8.67648
