time	cp
2	0.56768
4	0.55055
6	0.53426
8	0.51858
10	0.50198
12	0.48499
14	0.46942
16	0.454
18	0.437
20	0.41937
22	0.40405
24	0.38849
26	0.37244
28	0.35612
30	0.33962
32	0.32357
34	0.30612
36	0.29121
38	0.27546
40	0.2585
42	0.2408
44	0.22475
46	0.20908
48	0.19253
50	0.17637
52	0.16059
54	0.14315
56	0.12627
58	0.10948
60	0.09396
62	0.07931
64	0.06387
66	0.04704
68	0.03034
70	0.01287
72	-4.12458E-4
74	8.89844E-5
76	-9.57301E-6
78	-2.3513E-4
80	-4.74688E-4
82	-3.61245E-4
84	-0.00121
86	-8.4136E-4
88	3.22082E-4
90	0.00132
92	3.83968E-4
94	4.8641E-4
96	-9.20147E-4
98	-0.00236
100	-0.00266
102	-0.00243
104	-0.00235
106	-0.00251
108	-0.00242
110	-7.20049E-4
112	6.94393E-4
114	9.73836E-4
116	4.44278E-4
118	5.98721E-4
120	3.46163E-4
122	-5.7394E-5
124	0.00222
126	0.04353
128	0.21057
130	0.46944
132	0.7604
134	1.05003
136	1.32378
138	1.57069
140	1.79192
142	1.98703
144	2.16156
146	2.31053
148	2.44102
150	2.55103
152	2.64574
154	2.66473
156	2.54844
158	2.34862
160	2.11592
162	1.88208
164	1.66135
166	1.45948
168	1.27805
170	1.11586
172	0.97387
174	0.84974
176	0.74008
178	0.64447
180	0.56382
182	0.49597
184	0.43688
186	0.38627
188	0.34286
190	0.30512
192	0.27447
194	0.24779
196	0.22367
198	0.20458
200	0.18673
202	0.17142
204	0.15724
206	0.14456
208	0.13401
210	0.12456
212	0.11494
214	0.107
216	0.10057
218	0.09326
220	0.08834
222	0.08152
224	0.07491
226	0.0702
228	0.06555
230	0.06132
232	0.05703
234	0.0524
236	0.0488
238	0.04673
240	0.04363
242	0.03995
244	0.03777
246	0.03603
248	0.03412
250	0.03255
252	0.02975
254	0.02753
256	0.02508
258	0.02498
260	0.02355
262	0.02125
264	0.02053
266	0.02096
268	0.01987
270	0.01805
272	0.01625
274	0.01569
276	0.01567
278	0.01395
280	0.01283
282	0.01071
284	0.01028
286	0.01106
288	0.01181
290	0.01137
292	0.01067
294	0.00956
296	0.00878
298	0.00747
300	0.00847
302	0.00745
304	0.00677
306	0.0078
308	0.00827
310	0.00805
312	0.00763
314	0.00742
316	0.00601
318	0.0059
320	0.00488
322	0.00482
324	0.00654
326	0.00701
328	0.00721
330	0.00705
332	0.006
334	0.00663
336	0.00589
338	0.00381
340	0.0032
342	0.00361
344	0.00379
346	0.00375
348	0.00333
350	0.00335
352	0.00357
354	0.00381
356	0.00334
358	0.00392
360	0.00311
362	0.00192
364	0.00116
366	0.00201
368	0.00251
370	0.00289
372	0.00469
374	0.00542
376	0.00546
378	0.00405
380	0.00382
382	0.00331
384	0.00255
386	0.00114
388	0.00113
390	0.00183
392	0.00255
394	0.00259
396	0.00202
398	0.00138
400	0.00115
402	6.50704E-4
404	1.39194E-4
406	-9.73316E-4
408	-0.00227
410	-0.00103
412	5.34153E-4
414	4.46642E-4
416	3.41318E-5
418	-0.00135
420	-0.00217
422	-8.71872E-4
424	-0.00119
426	-8.37839E-4
428	1.03178E-4
430	-9.12806E-4
432	6.70211E-4
434	0.00186
436	0.00129
438	-4.07394E-5
440	2.97277E-4
442	0.00186
444	0.00186
446	1.29327E-4
448	4.14344E-4
450	0.00147
452	0.00201
454	0.00218
456	0.00133
458	0.00116
460	9.62443E-4
462	0.00142
464	0.00126
466	0.00218
468	3.6051E-4
470	7.35263E-5
472	9.15429E-5
474	2.56559E-4
476	-9.28424E-4
478	-0.00127
480	-8.01391E-4
482	-4.76374E-4
484	2.54642E-4
486	0.00121
488	4.18676E-4
490	6.28862E-4
492	4.01896E-4
494	3.7993E-4
496	8.81964E-4
498	0.00181
500	0.00161
502	0.00238
504	0.00218
506	0.00243
508	0.00242
510	0.00194
512	3.20238E-4
514	-6.92728E-4
516	-6.98694E-4
518	2.21341E-4
520	0.00134
522	0.00191
524	0.00164
526	0.00156
528	0.0013
530	7.99546E-4
532	5.7858E-4
534	7.46614E-4
536	-1.62352E-4
538	-0.00149
540	-0.00161
542	3.71751E-4
544	4.48785E-4
546	-2.94181E-4
548	-0.00178
550	-0.00111
552	-9.72078E-4
554	-8.72044E-4
556	-0.00142
558	-6.02976E-4
560	-5.17864E-4
562	-8.35599E-4
564	-8.83334E-4
566	-9.10069E-4
568	-0.00126
570	-7.45539E-4
572	-0.0022
574	-0.00254
576	-0.00208
578	-0.00208
580	-0.00253
582	-0.00247
584	-0.00231
586	-0.00159
588	-6.82153E-4
590	-5.01887E-4
592	-0.00111
594	-0.00134
596	-0.00119
598	-4.78827E-4
600	-0.00102
602	-8.85297E-4
604	-2.38031E-4
606	6.64234E-4
608	4.39499E-4
610	-4.37236E-4
612	-2.76971E-4
614	-0.00119
616	-0.00173
618	-0.00111
620	-0.00128
622	-0.00144
624	-0.0017
626	-0.00212
628	-0.00247
630	-8.64697E-4
632	3.45342E-4
634	-5.91618E-4
636	5.02422E-4
638	7.30462E-4
640	-4.86499E-4
642	-0.00151
644	-0.00165
646	-5.8438E-4
648	-5.2534E-4
650	-6.423E-4
652	3.3474E-4
654	3.77931E-6
656	-0.0013
658	-0.00124
660	-0.00136
662	-0.00145
664	-0.00105
666	-9.66982E-4
668	7.30574E-5
670	-2.18903E-4
672	-0.00122
674	1.17177E-4
676	9.09216E-4
678	5.32256E-4
680	-1.72704E-4
682	-0.00144
684	-0.00164
686	-7.29585E-4
688	4.12455E-4
690	0.00128
692	0.00117
694	2.62574E-4
696	-6.13866E-5
698	-7.78347E-4
700	-0.00167
702	-0.00133
704	3.47346E-4
706	2.94476E-4
708	5.70606E-4
710	4.47356E-5
712	-2.90135E-4
714	-9.46005E-4
716	-3.96875E-4
718	0.0014
720	-1.46615E-4
722	-0.00107
724	0.00166
726	0.06508
728	0.25266
730	0.51355
732	0.80071
734	1.08499
736	1.35118
738	1.59311
740	1.80873
742	2.00019
744	2.16747
746	2.31222
748	2.43854
750	2.54886
752	2.64062
754	2.66698
756	2.55673
758	2.36147
760	2.13039
762	1.89637
764	1.67435
766	1.47105
768	1.28671
770	1.12192
772	0.97751
774	0.85249
776	0.74555
778	0.65225
780	0.5714
782	0.50178
784	0.44341
786	0.39403
788	0.35164
790	0.31512
792	0.28275
794	0.25318
796	0.22814
798	0.20797
800	0.19112
802	0.17722
804	0.16328
806	0.15036
808	0.13805
810	0.12803
812	0.11887
814	0.1104
816	0.10185
818	0.09418
820	0.08663
822	0.08132
824	0.07542
826	0.071
828	0.06582
830	0.06263
832	0.05891
834	0.05345
836	0.04937
838	0.04563
840	0.04273
842	0.04085
844	0.03812
846	0.03482
848	0.03403
850	0.03068
852	0.02811
854	0.02641
856	0.02498
858	0.02384
860	0.02291
862	0.02085
864	0.02053
866	0.02051
868	0.0196
870	0.01716
872	0.01563
874	0.01497
876	0.01544
878	0.01514
880	0.01473
882	0.0145
884	0.01389
886	0.01361
888	0.01269
890	0.01291
892	0.01211
894	0.01308
896	0.0126
898	0.01132
900	0.01038
902	0.0101
904	0.00842
906	0.00812
908	0.00849
910	0.00785
912	0.00695
914	0.0064
916	0.00799
918	0.00709
920	0.0064
922	0.00581
924	0.00678
926	0.00748
928	0.0077
930	0.00678
932	0.00695
934	0.00712
936	0.00614
938	0.0047
940	0.00446
942	0.00574
944	0.00595
946	0.00616
948	0.00585
950	0.00478
952	0.00519
954	0.00528
956	0.00447
958	0.00412
960	0.00507
962	0.0052
964	0.00505
966	0.00396
968	0.00496
970	0.0055
972	0.00565
974	0.0069
976	0.00661
978	0.00545
980	0.00569
982	0.00514
984	0.00496
986	0.00384
988	0.00285
990	0.00237
992	0.00243
994	0.00318
996	0.00267
998	0.00211
1000	0.00223
1002	0.00217
1004	5.16364E-4
1006	-2.21746E-4
1008	6.49144E-4
1010	6.03415E-6
1012	0.00144
1014	0.00257
1016	0.00189
1018	4.78594E-4
1020	8.64844E-5
1022	-5.60626E-4
1024	4.36264E-4
1026	2.15155E-4
1028	0.00129
1030	0.00171
1032	0.00291
1034	0.00308
1036	0.00407
1038	0.00433
1040	0.00337
1042	0.00376
1044	0.00394
1046	0.00208
1048	0.00144
1050	0.0016
1052	0.00154
1054	0.0033
1056	0.00235
1058	0.00265
1060	0.00303
1062	0.00219
1064	0.00107
1066	6.61955E-4
1068	0.0014
1070	0.00224
1072	0.00262
1074	0.00221
1076	0.00214
1078	0.00377
1080	0.00165
1082	7.45076E-4
1084	4.07966E-4
1086	0.00167
1088	0.00253
1090	0.00212
1092	0.00186
1094	1.66416E-4
1096	4.23306E-4
1098	-1.14804E-4
1100	3.93086E-4
1102	3.40976E-4
1104	9.60866E-4
1106	0.00225
1108	0.00105
1110	0.00202
1112	0.00293
1114	0.0037
1116	0.00429
1118	0.00336
1120	0.00204
1122	0.00174
1124	0.00193
1126	0.00263
1128	0.00238
1130	0.00129
1132	0.00156
1134	0.00256
1136	0.00317
1138	0.00163
1140	2.9253E-5
1142	-3.21311E-4
1144	0.00122
1146	0.00159
1148	0.00195
1150	0.00264
1152	0.00217
1154	8.39303E-4
1156	9.01738E-4
1158	5.92174E-4
1160	5.1061E-4
1162	-8.63954E-4
1164	4.67481E-4
1166	0.00156
1168	8.05353E-4
1170	8.09788E-4
1172	7.10224E-4
1174	0.00115
1176	0.00128
1178	0.00136
1180	0.002
1182	0.00257
1184	0.00337
1186	0.00258
1188	0.00298
1190	0.00356
1192	0.00191
1194	0.00193
1196	0.00266
1198	0.00297
1200	0.00211
1202	1.97288E-4
1204	7.47579E-4
1206	5.30869E-4
1208	4.8716E-4
1210	0.00239
1212	0.00217
1214	0.00162
1216	0.00307
1218	0.00304
1220	0.00233
1222	0.00272
1224	0.00218
1226	0.00152
1228	0.00172
1230	0.0013
1232	8.57645E-4
1234	9.89936E-4
1236	0.00118
1238	9.96517E-4
1240	9.9807E-5
1242	-3.79902E-4
1244	-0.0012
1246	-0.00184
1248	-0.00152
1250	-0.00157
1252	-0.00141
1254	-0.00127
1256	-0.00117
1258	5.51257E-4
1260	0.00279
1262	0.00374
1264	0.0027
1266	0.0014
1268	6.7989E-4
1270	0.0016
1272	2.02143E-4
1274	0.00184
1276	0.00283
1278	0.0022
1280	0.00365
1282	0.00328
1284	0.00169
1286	2.64029E-4
1288	2.87156E-4
1290	0.00136
1292	0.00173
1294	4.70535E-4
1296	-4.49338E-4
1298	-3.73212E-4
1300	0.00117
1302	0.00261
1304	0.00313
1306	0.00258
1308	0.0026
1310	0.00105
1312	-7.27326E-4
1314	-8.81199E-4
1316	0.0011
1318	0.00132
1320	0.00163
1322	0.00133
1324	0.00173
1326	0.04871
1328	0.21946
1330	0.47476
1332	0.75663
1334	1.03945
1336	1.305
1338	1.5473
1340	1.76513
1342	1.9593
1344	2.12837
1346	2.27692
1348	2.40451
1350	2.51377
1352	2.6061
1354	2.64524
1356	2.55041
1358	2.36547
1360	2.13937
1362	1.90649
1364	1.68523
1366	1.48156
1368	1.298
1370	1.13285
1372	0.9864
1374	0.8597
1376	0.75086
1378	0.65568
1380	0.57423
1382	0.50523
1384	0.44557
1386	0.39356
1388	0.35022
1390	0.31368
1392	0.28148
1394	0.25486
1396	0.23127
1398	0.2103
1400	0.19167
1402	0.17499
1404	0.15895
1406	0.14688
1408	0.13609
1410	0.12408
1412	0.1158
1414	0.10831
1416	0.09972
1418	0.09363
1420	0.08821
1422	0.08141
1424	0.0757
1426	0.07068
1428	0.06594
1430	0.06169
1432	0.05636
1434	0.05317
1436	0.05111
1438	0.04724
1440	0.04281
1442	0.03849
1444	0.03713
1446	0.03548
1448	0.0348
1450	0.03439
1452	0.03231
1454	0.02913
1456	0.02753
1458	0.0256
1460	0.02378
1462	0.02242
1464	0.02036
1466	0.02002
1468	0.02046
1470	0.01985
1472	0.01832
1474	0.01707
1476	0.01695
1478	0.01637
1480	0.01595
1482	0.01525
1484	0.01398
1486	0.01246
1488	0.01051
1490	0.00894
1492	0.01038
1494	0.01072
1496	0.01144
1498	0.01028
1500	0.00898
1502	0.00909
1504	0.0092
1506	0.00955
1508	0.00739
1510	0.00591
1512	0.00578
1514	0.00709
1516	0.00598
1518	0.00699
1520	0.00746
1522	0.00736
1524	0.00617
1526	0.00487
1528	0.00631
1530	0.0071
1532	0.00684
1534	0.00683
1536	0.00512
1538	0.00457
1540	0.00444
1542	0.00503
1544	0.00413
1546	0.00205
1548	0.00236
1550	0.00225
1552	0.00192
1554	0.0029
1556	0.00268
1558	0.00118
1560	4.25698E-4
1562	0.00131
1564	0.00208
1566	0.00264
1568	0.00317
1570	0.00329
1572	0.00407
1574	0.00359
1576	0.00368
1578	0.00373
1580	0.00335
1582	0.00343
1584	0.00311
1586	0.00395
1588	0.00331
1590	0.00233
1592	0.00197
1594	0.00119
1596	0.00129
1598	0.00134
1600	0.00211
1602	0.00362
1604	0.00366
1606	0.005
1608	0.0028
1610	0.00199
1612	0.00284
1614	0.00147
1616	0.0014
1618	0.00283
1620	0.00202
1622	0.00277
1624	8.2085E-4
1626	8.30886E-4
1628	0.00237
1630	0.0031
1632	0.0021
1634	0.00202
1636	0.00265
1638	0.0032
1640	0.00338
1642	0.00265
1644	6.82105E-5
1646	-6.78753E-4
1648	9.77283E-4
1650	0.00191
1652	0.00139
1654	1.63906E-5
1656	6.33427E-4
1658	7.83463E-4
1660	1.29499E-4
1662	-2.40465E-4
1664	4.66571E-4
1666	6.46607E-4
1668	1.70643E-4
1670	-9.26321E-4
1672	-0.00137
1674	-0.00155
1676	-0.00178
1678	-0.0014
1680	-6.35141E-4
1682	-2.69105E-4
1684	2.04931E-4
1686	0.0022
1688	0.00266
1690	8.05039E-4
1692	-2.79249E-5
1694	5.75111E-4
1696	9.60147E-4
1698	0.00183
1700	0.00164
1702	0.0011
1704	0.0012
1706	0.00114
1708	8.25363E-4
1710	-6.84601E-4
1712	-5.92565E-4
1714	-1.70529E-4
1716	0.00106
1718	0.00159
1720	0.00134
1722	0.00239
1724	0.00242
1726	0.00135
1728	6.02724E-4
1730	1.5376E-4
1732	-2.56204E-4
1734	3.53832E-4
1736	0.00119
1738	2.82904E-4
1740	4.49397E-5
1742	4.78976E-4
1744	7.39012E-4
1746	-1.24952E-4
1748	-7.94916E-4
1750	-2.4088E-4
1752	-0.00121
1754	-0.00173
1756	-0.00127
1758	9.22639E-5
1760	-6.257E-4
1762	-0.00137
1764	-0.00147
1766	-0.00166
1768	-3.03556E-4
1770	0.00105
1772	0.00129
1774	0.00115
1776	0.00149
1778	5.74624E-4
1780	-8.43399E-5
1782	-3.46304E-4
1784	-0.00167
1786	-0.00152
1788	-0.00136
1790	-3.2716E-4
1792	6.44876E-4
1794	8.46912E-4
1796	8.45948E-4
1798	-5.99016E-4
1800	-4.8798E-4
1802	5.98056E-4
1804	1.18092E-4
1806	-0.00115
1808	-3.78836E-4
1810	3.852E-4
1812	-1.64763E-4
1814	-2.31286E-4
1816	-5.02926E-4
1818	2.26435E-4
1820	6.65795E-4
1822	4.39155E-4
1824	-2.91484E-4
1826	4.45876E-4
1828	6.62236E-4
1830	0.00107
1832	0.002
1834	0.00228
1836	0.00252
1838	0.0021
1840	0.00166
1842	6.32759E-4
1844	4.46119E-4
1846	3.2948E-4
1848	0.00145
1850	2.192E-4
1852	6.43561E-4
1854	1.13921E-4
1856	-0.00107
1858	-0.00111
1860	-2.29998E-4
1862	1.15362E-4
1864	-2.03277E-4
1866	-0.00123
1868	-0.00255
1870	-0.0022
1872	-0.00117
1874	-0.00162
1876	-9.35115E-4
1878	0.00138
1880	0.00101
1882	0.00162
1884	0.00111
1886	-6.35012E-4
1888	-2.17836E-5
1890	1.59445E-4
1892	-2.24327E-4
1894	-9.41099E-4
1896	-7.05871E-4
1898	-7.66643E-4
1900	-6.29415E-4
1902	-3.20187E-4
1904	-8.07958E-4
1906	-2.7473E-4
1908	-3.41502E-4
1910	-5.77274E-4
1912	4.07954E-4
1914	-5.81775E-6
1916	-0.00169
1918	-0.00156
1920	-3.32133E-4
1922	-3.03905E-4
1924	-4.34677E-4
1926	0.03497
1928	0.19044
1930	0.4342
1932	0.71628
1934	0.99891
1936	1.26599
1938	1.50756
1940	1.72296
1942	1.91602
1944	2.08469
1946	2.23336
1948	2.36204
1950	2.47124
1952	2.56639
1954	2.61946
1956	2.54254
1958	2.36635
1960	2.14633
1962	1.91597
1964	1.69538
1966	1.49198
1968	1.30719
1970	1.14294
1972	0.99701
1974	0.86852
1976	0.75791
1978	0.66259
1980	0.5812
1982	0.51165
1984	0.45018
1986	0.39869
1988	0.35513
1990	0.3164
1992	0.28268
1994	0.25396
1996	0.2288
1998	0.20782
2000	0.19108
2002	0.17549
2004	0.16036
2006	0.14664
2008	0.13413
2010	0.12357
2012	0.11492
2014	0.10789
2016	0.09982
2018	0.09271
2020	0.08566
2022	0.07877
2024	0.07294
2026	0.0682
2028	0.06325
2030	0.05842
2032	0.05465
2034	0.04907
2036	0.04403
2038	0.04214
2040	0.04004
2042	0.03657
2044	0.03324
2046	0.03006
2048	0.02782
2050	0.02596
2052	0.02501
2054	0.02405
2056	0.02145
2058	0.0194
2060	0.01884
2062	0.01935
2064	0.01982
2066	0.01799
2068	0.01789
2070	0.01601
2072	0.01422
2074	0.01398
2076	0.01298
2078	0.01303
2080	0.01393
2082	0.01432
2084	0.01306
2086	0.01255
2088	0.01102
2090	0.00964
2092	0.00915
2094	0.00788
2096	0.00854
2098	0.00773
2100	0.00703
2102	0.00583
2104	0.00421
2106	0.00364
2108	0.00301
2110	0.00265
2112	0.00202
2114	0.00305
2116	0.00443
2118	0.00606
2120	0.00527
2122	0.00535
2124	0.00599
2126	0.00476
2128	0.0031
2130	0.00215
2132	0.00193
2134	0.00149
2136	0.00184
2138	0.00158
2140	0.00262
2142	0.00326
2144	0.00303
2146	0.00258
2148	5.92957E-4
2150	-5.2052E-4
2152	8.87002E-4
2154	0.00275
2156	0.00305
2158	0.00269
2160	0.00305
2162	0.0022
2164	0.00138
2166	0.00225
2168	0.00184
2170	7.93707E-4
2172	7.9223E-4
2174	6.68753E-4
2176	0.00103
2178	6.62798E-4
2180	0.00122
2182	5.68844E-4
2184	-7.66333E-5
2186	5.05889E-4
2188	1.08412E-4
2190	6.68935E-4
2192	0.00147
2194	0.00146
2196	4.36503E-4
2198	0.00176
2200	0.00169
2202	0.0015
2204	0.00187
2206	7.03117E-4
2208	9.4364E-4
2210	0.00115
2212	5.78686E-4
2214	-5.10792E-4
2216	-0.00102
2218	-1.75746E-4
2220	-7.18223E-4
2222	-0.0015
2224	-9.02178E-4
2226	-2.95655E-4
2228	-6.55132E-4
2230	-7.8861E-4
2232	-3.82087E-4
2234	6.20436E-4
2236	-7.88041E-4
2238	-0.0015
2240	-9.69996E-4
2242	1.54527E-4
2244	-4.9695E-4
2246	-0.00164
2248	-0.00139
2250	3.33618E-4
2252	-4.93859E-4
2254	-0.00123
2256	-8.30813E-4
2258	-4.13291E-4
2260	0.0011
2262	0.00122
2264	0.00165
2266	8.488E-4
2268	-2.57677E-4
2270	-0.00168
2272	-0.00188
2274	-0.00104
2276	-4.63586E-4
2278	7.87937E-4
2280	6.0546E-4
2282	6.63983E-4
2284	-7.28495E-4
2286	-0.00218
2288	-0.00216
2290	-0.00126
2292	5.41596E-4
2294	-1.42881E-4
2296	-2.11358E-4
2298	-1.48835E-4
2300	-0.00183
2302	-0.00226
2304	-7.38267E-4
2306	0.00247
2308	0.00272
2310	0.00135
2312	9.66824E-4
2314	-2.05653E-4
2316	-1.2513E-4
2318	-0.00117
2320	-0.00189
2322	-5.75619E-5
2324	0.00135
2326	0.00141
2328	5.84006E-4
2330	6.18529E-4
2332	-2.95948E-4
2334	9.68575E-4
2336	0.00222
2338	0.00196
2340	0.00256
2342	0.00119
2344	-1.95811E-4
2346	5.77711E-4
2348	0.0017
2350	6.32757E-4
2352	4.4628E-4
2354	6.85802E-4
2356	0.00185
2358	0.00103
2360	5.15371E-4
2362	-6.63106E-4
2364	-0.00128
2366	-0.00182
2368	-0.00267
2370	-0.00282
2372	-0.00217
2374	-0.00262
2376	-0.0025
2378	-0.0019
2380	-0.00107
2382	-8.58914E-4
2384	-0.00104
2386	-9.84117E-4
2388	-9.04718E-4
2390	-5.09319E-4
2392	-0.00185
2394	-0.00125
2396	1.28775E-5
2398	1.65276E-4
2400	-0.00164
2402	-0.00265
2404	-0.00196
2406	-0.00103
2408	-3.21729E-4
2410	-8.28331E-4
2412	5.03068E-4
2414	-6.59533E-4
2416	-0.00294
2418	-0.00236
2420	-5.77336E-4
2422	-2.67938E-4
2424	-0.00108
2426	1.1786E-4
2428	4.51259E-4
2430	3.59658E-4
2432	-1.28943E-4
2434	7.20455E-4
2436	3.02854E-4
2438	0.00126
2440	-1.99348E-4
2442	4.96331E-4
2444	0.00156
2446	0.00113
2448	5.31336E-4
2450	2.6767E-4
2452	0.00246
2454	0.00199
2456	0.00202
2458	0.00171
2460	6.83448E-5
2462	-1.4932E-4
2464	-3.52985E-4
2466	-0.00105
2468	-3.36316E-4
2470	6.57019E-4
2472	5.93541E-5
2474	-6.54311E-4
2476	-0.00183
2478	-0.00188
2480	-0.00323
2482	-0.00291
2484	-0.0019
2486	-0.00118
2488	-0.00104
2490	9.9368E-5
2492	2.24703E-4
2494	4.82038E-4
2496	5.62373E-4
2498	0.00117
2500	0.00112
2502	0.00284
2504	0.00425
2506	0.00434
2508	0.00294
2510	0.00124
2512	0.00173
2514	0.00175
2516	6.4697E-4
2518	-4.90612E-4
2520	-7.94195E-4
2522	3.8223E-5
2524	1.16407E-5
2526	0.02873
2528	0.17244
2530	0.40772
2532	0.68362
2534	0.9641
2536	1.22934
2538	1.47096
2540	1.68931
2542	1.88283
2544	2.05181
2546	2.19898
2548	2.32975
2550	2.44257
2552	2.53825
2554	2.59682
2556	2.53318
2558	2.36498
2560	2.14949
2562	1.92225
2564	1.70143
2566	1.49783
2568	1.31293
2570	1.14815
2572	1.00215
2574	0.87385
2576	0.76131
2578	0.66483
2580	0.58181
2582	0.50961
2584	0.44868
2586	0.39673
2588	0.35186
2590	0.31409
2592	0.28174
2594	0.25344
2596	0.22982
2598	0.20723
2600	0.18797
2602	0.17326
2604	0.15907
2606	0.14439
2608	0.13207
2610	0.12259
2612	0.11342
2614	0.10469
2616	0.098
2618	0.09199
2620	0.08544
2622	0.07822
2624	0.07202
2626	0.0658
2628	0.06052
2630	0.05609
2632	0.05132
2634	0.04709
2636	0.04432
2638	0.04244
2640	0.03934
2642	0.03613
2644	0.03324
2646	0.03093
2648	0.02853
2650	0.02665
2652	0.02578
2654	0.02483
2656	0.0248
2658	0.02347
2660	0.02218
2662	0.02076
2664	0.01894
2666	0.01683
2668	0.01385
2670	0.01293
2672	0.01364
2674	0.01267
2676	0.01077
2678	0.01018
2680	0.01038
2682	0.00966
2684	0.00825
2686	0.00908
2688	0.00844
2690	0.00688
2692	0.00583
2694	0.00488
2696	0.00601
2698	0.00649
2700	0.00552
2702	0.00421
2704	0.00292
2706	0.00285
2708	0.0032
2710	0.00377
2712	0.00454
2714	0.00527
2716	0.00288
2718	0.00186
2720	0.00194
2722	0.00138
2724	-6.80877E-4
2726	1.76523E-4
2728	9.16923E-4
2730	6.49323E-4
2732	3.51722E-4
2734	0.00225
2736	0.00214
2738	2.63922E-4
2740	-2.14679E-4
2742	-4.68279E-4
2744	-4.45879E-4
2746	4.5052E-4
2748	0.00101
2750	0.00115
2752	3.3372E-4
2754	0.00184
2756	0.00258
2758	0.00225
2760	0.00222
2762	0.00156
2764	9.34118E-4
2766	-6.54823E-5
2768	3.45917E-4
2770	-8.07683E-4
2772	-9.41283E-4
2774	-3.69883E-4
2776	-9.33484E-4
2778	4.76916E-4
2780	0.00218
2782	0.00214
2784	0.00295
2786	0.00169
2788	4.51915E-4
2790	8.3006E-4
2792	0.00147
2794	0.00142
2796	1.61139E-5
2798	6.08132E-4
2800	3.01498E-5
2802	-2.44832E-4
2804	-0.00146
2806	-0.00168
2808	-0.0011
2810	-5.2676E-4
2812	4.17258E-4
2814	0.00138
2816	0.0029
2818	0.00319
2820	0.00335
2822	0.00335
2824	0.00238
2826	0.00229
2828	0.00148
2830	-5.75804E-5
2832	-1.76562E-4
2834	6.96456E-4
2836	0.00244
2838	0.00239
2840	0.00173
2842	0.00171
2844	9.75545E-4
2846	0.00145
2848	0.00241
2850	0.00147
2852	5.35617E-4
2854	0.00127
2856	0.00281
2858	0.00336
2860	0.00147
2862	0.0016
2864	0.0011
2866	0.00104
2868	0.00114
2870	0.00274
2872	0.00273
2874	0.0023
2876	0.0011
2878	2.73721E-5
2880	-0.00139
2882	-0.00135
2884	2.94534E-4
2886	-7.58412E-4
2888	-0.00275
2890	-0.00351
2892	-0.00263
2894	-7.99196E-4
2896	8.90858E-4
2898	4.79912E-4
2900	-8.30338E-5
2902	-6.2298E-4
2904	-9.88926E-4
2906	-3.46872E-4
2908	0.00191
2910	0.00273
2912	0.00106
2914	0.001
2916	0.00174
2918	7.93452E-4
2920	-0.00229
2922	-0.00283
2924	-0.00194
2926	-0.00138
2928	-2.75278E-4
2930	2.6193E-4
2932	1.64138E-4
2934	2.63345E-4
2936	3.31553E-4
2938	-0.0012
2940	-0.00142
2942	-0.00111
2944	-0.00209
2946	-0.00257
2948	-0.00257
2950	-0.00188
2952	-0.00132
2954	2.26422E-4
2956	0.00183
2958	0.0019
2960	0.00113
2962	2.55253E-4
2964	-8.8354E-4
2966	1.48668E-4
2968	0.00138
2970	-0.00103
2972	-5.15709E-4
2974	2.66499E-4
2976	-9.12935E-5
2978	-9.94086E-4
2980	-1.95878E-4
2982	-5.1467E-4
2984	-0.00143
2986	-8.87255E-4
2988	-3.91047E-4
2990	7.1216E-4
2992	5.64368E-4
2994	-8.64244E-5
2996	-1.15217E-4
2998	-6.42023E-4
3000	-9.55901E-4
3002	-0.0021
3004	-0.00261
3006	-0.00214
3008	-0.0015
3010	-7.74288E-4
3012	-6.49165E-4
3014	-7.04275E-6
3016	-5.2392E-4
3018	-7.17976E-5
3020	9.83249E-5
3022	-8.85552E-4
3024	-0.00107
3026	-7.33074E-5
3028	5.53815E-4
3030	2.25938E-4
3032	2.1506E-4
3034	4.67183E-4
3036	0.00117
3038	5.72428E-4
3040	-4.74449E-4
3042	-1.85327E-4
3044	-1.48204E-4
3046	0.00122
3048	0.00247
3050	0.00163
3052	8.52286E-4
3054	0.00133
3056	0.00126
3058	0.00128
3060	0.00142
3062	1.18899E-4
3064	-0.00101
3066	-0.00119
3068	-0.00153
3070	-5.54991E-4
3072	-0.002
3074	-0.00259
3076	-0.00387
3078	-0.00463
3080	-0.00321
3082	-3.17465E-4
3084	9.72122E-4
3086	6.7471E-4
3088	-1.61703E-4
3090	0.00103
3092	0.00133
3094	5.5006E-4
3096	7.02648E-4
3098	0.00135
3100	9.40823E-4
3102	3.1641E-4
3104	-9.99002E-4
3106	-0.00124
3108	-0.00104
3110	-0.00116
3112	-0.00154
3114	-8.48064E-4
3116	-6.98477E-4
3118	1.27111E-4
3120	0.00118
3122	0.00187
3124	1.89874E-4
3126	0.02076
3128	0.14596
3130	0.37319
3132	0.64425
3134	0.92021
3136	1.18574
3138	1.43177
3140	1.6545
3142	1.85184
3144	2.02402
3146	2.17512
3148	2.30528
3150	2.41856
3152	2.51742
3154	2.58498
3156	2.53718
3158	2.37627
3160	2.16326
3162	1.93851
3164	1.71798
3166	1.51228
3168	1.32705
3170	1.16081
3172	1.01375
3174	0.88297
3176	0.77128
3178	0.67319
3180	0.58844
3182	0.5172
3184	0.45505
3186	0.40118
3188	0.35336
3190	0.31254
3192	0.27822
3194	0.251
3196	0.22605
3198	0.20485
3200	0.18533
3202	0.17092
3204	0.15699
3206	0.14309
3208	0.13274
3210	0.12153
3212	0.11233
3214	0.10531
3216	0.09586
3218	0.08762
3220	0.08071
3222	0.07451
3224	0.0686
3226	0.06422
3228	0.05799
3230	0.0541
3232	0.05015
3234	0.04668
3236	0.04396
3238	0.0395
3240	0.03603
3242	0.03396
3244	0.03207
3246	0.03021
3248	0.02913
3250	0.02731
3252	0.02433
3254	0.02291
3256	0.0214
3258	0.02025
3260	0.01871
3262	0.01655
3264	0.01453
3266	0.01469
3268	0.01448
3270	0.01282
3272	0.01195
3274	0.01143
3276	0.00949
3278	0.00863
3280	0.00771
3282	0.00591
3284	0.00654
3286	0.0056
3288	0.00542
3290	0.00553
3292	0.00474
3294	0.00444
3296	0.00506
3298	0.00532
3300	0.00425
3302	0.00484
3304	0.00511
3306	0.00508
3308	0.0042
3310	0.00303
3312	0.00228
3314	0.00264
3316	0.00278
3318	0.00239
3320	0.0029
3322	0.00305
3324	0.00237
3326	0.00177
3328	7.13555E-4
3330	0.00136
3332	0.00157
3334	9.91365E-4
3336	0.00153
3338	0.0026
3340	0.00117
3342	-0.00142
3344	-7.43617E-4
3346	-9.53013E-4
3348	-3.8005E-4
3350	-6.79088E-4
3352	-0.00239
3354	-0.0017
3356	-9.952E-4
3358	-0.00175
3360	-0.00108
3362	-0.00137
3364	2.93651E-4
3366	7.71614E-4
3368	1.61576E-4
3370	1.38539E-4
3372	2.07502E-4
3374	9.50464E-4
3376	0.00135
3378	0.00126
3380	0.0015
3382	0.00223
3384	0.00226
3386	0.00218
3388	0.00262
3390	9.56165E-4
3392	2.79128E-4
3394	0.00118
3396	3.07053E-4
3398	4.54016E-4
3400	0.00113
3402	4.19941E-4
3404	-1.97096E-4
3406	3.45867E-4
3408	-1.48171E-4
3410	-0.00222
3412	-0.00217
3414	-0.0015
3416	-0.00245
3418	-0.00348
3420	-0.00202
3422	-0.00151
3424	-8.97649E-4
3426	3.98951E-4
3428	-2.5845E-4
3430	7.7915E-4
3432	1.6575E-4
3434	-0.00104
3436	-0.00161
3438	-3.85452E-4
3440	0.00185
3442	0.00202
3444	-3.66653E-4
3446	-0.00122
3448	-2.27454E-4
3450	-0.00125
3452	-0.00237
3454	-0.00294
3456	-0.00228
3458	-0.00119
3460	3.71438E-5
3462	4.54743E-4
3464	8.82343E-4
3466	0.00143
3468	3.95542E-4
3470	7.51417E-5
3472	-1.52259E-4
3474	3.45341E-4
3476	0.0016
3478	0.00174
3480	0.00192
3482	0.00131
3484	0.00107
3486	-8.16807E-4
3488	-0.00213
3490	-0.00214
3492	-0.00243
3494	-0.00145
3496	-0.00145
3498	4.19371E-4
3500	6.04734E-4
3502	5.85098E-4
3504	-3.60539E-4
3506	-0.0016
3508	-5.15813E-4
3510	3.4955E-4
3512	-3.13087E-4
3514	-5.47241E-5
3516	3.32639E-4
3518	1.90021E-5
3520	-1.47635E-4
3522	-0.00125
3524	-0.00293
3526	-0.00156
3528	-8.24183E-4
3530	3.84181E-4
3532	3.34544E-4
3534	-4.08093E-4
3536	-7.2973E-4
3538	-4.92367E-4
3540	0.00125
3542	0.00228
3544	0.00124
3546	0.00171
3548	0.00192
3550	3.86811E-4
3552	-2.32826E-4
3554	-3.97463E-4
3556	-6.27178E-5
3558	0.00145
3560	0.00158
3562	9.11662E-4
3564	-0.00125
3566	2.38915E-4
3568	0.00141
3570	0.00159
3572	6.07295E-4
3574	3.13421E-4
3576	7.59548E-4
3578	2.49674E-4
3580	-2.69199E-4
3582	-5.62072E-4
3584	-0.00167
3586	-0.00133
3588	-0.00145
3590	-0.0019
3592	-0.00171
3594	-0.00176
3596	1.09813E-4
3598	2.6494E-4
3600	1.95067E-4
3602	-1.52807E-4
3604	-2.7268E-4
3606	7.38446E-4
3608	0.00123
3610	8.93699E-4
3612	8.08259E-5
3614	-0.00104
3616	-3.93921E-4
3618	5.23206E-4
3620	-4.75668E-4
3622	-0.00165
3624	-0.00249
3626	-9.14697E-4
3628	-8.70183E-4
3630	-0.00112
3632	-2.77155E-4
3634	-1.10641E-4
3636	-3.92127E-4
3638	-4.62613E-4
3640	-2.98099E-4
3642	-6.51585E-4
3644	-4.70706E-5
3646	-4.69557E-4
3648	8.39957E-4
3650	0.00153
3652	0.0011
3654	0.00255
3656	0.0023
3658	0.002
3660	0.00292
3662	0.00311
3664	0.00322
3666	0.00386
3668	0.00302
3670	8.93611E-4
3672	1.93125E-4
3674	0.00133
3676	0.00179
3678	-7.09333E-4
3680	-5.68188E-5
3682	2.62695E-4
3684	4.01209E-4
3686	2.93723E-4
3688	-0.00111
3690	-6.65249E-4
3692	1.54265E-4
3694	-3.94221E-4
3696	2.20091E-4
3698	-9.21838E-4
3700	-0.00252
3702	-0.00274
3704	-0.00194
3706	-0.00146
3708	-0.00215
3710	-7.92411E-4
3712	3.8066E-4
3714	-0.00106
3716	-0.00153
3718	-0.00232
3720	-0.00149
3722	5.46015E-4
3724	1.24086E-4
3726	0.01517
3728	0.13172
3730	0.35388
3732	0.62254
3734	0.90115
3736	1.16579
3738	1.41081
3740	1.635
3742	1.8326
3744	2.00727
3746	2.16074
3748	2.29209
3750	2.4076
3752	2.50632
3754	2.57696
3756	2.54202
3758	2.39054
3760	2.17881
3762	1.95108
3764	1.72778
3766	1.52167
3768	1.33341
3770	1.16255
3772	1.01365
3774	0.88437
3776	0.77232
3778	0.67225
3780	0.58679
3782	0.51503
3784	0.45256
3786	0.39874
3788	0.35297
3790	0.31411
3792	0.28157
3794	0.25287
3796	0.22826
3798	0.20673
3800	0.18759
3802	0.17225
3804	0.15701
3806	0.14326
3808	0.13107
3810	0.12087
3812	0.11209
3814	0.10339
3816	0.09479
3818	0.08845
3820	0.0818
3822	0.07577
3824	0.07066
3826	0.06449
3828	0.06006
3830	0.05557
3832	0.05061
3834	0.04657
3836	0.04243
3838	0.04164
3840	0.04036
3842	0.03661
3844	0.0327
3846	0.03081
3848	0.02901
3850	0.0277
3852	0.02589
3854	0.02338
3856	0.02133
3858	0.01913
3860	0.01787
3862	0.01636
3864	0.01555
3866	0.01387
3868	0.01245
3870	0.01161
3872	0.01122
3874	0.0107
3876	0.00878
3878	0.00839
3880	0.00802
3882	0.00767
3884	0.00721
3886	0.00645
3888	0.00604
3890	0.00574
3892	0.00427
3894	0.00445
3896	0.00443
3898	0.00215
3900	0.00296
3902	0.00372
3904	0.00381
3906	0.00605
3908	0.0052
3910	0.00474
3912	0.00334
3914	0.0033
3916	0.0037
3918	0.00345
3920	0.00233
3922	0.00194
3924	-1.05247E-4
3926	7.77627E-5
3928	0.00142
3930	0.00196
3932	0.0036
3934	0.00231
3936	-7.1191E-5
3938	-9.47182E-4
3940	-3.02172E-4
3942	4.08368E-5
3944	-2.47154E-4
3946	8.48553E-5
3948	-9.57135E-4
3950	-0.00214
3952	-0.00235
3954	-0.00107
3956	-0.00121
3958	-0.00155
3960	-0.00246
3962	-0.00158
3964	-4.29061E-4
3966	-0.00133
3968	-0.00102
3970	6.62966E-4
3972	8.91976E-4
3974	0.00169
3976	0.00219
3978	7.22797E-4
3980	4.17923E-4
3982	-2.4095E-4
3984	-0.00112
3986	3.87303E-4
3988	3.7643E-4
3990	-7.74439E-5
3992	-7.43173E-5
3994	5.19809E-4
3996	0.00132
3998	3.63062E-4
4000	1.61889E-5
4002	-1.89684E-4
4004	0.00214
4006	0.0015
4008	5.35695E-4
4010	8.30822E-4
4012	6.47948E-4
4014	5.22075E-4
4016	0.00136
4018	0.0026
4020	0.00171
4022	2.39581E-4
4024	-2.28292E-4
4026	-6.02166E-4
4028	-0.0012
4030	-6.70913E-4
4032	-0.00203
4034	-5.3166E-4
4036	-6.37533E-4
4038	3.15594E-4
4040	-1.8028E-4
4042	-1.09153E-4
4044	1.09464E-4
4046	-6.93173E-4
4048	-4.8781E-4
4050	7.28553E-4
4052	2.13917E-4
4054	1.0328E-4
4056	4.95643E-4
4058	6.79006E-4
4060	1.18369E-4
4062	-3.59268E-4
4064	-6.09905E-4
4066	-7.75419E-5
4068	4.65821E-4
4070	0.00122
4072	0.00177
4074	0.00117
4076	0.00111
4078	-5.13363E-4
4080	-7.53E-4
4082	-9.45637E-4
4084	0.00113
4086	0.00158
4088	0.00235
4090	0.00167
4092	0.0015
4094	7.92541E-4
4096	6.63904E-4
4098	-0.0014
4100	-0.0012
4102	-0.00127
4104	-0.00212
4106	-0.00115
4108	6.30826E-5
4110	-2.18554E-4
4112	6.35809E-4
4114	7.06808E-4
4116	8.43335E-4
4118	9.13862E-4
4120	0.00177
4122	6.49916E-4
4124	6.14443E-4
4126	0.00122
4128	9.82497E-4
4130	0.00137
4132	0.00122
4134	3.25078E-4
4136	4.24605E-4
4138	0.00143
4140	0.00144
4142	1.98186E-4
4144	-4.86287E-4
4146	-3.2276E-4
4148	-4.51233E-4
4150	-3.08706E-4
4152	-0.00124
4154	-0.00266
4156	-0.00229
4158	-0.00143
4160	-9.97071E-4
4162	-8.28544E-4
4164	-0.00112
4166	-9.8349E-4
4168	6.18037E-4
4170	0.00166
4172	0.00137
4174	0.00199
4176	0.00235
4178	9.75672E-4
4180	1.08199E-4
4182	-4.78275E-4
4184	-6.78839E-4
4186	-0.00213
4188	-0.00179
4190	-6.83532E-4
4192	-1.57096E-4
4194	-2.5466E-4
4196	-9.97225E-4
4198	-0.00106
4200	-0.0012
4202	-0.00202
4204	-0.00167
4206	-1.17046E-4
4208	5.59389E-4
4210	1.77825E-4
4212	4.48261E-4
4214	5.54697E-4
4216	7.01322E-5
4218	-0.00119
4220	-5.46996E-4
4222	-0.00119
4224	-0.00132
4226	-0.00101
4228	-0.00159
4230	-0.00183
4232	-1.56382E-4
4234	-1.97947E-4
4236	-1.00511E-4
4238	-0.00118
4240	-9.2864E-4
4242	-1.11204E-4
4244	8.62318E-5
4246	1.21668E-4
4248	-9.45897E-4
4250	1.82539E-4
4252	9.91284E-4
4254	-1.67426E-4
4256	-0.00156
4258	-0.00134
4260	-5.21554E-4
4262	6.26736E-4
4264	-3.67974E-4
4266	-0.00246
4268	-8.97393E-4
4270	7.71898E-4
4272	-1.38117E-5
4274	0.00155
4276	0.00126
4278	0.00138
4280	0.00277
4282	0.00407
4284	0.00379
4286	0.00311
4288	5.02512E-4
4290	-5.41198E-4
4292	1.32093E-4
4294	-1.68617E-4
4296	-1.05326E-4
4298	0.00127
4300	0.00117
4302	7.92545E-4
4304	2.11836E-4
4306	6.41261E-5
4308	0.00217
4310	0.00165
4312	6.92997E-4
4314	3.64288E-4
4316	-2.09422E-4
4318	0.00137
4320	0.00206
4322	0.00264
4324	0.00276
4326	0.01264
4328	0.11096
4330	0.32005
4332	0.58251
4334	0.85763
4336	1.12375
4338	1.37025
4340	1.59266
4342	1.79342
4344	1.9669
4346	2.11872
4348	2.25253
4350	2.36765
4352	2.46434
4354	2.5428
4356	2.52697
4358	2.38581
4360	2.18321
4362	1.96015
4364	1.73979
4366	1.53317
4368	1.34379
4370	1.1747
4372	1.02698
4374	0.89611
4376	0.78161
4378	0.68129
4380	0.59615
4382	0.52314
4384	0.45976
4386	0.40509
4388	0.3579
4390	0.31866
4392	0.28519
4394	0.25575
4396	0.23083
4398	0.20825
4400	0.18835
4402	0.17102
4404	0.15548
4406	0.14195
4408	0.12982
4410	0.11826
4412	0.10874
4414	0.10205
4416	0.09445
4418	0.08657
4420	0.07957
4422	0.073
4424	0.06863
4426	0.06421
4428	0.05962
4430	0.05491
4432	0.05109
4434	0.04854
4436	0.04519
4438	0.04235
4440	0.03853
4442	0.03485
4444	0.03165
4446	0.02963
4448	0.02706
4450	0.02464
4452	0.02324
4454	0.02191
4456	0.01999
4458	0.01915
4460	0.01765
4462	0.01597
4464	0.01436
4466	0.01306
4468	0.0123
4470	0.01
4472	0.00925
4474	0.00799
4476	0.00757
4478	0.0076
4480	0.00802
4482	0.0066
4484	0.00599
4486	0.00567
4488	0.00562
4490	0.00533
4492	0.00557
4494	0.00553
4496	0.00467
4498	0.00469
4500	0.00429
4502	0.0042
4504	0.0038
4506	0.00355
4508	0.0032
4510	0.00307
4512	0.00335
4514	0.00262
4516	0.00154
4518	7.16182E-5
4520	2.36817E-4
4522	0.00287
4524	0.00346
4526	0.00306
4528	0.0026
4530	0.00243
4532	6.86921E-4
4534	-1.73189E-4
4536	-4.71298E-4
4538	8.26592E-4
4540	0.00217
4542	0.00122
4544	5.15262E-4
4546	0.00165
4548	0.00389
4550	0.00249
4552	0.00194
4554	0.00131
4556	0.00283
4558	0.00309
4560	0.00226
4562	4.43272E-4
4564	4.14162E-4
4566	0.00167
4568	0.00106
4570	7.97832E-4
4572	3.67224E-5
4574	-0.00115
4576	-0.0022
4578	-0.00288
4580	-0.00196
4582	-0.00223
4584	-0.00237
4586	-0.00141
4588	-0.00129
4590	-0.00209
4592	-0.00123
4594	-0.00143
4596	-7.66597E-4
4598	-5.24707E-4
4600	-5.93817E-4
4602	-0.00111
4604	-0.00129
4606	-0.00105
4608	-2.39365E-4
4610	-9.15002E-4
4612	-0.00153
4614	3.64725E-4
4616	8.20876E-5
4618	-1.08549E-4
4620	-6.23186E-4
4622	7.21768E-5
4624	-5.94601E-5
4626	-0.00135
4628	-1.55734E-4
4630	2.08629E-4
4632	-0.00138
4634	-9.34645E-4
4636	0.00111
4638	0.00121
4640	0.00148
4642	0.00157
4644	7.25171E-4
4646	0.00126
4648	2.28897E-4
4650	8.6826E-4
4652	0.00258
4654	6.32986E-4
4656	-3.16651E-4
4658	-0.00118
4660	-5.34925E-4
4662	-9.54562E-4
4664	-0.00181
4666	-0.0032
4668	-0.0028
4670	-0.00184
4672	-0.0019
4674	-9.29075E-4
4676	-8.46185E-4
4678	3.17053E-5
4680	-0.0013
4682	-0.00304
4684	-0.00286
4686	-0.00112
4688	-0.00141
4690	-6.92954E-4
4692	3.85936E-4
4694	0.00175
4696	0.00199
4698	0.00128
4700	4.52496E-4
4702	3.79386E-4
4704	-8.14724E-4
4706	-8.77834E-4
4708	-4.79441E-5
4710	-9.34054E-4
4712	-3.41164E-4
4714	0.0017
4716	0.00176
4718	0.00125
4720	7.23396E-4
4722	0.00116
4724	0.00111
4726	-4.99336E-5
4728	-6.19044E-4
4730	-5.12154E-4
4732	0.0012
4734	-4.87373E-4
4736	-5.74834E-5
4738	-1.59593E-4
4740	-0.00141
4742	-0.00135
4744	-1.71705E-4
4746	4.53422E-4
4748	-2.59452E-4
4750	-1.9325E-5
4752	-8.53198E-4
4754	-7.27072E-4
4756	-4.74945E-4
4758	-3.80819E-4
4760	-5.66922E-5
4762	2.74343E-5
4764	-4.86439E-4
4766	-0.0013
4768	-0.00171
4770	-1.69059E-4
4772	3.81067E-4
4774	-1.06806E-4
4776	0.00112
4778	-8.03553E-4
4780	-9.45427E-4
4782	-5.023E-4
4784	-0.00205
4786	-0.00219
4788	-0.00162
4790	-0.00191
4792	-0.00104
4794	0.00138
4796	0.00108
4798	9.59712E-4
4800	-7.14161E-4
4802	-5.38034E-4
4804	-5.31908E-4
4806	2.46219E-4
4808	8.37345E-4
4810	0.00183
4812	0.00179
4814	9.7909E-4
4816	3.75163E-4
4818	5.57235E-4
4820	0.00182
4822	0.0024
4824	0.00105
4826	-5.81474E-4
4828	-1.63402E-4
4830	0.00225
4832	0.00207
4834	0.00103
4836	2.64889E-4
4838	1.48961E-4
4840	4.78034E-4
4842	-1.75893E-4
4844	3.21793E-5
4846	0.00121
4848	0.00116
4850	3.88397E-4
4852	-4.0353E-4
4854	-6.22458E-4
4856	-0.00199
4858	-0.00319
4860	-0.00344
4862	-0.00221
4864	-0.00139
4866	-1.50022E-4
4868	-0.0022
4870	-0.0026
4872	-4.71804E-4
4874	-2.94732E-4
4876	-5.35659E-4
4878	1.38414E-4
4880	1.73102E-5
4882	0.00168
4884	0.00204
4886	0.00285
4888	0.00289
4890	0.00301
4892	5.11161E-4
4894	-0.00106
4896	3.90778E-4
4898	0.00137
4900	0.0014
4902	-7.84297E-4
4904	-0.00124
4906	-3.76801E-5
4908	-2.82372E-4
4910	4.05937E-4
4912	5.02245E-4
4914	0.00181
4916	0.00158
4918	5.80171E-4
4920	4.45479E-4
4922	-7.94213E-4
4924	1.62096E-4
4926	0.00799
4928	0.09614
4930	0.2989
4932	0.55708
4934	0.82967
4936	1.09332
4938	1.33778
4940	1.55999
4942	1.75629
4944	1.92998
4946	2.08186
4948	2.21204
4950	2.32495
4952	2.42189
4954	2.50035
4956	2.4951
4958	2.36638
4960	2.17103
4962	1.95187
4964	1.73344
4966	1.52944
4968	1.34417
4970	1.17535
4972	1.02545
4974	0.89414
4976	0.78005
4978	0.681
4980	0.59677
4982	0.52302
4984	0.45966
4986	0.40566
4988	0.35793
4990	0.31814
4992	0.2845
4994	0.25586
4996	0.23137
4998	0.20919
5000	0.18924
5002	0.17139
5004	0.15709
5006	0.14412
5008	0.13213
5010	0.12097
5012	0.11036
5014	0.10136
5016	0.09247
5018	0.08521
5020	0.07879
5022	0.07374
5024	0.06836
5026	0.06319
5028	0.05824
5030	0.05411
5032	0.05033
5034	0.0449
5036	0.04194
5038	0.03957
5040	0.03778
5042	0.03551
5044	0.03315
5046	0.02889
5048	0.02599
5050	0.02534
5052	0.02454
5054	0.02226
5056	0.01991
5058	0.01859
5060	0.01825
5062	0.01773
5064	0.01716
5066	0.01606
5068	0.01346
5070	0.01168
5072	0.01091
5074	0.01062
5076	0.00988
5078	0.00842
5080	0.00725
5082	0.00724
5084	0.00657
5086	0.00771
5088	0.00619
5090	0.00608
5092	0.0067
5094	0.00646
5096	0.00575
5098	0.00638
5100	0.00658
5102	0.00688
5104	0.00828
5106	0.00751
5108	0.00602
5110	0.00532
5112	0.0044
5114	0.00487
5116	0.00416
5118	0.00433
5120	0.00335
5122	0.00369
5124	0.00359
5126	0.00249
5128	0.00144
5130	-5.03225E-4
5132	-0.00102
5134	3.60647E-4
5136	0.00125
5138	9.47518E-4
5140	1.50954E-4
5142	-0.00293
5144	-0.00179
5146	-0.00177
5148	-6.62303E-4
5150	7.37132E-4
5152	5.42568E-4
5154	-4.39963E-5
5156	4.21439E-4
5158	3.86299E-4
5160	7.90074E-5
5162	0.00109
5164	0.00123
5166	8.80132E-4
5168	-6.1216E-4
5170	-4.59452E-4
5172	-3.04744E-4
5174	-8.15035E-4
5176	-0.00136
5178	-0.00132
5180	-5.27911E-4
5182	5.02797E-4
5184	4.75054E-5
5186	-0.00167
5188	-0.00198
5190	-0.00129
5192	-2.42662E-4
5194	-0.00164
5196	-0.00201
5198	-0.00163
5200	-6.43829E-4
5202	-7.75121E-4
5204	-9.15413E-4
5206	-0.00115
5208	-8.89997E-4
5210	-9.22288E-4
5212	-5.8958E-4
5214	-0.00164
5216	-0.0014
5218	-4.45456E-4
5220	-2.48748E-4
5222	-0.00206
5224	-0.00106
5226	3.20377E-4
5228	4.40194E-4
5230	5.79121E-4
5232	4.09048E-4
5234	0.00102
5236	8.44901E-4
5238	0.00118
5240	0.00173
5242	0.00197
5244	0.00192
5246	0.00178
5248	-4.04539E-4
5250	-0.00191
5252	-0.00171
5254	-0.0015
5256	-0.00104
5258	-8.38905E-4
5260	2.47021E-4
5262	-2.19052E-4
5264	-0.0014
5266	-0.00218
5268	-0.00247
5270	-0.00211
5272	-0.00189
5274	-6.24492E-4
5276	4.41435E-4
5278	5.85362E-4
5280	-3.02712E-4
5282	-9.14785E-4
5284	5.91418E-5
5286	0.00185
5288	8.61995E-4
5290	5.08922E-4
5292	0.00152
5294	4.25775E-4
5296	-5.3298E-5
5298	8.98629E-4
5300	7.13555E-4
5302	1.44482E-4
5304	0.00152
5306	0.00135
5308	0.00124
5310	0.00139
5312	6.84116E-4
5314	2.50423E-5
5316	-3.92031E-4
5318	-0.00163
5320	-0.00131
5322	-0.00149
5324	-0.00207
5326	-5.52398E-4
5328	0.00126
5330	9.99456E-4
5332	-6.06175E-5
5334	-3.09691E-4
5336	9.60236E-4
5338	-7.23837E-4
5340	-3.29911E-4
5342	-7.73984E-4
5344	-7.36057E-4
5346	8.72869E-4
5348	0.00176
5350	6.20723E-4
5352	-2.6735E-4
5354	-5.21424E-4
5356	-4.74971E-5
5358	-1.5357E-4
5360	2.30356E-4
5362	-4.12717E-4
5364	-0.00274
5366	-0.002
5368	-5.88119E-4
5370	-2.1741E-4
5372	-0.00144
5374	-0.00215
5376	-0.00233
5378	-0.00314
5380	-0.00232
5382	-0.0016
5384	-6.43451E-4
5386	-0.00151
5388	-0.00182
5390	-0.00154
5392	-0.00103
5394	-0.00204
5396	-0.00206
5398	-0.00121
5400	3.70217E-4
5402	4.23925E-4
5404	-7.03661E-5
5406	0.00113
5408	0.00147
5410	3.11759E-4
5412	-2.15532E-4
5414	-1.08824E-4
5416	-6.87115E-4
5418	-8.23407E-4
5420	-0.00106
5422	-3.4799E-4
5424	5.86719E-4
5426	0.00141
5428	0.00183
5430	0.00161
5432	0.00129
5434	0.00252
5436	0.00285
5438	0.0032
5440	0.00363
5442	0.00323
5444	0.00127
5446	0.00137
5448	0.00143
5450	9.93242E-4
5452	-2.40862E-4
5454	-6.05965E-4
5456	-0.00159
5458	-3.29173E-4
5460	1.7723E-5
5462	-0.00132
5464	-0.00137
5466	-0.00212
5468	-0.00324
5470	-0.00335
5472	-0.00208
5474	-6.54004E-4
5476	-9.40108E-4
5478	-0.00108
5480	-0.00256
5482	-0.00199
5484	-0.0023
5486	3.31372E-4
5488	8.76269E-4
5490	0.0011
5492	1.81061E-4
5494	3.05957E-4
5496	0.00113
5498	0.00211
5500	0.00311
5502	0.00365
5504	0.00221
5506	0.00165
5508	0.00144
5510	0.00155
5512	9.77282E-4
5514	1.57839E-4
5516	0.00157
5518	0.00153
5520	0.00127
5522	6.52068E-4
5524	-3.53743E-5
5526	0.00157
5528	0.07067
5530	0.25628
5532	0.50395
5534	0.77026
5536	1.02956
5538	1.27429
5540	1.49703
5542	1.69337
5544	1.86706
5546	2.01869
5548	2.14866
5550	2.26183
5552	2.361
5554	2.44539
5556	2.46033
5558	2.34585
5560	2.15877
5562	1.94406
5564	1.72873
5566	1.52596
5568	1.34073
5570	1.17192
5572	1.02182
5574	0.89105
5576	0.77749
5578	0.67737
5580	0.59212
5582	0.51856
5584	0.45442
5586	0.40021
5588	0.35417
5590	0.31375
5592	0.28105
5594	0.25136
5596	0.22447
5598	0.20423
5600	0.18643
5602	0.17055
5604	0.15561
5606	0.1423
5608	0.12947
5610	0.11701
5612	0.107
5614	0.1007
5616	0.09154
5618	0.0845
5620	0.07922
5622	0.07328
5624	0.06729
5626	0.06241
5628	0.05731
5630	0.05102
5632	0.04725
5634	0.04507
5636	0.04058
5638	0.03666
5640	0.03535
5642	0.03258
5644	0.03032
5646	0.02923
5648	0.02641
5650	0.02458
5652	0.02332
5654	0.02037
5656	0.01833
5658	0.01832
5660	0.01871
5662	0.01865
5664	0.01791
5666	0.01558
5668	0.01325
5670	0.01194
5672	0.01049
5674	0.01101
5676	0.01046
5678	0.00859
5680	0.00783
5682	0.00623
5684	0.00557
5686	0.00472
5688	0.00365
5690	0.00397
5692	0.00443
5694	0.0038
5696	0.00333
5698	0.00351
5700	0.00482
5702	0.00298
5704	0.00217
5706	0.00219
5708	0.00278
5710	0.00219
5712	0.00133
5714	0.00131
5716	6.73233E-4
5718	5.17887E-4
5720	4.5054E-4
5722	0.00136
5724	0.00135
5726	0.00111
5728	4.01154E-4
5730	0.00174
5732	0.00181
5734	0.00267
5736	0.00254
5738	0.00418
5740	0.00299
5742	0.00216
5744	0.00143
5746	0.00106
5748	0.00103
5750	0.00132
5752	-2.33003E-4
5754	-0.00195
5756	-0.00175
5758	-0.00127
5760	-9.05389E-4
5762	-0.00138
5764	-0.002
5766	-0.00152
5768	-7.05775E-4
5770	-0.00219
5772	-0.00192
5774	6.20186E-4
5776	0.00121
5778	8.53493E-4
5780	1.90146E-4
5782	-5.512E-4
5784	-0.00111
5786	-6.41802E-4
5788	-5.78439E-4
5790	-0.00189
5792	-0.00226
5794	-7.8435E-4
5796	8.07013E-4
5798	0.00137
5800	3.1374E-4
5802	2.76103E-4
5804	0.00109
5806	0.00213
5808	7.35192E-4
5810	2.95555E-4
5812	8.52918E-4
5814	3.18281E-4
5816	4.44644E-4
5818	0.00125
5820	0.00199
5822	0.00221
5824	2.45096E-4
5826	-5.40541E-4
5828	3.85823E-4
5830	5.90186E-4
5832	9.11549E-4
5834	3.94912E-4
5836	-5.04725E-4
5838	-7.44362E-4
5840	-0.001
5842	-0.0032
5844	-0.00406
5846	-0.00338
5848	-0.00339
5850	-0.00201
5852	-5.83821E-4
5854	-5.94575E-5
5856	0.00165
5858	0.00302
5860	7.8714E-4
5862	-1.71661E-4
5864	-4.79462E-4
5866	5.63738E-4
5868	0.00103
5870	0.00126
5872	0.00124
5874	6.37534E-4
5876	-0.00129
5878	-7.03067E-4
5880	-2.90868E-4
5882	-5.39669E-4
5884	-0.00132
5886	-9.57271E-4
5888	-0.00217
5890	-0.00252
5892	-0.0029
5894	-0.00295
5896	-0.00329
5898	-0.00257
5900	-0.00252
5902	-9.11677E-4
5904	0.00137
5906	0.00122
5908	0.00175
5910	0.00255
5912	0.00129
5914	1.24518E-4
5916	5.89717E-4
5918	0.00126
5920	-8.88476E-6
5922	2.13144E-5
5924	2.90041E-4
5926	0.00117
5928	-4.66233E-4
5930	-4.4987E-4
5932	3.94932E-5
5934	-0.00126
5936	-0.00182
5938	-0.00105
5940	-8.08055E-4
5942	-5.88691E-4
5944	8.12672E-4
5946	7.18035E-4
5948	4.56398E-4
5950	-4.38239E-4
5952	-5.09876E-4
5954	-3.42513E-4
5956	-1.1915E-4
5958	-6.33787E-4
5960	-0.00103
5962	-6.34061E-4
5964	-2.35698E-4
5966	-0.00185
5968	-0.00203
5970	-0.00256
5972	-0.00201
5974	-0.00141
5976	-0.00161
5978	-0.00121
5980	-9.32793E-4
5982	-0.00252
5984	-0.00269
5986	-0.0026
5988	-0.00226
5990	-0.00171
5992	-0.00223
5994	-0.00215
5996	-0.00128
5998	-0.00165
6000	-0.00209
6002	-0.00236
6004	-0.00218
6006	-0.00121
6008	9.48889E-5
6010	1.79015E-4
6012	3.82142E-4
6014	-3.68731E-4
6016	7.11395E-4
6018	4.15522E-4
6020	-6.88352E-4
6022	-8.91225E-4
6024	-2.99099E-4
6026	0.00118
6028	3.51545E-5
6030	-0.00106
6032	-8.85592E-4
6034	-0.00164
6036	-0.00249
6038	-0.00111
6040	-4.95086E-4
6042	-0.00152
6044	-0.00146
6046	-9.98706E-4
6048	-0.00125
6050	3.55466E-5
6052	7.82673E-4
6054	3.438E-4
6056	8.57926E-4
6058	3.08053E-4
6060	5.42179E-4
6062	6.17306E-4
6064	1.23433E-4
6066	-8.29441E-4
6068	-0.00168
6070	-0.00124
6072	-1.80061E-4
6074	4.06065E-4
6076	-2.94808E-4
6078	-3.81682E-4
6080	5.25445E-4
6082	2.08572E-4
6084	4.07698E-4
6086	5.63825E-4
6088	8.18951E-4
6090	0.00214
6092	0.00245
6094	0.00354
6096	0.00434
6098	0.00493
6100	0.00543
6102	0.00342
6104	0.00159
6106	0.00209
6108	0.00186
6110	8.97343E-4
6112	7.2647E-4
6114	-5.39403E-4
6116	8.19723E-4
6118	0.00167
6120	0.00163
6122	0.00146
6124	0.00253
6126	0.00504
6128	0.06444
6130	0.23908
6132	0.47735
6134	0.73947
6136	0.99811
6138	1.23726
6140	1.45252
6142	1.64582
6144	1.81772
6146	1.96977
6148	2.10285
6150	2.21513
6152	2.30913
6154	2.38969
6156	2.41032
6158	2.30708
6160	2.12807
6162	1.92017
6164	1.709
6166	1.51038
6168	1.32689
6170	1.16185
6172	1.01479
6174	0.88438
6176	0.77303
6178	0.67567
6180	0.59079
6182	0.51715
6184	0.45399
6186	0.39989
6188	0.35509
6190	0.31505
6192	0.27883
6194	0.2496
6196	0.22486
6198	0.20331
6200	0.18259
6202	0.16711
6204	0.15285
6206	0.13822
6208	0.12626
6210	0.1168
6212	0.10745
6214	0.09957
6216	0.09039
6218	0.08307
6220	0.07693
6222	0.07042
6224	0.06393
6226	0.05951
6228	0.0543
6230	0.05095
6232	0.04861
6234	0.04627
6236	0.04343
6238	0.04012
6240	0.03714
6242	0.03323
6244	0.03054
6246	0.02813
6248	0.02541
6250	0.02286
6252	0.02069
6254	0.01738
6256	0.01616
6258	0.01517
6260	0.01336
6262	0.01306
6264	0.01261
6266	0.01298
6268	0.01276
6270	0.01176
6272	0.01044
6274	0.00959
6276	0.01017
6278	0.0084
6280	0.00697
6282	0.00551
6284	0.00426
6286	0.00394
6288	0.00364
6290	0.00325
6292	0.00362
6294	0.00291
6296	0.00164
6298	0.00201
6300	0.00309
6302	0.00226
6304	0.00216
6306	0.00207
6308	0.00101
6310	0.00128
6312	0.00271
6314	0.0018
6316	0.0013
6318	0.00159
6320	0.00134
6322	8.60661E-4
6324	1.79624E-4
6326	-1.14134E-5
6328	4.96549E-4
6330	9.35512E-4
6332	-5.03525E-4
6334	-4.29563E-4
6336	8.784E-4
6338	0.00155
6340	0.00127
6342	-6.05058E-4
6344	-0.00145
6346	-0.00242
6348	-0.00234
6350	-0.0012
6352	-0.0011
6354	-0.00155
6356	-0.00183
6358	-0.00222
6360	-0.00343
6362	-0.00338
6364	-0.00297
6366	-0.00136
6368	-0.00198
6370	-0.00201
6372	-0.00195
6374	-0.00258
6376	-0.00229
6378	-0.00123
6380	-0.00184
6382	-0.0031
6384	-0.00324
6386	-0.00365
6388	-0.00291
6390	-0.00237
6392	-0.00239
6394	-0.00184
6396	-9.02026E-4
6398	-6.45136E-4
6400	-5.34246E-4
6402	-7.73356E-4
6404	-0.00144
6406	-0.00145
6408	-4.93686E-4
6410	-8.10796E-4
6412	-7.92215E-4
6414	-0.00127
6416	-0.00267
6418	-0.00106
6420	-1.32364E-4
6422	-4.74402E-4
6424	-0.0022
6426	-0.00205
6428	-0.00268
6430	-0.00349
6432	-0.00371
6434	-0.00306
6436	-0.00155
6438	-0.00106
6440	-0.00296
6442	-0.00354
6444	-0.00239
6446	-0.00241
6448	-0.00354
6450	-0.00241
6452	-7.67962E-4
6454	2.17001E-4
6456	0.00155
6458	7.19926E-4
6460	-1.13111E-4
6462	5.28515E-5
6464	2.79814E-4
6466	-1.92223E-4
6468	2.67739E-4
6470	8.87702E-4
6472	-2.13352E-5
6474	6.22627E-4
6476	0.00142
6478	0.00109
6480	0.00133
6482	1.3786E-4
6484	-8.51414E-4
6486	-4.68688E-4
6488	-9.27962E-4
6490	-0.00104
6492	-0.00139
6494	-0.00207
6496	-0.00257
6498	-7.01331E-4
6500	5.47395E-4
6502	1.74121E-4
6504	-5.15258E-6
6506	6.85736E-5
6508	7.073E-4
6510	0.00108
6512	-9.77248E-4
6514	-4.80522E-4
6516	5.28204E-4
6518	6.3493E-4
6520	4.46657E-4
6522	7.23383E-4
6524	3.51109E-4
6526	-1.62165E-4
6528	-1.35439E-4
6530	-3.65713E-4
6532	0.00116
6534	0.00183
6536	0.00147
6538	0.00176
6540	0.00107
6542	0.001
6544	0.00106
6546	0.00317
6548	0.00299
6550	0.003
6552	0.00282
6554	2.28275E-4
6556	-6.96435E-4
6558	-8.67144E-4
6560	-0.00135
6562	-0.00102
6564	-6.42273E-4
6566	-8.61982E-4
6568	-9.08692E-4
6570	9.42599E-4
6572	0.00106
6574	0.00175
6576	0.00239
6578	0.00195
6580	0.00206
6582	6.00341E-4
6584	1.16318E-5
6586	-1.98078E-4
6588	-3.97873E-5
6590	2.74503E-4
6592	1.78794E-4
6594	-7.73916E-4
6596	-6.20625E-4
6598	4.95665E-4
6600	5.99555E-5
6602	2.55246E-4
6604	4.36536E-4
6606	-4.86173E-4
6608	-2.95883E-4
6610	5.05408E-4
6612	8.68698E-4
6614	0.0015
6616	0.00139
6618	3.5957E-4
6620	-4.7614E-4
6622	-0.00204
6624	-0.0029
6626	-0.0021
6628	8.09669E-5
6630	-3.8667E-4
6632	-2.63307E-4
6634	0.00179
6636	0.00248
6638	0.00237
6640	2.44145E-4
6642	-0.00114
6644	-0.00117
6646	-3.48765E-4
6648	6.60598E-4
6650	4.79608E-5
6652	-8.74676E-4
6654	-0.00127
6656	-0.00104
6658	-9.61587E-4
6660	-1.93224E-4
6662	6.71139E-4
6664	9.87502E-4
6666	9.37865E-4
6668	0.00147
6670	7.08591E-4
6672	0.00138
6674	0.00149
6676	1.16681E-4
6678	-5.49562E-5
6680	-5.15931E-5
6682	9.6077E-4
6684	0.00128
6686	0.0019
6688	8.38859E-4
6690	0.00124
6692	8.5693E-4
6694	0.00127
6696	0.00132
6698	-9.19451E-5
6700	-2.97237E-4
6702	-0.00107
6704	-7.08821E-4
6706	6.72888E-4
6708	0.00172
6710	0.00197
6712	0.00225
6714	0.00103
6716	3.23428E-4
6718	-2.35863E-4
6720	3.79845E-4
6722	8.00553E-4
6724	-6.3739E-5
6726	0.00232
6728	0.04843
6730	0.20402
6732	0.43295
6734	0.68763
6736	0.9428
6738	1.18124
6740	1.39827
6742	1.59158
6744	1.76382
6746	1.91434
6748	2.04602
6750	2.15713
6752	2.25273
6754	2.335
6756	2.36917
6758	2.28138
6760	2.11165
6762	1.90977
6764	1.70298
6766	1.5035
6768	1.32181
6770	1.15747
6772	1.01173
6774	0.88407
6776	0.77059
6778	0.67275
6780	0.58922
6782	0.51662
6784	0.45311
6786	0.39821
6788	0.35242
6790	0.31282
6792	0.27772
6794	0.24752
6796	0.22227
6798	0.20041
6800	0.18047
6802	0.16343
6804	0.15003
6806	0.13596
6808	0.12562
6810	0.11632
6812	0.10566
6814	0.09702
6816	0.09105
6818	0.08421
6820	0.07824
6822	0.07209
6824	0.06649
6826	0.06082
6828	0.05507
6830	0.05044
6832	0.04635
6834	0.04253
6836	0.03871
6838	0.03526
6840	0.03381
6842	0.03158
6844	0.02922
6846	0.02688
6848	0.02479
6850	0.02227
6852	0.01996
6854	0.01763
6856	0.016
6858	0.01569
6860	0.01608
6862	0.01656
6864	0.01626
6866	0.01483
6868	0.01408
6870	0.01179
6872	0.00939
6874	0.00917
6876	0.00902
6878	0.00787
6880	0.00599
6882	0.00558
6884	0.00495
6886	0.00334
6888	0.00432
6890	0.00421
6892	0.00386
6894	0.00295
6896	0.00225
6898	0.00318
6900	0.0039
6902	0.0028
6904	0.00283
6906	0.00371
6908	0.0033
6910	0.00306
6912	0.0021
6914	6.95932E-4
6916	-1.80433E-4
6918	-0.00114
6920	-0.00193
6922	-0.0022
6924	-0.00147
6926	-6.43258E-4
6928	-0.00105
6930	-0.00126
6932	-9.03354E-4
6934	1.56281E-4
6936	-5.65084E-4
6938	-3.72449E-4
6940	-1.18814E-4
6942	-1.79179E-4
6944	-7.25545E-4
6946	-4.0591E-4
6948	0.00108
6950	-1.0264E-4
6952	-9.28005E-4
6954	-3.7337E-4
6956	-5.77735E-4
6958	-3.17101E-4
6960	7.52534E-4
6962	0.00183
6964	9.45804E-4
6966	0.00136
6968	8.75074E-4
6970	0.0016
6972	0.00139
6974	3.87084E-4
6976	6.88338E-6
6978	0.00112
6980	0.00131
6982	-1.53718E-4
6984	8.11833E-8
6986	-1.23119E-4
6988	-2.3632E-4
6990	-2.3052E-4
6992	3.36279E-4
6994	3.30078E-4
6996	-7.39122E-4
6998	-0.00152
7000	-0.0023
7002	-0.00284
7004	-0.00189
7006	-0.00241
7008	-0.00216
7010	-0.002
7012	-0.00267
7014	-0.00334
7016	-0.00269
7018	-0.00107
7020	-1.76529E-4
7022	2.39271E-4
7024	-0.00173
7026	-0.00277
7028	-4.64331E-4
7030	-8.05315E-5
7032	0.00128
7034	0.00137
7036	0.00123
7038	-3.24334E-4
7040	1.18011E-4
7042	3.67864E-4
7044	6.09718E-4
7046	6.25709E-5
7048	-0.00114
7050	-1.30722E-4
7052	4.93131E-4
7054	-1.19016E-4
7056	0.00163
7058	0.00293
7060	0.00106
7062	-4.91602E-4
7064	-0.00218
7066	-0.00193
7068	-0.00105
7070	-0.00126
7072	-0.00102
7074	-9.79482E-4
7076	-0.00127
7078	-0.0012
7080	-0.00126
7082	-0.0017
7084	4.74785E-4
7086	0.00128
7088	1.11492E-4
7090	4.24346E-4
7092	8.25199E-4
7094	6.29052E-4
7096	1.16906E-4
7098	1.73759E-4
7100	-0.00102
7102	-0.00162
7104	-8.72681E-4
7106	-5.51827E-4
7108	-3.16974E-4
7110	-9.28174E-4
7112	-7.68375E-4
7114	-7.53576E-4
7116	1.39224E-4
7118	2.07023E-4
7120	8.38228E-5
7122	3.09622E-4
7124	3.00422E-4
7126	-2.64779E-4
7128	-2.90979E-4
7130	-0.00136
7132	-0.00171
7134	-7.31581E-4
7136	-0.00115
7138	-0.00216
7140	-1.62183E-4
7142	1.10617E-4
7144	-5.66584E-4
7146	-0.00208
7148	-0.00256
7150	-0.00227
7152	-0.00146
7154	-0.00193
7156	-0.00101
7158	-3.33988E-4
7160	-8.42188E-4
7162	-3.40389E-4
7164	-6.45589E-4
7166	0.00106
7168	0.00129
7170	6.75809E-4
7172	1.47609E-4
7174	-1.51592E-4
7176	9.52074E-5
7178	-6.66951E-4
7180	-3.43897E-4
7182	8.71572E-5
7184	0.00109
7186	2.90265E-4
7188	-0.00121
7190	-0.00291
7192	-0.0027
7194	-0.00256
7196	-0.0014
7198	-9.25411E-4
7200	-4.04357E-4
7202	-5.97303E-4
7204	-0.00227
7206	-0.00258
7208	-0.00168
7210	-5.43088E-4
7212	-5.84034E-4
7214	-6.3498E-4
7216	-2.66926E-4
7218	-8.28718E-5
7220	5.51182E-4
7222	2.45236E-4
7224	-3.8871E-4
7226	-4.87656E-4
7228	-2.22602E-4
7230	-9.46548E-4
7232	1.34506E-4
7234	4.7856E-4
7236	2.79614E-4
7238	0.00205
7240	0.00143
7242	0.00132
7244	0.00278
7246	0.00145
7248	-5.72554E-4
7250	3.30273E-5
7252	6.33608E-4
7254	8.07189E-4
7256	5.0277E-4
7258	-5.50649E-4
7260	-0.00221
7262	-0.00142
7264	-6.84906E-4
7266	-5.31325E-4
7268	-2.57445E-5
7270	-0.00127
7272	-0.002
7274	-0.00183
7276	-0.0018
7278	-0.00171
7280	-0.00233
7282	-0.00118
7284	6.39029E-5
7286	-6.44516E-4
7288	-0.00103
7290	-0.00128
7292	-0.00274
7294	-0.00247
7296	-0.00203
7298	-0.00181
7300	-5.3145E-4
7302	0.00103
7304	3.48712E-4
7306	-9.85707E-4
7308	-0.00182
7310	-5.92545E-4
7312	8.39036E-4
7314	1.19617E-4
7316	-9.69802E-4
7318	-1.44603E-4
7320	-3.24786E-4
7322	-6.60968E-4
7324	7.4849E-5
7326	8.06665E-5
7328	0.03972
7330	0.18782
7332	0.40983
7334	0.65976
7336	0.91081
7338	1.1464
7340	1.35809
7342	1.54776
7344	1.71518
7346	1.86297
7348	1.99252
7350	2.10348
7352	2.19802
7354	2.27869
7356	2.32176
7358	2.25104
7360	2.0909
7362	1.89184
7364	1.68655
7366	1.49134
7368	1.31044
7370	1.14709
7372	1.00041
7374	0.87301
7376	0.7623
7378	0.66487
7380	0.57904
7382	0.50671
7384	0.44502
7386	0.39243
7388	0.34667
7390	0.30776
7392	0.27485
7394	0.24696
7396	0.2211
7398	0.19763
7400	0.17912
7402	0.16302
7404	0.1483
7406	0.13698
7408	0.12676
7410	0.11649
7412	0.1065
7414	0.09784
7416	0.08901
7418	0.08232
7420	0.07496
7422	0.06763
7424	0.06231
7426	0.05839
7428	0.05492
7430	0.05057
7432	0.04764
7434	0.04455
7436	0.04145
7438	0.03784
7440	0.03458
7442	0.03154
7444	0.02918
7446	0.02704
7448	0.02516
7450	0.02428
7452	0.02187
7454	0.02023
7456	0.01814
7458	0.01641
7460	0.01565
7462	0.01437
7464	0.01368
7466	0.01312
7468	0.01078
7470	0.01
7472	0.00862
7474	0.0082
7476	0.00855
7478	0.00845
7480	0.00874
7482	0.00762
7484	0.00589
7486	0.00453
7488	0.00332
7490	0.00344
7492	0.00369
7494	0.00405
7496	0.00446
7498	0.0043
7500	0.00471
7502	0.00604
7504	0.0062
7506	0.00547
7508	0.00265
7510	0.00338
7512	0.00304
7514	0.00323
7516	0.00422
7518	0.00338
7520	0.00328
7522	0.00222
7524	5.01855E-4
7526	5.76708E-4
7528	-7.4711E-5
7530	-1.7113E-4
7532	-7.43549E-4
7534	-5.30968E-4
7536	7.99613E-4
7538	1.12194E-4
7540	-7.79226E-4
7542	-0.00106
7544	-3.09064E-4
7546	9.58517E-4
7548	8.58098E-4
7550	-9.63209E-5
7552	7.7426E-4
7554	0.00127
7556	8.91422E-4
7558	-2.65997E-4
7560	-6.61416E-4
7562	-8.91835E-4
7564	-0.00326
7566	-0.00358
7568	-0.00251
7570	-0.0026
7572	-0.00293
7574	-0.00227
7576	-0.00147
7578	-0.00204
7580	-0.00129
7582	-0.00174
7584	-0.00127
7586	-2.87864E-4
7588	7.34717E-4
7590	-3.16703E-4
7592	-4.55122E-4
7594	-3.73541E-4
7596	-9.69174E-5
7598	2.31918E-4
7600	-0.0015
7602	-0.00219
7604	-0.00339
7606	-0.00259
7608	-0.00245
7610	-0.00216
7612	-6.66234E-4
7614	-6.91399E-4
7616	-3.65563E-4
7618	-3.90728E-4
7620	-0.00143
7622	-0.001
7624	-2.35222E-4
7626	8.16138E-5
7628	6.81449E-4
7630	-7.87154E-5
7632	-0.00147
7634	-0.002
7636	-0.001
7638	-4.33374E-4
7640	-4.93538E-4
7642	2.97089E-7
7644	-0.00137
7646	-0.00124
7648	3.12803E-4
7650	-6.62361E-4
7652	-6.65526E-4
7654	6.6831E-4
7656	3.40145E-4
7658	-3.9102E-4
7660	-5.85184E-4
7662	-0.00193
7664	-0.00171
7666	-4.99017E-4
7668	-4.032E-4
7670	-0.00221
7672	-0.00299
7674	-0.00138
7676	-5.2393E-4
7678	4.68873E-5
7680	-0.00141
7682	-0.00264
7684	-0.00287
7686	-0.00233
7688	-0.0013
7690	3.27792E-4
7692	6.85609E-4
7694	-0.00105
7696	-0.00157
7698	-2.37938E-4
7700	1.06879E-4
7702	2.91696E-4
7704	-5.36486E-4
7706	-5.78669E-4
7708	-7.72851E-4
7710	-7.44034E-4
7712	-8.21216E-4
7714	-9.79399E-4
7716	-0.00107
7718	-0.00183
7720	-0.00231
7722	-0.00272
7724	-0.00312
7726	-0.00144
7728	-0.002
7730	-0.00336
7732	-0.00348
7734	-0.00196
7736	-0.00144
7738	-0.00276
7740	-0.00142
7742	-6.74392E-4
7744	-9.70557E-4
7746	-4.98721E-4
7748	2.07114E-4
7750	6.7795E-4
7752	7.17785E-4
7754	-7.73795E-5
7756	-3.04544E-4
7758	6.10291E-4
7760	0.00196
7762	0.00261
7764	0.00101
7766	3.53633E-4
7768	-4.34532E-4
7770	-1.54696E-4
7772	1.50139E-4
7774	-4.35025E-4
7776	8.1981E-4
7778	9.04645E-4
7780	8.76481E-4
7782	6.17316E-4
7784	9.71517E-5
7786	-0.00115
7788	-8.27177E-4
7790	-3.34342E-4
7792	2.42493E-4
7794	-0.00137
7796	-0.00297
7798	-0.00227
7800	-0.00229
7802	-0.0018
7804	-0.0013
7806	-9.15659E-4
7808	3.38177E-4
7810	6.40121E-5
7812	-7.21153E-4
7814	-3.32317E-4
7816	7.93518E-4
7818	5.66354E-4
7820	8.26189E-4
7822	5.93025E-4
7824	4.4186E-4
7826	-6.21305E-4
7828	-1.21469E-4
7830	2.83662E-5
7832	1.92202E-4
7834	-4.17963E-4
7836	9.21872E-4
7838	6.30708E-4
7840	-1.77457E-4
7842	0.001
7844	0.00125
7846	8.8905E-4
7848	0.00197
7850	0.00147
7852	9.30556E-4
7854	0.00165
7856	0.00142
7858	0.00167
7860	0.00125
7862	-4.26718E-6
7864	2.14568E-4
7866	4.28404E-4
7868	6.06239E-4
7870	6.83074E-4
7872	3.4491E-4
7874	8.46745E-4
7876	0.00147
7878	0.00155
7880	0.00211
7882	0.00134
7884	6.15754E-4
7886	0.00136
7888	0.00172
7890	0.00152
7892	0.0014
7894	0.00204
7896	0.0024
7898	0.0018
7900	0.00104
7902	6.16167E-4
7904	6.20658E-4
7906	7.44148E-4
7908	7.56638E-4
7910	0.00166
7912	0.0022
7914	0.00116
7916	6.016E-4
7918	-8.1891E-4
7920	4.15802E-5
7922	6.18071E-4
7924	0.00152
7926	8.23051E-4
7928	0.02414
7930	0.1491
7932	0.35826
7934	0.60033
7936	0.84766
7938	1.08023
7940	1.29483
7942	1.48642
7944	1.65513
7946	1.80204
7948	1.93139
7950	2.04327
7952	2.14048
7954	2.22438
7956	2.27525
7958	2.21894
7960	2.07063
7962	1.88304
7964	1.6853
7966	1.49258
7968	1.31224
7970	1.15095
7972	1.0069
7974	0.87939
7976	0.76844
7978	0.67077
7980	0.58502
7982	0.5121
7984	0.44932
7986	0.39579
7988	0.35023
7990	0.31133
7992	0.27686
7994	0.24701
7996	0.22218
7998	0.19941
8000	0.17993
8002	0.16459
8004	0.15001
8006	0.13678
8008	0.12614
8010	0.11603
8012	0.10644
8014	0.09788
8016	0.08994
8018	0.08275
8020	0.07632
8022	0.07001
8024	0.0658
8026	0.06088
8028	0.05644
8030	0.05278
8032	0.04867
8034	0.04605
8036	0.04228
8038	0.03787
8040	0.03381
8042	0.0313
8044	0.02853
8046	0.02614
8048	0.02465
8050	0.02314
8052	0.02183
8054	0.02135
8056	0.01895
8058	0.01801
8060	0.01877
8062	0.01812
8064	0.01488
8066	0.01297
8068	0.01178
8070	0.01126
8072	0.00847
8074	0.00635
8076	0.00661
8078	0.00688
8080	0.00631
8082	0.00467
8084	0.0029
8086	0.00208
8088	0.0028
8090	0.00305
8092	0.00373
8094	0.00411
8096	0.0038
8098	0.00164
8100	9.5995E-4
8102	0.00107
8104	0.00217
8106	0.00291
8108	0.00203
8110	-1.41236E-4
8112	8.77262E-5
8114	3.37689E-4
8116	-0.00147
8118	-5.63858E-5
8120	1.74577E-4
8122	-9.6146E-4
8124	-0.0019
8126	-0.00228
8128	-0.00221
8130	-0.0031
8132	-0.00346
8134	-0.00143
8136	-5.77722E-4
8138	-6.76759E-4
8140	-3.51797E-4
8142	-0.00134
8144	-3.04871E-4
8146	1.77091E-4
8148	-3.22946E-4
8150	3.40017E-4
8152	0.00117
8154	0.00188
8156	0.00219
8158	1.06595E-4
8160	-8.17752E-4
8162	-0.00117
8164	-6.74448E-5
8166	-7.92791E-4
8168	-0.00248
8170	-0.00172
8172	-0.00134
8174	-0.00186
8176	-0.00228
8178	-0.0024
8180	-0.00323
8182	-0.00386
8184	-0.00253
8186	-0.00192
8188	-0.00133
8190	-8.11949E-4
8192	-5.34295E-4
8194	-1.94642E-4
8196	-2.23988E-4
8198	4.29665E-4
8200	9.66319E-4
8202	0.00147
8204	8.37626E-4
8206	1.56279E-4
8208	-1.29067E-4
8210	-2.09414E-4
8212	-0.00114
8214	-8.00106E-4
8216	-2.61453E-4
8218	-0.00145
8220	-0.0014
8222	-0.00167
8224	-8.10457E-4
8226	-9.02731E-4
8228	1.99522E-6
8230	-8.49279E-4
8232	-0.00144
8234	-7.06826E-4
8236	7.979E-4
8238	-4.32374E-4
8240	-0.00174
8242	-8.97922E-4
8244	-0.00132
8246	-0.00188
8248	-6.80743E-4
8250	-8.86017E-4
8252	-8.71291E-4
8254	4.94351E-5
8256	-7.15839E-4
8258	-0.00142
8260	-4.58386E-4
8262	-2.4166E-4
8264	-6.00934E-4
8266	-5.93208E-4
8268	8.15518E-4
8270	0.00164
8272	0.00248
8274	0.0025
8276	0.00254
8278	0.00215
8280	0.00192
8282	0.0023
8284	0.00165
8286	6.62053E-4
8288	9.1878E-4
8290	6.39506E-4
8292	-5.23768E-4
8294	-0.00113
8296	-0.00181
8298	-0.00108
8300	-0.00119
8302	-0.00231
8304	-0.00291
8306	-0.00198
8308	-2.07136E-4
8310	8.55227E-4
8312	2.3759E-4
8314	0.00113
8316	0.00147
8318	4.56679E-4
8320	-4.25958E-4
8322	-8.46595E-4
8324	-0.00108
8326	-5.54869E-4
8328	-9.46506E-4
8330	-0.00149
8332	-7.96779E-4
8334	-4.18416E-4
8336	-0.00117
8338	-0.00197
8340	-0.00241
8342	-0.00154
8344	-0.00125
8346	2.24762E-4
8348	4.37125E-4
8350	-4.75118E-5
8352	4.83851E-4
8354	9.17214E-4
8356	0.00218
8358	0.0011
8360	-4.86964E-5
8362	1.88667E-4
8364	-5.45134E-4
8366	-3.83935E-4
8368	7.06264E-4
8370	-8.85366E-5
8372	-5.44337E-4
8374	-9.28138E-4
8376	-7.48939E-4
8378	-2.0374E-4
8380	-2.31541E-4
8382	0.00132
8384	4.90858E-4
8386	-0.00169
8388	-0.00128
8390	5.39455E-4
8392	9.35654E-4
8394	6.16853E-4
8396	-0.00154
8398	-0.00184
8400	-0.00102
8402	-6.7735E-4
8404	-5.14151E-4
8406	3.21049E-4
8408	1.91248E-4
8410	-1.31553E-4
8412	-4.89354E-4
8414	-3.46155E-4
8416	0.0018
8418	0.00259
8420	0.00179
8422	0.00118
8424	5.93841E-4
8426	5.3704E-4
8428	-6.68761E-4
8430	-0.00253
8432	-0.00253
8434	-3.34999E-4
8436	0.0012
8438	6.61109E-4
8440	0.00131
8442	0.00275
8444	0.00143
8446	1.99325E-4
8448	2.88378E-4
8450	-3.44568E-4
8452	6.48486E-4
8454	-0.00209
8456	-0.0038
8458	-0.00237
8460	-0.00115
8462	-5.85244E-4
8464	-8.8719E-4
8466	2.41864E-4
8468	-7.41082E-4
8470	-9.77028E-4
8472	-4.04974E-4
8474	-5.9592E-4
8476	5.26134E-4
8478	0.00116
8480	8.51242E-4
8482	5.33296E-4
8484	-4.50651E-4
8486	-0.00114
8488	-8.90543E-4
8490	8.05113E-5
8492	-1.17435E-4
8494	-7.64381E-4
8496	-4.24327E-4
8498	-5.67273E-4
8500	-6.25219E-4
8502	-8.10329E-4
8504	-9.64767E-4
8506	-7.34204E-4
8508	-6.63642E-4
8510	4.29201E-5
8512	0.00162
8514	3.94045E-4
8516	-7.90393E-4
8518	4.88169E-4
8520	0.00256
8522	0.00407
8524	0.00347
8526	0.00164
8528	0.01843
8530	0.1316
8532	0.32941
8534	0.56417
8536	0.80467
8538	1.03415
8540	1.24469
8542	1.43746
8544	1.60765
8546	1.75578
8548	1.88348
8550	1.9925
8552	2.08894
8554	2.17309
8556	2.23056
8558	2.18966
8560	2.05074
8562	1.86927
8564	1.67542
8566	1.48663
8568	1.30924
8570	1.14866
8572	1.00615
8574	0.87823
8576	0.76563
8578	0.66762
8580	0.58293
8582	0.51097
8584	0.44811
8586	0.39335
8588	0.3469
8590	0.30823
8592	0.27449
8594	0.24371
8596	0.21818
8598	0.19723
8600	0.17868
8602	0.16238
8604	0.14822
8606	0.13752
8608	0.12713
8610	0.11627
8612	0.10661
8614	0.09807
8616	0.08869
8618	0.08086
8620	0.07411
8622	0.06861
8624	0.06495
8626	0.06015
8628	0.05549
8630	0.05185
8632	0.04746
8634	0.04281
8636	0.0397
8638	0.03806
8640	0.03505
8642	0.03231
8644	0.02927
8646	0.02755
8648	0.02574
8650	0.02461
8652	0.02152
8654	0.01941
8656	0.01924
8658	0.01718
8660	0.01608
8662	0.01531
8664	0.01388
8666	0.01166
8668	0.01136
8670	0.01021
8672	0.00883
8674	0.0081
8676	0.00786
8678	0.00734
8680	0.00808
8682	0.00527
8684	0.00445
8686	0.00478
8688	0.00459
8690	0.00448
8692	0.00418
8694	0.00493
8696	0.00419
8698	0.00412
8700	0.005
8702	0.006
8704	0.00464
8706	0.00343
8708	0.00344
8710	0.00471
8712	0.00383
8714	0.00248
8716	0.00222
8718	0.0023
8720	0.00136
8722	0.00264
8724	0.0021
8726	8.49668E-4
8728	-0.00231
8730	-0.00263
8732	-0.00203
8734	-0.00192
8736	-0.00245
8738	-0.00265
8740	-0.00352
8742	-0.00327
8744	-0.00204
8746	-0.00149
8748	-0.00143
8750	-4.0178E-4
8752	5.81829E-5
8754	-3.17854E-4
8756	-0.00109
8758	-0.00256
8760	-0.00196
8762	-0.00209
8764	-0.00161
8766	-3.11078E-4
8768	5.52884E-4
8770	7.89847E-4
8772	9.00809E-4
8774	-1.78228E-4
8776	-7.74265E-4
8778	-0.00176
8780	-0.00227
8782	-0.00237
8784	-0.00128
8786	-4.98161E-4
8788	-6.15435E-4
8790	-0.00109
8792	-6.87983E-4
8794	-0.00204
8796	-0.00271
8798	-0.00275
8800	-0.0025
8802	-0.00261
8804	-0.00329
8806	-0.0022
8808	-0.00175
8810	-0.00332
8812	-0.00281
8814	-0.00246
8816	-0.00194
8818	-0.00121
8820	-0.00183
8822	-0.00191
8824	-0.00173
8826	-0.00137
8828	-0.00225
8830	-0.00261
8832	-0.00268
8834	-0.00127
8836	-8.62008E-4
8838	-8.19282E-4
8840	-7.35555E-5
8842	-2.68829E-4
8844	-0.002
8846	-0.00241
8848	-0.00152
8850	-0.00178
8852	-0.00203
8854	-0.00136
8856	-0.00138
8858	-0.00212
8860	-0.00282
8862	-0.00246
8864	-0.00239
8866	-0.0031
8868	-0.00234
8870	-5.09259E-4
8872	-6.42133E-4
8874	-9.40059E-5
8876	1.65121E-4
8878	3.50247E-4
8880	2.65374E-4
8882	-2.295E-4
8884	-1.74373E-4
8886	-9.24658E-6
8888	0.00159
8890	0.00111
8892	1.88133E-4
8894	-4.4074E-4
8896	-4.51614E-4
8898	-8.56487E-4
8900	-4.40361E-4
8902	-2.23411E-6
8904	3.84892E-4
8906	0.00121
8908	0.00104
8910	2.74272E-4
8912	-1.83601E-4
8914	-0.0014
8916	-0.00248
8918	-0.0037
8920	-0.00246
8922	-0.00253
8924	-0.00265
8926	-0.00184
8928	-0.00151
8930	-0.00145
8932	-0.00141
8934	1.2439E-4
8936	9.3228E-4
8938	0.00109
8940	3.4706E-4
8942	6.7695E-4
8944	6.3684E-4
8946	3.6873E-4
8948	3.8562E-4
8950	0.00104
8952	6.924E-4
8954	0.00111
8956	4.6918E-4
8958	1.2607E-4
8960	0.00224
8962	0.00188
8964	0.00141
8966	-9.0537E-4
8968	-5.98479E-4
8970	-1.84589E-4
8972	5.04301E-4
8974	-4.86809E-4
8976	-0.00114
8978	-0.00125
8980	-0.00118
8982	-5.17249E-4
8984	-2.66359E-4
8986	9.15309E-5
8988	-7.16579E-4
8990	-0.00118
8992	-0.00219
8994	-0.00185
8996	-0.00286
8998	-0.0011
9000	-0.00116
9002	-0.00123
9004	-8.37458E-4
9006	-0.00122
9008	-1.86077E-4
9010	3.40613E-4
9012	4.12303E-4
9014	0.0017
9016	0.00299
9018	0.00222
9020	0.00192
9022	6.71754E-4
9024	1.84442E-5
9026	4.21344E-5
9028	3.95825E-4
9030	-7.76485E-4
9032	-0.00312
9034	-0.00157
9036	6.45853E-5
9038	9.71276E-4
9040	-0.00102
9042	-0.00286
9044	-0.00112
9046	4.80362E-5
9048	-9.22736E-5
9050	-0.00107
9052	-0.00253
9054	-0.00261
9056	-0.00156
9058	-1.79823E-4
9060	-4.52369E-4
9062	2.23466E-4
9064	5.47302E-4
9066	0.00166
9068	0.00223
9070	0.00149
9072	0.00109
9074	9.42479E-4
9076	0.00173
9078	0.00169
9080	0.00173
9082	6.79821E-4
9084	-4.83344E-4
9086	-4.16509E-4
9088	-5.37673E-4
9090	7.45162E-4
9092	0.00125
9094	3.09833E-4
9096	-5.23316E-5
9098	4.60504E-4
9100	3.49339E-4
9102	-1.13825E-4
9104	0.00105
9106	8.72846E-4
9108	8.91681E-4
9110	0.00173
9112	0.00143
9114	2.41187E-4
9116	7.66023E-4
9118	1.1858E-5
9120	0.00101
9122	0.00198
9124	0.00248
9126	5.772E-4
9128	0.01312
9130	0.1091
9132	0.29718
9134	0.52421
9136	0.7628
9138	0.9904
9140	1.19753
9142	1.38482
9144	1.55319
9146	1.70019
9148	1.83041
9150	1.9442
9152	2.03982
9154	2.1219
9156	2.18292
9158	2.15687
9160	2.03179
9162	1.85874
9164	1.66833
9166	1.4806
9168	1.30607
9170	1.14738
9172	1.00482
9174	0.87746
9176	0.76491
9178	0.66633
9180	0.58114
9182	0.50804
9184	0.44544
9186	0.39179
9188	0.34503
9190	0.30613
9192	0.27312
9194	0.24402
9196	0.21972
9198	0.19772
9200	0.17896
9202	0.16259
9204	0.14876
9206	0.13612
9208	0.12424
9210	0.11469
9212	0.10593
9214	0.09772
9216	0.08997
9218	0.08204
9220	0.0749
9222	0.06805
9224	0.06276
9226	0.05802
9228	0.05411
9230	0.05028
9232	0.04629
9234	0.04224
9236	0.04007
9238	0.03861
9240	0.03588
9242	0.03314
9244	0.02971
9246	0.02628
9248	0.02468
9250	0.02285
9252	0.02122
9254	0.01938
9256	0.01821
9258	0.01704
9260	0.01569
9262	0.01522
9264	0.01536
9266	0.01361
9268	0.01189
9270	0.01112
9272	0.01019
9274	0.00785
9276	0.00695
9278	0.0066
9280	0.00741
9282	0.00549
9284	0.00442
9286	0.0061
9288	0.00618
9290	0.00719
9292	0.00676
9294	0.00567
9296	0.00389
9298	0.00277
9300	0.00356
9302	0.00408
9304	0.0023
9306	0.00123
9308	9.56133E-4
9310	-1.58268E-4
9312	9.64331E-4
9314	0.00129
9316	0.00178
9318	0.0026
9320	0.00177
9322	6.93326E-4
9324	-1.15075E-4
9326	0.00123
9328	0.00158
9330	0.0013
9332	0.00144
9334	0.0013
9336	1.09518E-4
9338	-2.27392E-4
9340	0.00118
9342	0.00104
9344	5.90824E-4
9346	5.64896E-4
9348	-4.57033E-4
9350	-2.44961E-4
9352	-9.49889E-4
9354	-9.03817E-4
9356	-0.00108
9358	-0.00251
9360	-0.00251
9362	-0.0023
9364	-0.00169
9366	-0.00165
9368	-0.00209
9370	-0.00263
9372	-0.0015
9374	-0.00217
9376	-0.00242
9378	-0.00157
9380	-0.00149
9382	-0.00228
9384	-0.00235
9386	-0.00149
9388	-0.00129
9390	-9.60522E-4
9392	-0.00103
9394	-0.0015
9396	7.37694E-4
9398	6.78766E-4
9400	-1.46162E-4
9402	-0.00139
9404	-9.58019E-4
9406	-0.00124
9408	-0.00191
9410	-0.0021
9412	-0.00199
9414	-0.00233
9416	-0.00246
9418	-0.00128
9420	-5.94518E-4
9422	-0.00168
9424	-0.00258
9426	-0.00288
9428	-0.00198
9430	-4.52523E-4
9432	6.67076E-4
9434	4.16674E-4
9436	-0.00119
9438	-0.00122
9440	-0.00159
9442	-0.00285
9444	-0.00247
9446	-0.0028
9448	-0.00315
9450	-0.00299
9452	-0.00123
9454	-0.00143
9456	-0.00159
9458	-0.00256
9460	-0.00244
9462	-0.00141
9464	-0.00109
9466	-5.92743E-4
9468	9.35856E-4
9470	0.00146
9472	5.57054E-4
9474	1.03652E-4
9476	0.0013
9478	0.00155
9480	6.448E-5
9482	-4.27025E-5
9484	-3.82885E-4
9486	-2.69068E-4
9488	-0.00151
9490	-0.00215
9492	-4.74615E-4
9494	-9.27798E-4
9496	-0.00153
9498	-0.0015
9500	-0.00131
9502	-0.00124
9504	-0.00137
9506	-0.00178
9508	-0.00174
9510	-7.89258E-4
9512	-4.58441E-4
9514	-4.81624E-4
9516	-5.77806E-4
9518	-6.27989E-4
9520	1.73829E-4
9522	5.16461E-5
9524	-2.10536E-4
9526	-0.00217
9528	-0.00274
9530	-0.00147
9532	-0.00106
9534	3.65507E-5
9536	6.90368E-4
9538	0.00101
9540	8.40003E-4
9542	0.00103
9544	5.75638E-4
9546	-0.00189
9548	-0.00158
9550	-0.0023
9552	-0.00241
9554	-0.0012
9556	-9.00148E-4
9558	-8.18094E-4
9560	-0.00138
9562	-0.00177
9564	-0.00319
9566	-0.00354
9568	-0.00287
9570	-0.00209
9572	-8.55716E-4
9574	-0.00135
9576	-9.64608E-4
9578	-8.45554E-4
9580	-0.00125
9582	-1.84465E-5
9584	-6.30393E-4
9586	-0.00242
9588	-0.00195
9590	-0.00131
9592	-9.58177E-4
9594	-0.00101
9596	-0.00119
9598	4.35985E-4
9600	-3.12961E-4
9602	-0.00202
9604	-9.98853E-4
9606	-5.92799E-4
9608	-7.70745E-4
9610	4.52309E-4
9612	4.10363E-4
9614	-0.00121
9616	-0.00107
9618	8.00052E-4
9620	3.14632E-4
9622	3.61213E-4
9624	7.17794E-4
9626	8.86375E-4
9628	0.00122
9630	-8.80463E-4
9632	-0.00253
9634	-0.00266
9636	-0.00191
9638	-0.0017
9640	6.05442E-4
9642	7.08023E-4
9644	4.85603E-4
9646	8.95184E-4
9648	9.99765E-4
9650	-3.66654E-4
9652	-8.47073E-4
9654	-8.28492E-4
9656	-0.00126
9658	-1.9033E-4
9660	-0.00127
9662	-8.73168E-4
9664	2.20413E-4
9666	9.95994E-4
9668	-1.26426E-4
9670	-0.00134
9672	-0.00198
9674	-0.00141
9676	-0.00104
9678	-8.56521E-4
9680	1.9006E-4
9682	8.31641E-4
9684	4.02218E-5
9686	-0.00114
9688	-6.39999E-4
9690	8.68254E-4
9692	0.00115
9694	0.00129
9696	0.00126
9698	3.71267E-4
9700	1.0052E-4
9702	4.98773E-4
9704	-4.60974E-4
9706	-4.19721E-4
9708	-4.86468E-4
9710	5.27786E-4
9712	9.25039E-4
9714	0.001
9716	5.57545E-4
9718	2.38798E-4
9720	7.82051E-4
9722	0.00154
9724	0.00123
9726	0.00203
9728	0.0098
9730	0.09115
9732	0.26515
9734	0.48719
9736	0.72096
9738	0.94482
9740	1.15271
9742	1.34148
9744	1.50958
9746	1.65725
9748	1.78486
9750	1.89571
9752	1.99303
9754	2.07386
9756	2.13925
9758	2.12925
9760	2.01553
9762	1.84775
9764	1.66005
9766	1.47443
9768	1.30151
9770	1.14398
9772	0.99988
9774	0.87193
9776	0.7594
9778	0.66298
9780	0.57941
9782	0.50736
9784	0.44565
9786	0.3923
9788	0.34646
9790	0.30597
9792	0.27194
9794	0.24282
9796	0.21734
9798	0.19466
9800	0.17502
9802	0.1589
9804	0.14519
9806	0.13319
9808	0.12182
9810	0.11209
9812	0.10271
9814	0.09336
9816	0.08726
9818	0.08156
9820	0.07486
9822	0.06798
9824	0.06202
9826	0.05742
9828	0.05376
9830	0.04965
9832	0.04654
9834	0.04325
9836	0.04047
9838	0.03789
9840	0.03441
9842	0.03072
9844	0.02736
9846	0.02604
9848	0.02386
9850	0.02125
9852	0.01983
9854	0.01974
9856	0.01728
9858	0.01504
9860	0.01383
9862	0.01262
9864	0.01222
9866	0.0118
9868	0.01353
9870	0.01412
9872	0.01257
9874	0.01025
9876	0.00834
9878	0.00817
9880	0.00691
9882	0.00515
9884	0.00414
9886	0.00345
9888	0.00298
9890	0.00253
9892	0.00226
9894	0.00107
9896	-3.58134E-4
9898	-4.13717E-4
9900	5.117E-4
9902	0.00152
9904	0.0013
9906	7.75951E-4
9908	3.85368E-4
9910	3.76785E-4
9912	-3.86798E-4
9914	-7.12381E-4
9916	-4.68964E-4
9918	-1.05465E-5
9920	-1.0713E-4
9922	-8.04713E-4
9924	-0.00171
9926	-0.00237
9928	-0.00107
9930	-9.87044E-4
9932	-7.83627E-4
9934	-0.00197
9936	-0.00382
9938	-0.00427
9940	-0.00154
9942	-7.76542E-4
9944	-9.34125E-4
9946	-0.00126
9948	-0.00189
9950	-0.0025
9952	-0.00179
9954	-0.00133
9956	-5.04623E-4
9958	-0.0012
9960	-0.00208
9962	-0.00261
9964	-0.00121
9966	-0.00119
9968	-0.00216
9970	-0.00187
9972	-0.00279
9974	-0.00324
9976	-0.00229
9978	-7.49927E-4
9980	-5.31129E-4
9982	-0.00186
9984	-0.00301
9986	-0.00313
9988	-0.002
9990	-0.00113
9992	-6.86336E-4
9994	2.97463E-4
9996	0.00117
9998	0.00135
10000	4.7859E-5
10002	8.97658E-4
10004	8.74456E-4
10006	-0.00152
10008	-0.00168
10010	-0.0014
10012	-0.00279
10014	-0.0039
10016	-0.00335
10018	-0.00353
10020	-0.00374
10022	-0.00324
10024	-0.00297
10026	-0.00299
10028	-0.00274
10030	-0.00262
10032	-0.00213
10034	-0.00198
10036	-0.00129
10038	-5.10309E-4
10040	-7.79182E-4
10042	-0.00173
10044	-8.38929E-4
10046	-0.00125
10048	-8.12676E-4
10050	-9.0855E-4
10052	-9.57423E-4
10054	-0.00104
10056	-7.3217E-4
10058	9.79566E-5
10060	3.64083E-4
10062	-1.4579E-4
10064	-6.86664E-4
10066	-8.03537E-4
10068	-6.67411E-4
10070	-0.00225
10072	-0.00217
10074	-0.00131
10076	-3.34904E-4
10078	-2.88778E-4
10080	3.14349E-4
10082	2.46475E-4
10084	2.93602E-4
10086	-2.09272E-4
10088	-0.00123
10090	-0.00188
10092	-0.00233
10094	-0.00193
10096	-0.00125
10098	-6.58512E-4
10100	-0.00107
10102	-0.0017
10104	-0.00198
10106	-0.00135
10108	-2.75879E-4
10110	-4.68753E-4
10112	-0.0029
10114	-0.00127
10116	-0.00101
10118	-6.52247E-4
10120	2.5788E-4
10122	8.62007E-4
10124	0.00135
10126	0.00144
10128	0.00113
10130	6.35513E-4
10132	-6.34361E-4
10134	-8.92234E-4
10136	-5.03108E-4
10138	-0.00168
10140	-0.00303
10142	-0.00172
10144	-0.00132
10146	-0.00224
10148	-0.00328
10150	-0.00258
10152	-0.00203
10154	-0.00206
10156	-0.00352
10158	-0.003
10160	-0.00156
10162	-5.36462E-4
10164	-3.51336E-4
10166	-0.00126
10168	-0.00228
10170	-0.00158
10172	-0.00171
10174	-0.00234
10176	-0.00207
10178	-9.18887E-4
10180	0.00142
10182	0.00167
10184	0.00137
10186	4.52727E-4
10188	-1.98619E-4
10190	2.96034E-4
10192	-0.00133
10194	-8.49659E-4
10196	-0.00101
10198	-5.28352E-4
10200	-6.0698E-5
10202	1.95956E-4
10204	-3.43909E-5
10206	-9.56737E-4
10208	-8.83084E-4
10210	-0.00191
10212	-4.60777E-4
10214	4.19877E-4
10216	5.3753E-4
10218	3.89184E-4
10220	1.84837E-4
10222	-1.64509E-4
10224	4.71444E-5
10226	0.00158
10228	0.00152
10230	0.00242
10232	0.00184
10234	0.0016
10236	4.50066E-4
10238	-3.18281E-4
10240	-3.42627E-4
10242	1.18026E-4
10244	-6.47466E-4
10246	-9.01102E-4
10248	-5.22739E-4
10250	6.56624E-4
10252	0.00195
10254	0.00206
10256	0.00175
10258	0.00164
10260	5.87439E-4
10262	4.69802E-4
10264	0.00188
10266	0.0013
10268	5.89891E-4
10270	-1.34746E-4
10272	-0.00121
10274	-2.48019E-4
10276	8.29344E-4
10278	7.69707E-4
10280	1.50698E-5
10282	1.54329E-5
10284	1.51796E-4
10286	4.49159E-4
10288	2.83522E-4
10290	-3.28115E-4
10292	-9.18752E-4
10294	-0.00214
10296	-9.59026E-4
10298	1.33337E-4
10300	-4.92995E-5
10302	-0.00172
10304	-0.00229
10306	-0.00157
10308	-6.20847E-4
10310	-9.43484E-4
10312	-0.0015
10314	-7.00867E-4
10316	-6.00668E-4
10318	7.25531E-4
10320	3.0673E-4
10322	5.20929E-4
10324	-2.73871E-4
10326	-7.88672E-4
10328	0.00337
10330	0.07374
10332	0.23951
10334	0.45518
10336	0.68425
10338	0.90766
10340	1.11291
10342	1.29849
10344	1.46695
10346	1.614
10348	1.74135
10350	1.85235
10352	1.94773
10354	2.03035
10356	2.09954
10358	2.10149
10360	1.99777
10362	1.83598
10364	1.65305
10366	1.47075
10368	1.29855
10370	1.14004
10372	0.99884
10374	0.87299
10376	0.76023
10378	0.66265
10380	0.57888
10382	0.50654
10384	0.4443
10386	0.39053
10388	0.34486
10390	0.30434
10392	0.26899
10394	0.23971
10396	0.21528
10398	0.19398
10400	0.17547
10402	0.15825
10404	0.14298
10406	0.12975
10408	0.11994
10410	0.10996
10412	0.10125
10414	0.09255
10416	0.08501
10418	0.07824
10420	0.07223
10422	0.06706
10424	0.06053
10426	0.05577
10428	0.05228
10430	0.04806
10432	0.04359
10434	0.03872
10436	0.03507
10438	0.03151
10440	0.02868
10442	0.02505
10444	0.02327
10446	0.02263
10448	0.02078
10450	0.01998
10452	0.01722
10454	0.01515
10456	0.01504
10458	0.01417
10460	0.01371
10462	0.01207
10464	0.01108
10466	0.00929
10468	0.00735
10470	0.00647
10472	0.00706
10474	0.00554
10476	0.00582
10478	0.00493
10480	0.00478
10482	0.00515
10484	0.00429
10486	0.00253
10488	0.00314
10490	0.00437
10492	0.00466
10494	0.00408
10496	0.00232
10498	5.41956E-4
10500	2.77282E-4
10502	0.00134
10504	7.03933E-4
10506	4.35259E-4
10508	-6.76415E-4
10510	-0.00117
10512	-0.00176
10514	-0.00182
10516	-9.02112E-4
10518	-8.43787E-4
10520	-0.00248
10522	-0.00319
10524	-0.00325
10526	-0.00136
10528	8.45045E-4
10530	0.0022
10532	5.79298E-4
10534	0.00177
10536	7.55508E-5
10538	-9.32264E-6
10540	8.90804E-4
10542	0.0015
10544	0.00186
10546	0.00161
10548	7.7431E-4
10550	-3.75633E-5
10552	-2.06437E-4
10554	-0.00137
10556	-0.00103
10558	-0.00244
10560	-0.00166
10562	-6.67804E-4
10564	-7.57677E-4
10566	-7.45508E-5
10568	-9.99424E-4
10570	-0.00158
10572	-4.81171E-4
10574	-0.00106
10576	-0.00223
10578	-0.00197
10580	-0.00225
10582	-0.00178
10584	-0.00137
10586	-0.00223
10588	-0.00217
10590	-0.00104
10592	-2.89706E-4
10594	-0.00131
10596	-0.00329
10598	-0.0038
10600	-0.00177
10602	-0.00114
10604	-0.0021
10606	-0.00177
10608	-0.00134
10610	-0.00224
10612	-0.0019
10614	-0.00223
10616	-8.77992E-4
10618	-2.12658E-5
10620	-0.00184
10622	-0.00267
10624	-0.00319
10626	-0.00357
10628	-0.00313
10630	-0.00279
10632	-0.00127
10634	4.41543E-4
10636	-3.1673E-4
10638	-0.00155
10640	-0.00197
10642	-0.00165
10644	-0.00262
10646	-0.00193
10648	-0.00235
10650	-0.00251
10652	-0.00183
10654	-7.02195E-4
10656	6.6531E-5
10658	9.15257E-4
10660	0.0019
10662	0.00168
10664	5.36436E-4
10666	4.33162E-4
10668	5.48888E-4
10670	-2.02386E-4
10672	-9.1966E-4
10674	-0.00118
10676	-0.00131
10678	-0.0012
10680	0.00104
10682	0.0025
10684	0.00195
10686	0.00119
10688	0.00153
10690	4.34876E-4
10692	0.00126
10694	0.00143
10696	0.00244
10698	0.00397
10700	0.00172
10702	7.47232E-4
10704	3.84959E-4
10706	6.33685E-4
10708	0.00127
10710	0.00138
10712	2.67863E-4
10714	-5.77411E-4
10716	-0.00107
10718	-3.54958E-4
10720	-0.00184
10722	-0.00246
10724	-0.00235
10726	-0.0018
10728	-0.00169
10730	-0.0015
10732	2.71943E-4
10734	0.00137
10736	0.00127
10738	8.15307E-4
10740	-6.74239E-4
10742	-0.00139
10744	-3.5133E-4
10746	9.09124E-4
10748	7.23578E-4
10750	-4.68967E-4
10752	-0.00107
10754	-8.19059E-4
10756	0.00108
10758	5.8885E-4
10760	1.98304E-4
10762	3.38759E-4
10764	4.52132E-5
10766	-2.39332E-4
10768	-0.00182
10770	-0.00227
10772	-9.87969E-4
10774	2.53485E-4
10776	4.52939E-4
10778	-3.59606E-4
10780	-6.12152E-4
10782	-2.10698E-4
10784	3.32757E-4
10786	6.61211E-4
10788	0.003
10790	0.00176
10792	3.98574E-4
10794	2.85029E-4
10796	-2.87517E-4
10798	4.20937E-4
10800	5.28392E-4
10802	7.34818E-5
10804	-8.47007E-5
10806	3.31167E-5
10808	-9.97066E-4
10810	-7.06248E-4
10812	1.53569E-4
10814	7.53386E-4
10816	9.95204E-4
10818	0.00154
10820	7.62839E-4
10822	2.38656E-4
10824	4.94736E-5
10826	-1.21709E-4
10828	-9.74892E-4
10830	-0.00105
10832	-0.00164
10834	-0.002
10836	-0.00123
10838	-0.00185
10840	-0.00229
10842	-0.00201
10844	-0.00135
10846	-0.00193
10848	-0.00131
10850	-0.00127
10852	-0.00247
10854	-0.00149
10856	-2.89448E-4
10858	9.4737E-4
10860	5.26187E-4
10862	-2.22995E-4
10864	-9.46178E-4
10866	0.0015
10868	0.0028
10870	0.00232
10872	0.00169
10874	6.64909E-4
10876	1.84727E-4
10878	9.12544E-4
10880	7.50362E-4
10882	5.37179E-4
10884	0.00161
10886	0.00317
10888	0.00306
10890	0.00356
10892	0.00328
10894	0.00334
10896	0.00225
10898	-4.87281E-4
10900	-7.56464E-4
10902	3.32353E-4
10904	9.07171E-4
10906	1.79988E-4
10908	-0.00158
10910	-0.00132
10912	-1.86559E-4
10914	0.00134
10916	0.00183
10918	0.00175
10920	0.00233
10922	0.0031
10924	0.00264
10926	0.0016
10928	0.00554
10930	0.05995
10932	0.20973
10934	0.41662
10936	0.64257
10938	0.86317
10940	1.06817
10942	1.25219
10944	1.41754
10946	1.56504
10948	1.69415
10950	1.80434
10952	1.90099
10954	1.98262
10956	2.05112
10958	2.06587
10960	1.97543
10962	1.81952
10964	1.63924
10966	1.45715
10968	1.28529
10970	1.12971
10972	0.98986
10974	0.8648
10976	0.75292
10978	0.65532
10980	0.57055
10982	0.49661
10984	0.43357
10986	0.38107
10988	0.33723
10990	0.29808
10992	0.26382
10994	0.23614
10996	0.21324
10998	0.19213
11000	0.17251
11002	0.15711
11004	0.14287
11006	0.12879
11008	0.11753
11010	0.10842
11012	0.10072
11014	0.09124
11016	0.08286
11018	0.07519
11020	0.06804
11022	0.06208
11024	0.05736
11026	0.05318
11028	0.04841
11030	0.04551
11032	0.04226
11034	0.03766
11036	0.03328
11038	0.02959
11040	0.0269
11042	0.02419
11044	0.02202
11046	0.01952
11048	0.0171
11050	0.01675
11052	0.01749
11054	0.01636
11056	0.01528
11058	0.01472
11060	0.01246
11062	0.01069
11064	0.00982
11066	0.00858
11068	0.00652
11070	0.0039
11072	0.00346
11074	0.00486
11076	0.00449
11078	0.00231
11080	0.00153
11082	3.05175E-4
11084	0.0012
11086	7.52481E-4
11088	0.00136
11090	0.00119
11092	0.00129
11094	0.003
11096	0.00398
11098	0.00265
11100	4.07051E-4
11102	-0.00161
11104	-0.00319
11106	-0.00361
11108	-0.00314
11110	-0.00288
11112	-0.00272
11114	-0.00143
11116	-8.47726E-4
11118	-1.93073E-4
11120	0.00171
11122	0.00104
11124	-6.31149E-5
11126	-1.00462E-4
11128	1.74191E-4
11130	-2.06156E-4
11132	-0.00117
11134	-0.00414
11136	-0.00246
11138	-0.00102
11140	-0.00123
11142	-0.00186
11144	-9.57586E-4
11146	-3.40934E-4
11148	3.99719E-4
11150	0.00136
11152	7.78299E-4
11154	0.00119
11156	0.00134
11158	-5.3805E-4
11160	-0.0017
11162	-0.00166
11164	-0.0022
11166	-0.00274
11168	-0.00306
11170	-0.00194
11172	-0.00205
11174	-0.00192
11176	-0.00139
11178	-0.0016
11180	-0.00164
11182	-0.00153
11184	-8.63227E-4
11186	-0.00129
11188	-6.74792E-4
11190	-3.82575E-4
11192	-1.51358E-4
11194	-6.95141E-4
11196	-5.86924E-4
11198	-0.00128
11200	-0.00164
11202	-0.0018
11204	-0.00208
11206	-0.00264
11208	-0.00134
11210	2.67596E-4
11212	-1.76187E-4
11214	-0.00123
11216	-0.00159
11218	-6.33535E-4
11220	-4.39984E-4
11222	-8.04167E-4
11224	4.16505E-5
11226	0.00197
11228	0.0015
11230	1.05103E-4
11232	1.6592E-4
11234	4.47738E-4
11236	3.17555E-4
11238	7.29372E-4
11240	4.4519E-4
11242	4.44007E-4
11244	5.83825E-4
11246	0.00109
11248	0.00129
11250	9.46277E-4
11252	0.0014
11254	0.00157
11256	0.00114
11258	2.63547E-4
11260	0.00183
11262	0.00115
11264	-3.65001E-4
11266	-1.20183E-4
11268	9.82634E-4
11270	0.00242
11272	0.00183
11274	0.00205
11276	0.00299
11278	0.00291
11280	0.00262
11282	0.00345
11284	0.00226
11286	0.00216
11288	0.00186
11290	2.94844E-4
11292	-8.8812E-4
11294	-1.80084E-4
11296	2.00952E-4
11298	-8.80119E-5
11300	-4.43976E-4
11302	-0.00101
11304	-0.00133
11306	-5.27868E-4
11308	-0.00152
11310	-0.00199
11312	-0.00265
11314	-0.00138
11316	-4.56688E-4
11318	4.96348E-4
11320	0.00188
11322	0.0021
11324	0.00218
11326	0.00368
11328	0.00206
11330	0.0018
11332	0.00377
11334	0.00394
11336	0.00266
11338	0.00137
11340	1.11743E-4
11342	7.67793E-5
11344	-0.00115
11346	-0.00102
11348	-6.18113E-4
11350	5.73923E-4
11352	0.00139
11354	0.00101
11356	0.00135
11358	0.00132
11360	6.32134E-4
11362	0.00111
11364	0.00116
11366	0.00165
11368	9.96098E-4
11370	-2.91411E-4
11372	-0.00137
11374	-0.00111
11376	-0.00133
11378	-0.00141
11380	-0.00136
11382	-4.78465E-4
11384	-4.37974E-4
11386	-9.91483E-4
11388	-8.07992E-4
11390	-4.60501E-4
11392	8.799E-5
11394	-6.7519E-5
11396	5.55972E-4
11398	0.00182
11400	0.00191
11402	8.33445E-4
11404	-5.2064E-5
11406	-5.19573E-4
11408	1.83918E-4
11410	-8.56591E-4
11412	-0.0015
11414	-0.00237
11416	-0.00279
11418	-0.00162
11420	-8.28136E-4
11422	-0.00102
11424	-3.01154E-4
11426	5.70337E-4
11428	0.00159
11430	0.00154
11432	0.00107
11434	4.82554E-4
11436	0.00129
11438	0.00165
11440	6.18855E-4
11442	-1.24378E-4
11444	-4.92611E-4
11446	-0.00102
11448	-0.00208
11450	-9.3831E-4
11452	-3.66543E-4
11454	1.68224E-4
11456	6.99991E-4
11458	5.40757E-4
11460	9.56524E-4
11462	5.29135E-6
11464	-8.22942E-4
11466	0.0011
11468	0.00126
11470	0.00172
11472	0.00136
11474	5.97893E-4
11476	3.6766E-4
11478	1.96427E-4
11480	4.85194E-4
11482	8.36961E-4
11484	-8.32272E-4
11486	-8.24505E-4
11488	-1.48739E-4
11490	6.79028E-4
11492	0.00122
11494	9.04562E-4
11496	0.00241
11498	0.00358
11500	0.00114
11502	4.82703E-4
11504	3.52299E-4
11506	9.03895E-4
11508	0.00176
11510	8.87088E-4
11512	9.78684E-4
11514	0.00182
11516	0.0017
11518	0.00123
11520	0.00118
11522	0.00104
11524	7.97261E-4
11526	0.00301
11528	0.00601
11530	0.05064
11532	0.19075
11534	0.38976
11536	0.61105
11538	0.82804
11540	1.02972
11542	1.21315
11544	1.37933
11546	1.52702
11548	1.65393
11550	1.76348
11552	1.85682
11554	1.93829
11556	2.0083
11558	2.03518
11560	1.95651
11562	1.81214
11564	1.63886
11566	1.46136
11568	1.29062
11570	1.13357
11572	0.99231
11574	0.86539
11576	0.75364
11578	0.65706
11580	0.57231
11582	0.4996
11584	0.4359
11586	0.38233
11588	0.33664
11590	0.29573
11592	0.262
11594	0.23296
11596	0.20772
11598	0.18634
11600	0.16868
11602	0.15309
11604	0.13873
11606	0.12675
11608	0.11686
11610	0.10693
11612	0.09758
11614	0.09019
11616	0.08304
11618	0.07664
11620	0.07114
11622	0.06431
11624	0.05813
11626	0.05377
11628	0.04911
11630	0.04516
11632	0.03942
11634	0.03512
11636	0.03201
11638	0.03132
11640	0.0289
11642	0.02415
11644	0.02099
11646	0.01889
11648	0.01791
11650	0.01465
11652	0.01303
11654	0.01253
11656	0.01197
11658	0.01081
11660	0.00955
11662	0.00943
11664	0.00717
11666	0.00548
11668	0.0039
11670	0.00297
11672	0.00213
11674	0.00392
11676	0.00338
11678	0.00247
11680	0.00266
11682	0.0036
11684	0.00345
11686	0.00195
11688	0.00144
11690	0.0024
11692	7.93382E-4
11694	-2.1803E-4
11696	-5.55442E-4
11698	-0.00105
11700	-0.00155
11702	-0.00163
11704	-0.00164
11706	-0.00145
11708	-0.00227
11710	-0.0017
11712	-3.86737E-4
11714	0.00144
11716	7.17439E-4
11718	-3.39972E-4
11720	-1.19384E-4
11722	2.37204E-4
11724	-4.02081E-5
11726	5.238E-5
11728	-7.73032E-4
11730	-0.00113
11732	-7.14856E-4
11734	-0.00108
11736	-9.06679E-4
11738	1.75909E-4
11740	-4.69503E-4
11742	-5.97915E-4
11744	-5.85327E-4
11746	-4.07389E-5
11748	0.00144
11750	0.00116
11752	8.80254E-5
11754	-0.00102
11756	-4.81798E-4
11758	-0.00196
11760	-0.00378
11762	-0.00169
11764	-8.52446E-4
11766	-7.94858E-4
11768	-0.00119
11770	1.33318E-4
11772	4.65907E-4
11774	3.73495E-4
11776	1.99485E-4
11778	-6.42511E-4
11780	-0.00194
11782	-0.00202
11784	-0.00143
11786	-0.00108
11788	-0.00194
11790	-0.00237
11792	-0.00181
11794	-3.31482E-4
11796	4.02521E-4
11798	4.75525E-4
11800	-2.35471E-4
11802	7.54532E-4
11804	9.10536E-4
11806	5.27539E-4
11808	-1.57457E-4
11810	-7.94454E-4
11812	-3.0145E-4
11814	-0.00135
11816	-5.61443E-4
11818	-4.22439E-4
11820	8.95645E-5
11822	4.36568E-4
11824	-6.36428E-4
11826	-5.35425E-4
11828	-8.68421E-4
11830	-3.53418E-4
11832	-0.00134
11834	-7.9441E-4
11836	4.99593E-4
11838	2.68597E-4
11840	1.006E-4
11842	0.002
11844	0.00218
11846	4.73531E-5
11848	-0.00121
11850	4.81177E-6
11852	3.46041E-4
11854	3.6127E-4
11856	0.00162
11858	0.00153
11860	0.00171
11862	0.00107
11864	0.00143
11866	7.08646E-4
11868	-3.01243E-5
11870	-4.49895E-4
11872	-4.40666E-4
11874	-0.00121
11876	-2.76207E-4
11878	-1.38978E-4
11880	-0.00153
11882	-5.43519E-4
11884	9.1371E-4
11886	0.00138
11888	0.0018
11890	6.98398E-4
11892	-8.48372E-4
11894	-0.00137
11896	-1.81914E-4
11898	9.33155E-5
11900	-2.74455E-4
11902	4.07741E-5
11904	-7.29966E-5
11906	1.43233E-4
11908	-5.65379E-5
11910	-2.60309E-4
11912	0.00145
11914	0.00173
11916	4.03205E-4
11918	-2.23913E-4
11920	1.80968E-4
11922	8.82849E-4
11924	0.00147
11926	7.14612E-4
11928	0.00131
11930	0.00136
11932	-1.63744E-4
11934	4.84137E-4
11936	8.27019E-4
11938	0.00115
11940	0.00296
11942	0.00184
11944	-3.52456E-4
11946	-0.00175
11948	-0.00308
11950	-0.00233
11952	-0.00287
11954	-0.00244
11956	-0.00178
11958	-0.0016
11960	-0.00179
11962	-0.00118
11964	-6.82643E-4
11966	2.37238E-4
11968	-3.6688E-4
11970	1.01001E-4
11972	7.20882E-4
11974	-8.92363E-5
11976	-7.39355E-4
11978	-1.41474E-4
11980	-1.00592E-4
11982	6.80289E-4
11984	7.3617E-4
11986	9.02153E-4
11988	-3.53137E-5
11990	-9.7278E-4
11992	-8.87247E-4
11994	-6.17714E-4
11996	8.9582E-4
11998	4.53353E-4
12000	-6.91114E-4
12002	-1.63581E-4
12004	4.35953E-4
12006	4.84861E-5
12008	-6.22981E-4
12010	1.64553E-4
12012	0.0016
12014	0.0022
12016	0.00241
12018	0.00225
12020	0.00291
12022	0.00104
12024	-4.28714E-4
12026	-2.13181E-4
12028	-0.00123
12030	-0.00181
12032	-0.00206
12034	-1.57047E-4
12036	9.92486E-4
12038	3.94019E-4
12040	7.73553E-4
12042	0.00121
12044	0.00134
12046	0.00294
12048	0.003
12050	0.00275
12052	0.00187
12054	0.00118
12056	0.00113
12058	0.00179
12060	-5.82664E-4
12062	-0.00221
12064	-0.00252
12066	-0.0021
12068	-0.00104
12070	-4.31673E-4
12072	-5.9275E-5
12074	0.00117
12076	0.00193
12078	0.00251
12080	0.00336
12082	0.00294
12084	0.002
12086	0.00315
12088	0.00346
12090	0.00366
12092	0.00349
12094	0.00326
12096	0.00342
12098	0.00353
12100	0.00436
12102	0.00562
12104	0.00462
12106	0.00442
12108	0.00329
12110	0.00348
12112	0.00462
12114	0.00528
12116	0.00553
12118	0.00517
12120	0.00667
12122	0.00689
12124	0.00585
