time	cp
2	0.26385
4	0.25796
6	0.25076
8	0.24345
10	0.23538
12	0.22807
14	0.22029
16	0.21142
18	0.2038
20	0.19636
22	0.18849
24	0.18225
26	0.17595
28	0.16882
30	0.16122
32	0.15272
34	0.14419
36	0.13594
38	0.12887
40	0.12181
42	0.11369
44	0.10575
46	0.09774
48	0.08963
50	0.08186
52	0.07411
54	0.06705
56	0.06338
58	0.05746
60	0.04836
62	0.03926
64	0.0302
66	0.02137
68	0.01279
70	0.00538
72	-5.59365E-5
74	1.19439E-4
76	4.60815E-4
78	8.74191E-4
80	0.00157
82	0.00165
84	0.0012
86	0.00116
88	0.00154
90	8.10445E-4
92	-3.06179E-4
94	-8.8035E-6
96	1.54572E-4
98	4.36948E-4
100	8.83324E-4
102	0.00194
104	0.00179
106	0.00173
108	0.00133
110	0.00115
112	0.00173
114	0.00141
116	3.36329E-4
118	1.92705E-4
120	-1.02919E-4
122	-5.25434E-5
124	0.00101
126	0.00714
128	0.09523
130	0.37549
132	0.78285
134	1.23978
136	1.69742
138	2.13012
140	2.52573
142	2.88302
144	3.19658
146	3.47614
148	3.71823
150	3.93129
152	4.10968
154	4.24384
156	4.19018
158	3.93298
160	3.58133
162	3.20313
164	2.83568
166	2.49494
168	2.186
170	1.91157
172	1.66796
174	1.45367
176	1.26732
178	1.10633
180	0.96861
182	0.84929
184	0.74795
186	0.65996
188	0.58495
190	0.52098
192	0.46537
194	0.41817
196	0.37765
198	0.34206
200	0.3115
202	0.2845
204	0.26078
206	0.24055
208	0.22191
210	0.20526
212	0.19062
214	0.17506
216	0.16266
218	0.15128
220	0.14031
222	0.13111
224	0.12277
226	0.11421
228	0.10717
230	0.10019
232	0.0933
234	0.08724
236	0.0814
238	0.07693
240	0.07272
242	0.06962
244	0.06591
246	0.06205
248	0.06011
250	0.05746
252	0.05474
254	0.05317
256	0.05083
258	0.05012
260	0.04819
262	0.04689
264	0.04499
266	0.04255
268	0.04081
270	0.03955
272	0.0372
274	0.036
276	0.03648
278	0.03551
280	0.03573
282	0.03589
284	0.03523
286	0.03406
288	0.03317
290	0.03184
292	0.03092
294	0.03033
296	0.03002
298	0.02956
300	0.02928
302	0.02862
304	0.0264
306	0.02499
308	0.02466
310	0.02342
312	0.02211
314	0.02109
316	0.02073
318	0.01964
320	0.01909
322	0.01888
324	0.01767
326	0.01629
328	0.01583
330	0.01697
332	0.01709
334	0.01615
336	0.01557
338	0.01562
340	0.01554
342	0.0159
344	0.01483
346	0.01329
348	0.01404
350	0.01434
352	0.01534
354	0.01598
356	0.01717
358	0.01649
360	0.01474
362	0.0135
364	0.01278
366	0.01232
368	0.01203
370	0.01198
372	0.01189
374	0.01172
376	0.0114
378	0.01171
380	0.01182
382	0.01106
384	0.01132
386	0.01243
388	0.01193
390	0.01151
392	0.01039
394	0.01046
396	0.01006
398	0.0101
400	0.00926
402	0.00831
404	0.00827
406	0.00769
408	0.00768
410	0.00699
412	0.00672
414	0.00606
416	0.0059
418	0.00619
420	0.00563
422	0.00667
424	0.00596
426	0.00509
428	0.00514
430	0.00536
432	0.00501
434	0.00514
436	0.00579
438	0.00582
440	0.00577
442	0.00553
444	0.00549
446	0.00525
448	0.0042
450	0.00536
452	0.00613
454	0.0046
456	0.00529
458	0.0061
460	0.00526
462	0.0047
464	0.00364
466	0.00475
468	0.00607
470	0.00579
472	0.00582
474	0.00518
476	0.00444
478	0.00459
480	0.00432
482	0.00414
484	0.00373
486	0.00312
488	0.00386
490	0.00355
492	0.00356
494	0.0036
496	0.00331
498	0.00344
500	0.00442
502	0.00453
504	0.00375
506	0.0028
508	0.00187
510	0.0019
512	0.00298
514	0.00436
516	0.00449
518	0.00496
520	0.00448
522	0.00486
524	0.00534
526	0.00461
528	0.00242
530	0.00108
532	0.00161
534	0.00212
536	0.00239
538	0.00244
540	0.00251
542	0.00158
544	0.00102
546	0.00187
548	0.00172
550	0.00155
552	0.00239
554	0.00305
556	0.00231
558	9.84365E-4
560	0.00132
562	0.00115
564	0.00273
566	0.00277
568	0.00194
570	0.00145
572	0.00135
574	5.57815E-4
576	6.99438E-5
578	0.00101
580	0.00229
582	0.00163
584	-3.35398E-5
586	2.75894E-5
588	5.81718E-4
590	2.92848E-4
592	2.88977E-4
594	3.31106E-4
596	1.48235E-4
598	-6.63593E-6
600	-2.59507E-4
602	-3.34378E-4
604	3.08751E-4
606	2.64881E-4
608	2.1601E-4
610	1.27139E-4
612	9.12268E-4
614	4.27397E-4
616	3.01526E-4
618	-2.66345E-4
620	-5.74216E-4
622	-1.83087E-4
624	-3.97957E-4
626	-3.33828E-4
628	-1.70699E-4
630	2.22841E-4
632	6.30657E-4
634	4.94473E-4
636	3.13289E-4
638	3.22105E-4
640	5.76921E-4
642	4.89738E-4
644	1.38554E-4
646	-5.3563E-4
648	4.15186E-4
650	-4.11998E-4
652	-0.00117
654	-0.0018
656	-0.0017
658	-0.00204
660	-0.0019
662	-0.0014
664	-9.26286E-4
666	-5.7847E-4
668	-5.76654E-4
670	-5.72838E-4
672	-5.39022E-4
674	-8.49206E-4
676	-0.00125
678	-0.00122
680	-0.00161
682	-9.37942E-4
684	-5.37126E-4
686	-9.5631E-4
688	-8.17494E-4
690	-2.98678E-4
692	-3.15862E-4
694	0.00115
696	-9.32297E-5
698	-0.00189
700	-0.0019
702	-7.52163E-4
704	-8.5082E-4
706	-0.00164
708	-9.52134E-4
710	6.74209E-4
712	0.00178
714	0.00132
716	8.36238E-4
718	8.15807E-5
720	9.69238E-5
722	-8.77733E-4
724	-0.00191
726	0.01038
728	0.15981
730	0.50292
732	0.94493
734	1.41205
736	1.86163
738	2.27709
740	2.6573
742	2.99514
744	3.29553
746	3.55127
748	3.77792
750	3.97075
752	4.13925
754	4.26544
756	4.22908
758	3.97989
760	3.62868
762	3.24746
764	2.8754
766	2.52937
768	2.2166
770	1.93731
772	1.69039
774	1.4734
776	1.28447
778	1.12144
780	0.98115
782	0.85918
784	0.7568
786	0.66929
788	0.59308
790	0.52854
792	0.47358
794	0.42482
796	0.38341
798	0.34754
800	0.3164
802	0.28931
804	0.26556
806	0.24411
808	0.22549
810	0.20782
812	0.19213
814	0.17642
816	0.16365
818	0.15226
820	0.14061
822	0.13029
824	0.12231
826	0.11494
828	0.10784
830	0.1006
832	0.09411
834	0.08685
836	0.07954
838	0.07404
840	0.06949
842	0.06618
844	0.06295
846	0.05947
848	0.05642
850	0.05274
852	0.04972
854	0.04805
856	0.04637
858	0.04328
860	0.04162
862	0.04019
864	0.03822
866	0.03771
868	0.03491
870	0.03343
872	0.03301
874	0.03263
876	0.03256
878	0.03192
880	0.03041
882	0.02776
884	0.02499
886	0.02436
888	0.02353
890	0.02294
892	0.02181
894	0.02124
896	0.0219
898	0.02211
900	0.02165
902	0.02129
904	0.02119
906	0.01946
908	0.01818
910	0.01829
912	0.01747
914	0.01608
916	0.01545
918	0.01533
920	0.01601
922	0.01571
924	0.01404
926	0.01435
928	0.01339
930	0.01291
932	0.01234
934	0.01285
936	0.01329
938	0.01194
940	0.01242
942	0.01099
944	0.00939
946	0.00939
948	0.00964
950	0.01019
952	0.00992
954	0.00912
956	0.00821
958	0.00804
960	0.00834
962	0.00894
964	0.0093
966	0.01068
968	0.00988
970	0.00983
972	0.00992
974	0.00891
976	0.00907
978	0.00886
980	0.0079
982	0.0074
984	0.00801
986	0.00742
988	0.0067
990	0.0064
992	0.00591
994	0.00632
996	0.00657
998	0.00622
1000	0.00617
1002	0.00603
1004	0.0073
1006	0.00717
1008	0.00588
1010	0.00446
1012	0.00424
1014	0.00322
1016	0.00384
1018	0.00482
1020	0.00511
1022	0.00458
1024	0.00485
1026	0.00397
1028	0.00354
1030	0.00451
1032	0.00438
1034	0.00483
1036	0.00527
1038	0.00514
1040	0.00596
1042	0.00585
1044	0.00604
1046	0.00633
1048	0.0057
1050	0.00446
1052	0.004
1054	0.00351
1056	0.00324
1058	0.00314
1060	0.0028
1062	0.00282
1064	0.00337
1066	0.00329
1068	0.00349
1070	0.00425
1072	0.0039
1074	0.00383
1076	0.00398
1078	0.00462
1080	0.00473
1082	0.00383
1084	0.00411
1086	0.00437
1088	0.0037
1090	0.00213
1092	0.00221
1094	0.0024
1096	0.00303
1098	0.00282
1100	0.00237
1102	0.00143
1104	0.00154
1106	0.00245
1108	7.96667E-4
1110	8.85434E-4
1112	0.00153
1114	0.00314
1116	0.0028
1118	0.00302
1120	0.00253
1122	0.00116
1124	0.00146
1126	0.00245
1128	0.00357
1130	0.00351
1132	0.00376
1134	0.00324
1136	0.00361
1138	0.00342
1140	0.00354
1142	0.00307
1144	0.00279
1146	0.00259
1148	0.00215
1150	0.00158
1152	0.00113
1154	0.00123
1156	0.00139
1158	4.37831E-4
1160	4.79597E-4
1162	6.13364E-4
1164	7.8713E-4
1166	7.44897E-4
1168	0.00101
1170	0.00176
1172	0.00235
1174	0.00256
1176	0.0018
1178	7.18496E-4
1180	4.32263E-4
1182	0.00148
1184	0.00121
1186	0.00127
1188	5.32329E-4
1190	0.00159
1192	0.00175
1194	0.00151
1196	7.15395E-4
1198	8.93162E-4
1200	-2.36072E-4
1202	-0.00197
1204	-0.0013
1206	-8.13772E-4
1208	7.40994E-4
1210	1.61761E-4
1212	-4.24725E-5
1214	-0.00118
1216	2.39061E-4
1218	7.92827E-4
1220	-5.43406E-4
1222	2.8336E-4
1224	0.00129
1226	0.00188
1228	0.00115
1230	7.48426E-4
1232	0.0019
1234	9.8296E-4
1236	-6.02739E-5
1238	-3.55507E-4
1240	-1.69741E-4
1242	-1.38974E-4
1244	7.47923E-5
1246	0.00111
1248	5.81325E-4
1250	5.91092E-4
1252	2.56858E-4
1254	2.82625E-4
1256	9.16392E-4
1258	0.00119
1260	0.00108
1262	-2.02246E-5
1264	2.775E-4
1266	5.05224E-4
1268	5.56948E-4
1270	-6.56328E-4
1272	-9.76037E-5
1274	-2.52879E-4
1276	-5.07155E-4
1278	-0.00149
1280	-0.00131
1282	-6.70983E-4
1284	2.77414E-5
1286	2.03466E-4
1288	5.7919E-4
1290	0.00182
1292	6.98638E-4
1294	-0.00106
1296	-0.00128
1298	-0.00198
1300	-0.00183
1302	-0.00152
1304	-3.30167E-5
1306	4.19707E-4
1308	0.00147
1310	0.00193
1312	0.00136
1314	3.15604E-4
1316	1.70328E-4
1318	-8.39474E-5
1320	1.81777E-4
1322	-6.13499E-4
1324	-9.16775E-4
1326	0.00885
1328	0.14031
1330	0.47173
1332	0.90588
1334	1.36971
1336	1.81853
1338	2.23568
1340	2.61218
1342	2.94974
1344	3.2448
1346	3.50324
1348	3.72579
1350	3.91781
1352	4.08245
1354	4.21768
1356	4.2025
1358	3.97325
1360	3.63264
1362	3.25575
1364	2.88522
1366	2.53997
1368	2.22687
1370	1.9449
1372	1.69618
1374	1.48057
1376	1.29168
1378	1.12679
1380	0.98591
1382	0.86342
1384	0.75883
1386	0.66955
1388	0.59326
1390	0.52869
1392	0.47287
1394	0.42503
1396	0.38402
1398	0.34794
1400	0.3154
1402	0.28764
1404	0.26409
1406	0.24215
1408	0.222
1410	0.20325
1412	0.18863
1414	0.17373
1416	0.15998
1418	0.14867
1420	0.13848
1422	0.1295
1424	0.1208
1426	0.11155
1428	0.1032
1430	0.09685
1432	0.09072
1434	0.08498
1436	0.08057
1438	0.07509
1440	0.07004
1442	0.06638
1444	0.06245
1446	0.05982
1448	0.05658
1450	0.05446
1452	0.05316
1454	0.0503
1456	0.04698
1458	0.04565
1460	0.044
1462	0.04227
1464	0.04045
1466	0.03872
1468	0.03756
1470	0.03554
1472	0.03301
1474	0.03062
1476	0.03004
1478	0.02966
1480	0.02813
1482	0.02752
1484	0.02722
1486	0.02572
1488	0.02402
1490	0.02321
1492	0.02281
1494	0.02215
1496	0.02203
1498	0.02078
1500	0.01955
1502	0.01961
1504	0.02012
1506	0.01835
1508	0.01693
1510	0.01642
1512	0.01656
1514	0.01612
1516	0.01622
1518	0.01668
1520	0.01674
1522	0.01728
1524	0.01835
1526	0.01809
1528	0.01745
1530	0.01464
1532	0.01364
1534	0.01385
1536	0.01333
1538	0.01299
1540	0.01234
1542	0.01166
1544	0.01044
1546	0.0089
1548	0.00826
1550	0.00816
1552	0.00794
1554	0.00785
1556	0.00875
1558	0.00881
1560	0.00886
1562	0.00917
1564	0.01047
1566	0.01106
1568	0.00989
1570	0.00962
1572	0.01
1574	0.00939
1576	0.00967
1578	0.00954
1580	0.01005
1582	0.00937
1584	0.00934
1586	0.00854
1588	0.00753
1590	0.00642
1592	0.00557
1594	0.00517
1596	0.00586
1598	0.00584
1600	0.00595
1602	0.00578
1604	0.00551
1606	0.0048
1608	0.00403
1610	0.00419
1612	0.00481
1614	0.00453
1616	0.00473
1618	0.00525
1620	0.00484
1622	0.00397
1624	0.00318
1626	0.00383
1628	0.00376
1630	0.0034
1632	0.00286
1634	0.00252
1636	0.00325
1638	0.00328
1640	0.00319
1642	0.00185
1644	9.3226E-4
1646	5.55862E-4
1648	0.00175
1650	0.00261
1652	0.00189
1654	0.00157
1656	0.00173
1658	0.00153
1660	0.00417
1662	0.00375
1664	0.00228
1666	0.00224
1668	0.00253
1670	0.00256
1672	0.00217
1674	0.00213
1676	0.00233
1678	0.00234
1680	0.00202
1682	0.00195
1684	0.00302
1686	0.00476
1688	0.00417
1690	0.0036
1692	0.00325
1694	0.00265
1696	0.00177
1698	0.00208
1700	0.00227
1702	0.0017
1704	0.00175
1706	7.39919E-4
1708	0.00138
1710	0.0027
1712	0.00336
1714	0.00251
1716	0.00228
1718	0.00157
1720	0.0016
1722	4.42735E-4
1724	2.16337E-4
1726	0.00102
1728	0.00133
1730	0.00165
1732	-1.34256E-4
1734	-6.55654E-4
1736	-8.87052E-4
1738	6.455E-5
1740	-2.41848E-4
1742	-8.42246E-4
1744	-7.36442E-5
1746	6.18958E-4
1748	7.0756E-4
1750	1.92162E-4
1752	9.74763E-4
1754	2.77365E-4
1756	-2.26033E-4
1758	-1.09431E-4
1760	9.98171E-4
1762	7.20773E-4
1764	-2.14625E-4
1766	5.42977E-4
1768	5.16579E-4
1770	2.70181E-4
1772	9.90783E-4
1774	0.00134
1776	5.07986E-4
1778	-2.85412E-4
1780	-7.7881E-4
1782	-7.21208E-4
1784	1.47394E-4
1786	9.64996E-4
1788	9.65979E-5
1790	-1.978E-4
1792	-0.00142
1794	-9.52596E-4
1796	-5.45994E-4
1798	-3.64393E-4
1800	-3.77791E-4
1802	-8.78189E-4
1804	-0.00123
1806	-0.00126
1808	-6.16383E-4
1810	-3.05781E-4
1812	-4.85179E-4
1814	5.89937E-4
1816	7.43021E-4
1818	-1.39895E-4
1820	2.8019E-4
1822	-3.31726E-4
1824	-6.98642E-4
1826	-5.36558E-4
1828	1.56527E-4
1830	1.04611E-4
1832	-3.57305E-4
1834	-1.15221E-4
1836	2.26864E-4
1838	-7.35052E-4
1840	-0.0014
1842	-0.00114
1844	-0.00128
1846	-0.00164
1848	-0.00154
1850	-5.57546E-4
1852	8.15378E-5
1854	-4.93779E-5
1856	-1.88294E-4
1858	-2.21209E-4
1860	-9.74125E-4
1862	-4.51041E-4
1864	-0.00113
1866	-9.75872E-4
1868	-0.00169
1870	-0.00223
1872	-0.00137
1874	-0.00127
1876	-0.00104
1878	-9.97367E-4
1880	6.89718E-4
1882	0.00115
1884	1.1234E-4
1886	-0.00132
1888	-0.00208
1890	-0.00243
1892	-0.00263
1894	-0.00283
1896	-0.00217
1898	-0.00208
1900	-0.00309
1902	-0.00332
1904	-0.003
1906	-0.0025
1908	-0.0022
1910	-0.00241
1912	-0.00314
1914	-0.00324
1916	-0.00282
1918	-0.0031
1920	-0.00211
1922	-0.00151
1924	-0.00157
1926	0.00212
1928	0.10786
1930	0.41386
1932	0.83266
1934	1.29041
1936	1.74482
1938	2.1702
1940	2.55825
1942	2.90563
1944	3.21267
1946	3.48273
1948	3.71891
1950	3.92478
1952	4.10408
1954	4.25129
1956	4.26962
1958	4.06391
1960	3.73365
1962	3.35989
1964	2.98766
1966	2.63834
1968	2.32131
1970	2.03614
1972	1.78299
1974	1.56065
1976	1.36729
1978	1.19918
1980	1.05297
1982	0.92839
1984	0.82081
1986	0.72853
1988	0.64876
1990	0.5812
1992	0.52392
1994	0.47267
1996	0.42648
1998	0.38615
2000	0.35192
2002	0.32129
2004	0.29412
2006	0.26963
2008	0.24749
2010	0.22808
2012	0.20878
2014	0.19202
2016	0.17622
2018	0.16135
2020	0.14688
2022	0.13322
2024	0.12268
2026	0.11392
2028	0.1066
2030	0.10044
2032	0.09409
2034	0.08771
2036	0.08059
2038	0.07483
2040	0.06972
2042	0.06459
2044	0.05961
2046	0.05546
2048	0.05338
2050	0.05129
2052	0.0489
2054	0.04721
2056	0.04439
2058	0.04234
2060	0.04098
2062	0.03797
2064	0.03456
2066	0.03239
2068	0.02933
2070	0.02615
2072	0.02412
2074	0.0223
2076	0.02122
2078	0.01973
2080	0.01997
2082	0.02027
2084	0.01893
2086	0.01832
2088	0.01712
2090	0.01754
2092	0.01646
2094	0.01512
2096	0.01481
2098	0.01395
2100	0.01401
2102	0.01374
2104	0.01216
2106	0.01103
2108	0.01104
2110	0.01003
2112	0.01049
2114	0.01024
2116	0.0092
2118	0.00824
2120	0.00698
2122	0.00675
2124	0.00582
2126	0.00553
2128	0.00406
2130	0.00404
2132	0.0041
2134	0.00417
2136	0.00458
2138	0.00278
2140	0.00255
2142	0.00331
2144	0.00326
2146	0.00296
2148	0.00165
2150	0.00223
2152	0.00156
2154	1.94049E-4
2156	-4.35189E-4
2158	-5.15426E-4
2160	-5.04664E-4
2162	-0.00139
2164	-0.00185
2166	-0.00383
2168	-0.00494
2170	-0.00391
2172	-0.0046
2174	-0.00446
2176	-0.00442
2178	-0.0036
2180	-0.00323
2182	-0.0036
2184	-0.00359
2186	-0.00368
2188	-0.00337
2190	-0.00309
2192	-0.00339
2194	-0.00324
2196	-0.00273
2198	-0.00249
2200	-0.00138
2202	-0.00137
2204	-0.00136
2206	-0.00121
2208	-0.00215
2210	-0.00277
2212	-0.00211
2214	-0.00287
2216	-0.00286
2218	-0.00205
2220	-0.00101
2222	-0.00111
2224	-0.00153
2226	-0.00138
2228	-3.18389E-4
2230	-0.00129
2232	-0.00218
2234	-0.00139
2236	-0.00188
2238	-0.00227
2240	-0.00269
2242	-0.00289
2244	-0.00234
2246	-0.00264
2248	-0.00282
2250	-0.00293
2252	-0.0022
2254	-0.00136
2256	-8.86479E-4
2258	-2.69776E-4
2260	2.33927E-4
2262	-2.43704E-5
2264	-0.00103
2266	-7.54965E-4
2268	-3.01262E-4
2270	-0.00102
2272	-0.00166
2274	-0.00174
2276	-0.00158
2278	-0.0014
2280	-0.00188
2282	-8.32341E-4
2284	-6.76382E-5
2286	-2.16935E-4
2288	1.87768E-4
2290	8.47471E-4
2292	1.67174E-4
2294	1.91876E-4
2296	1.57942E-6
2298	1.25282E-4
2300	-1.88015E-4
2302	-1.55709E-5
2304	-7.71036E-4
2306	-5.47502E-4
2308	-9.17967E-4
2310	-0.00184
2312	-0.0014
2314	-0.00124
2316	-0.00212
2318	-0.00231
2320	-0.00185
2322	-0.0014
2324	-3.96899E-5
2326	-1.85155E-4
2328	-9.95621E-4
2330	-1.79086E-4
2332	1.04486E-5
2334	-5.71017E-4
2336	-0.00108
2338	-0.00162
2340	-0.00114
2342	-0.00115
2344	-9.44344E-4
2346	-0.00139
2348	-7.85274E-4
2350	-7.1874E-4
2352	-0.001
2354	-2.76704E-5
2356	-8.91357E-5
2358	5.14399E-4
2360	0.00116
2362	7.69468E-4
2364	5.28003E-4
2366	0.00262
2368	0.00317
2370	0.00163
2372	-0.00179
2374	-0.00929
2376	-0.01633
2378	-0.02351
2380	-0.03046
2382	-0.0372
2384	-0.04443
2386	-0.05096
2388	-0.05668
2390	-0.06326
2392	-0.06269
2394	-0.05416
2396	-0.04279
2398	-0.0299
2400	-0.01728
2402	-0.005
2404	0.00506
2406	0.01318
2408	0.01979
2410	0.02336
2412	0.02761
2414	0.03045
2416	0.0309
2418	0.0307
2420	0.02901
2422	0.02653
2424	0.02455
2426	0.02237
2428	0.01919
2430	0.01524
2432	0.01194
2434	0.00855
2436	0.00553
2438	0.00214
2440	-0.00155
2442	-0.00147
2444	0.00109
2446	0.00256
2448	0.00378
2450	0.00458
2452	0.00638
2454	0.00747
2456	0.00757
2458	0.00847
2460	0.00958
2462	0.00872
2464	0.00818
2466	0.00827
2468	0.00825
2470	0.00844
2472	0.00795
2474	0.00802
2476	0.00738
2478	0.00614
2480	0.00533
2482	0.00427
2484	0.00393
2486	0.00401
2488	0.00383
2490	0.00396
2492	0.00418
2494	0.00374
2496	0.00319
2498	0.00195
2500	0.00124
2502	0.0024
2504	0.00208
2506	9.85274E-4
2508	7.45294E-4
2510	3.36314E-4
2512	-9.22953E-4
2514	-0.00187
2516	-0.00232
2518	-0.00108
2520	-0.00107
2522	-0.00154
2524	-0.00122
2526	0.01336
2528	0.18972
2530	0.56424
2532	1.01554
2534	1.47407
2536	1.90871
2538	2.30523
2540	2.66157
2542	2.97866
2544	3.25744
2546	3.50069
2548	3.71204
2550	3.89572
2552	4.05455
2554	4.18675
2556	4.20428
2558	4.00113
2560	3.67153
2562	3.29767
2564	2.92661
2566	2.57862
2568	2.26262
2570	1.97789
2572	1.72547
2574	1.50336
2576	1.31162
2578	1.14646
2580	1.0038
2582	0.88027
2584	0.77472
2586	0.68343
2588	0.60543
2590	0.54089
2592	0.48576
2594	0.43679
2596	0.39532
2598	0.35939
2600	0.32845
2602	0.30211
2604	0.27879
2606	0.25779
2608	0.23932
2610	0.22146
2612	0.20318
2614	0.18839
2616	0.17641
2618	0.16415
2620	0.15362
2622	0.14406
2624	0.13549
2626	0.12644
2628	0.11764
2630	0.11118
2632	0.10553
2634	0.10086
2636	0.09512
2638	0.08918
2640	0.08424
2642	0.07953
2644	0.07461
2646	0.06954
2648	0.06646
2650	0.06317
2652	0.05969
2654	0.0576
2656	0.05536
2658	0.05271
2660	0.05044
2662	0.04952
2664	0.04831
2666	0.04606
2668	0.04454
2670	0.04341
2672	0.04265
2674	0.04096
2676	0.03875
2678	0.03755
2680	0.0367
2682	0.03583
2684	0.0347
2686	0.03492
2688	0.03369
2690	0.03286
2692	0.03297
2694	0.0329
2696	0.03152
2698	0.02972
2700	0.02836
2702	0.02686
2704	0.02771
2706	0.02813
2708	0.02827
2710	0.02761
2712	0.0274
2714	0.02637
2716	0.02612
2718	0.02465
2720	0.02422
2722	0.02469
2724	0.02453
2726	0.0236
2728	0.02251
2730	0.02222
2732	0.02145
2734	0.02012
2736	0.01876
2738	0.01882
2740	0.01843
2742	0.01802
2744	0.01884
2746	0.01931
2748	0.01976
2750	0.02059
2752	0.0203
2754	0.02009
2756	0.01853
2758	0.01722
2760	0.01646
2762	0.01642
2764	0.01554
2766	0.01547
2768	0.01436
2770	0.01353
2772	0.01304
2774	0.0133
2776	0.01468
2778	0.01562
2780	0.01609
2782	0.01676
2784	0.01566
2786	0.01392
2788	0.01309
2790	0.01263
2792	0.01321
2794	0.01296
2796	0.01176
2798	0.01197
2800	0.01345
2802	0.01334
2804	0.01181
2806	0.0106
2808	0.01096
2810	0.01123
2812	0.01202
2814	0.01166
2816	0.01128
2818	0.01035
2820	0.01
2822	0.00991
2824	0.00982
2826	0.00938
2828	0.00977
2830	0.01049
2832	0.01013
2834	0.00994
2836	0.00801
2838	0.00833
2840	0.00936
2842	0.00956
2844	0.00872
2846	0.00699
2848	0.00794
2850	0.00903
2852	0.00967
2854	0.00868
2856	0.00754
2858	0.00617
2860	0.0061
2862	0.00598
2864	0.00572
2866	0.00538
2868	0.00621
2870	0.0055
2872	0.00571
2874	0.00577
2876	0.00499
2878	0.00526
2880	0.00569
2882	0.00708
2884	0.00878
2886	0.0088
2888	0.00793
2890	0.00679
2892	0.00592
2894	0.00594
2896	0.00521
2898	0.0053
2900	0.0053
2902	0.0045
2904	0.00343
2906	0.00233
2908	0.00172
2910	0.00202
2912	0.0034
2914	0.00331
2916	0.00263
2918	0.00146
2920	1.66761E-4
2922	5.32543E-4
2924	3.12326E-4
2926	-3.91891E-4
2928	-0.00156
2930	-0.00235
2932	-0.00222
2934	-0.00186
2936	-0.00135
2938	-0.00121
2940	-0.00172
2942	-0.003
2944	-0.00323
2946	-0.0028
2948	-0.00172
2950	-0.00262
2952	-0.0036
2954	-0.00384
2956	-0.00374
2958	-0.00488
2960	-0.00504
2962	-0.00554
2964	-0.00494
2966	-0.00446
2968	-0.00466
2970	-0.00394
2972	-0.00446
2974	-0.00395
2976	-0.00313
2978	-0.00302
2980	-0.00218
2982	-0.00196
2984	-0.00352
2986	-0.00275
2988	-0.00203
2990	-0.00103
2992	-9.46053E-4
2994	-1.1827E-4
2996	-1.04873E-5
2998	-0.00121
3000	-0.00113
3002	-7.83138E-4
3004	-6.41355E-4
3006	-0.00119
3008	-0.00229
3010	-0.0019
3012	-0.00164
3014	-0.00237
3016	-0.00223
3018	-0.00252
3020	-0.00115
3022	-0.00133
3024	-0.00238
3026	-0.00217
3028	-0.00142
3030	-0.00114
3032	5.76059E-5
3034	5.55389E-4
3036	7.51172E-4
3038	8.95471E-6
3040	-5.87262E-4
3042	3.39521E-4
3044	-4.33696E-4
3046	1.19087E-4
3048	-5.03131E-4
3050	-0.00121
3052	-7.88565E-4
3054	-0.0011
3056	-1.84999E-4
3058	2.19784E-4
3060	4.43567E-4
3062	9.5035E-4
3064	0.00131
3066	0.00182
3068	0.0022
3070	0.00303
3072	0.00238
3074	0.00213
3076	0.00137
3078	0.00102
3080	-2.17775E-4
3082	1.83762E-4
3084	8.31299E-4
3086	0.00151
3088	7.89374E-4
3090	-0.00152
3092	-3.74552E-4
3094	1.50986E-4
3096	-0.00126
3098	-0.00119
3100	-0.00223
3102	-0.00341
3104	-0.00386
3106	-0.00242
3108	-0.0015
3110	-6.95716E-4
3112	-5.10179E-4
3114	-7.56416E-5
3116	5.67896E-4
3118	8.16433E-4
3120	1.4197E-4
3122	4.22508E-4
3124	6.72045E-4
3126	0.01019
3128	0.1538
3130	0.50366
3132	0.94248
3134	1.39299
3136	1.82385
3138	2.21979
3140	2.57673
3142	2.89275
3144	3.16939
3146	3.40911
3148	3.61714
3150	3.7961
3152	3.94937
3154	4.07851
3156	4.11665
3158	3.9398
3160	3.62438
3162	3.25714
3164	2.88737
3166	2.54056
3168	2.22547
3170	1.94195
3172	1.69172
3174	1.47161
3176	1.27995
3178	1.11458
3180	0.97107
3182	0.84918
3184	0.74419
3186	0.65491
3188	0.57815
3190	0.51147
3192	0.45542
3194	0.40715
3196	0.36426
3198	0.32885
3200	0.2981
3202	0.27101
3204	0.2473
3206	0.22609
3208	0.20822
3210	0.19149
3212	0.17615
3214	0.16243
3216	0.1488
3218	0.13585
3220	0.12441
3222	0.11534
3224	0.10712
3226	0.09941
3228	0.09205
3230	0.08566
3232	0.07994
3234	0.074
3236	0.06974
3238	0.06537
3240	0.06106
3242	0.05694
3244	0.0527
3246	0.04885
3248	0.04395
3250	0.03932
3252	0.03506
3254	0.03294
3256	0.03137
3258	0.0289
3260	0.02702
3262	0.0252
3264	0.02392
3266	0.02194
3268	0.02019
3270	0.01887
3272	0.01777
3274	0.0166
3276	0.01516
3278	0.01383
3280	0.01343
3282	0.01284
3284	0.01242
3286	0.01131
3288	0.0106
3290	0.01049
3292	0.0085
3294	0.00648
3296	0.00636
3298	0.00552
3300	0.00566
3302	0.00721
3304	0.00649
3306	0.00511
3308	0.00412
3310	0.00362
3312	0.00362
3314	0.00311
3316	0.00256
3318	0.00163
3320	0.0014
3322	7.77488E-4
3324	0.00166
3326	0.00182
3328	0.00155
3330	0.00116
3332	0.00121
3334	0.00106
3336	0.00117
3338	0.00148
3340	0.00157
3342	0.0018
3344	0.00332
3346	0.00279
3348	0.00278
3350	0.00193
3352	0.00208
3354	0.00201
3356	0.00189
3358	0.00241
3360	0.00139
3362	5.56874E-4
3364	3.98844E-4
3366	-8.73187E-4
3368	-0.00231
3370	-0.00118
3372	3.89721E-4
3374	3.5669E-4
3376	-4.36341E-4
3378	-6.69371E-4
3380	4.54598E-4
3382	1.93567E-4
3384	-0.00115
3386	-9.03494E-4
3388	-8.75245E-5
3390	-5.84555E-4
3392	-7.72586E-4
3394	-9.07617E-4
3396	-0.00145
3398	-0.0011
3400	-8.22709E-4
3402	-7.56739E-4
3404	-7.6277E-4
3406	-8.60801E-4
3408	-0.00119
3410	-8.83862E-4
3412	-6.59893E-4
3414	4.70768E-5
3416	-9.33954E-4
3418	-0.00181
3420	-0.00114
3422	-3.75046E-4
3424	4.16923E-4
3426	-1.07107E-4
3428	-0.00105
3430	-0.0023
3432	-0.00293
3434	-0.0036
3436	-0.0039
3438	-0.0025
3440	-0.00239
3442	-0.00225
3444	-0.00285
3446	-0.00261
3448	-0.00173
3450	-0.00247
3452	-0.00125
3454	-9.95537E-4
3456	-4.62567E-4
3458	-1.07598E-4
3460	-7.95629E-4
3462	-1.33659E-4
3464	-2.5069E-4
3466	-2.13721E-4
3468	2.93249E-4
3470	3.62181E-5
3472	1.38187E-4
3474	-1.89843E-4
3476	-2.04874E-4
3478	-9.19905E-4
3480	-5.81935E-4
3482	2.73034E-4
3484	3.90034E-5
3486	-0.00142
3488	-0.00208
3490	-0.00123
3492	-0.00165
3494	-0.00121
3496	-0.0021
3498	-0.00286
3500	-0.00318
3502	-0.00268
3504	-0.00193
3506	-0.00187
3508	-0.00149
3510	-0.00231
3512	-0.00225
3514	-0.00148
3516	-8.21791E-4
3518	3.60256E-4
3520	-5.96966E-5
3522	-0.00197
3524	-0.00273
3526	-0.00257
3528	-0.00213
3530	-0.00192
3532	-0.00314
3534	-0.00303
3536	-0.00274
3538	-0.00141
3540	-6.77227E-4
3542	-6.8418E-4
3544	-0.00117
3546	-0.00158
3548	1.54961E-4
3550	8.44008E-4
3552	8.87055E-4
3554	4.78102E-4
3556	-0.00144
3558	-0.00238
3560	-0.00181
3562	-0.00155
3564	-0.00232
3566	-0.00142
3568	-4.91755E-4
3570	-4.80377E-4
3572	-0.00108
3574	-5.27621E-4
3576	-4.07243E-4
3578	-0.00111
3580	-0.00282
3582	-0.00188
3584	-0.00172
3586	-8.99352E-4
3588	-2.80974E-4
3590	5.20405E-4
3592	0.00114
3594	3.49161E-4
3596	-2.37461E-4
3598	-8.60828E-5
3600	-9.26705E-4
3602	-0.00189
3604	-0.00357
3606	-0.00386
3608	-0.00316
3610	-0.00366
3612	-0.00303
3614	-0.00171
3616	-0.0017
3618	-0.00107
3620	-6.07923E-4
3622	1.87455E-4
3624	0.00174
3626	0.00199
3628	0.00145
3630	9.19196E-6
3632	-6.18107E-4
3634	-0.0012
3636	-6.27705E-4
3638	3.19961E-5
3640	5.59697E-4
3642	9.99398E-4
3644	9.20099E-4
3646	9.698E-4
3648	4.76501E-4
3650	9.99202E-4
3652	0.00189
3654	0.00114
3656	7.87305E-4
3658	8.47006E-4
3660	7.86707E-4
3662	0.00166
3664	0.0023
3666	0.00211
3668	1.91512E-4
3670	-9.99787E-4
3672	-0.0013
3674	-0.00217
3676	-0.00306
3678	-0.00357
3680	-0.003
3682	-0.0031
3684	-0.00229
3686	-0.00191
3688	-0.00181
3690	-0.00162
3692	-0.00164
3694	-0.00265
3696	-0.00208
3698	-0.00219
3700	-0.00332
3702	-0.00366
3704	-0.00313
3706	-0.00309
3708	-0.00323
3710	-0.00336
3712	-0.00303
3714	-0.00151
3716	-9.8292E-4
3718	-9.60721E-4
3720	-0.00197
3722	-0.00375
3724	-0.00357
3726	0.00233
3728	0.12672
3730	0.45468
3732	0.87275
3734	1.30535
3736	1.71913
3738	2.09802
3740	2.43761
3742	2.73914
3744	3.00492
3746	3.23521
3748	3.43376
3750	3.60244
3752	3.74597
3754	3.86755
3756	3.91621
3758	3.76041
3760	3.46286
3762	3.11551
3764	2.76653
3766	2.43528
3768	2.13229
3770	1.85998
3772	1.61944
3774	1.40861
3776	1.22476
3778	1.06599
3780	0.92933
3782	0.8136
3784	0.71311
3786	0.62657
3788	0.55369
3790	0.49192
3792	0.44007
3794	0.39281
3796	0.35176
3798	0.31639
3800	0.28619
3802	0.25984
3804	0.23615
3806	0.21566
3808	0.19882
3810	0.18278
3812	0.16805
3814	0.15429
3816	0.14116
3818	0.12921
3820	0.11971
3822	0.11071
3824	0.10091
3826	0.09193
3828	0.08525
3830	0.08001
3832	0.07499
3834	0.07166
3836	0.06824
3838	0.06527
3840	0.05971
3842	0.05478
3844	0.05084
3846	0.04752
3848	0.04417
3850	0.04146
3852	0.03909
3854	0.0368
3856	0.03382
3858	0.02981
3860	0.02625
3862	0.02445
3864	0.02116
3866	0.01894
3868	0.01877
3870	0.01894
3872	0.01844
3874	0.01652
3876	0.01444
3878	0.01229
3880	0.01168
3882	0.01261
3884	0.01385
3886	0.01406
3888	0.01448
3890	0.01542
3892	0.01474
3894	0.01454
3896	0.01395
3898	0.01229
3900	0.01099
3902	0.00955
3904	0.00943
3906	0.00978
3908	0.00959
3910	0.00796
3912	0.00731
3914	0.00838
3916	0.00907
3918	0.00943
3920	0.00823
3922	0.0073
3924	0.00712
3926	0.0057
3928	0.0037
3930	0.00379
3932	0.00405
3934	0.0034
3936	0.00324
3938	0.00195
3940	0.00224
3942	0.00196
3944	0.0015
3946	0.00172
3948	0.00222
3950	0.00241
3952	0.00123
3954	0.00162
3956	0.00221
3958	0.00306
3960	0.00297
3962	0.0017
3964	0.00157
3966	0.00268
3968	0.00229
3970	0.0018
3972	0.00136
3974	8.30144E-6
3976	-0.00146
3978	-0.0022
3980	-0.00197
3982	-1.93313E-4
3984	3.05283E-4
3986	6.8288E-4
3988	-3.28524E-4
3990	-8.64928E-4
3992	-5.57331E-4
3994	-5.51735E-4
3996	-6.63139E-4
3998	-7.77542E-4
4000	-0.00119
4002	-0.00138
4004	-5.69753E-4
4006	-6.11157E-4
4008	-3.74561E-4
4010	-0.00124
4012	-0.00167
4014	-0.00259
4016	-0.00303
4018	-0.00408
4020	-0.00284
4022	-0.00148
4024	-7.4079E-4
4026	-6.03193E-4
4028	-0.0015
4030	-0.0014
4032	-0.00158
4034	-0.002
4036	-0.00201
4038	-0.00226
4040	-0.003
4042	-0.00324
4044	-0.00392
4046	-0.00389
4048	-0.00333
4050	-0.00331
4052	-0.00235
4054	-0.00145
4056	-0.00184
4058	-5.98652E-4
4060	5.96945E-4
4062	9.69541E-4
4064	1.87137E-4
4066	-5.19266E-4
4068	-0.00128
4070	-0.00293
4072	-0.0026
4074	-0.0029
4076	-0.0029
4078	-0.00286
4080	-0.00392
4082	-0.00426
4084	-0.00454
4086	-0.00475
4088	-0.00388
4090	-0.00356
4092	-0.00262
4094	-7.35917E-4
4096	7.05679E-4
4098	0.0014
4100	8.98716E-5
4102	-0.00118
4104	-0.00116
4106	-0.00255
4108	-0.00357
4110	-0.00321
4112	-0.00214
4114	-0.00247
4116	-0.00114
4118	-2.93294E-4
4120	-0.00106
4122	-0.00163
4124	-8.5627E-4
4126	-0.0015
4128	-0.00112
4130	-8.30246E-4
4132	-0.00172
4134	-0.00171
4136	-0.00182
4138	-0.00267
4140	-0.00264
4142	-0.00284
4144	-0.00256
4146	-0.00215
4148	-0.00265
4150	-0.00243
4152	-9.4349E-4
4154	-3.06149E-4
4156	-1.20808E-4
4158	0.00111
4160	3.29875E-4
4162	-3.66784E-4
4164	1.87558E-4
4166	6.47899E-4
4168	8.91241E-4
4170	0.00146
4172	-5.30766E-5
4174	-6.58735E-4
4176	-0.00188
4178	-0.00278
4180	-0.00155
4182	1.9963E-4
4184	7.44465E-4
4186	4.2138E-5
4188	8.64811E-4
4190	0.00141
4192	0.00284
4194	0.00275
4196	0.00144
4198	0.00168
4200	0.00109
4202	7.51524E-4
4204	0.00177
4206	0.00156
4208	2.55543E-4
4210	1.95216E-4
4212	4.61889E-4
4214	-8.78437E-4
4216	-0.00184
4218	-0.00247
4220	-9.59418E-4
4222	0.00288
4224	0.00247
4226	0.00195
4228	0.00153
4230	0.00203
4232	0.00243
4234	0.00251
4236	0.00183
4238	0.00146
4240	0.00272
4242	0.00351
4244	0.00274
4246	0.00312
4248	0.00362
4250	0.00413
4252	0.00376
4254	0.00318
4256	0.0034
4258	0.00309
4260	0.00214
4262	7.82091E-4
4264	2.35598E-4
4266	5.30105E-4
4268	0.00164
4270	0.003
4272	0.00478
4274	0.0045
4276	0.00384
4278	0.00306
4280	0.00291
4282	0.00321
4284	0.00379
4286	0.00341
4288	0.00233
4290	0.00271
4292	0.00293
4294	0.00273
4296	0.00332
4298	0.00318
4300	0.00307
4302	0.00298
4304	0.00167
4306	5.96243E-4
4308	8.9575E-4
4310	6.98257E-4
4312	5.42764E-4
4314	6.37271E-4
4316	9.89778E-4
4318	5.82847E-5
4320	-0.00145
4322	-0.00142
4324	-0.00283
4326	7.73821E-4
4328	0.09296
4330	0.3787
4332	0.76442
4334	1.16953
4336	1.55906
4338	1.91919
4340	2.24594
4342	2.53373
4344	2.78544
4346	3.00462
4348	3.1975
4350	3.36384
4352	3.50529
4354	3.62525
4356	3.69287
4358	3.57914
4360	3.31342
4362	2.98722
4364	2.65324
4366	2.33684
4368	2.04533
4370	1.78317
4372	1.55064
4374	1.34631
4376	1.16866
4378	1.01419
4380	0.88087
4382	0.76714
4384	0.67088
4386	0.58808
4388	0.51756
4390	0.45745
4392	0.40542
4394	0.36067
4396	0.32123
4398	0.2873
4400	0.25809
4402	0.2334
4404	0.21137
4406	0.19106
4408	0.1742
4410	0.15904
4412	0.1439
4414	0.13312
4416	0.12375
4418	0.1134
4420	0.10368
4422	0.09468
4424	0.08542
4426	0.07788
4428	0.07165
4430	0.06502
4432	0.05863
4434	0.05334
4436	0.04836
4438	0.0444
4440	0.04025
4442	0.03704
4444	0.03387
4446	0.03004
4448	0.02727
4450	0.02399
4452	0.02167
4454	0.0185
4456	0.01557
4458	0.01378
4460	0.01366
4462	0.01286
4464	0.01159
4466	0.01149
4468	0.01004
4470	0.00795
4472	0.00733
4474	0.00749
4476	0.00633
4478	0.00539
4480	0.00473
4482	0.00345
4484	0.00264
4486	0.00178
4488	0.00109
4490	0.0011
4492	-2.71904E-4
4494	-0.00108
4496	-2.5008E-4
4498	0.00108
4500	3.82744E-4
4502	1.57655E-4
4504	-1.51433E-4
4506	4.33479E-4
4508	0.00128
4510	0.00101
4512	8.59214E-4
4514	-1.73874E-4
4516	-4.30962E-4
4518	6.8895E-4
4520	0.00104
4522	0.00135
4524	0.00101
4526	0.00137
4528	8.19508E-4
4530	8.1142E-4
4532	-4.21172E-4
4534	-0.00188
4536	-0.00198
4538	-0.00195
4540	-0.00199
4542	-8.65099E-4
4544	-1.51284E-4
4546	-0.001
4548	-0.0021
4550	-0.00205
4552	-0.00265
4554	-0.00195
4556	-0.00149
4558	-0.00217
4560	-0.00173
4562	-0.00186
4564	-0.00208
4566	-0.00237
4568	-0.00267
4570	-0.00229
4572	-0.00222
4574	-0.00264
4576	-0.00231
4578	-0.00203
4580	-0.00145
4582	-9.23803E-4
4584	-0.00118
4586	-9.70173E-4
4588	-0.00115
4590	-0.00218
4592	-0.00313
4594	-0.0032
4596	-0.00212
4598	-0.00139
4600	-7.4747E-4
4602	-8.32485E-4
4604	-0.00103
4606	-0.00188
4608	-0.00169
4610	-0.00378
4612	-0.00373
4614	-0.00326
4616	-0.00372
4618	-0.0053
4620	-0.00565
4622	-0.00673
4624	-0.00704
4626	-0.00647
4628	-0.00609
4630	-0.00587
4632	-0.00405
4634	-0.0031
4636	-0.00227
4638	-0.00196
4640	-0.0018
4642	-0.00171
4644	-0.00103
4646	-6.46526E-4
4648	-4.99368E-5
4650	-8.17348E-4
4652	-0.00155
4654	-0.00123
4656	-8.57581E-4
4658	-0.00208
4660	-0.00245
4662	-7.19814E-4
4664	4.07776E-4
4666	-5.46355E-5
4668	-5.48046E-4
4670	-3.22457E-4
4672	1.95721E-4
4674	4.73269E-4
4676	-1.30182E-4
4678	-0.00141
4680	-3.88085E-4
4682	-8.65369E-5
4684	-7.14988E-4
4686	-7.7444E-4
4688	-8.88891E-4
4690	-0.00161
4692	-0.00138
4694	-1.38246E-4
4696	9.20303E-4
4698	0.0011
4700	3.744E-4
4702	-7.97052E-4
4704	-0.00199
4706	-0.0026
4708	-0.00282
4710	-7.61858E-4
4712	1.6569E-4
4714	0.00101
4716	7.40787E-4
4718	-1.55664E-4
4720	-5.79116E-4
4722	-8.37567E-4
4724	-9.83019E-4
4726	-0.00167
4728	-0.00188
4730	-0.00197
4732	-9.52825E-4
4734	-8.43276E-4
4736	-0.00105
4738	-8.38179E-4
4740	7.73693E-5
4742	-1.06734E-4
4744	3.71855E-4
4746	0.00148
4748	0.00198
4750	0.00163
4752	0.00197
4754	0.00382
4756	0.00321
4758	0.00189
4760	0.00253
4762	0.00287
4764	0.00231
4766	0.00266
4768	0.00271
4770	0.00347
4772	0.00181
4774	7.70691E-4
4776	9.4928E-4
4778	6.79869E-4
4780	8.30458E-4
4782	0.00133
4784	8.22636E-4
4786	0.00136
4788	0.00177
4790	0.00261
4792	0.00275
4794	0.0026
4796	0.00182
4798	0.00168
4800	2.37348E-4
4802	6.29375E-5
4804	7.84526E-4
4806	0.002
4808	0.00232
4810	0.00283
4812	0.00242
4814	0.00218
4816	0.00155
4818	0.00115
4820	0.00118
4822	0.002
4824	0.002
4826	0.00149
4828	0.0026
4830	0.0026
4832	0.00171
4834	5.60904E-4
4836	-7.0083E-4
4838	-2.47563E-4
4840	8.69703E-4
4842	0.00122
4844	4.14236E-4
4846	1.48502E-4
4848	7.27768E-4
4850	4.39034E-4
4852	9.63301E-4
4854	9.56567E-4
4856	6.21833E-4
4858	5.301E-4
4860	6.36366E-4
4862	9.17632E-4
4864	-3.19101E-4
4866	-7.60835E-4
4868	-0.00146
4870	-0.00178
4872	-0.00143
4874	-6.1477E-4
4876	-1.35037E-5
4878	5.53763E-4
4880	4.71174E-4
4882	9.73989E-4
4884	0.00131
4886	6.56618E-4
4888	9.87433E-4
4890	9.57248E-4
4892	0.00158
4894	0.00237
4896	0.00258
4898	0.00257
4900	0.00375
4902	0.00282
4904	0.00101
4906	-4.55234E-4
4908	-6.78419E-4
4910	-9.79604E-4
4912	-0.00137
4914	-6.93975E-4
4916	-8.0316E-4
4918	9.86549E-5
4920	7.9647E-4
4922	7.53285E-4
4924	0.00113
4926	0.00388
4928	0.0769
4930	0.33533
4932	0.70117
4934	1.09286
4936	1.47096
4938	1.82038
4940	2.13443
4942	2.41299
4944	2.65758
4946	2.8707
4948	3.05458
4950	3.21451
4952	3.35087
4954	3.46764
4956	3.54069
4958	3.44931
4960	3.20194
4962	2.8919
4964	2.57054
4966	2.26361
4968	1.98158
4970	1.72943
4972	1.50489
4974	1.30744
4976	1.13443
4978	0.98425
4980	0.85563
4982	0.74434
4984	0.64849
4986	0.56665
4988	0.49827
4990	0.43961
4992	0.38945
4994	0.34491
4996	0.30675
4998	0.27394
5000	0.24653
5002	0.22197
5004	0.19967
5006	0.18167
5008	0.16536
5010	0.15227
5012	0.14089
5014	0.12927
5016	0.11897
5018	0.10892
5020	0.09982
5022	0.09199
5024	0.08408
5026	0.07724
5028	0.07001
5030	0.0629
5032	0.05618
5034	0.05091
5036	0.04544
5038	0.04164
5040	0.03839
5042	0.03581
5044	0.03217
5046	0.02661
5048	0.02294
5050	0.02027
5052	0.01742
5054	0.01385
5056	0.01266
5058	0.0117
5060	0.01
5062	0.00898
5064	0.00945
5066	0.00924
5068	0.00797
5070	0.00635
5072	0.00487
5074	0.00479
5076	0.00668
5078	0.00748
5080	0.00706
5082	0.00608
5084	0.00517
5086	0.00537
5088	0.00458
5090	0.00231
5092	7.58622E-4
5094	-2.26467E-4
5096	-8.96555E-4
5098	-6.50643E-4
5100	-0.00118
5102	-4.8682E-4
5104	2.77092E-4
5106	-1.83996E-4
5108	6.07916E-4
5110	0.0019
5112	0.0014
5114	9.86511E-5
5116	8.95563E-4
5118	4.95475E-4
5120	-6.15614E-4
5122	-8.69702E-4
5124	-0.0017
5126	-0.00286
5128	-0.00309
5130	-0.00325
5132	-0.00324
5134	-0.00351
5136	-0.00242
5138	-0.0014
5140	-8.76496E-4
5142	2.31416E-4
5144	-1.53672E-4
5146	6.12395E-5
5148	-5.89849E-4
5150	-0.00183
5152	-0.00114
5154	-7.65113E-4
5156	-7.82202E-4
5158	7.7871E-4
5160	0.00142
5162	7.58441E-4
5164	7.58255E-4
5166	0.00123
5168	0.00216
5170	0.00242
5172	0.00271
5174	0.00426
5176	0.00557
5178	0.00575
5180	0.00651
5182	0.00532
5184	0.00189
5186	-0.00167
5188	-0.0038
5190	-0.00554
5192	-0.00595
5194	-0.00509
5196	-0.00344
5198	-0.00213
5200	-6.73078E-4
5202	-3.12637E-5
5204	4.32551E-4
5206	-5.33634E-4
5208	-0.00183
5210	-0.00147
5212	-9.7019E-4
5214	-8.80375E-4
5216	-5.8556E-4
5218	-8.65745E-4
5220	-0.00139
5222	2.02884E-4
5224	2.12699E-4
5226	-6.84486E-4
5228	-0.00107
5230	-9.66857E-4
5232	-6.40418E-5
5234	0.00156
5236	0.00286
5238	0.00313
5240	0.00186
5242	5.41032E-4
5244	-3.13153E-4
5246	-2.18338E-4
5248	-0.00153
5250	-0.00102
5252	9.13106E-4
5254	9.57921E-4
5256	3.95736E-4
5258	-1.7845E-4
5260	1.79365E-4
5262	5.8718E-4
5264	0.00113
5266	0.00101
5268	2.62439E-6
5270	-9.20561E-4
5272	-0.0016
5274	-0.00198
5276	-0.00256
5278	-0.00227
5280	-0.00249
5282	-0.00205
5284	-0.00156
5286	-0.00151
5288	3.42772E-4
5290	0.00131
5292	0.00235
5294	0.00272
5296	0.00257
5298	0.00159
5300	4.71202E-4
5302	5.98073E-4
5304	0.0017
5306	0.0021
5308	0.00146
5310	0.0012
5312	0.00223
5314	0.00262
5316	0.00282
5318	0.00427
5320	0.00422
5322	0.00503
5324	0.00508
5326	0.00457
5328	0.00378
5330	0.0035
5332	0.0036
5334	0.00412
5336	0.0042
5338	0.00288
5340	0.00193
5342	0.00171
5344	0.00183
5346	0.0025
5348	0.00227
5350	0.00176
5352	-3.61464E-5
5354	-1.97275E-4
5356	-1.86404E-4
5358	-3.93533E-4
5360	-0.00141
5362	-0.00104
5364	4.63081E-4
5366	0.00186
5368	0.00258
5370	0.00422
5372	0.00404
5374	0.0021
5376	0.00297
5378	0.0033
5380	0.00234
5382	0.00211
5384	0.00124
5386	2.92207E-4
5388	2.88699E-4
5390	0.00112
5392	3.71683E-4
5394	5.43175E-4
5396	0.0014
5398	0.00128
5400	7.53652E-4
5402	0.0012
5404	0.00349
5406	0.00425
5408	0.0039
5410	0.00237
5412	0.00236
5414	0.00177
5416	-9.7412E-5
5418	-1.6292E-4
5420	-9.19428E-4
5422	-0.00152
5424	-0.00145
5426	-0.00132
5428	-6.4946E-4
5430	-0.00204
5432	-0.00176
5434	-0.00113
5436	-0.00189
5438	-0.00321
5440	-0.00355
5442	-0.00256
5444	-0.00229
5446	-0.00227
5448	-0.0013
5450	-7.06531E-4
5452	-0.00126
5454	-6.36463E-4
5456	3.79071E-4
5458	0.0014
5460	0.00207
5462	0.00228
5464	0.00192
5466	4.44741E-4
5468	9.62748E-5
5470	-9.21912E-5
5472	-8.42657E-4
5474	-9.43123E-4
5476	-0.00202
5478	-0.00274
5480	-0.0024
5482	-0.00277
5484	-0.00406
5486	-0.00449
5488	-0.00381
5490	-0.00344
5492	-0.00366
5494	-0.00383
5496	-0.0027
5498	-0.00213
5500	-0.00176
5502	-0.00183
5504	-0.00158
5506	-9.9858E-4
5508	-8.82377E-4
5510	-8.91098E-4
5512	-0.00214
5514	-0.00219
5516	-0.00298
5518	-0.00181
5520	-0.00199
5522	-0.00262
5524	-0.00289
5526	-0.00139
5528	0.05374
5530	0.28325
5532	0.62841
5534	1.00232
5536	1.3681
5538	1.70645
5540	2.01293
5542	2.28456
5544	2.52355
5546	2.73389
5548	2.91578
5550	3.07138
5552	3.20535
5554	3.31992
5556	3.40031
5558	3.33627
5560	3.11256
5562	2.81831
5564	2.51047
5566	2.21431
5568	1.94086
5570	1.69454
5572	1.47519
5574	1.28213
5576	1.11398
5578	0.96896
5580	0.8442
5582	0.73686
5584	0.64412
5586	0.56473
5588	0.49651
5590	0.43793
5592	0.38746
5594	0.34418
5596	0.30745
5598	0.27538
5600	0.24777
5602	0.22451
5604	0.20278
5606	0.18464
5608	0.16834
5610	0.15404
5612	0.14118
5614	0.12783
5616	0.11687
5618	0.1069
5620	0.098
5622	0.08981
5624	0.08083
5626	0.07389
5628	0.06777
5630	0.06174
5632	0.05724
5634	0.05395
5636	0.05063
5638	0.04717
5640	0.04437
5642	0.04134
5644	0.039
5646	0.03693
5648	0.03388
5650	0.03154
5652	0.0289
5654	0.02613
5656	0.02287
5658	0.02107
5660	0.02006
5662	0.01922
5664	0.01868
5666	0.01688
5668	0.0135
5670	0.0108
5672	0.00952
5674	0.00748
5676	0.00541
5678	0.00414
5680	0.00223
5682	0.00122
5684	1.48011E-4
5686	-9.96723E-4
5688	-0.00164
5690	-0.00117
5692	4.78076E-4
5694	0.00318
5696	0.0046
5698	0.005
5700	0.00509
5702	0.00629
5704	0.00648
5706	0.00667
5708	0.00607
5710	0.00435
5712	0.0032
5714	0.00134
5716	3.99486E-4
5718	0.00104
5720	-3.45787E-4
5722	-0.00168
5724	-0.00187
5726	-0.00183
5728	-0.00262
5730	-0.00268
5732	-0.00288
5734	-0.00385
5736	-0.00484
5738	-0.0052
5740	-0.0054
5742	-0.00632
5744	-0.00646
5746	-0.00549
5748	-0.00263
5750	-1.94338E-4
5752	0.00158
5754	0.00283
5756	0.00378
5758	0.00362
5760	0.00315
5762	0.00234
5764	0.00291
5766	0.00353
5768	0.00389
5770	0.00368
5772	0.00107
5774	-6.24979E-4
5776	-0.00107
5778	-0.00164
5780	-9.27889E-4
5782	-5.79525E-4
5784	-0.00108
5786	-6.82687E-4
5788	1.36862E-4
5790	9.7941E-4
5792	5.90959E-4
5794	-0.00107
5796	-0.0023
5798	-0.00319
5800	-0.00266
5802	-0.00235
5804	-0.00117
5806	-4.08202E-4
5808	5.81346E-4
5810	0.00193
5812	0.00251
5814	0.00158
5816	1.7554E-4
5818	-3.44911E-4
5820	-3.09363E-4
5822	8.03186E-4
5824	0.00172
5826	0.00133
5828	3.24831E-4
5830	0.00158
5832	0.00237
5834	0.002
5836	0.0011
5838	7.86574E-4
5840	1.58122E-4
5842	3.65671E-4
5844	-6.85781E-4
5846	-0.00241
5848	-0.00271
5850	-0.00215
5852	-0.00231
5854	-0.00228
5856	-0.00216
5858	-0.00289
5860	-0.00282
5862	-0.00268
5864	-0.00184
5866	-0.00118
5868	-8.79302E-4
5870	-0.00112
5872	-0.00102
5874	-0.00126
5876	-0.00157
5878	-3.981E-4
5880	1.73941E-4
5882	9.52982E-4
5884	3.20221E-5
5886	-3.12937E-4
5888	-0.00169
5890	-0.00173
5892	-1.43816E-4
5894	8.12248E-5
5896	-3.65735E-4
5898	3.66306E-4
5900	5.75346E-4
5902	0.00121
5904	0.00182
5906	0.00225
5908	0.0016
5910	8.54549E-4
5912	3.6759E-4
5914	-8.2337E-4
5916	-5.98329E-4
5918	8.07711E-4
5920	0.00212
5922	0.00213
5924	0.0015
5926	-1.25244E-5
5928	-6.75782E-4
5930	9.99596E-5
5932	0.00141
5934	0.00239
5936	0.00337
5938	0.00329
5940	0.00262
5942	0.00379
5944	0.00291
5946	0.00171
5948	0.00112
5950	2.2638E-4
5952	-3.72878E-4
5954	7.92864E-4
5956	0.0018
5958	0.00229
5960	0.00299
5962	0.00241
5964	0.00195
5966	2.49316E-4
5968	-8.23942E-4
5970	-0.00194
5972	-0.00225
5974	-0.00207
5976	-0.00176
5978	-6.84232E-4
5980	-7.64901E-5
5982	1.10252E-4
5984	0.00102
5986	0.0013
5988	0.00173
5990	0.00195
5992	0.00146
5994	9.63704E-4
5996	5.72389E-4
5998	7.51982E-4
6000	0.0013
6002	0.00222
6004	0.00187
6006	0.00211
6008	0.00102
6010	4.12537E-4
6012	-4.8487E-4
6014	-0.00103
6016	-0.00165
6018	-9.89093E-4
6020	-0.0023
6022	-0.00259
6024	-0.00181
6026	-0.00155
6028	-0.00223
6030	-0.00265
6032	-0.00227
6034	-0.00175
6036	-0.0014
6038	-0.00128
6040	-7.29575E-4
6042	-0.001
6044	-0.00249
6046	-0.00317
6048	-0.00217
6050	-0.00204
6052	-0.00205
6054	-0.00229
6056	-0.00317
6058	-0.0025
6060	-0.00138
6062	-4.86057E-4
6064	1.16536E-4
6066	4.75603E-4
6068	1.56704E-5
6070	-8.38262E-4
6072	-8.08195E-4
6074	8.73872E-4
6076	0.00214
6078	0.00311
6080	0.00429
6082	0.00478
6084	0.00466
6086	0.00373
6088	0.00326
6090	0.00139
6092	-3.46523E-4
6094	-9.62456E-4
6096	-0.00199
6098	-0.0021
6100	6.37461E-5
6102	0.0014
6104	0.00115
6106	0.00173
6108	0.00293
6110	0.00286
6112	0.00253
6114	0.0019
6116	0.00352
6118	0.0049
6120	0.00495
6122	0.00478
6124	0.00524
6126	0.00566
6128	0.04502
6130	0.24912
6132	0.57873
6134	0.94173
6136	1.29676
6138	1.62799
6140	1.92958
6142	2.19729
6144	2.43021
6146	2.63503
6148	2.81212
6150	2.96437
6152	3.09557
6154	3.20649
6156	3.29014
6158	3.24744
6160	3.04067
6162	2.76016
6164	2.46036
6166	2.17044
6168	1.90414
6170	1.66342
6172	1.44729
6174	1.25592
6176	1.08957
6178	0.94519
6180	0.82174
6182	0.71612
6184	0.62394
6186	0.54538
6188	0.47857
6190	0.42251
6192	0.37379
6194	0.33134
6196	0.29653
6198	0.26621
6200	0.23944
6202	0.21568
6204	0.19467
6206	0.17577
6208	0.16046
6210	0.14668
6212	0.13526
6214	0.1241
6216	0.1124
6218	0.10203
6220	0.09253
6222	0.0842
6224	0.07834
6226	0.07172
6228	0.06548
6230	0.05869
6232	0.05286
6234	0.04793
6236	0.04404
6238	0.03981
6240	0.03592
6242	0.03229
6244	0.02796
6246	0.02302
6248	0.01992
6250	0.01767
6252	0.01668
6254	0.01491
6256	0.01312
6258	0.01035
6260	0.00716
6262	0.00447
6264	0.00399
6266	0.00297
6268	0.0021
6270	0.00227
6272	0.00187
6274	0.00159
6276	8.52257E-4
6278	2.26804E-4
6280	0.00195
6282	0.00403
6284	0.00531
6286	0.00529
6288	0.00406
6290	0.00354
6292	0.00217
6294	-8.21825E-4
6296	-0.00323
6298	-0.00332
6300	-0.00445
6302	-0.00449
6304	-0.00348
6306	-0.00191
6308	-0.00172
6310	-0.00259
6312	-0.0032
6314	-0.00319
6316	-0.00396
6318	-0.00389
6320	-0.00284
6322	-0.00197
6324	-0.00271
6326	-0.00335
6328	-0.00421
6330	-0.00469
6332	-0.00426
6334	-0.00438
6336	-0.00414
6338	-0.0031
6340	-0.00381
6342	-0.00445
6344	-0.00349
6346	-0.00252
6348	-0.00256
6350	-0.00173
6352	-0.00141
6354	-0.00205
6356	-0.00201
6358	-0.00253
6360	-0.00315
6362	-0.00365
6364	-0.00428
6366	-0.00541
6368	-0.00523
6370	-0.00432
6372	-0.00368
6374	-0.00367
6376	-0.00429
6378	-0.0051
6380	-0.00488
6382	-0.00484
6384	-0.00369
6386	-0.00286
6388	-0.0015
6390	-8.30983E-4
6392	-0.00204
6394	-0.00328
6396	-0.00434
6398	-0.00527
6400	-0.00459
6402	-0.00335
6404	-0.00182
6406	7.5789E-4
6408	0.00239
6410	0.00208
6412	0.00101
6414	-6.54985E-4
6416	-0.00171
6418	-0.00163
6420	-0.00218
6422	-0.00196
6424	-7.7646E-4
6426	-0.00132
6428	-0.00316
6430	-0.00375
6432	-0.00334
6434	-0.0028
6436	-0.00147
6438	-4.79926E-4
6440	-3.82421E-4
6442	-0.0012
6444	-0.00223
6446	-0.00254
6448	-0.00231
6450	-0.00217
6452	-6.59392E-4
6454	0.00114
6456	0.0026
6458	0.0029
6460	0.00194
6462	0.00228
6464	0.00175
6466	0.0016
6468	0.00102
6470	-8.30848E-4
6472	-0.00181
6474	-9.15838E-4
6476	-4.70333E-4
6478	-9.63828E-4
6480	-0.00106
6482	-7.81818E-4
6484	-0.00163
6486	-0.00162
6488	-0.00232
6490	-0.00235
6492	-0.00117
6494	-0.0012
6496	-0.00156
6498	-0.00229
6500	-0.00198
6502	-8.4799E-4
6504	4.45572E-4
6506	7.61135E-4
6508	4.39697E-4
6510	9.69259E-4
6512	0.00117
6514	4.67384E-4
6516	-3.78054E-4
6518	-0.00116
6520	-0.00198
6522	-0.00205
6524	-0.00223
6526	-0.00238
6528	-0.00174
6530	-0.00208
6532	-0.00198
6534	-2.91992E-4
6536	0.00168
6538	0.00103
6540	1.50695E-4
6542	-1.54743E-4
6544	-0.00109
6546	-0.00126
6548	-8.15056E-4
6550	-0.00132
6552	1.66743E-4
6554	0.00162
6556	0.00235
6558	0.00268
6560	0.00277
6562	0.00284
6564	0.00373
6566	0.00424
6568	0.00398
6570	0.00256
6572	7.13584E-4
6574	-6.56432E-4
6576	-0.001
6578	-2.5464E-5
6580	-3.9848E-4
6582	-2.42496E-4
6584	0.00128
6586	0.00217
6588	0.0023
6590	0.00183
6592	0.00121
6594	6.52409E-4
6596	-1.10607E-4
6598	-0.00116
6600	-0.00252
6602	-0.00325
6604	-0.00379
6606	-0.00319
6608	-0.00154
6610	-1.25718E-4
6612	0.0013
6614	0.00112
6616	5.91234E-4
6618	7.00218E-4
6620	-0.00137
6622	-0.00276
6624	-0.00327
6626	-0.00409
6628	-0.00237
6630	-0.00123
6632	0.00131
6634	0.00347
6636	0.00403
6638	0.00515
6640	0.00615
6642	0.00534
6644	0.00245
6646	-5.31067E-4
6648	-0.00152
6650	-0.00136
6652	-0.00114
6654	1.53703E-4
6656	8.46646E-4
6658	0.00178
6660	0.00356
6662	0.00518
6664	0.00686
6666	0.00673
6668	0.0053
6670	0.00402
6672	0.00236
6674	0.00174
6676	0.00163
6678	0.00128
6680	8.13956E-4
6682	0.00169
6684	0.00146
6686	3.97784E-4
6688	0.00105
6690	0.00127
6692	0.0017
6694	0.00206
6696	0.00155
6698	8.62313E-4
6700	0.00159
6702	0.00169
6704	0.00145
6706	0.00113
6708	2.92342E-4
6710	2.33748E-4
6712	0.00122
6714	0.00219
6716	0.00145
6718	0.00132
6720	0.00202
6722	0.00284
6724	0.00189
6726	0.00112
6728	0.02951
6730	0.21017
6732	0.52089
6734	0.87331
6736	1.22169
6738	1.54766
6740	1.84374
6742	2.1063
6744	2.33824
6746	2.54117
6748	2.71613
6750	2.86639
6752	2.99749
6754	3.10877
6756	3.19813
6758	3.17416
6760	2.98592
6762	2.71716
6764	2.42575
6766	2.1423
6768	1.87901
6770	1.64172
6772	1.4312
6774	1.24486
6776	1.08091
6778	0.93876
6780	0.81562
6782	0.70999
6784	0.62071
6786	0.54443
6788	0.47861
6790	0.42154
6792	0.37283
6794	0.33137
6796	0.29603
6798	0.2647
6800	0.23745
6802	0.21279
6804	0.1909
6806	0.17276
6808	0.15609
6810	0.14165
6812	0.13035
6814	0.11977
6816	0.10906
6818	0.09972
6820	0.09171
6822	0.08296
6824	0.07476
6826	0.06917
6828	0.06389
6830	0.05736
6832	0.05199
6834	0.04629
6836	0.04236
6838	0.03742
6840	0.03338
6842	0.03218
6844	0.03042
6846	0.02842
6848	0.02583
6850	0.02256
6852	0.01936
6854	0.01783
6856	0.01583
6858	0.0137
6860	0.0121
6862	0.01085
6864	0.00999
6866	0.00919
6868	0.01041
6870	0.01011
6872	0.00912
6874	0.00946
6876	0.00871
6878	0.00699
6880	0.0058
6882	0.00468
6884	0.0044
6886	0.00424
6888	0.00364
6890	0.00291
6892	6.89267E-4
6894	-3.10312E-4
6896	0.00146
6898	0.0018
6900	0.00228
6902	0.00292
6904	0.00378
6906	0.00283
6908	0.00186
6910	9.03139E-4
6912	4.62179E-4
6914	-3.24782E-4
6916	-0.00192
6918	-0.00364
6920	-0.00313
6922	-0.00333
6924	-0.00163
6926	-8.08545E-4
6928	-5.80505E-4
6930	-2.54466E-4
6932	-5.54426E-4
6934	-0.00125
6936	-0.00179
6938	-0.00198
6940	-0.00257
6942	-0.00376
6944	-0.0035
6946	-0.00476
6948	-0.00386
6950	-0.00506
6952	-0.00625
6954	-0.00593
6956	-0.00344
6958	-0.00144
6960	5.06127E-4
6962	0.00134
6964	0.00183
6966	9.83246E-4
6968	3.82285E-4
6970	1.29806E-5
6972	-9.89599E-4
6974	-0.00236
6976	-0.00156
6978	-5.48336E-4
6980	-6.47916E-4
6982	-1.01495E-4
6984	-2.44074E-4
6986	-2.41653E-4
6988	6.51767E-4
6990	9.62188E-4
6992	0.00137
6994	0.00115
6996	0.00166
6998	0.00235
7000	0.00242
7002	0.00296
7004	0.00164
7006	6.87554E-4
7008	4.41975E-4
7010	9.25395E-4
7012	0.00109
7014	0.00193
7016	5.01658E-4
7018	-7.27922E-4
7020	2.72499E-4
7022	-1.30802E-5
7024	-3.19659E-4
7026	-4.02239E-4
7028	-1.11818E-4
7030	-2.37397E-4
7032	2.48024E-4
7034	-1.37556E-4
7036	2.27865E-4
7038	2.50286E-4
7040	7.19165E-5
7042	-0.00148
7044	-0.00174
7046	-9.38876E-4
7048	1.34194E-4
7050	-2.00737E-4
7052	0.00114
7054	0.00156
7056	0.00139
7058	0.00323
7060	0.00402
7062	0.00363
7064	0.00444
7066	0.00508
7068	0.00581
7070	0.00565
7072	0.00434
7074	0.00287
7076	0.00107
7078	-0.0013
7080	-0.00121
7082	1.76371E-4
7084	0.0017
7086	0.00301
7088	0.00352
7090	0.00379
7092	0.00302
7094	0.00157
7096	-2.84144E-4
7098	-4.91075E-4
7100	-0.00146
7102	-0.0025
7104	-0.00365
7106	-0.00378
7108	-0.00505
7110	-0.00428
7112	-0.00351
7114	-0.00306
7116	-0.00267
7118	-0.00226
7120	-0.00161
7122	-0.00136
7124	-0.00119
7126	-0.00104
7128	-5.91794E-4
7130	-5.24175E-4
7132	2.35444E-4
7134	3.54063E-4
7136	7.49682E-4
7138	8.943E-4
7140	2.11919E-4
7142	0.00131
7144	0.00213
7146	0.00346
7148	0.00386
7150	0.00316
7152	0.00226
7154	0.00245
7156	0.00182
7158	4.42488E-4
7160	3.37107E-4
7162	-0.00133
7164	-0.0029
7166	-0.00245
7168	-0.00197
7170	-0.00213
7172	-0.00242
7174	-0.00236
7176	-0.00169
7178	-8.90324E-4
7180	-8.75228E-4
7182	1.89841E-4
7184	0.00189
7186	0.0025
7188	0.00197
7190	0.00221
7192	0.00114
7194	1.31257E-4
7196	-8.11674E-4
7198	-6.17604E-4
7200	-3.27535E-4
7202	-8.76466E-4
7204	2.27603E-4
7206	1.67269E-6
7208	-0.00123
7210	-0.00209
7212	-0.00141
7214	-6.0705E-4
7216	-5.79809E-5
7218	-9.99912E-4
7220	-0.00173
7222	-0.0013
7224	-0.00144
7226	-8.80635E-4
7228	-3.79565E-4
7230	5.19504E-4
7232	4.79573E-4
7234	9.56425E-5
7236	-0.00112
7238	-7.02219E-4
7240	-0.00108
7242	8.69196E-5
7244	0.00115
7246	0.00218
7248	0.00171
7250	0.00144
7252	1.50382E-4
7254	-6.90841E-5
7256	5.39449E-4
7258	0.00216
7260	0.00272
7262	0.00335
7264	0.0025
7266	0.0026
7268	0.00232
7270	0.00314
7272	0.00374
7274	0.00305
7276	0.00262
7278	0.00144
7280	0.00156
7282	0.0011
7284	4.9092E-4
7286	-7.85463E-5
7288	0.00144
7290	0.00184
7292	0.00179
7294	0.00171
7296	0.00162
7298	0.00112
7300	0.00187
7302	0.0029
7304	0.00331
7306	0.00366
7308	0.00353
7310	0.00444
7312	0.00485
7314	0.00537
7316	0.00453
7318	0.00477
7320	0.00474
7322	0.00491
7324	0.00556
7326	0.00573
7328	0.02423
7330	0.17724
7332	0.46854
7334	0.80733
7336	1.14763
7338	1.46552
7340	1.75493
7342	2.01396
7344	2.24332
7346	2.44408
7348	2.61837
7350	2.76819
7352	2.89711
7354	3.00887
7356	3.09935
7358	3.09597
7360	2.93004
7362	2.6762
7364	2.39674
7366	2.12268
7368	1.8667
7370	1.63268
7372	1.42396
7374	1.23977
7376	1.07705
7378	0.9346
7380	0.81153
7382	0.70583
7384	0.61653
7386	0.54021
7388	0.47512
7390	0.41838
7392	0.3702
7394	0.32955
7396	0.29384
7398	0.26231
7400	0.23388
7402	0.21013
7404	0.19063
7406	0.17257
7408	0.15628
7410	0.14252
7412	0.13074
7414	0.12093
7416	0.10997
7418	0.10042
7420	0.09293
7422	0.08644
7424	0.07905
7426	0.07173
7428	0.06516
7430	0.05888
7432	0.05326
7434	0.04914
7436	0.04403
7438	0.03977
7440	0.03749
7442	0.03436
7444	0.02998
7446	0.02658
7448	0.02453
7450	0.02407
7452	0.02184
7454	0.01927
7456	0.01771
7458	0.01616
7460	0.01366
7462	0.01237
7464	0.011
7466	0.01013
7468	0.00907
7470	0.00803
7472	0.00608
7474	0.00479
7476	0.00523
7478	0.00482
7480	0.00424
7482	0.00371
7484	0.00416
7486	0.00402
7488	0.00361
7490	0.00258
7492	0.002
7494	0.00199
7496	0.00176
7498	0.00215
7500	6.23782E-4
7502	7.44696E-5
7504	-3.27842E-4
7506	-3.41154E-4
7508	8.62534E-4
7510	0.00125
7512	0.00215
7514	0.00275
7516	8.24286E-4
7518	0.00102
7520	3.36621E-5
7522	2.7335E-4
7524	-7.81962E-4
7526	-0.00205
7528	-2.56166E-4
7530	5.1472E-4
7532	2.61606E-4
7534	8.05493E-4
7536	0.00167
7538	8.10265E-4
7540	-2.68491E-5
7542	-7.2963E-5
7544	0.0011
7546	0.0016
7548	5.72695E-4
7550	-5.30419E-4
7552	3.00468E-4
7554	-2.49646E-4
7556	-2.9576E-4
7558	-1.49874E-4
7560	-0.00145
7562	-9.01102E-4
7564	-4.60216E-4
7566	-8.9433E-4
7568	-0.00161
7570	-0.0017
7572	-0.00207
7574	-0.00318
7576	-0.00396
7578	-0.00452
7580	-0.00399
7582	-0.00366
7584	-0.00343
7586	-0.00172
7588	-8.24583E-4
7590	-3.63697E-4
7592	-8.3781E-4
7594	-0.00156
7596	-0.00106
7598	-1.93261E-4
7600	6.18928E-5
7602	-3.05954E-4
7604	-0.00143
7606	-0.00187
7608	1.04507E-4
7610	-0.00103
7612	-0.00107
7614	-2.86033E-4
7616	-3.5988E-4
7618	-7.03726E-4
7620	-1.16573E-4
7622	-6.8842E-4
7624	-0.00172
7626	-0.00148
7628	-0.00144
7630	-0.00151
7632	-0.00146
7634	-0.00101
7636	-0.00114
7638	-0.002
7640	-0.00197
7642	-0.00179
7644	-0.00123
7646	-8.98578E-4
7648	-1.79425E-4
7650	-9.84272E-4
7652	-0.00188
7654	-6.12965E-4
7656	6.32189E-4
7658	0.00174
7660	0.00212
7662	0.00266
7664	0.00173
7666	0.00149
7668	0.00235
7670	0.00195
7672	9.11844E-4
7674	3.88913E-4
7676	2.27982E-4
7678	-0.00125
7680	-0.00159
7682	-7.7981E-4
7684	-8.27405E-5
7686	-1.12671E-4
7688	8.21398E-4
7690	1.93467E-4
7692	6.98537E-4
7694	0.00105
7696	4.16675E-4
7698	1.59744E-4
7700	-0.00103
7702	-0.0013
7704	-8.30478E-5
7706	2.10022E-4
7708	7.96091E-4
7710	0.00185
7712	0.00232
7714	0.00309
7716	0.00275
7718	0.00212
7720	9.40506E-4
7722	-4.23424E-4
7724	-4.49355E-4
7726	-0.00127
7728	-4.53216E-4
7730	-4.17147E-4
7732	-6.76078E-4
7734	-5.38009E-4
7736	2.17061E-4
7738	8.95936E-6
7740	-0.00158
7742	-0.00161
7744	-0.00301
7746	-0.00325
7748	-0.00395
7750	-0.00268
7752	-7.7958E-4
7754	2.81771E-4
7756	8.23123E-4
7758	0.00146
7760	0.00209
7762	0.00135
7764	0.0021
7766	0.00414
7768	0.00477
7770	0.00384
7772	0.00336
7774	0.00318
7776	0.00218
7778	0.00233
7780	0.0023
7782	0.00239
7784	0.00284
7786	0.00245
7788	0.00219
7790	0.00193
7792	0.00235
7794	0.00252
7796	0.00202
7798	7.16503E-4
7800	7.64855E-4
7802	0.00167
7804	0.00231
7806	0.00206
7808	0.00247
7810	0.00213
7812	3.49292E-4
7814	4.18292E-4
7816	5.04292E-4
7818	4.28292E-4
7820	-3.76708E-4
7822	8.88292E-4
7824	0.00116
7826	4.91292E-4
7828	5.36292E-4
7830	0.00129
7832	1.24292E-4
7834	-7.48708E-4
7836	-7.65708E-4
7838	2.82919E-5
7840	-6.76708E-4
7842	-0.00114
7844	-9.47708E-4
7846	-0.00225
7848	-0.00233
7850	-0.00218
7852	-0.00197
7854	-0.00198
7856	-0.00206
7858	-8.31708E-4
7860	-1.43708E-4
7862	-1.39708E-4
7864	-8.28708E-4
7866	-8.40708E-4
7868	-0.00207
7870	-0.00197
7872	-0.00141
7874	-0.00143
7876	-9.04943E-4
7878	-0.00107
7880	-0.00111
7882	-3.30894E-4
7884	4.44455E-4
7886	4.68045E-5
7888	-4.88461E-5
7890	-8.73497E-4
7892	-0.00186
7894	-0.00284
7896	-0.00396
7898	-0.00352
7900	-0.00326
7902	-0.00343
7904	-0.00229
7906	-0.00129
7908	1.05648E-4
7910	0.00113
7912	3.83347E-4
7914	5.92696E-4
7916	0.00103
7918	0.00211
7920	0.00333
7922	0.00284
7924	0.00321
7926	0.00348
7928	0.01373
7930	0.13
7932	0.39524
7934	0.72395
7936	1.0586
7938	1.37622
7940	1.66408
7942	1.92271
7944	2.15148
7946	2.35201
7948	2.52589
7950	2.67656
7952	2.80752
7954	2.91801
7956	3.01072
7958	3.03104
7960	2.88873
7962	2.6493
7964	2.37764
7966	2.10671
7968	1.85326
7970	1.62124
7972	1.41335
7974	1.22997
7976	1.06951
7978	0.92994
7980	0.80971
7982	0.70613
7984	0.61633
7986	0.5397
7988	0.47511
7990	0.4193
7992	0.37089
7994	0.32975
7996	0.29429
7998	0.26322
8000	0.23668
8002	0.21359
8004	0.1931
8006	0.17604
8008	0.16067
8010	0.14646
8012	0.134
8014	0.12309
8016	0.11355
8018	0.10414
8020	0.09581
8022	0.08786
8024	0.08019
8026	0.07341
8028	0.06791
8030	0.06161
8032	0.05611
8034	0.05112
8036	0.04585
8038	0.04137
8040	0.03668
8042	0.03432
8044	0.0317
8046	0.02988
8048	0.02724
8050	0.02459
8052	0.02281
8054	0.0209
8056	0.0186
8058	0.01542
8060	0.01316
8062	0.01204
8064	0.01149
8066	0.00968
8068	0.00732
8070	0.00563
8072	0.00504
8074	0.00308
8076	0.00213
8078	0.00113
8080	1.24381E-4
8082	6.49873E-4
8084	0.00159
8086	0.00145
8088	8.65305E-4
8090	-2.9643E-4
8092	-2.74165E-4
8094	8.07101E-4
8096	0.00198
8098	0.00196
8100	0.00164
8102	0.00112
8104	0.00114
8106	-3.03076E-5
8108	-5.14042E-4
8110	7.84223E-4
8112	7.06488E-4
8114	-9.89247E-4
8116	-0.00105
8118	-1.25716E-4
8120	-9.83451E-4
8122	-0.0024
8124	-0.00224
8126	-0.00126
8128	-4.4239E-4
8130	3.24876E-4
8132	2.74141E-4
8134	1.90406E-4
8136	-7.09328E-4
8138	-0.00142
8140	-1.30798E-4
8142	-8.14533E-4
8144	-0.0016
8146	-7.09002E-4
8148	-9.68737E-4
8150	-6.43471E-4
8152	-3.45206E-4
8154	4.79059E-4
8156	-0.00133
8158	-0.00212
8160	-0.00123
8162	-7.17674E-4
8164	-3.44661E-4
8166	3.74352E-4
8168	4.08365E-4
8170	0.00178
8172	0.00166
8174	0.00132
8176	4.70416E-4
8178	-1.91571E-4
8180	-1.44558E-4
8182	2.52455E-4
8184	-5.72532E-4
8186	-7.0152E-4
8188	-2.76507E-4
8190	-1.75494E-4
8192	-5.14811E-5
8194	-0.00159
8196	-0.00221
8198	-0.00224
8200	-0.00343
8202	-0.00333
8204	-0.00275
8206	-0.00239
8208	-0.00176
8210	-0.00104
8212	-6.99353E-4
8214	-8.7034E-4
8216	-0.00193
8218	-0.00282
8220	-0.00131
8222	-0.00126
8224	-0.00144
8226	-8.60718E-4
8228	4.38055E-4
8230	-1.41172E-4
8232	-3.34399E-4
8234	-0.00121
8236	-5.71852E-4
8238	-0.00119
8240	-8.59306E-4
8242	-8.60532E-4
8244	7.12408E-5
8246	-2.13986E-4
8248	-7.92127E-5
8250	6.53561E-4
8252	0.00144
8254	0.00252
8256	0.00255
8258	0.00181
8260	0.00114
8262	0.00114
8264	0.00157
8266	0.00215
8268	0.00201
8270	-2.28707E-4
8272	6.35066E-4
8274	0.00154
8276	0.00149
8278	7.13386E-4
8280	0.001
8282	0.00144
8284	7.57705E-4
8286	4.50479E-4
8288	6.49252E-4
8290	6.90025E-4
8292	0.00106
8294	-3.48556E-4
8296	-4.40556E-4
8298	-9.45556E-5
8300	-9.78556E-4
8302	-1.81556E-4
8304	-3.69556E-4
8306	-5.17556E-4
8308	-2.28556E-4
8310	0.00111
8312	0.00151
8314	4.24444E-4
8316	0.00124
8318	0.00183
8320	7.78444E-4
8322	-8.12556E-4
8324	-1.44556E-4
8326	3.61444E-4
8328	2.31444E-4
8330	-7.22556E-4
8332	-4.59556E-4
8334	-4.32556E-4
8336	-1.58556E-4
8338	-5.78556E-4
8340	-0.00165
8342	-0.00191
8344	-0.00261
8346	-0.00234
8348	-1.14556E-4
8350	-2.25556E-4
8352	-3.45556E-4
8354	8.64444E-5
8356	4.44444E-5
8358	-6.96556E-4
8360	-0.00133
8362	-0.00155
8364	-0.00208
8366	-0.00143
8368	1.11998E-4
8370	-2.59882E-4
8372	-0.0011
8374	-0.00223
8376	-0.00215
8378	-6.38401E-4
8380	-4.47281E-4
8382	7.44839E-4
8384	9.81959E-4
8386	0.00123
8388	0.00116
8390	0.0015
8392	0.00149
8394	4.7656E-4
8396	6.9768E-4
8398	0.00273
8400	0.00298
8402	0.00213
8404	0.00237
8406	0.00161
8408	0.00175
8410	3.17522E-4
8412	1.28642E-4
8414	5.69762E-4
8416	0.00129
8418	0.00212
8420	0.00211
8422	0.00228
8424	0.00151
8426	0.00289
8428	0.00269
8430	0.00329
8432	0.00273
8434	0.00188
8436	0.00143
8438	1.95957E-4
8440	-4.40363E-5
8442	-2.9303E-4
8444	-0.00102
8446	-0.00215
8448	-0.00151
8450	-9.30042E-5
8452	-2.50998E-4
8454	-0.00123
8456	-0.00142
8458	-8.80979E-4
8460	-2.73972E-4
8462	-3.79966E-4
8464	-0.00102
8466	-0.00132
8468	-6.89946E-4
8470	-3.8994E-4
8472	-3.80934E-4
8474	-3.20927E-4
8476	-1.99208E-5
8478	-5.78914E-4
8480	9.4092E-5
8482	4.92098E-4
8484	-3.99895E-4
8486	4.38111E-4
8488	-6.96882E-4
8490	-0.0013
8492	-8.74869E-4
8494	-5.15863E-4
8496	5.97143E-4
8498	1.5015E-4
8500	-8.03844E-4
8502	-6.84837E-4
8504	-8.65371E-4
8506	1.22E-4
8508	9.63371E-4
8510	0.00186
8512	0.00199
8514	0.00139
8516	0.00139
8518	0.0024
8520	0.00351
8522	0.00403
8524	0.00332
8526	0.0027
8528	0.00714
8530	0.10057
8532	0.34557
8534	0.64767
8536	0.9293
8538	1.20842
8540	1.47864
8542	1.72465
8544	1.94419
8546	2.13812
8548	2.3098
8550	2.45844
8552	2.58594
8554	2.69465
8556	2.78514
8558	2.81541
8560	2.69776
8562	2.47986
8564	2.22728
8566	1.97567
8568	1.73956
8570	1.52502
8572	1.33252
8574	1.16141
8576	1.01151
8578	0.8811
8580	0.7703
8582	0.67345
8584	0.58872
8586	0.5154
8588	0.45196
8590	0.39894
8592	0.35489
8594	0.31474
8596	0.28085
8598	0.25264
8600	0.22798
8602	0.20684
8604	0.18811
8606	0.17085
8608	0.15646
8610	0.14255
8612	0.12932
8614	0.11968
8616	0.11125
8618	0.10211
8620	0.09396
8622	0.0854
8624	0.07736
8626	0.07005
8628	0.06473
8630	0.06049
8632	0.05676
8634	0.05255
8636	0.0487
8638	0.04361
8640	0.04014
8642	0.03772
8644	0.03468
8646	0.03064
8648	0.02743
8650	0.02495
8652	0.02319
8654	0.02147
8656	0.0195
8658	0.01865
8660	0.0172
8662	0.01493
8664	0.01289
8666	0.01157
8668	0.01087
8670	0.00988
8672	0.00901
8674	0.00759
8676	0.00668
8678	0.00597
8680	0.00561
8682	0.00572
8684	0.00575
8686	0.00551
8688	0.00577
8690	0.00539
8692	0.00434
8694	0.00328
8696	0.00317
8698	0.00247
8700	0.0024
8702	0.0022
8704	0.00164
8706	0.00155
8708	2.72904E-4
8710	-5.78317E-4
8712	5.41771E-5
8714	0.00107
8716	0.00143
8718	0.00154
8720	8.89145E-4
8722	3.25637E-4
8724	9.05129E-4
8726	6.78622E-4
8728	1.36114E-4
8730	4.86606E-4
8732	-8.99023E-5
8734	6.35897E-5
8736	-8.91823E-6
8738	3.54574E-4
8740	2.93066E-4
8742	-0.00128
8744	-0.00174
8746	-5.91458E-4
8748	-7.75966E-4
8750	-0.00108
8752	-0.00131
8754	-0.00153
8756	-8.69998E-4
8758	-4.04506E-4
8760	4.06986E-4
8762	8.14785E-5
8764	-5.32029E-4
8766	-0.00113
8768	-0.00107
8770	-4.15553E-4
8772	9.15939E-4
8774	0.00175
8776	0.00223
8778	0.00245
8780	0.00399
8782	0.00538
8784	0.00555
8786	0.00588
8788	0.00593
8790	0.00606
8792	0.00678
8794	0.007
8796	0.00649
8798	0.00583
8800	0.00682
8802	0.00645
8804	0.00682
8806	0.00746
8808	0.00812
8810	0.00995
8812	0.01121
8814	0.01198
8816	0.01252
8818	0.01449
8820	0.01589
8822	0.01523
8824	0.01567
8826	0.01579
8828	0.01605
8830	0.01591
8832	0.01547
8834	0.01512
8836	0.01572
8838	0.01703
8840	0.01823
8842	0.01964
8844	0.01975
8846	0.01966
8848	0.02025
8850	0.02099
8852	0.0211
8854	0.02093
8856	0.02168
8858	0.02288
8860	0.02437
8862	0.02399
8864	0.02377
8866	0.02353
8868	0.02384
8870	0.02477
8872	0.02446
8874	0.02408
8876	0.02433
8878	0.02391
8880	0.02305
8882	0.02388
8884	0.02447
8886	0.02317
8888	0.02268
8890	0.02104
8892	0.02043
8894	0.02205
8896	0.02172
8898	0.02222
8900	0.02217
8902	0.02129
8904	0.01988
8906	0.01944
8908	0.01931
8910	0.01981
8912	0.01862
8914	0.01704
8916	0.01771
8918	0.01815
8920	0.01855
8922	0.0185
8924	0.01779
8926	0.01815
8928	0.01734
8930	0.01813
8932	0.01878
8934	0.01777
8936	0.01761
8938	0.0187
8940	0.01881
8942	0.0177
8944	0.01718
8946	0.01625
8948	0.01568
8950	0.01517
8952	0.01418
8954	0.01377
8956	0.01352
8958	0.01245
8960	0.01128
8962	0.01103
8964	0.01179
8966	0.01225
8968	0.01084
8970	0.01113
8972	0.01096
8974	0.01182
8976	0.01246
8978	0.01309
8980	0.01177
8982	0.00964
8984	0.00876
8986	0.00851
8988	0.00713
8990	0.00633
8992	0.00706
8994	0.0068
8996	0.00633
8998	0.0067
9000	0.00626
9002	0.00607
9004	0.0064
9006	0.00639
9008	0.00694
9010	0.00714
9012	0.00699
9014	0.00658
9016	0.00633
9018	0.00702
9020	0.00786
9022	0.00697
9024	0.00653
9026	0.00561
9028	0.00611
9030	0.0058
9032	0.00475
9034	0.00323
9036	0.00187
9038	0.00201
9040	0.00138
9042	0.00138
9044	0.00173
9046	0.00258
9048	0.00143
9050	0.0013
9052	-1.24729E-4
9054	-0.00127
9056	-7.38481E-4
9058	-9.82857E-4
9060	-0.00214
9062	-0.00147
9064	-0.00141
9066	-0.00218
9068	-0.00178
9070	-9.30292E-4
9072	-1.68784E-4
9074	-5.12275E-4
9076	-2.48767E-4
9078	-5.84259E-4
9080	-0.00112
9082	1.51758E-4
9084	9.61266E-4
9086	8.05774E-4
9088	0.00113
9090	9.27907E-5
9092	-7.83701E-4
9094	-0.00139
9096	-8.85685E-4
9098	-2.61176E-4
9100	-0.00122
9102	-0.00135
9104	-0.00154
9106	-1.53143E-4
9108	3.00365E-4
9110	9.72873E-4
9112	8.98381E-4
9114	6.3889E-4
9116	-3.17602E-4
9118	-4.30094E-4
9120	1.02414E-4
9122	0.00109
9124	9.38431E-4
9126	9.9392E-6
9128	-6.67553E-4
9130	-0.00101
9132	0.00763
9134	0.03765
9136	0.10013
9138	0.18655
9140	0.28677
9142	0.39751
9144	0.51378
9146	0.63689
9148	0.76534
9150	0.89383
9152	1.02142
9154	1.14724
9156	1.26813
9158	1.35825
9160	1.35351
9162	1.27234
9164	1.15852
9166	1.0368
9168	0.91884
9170	0.80931
9172	0.70864
9174	0.61881
9176	0.54177
9178	0.4732
9180	0.41172
9182	0.35886
9184	0.31363
9186	0.27372
9188	0.23927
9190	0.21028
9192	0.18515
9194	0.16349
9196	0.14578
9198	0.1306
9200	0.11696
9202	0.10403
9204	0.09242
9206	0.083
9208	0.07544
9210	0.06816
9212	0.0623
9214	0.05756
9216	0.05297
9218	0.04797
9220	0.04389
9222	0.03998
9224	0.03719
9226	0.0338
9228	0.03038
9230	0.02693
9232	0.02542
9234	0.02338
9236	0.02127
9238	0.0193
9240	0.01852
9242	0.01818
9244	0.01614
9246	0.01392
9248	0.01216
9250	0.01159
9252	0.00956
9254	0.00927
9256	0.00793
9258	0.00779
9260	0.00681
9262	0.00546
9264	0.0035
9266	0.00307
9268	0.00231
9270	0.00298
9272	0.00245
9274	0.00161
9276	1.36798E-4
9278	-4.52214E-6
9280	-0.00138
9282	-0.00333
9284	-0.0025
9286	-0.00305
9288	-0.00251
9290	-0.00289
9292	-0.00303
9294	-0.00307
9296	-0.00349
9298	-0.00279
9300	-0.00229
9302	-0.00158
9304	-0.0028
9306	-0.00344
9308	-0.00342
9310	-0.00318
9312	-0.00266
9314	-0.00152
9316	-9.64604E-4
9318	-9.34924E-4
9320	-0.0014
9322	-0.00211
9324	-0.00295
9326	-0.00355
9328	-0.00298
9330	-0.00171
9332	-3.01651E-5
9334	2.77515E-4
9336	-9.48053E-5
9338	-6.11255E-5
9340	5.33062E-4
9342	9.25909E-4
9344	5.13755E-4
9346	-2.69398E-4
9348	5.20448E-4
9350	9.70295E-4
9352	0.00135
9354	0.00223
9356	0.00302
9358	0.00199
9360	0.00308
9362	0.00449
9364	0.00533
9366	0.00588
9368	0.00615
9370	0.00549
9372	0.00631
9374	0.00736
9376	0.00856
9378	0.00974
9380	0.01033
9382	0.01099
9384	0.01061
9386	0.01119
9388	0.01266
9390	0.01303
9392	0.01266
9394	0.01273
9396	0.01325
9398	0.01371
9400	0.01465
9402	0.01592
9404	0.01733
9406	0.01915
9408	0.01886
9410	0.01885
9412	0.019
9414	0.01833
9416	0.01777
9418	0.0192
9420	0.01943
9422	0.01929
9424	0.01985
9426	0.02063
9428	0.0201
9430	0.02032
9432	0.02009
9434	0.01951
9436	0.02046
9438	0.02028
9440	0.02061
9442	0.01976
9444	0.01967
9446	0.02021
9448	0.01982
9450	0.01763
9452	0.01773
9454	0.01844
9456	0.01934
9458	0.01866
9460	0.01902
9462	0.01949
9464	0.01877
9466	0.01719
9468	0.01692
9470	0.01738
9472	0.01752
9474	0.0158
9476	0.01535
9478	0.01537
9480	0.0152
9482	0.01399
9484	0.01357
9486	0.01499
9488	0.01514
9490	0.0143
9492	0.01441
9494	0.01376
9496	0.01325
9498	0.01341
9500	0.0141
9502	0.01517
9504	0.01377
9506	0.013
9508	0.01207
9510	0.01103
9512	0.01044
9514	0.01039
9516	0.01145
9518	0.01085
9520	0.01068
9522	0.01059
9524	0.00955
9526	0.00902
9528	0.00902
9530	0.00747
9532	0.00651
9534	0.00655
9536	0.00603
9538	0.00662
9540	0.00732
9542	0.00721
9544	0.00713
9546	0.00668
9548	0.00673
9550	0.0071
9552	0.00613
9554	0.00579
9556	0.00565
9558	0.00479
9560	0.00387
9562	0.00434
9564	0.00411
9566	0.0036
9568	0.00314
9570	0.00498
9572	0.00481
9574	0.00377
9576	0.00407
9578	0.00351
9580	0.00251
9582	0.0017
9584	0.0012
9586	9.86682E-5
9588	1.98382E-4
9590	-2.96905E-4
9592	5.80885E-6
9594	4.97522E-4
9596	-2.68764E-4
9598	-2.04051E-4
9600	1.62663E-4
9602	4.25377E-4
9604	0.00137
9606	0.00107
9608	0.00142
9610	7.32308E-5
9612	-0.00111
9614	-0.00209
9616	-0.00172
9618	-5.708E-4
9620	1.70302E-4
9622	1.14405E-4
9624	-9.7493E-5
9626	-0.00104
9628	-1.03288E-4
9630	5.89814E-4
9632	3.44916E-4
9634	5.61019E-4
9636	0.0013
9638	0.00134
9640	7.46326E-4
9642	1.98428E-4
9644	2.9553E-4
9646	-6.14367E-4
9648	-0.00169
9650	-0.00193
9652	-0.00105
9654	4.50042E-4
9656	1.30145E-4
9658	4.30247E-4
9660	2.38349E-4
9662	3.33452E-4
9664	0.00124
9666	0.00205
9668	0.00241
9670	0.00242
9672	0.00108
9674	8.47066E-4
9676	-3.65832E-4
9678	-0.0017
9680	-0.001
9682	-3.27525E-4
9684	-2.96422E-4
9686	5.4268E-4
9688	0.00162
9690	0.002
9692	0.00179
9694	0.00174
9696	7.63791E-4
9698	9.47433E-4
9700	0.0016
9702	0.00177
9704	0.00192
9706	0.00106
9708	6.45644E-4
9710	0.00103
9712	0.00191
9714	0.00235
9716	0.00341
9718	0.00432
9720	0.00351
9722	0.00249
9724	0.00209
9726	0.00303
9728	0.00192
9730	-5.85292E-4
9732	0.00139
9734	0.0118
9736	0.03459
9738	0.07166
9740	0.11919
9742	0.17717
9744	0.24494
9746	0.32087
9748	0.40215
9750	0.48536
9752	0.57094
9754	0.65775
9756	0.74531
9758	0.82197
9760	0.83872
9762	0.79938
9764	0.73687
9766	0.66657
9768	0.59557
9770	0.52907
9772	0.46792
9774	0.41209
9776	0.36192
9778	0.3168
9780	0.27712
9782	0.24212
9784	0.21292
9786	0.1875
9788	0.16542
9790	0.14669
9792	0.13113
9794	0.11665
9796	0.10256
9798	0.0915
9800	0.08189
9802	0.07463
9804	0.06785
9806	0.06276
9808	0.05745
9810	0.0525
9812	0.0487
9814	0.04411
9816	0.04051
9818	0.03689
9820	0.03321
9822	0.03057
9824	0.02721
9826	0.02483
9828	0.02226
9830	0.0193
9832	0.01654
9834	0.01516
9836	0.01333
9838	0.01214
9840	0.01018
9842	0.00803
9844	0.00599
9846	0.00521
9848	0.00485
9850	0.00449
9852	0.0042
9854	0.00349
9856	0.00232
9858	3.54906E-4
9860	1.11525E-4
9862	-5.15856E-4
9864	-3.29237E-4
9866	6.93813E-5
9868	3.87E-4
9870	-1.25381E-4
9872	-7.86762E-4
9874	-0.00109
9876	2.23475E-4
9878	6.41094E-4
9880	-0.00105
9882	-5.60668E-4
9884	-5.9505E-4
9886	-9.71431E-4
9888	-0.0019
9890	-0.00362
9892	-0.0048
9894	-0.00343
9896	-0.00272
9898	-0.00331
9900	-0.00338
9902	-0.00194
9904	-0.00152
9906	-0.00346
9908	-0.00411
9910	-0.00279
9912	-0.00248
9914	-0.002
9916	-0.00118
9918	-2.54007E-4
9920	7.29151E-4
9922	-9.86901E-5
9924	-4.75316E-5
9926	1.23627E-4
9928	-3.05215E-4
9930	1.06944E-4
9932	6.24102E-4
9934	9.07261E-4
9936	0.0019
9938	0.00256
9940	0.00289
9942	0.00285
9944	0.00292
9946	0.00294
9948	0.00352
9950	0.00492
9952	0.00657
9954	0.00691
9956	0.00726
9958	0.00827
9960	0.00776
9962	0.00808
9964	0.00799
9966	0.00844
9968	0.00983
9970	0.00978
9972	0.01052
9974	0.01176
9976	0.01395
9978	0.01425
9980	0.0149
9982	0.01546
9984	0.01537
9986	0.01522
9988	0.01521
9990	0.01571
9992	0.01657
9994	0.01724
9996	0.01664
9998	0.0156
10000	0.01665
10002	0.0176
10004	0.01718
10006	0.01711
10008	0.01721
10010	0.01692
10012	0.01723
10014	0.0172
10016	0.01688
10018	0.01699
10020	0.01787
10022	0.01812
10024	0.01812
10026	0.01815
10028	0.01776
10030	0.01836
10032	0.01796
10034	0.01662
10036	0.01638
10038	0.01533
10040	0.01546
10042	0.01577
10044	0.01509
10046	0.01419
10048	0.01372
10050	0.01342
10052	0.01296
10054	0.01184
10056	0.01145
10058	0.01208
10060	0.0125
10062	0.01277
10064	0.01239
10066	0.01186
10068	0.01076
10070	0.00965
10072	0.01011
10074	0.01013
10076	0.00919
10078	0.00901
10080	0.0082
10082	0.00826
10084	0.00795
10086	0.00783
10088	0.0078
10090	0.00809
10092	0.00705
10094	0.00598
10096	0.00539
10098	0.00487
10100	0.0053
10102	0.00551
10104	0.00521
10106	0.00526
10108	0.00417
10110	0.0037
10112	0.0054
10114	0.00555
10116	0.00515
10118	0.00353
10120	0.00264
10122	0.00384
10124	0.00582
10126	0.00629
10128	0.00625
10130	0.0062
10132	0.00643
10134	0.00566
10136	0.00401
10138	0.00258
10140	0.00149
10142	0.00145
10144	6.89034E-4
10146	0.00151
10148	0.00224
10150	0.00296
10152	0.00232
10154	0.00199
10156	0.00166
10158	0.00151
10160	0.00101
10162	0.0027
10164	0.0034
10166	0.00274
10168	0.00406
10170	0.00453
10172	0.00307
10174	0.00125
10176	0.00139
10178	0.0013
10180	0.00135
10182	0.00112
10184	0.00108
10186	0.00197
10188	0.00223
10190	0.00232
10192	0.00199
10194	0.00264
10196	0.00273
10198	0.00273
10200	0.00238
10202	0.00233
10204	0.00273
10206	0.00332
10208	0.00226
10210	0.00228
10212	9.05312E-4
10214	4.1754E-4
10216	0.00101
10218	0.00184
10220	0.00321
10222	0.00195
10224	0.00114
10226	0.00175
10228	0.00184
10230	0.0017
10232	0.00124
10234	0.00222
10236	0.00262
10238	0.00259
10240	0.00219
10242	0.00177
10244	0.00192
10246	0.00205
10248	8.63598E-4
10250	8.79375E-4
10252	6.09153E-4
10254	0.00115
10256	0.00108
10258	0.00223
10260	0.00174
10262	7.33039E-4
10264	-4.92183E-4
10266	-8.89406E-4
10268	-4.27629E-4
10270	3.19148E-4
10272	4.86926E-4
10274	-0.00125
10276	-0.00238
10278	-0.00181
10280	-0.0016
10282	-0.0015
10284	-0.00141
10286	-3.66331E-5
10288	-3.90856E-4
10290	-9.22078E-4
10292	-0.00129
10294	-4.03524E-4
10296	3.34253E-4
10298	5.00031E-4
10300	-1.46192E-4
10302	-2.95415E-4
10304	-0.00122
10306	-4.5186E-4
10308	-2.00083E-4
10310	-7.67305E-4
10312	-9.49528E-4
10314	-2.36751E-4
10316	-2.15449E-4
10318	-2.31859E-4
10320	5.54731E-4
10322	4.1232E-4
10324	1.9891E-4
10326	-3.71501E-4
10328	-7.99911E-4
10330	-0.00165
10332	3.73268E-4
10334	0.01065
10336	0.03708
10338	0.077
10340	0.12804
10342	0.18994
10344	0.25705
10346	0.3276
10348	0.39791
10350	0.46752
10352	0.53634
10354	0.60288
10356	0.66732
10358	0.72239
10360	0.73068
10362	0.69347
10364	0.63421
10366	0.56771
10368	0.50307
10370	0.44284
10372	0.38723
10374	0.33694
10376	0.29217
10378	0.25306
10380	0.21957
10382	0.19012
10384	0.1649
10386	0.1428
10388	0.12256
10390	0.10623
10392	0.09154
10394	0.07846
10396	0.06816
10398	0.05799
10400	0.04979
10402	0.04318
10404	0.0373
10406	0.03205
10408	0.02689
10410	0.02162
10412	0.01796
10414	0.01342
10416	0.00986
10418	0.00599
10420	0.00451
10422	0.00156
10424	-5.60573E-5
10426	-0.001
10428	-0.0022
10430	-0.00428
10432	-0.00719
10434	-0.00781
10436	-0.01
10438	-0.01207
10440	-0.01229
10442	-0.01207
10444	-0.01404
10446	-0.01594
10448	-0.01683
10450	-0.01739
10452	-0.01867
10454	-0.02067
10456	-0.02155
10458	-0.0226
10460	-0.02275
10462	-0.02335
10464	-0.02367
10466	-0.0243
10468	-0.02565
10470	-0.02608
10472	-0.02715
10474	-0.02886
10476	-0.02943
10478	-0.02819
10480	-0.02838
10482	-0.02868
10484	-0.02839
10486	-0.02861
10488	-0.02855
10490	-0.02724
10492	-0.02652
10494	-0.02649
10496	-0.02587
10498	-0.02583
10500	-0.02568
10502	-0.02595
10504	-0.02538
10506	-0.02496
10508	-0.02484
10510	-0.02421
10512	-0.02386
10514	-0.02398
10516	-0.02463
10518	-0.02378
10520	-0.02304
10522	-0.02201
10524	-0.0215
10526	-0.02081
10528	-0.02024
10530	-0.02076
10532	-0.0198
10534	-0.01955
10536	-0.01898
10538	-0.01839
10540	-0.0188
10542	-0.01832
10544	-0.01581
10546	-0.01319
10548	-0.01278
10550	-0.01224
10552	-0.01128
10554	-0.01004
10556	-0.00874
10558	-0.0062
10560	-0.00528
10562	-0.00587
10564	-0.00429
10566	-0.00413
10568	-0.00399
10570	-0.00408
10572	-0.0038
10574	-0.00408
10576	-0.00167
10578	-1.57316E-4
10580	-0.00146
10582	-5.61959E-4
10584	1.02199E-5
10586	3.39399E-4
10588	-4.05423E-4
10590	-7.91244E-4
10592	0.00102
10594	6.34114E-4
10596	-2.66707E-4
10598	-5.43529E-4
10600	-6.4135E-4
10602	-2.42171E-4
10604	6.82008E-4
10606	8.15186E-4
10608	8.51365E-4
10610	-5.99456E-4
10612	4.69723E-4
10614	0.00134
10616	0.00156
10618	0.00108
10620	2.03438E-4
10622	1.97617E-4
10624	-5.91205E-4
10626	1.37974E-4
10628	3.24153E-4
10630	3.39332E-4
10632	3.9751E-4
10634	0.00167
10636	0.00125
10638	6.29047E-4
10640	9.56226E-4
10642	9.29404E-4
10644	5.40583E-4
10646	5.69762E-4
10648	4.50941E-4
10650	0.00127
10652	0.00169
10654	0.00157
10656	9.12656E-4
10658	3.11834E-4
10660	-5.25987E-4
10662	-1.43808E-4
10664	-0.00168
10666	-0.00269
10668	-0.00221
10670	-0.00309
10672	-0.0028
10674	-0.0026
10676	-0.0025
10678	-0.00264
10680	-0.0028
10682	-0.00324
10684	-0.00288
10686	-0.00273
10688	-0.00342
10690	-0.00432
10692	-0.00345
10694	-0.00286
10696	-0.00385
10698	-0.00418
10700	-0.00505
10702	-0.00499
10704	-0.00621
10706	-0.00604
10708	-0.00536
10710	-0.00472
10712	-0.00523
10714	-0.00446
10716	-0.00464
10718	-0.00442
10720	-0.0036
10722	-0.00416
10724	-0.00417
10726	-0.00429
10728	-0.00482
10730	-0.00434
10732	-0.00467
10734	-0.00477
10736	-0.00378
10738	-0.00293
10740	-0.00255
10742	-0.00265
10744	-0.00402
10746	-0.00484
10748	-0.00438
10750	-0.00434
10752	-0.00351
10754	-0.00251
10756	-0.00222
10758	-0.00222
10760	-0.00121
10762	-0.00118
10764	1.11309E-4
10766	1.72488E-4
10768	0.0014
10770	0.00183
10772	0.00235
10774	0.00254
10776	0.00264
10778	0.0019
10780	0.00316
10782	0.00303
10784	0.00268
10786	0.00265
10788	0.00295
10790	0.00323
10792	0.0036
10794	0.00386
10796	0.00372
10798	0.00445
10800	0.00552
10802	0.00632
10804	0.00636
10806	0.00627
10808	0.00721
10810	0.00702
10812	0.00732
10814	0.00732
10816	0.00802
10818	0.00758
10820	0.00771
10822	0.00791
10824	0.00715
10826	0.00658
10828	0.00667
10830	0.00588
10832	0.00581
10834	0.00605
10836	0.00696
10838	0.00787
10840	0.00773
10842	0.00758
10844	0.00677
10846	0.00727
10848	0.00827
10850	0.00874
10852	0.00783
10854	0.0081
10856	0.0078
10858	0.0085
10860	0.00914
10862	0.01022
10864	0.01035
10866	0.01037
10868	0.01226
10870	0.01305
10872	0.0121
10874	0.01117
10876	0.01138
10878	0.0126
10880	0.0128
10882	0.01345
10884	0.01406
10886	0.01447
10888	0.01522
10890	0.01611
10892	0.01721
10894	0.01717
10896	0.01758
10898	0.01791
10900	0.01792
10902	0.01799
10904	0.01934
10906	0.02104
10908	0.02182
10910	0.02184
10912	0.02295
10914	0.02385
10916	0.02361
10918	0.02352
10920	0.0243
10922	0.02539
10924	0.02596
10926	0.02524
10928	0.02513
10930	0.02565
10932	0.02673
10934	0.03071
10936	0.04316
10938	0.06508
10940	0.09391
10942	0.12894
10944	0.17007
10946	0.21839
10948	0.27325
10950	0.33084
10952	0.3877
10954	0.44619
10956	0.50221
10958	0.55356
10960	0.57202
10962	0.55063
10964	0.50892
10966	0.4602
10968	0.41129
10970	0.36426
10972	0.32194
10974	0.2822
10976	0.2484
10978	0.21756
10980	0.18957
10982	0.16517
10984	0.145
10986	0.12766
10988	0.11163
10990	0.09807
10992	0.0857
10994	0.07664
10996	0.06858
10998	0.06113
11000	0.05452
11002	0.04799
11004	0.04283
11006	0.03871
11008	0.03508
11010	0.03217
11012	0.02912
11014	0.02628
11016	0.02309
11018	0.02046
11020	0.01935
11022	0.01766
11024	0.01622
11026	0.01433
11028	0.01316
11030	0.013
11032	0.0111
11034	0.01043
11036	0.00973
11038	0.0085
11040	0.00696
11042	0.00475
11044	0.00327
11046	0.00289
11048	0.00283
11050	0.00212
11052	0.00232
11054	0.00213
11056	0.00182
11058	0.00182
11060	0.00139
11062	9.8806E-4
11064	0.00161
11066	0.00326
11068	0.00425
11070	0.00405
11072	0.00463
11074	0.00479
11076	0.00472
11078	0.00471
11080	0.00442
11082	0.00435
11084	0.00264
11086	0.00115
11088	1.13457E-4
11090	-0.00193
11092	-0.00277
11094	-0.00314
11096	-0.00438
11098	-0.00553
11100	-0.00625
11102	-0.00782
11104	-0.00806
11106	-0.0089
11108	-0.01063
11110	-0.01119
11112	-0.01276
11114	-0.01411
11116	-0.01479
11118	-0.01375
11120	-0.01286
11122	-0.01348
11124	-0.01354
11126	-0.01407
11128	-0.01406
11130	-0.01582
11132	-0.01622
11134	-0.01741
11136	-0.01869
11138	-0.01951
11140	-0.01959
11142	-0.01904
11144	-0.01884
11146	-0.01777
11148	-0.01735
11150	-0.01896
11152	-0.01761
11154	-0.01619
11156	-0.01499
11158	-0.01475
11160	-0.0143
11162	-0.01435
11164	-0.01267
11166	-0.01104
11168	-0.00982
11170	-0.00944
11172	-0.00867
11174	-0.00781
11176	-0.00726
11178	-0.00654
11180	-0.00647
11182	-0.00591
11184	-0.00404
11186	-0.00418
11188	-0.0043
11190	-0.00374
11192	-0.00429
11194	-0.00456
11196	-0.0019
11198	-0.00152
11200	-4.83812E-4
11202	7.81654E-5
11204	0.00259
11206	0.00391
11208	0.00307
11210	0.00322
11212	0.00324
11214	0.0043
11216	0.00574
11218	0.00619
11220	0.00706
11222	0.00825
11224	0.00842
11226	0.00723
11228	0.00583
11230	0.00416
11232	0.00405
11234	0.00392
11236	0.00297
11238	0.00266
11240	0.00209
11242	0.00203
11244	4.3736E-4
11246	4.90721E-6
11248	-2.38545E-4
11250	-0.00119
11252	-0.00263
11254	-0.00214
11256	-0.00205
11258	-0.00129
11260	-0.00148
11262	-0.00111
11264	-0.00335
11266	-0.00571
11268	-0.00485
11270	-0.00533
11272	-0.00611
11274	-0.00618
11276	-0.00549
11278	-0.00574
11280	-0.00655
11282	-0.00664
11284	-0.00643
11286	-0.00653
11288	-0.00577
11290	-0.00673
11292	-0.00785
11294	-0.00816
11296	-0.00826
11298	-0.00888
11300	-0.0091
11302	-0.0096
11304	-0.01039
11306	-0.0098
11308	-0.01004
11310	-0.00856
11312	-0.00955
11314	-0.01025
11316	-0.01014
11318	-0.0104
11320	-0.00941
11322	-0.00968
11324	-0.00998
11326	-0.01028
11328	-0.00973
11330	-0.00928
11332	-0.01066
11334	-0.01074
11336	-0.01096
11338	-0.01278
11340	-0.0121
11342	-0.01293
11344	-0.01244
11346	-0.01134
11348	-0.01045
11350	-0.01006
11352	-0.0104
11354	-0.01046
11356	-0.01096
11358	-0.0105
11360	-0.00937
11362	-0.00899
11364	-0.00795
11366	-0.0076
11368	-0.00773
11370	-0.00803
11372	-0.007
11374	-0.0055
11376	-0.0048
11378	-0.00446
11380	-0.00293
11382	-0.00221
11384	-0.00142
11386	-3.96404E-4
11388	0.00105
11390	0.00185
11392	0.00186
11394	0.00254
11396	0.0033
11398	0.00264
11400	0.00204
11402	0.00352
11404	0.00364
11406	0.00327
11408	0.00241
11410	0.00207
11412	0.00301
11414	0.00307
11416	0.00427
11418	0.00342
11420	0.00382
11422	0.00348
11424	0.00248
11426	0.00301
11428	0.00276
11430	0.00216
11432	0.00102
11434	0.00121
11436	0.00172
11438	0.00142
11440	0.00227
11442	0.00282
11444	0.00213
11446	0.00212
11448	0.00205
11450	0.00357
11452	0.00315
11454	0.00302
11456	0.00363
11458	0.00404
11460	0.0039
11462	0.00418
11464	0.00292
11466	0.00295
11468	0.00389
11470	0.00339
11472	0.00313
11474	0.00329
11476	0.00273
11478	0.00176
11480	0.00184
11482	0.00283
11484	0.00308
11486	0.0039
11488	0.00307
11490	0.00224
11492	0.00143
11494	4.97399E-4
11496	-3.82291E-5
11498	-9.85857E-4
11500	-5.67242E-5
11502	0.00112
11504	0.0014
11506	0.00215
11508	0.00346
11510	0.00403
11512	0.00478
11514	0.00683
11516	0.00767
11518	0.00788
11520	0.00902
11522	0.0114
11524	0.0138
11526	0.01474
11528	0.01517
11530	0.01302
11532	0.01277
11534	0.01549
11536	0.02538
11538	0.04644
11540	0.07915
11542	0.12273
11544	0.16865
11546	0.21438
11548	0.26157
11550	0.30954
11552	0.35498
11554	0.3975
11556	0.43817
11558	0.47738
11560	0.49147
11562	0.46724
11564	0.42591
11566	0.37821
11568	0.33012
11570	0.28536
11572	0.2458
11574	0.20983
11576	0.1777
11578	0.14951
11580	0.12453
11582	0.10283
11584	0.08338
11586	0.06768
11588	0.05347
11590	0.04098
11592	0.02981
11594	0.02078
11596	0.0136
11598	0.00709
11600	0.00299
11602	2.75212E-4
11604	-0.00274
11606	-0.00421
11608	-0.00579
11610	-0.00661
11612	-0.00692
11614	-0.00691
11616	-0.00806
11618	-0.00787
11620	-0.00716
11622	-0.00613
11624	-0.00665
11626	-0.00705
11628	-0.00437
11630	-0.00104
11632	-1.25581E-4
11634	0.00155
11636	0.00331
11638	0.00426
11640	0.00302
11642	0.00275
11644	0.00193
11646	5.44447E-4
11648	-9.03299E-5
11650	4.80893E-4
11652	-6.18836E-5
11654	-3.66051E-6
11656	1.99563E-4
11658	-0.00161
11660	-0.00313
11662	-0.00259
11664	-0.00141
11666	-0.002
11668	-0.00356
11670	-0.00425
11672	-0.00319
11674	-0.0024
11676	-0.00292
11678	-0.00346
11680	-0.0031
11682	-0.00275
11684	-0.00291
11686	-0.00336
11688	-0.00254
11690	-0.00179
11692	-0.00178
11694	-0.00197
11696	-0.00137
11698	-7.54752E-4
11700	-8.84529E-4
11702	-0.00226
11704	-0.00253
11706	-0.00283
11708	-0.0036
11710	-0.0025
11712	-0.00181
11714	-2.81987E-4
11716	-6.22123E-4
11718	-4.83259E-4
11720	-6.36394E-4
11722	-8.9453E-4
11724	6.72334E-4
11726	7.06198E-4
11728	0.00143
11730	0.00282
11732	0.00333
11734	0.00362
11736	0.00353
11738	0.00365
11740	0.00196
11742	0.00298
11744	0.00308
11746	0.00305
11748	0.00397
11750	0.00449
11752	0.00376
11754	0.00274
11756	0.00274
11758	0.00287
11760	0.00319
11762	0.00324
11764	0.0029
11766	0.00231
11768	0.00163
11770	0.00101
11772	2.19075E-4
11774	-0.00125
11776	-0.00167
11778	-0.00145
11780	-0.00132
11782	-0.0017
11784	-0.00152
11786	-7.65877E-4
11788	6.51014E-4
11790	0.00114
11792	0.00149
11794	6.94688E-4
11796	4.57579E-4
11798	5.6647E-4
11800	0.00177
11802	0.00184
11804	0.00293
11806	0.00468
11808	0.00517
11810	0.00441
11812	0.00363
11814	0.00379
11816	0.00379
11818	0.00416
11820	0.00306
11822	0.00259
11824	0.00356
11826	0.00327
11828	0.00259
11830	0.0021
11832	0.00182
11834	0.00227
11836	0.00163
11838	0.00184
11840	0.00173
11842	0.00122
11844	-4.67032E-4
11846	-0.00145
11848	-5.92513E-4
11850	7.13609E-4
11852	5.5873E-4
11854	-1.69149E-4
11856	-2.80027E-4
11858	-2.35906E-4
11860	-3.81785E-4
11862	6.33368E-5
11864	4.58129E-7
11866	-5.40421E-4
11868	-0.00153
11870	-4.36178E-4
11872	-8.37057E-4
11874	-5.19935E-4
11876	1.89186E-4
11878	-7.92693E-4
11880	-0.0023
11882	-0.00248
11884	-0.00193
11886	-0.00197
11888	-0.0018
11890	-0.00188
11892	-0.00348
11894	-0.00361
11896	-0.00308
11898	-0.00251
11900	-0.00181
11902	-0.003
11904	-0.00334
11906	-0.004
11908	-0.00449
11910	-0.00578
11912	-0.00586
11914	-0.00654
11916	-0.00726
11918	-0.00566
11920	-0.00372
11922	-0.00404
11924	-0.00358
11926	-0.00321
11928	-0.00248
11930	-0.00307
11932	-0.00343
11934	-0.00312
11936	-0.00274
11938	-0.00299
11940	-0.00338
11942	-0.00403
11944	-0.00279
11946	-0.0031
11948	-0.00321
11950	-0.00308
11952	-0.00263
11954	-0.00211
11956	-0.00272
11958	-0.00199
11960	-0.00135
11962	-2.68992E-4
11964	5.17887E-4
11966	0.00113
11968	0.0016
11970	0.00119
11972	0.00253
11974	0.00367
11976	0.00233
11978	0.00317
11980	0.00263
11982	0.00228
11984	0.00266
11986	0.00206
11988	0.00344
11990	0.0047
11992	0.00572
11994	0.00544
11996	0.00586
11998	0.00631
12000	0.00602
12002	0.00623
12004	0.00497
12006	0.00432
12008	0.00392
12010	0.00312
12012	0.00428
12014	0.00529
12016	0.00641
12018	0.00786
12020	0.00768
12022	0.00729
12024	0.00634
12026	0.00639
12028	0.00605
12030	0.00495
12032	0.00584
12034	0.00683
12036	0.00765
12038	0.00875
12040	0.00851
12042	0.00842
12044	0.00798
12046	0.00779
12048	0.00862
12050	0.01005
12052	0.00947
12054	0.00914
12056	0.01027
12058	0.01182
12060	0.01137
12062	0.00957
12064	0.01041
12066	0.01184
12068	0.01128
12070	0.00881
12072	0.00887
12074	0.00867
12076	0.00785
12078	0.00858
12080	0.00824
12082	0.00751
12084	0.00844
12086	0.00863
12088	0.00947
12090	0.01073
12092	0.01012
12094	0.00955
12096	0.00849
12098	0.00846
12100	0.00786
12102	0.0075
12104	0.00891
12106	0.0077
12108	0.00712
12110	0.00589
12112	0.00551
12114	0.00454
12116	0.00383
12118	0.00474
12120	0.00483
12122	0.00462
12124	0.00392
12126	0.00261
