time	cp
2	4.73755
4	4.73716
6	4.737
8	4.73665
10	4.73571
12	4.73602
14	4.73534
16	4.73463
18	4.735
20	4.73597
22	4.73546
24	4.73546
26	4.73525
28	4.73497
30	4.73478
32	4.73543
34	4.73578
36	4.73577
38	4.73635
40	4.7356
42	4.73616
44	4.73618
46	4.73675
48	4.73697
50	4.73689
52	4.73649
54	4.73599
56	4.73534
58	4.73563
60	4.73703
62	4.7374
64	4.73718
66	4.73764
68	4.73798
70	4.73828
72	4.73847
74	4.73914
76	4.73954
78	4.73937
80	4.73852
82	4.7377
84	4.73708
86	4.7369
88	4.73593
90	4.73683
92	4.73772
94	4.73623
96	4.73567
98	4.73639
100	4.73663
102	4.73535
104	4.73522
106	4.73656
108	4.73679
110	4.73676
112	4.73742
114	4.73701
116	4.73575
118	4.73621
120	4.73729
122	4.73723
124	4.73658
126	4.73434
128	4.73712
130	4.74901
132	4.76673
134	4.78614
136	4.80191
138	4.8085
140	4.80915
142	4.80513
144	4.79988
146	4.79636
148	4.7898
150	4.7825
152	4.77781
154	4.77425
156	4.77035
158	4.7673
160	4.76397
162	4.76025
164	4.7572
166	4.75346
168	4.75227
170	4.75083
172	4.74943
174	4.74786
176	4.74586
178	4.74549
180	4.74446
182	4.74465
184	4.74477
186	4.74528
188	4.74414
190	4.74321
192	4.74409
194	4.74388
196	4.74213
198	4.74108
200	4.74155
202	4.74102
204	4.74095
206	4.74075
208	4.73972
210	4.73977
212	4.74048
214	4.74075
216	4.73996
218	4.74104
220	4.74116
222	4.74043
224	4.74022
226	4.73967
228	4.74004
230	4.74007
232	4.73919
234	4.73858
236	4.73829
238	4.7379
240	4.73821
242	4.73838
244	4.73775
246	4.73883
248	4.73991
250	4.74082
252	4.74004
254	4.7392
256	4.73824
258	4.73749
260	4.73731
262	4.73794
264	4.73804
266	4.7383
268	4.73747
270	4.73717
272	4.73833
274	4.73839
276	4.73975
278	4.73932
280	4.73825
282	4.73792
284	4.73797
286	4.73844
288	4.73854
290	4.73857
292	4.73794
294	4.73776
296	4.73905
298	4.73929
300	4.73773
302	4.73765
304	4.73706
306	4.73793
308	4.73882
310	4.73806
312	4.73846
314	4.73831
316	4.73792
318	4.73811
320	4.73931
322	4.73947
324	4.73886
326	4.73862
328	4.73918
330	4.73923
332	4.73904
334	4.73886
336	4.73887
338	4.73672
340	4.7366
342	4.73582
344	4.73553
346	4.7357
348	4.73608
350	4.73709
352	4.73802
354	4.73732
356	4.73864
358	4.739
360	4.73895
362	4.73811
364	4.73791
366	4.73863
368	4.73793
370	4.7367
372	4.73602
374	4.736
376	4.73685
378	4.7361
380	4.73485
382	4.73402
384	4.73419
386	4.73591
388	4.73555
390	4.73604
392	4.73741
394	4.73751
396	4.73718
398	4.73787
400	4.7364
402	4.73646
404	4.73779
406	4.73712
408	4.73698
410	4.7364
412	4.73732
414	4.73662
416	4.73666
418	4.7374
420	4.7365
422	4.73629
424	4.73626
426	4.73689
428	4.73752
430	4.73762
432	4.73835
434	4.73787
436	4.73797
438	4.73805
440	4.73779
442	4.73728
444	4.73658
446	4.7364
448	4.73454
450	4.73561
452	4.73511
454	4.73569
456	4.73626
458	4.73626
460	4.73587
462	4.7352
464	4.73452
466	4.73478
468	4.734
470	4.73446
472	4.73543
474	4.73605
476	4.73604
478	4.73416
480	4.73593
482	4.73687
484	4.73649
486	4.73631
488	4.73701
490	4.73701
492	4.73776
494	4.73717
496	4.7367
498	4.73686
500	4.73646
502	4.73571
504	4.73568
506	4.736
508	4.73548
510	4.73566
512	4.73566
514	4.73518
516	4.73418
518	4.73426
520	4.7353
522	4.73573
524	4.73552
526	4.73482
528	4.74172
530	4.757
532	4.77665
534	4.79565
536	4.81518
538	4.83364
540	4.85025
542	4.86416
544	4.87756
546	4.88529
548	4.88401
550	4.87527
552	4.86305
554	4.8507
556	4.83923
558	4.82638
560	4.81652
562	4.8081
564	4.79965
566	4.79259
568	4.78486
570	4.779
572	4.77474
574	4.77134
576	4.76689
578	4.76318
580	4.7603
582	4.75762
584	4.75579
586	4.75429
588	4.75389
590	4.75294
592	4.75052
594	4.75059
596	4.749
598	4.74763
600	4.74712
602	4.74655
604	4.74638
606	4.74556
608	4.74521
610	4.74443
612	4.74304
614	4.74343
616	4.74273
618	4.74149
620	4.74135
622	4.74009
624	4.73965
626	4.73965
628	4.73937
630	4.73923
632	4.73891
634	4.73768
636	4.7368
638	4.73648
640	4.73678
642	4.73796
644	4.7382
646	4.73784
648	4.73744
650	4.73795
652	4.73897
654	4.73886
656	4.73811
658	4.73862
660	4.74045
662	4.73918
664	4.73808
666	4.7388
668	4.73915
670	4.739
672	4.73901
674	4.73784
676	4.73689
678	4.73783
680	4.74045
682	4.74036
684	4.73899
686	4.73906
688	4.73799
690	4.73624
692	4.73653
694	4.73702
696	4.73774
698	4.73858
700	4.73971
702	4.74001
704	4.73895
706	4.73811
708	4.73854
710	4.73763
712	4.73655
714	4.73623
716	4.73602
718	4.73539
720	4.73605
722	4.7375
724	4.73862
726	4.73863
728	4.73586
730	4.73408
732	4.73412
734	4.73449
736	4.73572
738	4.73624
740	4.73618
742	4.7359
744	4.7359
746	4.73417
748	4.73358
750	4.73375
752	4.73345
754	4.7338
756	4.73523
758	4.73631
760	4.73743
762	4.73623
764	4.73516
766	4.73588
768	4.73589
770	4.73424
772	4.73484
774	4.73482
776	4.73455
778	4.73583
780	4.73644
782	4.73647
784	4.73621
786	4.73686
788	4.73717
790	4.73701
792	4.73574
794	4.73478
796	4.73545
798	4.736
800	4.73554
802	4.73405
804	4.73432
806	4.73494
808	4.73498
810	4.73595
812	4.73612
814	4.73503
816	4.73414
818	4.73306
820	4.73321
822	4.73318
824	4.73452
826	4.7347
828	4.73409
830	4.73389
832	4.73451
834	4.73478
836	4.73432
838	4.73515
840	4.73422
842	4.73355
844	4.73329
846	4.73293
848	4.73291
850	4.73364
852	4.73412
854	4.73543
856	4.73616
858	4.73594
860	4.73545
862	4.73527
864	4.73474
866	4.73367
868	4.73396
870	4.73376
872	4.73373
874	4.73352
876	4.73228
878	4.7319
880	4.73194
882	4.73317
884	4.73344
886	4.73381
888	4.73334
890	4.73428
892	4.73348
894	4.73293
896	4.73388
898	4.73365
900	4.73289
902	4.7327
904	4.73315
906	4.73335
908	4.73343
910	4.73337
912	4.73267
914	4.7332
916	4.73346
918	4.73354
920	4.73391
922	4.73371
924	4.7338
926	4.73246
928	4.7384
930	4.75251
932	4.77183
934	4.79197
936	4.80942
938	4.82709
940	4.84353
942	4.85741
944	4.86974
946	4.87742
948	4.87672
950	4.86972
952	4.85909
954	4.84688
956	4.83503
958	4.82288
960	4.81117
962	4.80193
964	4.79444
966	4.78844
968	4.78288
970	4.77725
972	4.77299
974	4.76842
976	4.7642
978	4.76047
980	4.75661
982	4.75357
984	4.7522
986	4.75072
988	4.74978
990	4.74716
992	4.74543
994	4.74425
996	4.74384
998	4.74342
1000	4.74225
1002	4.74176
1004	4.74268
1006	4.74171
1008	4.74111
1010	4.74053
1012	4.73867
1014	4.73877
1016	4.73857
1018	4.73719
1020	4.73555
1022	4.7343
1024	4.73386
1026	4.73242
1028	4.7322
1030	4.73282
1032	4.73375
1034	4.73346
1036	4.73322
1038	4.73419
1040	4.73415
1042	4.73302
1044	4.73377
1046	4.73384
1048	4.73212
1050	4.73319
1052	4.73387
1054	4.73456
1056	4.73457
1058	4.73322
1060	4.73149
1062	4.73057
1064	4.72984
1066	4.72932
1068	4.73017
1070	4.7309
1072	4.73062
1074	4.7308
1076	4.73166
1078	4.73161
1080	4.73077
1082	4.73154
1084	4.73215
1086	4.73252
1088	4.73344
1090	4.73434
1092	4.73404
1094	4.73347
1096	4.73314
1098	4.73283
1100	4.7319
1102	4.73062
1104	4.73052
1106	4.72901
1108	4.72861
1110	4.72858
1112	4.72808
1114	4.7285
1116	4.72896
1118	4.72958
1120	4.7298
1122	4.72928
1124	4.72902
1126	4.72967
1128	4.72974
1130	4.73004
1132	4.73096
1134	4.73177
1136	4.73233
1138	4.73181
1140	4.7321
1142	4.73159
1144	4.72937
1146	4.72855
1148	4.72822
1150	4.72771
1152	4.72777
1154	4.72795
1156	4.72714
1158	4.72672
1160	4.72861
1162	4.72931
1164	4.73045
1166	4.73144
1168	4.73084
1170	4.73107
1172	4.73096
1174	4.73068
1176	4.72946
1178	4.72938
1180	4.72916
1182	4.72833
1184	4.72859
1186	4.72921
1188	4.72905
1190	4.72873
1192	4.72809
1194	4.72743
1196	4.72704
1198	4.72657
1200	4.72812
1202	4.72854
1204	4.72856
1206	4.72977
1208	4.73082
1210	4.73142
1212	4.7329
1214	4.73266
1216	4.73198
1218	4.73034
1220	4.72907
1222	4.72905
1224	4.72899
1226	4.72952
1228	4.72932
1230	4.72862
1232	4.72813
1234	4.72752
1236	4.72814
1238	4.72891
1240	4.72876
1242	4.72773
1244	4.72706
1246	4.72649
1248	4.72728
1250	4.72768
1252	4.72768
1254	4.72764
1256	4.72757
1258	4.7275
1260	4.72744
1262	4.72735
1264	4.72603
1266	4.72563
1268	4.72658
1270	4.72633
1272	4.72547
1274	4.72544
1276	4.72677
1278	4.72693
1280	4.72584
1282	4.72595
1284	4.72743
1286	4.7294
1288	4.7295
1290	4.7288
1292	4.72914
1294	4.72865
1296	4.72867
1298	4.72871
1300	4.72896
1302	4.72919
1304	4.72881
1306	4.72812
1308	4.72835
1310	4.72959
1312	4.72877
1314	4.72903
1316	4.72783
1318	4.72646
1320	4.72665
1322	4.7255
1324	4.72499
1326	4.72553
1328	4.73048
1330	4.74467
1332	4.76323
1334	4.78243
1336	4.80067
1338	4.81852
1340	4.83471
1342	4.85019
1344	4.86445
1346	4.87318
1348	4.873
1350	4.86562
1352	4.85385
1354	4.84115
1356	4.82885
1358	4.81732
1360	4.80672
1362	4.79771
1364	4.78879
1366	4.78165
1368	4.77571
1370	4.77044
1372	4.76472
1374	4.76144
1376	4.75842
1378	4.755
1380	4.75131
1382	4.74747
1384	4.74447
1386	4.74163
1388	4.73947
1390	4.73788
1392	4.73631
1394	4.73614
1396	4.73494
1398	4.73406
1400	4.73331
1402	4.73347
1404	4.73369
1406	4.73269
1408	4.73168
1410	4.73244
1412	4.73143
1414	4.73159
1416	4.7319
1418	4.73158
1420	4.73006
1422	4.72842
1424	4.72814
1426	4.72746
1428	4.72619
1430	4.72556
1432	4.72611
1434	4.72489
1436	4.72497
1438	4.7249
1440	4.72518
1442	4.72633
1444	4.72765
1446	4.72745
1448	4.72758
1450	4.72753
1452	4.72729
1454	4.72737
1456	4.72635
1458	4.72611
1460	4.72577
1462	4.7257
1464	4.72552
1466	4.72491
1468	4.72444
1470	4.72344
1472	4.72461
1474	4.72427
1476	4.72368
1478	4.72379
1480	4.72466
1482	4.72581
1484	4.72513
1486	4.72402
1488	4.72374
1490	4.72297
1492	4.72218
1494	4.72263
1496	4.72465
1498	4.725
1500	4.72487
1502	4.72623
1504	4.72694
1506	4.72718
1508	4.72629
1510	4.72514
1512	4.72449
1514	4.72307
1516	4.72245
1518	4.72335
1520	4.72291
1522	4.72265
1524	4.72307
1526	4.72238
1528	4.72152
1530	4.72249
1532	4.72246
1534	4.72253
1536	4.72281
1538	4.7227
1540	4.72199
1542	4.7223
1544	4.72246
1546	4.72384
1548	4.7225
1550	4.72223
1552	4.72206
1554	4.72265
1556	4.72287
1558	4.72344
1560	4.72511
1562	4.7245
1564	4.72448
1566	4.72465
1568	4.72424
1570	4.72234
1572	4.722
1574	4.72251
1576	4.72277
1578	4.723
1580	4.72277
1582	4.72285
1584	4.72213
1586	4.72158
1588	4.72253
1590	4.7233
1592	4.72459
1594	4.7246
1596	4.72414
1598	4.72303
1600	4.72172
1602	4.72026
1604	4.72042
1606	4.72132
1608	4.7232
1610	4.72284
1612	4.72188
1614	4.71995
1616	4.71959
1618	4.72106
1620	4.72206
1622	4.7217
1624	4.72123
1626	4.72096
1628	4.72172
1630	4.72111
1632	4.72074
1634	4.72244
1636	4.72338
1638	4.72236
1640	4.72238
1642	4.72254
1644	4.72169
1646	4.72077
1648	4.72153
1650	4.72335
1652	4.72364
1654	4.72354
1656	4.72274
1658	4.721
1660	4.72011
1662	4.72138
1664	4.72264
1666	4.72339
1668	4.72296
1670	4.72116
1672	4.72086
1674	4.72183
1676	4.72133
1678	4.7217
1680	4.7206
1682	4.72018
1684	4.72056
1686	4.72139
1688	4.72186
1690	4.7218
1692	4.72137
1694	4.7193
1696	4.7188
1698	4.71921
1700	4.7198
1702	4.72126
1704	4.72179
1706	4.72174
1708	4.72082
1710	4.72005
1712	4.71956
1714	4.71957
1716	4.72032
1718	4.72183
1720	4.72277
1722	4.72292
1724	4.72133
1726	4.72059
1728	4.72551
1730	4.73813
1732	4.75596
1734	4.77571
1736	4.79564
1738	4.81248
1740	4.82677
1742	4.84091
1744	4.8544
1746	4.86397
1748	4.86433
1750	4.85742
1752	4.84487
1754	4.83249
1756	4.82109
1758	4.81102
1760	4.79925
1762	4.7879
1764	4.77878
1766	4.772
1768	4.76615
1770	4.76126
1772	4.75696
1774	4.75242
1776	4.74869
1778	4.74798
1780	4.74557
1782	4.74148
1784	4.73808
1786	4.73618
1788	4.73525
1790	4.73402
1792	4.73261
1794	4.73129
1796	4.73038
1798	4.72982
1800	4.72899
1802	4.7275
1804	4.72881
1806	4.7297
1808	4.72972
1810	4.72978
1812	4.72859
1814	4.72677
1816	4.72669
1818	4.72483
1820	4.72455
1822	4.72438
1824	4.72369
1826	4.72367
1828	4.72448
1830	4.7245
1832	4.72418
1834	4.72295
1836	4.72263
1838	4.72409
1840	4.72367
1842	4.72433
1844	4.72323
1846	4.72069
1848	4.72036
1850	4.72049
1852	4.72146
1854	4.72279
1856	4.7223
1858	4.72091
1860	4.71999
1862	4.71949
1864	4.71998
1866	4.72043
1868	4.7206
1870	4.72033
1872	4.72051
1874	4.72075
1876	4.72119
1878	4.71974
1880	4.71969
1882	4.72019
1884	4.71997
1886	4.72096
1888	4.72005
1890	4.71951
1892	4.71984
1894	4.71972
1896	4.7184
1898	4.71811
1900	4.7187
1902	4.71974
1904	4.71979
1906	4.71985
1908	4.71944
1910	4.71896
1912	4.71988
1914	4.71923
1916	4.7191
1918	4.71905
1920	4.71873
1922	4.71882
1924	4.71835
1926	4.71765
1928	4.71739
1930	4.71817
1932	4.71883
1934	4.71987
1936	4.72073
1938	4.7189
1940	4.71871
1942	4.71889
1944	4.71852
1946	4.71842
1948	4.7178
1950	4.71726
1952	4.71718
1954	4.7181
1956	4.71677
1958	4.71623
1960	4.71692
1962	4.71825
1964	4.71765
1966	4.71785
1968	4.71809
1970	4.71782
1972	4.71852
1974	4.71689
1976	4.71599
1978	4.71613
1980	4.7157
1982	4.71556
1984	4.71613
1986	4.71643
1988	4.71527
1990	4.71495
1992	4.71628
1994	4.71779
1996	4.71755
1998	4.71777
2000	4.71702
2002	4.71615
2004	4.71664
2006	4.71833
2008	4.7175
2010	4.71513
2012	4.71613
2014	4.71642
2016	4.71768
2018	4.71685
2020	4.71595
2022	4.71614
2024	4.71642
2026	4.71724
2028	4.71725
2030	4.71575
2032	4.715
2034	4.71414
2036	4.71508
2038	4.71624
2040	4.71701
2042	4.71543
2044	4.7146
2046	4.7147
2048	4.71615
2050	4.71718
2052	4.71711
2054	4.71718
2056	4.71669
2058	4.71652
2060	4.71667
2062	4.71807
2064	4.71733
2066	4.7167
2068	4.7167
2070	4.71709
2072	4.71679
2074	4.71549
2076	4.71449
2078	4.7155
2080	4.71561
2082	4.71508
2084	4.71436
2086	4.71523
2088	4.71509
2090	4.71408
2092	4.71471
2094	4.7147
2096	4.71444
2098	4.71575
2100	4.71696
2102	4.71514
2104	4.71464
2106	4.71432
2108	4.71414
2110	4.71441
2112	4.71369
2114	4.7146
2116	4.7151
2118	4.71514
2120	4.71534
2122	4.71517
2124	4.71467
2126	4.71381
2128	4.71757
2130	4.72959
2132	4.74772
2134	4.76861
2136	4.78672
2138	4.8034
2140	4.81863
2142	4.83254
2144	4.84578
2146	4.8557
2148	4.85662
2150	4.84996
2152	4.83996
2154	4.82892
2156	4.81621
2158	4.80563
2160	4.79551
2162	4.78553
2164	4.77664
2166	4.76988
2168	4.76472
2170	4.75945
2172	4.75523
2174	4.74967
2176	4.7446
2178	4.74138
2180	4.73915
2182	4.73616
2184	4.73489
2186	4.7332
2188	4.73281
2190	4.7322
2192	4.73096
2194	4.7291
2196	4.72777
2198	4.72608
2200	4.72523
2202	4.72295
2204	4.72223
2206	4.72286
2208	4.72312
2210	4.72222
2212	4.72001
2214	4.71897
2216	4.71958
2218	4.71901
2220	4.71829
2222	4.71863
2224	4.71994
2226	4.71988
2228	4.71936
2230	4.71941
2232	4.71998
2234	4.71804
2236	4.71749
2238	4.71759
2240	4.71718
2242	4.7173
2244	4.71563
2246	4.71547
2248	4.7165
2250	4.71647
2252	4.71502
2254	4.7151
2256	4.71474
2258	4.71448
2260	4.71391
2262	4.71525
2264	4.71622
2266	4.71575
2268	4.71401
2270	4.71375
2272	4.71436
2274	4.71591
2276	4.7157
2278	4.71443
2280	4.71443
2282	4.7146
2284	4.71416
2286	4.71385
2288	4.71312
2290	4.71261
2292	4.71237
2294	4.71193
2296	4.71044
2298	4.71073
2300	4.71104
2302	4.71164
2304	4.71226
2306	4.71242
2308	4.71327
2310	4.7123
2312	4.71217
2314	4.71331
2316	4.712
2318	4.7115
2320	4.71142
2322	4.71315
2324	4.71396
2326	4.71252
2328	4.71228
2330	4.71258
2332	4.71342
2334	4.71307
2336	4.71261
2338	4.71432
2340	4.71502
2342	4.71455
2344	4.71422
2346	4.71559
2348	4.71598
2350	4.71495
2352	4.71329
2354	4.7124
2356	4.71293
2358	4.7129
2360	4.71248
2362	4.71363
2364	4.71392
2366	4.7137
2368	4.71279
2370	4.71169
2372	4.71164
2374	4.71214
2376	4.71331
2378	4.71407
2380	4.71354
2382	4.71275
2384	4.71271
2386	4.71316
2388	4.71318
2390	4.71342
2392	4.71339
2394	4.71233
2396	4.712
2398	4.7115
2400	4.71279
2402	4.71362
2404	4.71427
2406	4.71343
2408	4.71267
2410	4.71184
2412	4.71185
2414	4.71104
2416	4.70949
2418	4.71042
2420	4.7124
2422	4.7129
2424	4.71209
2426	4.71155
2428	4.71241
2430	4.71183
2432	4.70971
2434	4.70925
2436	4.71025
2438	4.71027
2440	4.70956
2442	4.70926
2444	4.70898
2446	4.70883
2448	4.70933
2450	4.70918
2452	4.70954
2454	4.70982
2456	4.70991
2458	4.71058
2460	4.71175
2462	4.7105
2464	4.70967
2466	4.71002
2468	4.71111
2470	4.71252
2472	4.71249
2474	4.71195
2476	4.71256
2478	4.71291
2480	4.71253
2482	4.71152
2484	4.71194
2486	4.71267
2488	4.71331
2490	4.71248
2492	4.71163
2494	4.71078
2496	4.71022
2498	4.71043
2500	4.71122
2502	4.71178
2504	4.71128
2506	4.71106
2508	4.71143
2510	4.71302
2512	4.7147
2514	4.71436
2516	4.71253
2518	4.71305
2520	4.71311
2522	4.71122
2524	4.71155
2526	4.71202
2528	4.71465
2530	4.72394
2532	4.74043
2534	4.7611
2536	4.77883
2538	4.79629
2540	4.81058
2542	4.8243
2544	4.83699
2546	4.84742
2548	4.84969
2550	4.84473
2552	4.83486
2554	4.82328
2556	4.8112
2558	4.79927
2560	4.78874
2562	4.78018
2564	4.77381
2566	4.7674
2568	4.75989
2570	4.75424
2572	4.74943
2574	4.7448
2576	4.73983
2578	4.73596
2580	4.73253
2582	4.72996
2584	4.72908
2586	4.72807
2588	4.72667
2590	4.72556
2592	4.7251
2594	4.72354
2596	4.72215
2598	4.72063
2600	4.71956
2602	4.71792
2604	4.71846
2606	4.71729
2608	4.71598
2610	4.71592
2612	4.71589
2614	4.71476
2616	4.71428
2618	4.71457
2620	4.71466
2622	4.71386
2624	4.71449
2626	4.71376
2628	4.71277
2630	4.71306
2632	4.71479
2634	4.71503
2636	4.71384
2638	4.71237
2640	4.71225
2642	4.71184
2644	4.71241
2646	4.7124
2648	4.71061
2650	4.71077
2652	4.71144
2654	4.71115
2656	4.71003
2658	4.71073
2660	4.71191
2662	4.71047
2664	4.70986
2666	4.70972
2668	4.7098
2670	4.70971
2672	4.71048
2674	4.711
2676	4.71114
2678	4.71034
2680	4.70955
2682	4.70928
2684	4.71061
2686	4.70979
2688	4.70885
2690	4.70936
2692	4.71036
2694	4.71052
2696	4.71058
2698	4.71141
2700	4.71127
2702	4.71017
2704	4.71088
2706	4.71153
2708	4.71078
2710	4.7091
2712	4.70968
2714	4.71136
2716	4.71172
2718	4.70969
2720	4.7097
2722	4.70937
2724	4.70918
2726	4.70958
2728	4.70892
2730	4.70815
2732	4.70928
2734	4.71012
2736	4.71009
2738	4.70904
2740	4.70796
2742	4.70789
2744	4.70819
2746	4.70808
2748	4.7076
2750	4.70857
2752	4.7108
2754	4.71066
2756	4.70946
2758	4.70974
2760	4.71061
2762	4.70962
2764	4.70833
2766	4.7082
2768	4.7077
2770	4.70854
2772	4.70862
2774	4.70715
2776	4.7069
2778	4.70764
2780	4.70917
2782	4.70978
2784	4.70915
2786	4.70909
2788	4.71067
2790	4.71131
2792	4.71005
2794	4.7092
2796	4.70935
2798	4.70955
2800	4.70969
2802	4.70885
2804	4.71021
2806	4.71065
2808	4.70902
2810	4.70856
2812	4.70937
2814	4.70803
2816	4.7078
2818	4.70903
2820	4.70825
2822	4.70794
2824	4.70903
2826	4.70975
2828	4.7091
2830	4.70869
2832	4.70848
2834	4.70913
2836	4.70809
2838	4.70796
2840	4.70761
2842	4.70863
2844	4.70949
2846	4.70928
2848	4.70994
2850	4.71078
2852	4.70976
2854	4.70978
2856	4.7098
2858	4.70831
2860	4.70822
2862	4.70813
2864	4.70757
2866	4.70831
2868	4.70822
2870	4.70828
2872	4.70871
2874	4.70947
2876	4.70788
2878	4.70878
2880	4.70838
2882	4.70816
2884	4.70849
2886	4.70822
2888	4.70701
2890	4.70769
2892	4.70749
2894	4.7068
2896	4.70819
2898	4.7075
2900	4.70756
2902	4.7074
2904	4.70896
2906	4.70992
2908	4.71003
2910	4.70801
2912	4.70785
2914	4.70881
2916	4.70882
2918	4.70696
2920	4.70608
2922	4.70702
2924	4.7085
2926	4.7082
2928	4.71015
2930	4.72042
2932	4.73682
2934	4.75494
2936	4.77436
2938	4.79224
2940	4.80696
2942	4.82072
2944	4.83338
2946	4.84356
2948	4.84637
2950	4.84138
2952	4.83214
2954	4.81964
2956	4.80713
2958	4.79642
2960	4.78579
2962	4.77597
2964	4.76791
2966	4.76015
2968	4.7519
2970	4.74581
2972	4.74273
2974	4.73884
2976	4.73343
2978	4.73102
2980	4.72948
2982	4.72743
2984	4.72539
2986	4.72344
2988	4.72193
2990	4.72171
2992	4.72112
2994	4.72057
2996	4.72129
2998	4.72038
3000	4.71959
3002	4.72029
3004	4.72068
3006	4.71876
3008	4.71802
3010	4.71746
3012	4.71659
3014	4.71626
3016	4.71761
3018	4.71671
3020	4.71647
3022	4.71682
3024	4.71659
3026	4.71451
3028	4.71474
3030	4.71394
3032	4.71265
3034	4.71301
3036	4.71352
3038	4.7136
3040	4.71245
3042	4.71257
3044	4.71366
3046	4.71445
3048	4.71411
3050	4.7145
3052	4.71397
3054	4.71303
3056	4.71209
3058	4.71199
3060	4.7117
3062	4.7108
3064	4.71015
3066	4.71
3068	4.71051
3070	4.71011
3072	4.70927
3074	4.70931
3076	4.70895
3078	4.70968
3080	4.71065
3082	4.71054
3084	4.71105
3086	4.71046
3088	4.71012
3090	4.71012
3092	4.71074
3094	4.71014
3096	4.71016
3098	4.7104
3100	4.71092
3102	4.71101
3104	4.711
3106	4.71075
3108	4.71119
3110	4.71112
3112	4.71142
3114	4.71199
3116	4.71037
3118	4.71065
3120	4.7103
3122	4.7103
3124	4.71023
3126	4.71056
3128	4.71105
3130	4.71009
3132	4.7093
3134	4.70983
3136	4.70927
3138	4.70891
3140	4.70903
3142	4.7082
3144	4.7083
3146	4.70798
3148	4.70671
3150	4.70603
3152	4.70688
3154	4.70623
3156	4.70632
3158	4.70607
3160	4.70582
3162	4.70624
3164	4.70656
3166	4.70648
3168	4.70638
3170	4.7053
3172	4.70398
3174	4.7054
3176	4.70748
3178	4.70755
3180	4.70745
3182	4.70792
3184	4.70684
3186	4.70634
3188	4.70698
3190	4.70826
3192	4.70817
3194	4.70821
3196	4.70862
3198	4.70806
3200	4.70873
3202	4.70771
3204	4.70725
3206	4.70946
3208	4.70959
3210	4.7076
3212	4.70649
3214	4.70619
3216	4.70695
3218	4.70733
3220	4.70737
3222	4.70706
3224	4.70648
3226	4.70758
3228	4.7079
3230	4.7082
3232	4.70816
3234	4.70884
3236	4.70763
3238	4.7073
3240	4.7069
3242	4.70682
3244	4.70716
3246	4.70729
3248	4.70738
3250	4.70678
3252	4.7069
3254	4.70683
3256	4.70594
3258	4.70582
3260	4.70692
3262	4.70772
3264	4.70848
3266	4.70895
3268	4.70914
3270	4.70938
3272	4.70858
3274	4.7079
3276	4.70805
3278	4.70913
3280	4.70785
3282	4.70669
3284	4.70595
3286	4.7065
3288	4.70559
3290	4.70511
3292	4.70575
3294	4.70509
3296	4.70533
3298	4.70576
3300	4.70455
3302	4.70522
3304	4.70685
3306	4.70574
3308	4.70682
3310	4.7069
3312	4.70536
3314	4.70626
3316	4.70796
3318	4.70685
3320	4.70608
3322	4.70861
3324	4.70835
3326	4.70714
3328	4.70817
3330	4.71737
3332	4.73239
3334	4.74902
3336	4.76786
3338	4.78559
3340	4.80045
3342	4.8137
3344	4.82619
3346	4.83733
3348	4.84141
3350	4.83682
3352	4.82714
3354	4.81539
3356	4.80414
3358	4.79349
3360	4.78368
3362	4.77381
3364	4.76459
3366	4.7581
3368	4.75159
3370	4.74617
3372	4.74151
3374	4.73805
3376	4.73544
3378	4.73229
3380	4.72898
3382	4.72678
3384	4.725
3386	4.7227
3388	4.72106
3390	4.72006
3392	4.71885
3394	4.71718
3396	4.71633
3398	4.7157
3400	4.71443
3402	4.71335
3404	4.71336
3406	4.71277
3408	4.71234
3410	4.71332
3412	4.7132
3414	4.71104
3416	4.71021
3418	4.71015
3420	4.71075
3422	4.70988
3424	4.71012
3426	4.7101
3428	4.70806
3430	4.70794
3432	4.70867
3434	4.7091
3436	4.70977
3438	4.71024
3440	4.71009
3442	4.70895
3444	4.70883
3446	4.70993
3448	4.70956
3450	4.70933
3452	4.70868
3454	4.70801
3456	4.7065
3458	4.70698
3460	4.70738
3462	4.70675
3464	4.70793
3466	4.70889
3468	4.70918
3470	4.70835
3472	4.70956
3474	4.71015
3476	4.70813
3478	4.70817
3480	4.71021
3482	4.71015
3484	4.70929
3486	4.70842
3488	4.70883
3490	4.71044
3492	4.70989
3494	4.70979
3496	4.70969
3498	4.71006
3500	4.70997
3502	4.70964
3504	4.71003
3506	4.70955
3508	4.70928
3510	4.7091
3512	4.70894
3514	4.70889
3516	4.70866
3518	4.70931
3520	4.71032
3522	4.71014
3524	4.70993
3526	4.71051
3528	4.71032
3530	4.7094
3532	4.70951
3534	4.71033
3536	4.71058
3538	4.71066
3540	4.71146
3542	4.71143
3544	4.71111
3546	4.71078
3548	4.71111
3550	4.713
3552	4.71109
3554	4.70882
3556	4.70874
3558	4.70948
3560	4.70855
3562	4.70723
3564	4.70795
3566	4.70906
3568	4.71026
3570	4.70946
3572	4.70817
3574	4.70767
3576	4.70766
3578	4.70807
3580	4.70902
3582	4.71022
3584	4.70984
3586	4.71021
3588	4.71102
3590	4.71123
3592	4.71137
3594	4.71122
3596	4.71123
3598	4.71016
3600	4.70815
3602	4.70772
3604	4.70818
3606	4.7085
3608	4.7096
3610	4.70977
3612	4.70979
3614	4.70964
3616	4.70927
3618	4.70873
3620	4.70926
3622	4.70934
3624	4.70831
3626	4.7088
3628	4.70986
3630	4.70939
3632	4.70916
3634	4.7091
3636	4.71073
3638	4.71027
3640	4.70934
3642	4.70861
3644	4.70901
3646	4.70884
3648	4.70758
3650	4.70643
3652	4.70625
3654	4.70741
3656	4.70831
3658	4.70805
3660	4.70816
3662	4.70748
3664	4.70777
3666	4.7077
3668	4.70827
3670	4.70862
3672	4.70905
3674	4.70926
3676	4.70927
3678	4.70869
3680	4.70873
3682	4.70951
3684	4.71082
3686	4.71027
3688	4.70904
3690	4.70836
3692	4.70804
3694	4.7079
3696	4.70747
3698	4.7083
3700	4.70854
3702	4.708
3704	4.70779
3706	4.70604
3708	4.70556
3710	4.70766
3712	4.70851
3714	4.70621
3716	4.70645
3718	4.70737
3720	4.70735
3722	4.70743
3724	4.70638
3726	4.70571
3728	4.7084
3730	4.71737
3732	4.73234
3734	4.75049
3736	4.768
3738	4.78491
3740	4.79929
3742	4.81373
3744	4.82628
3746	4.83714
3748	4.84013
3750	4.83574
3752	4.82749
3754	4.81662
3756	4.8054
3758	4.79485
3760	4.78386
3762	4.7736
3764	4.7649
3766	4.75782
3768	4.75165
3770	4.74684
3772	4.7431
3774	4.73903
3776	4.73524
3778	4.7326
3780	4.72878
3782	4.72597
3784	4.72403
3786	4.72148
3788	4.72054
3790	4.71998
3792	4.71998
3794	4.7194
3796	4.71842
3798	4.71684
3800	4.71608
3802	4.71645
3804	4.7167
3806	4.71732
3808	4.71707
3810	4.71467
3812	4.71355
3814	4.71487
3816	4.71525
3818	4.71399
3820	4.71354
3822	4.71278
3824	4.71209
3826	4.71126
3828	4.71233
3830	4.71328
3832	4.71297
3834	4.71195
3836	4.71179
3838	4.70933
3840	4.70891
3842	4.7098
3844	4.70942
3846	4.70906
3848	4.70871
3850	4.70797
3852	4.70775
3854	4.7085
3856	4.70746
3858	4.70715
3860	4.70849
3862	4.70892
3864	4.70906
3866	4.70838
3868	4.70801
3870	4.70849
3872	4.70744
3874	4.70717
3876	4.70898
3878	4.70802
3880	4.70677
3882	4.707
3884	4.70746
3886	4.70673
3888	4.70527
3890	4.70463
3892	4.70496
3894	4.70503
3896	4.70484
3898	4.70478
3900	4.70501
3902	4.70618
3904	4.70598
3906	4.70662
3908	4.70615
3910	4.70474
3912	4.7056
3914	4.70636
3916	4.70552
3918	4.7053
3920	4.70615
3922	4.70627
3924	4.70543
3926	4.70587
3928	4.7067
3930	4.70709
3932	4.70615
3934	4.70527
3936	4.70498
3938	4.70623
3940	4.70585
3942	4.70442
3944	4.7053
3946	4.70544
3948	4.70555
3950	4.70441
3952	4.70483
3954	4.7054
3956	4.70431
3958	4.70505
3960	4.70556
3962	4.70434
3964	4.70487
3966	4.7044
3968	4.70412
3970	4.70466
3972	4.70562
3974	4.70392
3976	4.70327
3978	4.70293
3980	4.70323
3982	4.70399
3984	4.7047
3986	4.70535
3988	4.70625
3990	4.70569
3992	4.70464
3994	4.70439
3996	4.70483
3998	4.70541
4000	4.70581
4002	4.70558
4004	4.7049
4006	4.70413
4008	4.70388
4010	4.70254
4012	4.70409
4014	4.70523
4016	4.70504
4018	4.70379
4020	4.70352
4022	4.70499
4024	4.70407
4026	4.70368
4028	4.70473
4030	4.70411
4032	4.7036
4034	4.70425
4036	4.70381
4038	4.70367
4040	4.70486
4042	4.70408
4044	4.70382
4046	4.70505
4048	4.70563
4050	4.70569
4052	4.70595
4054	4.70515
4056	4.70421
4058	4.70372
4060	4.70356
4062	4.70476
4064	4.70587
4066	4.70555
4068	4.70372
4070	4.70268
4072	4.70284
4074	4.7029
4076	4.70203
4078	4.70331
4080	4.70331
4082	4.70378
4084	4.70315
4086	4.70352
4088	4.70357
4090	4.70317
4092	4.70345
4094	4.70347
4096	4.70349
4098	4.70299
4100	4.70273
4102	4.70221
4104	4.70289
4106	4.70301
4108	4.70334
4110	4.70177
4112	4.70106
4114	4.70188
4116	4.70363
4118	4.7042
4120	4.7039
4122	4.70352
4124	4.70348
4126	4.70272
4128	4.70486
4130	4.71381
4132	4.72757
4134	4.74456
4136	4.76255
4138	4.77818
4140	4.79427
4142	4.80908
4144	4.8209
4146	4.83025
4148	4.83465
4150	4.83144
4152	4.82255
4154	4.81089
4156	4.7989
4158	4.78893
4160	4.78
4162	4.77019
4164	4.76337
4166	4.75647
4168	4.74977
4170	4.74302
4172	4.73918
4174	4.735
4176	4.73149
4178	4.72827
4180	4.72675
4182	4.72525
4184	4.72303
4186	4.72155
4188	4.72039
4190	4.71928
4192	4.71679
4194	4.71404
4196	4.71301
4198	4.71227
4200	4.71066
4202	4.70911
4204	4.70878
4206	4.70784
4208	4.70638
4210	4.70588
4212	4.70558
4214	4.70519
4216	4.70427
4218	4.70287
4220	4.70207
4222	4.70214
4224	4.70222
4226	4.70239
4228	4.70257
4230	4.70335
4232	4.70218
4234	4.70144
4236	4.70293
4238	4.70322
4240	4.70346
4242	4.7038
4244	4.70351
4246	4.70326
4248	4.70178
4250	4.70234
4252	4.70274
4254	4.70289
4256	4.70348
4258	4.70244
4260	4.70204
4262	4.70232
4264	4.70221
4266	4.7028
4268	4.70187
4270	4.70121
4272	4.70121
4274	4.70113
4276	4.70021
4278	4.70087
4280	4.70215
4282	4.70076
4284	4.69989
4286	4.70036
4288	4.70071
4290	4.70174
4292	4.70244
4294	4.70147
4296	4.70129
4298	4.70235
4300	4.70217
4302	4.70331
4304	4.70279
4306	4.70379
4308	4.7048
4310	4.70415
4312	4.70378
4314	4.70398
4316	4.70357
4318	4.70254
4320	4.70168
4322	4.7023
4324	4.70327
4326	4.70318
4328	4.70418
4330	4.70429
4332	4.70357
4334	4.70411
4336	4.70462
4338	4.70428
4340	4.70473
4342	4.70499
4344	4.70482
4346	4.70386
4348	4.70469
4350	4.70532
4352	4.70399
4354	4.70439
4356	4.70361
4358	4.70235
4360	4.70183
4362	4.70119
4364	4.70107
4366	4.70141
4368	4.70092
4370	4.70083
4372	4.70057
4374	4.70063
4376	4.70024
4378	4.69965
4380	4.69915
4382	4.69936
4384	4.70001
4386	4.70056
4388	4.70139
4390	4.70206
4392	4.70172
4394	4.69965
4396	4.69955
4398	4.69916
4400	4.69866
4402	4.69891
4404	4.70015
4406	4.70141
4408	4.70058
4410	4.7009
4412	4.7019
4414	4.70192
4416	4.70112
4418	4.70049
4420	4.70111
4422	4.70224
4424	4.70195
4426	4.70145
4428	4.7016
4430	4.70097
4432	4.69941
4434	4.69866
4436	4.69897
4438	4.69975
4440	4.70078
4442	4.70019
4444	4.69853
4446	4.69845
4448	4.69883
4450	4.70065
4452	4.70081
4454	4.70019
4456	4.69979
4458	4.70008
4460	4.69919
4462	4.6978
4464	4.69832
4466	4.69979
4468	4.6989
4470	4.69886
4472	4.69952
4474	4.70019
4476	4.6998
4478	4.6992
4480	4.70024
4482	4.69956
4484	4.69827
4486	4.69878
4488	4.69869
4490	4.69923
4492	4.69977
4494	4.69973
4496	4.69919
4498	4.70012
4500	4.69984
4502	4.69997
4504	4.69999
4506	4.70014
4508	4.7013
4510	4.70087
4512	4.70036
4514	4.70096
4516	4.70041
4518	4.70013
4520	4.70026
4522	4.69948
4524	4.69947
4526	4.7001
4528	4.70012
4530	4.70696
4532	4.72088
4534	4.73804
4536	4.75688
4538	4.77334
4540	4.78803
4542	4.80152
4544	4.81233
4546	4.82345
4548	4.82961
4550	4.82719
4552	4.81841
4554	4.80716
4556	4.7953
4558	4.7855
4560	4.7766
4562	4.76739
4564	4.75855
4566	4.75155
4568	4.74598
4570	4.74005
4572	4.73479
4574	4.7313
4576	4.7277
4578	4.7241
4580	4.72074
4582	4.7177
4584	4.71586
4586	4.71496
4588	4.71351
4590	4.71257
4592	4.71196
4594	4.7104
4596	4.70929
4598	4.70945
4600	4.70824
4602	4.70597
4604	4.7058
4606	4.7049
4608	4.70466
4610	4.70446
4612	4.70341
4614	4.70271
4616	4.70223
4618	4.70128
4620	4.70109
4622	4.70179
4624	4.70126
4626	4.70034
4628	4.70047
4630	4.69994
4632	4.70001
4634	4.70038
4636	4.69976
4638	4.69997
4640	4.69991
4642	4.69995
4644	4.69848
4646	4.69755
4648	4.69806
4650	4.69867
4652	4.70069
4654	4.70118
4656	4.70006
4658	4.69883
4660	4.69695
4662	4.69665
4664	4.69659
4666	4.69461
4668	4.69559
4670	4.6957
4672	4.69466
4674	4.69479
4676	4.69547
4678	4.69526
4680	4.69459
4682	4.69475
4684	4.69437
4686	4.69422
4688	4.69429
4690	4.69521
4692	4.69526
4694	4.69422
4696	4.69315
4698	4.69395
4700	4.69416
4702	4.69416
4704	4.69393
4706	4.69494
4708	4.69444
4710	4.69401
4712	4.69325
4714	4.69328
4716	4.69447
4718	4.69474
4720	4.69425
4722	4.69441
4724	4.69341
4726	4.6951
4728	4.69461
4730	4.6946
4732	4.69546
4734	4.69466
4736	4.69459
4738	4.69482
4740	4.69533
4742	4.69503
4744	4.69643
4746	4.69657
4748	4.69491
4750	4.69504
4752	4.6966
4754	4.69673
4756	4.69606
4758	4.69653
4760	4.69657
4762	4.69681
4764	4.69725
4766	4.69825
4768	4.69781
4770	4.69609
4772	4.69679
4774	4.69729
4776	4.69714
4778	4.69753
4780	4.6969
4782	4.69692
4784	4.69692
4786	4.69619
4788	4.69667
4790	4.69679
4792	4.69632
4794	4.69651
4796	4.69606
4798	4.69471
4800	4.6947
4802	4.69538
4804	4.69575
4806	4.69516
4808	4.69451
4810	4.69552
4812	4.69571
4814	4.6947
4816	4.69511
4818	4.69427
4820	4.6942
4822	4.69394
4824	4.69482
4826	4.6961
4828	4.69371
4830	4.69287
4832	4.69269
4834	4.69205
4836	4.69343
4838	4.69395
4840	4.69459
4842	4.69506
4844	4.69489
4846	4.69433
4848	4.6946
4850	4.69583
4852	4.69524
4854	4.69528
4856	4.69642
4858	4.69603
4860	4.69613
4862	4.69606
4864	4.69527
4866	4.69437
4868	4.69486
4870	4.6955
4872	4.69615
4874	4.69545
4876	4.69473
4878	4.69574
4880	4.69555
4882	4.6955
4884	4.6958
4886	4.69545
4888	4.69586
4890	4.69564
4892	4.69543
4894	4.69483
4896	4.69486
4898	4.69563
4900	4.69515
4902	4.69316
4904	4.69357
4906	4.69425
4908	4.69408
4910	4.69415
4912	4.69295
4914	4.69319
4916	4.69352
4918	4.6929
4920	4.69358
4922	4.69379
4924	4.69375
4926	4.69325
4928	4.69317
4930	4.7013
4932	4.71669
4934	4.73322
4936	4.75049
4938	4.76605
4940	4.78083
4942	4.79607
4944	4.80959
4946	4.81978
4948	4.82518
4950	4.82241
4952	4.8142
4954	4.80408
4956	4.7933
4958	4.78206
4960	4.77255
4962	4.76251
4964	4.75471
4966	4.7478
4968	4.74136
4970	4.73595
4972	4.73029
4974	4.72728
4976	4.72495
4978	4.72042
4980	4.71637
4982	4.7149
4984	4.71345
4986	4.71194
4988	4.71131
4990	4.70835
4992	4.70789
4994	4.7062
4996	4.70359
4998	4.7037
5000	4.70383
5002	4.70432
5004	4.7052
5006	4.70542
5008	4.70378
5010	4.70344
5012	4.70266
5014	4.70173
5016	4.70113
5018	4.70157
5020	4.70092
5022	4.6996
5024	4.69984
5026	4.69985
5028	4.6997
5030	4.69982
5032	4.69964
5034	4.69808
5036	4.69766
5038	4.69674
5040	4.69611
5042	4.69571
5044	4.69528
5046	4.69585
5048	4.69508
5050	4.69497
5052	4.69467
5054	4.6952
5056	4.69512
5058	4.69488
5060	4.69497
5062	4.69446
5064	4.69526
5066	4.69507
5068	4.69408
5070	4.69372
5072	4.69377
5074	4.69275
5076	4.69217
5078	4.69323
5080	4.69349
5082	4.6935
5084	4.69316
5086	4.69241
5088	4.6929
5090	4.69416
5092	4.69396
5094	4.69248
5096	4.69266
5098	4.69312
5100	4.69252
5102	4.691
5104	4.69043
5106	4.69132
5108	4.69066
5110	4.68947
5112	4.68964
5114	4.68843
5116	4.68945
5118	4.69016
5120	4.69103
5122	4.69159
5124	4.69143
5126	4.69108
5128	4.69018
5130	4.68959
5132	4.69049
5134	4.692
5136	4.69142
5138	4.69208
5140	4.69266
5142	4.69196
5144	4.69362
5146	4.69346
5148	4.69314
5150	4.69356
5152	4.69277
5154	4.69261
5156	4.69292
5158	4.69167
5160	4.69124
5162	4.69203
5164	4.69219
5166	4.69236
5168	4.69235
5170	4.69161
5172	4.69092
5174	4.69111
5176	4.69177
5178	4.69107
5180	4.69162
5182	4.69284
5184	4.69193
5186	4.6917
5188	4.69163
5190	4.69143
5192	4.69135
5194	4.69125
5196	4.6913
5198	4.69168
5200	4.69081
5202	4.69051
5204	4.69016
5206	4.6909
5208	4.69093
5210	4.69059
5212	4.6904
5214	4.69151
5216	4.69249
5218	4.69376
5220	4.69327
5222	4.69242
5224	4.69185
5226	4.69179
5228	4.69164
5230	4.69217
5232	4.69175
5234	4.69132
5236	4.69181
5238	4.69203
5240	4.69046
5242	4.68994
5244	4.68956
5246	4.69009
5248	4.69123
5250	4.69031
5252	4.6901
5254	4.6907
5256	4.691
5258	4.69081
5260	4.69122
5262	4.69042
5264	4.69004
5266	4.69072
5268	4.6907
5270	4.69063
5272	4.69091
5274	4.69136
5276	4.69018
5278	4.691
5280	4.69063
5282	4.69051
5284	4.68979
5286	4.68919
5288	4.69004
5290	4.68997
5292	4.68997
5294	4.68985
5296	4.69048
5298	4.69076
5300	4.69105
5302	4.68985
5304	4.6895
5306	4.68966
5308	4.68957
5310	4.68868
5312	4.68798
5314	4.68881
5316	4.68917
5318	4.68886
5320	4.68878
5322	4.68877
5324	4.68693
5326	4.68644
5328	4.68761
5330	4.69515
5332	4.70859
5334	4.72515
5336	4.74165
5338	4.75798
5340	4.77267
5342	4.78613
5344	4.79989
5346	4.81156
5348	4.818
5350	4.81539
5352	4.80822
5354	4.79979
5356	4.78843
5358	4.77635
5360	4.76677
5362	4.75629
5364	4.74837
5366	4.74154
5368	4.73403
5370	4.72768
5372	4.7236
5374	4.72067
5376	4.71602
5378	4.71312
5380	4.71117
5382	4.7091
5384	4.70776
5386	4.70593
5388	4.70275
5390	4.70155
5392	4.70034
5394	4.69987
5396	4.69979
5398	4.6984
5400	4.69755
5402	4.69749
5404	4.69671
5406	4.69633
5408	4.69466
5410	4.69442
5412	4.69487
5414	4.69474
5416	4.69519
5418	4.69582
5420	4.69488
5422	4.69345
5424	4.69324
5426	4.69377
5428	4.69288
5430	4.69357
5432	4.69321
5434	4.69182
5436	4.69074
5438	4.68963
5440	4.68895
5442	4.68928
5444	4.68961
5446	4.69012
5448	4.68969
5450	4.69016
5452	4.68995
5454	4.68974
5456	4.68908
5458	4.6898
5460	4.69107
5462	4.68956
5464	4.68916
5466	4.68798
5468	4.68836
5470	4.68844
5472	4.68805
5474	4.688
5476	4.68805
5478	4.68792
5480	4.68747
5482	4.68767
5484	4.68754
5486	4.68702
5488	4.68754
5490	4.688
5492	4.68758
5494	4.6877
5496	4.68734
5498	4.68736
5500	4.68727
5502	4.6874
5504	4.68825
5506	4.68857
5508	4.68707
5510	4.68777
5512	4.68789
5514	4.68746
5516	4.68712
5518	4.68619
5520	4.68617
5522	4.68604
5524	4.68549
5526	4.68567
5528	4.68704
5530	4.68817
5532	4.68776
5534	4.68689
5536	4.68623
5538	4.68635
5540	4.68681
5542	4.68688
5544	4.6871
5546	4.68681
5548	4.6872
5550	4.68732
5552	4.68665
5554	4.68498
5556	4.68497
5558	4.68588
5560	4.68565
5562	4.68527
5564	4.68579
5566	4.68594
5568	4.68571
5570	4.68498
5572	4.68457
5574	4.68633
5576	4.68804
5578	4.68778
5580	4.68643
5582	4.68536
5584	4.68554
5586	4.68743
5588	4.68736
5590	4.68746
5592	4.68698
5594	4.68643
5596	4.68631
5598	4.68738
5600	4.68703
5602	4.68565
5604	4.68635
5606	4.68756
5608	4.68857
5610	4.68844
5612	4.68834
5614	4.68748
5616	4.68673
5618	4.68814
5620	4.68768
5622	4.68731
5624	4.68666
5626	4.68586
5628	4.68723
5630	4.68592
5632	4.68497
5634	4.68554
5636	4.68481
5638	4.68494
5640	4.68547
5642	4.6864
5644	4.68567
5646	4.68608
5648	4.68662
5650	4.68667
5652	4.68619
5654	4.68516
5656	4.68569
5658	4.68444
5660	4.68373
5662	4.68443
5664	4.684
5666	4.68396
5668	4.68258
5670	4.68436
5672	4.68492
5674	4.68346
5676	4.68276
5678	4.68397
5680	4.68458
5682	4.68464
5684	4.68456
5686	4.68495
5688	4.68485
5690	4.68483
5692	4.68575
5694	4.68554
5696	4.68542
5698	4.68661
5700	4.6868
5702	4.68574
5704	4.68532
5706	4.6853
5708	4.68467
5710	4.68562
5712	4.68619
5714	4.68601
5716	4.6848
5718	4.68512
5720	4.68498
5722	4.68535
5724	4.68518
5726	4.68502
5728	4.68519
5730	4.69069
5732	4.70255
5734	4.71846
5736	4.73614
5738	4.75208
5740	4.76743
5742	4.78089
5744	4.7934
5746	4.80452
5748	4.81128
5750	4.80869
5752	4.80153
5754	4.79232
5756	4.78009
5758	4.77016
5760	4.76021
5762	4.75067
5764	4.74367
5766	4.73622
5768	4.73009
5770	4.72481
5772	4.71922
5774	4.71528
5776	4.71107
5778	4.70855
5780	4.70632
5782	4.70504
5784	4.70351
5786	4.70187
5788	4.69948
5790	4.69853
5792	4.69713
5794	4.69515
5796	4.69311
5798	4.6907
5800	4.69014
5802	4.69067
5804	4.68868
5806	4.68682
5808	4.68684
5810	4.68509
5812	4.68436
5814	4.68452
5816	4.68431
5818	4.68483
5820	4.6847
5822	4.68393
5824	4.68345
5826	4.68284
5828	4.68372
5830	4.68439
5832	4.68353
5834	4.68319
5836	4.6835
5838	4.68398
5840	4.68485
5842	4.68451
5844	4.68375
5846	4.68371
5848	4.68249
5850	4.6825
5852	4.68217
5854	4.68396
5856	4.68318
5858	4.6829
5860	4.68403
5862	4.68329
5864	4.68302
5866	4.68273
5868	4.68296
5870	4.6819
5872	4.68182
5874	4.68242
5876	4.68299
5878	4.68244
5880	4.68194
5882	4.68163
5884	4.68307
5886	4.68278
5888	4.6824
5890	4.68365
5892	4.68408
5894	4.68381
5896	4.68232
5898	4.68309
5900	4.68394
5902	4.68248
5904	4.68213
5906	4.68234
5908	4.68194
5910	4.68234
5912	4.68289
5914	4.6839
5916	4.68369
5918	4.68339
5920	4.68493
5922	4.68604
5924	4.6848
5926	4.68367
5928	4.68338
5930	4.68436
5932	4.68408
5934	4.68236
5936	4.68291
5938	4.68313
5940	4.68251
5942	4.6821
5944	4.68111
5946	4.68086
5948	4.68209
5950	4.68291
5952	4.68257
5954	4.68231
5956	4.68174
5958	4.68278
5960	4.68261
5962	4.68288
5964	4.68244
5966	4.68238
5968	4.6811
5970	4.68181
5972	4.68189
5974	4.68161
5976	4.68135
5978	4.68211
5980	4.68255
5982	4.68261
5984	4.68132
5986	4.68192
5988	4.68255
5990	4.68195
5992	4.68088
5994	4.68079
5996	4.68224
5998	4.68077
6000	4.68083
6002	4.68115
6004	4.68037
6006	4.6806
6008	4.68194
6010	4.68205
6012	4.68233
6014	4.6815
6016	4.68086
6018	4.68073
6020	4.68133
6022	4.68043
6024	4.68099
6026	4.68199
6028	4.68187
6030	4.68022
6032	4.68138
6034	4.68062
6036	4.67995
6038	4.68072
6040	4.67975
6042	4.6786
6044	4.6791
6046	4.67951
6048	4.68031
6050	4.6797
6052	4.67955
6054	4.67969
6056	4.67924
6058	4.68009
6060	4.68136
6062	4.68085
6064	4.68072
6066	4.68027
6068	4.68006
6070	4.68009
6072	4.67802
6074	4.67759
6076	4.67878
6078	4.67968
6080	4.68114
6082	4.68006
6084	4.68043
6086	4.68038
6088	4.68051
6090	4.67983
6092	4.67908
6094	4.67904
6096	4.67945
6098	4.67873
6100	4.67819
6102	4.67952
6104	4.67983
6106	4.68019
6108	4.68078
6110	4.68118
6112	4.68148
6114	4.68173
6116	4.6808
6118	4.68058
6120	4.68073
6122	4.68036
6124	4.68108
6126	4.68056
6128	4.67914
6130	4.68425
6132	4.69689
6134	4.7125
6136	4.72929
6138	4.74612
6140	4.75989
6142	4.7727
6144	4.78516
6146	4.79587
6148	4.80249
6150	4.80243
6152	4.79517
6154	4.78581
6156	4.77527
6158	4.76384
6160	4.7543
6162	4.74635
6164	4.73749
6166	4.73041
6168	4.72397
6170	4.71829
6172	4.71337
6174	4.70854
6176	4.70673
6178	4.70469
6180	4.70185
6182	4.69939
6184	4.69586
6186	4.69396
6188	4.69347
6190	4.69317
6192	4.69278
6194	4.69239
6196	4.69121
6198	4.69167
6200	4.6906
6202	4.68879
6204	4.6879
6206	4.68729
6208	4.68711
6210	4.68603
6212	4.68672
6214	4.68604
6216	4.68618
6218	4.68478
6220	4.68546
6222	4.68627
6224	4.68593
6226	4.68667
6228	4.68661
6230	4.6844
6232	4.68518
6234	4.68392
6236	4.68186
6238	4.68164
6240	4.68132
6242	4.68132
6244	4.68155
6246	4.68118
6248	4.68124
6250	4.68001
6252	4.68009
6254	4.68033
6256	4.67919
6258	4.67884
6260	4.67937
6262	4.67992
6264	4.68039
6266	4.681
6268	4.68146
6270	4.68125
6272	4.68175
6274	4.68214
6276	4.6816
6278	4.6812
6280	4.68068
6282	4.68027
6284	4.67951
6286	4.67871
6288	4.679
6290	4.67967
6292	4.67941
6294	4.67976
6296	4.68043
6298	4.68044
6300	4.67997
6302	4.68053
6304	4.68113
6306	4.68017
6308	4.67994
6310	4.67959
6312	4.67902
6314	4.67911
6316	4.67955
6318	4.67935
6320	4.6788
6322	4.67989
6324	4.68013
6326	4.67843
6328	4.67769
6330	4.67891
6332	4.67909
6334	4.67833
6336	4.67794
6338	4.67792
6340	4.67771
6342	4.67853
6344	4.67924
6346	4.67924
6348	4.67886
6350	4.67903
6352	4.67956
6354	4.67888
6356	4.6785
6358	4.67957
6360	4.67926
6362	4.67829
6364	4.67801
6366	4.67771
6368	4.67869
6370	4.67962
6372	4.67848
6374	4.67773
6376	4.67875
6378	4.67801
6380	4.67792
6382	4.67811
6384	4.67825
6386	4.67798
6388	4.67844
6390	4.67839
6392	4.6778
6394	4.67683
6396	4.67694
6398	4.67768
6400	4.67854
6402	4.67865
6404	4.6778
6406	4.67833
6408	4.67821
6410	4.67696
6412	4.67758
6414	4.67779
6416	4.67877
6418	4.67853
6420	4.67872
6422	4.67824
6424	4.67813
6426	4.67797
6428	4.67952
6430	4.68005
6432	4.67951
6434	4.67844
6436	4.67809
6438	4.67797
6440	4.67718
6442	4.67692
6444	4.67728
6446	4.67751
6448	4.67708
6450	4.67585
6452	4.67655
6454	4.67696
6456	4.6771
6458	4.67737
6460	4.67759
6462	4.67816
6464	4.67757
6466	4.67603
6468	4.67641
6470	4.67711
6472	4.67616
6474	4.6768
6476	4.67694
6478	4.67686
6480	4.67656
6482	4.67542
6484	4.67544
6486	4.67551
6488	4.67535
6490	4.67529
6492	4.67523
6494	4.67581
6496	4.67649
6498	4.67704
6500	4.67651
6502	4.67635
6504	4.67742
6506	4.67818
6508	4.67763
6510	4.67751
6512	4.67703
6514	4.67629
6516	4.6761
6518	4.67577
6520	4.67662
6522	4.67746
6524	4.67733
6526	4.67647
6528	4.67638
6530	4.68176
6532	4.69257
6534	4.70766
6536	4.7233
6538	4.73927
6540	4.75373
6542	4.76799
6544	4.78092
6546	4.79242
6548	4.79891
6550	4.79862
6552	4.79356
6554	4.78373
6556	4.77307
6558	4.76403
6560	4.75361
6562	4.74429
6564	4.73679
6566	4.7283
6568	4.72233
6570	4.71793
6572	4.71356
6574	4.70901
6576	4.70537
6578	4.70097
6580	4.69834
6582	4.69642
6584	4.6938
6586	4.69192
6588	4.69081
6590	4.68944
6592	4.68813
6594	4.68766
6596	4.68668
6598	4.68581
6600	4.68633
6602	4.68598
6604	4.68368
6606	4.68426
6608	4.68316
6610	4.68154
6612	4.68167
6614	4.68027
6616	4.67981
6618	4.68074
6620	4.68103
6622	4.68142
6624	4.68148
6626	4.68038
6628	4.67924
6630	4.67795
6632	4.67652
6634	4.67665
6636	4.677
6638	4.67676
6640	4.67803
6642	4.67877
6644	4.6775
6646	4.67638
6648	4.67722
6650	4.67663
6652	4.67576
6654	4.67726
6656	4.67788
6658	4.67663
6660	4.67611
6662	4.67701
6664	4.67592
6666	4.67471
6668	4.67426
6670	4.67445
6672	4.67392
6674	4.67487
6676	4.67458
6678	4.67402
6680	4.67498
6682	4.67536
6684	4.67638
6686	4.67662
6688	4.67633
6690	4.67618
6692	4.67571
6694	4.67617
6696	4.67626
6698	4.67618
6700	4.67566
6702	4.67546
6704	4.67531
6706	4.6757
6708	4.67517
6710	4.67543
6712	4.67508
6714	4.6751
6716	4.67415
6718	4.67353
6720	4.67339
6722	4.67402
6724	4.67407
6726	4.67417
6728	4.67469
6730	4.67525
6732	4.67538
6734	4.67412
6736	4.67372
6738	4.67436
6740	4.67406
6742	4.67237
6744	4.67286
6746	4.67315
6748	4.67371
6750	4.6746
6752	4.67351
6754	4.67384
6756	4.67325
6758	4.67328
6760	4.67432
6762	4.67411
6764	4.67456
6766	4.67504
6768	4.67526
6770	4.67511
6772	4.67473
6774	4.67338
6776	4.67378
6778	4.67391
6780	4.67252
6782	4.67326
6784	4.67373
6786	4.67282
6788	4.6733
6790	4.67445
6792	4.67391
6794	4.67436
6796	4.67443
6798	4.67366
6800	4.67377
6802	4.6752
6804	4.67555
6806	4.67511
6808	4.67434
6810	4.67534
6812	4.67435
6814	4.67439
6816	4.67345
6818	4.67207
6820	4.67223
6822	4.67187
6824	4.67125
6826	4.67183
6828	4.67328
6830	4.67368
6832	4.67433
6834	4.67385
6836	4.67425
6838	4.67514
6840	4.67502
6842	4.67398
6844	4.67418
6846	4.67458
6848	4.67431
6850	4.67461
6852	4.6733
6854	4.67294
6856	4.67467
6858	4.67449
6860	4.67377
6862	4.67445
6864	4.67452
6866	4.67359
6868	4.67454
6870	4.67275
6872	4.67193
6874	4.67245
6876	4.67278
6878	4.67168
6880	4.67256
6882	4.67164
6884	4.67131
6886	4.67133
6888	4.6711
6890	4.67155
6892	4.67202
6894	4.67291
6896	4.67272
6898	4.67193
6900	4.67167
6902	4.67134
6904	4.67188
6906	4.67253
6908	4.67173
6910	4.67181
6912	4.67161
6914	4.67268
6916	4.67199
6918	4.6717
6920	4.67111
6922	4.67181
6924	4.67263
6926	4.67293
6928	4.6734
6930	4.67658
6932	4.68672
6934	4.70195
6936	4.72001
6938	4.73686
6940	4.75257
6942	4.76503
6944	4.77545
6946	4.78599
6948	4.79378
6950	4.7953
6952	4.78961
6954	4.77943
6956	4.76978
6958	4.75959
6960	4.74954
6962	4.74188
6964	4.73375
6966	4.72631
6968	4.72019
6970	4.71494
6972	4.71022
6974	4.706
6976	4.70259
6978	4.69842
6980	4.69708
6982	4.69494
6984	4.6922
6986	4.68981
6988	4.6888
6990	4.68688
6992	4.68506
6994	4.68475
6996	4.68478
6998	4.68378
7000	4.6835
7002	4.68283
7004	4.68173
7006	4.68003
7008	4.67972
7010	4.67848
7012	4.67802
7014	4.67763
7016	4.6772
7018	4.67727
7020	4.67824
7022	4.67835
7024	4.67845
7026	4.67782
7028	4.67742
7030	4.67553
7032	4.67555
7034	4.67537
7036	4.67522
7038	4.67517
7040	4.67444
7042	4.67337
7044	4.67403
7046	4.6739
7048	4.67335
7050	4.67275
7052	4.6735
7054	4.67394
7056	4.67363
7058	4.67343
7060	4.67258
7062	4.67389
7064	4.67372
7066	4.67356
7068	4.67413
7070	4.67389
7072	4.67377
7074	4.67284
7076	4.67289
7078	4.6725
7080	4.67105
7082	4.67081
7084	4.67228
7086	4.67295
7088	4.67317
7090	4.67318
7092	4.67315
7094	4.67263
7096	4.67187
7098	4.67207
7100	4.67258
7102	4.67073
7104	4.66927
7106	4.6689
7108	4.66961
7110	4.6692
7112	4.66931
7114	4.66965
7116	4.66907
7118	4.66906
7120	4.66995
7122	4.67052
7124	4.67056
7126	4.66942
7128	4.66963
7130	4.67125
7132	4.67103
7134	4.67
7136	4.66976
7138	4.66981
7140	4.67016
7142	4.67005
7144	4.67002
7146	4.67026
7148	4.66999
7150	4.67025
7152	4.6696
7154	4.66803
7156	4.66834
7158	4.66878
7160	4.66846
7162	4.6694
7164	4.67053
7166	4.66851
7168	4.66894
7170	4.67104
7172	4.67012
7174	4.66843
7176	4.66927
7178	4.67053
7180	4.67034
7182	4.67007
7184	4.67079
7186	4.66977
7188	4.6684
7190	4.66877
7192	4.66911
7194	4.66932
7196	4.66915
7198	4.66728
7200	4.66862
7202	4.66918
7204	4.66788
7206	4.66871
7208	4.66999
7210	4.66904
7212	4.66929
7214	4.66979
7216	4.66962
7218	4.66935
7220	4.66958
7222	4.66975
7224	4.67028
7226	4.67021
7228	4.66918
7230	4.66868
7232	4.66857
7234	4.66809
7236	4.66845
7238	4.66857
7240	4.66754
7242	4.66803
7244	4.66844
7246	4.66805
7248	4.66754
7250	4.66918
7252	4.66921
7254	4.66936
7256	4.67
7258	4.67031
7260	4.67037
7262	4.66941
7264	4.66939
7266	4.66969
7268	4.66892
7270	4.66961
7272	4.67089
7274	4.66988
7276	4.6694
7278	4.66861
7280	4.66778
7282	4.66756
7284	4.66901
7286	4.66879
7288	4.66901
7290	4.66888
7292	4.66903
7294	4.66925
7296	4.67002
7298	4.66946
7300	4.66827
7302	4.66838
7304	4.66744
7306	4.66727
7308	4.66801
7310	4.66927
7312	4.66866
7314	4.66756
7316	4.6672
7318	4.66703
7320	4.66856
7322	4.66949
7324	4.66912
7326	4.66779
7328	4.66813
7330	4.67207
7332	4.68161
7334	4.69519
7336	4.71225
7338	4.72896
7340	4.74311
7342	4.75607
7344	4.76795
7346	4.77888
7348	4.78599
7350	4.78535
7352	4.78017
7354	4.77182
7356	4.76204
7358	4.7537
7360	4.74474
7362	4.73473
7364	4.72703
7366	4.7211
7368	4.71507
7370	4.70887
7372	4.70301
7374	4.69868
7376	4.696
7378	4.69299
7380	4.68949
7382	4.68688
7384	4.68542
7386	4.68446
7388	4.68287
7390	4.68146
7392	4.68079
7394	4.67966
7396	4.67846
7398	4.6774
7400	4.67525
7402	4.67547
7404	4.67581
7406	4.67568
7408	4.67516
7410	4.6753
7412	4.67513
7414	4.67453
7416	4.67366
7418	4.6743
7420	4.67321
7422	4.67348
7424	4.67263
7426	4.6714
7428	4.67104
7430	4.67089
7432	4.66968
7434	4.66868
7436	4.66889
7438	4.66869
7440	4.6675
7442	4.66876
7444	4.66842
7446	4.6686
7448	4.6692
7450	4.66907
7452	4.66779
7454	4.66803
7456	4.66818
7458	4.66829
7460	4.66862
7462	4.66881
7464	4.66804
7466	4.66878
7468	4.66894
7470	4.66815
7472	4.66791
7474	4.66918
7476	4.66713
7478	4.66571
7480	4.66548
7482	4.66691
7484	4.66679
7486	4.66667
7488	4.66635
7490	4.66571
7492	4.66664
7494	4.66644
7496	4.66674
7498	4.66837
7500	4.66858
7502	4.66851
7504	4.66781
7506	4.6673
7508	4.668
7510	4.66815
7512	4.6673
7514	4.66765
7516	4.66795
7518	4.66788
7520	4.66712
7522	4.66639
7524	4.66556
7526	4.66553
7528	4.66572
7530	4.66592
7532	4.66662
7534	4.66658
7536	4.66601
7538	4.66597
7540	4.66639
7542	4.66627
7544	4.66626
7546	4.66668
7548	4.66633
7550	4.66637
7552	4.66589
7554	4.66546
7556	4.66533
7558	4.66524
7560	4.66714
7562	4.66755
7564	4.6668
7566	4.66554
7568	4.66618
7570	4.66616
7572	4.66603
7574	4.66663
7576	4.66688
7578	4.66719
7580	4.66702
7582	4.66643
7584	4.6658
7586	4.66436
7588	4.66439
7590	4.66473
7592	4.66463
7594	4.66488
7596	4.66541
7598	4.66682
7600	4.66666
7602	4.66524
7604	4.66475
7606	4.66561
7608	4.66522
7610	4.66496
7612	4.66483
7614	4.66547
7616	4.66528
7618	4.66464
7620	4.66434
7622	4.66482
7624	4.66442
7626	4.66414
7628	4.66409
7630	4.665
7632	4.66526
7634	4.66441
7636	4.66533
7638	4.66605
7640	4.66542
7642	4.66484
7644	4.66531
7646	4.66539
7648	4.66407
7650	4.66343
7652	4.6633
7654	4.66356
7656	4.66461
7658	4.66514
7660	4.66416
7662	4.66456
7664	4.66491
7666	4.66613
7668	4.66688
7670	4.66683
7672	4.66711
7674	4.66682
7676	4.66538
7678	4.66339
7680	4.6637
7682	4.66455
7684	4.66451
7686	4.66502
7688	4.66384
7690	4.66411
7692	4.66458
7694	4.66547
7696	4.66617
7698	4.66631
7700	4.66558
7702	4.66543
7704	4.66613
7706	4.6657
7708	4.66366
7710	4.66307
7712	4.66442
7714	4.66536
7716	4.66597
7718	4.6656
7720	4.66477
7722	4.66518
7724	4.66449
7726	4.66351
7728	4.66256
7730	4.665
7732	4.67545
7734	4.691
7736	4.70618
7738	4.721
7740	4.73584
7742	4.74796
7744	4.76062
7746	4.77222
7748	4.781
7750	4.78043
7752	4.77443
7754	4.768
7756	4.7582
7758	4.74738
7760	4.7382
7762	4.72985
7764	4.72165
7766	4.71413
7768	4.70878
7770	4.70457
7772	4.69899
7774	4.69411
7776	4.69226
7778	4.68974
7780	4.68521
7782	4.68327
7784	4.68266
7786	4.68063
7788	4.67845
7790	4.67826
7792	4.67711
7794	4.67512
7796	4.67357
7798	4.67279
7800	4.67142
7802	4.671
7804	4.6711
7806	4.67017
7808	4.67033
7810	4.67176
7812	4.67002
7814	4.66944
7816	4.66968
7818	4.66803
7820	4.66642
7822	4.66594
7824	4.6657
7826	4.66672
7828	4.66643
7830	4.66561
7832	4.6654
7834	4.66486
7836	4.66633
7838	4.66767
7840	4.66614
7842	4.66601
7844	4.66591
7846	4.66545
7848	4.6655
7850	4.66523
7852	4.66458
7854	4.66512
7856	4.66568
7858	4.66439
7860	4.66347
7862	4.66387
7864	4.66374
7866	4.6636
7868	4.66394
7870	4.66442
7872	4.66449
7874	4.66464
7876	4.66408
7878	4.66428
7880	4.66413
7882	4.66251
7884	4.66271
7886	4.66305
7888	4.66299
7890	4.66412
7892	4.66336
7894	4.6635
7896	4.66319
7898	4.66331
7900	4.66416
7902	4.66424
7904	4.6635
7906	4.66367
7908	4.66411
7910	4.6634
7912	4.66258
7914	4.66336
7916	4.66311
7918	4.66289
7920	4.66319
7922	4.6634
7924	4.66256
7926	4.66356
7928	4.66423
7930	4.66362
7932	4.66333
7934	4.66308
7936	4.66155
7938	4.6621
7940	4.66197
7942	4.66173
7944	4.6622
7946	4.66351
7948	4.66314
7950	4.66213
7952	4.66186
7954	4.66322
7956	4.66196
7958	4.6613
7960	4.66124
7962	4.66295
7964	4.66312
7966	4.66142
7968	4.6614
7970	4.66289
7972	4.66117
7974	4.66094
7976	4.66223
7978	4.66225
7980	4.6626
7982	4.66315
7984	4.66223
7986	4.66165
7988	4.66217
7990	4.66259
7992	4.66186
7994	4.66141
7996	4.66246
7998	4.66231
8000	4.66137
8002	4.66074
8004	4.66156
8006	4.66056
8008	4.65987
8010	4.66024
8012	4.66243
8014	4.66236
8016	4.6622
8018	4.66366
8020	4.66292
8022	4.66194
8024	4.66281
8026	4.66263
8028	4.66259
8030	4.66376
8032	4.6636
8034	4.6632
8036	4.66307
8038	4.66293
8040	4.66314
8042	4.66255
8044	4.66227
8046	4.66235
8048	4.66185
8050	4.66237
8052	4.66285
8054	4.66288
8056	4.66211
8058	4.66197
8060	4.66135
8062	4.66231
8064	4.66315
8066	4.66152
8068	4.66117
8070	4.66081
8072	4.66113
8074	4.66185
8076	4.66236
8078	4.662
8080	4.662
8082	4.66124
8084	4.65977
8086	4.66045
8088	4.66133
8090	4.66139
8092	4.66016
8094	4.65993
8096	4.66019
8098	4.65987
8100	4.66113
8102	4.6613
8104	4.66
8106	4.66004
8108	4.66099
8110	4.66083
8112	4.66265
8114	4.6633
8116	4.66333
8118	4.66237
8120	4.66164
8122	4.66169
8124	4.66113
8126	4.6613
8128	4.66045
8130	4.66336
8132	4.67229
8134	4.68599
8136	4.70074
8138	4.71616
8140	4.73128
8142	4.74468
8144	4.7563
8146	4.76699
8148	4.77441
8150	4.77593
8152	4.77082
8154	4.76362
8156	4.7537
8158	4.74481
8160	4.73588
8162	4.72731
8164	4.71776
8166	4.71
8168	4.70534
8170	4.70129
8172	4.69621
8174	4.69245
8176	4.68859
8178	4.68567
8180	4.68248
8182	4.67919
8184	4.67697
8186	4.67569
8188	4.67437
8190	4.67368
8192	4.67407
8194	4.67288
8196	4.67237
8198	4.67177
8200	4.67002
8202	4.66957
8204	4.66879
8206	4.66719
8208	4.66563
8210	4.6654
8212	4.66563
8214	4.66567
8216	4.66515
8218	4.66444
8220	4.66469
8222	4.66574
8224	4.66511
8226	4.66381
8228	4.66312
8230	4.66166
8232	4.66177
8234	4.66209
8236	4.66275
8238	4.66303
8240	4.66179
8242	4.66104
8244	4.66196
8246	4.66155
8248	4.66252
8250	4.66254
8252	4.66154
8254	4.66189
8256	4.66194
8258	4.66044
8260	4.66091
8262	4.66171
8264	4.66172
8266	4.66236
8268	4.66203
8270	4.66127
8272	4.65994
8274	4.65966
8276	4.66051
8278	4.66051
8280	4.6592
8282	4.65867
8284	4.6594
8286	4.65915
8288	4.65927
8290	4.65913
8292	4.65967
8294	4.66084
8296	4.6593
8298	4.65893
8300	4.65905
8302	4.65878
8304	4.65798
8306	4.65841
8308	4.66036
8310	4.65982
8312	4.65944
8314	4.66082
8316	4.66064
8318	4.65952
8320	4.66031
8322	4.66136
8324	4.66122
8326	4.66121
8328	4.66165
8330	4.65999
8332	4.65871
8334	4.65869
8336	4.6594
8338	4.65875
8340	4.65995
8342	4.6611
8344	4.66091
8346	4.66056
8348	4.66024
8350	4.66017
8352	4.6602
8354	4.66106
8356	4.66057
8358	4.66096
8360	4.66166
8362	4.66025
8364	4.66102
8366	4.66106
8368	4.65902
8370	4.65871
8372	4.65873
8374	4.65828
8376	4.65672
8378	4.65704
8380	4.6582
8382	4.6585
8384	4.65765
8386	4.6578
8388	4.65715
8390	4.65689
8392	4.65657
8394	4.65764
8396	4.65804
8398	4.65839
8400	4.65869
8402	4.65756
8404	4.65759
8406	4.65752
8408	4.65843
8410	4.65952
8412	4.65973
8414	4.6586
8416	4.65865
8418	4.65833
8420	4.65885
8422	4.65873
8424	4.65878
8426	4.65907
8428	4.65933
8430	4.65957
8432	4.65865
8434	4.65982
8436	4.65906
8438	4.65696
8440	4.65777
8442	4.65869
8444	4.6583
8446	4.65798
8448	4.65851
8450	4.65938
8452	4.65834
8454	4.65803
8456	4.65773
8458	4.6576
8460	4.65679
8462	4.6567
8464	4.65735
8466	4.65701
8468	4.65629
8470	4.65762
8472	4.65675
8474	4.65789
8476	4.65869
8478	4.65829
8480	4.658
8482	4.65712
8484	4.6567
8486	4.65657
8488	4.65668
8490	4.65679
8492	4.65676
8494	4.65677
8496	4.65639
8498	4.65527
8500	4.65691
8502	4.65634
8504	4.65709
8506	4.6592
8508	4.65806
8510	4.65668
8512	4.65599
8514	4.65533
8516	4.65515
8518	4.65435
8520	4.65314
8522	4.65498
8524	4.65579
8526	4.65541
8528	4.65513
8530	4.65718
8532	4.66544
8534	4.67914
8536	4.69479
8538	4.70937
8540	4.72285
8542	4.73549
8544	4.74727
8546	4.75964
8548	4.76839
8550	4.77151
8552	4.7679
8554	4.7594
8556	4.74897
8558	4.73961
8560	4.7309
8562	4.72093
8564	4.71224
8566	4.70687
8568	4.70232
8570	4.69612
8572	4.6905
8574	4.68652
8576	4.68321
8578	4.68155
8580	4.67809
8582	4.67599
8584	4.67418
8586	4.67212
8588	4.67041
8590	4.66851
8592	4.66708
8594	4.66614
8596	4.66447
8598	4.6642
8600	4.66472
8602	4.66432
8604	4.66401
8606	4.66257
8608	4.66206
8610	4.66139
8612	4.6607
8614	4.66027
8616	4.66056
8618	4.6604
8620	4.6584
8622	4.65643
8624	4.65685
8626	4.6569
8628	4.65572
8630	4.65681
8632	4.65746
8634	4.65728
8636	4.65699
8638	4.65746
8640	4.65813
8642	4.65847
8644	4.65716
8646	4.65656
8648	4.65679
8650	4.6569
8652	4.65624
8654	4.65696
8656	4.65674
8658	4.65624
8660	4.65514
8662	4.65498
8664	4.65583
8666	4.65492
8668	4.65573
8670	4.65671
8672	4.65624
8674	4.65577
8676	4.65619
8678	4.65585
8680	4.65458
8682	4.65405
8684	4.65579
8686	4.65629
8688	4.65647
8690	4.65619
8692	4.65561
8694	4.65543
8696	4.65496
8698	4.65557
8700	4.65614
8702	4.6567
8704	4.656
8706	4.65545
8708	4.65524
8710	4.65531
8712	4.65587
8714	4.65447
8716	4.65396
8718	4.65272
8720	4.6521
8722	4.65283
8724	4.65287
8726	4.65295
8728	4.65427
8730	4.65427
8732	4.6545
8734	4.65403
8736	4.65394
8738	4.65474
8740	4.65552
8742	4.65437
8744	4.6537
8746	4.65427
8748	4.65451
8750	4.65461
8752	4.65503
8754	4.65524
8756	4.65467
8758	4.65344
8760	4.65272
8762	4.65327
8764	4.65311
8766	4.65243
8768	4.65188
8770	4.65264
8772	4.65356
8774	4.65326
8776	4.65355
8778	4.65491
8780	4.65409
8782	4.65385
8784	4.65396
8786	4.6528
8788	4.65209
8790	4.65193
8792	4.65311
8794	4.65414
8796	4.65447
8798	4.65379
8800	4.65472
8802	4.65462
8804	4.65357
8806	4.65294
8808	4.65242
8810	4.65111
8812	4.65138
8814	4.65319
8816	4.65278
8818	4.65292
8820	4.65357
8822	4.65321
8824	4.6529
8826	4.65175
8828	4.65215
8830	4.65279
8832	4.65192
8834	4.65169
8836	4.65239
8838	4.65215
8840	4.65245
8842	4.65161
8844	4.65116
8846	4.65092
8848	4.65099
8850	4.65191
8852	4.65178
8854	4.65169
8856	4.65205
8858	4.65156
8860	4.6519
8862	4.65173
8864	4.65109
8866	4.65282
8868	4.65363
8870	4.6544
8872	4.65314
8874	4.65168
8876	4.65124
8878	4.65105
8880	4.65148
8882	4.65149
8884	4.65083
8886	4.65087
8888	4.65076
8890	4.65148
8892	4.65239
8894	4.65304
8896	4.65131
8898	4.65169
8900	4.65345
8902	4.65217
8904	4.65135
8906	4.65167
8908	4.65147
8910	4.65107
8912	4.65
8914	4.65012
8916	4.65015
8918	4.65015
8920	4.65119
8922	4.65104
8924	4.65125
8926	4.65277
8928	4.65151
8930	4.65242
8932	4.66008
8934	4.67263
8936	4.68773
8938	4.70355
8940	4.71791
8942	4.73061
8944	4.74226
8946	4.75266
8948	4.76211
8950	4.76644
8952	4.76313
8954	4.75507
8956	4.74486
8958	4.73612
8960	4.727
8962	4.71804
8964	4.70988
8966	4.7032
8968	4.69737
8970	4.69249
8972	4.68786
8974	4.68307
8976	4.67994
8978	4.67824
8980	4.67485
8982	4.67245
8984	4.67124
8986	4.66873
8988	4.66627
8990	4.66475
8992	4.66388
8994	4.66197
8996	4.66037
8998	4.65999
9000	4.66065
9002	4.66008
9004	4.65918
9006	4.65966
9008	4.65962
9010	4.65917
9012	4.6576
9014	4.65606
9016	4.65577
9018	4.65597
9020	4.65555
9022	4.65496
9024	4.65536
9026	4.65531
9028	4.65367
9030	4.65395
9032	4.65389
9034	4.6526
9036	4.65233
9038	4.65347
9040	4.65406
9042	4.65333
9044	4.65202
9046	4.65168
9048	4.65185
9050	4.65114
9052	4.65065
9054	4.65173
9056	4.65291
9058	4.65228
9060	4.65283
9062	4.65342
9064	4.65238
9066	4.65233
9068	4.65195
9070	4.65116
9072	4.65095
9074	4.6508
9076	4.65019
9078	4.65013
9080	4.65074
9082	4.64954
9084	4.64902
9086	4.64999
9088	4.64993
9090	4.64959
9092	4.64909
9094	4.64985
9096	4.6491
9098	4.64718
9100	4.64745
9102	4.6488
9104	4.64931
9106	4.64856
9108	4.64835
9110	4.64891
9112	4.64906
9114	4.6487
9116	4.6495
9118	4.64873
9120	4.64806
9122	4.64814
9124	4.64765
9126	4.64779
9128	4.64827
9130	4.64885
9132	4.64867
9134	4.64961
9136	4.64989
9138	4.64917
9140	4.64912
9142	4.65044
9144	4.64956
9146	4.64884
9148	4.64914
9150	4.64872
9152	4.64917
9154	4.64887
9156	4.64966
9158	4.6488
9160	4.64753
9162	4.64636
9164	4.64679
9166	4.64756
9168	4.64678
9170	4.64744
9172	4.64771
9174	4.64768
9176	4.64802
9178	4.64822
9180	4.64794
9182	4.64803
9184	4.64744
9186	4.64705
9188	4.64735
9190	4.64799
9192	4.6482
9194	4.64704
9196	4.64702
9198	4.64634
9200	4.64659
9202	4.64804
9204	4.64759
9206	4.64766
9208	4.64825
9210	4.64865
9212	4.64851
9214	4.64834
9216	4.64739
9218	4.64683
9220	4.64676
9222	4.64741
9224	4.64594
9226	4.64586
9228	4.6457
9230	4.64625
9232	4.64712
9234	4.64749
9236	4.64732
9238	4.64803
9240	4.64793
9242	4.64765
9244	4.64686
9246	4.6462
9248	4.6454
9250	4.64565
9252	4.64616
9254	4.64441
9256	4.64403
9258	4.64471
9260	4.64614
9262	4.64731
9264	4.64797
9266	4.64656
9268	4.64549
9270	4.64654
9272	4.64682
9274	4.64723
9276	4.64614
9278	4.64468
9280	4.6451
9282	4.64554
9284	4.64478
9286	4.645
9288	4.64514
9290	4.64437
9292	4.64478
9294	4.64649
9296	4.64617
9298	4.64466
9300	4.64505
9302	4.64466
9304	4.64499
9306	4.6443
9308	4.64443
9310	4.64395
9312	4.64367
9314	4.64461
9316	4.64436
9318	4.6443
9320	4.64366
9322	4.64319
9324	4.64398
9326	4.64447
9328	4.64385
9330	4.64441
9332	4.65181
9334	4.66411
9336	4.67826
9338	4.69411
9340	4.70756
9342	4.72179
9344	4.73299
9346	4.74415
9348	4.7546
9350	4.75621
9352	4.75155
9354	4.74478
9356	4.73687
9358	4.7273
9360	4.71824
9362	4.7098
9364	4.70093
9366	4.69507
9368	4.68979
9370	4.68315
9372	4.67865
9374	4.6753
9376	4.67209
9378	4.66857
9380	4.66576
9382	4.66338
9384	4.66108
9386	4.65928
9388	4.65832
9390	4.65749
9392	4.65773
9394	4.65619
9396	4.65513
9398	4.6545
9400	4.65399
9402	4.65415
9404	4.65404
9406	4.65146
9408	4.65133
9410	4.65056
9412	4.64889
9414	4.64878
9416	4.64992
9418	4.64984
9420	4.6472
9422	4.64622
9424	4.64708
9426	4.64729
9428	4.64642
9430	4.64675
9432	4.64795
9434	4.64806
9436	4.64786
9438	4.6474
9440	4.64613
9442	4.64587
9444	4.64719
9446	4.64736
9448	4.64769
9450	4.64721
9452	4.64598
9454	4.64554
9456	4.64504
9458	4.64537
9460	4.64522
9462	4.64465
9464	4.64564
9466	4.64613
9468	4.64532
9470	4.64405
9472	4.64336
9474	4.64357
9476	4.64396
9478	4.64351
9480	4.6437
9482	4.64384
9484	4.64366
9486	4.64422
9488	4.64475
9490	4.64362
9492	4.64298
9494	4.64294
9496	4.6421
9498	4.64257
9500	4.64264
9502	4.64303
9504	4.64288
9506	4.64335
9508	4.64337
9510	4.64167
9512	4.64182
9514	4.6438
9516	4.64362
9518	4.64325
9520	4.64363
9522	4.64575
9524	4.64529
9526	4.64452
9528	4.64385
9530	4.64358
9532	4.6432
9534	4.64404
9536	4.64509
9538	4.64534
9540	4.64599
9542	4.6464
9544	4.64732
9546	4.64567
9548	4.64441
9550	4.6431
9552	4.64361
9554	4.64466
9556	4.64414
9558	4.64418
9560	4.64361
9562	4.64375
9564	4.64301
9566	4.64241
9568	4.64323
9570	4.64306
9572	4.6427
9574	4.64227
9576	4.64354
9578	4.6438
9580	4.64253
9582	4.64192
9584	4.64122
9586	4.64227
9588	4.64274
9590	4.6429
9592	4.64429
9594	4.64412
9596	4.64375
9598	4.64261
9600	4.64234
9602	4.64335
9604	4.64285
9606	4.64157
9608	4.64175
9610	4.64217
9612	4.64099
9614	4.6413
9616	4.64234
9618	4.64134
9620	4.64244
9622	4.64288
9624	4.64397
9626	4.64362
9628	4.64264
9630	4.64227
9632	4.64317
9634	4.64437
9636	4.64347
9638	4.64459
9640	4.64385
9642	4.64312
9644	4.6433
9646	4.64408
9648	4.64439
9650	4.64329
9652	4.64336
9654	4.64262
9656	4.64179
9658	4.64244
9660	4.64283
9662	4.64324
9664	4.64256
9666	4.64395
9668	4.64387
9670	4.64375
9672	4.64382
9674	4.64373
9676	4.64291
9678	4.64272
9680	4.64286
9682	4.64212
9684	4.64183
9686	4.64312
9688	4.64358
9690	4.64289
9692	4.6423
9694	4.64288
9696	4.64394
9698	4.64408
9700	4.64372
9702	4.64311
9704	4.64341
9706	4.64239
9708	4.64333
9710	4.64402
9712	4.64282
9714	4.64209
9716	4.64142
9718	4.64128
9720	4.64131
9722	4.64258
9724	4.6426
9726	4.64248
9728	4.64114
9730	4.64203
9732	4.64945
9734	4.6616
9736	4.6758
9738	4.69044
9740	4.70317
9742	4.7164
9744	4.72813
9746	4.73847
9748	4.74742
9750	4.75298
9752	4.75153
9754	4.74332
9756	4.73385
9758	4.72418
9760	4.71467
9762	4.70623
9764	4.6984
9766	4.69257
9768	4.68583
9770	4.68004
9772	4.67473
9774	4.67077
9776	4.66833
9778	4.66583
9780	4.66196
9782	4.65997
9784	4.65815
9786	4.6561
9788	4.65513
9790	4.65451
9792	4.65361
9794	4.65236
9796	4.65219
9798	4.65202
9800	4.65117
9802	4.64997
9804	4.64962
9806	4.64836
9808	4.64624
9810	4.64582
9812	4.64612
9814	4.6455
9816	4.64494
9818	4.64446
9820	4.64413
9822	4.64397
9824	4.64505
9826	4.64475
9828	4.64445
9830	4.64352
9832	4.64403
9834	4.64484
9836	4.6434
9838	4.64228
9840	4.64202
9842	4.64248
9844	4.64248
9846	4.64191
9848	4.6409
9850	4.64093
9852	4.64058
9854	4.64134
9856	4.64199
9858	4.64324
9860	4.64227
9862	4.64215
9864	4.64006
9866	4.63827
9868	4.63933
9870	4.63967
9872	4.64035
9874	4.64049
9876	4.64057
9878	4.64047
9880	4.64077
9882	4.63969
9884	4.63933
9886	4.63944
9888	4.63993
9890	4.63994
9892	4.63963
9894	4.64004
9896	4.63983
9898	4.63996
9900	4.64022
9902	4.63935
9904	4.63856
9906	4.63919
9908	4.63879
9910	4.63837
9912	4.63849
9914	4.63889
9916	4.63894
9918	4.6401
9920	4.6399
9922	4.63893
9924	4.63922
9926	4.63916
9928	4.6372
9930	4.63733
9932	4.63686
9934	4.63683
9936	4.63753
9938	4.63774
9940	4.63784
9942	4.63901
9944	4.63846
9946	4.63843
9948	4.63836
9950	4.6388
9952	4.63732
9954	4.63699
9956	4.63793
9958	4.63899
9960	4.64018
9962	4.63916
9964	4.63802
9966	4.63908
9968	4.63946
9970	4.63878
9972	4.63998
9974	4.63997
9976	4.63834
9978	4.63746
9980	4.63748
9982	4.63925
9984	4.63841
9986	4.63832
9988	4.63823
9990	4.63694
9992	4.63671
9994	4.6369
9996	4.636
9998	4.63449
10000	4.63561
10002	4.63663
10004	4.6367
10006	4.63707
10008	4.63687
10010	4.63715
10012	4.63624
10014	4.63503
10016	4.63647
10018	4.63735
10020	4.63679
10022	4.63656
10024	4.63684
10026	4.63558
10028	4.63571
10030	4.63668
10032	4.63663
10034	4.63638
10036	4.63648
10038	4.63705
10040	4.63662
10042	4.63741
10044	4.63701
10046	4.63604
10048	4.63705
10050	4.63775
10052	4.6369
10054	4.63553
10056	4.63537
10058	4.63537
10060	4.63601
10062	4.63491
10064	4.63572
10066	4.63714
10068	4.63753
10070	4.63713
10072	4.63635
10074	4.63567
10076	4.63789
10078	4.63826
10080	4.63702
10082	4.63597
10084	4.63567
10086	4.63617
10088	4.63728
10090	4.63613
10092	4.63523
10094	4.6358
10096	4.63548
10098	4.63542
10100	4.63534
10102	4.63624
10104	4.63591
10106	4.63538
10108	4.63485
10110	4.63448
10112	4.63463
10114	4.63496
10116	4.63487
10118	4.63533
10120	4.63651
10122	4.63672
10124	4.63624
10126	4.63571
10128	4.63435
10130	4.63586
10132	4.64272
10134	4.65402
10136	4.6663
10138	4.67912
10140	4.69325
10142	4.70737
10144	4.71971
10146	4.73041
10148	4.7404
10150	4.74597
10152	4.74406
10154	4.73806
10156	4.72926
10158	4.72041
10160	4.71085
10162	4.70253
10164	4.69573
10166	4.68768
10168	4.68079
10170	4.67552
10172	4.66988
10174	4.66606
10176	4.66202
10178	4.65748
10180	4.65448
10182	4.65165
10184	4.64922
10186	4.64809
10188	4.647
10190	4.64578
10192	4.64502
10194	4.64365
10196	4.64117
10198	4.64077
10200	4.64005
10202	4.63998
10204	4.63974
10206	4.63785
10208	4.63847
10210	4.63866
10212	4.63903
10214	4.63932
10216	4.63934
10218	4.63832
10220	4.63903
10222	4.63895
10224	4.63859
10226	4.63716
10228	4.63632
10230	4.63668
10232	4.63584
10234	4.63545
10236	4.63574
10238	4.63458
10240	4.63499
10242	4.63444
10244	4.63538
10246	4.63523
10248	4.63509
10250	4.6351
10252	4.63495
10254	4.63511
10256	4.63418
10258	4.6351
10260	4.63532
10262	4.6355
10264	4.63394
10266	4.63307
10268	4.63266
10270	4.63393
10272	4.63553
10274	4.63489
10276	4.63432
10278	4.63324
10280	4.63211
10282	4.63251
10284	4.63234
10286	4.63217
10288	4.63293
10290	4.63285
10292	4.63281
10294	4.63305
10296	4.63425
10298	4.63339
10300	4.63382
10302	4.63413
10304	4.63378
10306	4.63331
10308	4.63212
10310	4.63208
10312	4.63321
10314	4.63206
10316	4.63174
10318	4.63336
10320	4.63395
10322	4.63265
10324	4.63196
10326	4.63212
10328	4.63268
10330	4.63225
10332	4.63205
10334	4.63195
10336	4.6316
10338	4.63129
10340	4.63035
10342	4.63037
10344	4.63011
10346	4.63025
10348	4.63088
10350	4.63265
10352	4.633
10354	4.63159
10356	4.63161
10358	4.63112
10360	4.6304
10362	4.63092
10364	4.63186
10366	4.63224
10368	4.6319
10370	4.63048
10372	4.63011
10374	4.63077
10376	4.6314
10378	4.63268
10380	4.63246
10382	4.63121
10384	4.63085
10386	4.6309
10388	4.63226
10390	4.63134
10392	4.63205
10394	4.63314
10396	4.63282
10398	4.63166
10400	4.63122
10402	4.63146
10404	4.63253
10406	4.6334
10408	4.63311
10410	4.63228
10412	4.63186
10414	4.63266
10416	4.63336
10418	4.63259
10420	4.63176
10422	4.6315
10424	4.63263
10426	4.63155
10428	4.63077
10430	4.63173
10432	4.63131
10434	4.63113
10436	4.63149
10438	4.63188
10440	4.63277
10442	4.63264
10444	4.63096
10446	4.63154
10448	4.63115
10450	4.63063
10452	4.63089
10454	4.63136
10456	4.63236
10458	4.63086
10460	4.62958
10462	4.62953
10464	4.62943
10466	4.62952
10468	4.63053
10470	4.63067
10472	4.6294
10474	4.62911
10476	4.62936
10478	4.62947
10480	4.62907
10482	4.62912
10484	4.62911
10486	4.62892
10488	4.62839
10490	4.62816
10492	4.62767
10494	4.62763
10496	4.6292
10498	4.63002
10500	4.629
10502	4.62887
10504	4.62799
10506	4.62905
10508	4.62901
10510	4.62909
10512	4.62936
10514	4.62847
10516	4.62878
10518	4.63008
10520	4.6313
10522	4.63129
10524	4.63172
10526	4.63251
10528	4.63219
10530	4.63177
10532	4.63613
10534	4.64667
10536	4.66096
10538	4.67475
10540	4.68863
10542	4.70246
10544	4.71295
10546	4.72282
10548	4.73186
10550	4.73902
10552	4.73754
10554	4.72974
10556	4.72091
10558	4.71186
10560	4.70221
10562	4.69438
10564	4.68814
10566	4.68056
10568	4.67358
10570	4.66881
10572	4.66371
10574	4.66048
10576	4.65702
10578	4.65414
10580	4.653
10582	4.64997
10584	4.64568
10586	4.64372
10588	4.64263
10590	4.64132
10592	4.6417
10594	4.64108
10596	4.6386
10598	4.6372
10600	4.63687
10602	4.63539
10604	4.63623
10606	4.63673
10608	4.63515
10610	4.63339
10612	4.63252
10614	4.63342
10616	4.63221
10618	4.63181
10620	4.63254
10622	4.63244
10624	4.63329
10626	4.63368
10628	4.63277
10630	4.63059
10632	4.63054
10634	4.63048
10636	4.63172
10638	4.6311
10640	4.63025
10642	4.63167
10644	4.63214
10646	4.63138
10648	4.63129
10650	4.63098
10652	4.63096
10654	4.63103
10656	4.63149
10658	4.63222
10660	4.63168
10662	4.63008
10664	4.62974
10666	4.62931
10668	4.62952
10670	4.62936
10672	4.62936
10674	4.62892
10676	4.62884
10678	4.63014
10680	4.63056
10682	4.62965
10684	4.62917
10686	4.62798
10688	4.62774
10690	4.62978
10692	4.63001
10694	4.62927
10696	4.62923
10698	4.6287
10700	4.6292
10702	4.62886
10704	4.62779
10706	4.62783
10708	4.62848
10710	4.62751
10712	4.62838
10714	4.62886
10716	4.62847
10718	4.6295
10720	4.6293
10722	4.6282
10724	4.62941
10726	4.62898
10728	4.62765
10730	4.62789
10732	4.62911
10734	4.62822
10736	4.62739
10738	4.6279
10740	4.629
10742	4.62794
10744	4.6273
10746	4.62648
10748	4.62694
10750	4.62742
10752	4.62883
10754	4.62836
10756	4.62745
10758	4.6272
10760	4.62638
10762	4.62632
10764	4.62634
10766	4.62557
10768	4.62525
10770	4.62598
10772	4.62602
10774	4.62601
10776	4.62599
10778	4.62647
10780	4.62671
10782	4.62706
10784	4.62578
10786	4.62569
10788	4.62632
10790	4.6257
10792	4.62654
10794	4.62709
10796	4.62644
10798	4.62671
10800	4.62797
10802	4.62754
10804	4.62744
10806	4.62831
10808	4.62834
10810	4.62829
10812	4.62912
10814	4.62953
10816	4.62949
10818	4.62885
10820	4.62718
10822	4.6255
10824	4.62734
10826	4.62829
10828	4.62812
10830	4.62748
10832	4.62653
10834	4.62663
10836	4.62735
10838	4.62738
10840	4.62745
10842	4.62783
10844	4.62788
10846	4.62644
10848	4.62746
10850	4.62779
10852	4.62751
10854	4.6277
10856	4.62801
10858	4.62727
10860	4.62683
10862	4.62713
10864	4.62773
10866	4.62613
10868	4.62594
10870	4.62605
10872	4.62479
10874	4.62481
10876	4.62518
10878	4.62463
10880	4.62508
10882	4.62548
10884	4.62462
10886	4.62388
10888	4.62412
10890	4.62466
10892	4.62445
10894	4.62516
10896	4.62462
10898	4.62471
10900	4.62472
10902	4.62554
10904	4.62663
10906	4.62708
10908	4.62693
10910	4.62595
10912	4.62338
10914	4.62286
10916	4.62355
10918	4.62333
10920	4.62363
10922	4.6249
10924	4.62481
10926	4.62468
10928	4.62486
10930	4.62375
10932	4.62865
10934	4.63887
10936	4.65349
10938	4.66719
10940	4.68012
10942	4.69366
10944	4.70459
10946	4.71492
10948	4.72558
10950	4.73151
10952	4.72916
10954	4.72318
10956	4.71552
10958	4.7068
10960	4.69827
10962	4.69046
10964	4.68235
10966	4.67526
10968	4.66987
10970	4.66382
10972	4.65961
10974	4.65601
10976	4.65189
10978	4.64905
10980	4.64696
10982	4.64394
10984	4.64056
10986	4.63907
10988	4.63867
10990	4.63572
10992	4.63512
10994	4.63519
10996	4.63315
10998	4.63303
11000	4.63319
11002	4.63167
11004	4.63094
11006	4.63043
11008	4.6297
11010	4.62813
11012	4.62789
11014	4.62793
11016	4.62864
11018	4.62865
11020	4.62708
11022	4.62585
11024	4.62547
11026	4.62584
11028	4.62507
11030	4.62513
11032	4.62679
11034	4.62659
11036	4.62723
11038	4.62672
11040	4.62525
11042	4.62395
11044	4.62388
11046	4.62391
11048	4.62499
11050	4.6256
11052	4.6242
11054	4.62454
11056	4.62502
11058	4.62441
11060	4.62414
11062	4.62383
11064	4.62297
11066	4.62312
11068	4.6234
11070	4.62383
11072	4.62422
11074	4.62366
11076	4.62356
11078	4.62304
11080	4.62229
11082	4.62243
11084	4.62213
11086	4.62304
11088	4.62256
11090	4.62201
11092	4.62249
11094	4.62172
11096	4.6219
11098	4.62211
11100	4.6214
11102	4.62154
11104	4.62144
11106	4.62148
11108	4.62229
11110	4.62248
11112	4.62019
11114	4.61995
11116	4.61996
11118	4.6196
11120	4.62
11122	4.61982
11124	4.62055
11126	4.62099
11128	4.6203
11130	4.6202
11132	4.62013
11134	4.61925
11136	4.61835
11138	4.61938
11140	4.62047
11142	4.62062
11144	4.62038
11146	4.61966
11148	4.61907
11150	4.61902
11152	4.6188
11154	4.61923
11156	4.61966
11158	4.61889
11160	4.61995
11162	4.62017
11164	4.61943
11166	4.61914
11168	4.61951
11170	4.61909
11172	4.62035
11174	4.62016
11176	4.61941
11178	4.61959
11180	4.61988
11182	4.61955
11184	4.62064
11186	4.62019
11188	4.61905
11190	4.61912
11192	4.61987
11194	4.62113
11196	4.62134
11198	4.62208
11200	4.62109
11202	4.62137
11204	4.6217
11206	4.62057
11208	4.61943
11210	4.6184
11212	4.61669
11214	4.61655
11216	4.61759
11218	4.61777
11220	4.61723
11222	4.61823
11224	4.61821
11226	4.61783
11228	4.61747
11230	4.61807
11232	4.61837
11234	4.61819
11236	4.61904
11238	4.61886
11240	4.61892
11242	4.619
11244	4.61922
11246	4.61986
11248	4.62107
11250	4.62048
11252	4.61946
11254	4.61916
11256	4.61805
11258	4.61879
11260	4.61889
11262	4.61915
11264	4.61923
11266	4.61898
11268	4.61805
11270	4.61887
11272	4.6186
11274	4.61731
11276	4.61772
11278	4.61695
11280	4.61767
11282	4.61737
11284	4.61737
11286	4.61834
11288	4.61762
11290	4.61749
11292	4.61805
11294	4.61648
11296	4.61623
11298	4.61804
11300	4.6194
11302	4.61847
11304	4.61808
11306	4.6188
11308	4.61937
11310	4.61828
11312	4.61769
11314	4.6178
11316	4.61639
11318	4.61733
11320	4.6174
11322	4.61688
11324	4.61726
11326	4.61548
11328	4.61563
11330	4.61656
11332	4.62069
11334	4.6299
11336	4.6434
11338	4.65793
11340	4.67199
11342	4.68457
11344	4.69514
11346	4.70589
11348	4.71684
11350	4.72317
11352	4.7226
11354	4.71746
11356	4.70799
11358	4.6979
11360	4.68921
11362	4.68028
11364	4.67207
11366	4.66473
11368	4.65832
11370	4.65288
11372	4.64818
11374	4.64484
11376	4.6411
11378	4.63874
11380	4.63628
11382	4.63419
11384	4.63272
11386	4.63011
11388	4.62795
11390	4.6273
11392	4.62654
11394	4.62566
11396	4.62452
11398	4.62343
11400	4.6243
11402	4.62512
11404	4.6242
11406	4.62435
11408	4.62279
11410	4.62322
11412	4.62348
11414	4.6217
11416	4.6216
11418	4.62139
11420	4.62024
11422	4.61897
11424	4.61961
11426	4.61844
11428	4.61731
11430	4.61764
11432	4.61823
11434	4.61789
11436	4.61681
11438	4.61625
11440	4.61727
11442	4.61856
11444	4.61769
11446	4.61799
11448	4.61806
11450	4.61695
11452	4.61713
11454	4.6168
11456	4.61617
11458	4.61605
11460	4.61536
11462	4.61661
11464	4.6158
11466	4.61465
11468	4.6157
11470	4.615
11472	4.61452
11474	4.61496
11476	4.61402
11478	4.61454
11480	4.61314
11482	4.61355
11484	4.6149
11486	4.61474
11488	4.61413
11490	4.61249
11492	4.61235
11494	4.61243
11496	4.61228
11498	4.61425
11500	4.61471
11502	4.61414
11504	4.61415
11506	4.61393
11508	4.6149
11510	4.61493
11512	4.61471
11514	4.61352
11516	4.61399
11518	4.61291
11520	4.61291
11522	4.61268
11524	4.61233
11526	4.61353
11528	4.61435
11530	4.61522
11532	4.61423
11534	4.61452
11536	4.61359
11538	4.6129
11540	4.61316
11542	4.61285
11544	4.61248
11546	4.61152
11548	4.61202
11550	4.61191
11552	4.61214
11554	4.61163
11556	4.61152
11558	4.61119
11560	4.61156
11562	4.61226
11564	4.61296
11566	4.61379
11568	4.612
11570	4.61216
11572	4.61275
11574	4.61345
11576	4.61336
11578	4.6132
11580	4.6147
11582	4.61517
11584	4.61408
11586	4.6136
11588	4.61311
11590	4.612
11592	4.61269
11594	4.61225
11596	4.61264
11598	4.61347
11600	4.61352
11602	4.61349
11604	4.61213
11606	4.61086
11608	4.6112
11610	4.61178
11612	4.61199
11614	4.61145
11616	4.61158
11618	4.61085
11620	4.61008
11622	4.61146
11624	4.61168
11626	4.61113
11628	4.61148
11630	4.61217
11632	4.61285
11634	4.61261
11636	4.6117
11638	4.6104
11640	4.60935
11642	4.61043
11644	4.60868
11646	4.60911
11648	4.61118
11650	4.61032
11652	4.60977
11654	4.61
11656	4.61016
11658	4.61067
11660	4.61049
11662	4.60966
11664	4.60942
11666	4.60949
11668	4.6104
11670	4.61174
11672	4.61201
11674	4.612
11676	4.61175
11678	4.61134
11680	4.61167
11682	4.6098
11684	4.60951
11686	4.60996
11688	4.6078
11690	4.60695
11692	4.60678
11694	4.60647
11696	4.60712
11698	4.60785
11700	4.60885
11702	4.61012
11704	4.6098
11706	4.60886
11708	4.60967
11710	4.60973
11712	4.60919
11714	4.60999
11716	4.6102
11718	4.60965
11720	4.60995
11722	4.60936
11724	4.60999
11726	4.60961
11728	4.609
11730	4.60832
11732	4.61195
11734	4.62162
11736	4.63395
11738	4.64874
11740	4.66154
11742	4.6747
11744	4.68684
11746	4.69729
11748	4.70724
11750	4.71339
11752	4.71134
11754	4.70516
11756	4.69777
11758	4.68844
11760	4.68089
11762	4.67376
11764	4.66515
11766	4.65818
11768	4.65158
11770	4.64696
11772	4.64249
11774	4.63825
11776	4.63534
11778	4.63294
11780	4.6297
11782	4.62674
11784	4.62477
11786	4.62271
11788	4.62237
11790	4.62161
11792	4.61986
11794	4.61866
11796	4.61678
11798	4.6159
11800	4.61445
11802	4.6143
11804	4.61411
11806	4.61303
11808	4.61403
11810	4.6136
11812	4.61391
11814	4.61435
11816	4.61467
11818	4.61382
11820	4.612
11822	4.61157
11824	4.61066
11826	4.60965
11828	4.61003
11830	4.61031
11832	4.61064
11834	4.61006
11836	4.60932
11838	4.60863
11840	4.60823
11842	4.60765
11844	4.60758
11846	4.60725
11848	4.60734
11850	4.60812
11852	4.60823
11854	4.60915
11856	4.60884
11858	4.60726
11860	4.60758
11862	4.60702
11864	4.60725
11866	4.60713
11868	4.60729
11870	4.60838
11872	4.60785
11874	4.60891
11876	4.60899
11878	4.60745
11880	4.60744
11882	4.60541
11884	4.60515
11886	4.60573
11888	4.60593
11890	4.60707
11892	4.60726
11894	4.60677
11896	4.60506
11898	4.60414
11900	4.60514
11902	4.60699
11904	4.60831
11906	4.60814
11908	4.60812
11910	4.60742
11912	4.60801
11914	4.60762
11916	4.60644
11918	4.60514
11920	4.60559
11922	4.60544
11924	4.60671
11926	4.60627
11928	4.60562
11930	4.60653
11932	4.60586
11934	4.60521
11936	4.60469
11938	4.60475
11940	4.6043
11942	4.60422
11944	4.60494
11946	4.60616
11948	4.60563
11950	4.604
11952	4.604
11954	4.60389
11956	4.60425
11958	4.60433
11960	4.60421
11962	4.60427
11964	4.60452
11966	4.60491
11968	4.60441
11970	4.60437
11972	4.6053
11974	4.60462
11976	4.60414
11978	4.60296
11980	4.60352
11982	4.60402
11984	4.60494
11986	4.60424
11988	4.60436
11990	4.60386
11992	4.60442
11994	4.60544
11996	4.6056
11998	4.605
12000	4.60455
12002	4.60369
12004	4.60349
12006	4.60464
12008	4.60501
12010	4.60396
12012	4.60359
12014	4.60311
12016	4.60352
12018	4.60304
12020	4.60268
12022	4.60246
12024	4.60216
12026	4.60208
12028	4.60274
12030	4.60334
12032	4.60353
12034	4.60306
12036	4.60451
12038	4.60497
12040	4.60481
12042	4.60312
12044	4.60487
12046	4.60477
12048	4.60489
12050	4.60452
12052	4.60433
12054	4.60563
12056	4.60431
12058	4.60388
12060	4.6035
12062	4.60392
12064	4.60242
12066	4.60182
12068	4.60247
12070	4.60174
12072	4.60186
12074	4.60173
12076	4.60118
12078	4.601
12080	4.60059
12082	4.60125
12084	4.60129
12086	4.60169
12088	4.60097
12090	4.60164
12092	4.60189
12094	4.60227
12096	4.6026
12098	4.60397
12100	4.60283
12102	4.60276
12104	4.603
12106	4.60164
12108	4.60202
12110	4.60173
12112	4.60158
12114	4.60203
12116	4.60183
12118	4.60061
12120	4.60069
12122	4.59969
12124	4.59943
12126	4.59964
12128	4.59973
12130	4.5997
12132	4.60355
12134	4.61258
12136	4.62582
12138	4.63846
12140	4.65161
12142	4.6659
12144	4.67765
12146	4.68699
12148	4.69574
12150	4.70318
12152	4.70491
12154	4.69987
12156	4.69316
12158	4.68444
12160	4.67573
12162	4.66717
12164	4.65882
12166	4.65252
12168	4.646
12170	4.64044
12172	4.63592
12174	4.63202
12176	4.62864
12178	4.6249
12180	4.62302
12182	4.62064
12184	4.61794
12186	4.61646
12188	4.61515
12190	4.61405
12192	4.61239
12194	4.61095
12196	4.60912
12198	4.60834
12200	4.60787
12202	4.60712
12204	4.60676
12206	4.60484
12208	4.60669
12210	4.6073
12212	4.60682
12214	4.60589
12216	4.60586
12218	4.60595
12220	4.60601
12222	4.60676
12224	4.60618
12226	4.6052
12228	4.60476
12230	4.60448
12232	4.60366
12234	4.60361
12236	4.60325
12238	4.60166
12240	4.60102
12242	4.60071
12244	4.60131
12246	4.6005
12248	4.5994
12250	4.59948
12252	4.59936
12254	4.59948
12256	4.59922
12258	4.59994
12260	4.59956
12262	4.59813
12264	4.59791
12266	4.59748
12268	4.59928
12270	4.60008
12272	4.59984
12274	4.59905
12276	4.59858
12278	4.59927
12280	4.59879
12282	4.59872
12284	4.59864
12286	4.59812
12288	4.59822
12290	4.59842
12292	4.59824
12294	4.59889
12296	4.60028
12298	4.60078
12300	4.60106
12302	4.60062
12304	4.60006
12306	4.60017
12308	4.5988
12310	4.59838
12312	4.59917
12314	4.59896
12316	4.59862
12318	4.59748
12320	4.59652
12322	4.59544
12324	4.5952
12326	4.59641
12328	4.59698
12330	4.59824
12332	4.59734
12334	4.59611
12336	4.59606
12338	4.59676
12340	4.59699
12342	4.59611
12344	4.59586
12346	4.5962
12348	4.59756
12350	4.59636
12352	4.5966
12354	4.59821
12356	4.59792
12358	4.59779
12360	4.59878
12362	4.59869
12364	4.59814
12366	4.59665
12368	4.59673
12370	4.59628
12372	4.59586
12374	4.59527
12376	4.59456
12378	4.59504
12380	4.59566
12382	4.59596
12384	4.59553
12386	4.59428
12388	4.59621
12390	4.59788
12392	4.59788
12394	4.59729
12396	4.59687
12398	4.59671
12400	4.59666
12402	4.59615
12404	4.59555
12406	4.59612
12408	4.59544
12410	4.59591
12412	4.59645
12414	4.59613
12416	4.59579
12418	4.59712
12420	4.59732
12422	4.59753
12424	4.59608
12426	4.59487
12428	4.59573
12430	4.59603
12432	4.59637
12434	4.59492
12436	4.5947
12438	4.59517
12440	4.59567
12442	4.59652
12444	4.59561
12446	4.59409
12448	4.59326
12450	4.59297
12452	4.59372
12454	4.59432
12456	4.59437
12458	4.5928
12460	4.59424
12462	4.59503
12464	4.59582
12466	4.59416
12468	4.59515
12470	4.59524
12472	4.59527
12474	4.59446
12476	4.59415
12478	4.59525
12480	4.59539
12482	4.59574
12484	4.59581
12486	4.59566
12488	4.596
12490	4.59532
12492	4.5959
12494	4.59654
12496	4.59534
12498	4.59505
12500	4.59479
12502	4.59634
12504	4.59559
12506	4.5949
12508	4.59423
12510	4.59446
12512	4.59466
12514	4.59508
12516	4.59473
12518	4.59352
12520	4.59284
12522	4.59196
12524	4.59251
12526	4.59201
