time	cp
2	0.62768
4	0.6092
6	0.59114
8	0.57408
10	0.55579
12	0.53714
14	0.51887
16	0.50021
18	0.48282
20	0.46414
22	0.44564
24	0.42786
26	0.41004
28	0.3917
30	0.37452
32	0.35759
34	0.34064
36	0.3224
38	0.3034
40	0.28505
42	0.26671
44	0.24845
46	0.2302
48	0.21211
50	0.19422
52	0.17636
54	0.15717
56	0.13986
58	0.12338
60	0.10504
62	0.08787
64	0.07022
66	0.05161
68	0.03421
70	0.01607
72	8.98616E-4
74	-3.6092E-4
76	-0.00103
78	-0.00155
80	-3.02527E-4
82	-5.90633E-5
84	2.90401E-4
86	-4.5135E-5
88	-2.70671E-4
90	3.67793E-4
92	0.00156
94	0.00198
96	0.00204
98	0.00214
100	0.00148
102	0.00165
104	0.00212
106	0.00134
108	-8.7603E-4
110	-3.46565E-4
112	-0.00101
114	-7.93637E-4
116	-6.72173E-4
118	-8.40709E-4
120	1.23755E-4
122	-5.87807E-5
124	7.20683E-4
126	0.0146
128	0.07834
130	0.18368
132	0.30888
134	0.4373
136	0.56302
138	0.68101
140	0.78948
142	0.88629
144	0.97276
146	1.04713
148	1.11292
150	1.16859
152	1.21581
154	1.22248
156	1.16872
158	1.07776
160	0.97406
162	0.86985
164	0.77094
166	0.67932
168	0.59527
170	0.5198
172	0.45349
174	0.39552
176	0.34574
178	0.30254
180	0.26513
182	0.23302
184	0.20567
186	0.18323
188	0.16362
190	0.14634
192	0.13149
194	0.11879
196	0.10866
198	0.09892
200	0.08983
202	0.08239
204	0.07514
206	0.0691
208	0.06388
210	0.05853
212	0.05246
214	0.0491
216	0.04576
218	0.04184
220	0.03866
222	0.03469
224	0.03134
226	0.02846
228	0.02592
230	0.02436
232	0.02298
234	0.0221
236	0.01983
238	0.01764
240	0.01625
242	0.01505
244	0.01371
246	0.01278
248	0.0115
250	0.00987
252	0.00893
254	0.00697
256	0.00687
258	0.00654
260	0.00494
262	0.00261
264	0.00262
266	0.0028
268	0.00207
270	0.00199
272	0.00242
274	0.00207
276	0.00218
278	0.00109
280	1.89382E-4
282	8.21261E-5
284	8.48489E-4
286	0.00135
288	0.00126
290	0.0011
292	0.00107
294	0.00173
296	0.00157
298	0.00104
300	0.00129
302	0.00122
304	7.53112E-4
306	4.58475E-4
308	2.68371E-5
310	-2.638E-4
312	-8.38438E-4
314	-8.44076E-4
316	-0.00132
318	-3.49351E-4
320	1.00011E-4
322	1.18374E-4
324	2.32736E-4
326	3.60986E-5
328	-2.86539E-4
330	9.67823E-4
332	0.00143
334	0.00167
336	0.00156
338	8.04273E-4
340	5.41635E-4
342	-6.42002E-4
344	-0.00157
346	-0.00119
348	6.47085E-4
350	-3.48553E-4
352	-2.83221E-4
354	3.18704E-4
356	6.38629E-4
358	8.34555E-4
360	2.7548E-4
362	-2.76595E-4
364	-3.43669E-4
366	1.2256E-5
368	-2.95819E-4
370	0.00114
372	0.00127
374	5.92957E-4
376	9.97883E-4
378	0.00104
380	6.78733E-4
382	1.00659E-4
384	1.48584E-4
386	-4.84908E-5
388	-0.0013
390	-3.9564E-4
392	8.27285E-4
394	0.00143
396	0.00141
398	0.00164
400	5.35986E-4
402	-4.54088E-4
404	1.74837E-4
406	1.84762E-4
408	3.60688E-4
410	-6.57387E-4
412	-7.43462E-4
414	7.66464E-4
416	3.85389E-4
418	7.03314E-4
420	0.00157
422	0.00142
424	6.71E-4
426	6.27381E-4
428	5.84761E-4
430	8.70141E-4
432	-2.04781E-5
434	-8.03098E-4
436	-0.00102
438	1.24663E-4
440	-1.28957E-4
442	1.54237E-5
444	6.37804E-4
446	-3.50816E-4
448	3.25648E-5
450	0.00153
452	8.47326E-4
454	8.19706E-4
456	4.42086E-4
458	4.87467E-4
460	0.00121
462	0.00123
464	9.18608E-4
466	0.00131
468	0.00121
470	9.05749E-4
472	1.87129E-4
474	6.0551E-4
476	8.5789E-4
478	0.00124
480	6.89651E-4
482	-1.59969E-4
484	9.74114E-5
486	-1.42082E-5
488	5.75172E-4
490	-5.44899E-5
492	4.28636E-4
494	2.76183E-6
496	1.85888E-4
498	3.48014E-4
500	7.24139E-4
502	6.82653E-5
504	2.32391E-4
506	4.90517E-4
508	-9.23571E-5
510	0.00123
512	4.02895E-4
514	1.80205E-5
516	4.48146E-4
518	8.23272E-4
520	-2.37602E-4
522	-0.00104
524	-6.5135E-4
526	1.92776E-4
528	-4.13098E-4
530	5.02028E-4
532	-2.78466E-5
534	3.80279E-4
536	6.48405E-4
538	0.00103
540	8.35657E-4
542	0.00107
544	5.59086E-5
546	-0.0011
548	-0.00135
550	-5.13714E-4
552	-2.39588E-4
554	2.30538E-4
556	6.88664E-4
558	2.7179E-4
560	-1.97339E-4
562	4.06023E-4
564	0.00101
566	8.70748E-4
568	4.06111E-4
570	1.32473E-4
572	4.98835E-4
574	4.67198E-4
576	8.8856E-4
578	-1.78077E-4
580	-4.93715E-4
582	8.16647E-4
584	0.0016
586	9.62372E-4
588	1.16734E-4
590	-3.59903E-4
592	-1.06541E-4
594	4.17822E-4
596	-5.47816E-4
598	-0.00126
600	-0.00196
602	-0.0018
604	-0.00206
606	-0.00207
608	-0.00174
610	-5.71279E-4
612	-0.00106
614	-0.00145
616	-0.00156
618	-0.00116
620	-6.62467E-4
622	-6.13105E-4
624	-1.87743E-4
626	-2.6138E-4
628	5.64982E-4
630	3.74558E-4
632	-2.91652E-4
634	-3.56863E-4
636	1.39266E-5
638	3.73716E-4
640	4.01505E-4
642	4.63295E-4
644	1.55084E-4
646	-5.30126E-4
648	5.36634E-5
650	6.14529E-5
652	1.78242E-4
654	-1.29682E-5
656	-9.41787E-5
658	-2.86389E-4
660	8.74002E-5
662	-3.3181E-4
664	-3.54021E-4
666	-0.00123
668	-0.00217
670	-0.00178
672	-9.09863E-4
674	-4.42073E-4
676	-5.60284E-4
678	-5.36495E-4
680	-4.5705E-5
682	5.83084E-4
684	4.27874E-4
686	-1.77337E-4
688	1.31453E-4
690	5.06242E-4
692	-2.32968E-4
694	2.91821E-4
696	5.62611E-4
698	4.54002E-5
700	4.81754E-4
702	-2.0961E-4
704	-9.12975E-4
706	-4.89339E-4
708	-2.05703E-4
710	-5.78067E-4
712	-9.11431E-4
714	-9.51796E-4
716	-0.001
718	-7.44524E-4
720	-6.74888E-4
722	-0.00135
724	0.00161
726	0.03901
728	0.12985
730	0.25116
732	0.38209
734	0.51039
736	0.63083
738	0.74085
740	0.83925
742	0.92738
744	1.00397
746	1.07222
748	1.13188
750	1.18293
752	1.22494
754	1.23382
756	1.18244
758	1.09429
760	0.9911
762	0.88551
764	0.78427
766	0.69005
768	0.6053
770	0.52932
772	0.46212
774	0.40459
776	0.35328
778	0.30898
780	0.27121
782	0.23833
784	0.21072
786	0.18776
788	0.16865
790	0.15005
792	0.13328
794	0.11997
796	0.10854
798	0.09839
800	0.08943
802	0.08309
804	0.07701
806	0.07054
808	0.06516
810	0.05974
812	0.05544
814	0.05054
816	0.04594
818	0.04102
820	0.03745
822	0.03438
824	0.03075
826	0.02802
828	0.02647
830	0.02395
832	0.02176
834	0.02051
836	0.01967
838	0.01831
840	0.01728
842	0.01647
844	0.01624
846	0.0152
848	0.01403
850	0.01305
852	0.01163
854	0.01235
856	0.01195
858	0.01015
860	0.00884
862	0.00874
864	0.00849
866	0.00867
868	0.00738
870	0.00699
872	0.00536
874	0.00415
876	0.00368
878	0.00383
880	0.00366
882	0.00409
884	0.00414
886	0.00299
888	0.00231
890	0.00392
892	0.00225
894	8.5475E-4
896	8.56435E-4
898	6.0112E-4
900	-2.37195E-4
902	-5.9751E-4
904	-5.60825E-4
906	6.88597E-5
908	1.81452E-4
910	-1.58417E-4
912	0.00115
914	0.00129
916	3.02977E-4
918	4.41079E-5
920	2.27239E-4
922	-0.00149
924	-0.00183
926	-0.00103
928	-0.00116
930	-0.00161
932	-0.00165
934	-9.10843E-4
936	-2.55712E-4
938	4.42419E-4
940	7.8455E-4
942	-1.03319E-4
944	1.80812E-4
946	4.85944E-4
948	0.00158
950	0.00217
952	0.00202
954	4.67468E-4
956	9.09599E-4
958	0.00198
960	0.00125
962	1.83993E-4
964	5.11237E-5
966	-4.43745E-4
968	2.56386E-4
970	0.00101
972	7.07648E-4
974	4.35779E-4
976	4.9391E-4
978	1.22282E-4
980	7.61357E-5
982	-6.10109E-5
984	6.93842E-4
986	-4.59304E-4
988	-0.00134
990	-0.00153
992	-0.00127
994	-0.00131
996	-0.00108
998	-5.30184E-4
1000	-0.00163
1002	-0.00179
1004	-5.01624E-4
1006	9.0123E-4
1008	0.00147
1010	0.00111
1012	3.479E-5
1014	-3.33566E-5
1016	6.44497E-4
1018	1.9435E-4
1020	-6.76796E-4
1022	-3.00943E-4
1024	2.9491E-4
1026	6.68764E-4
1028	4.40617E-4
1030	8.12471E-4
1032	9.19324E-4
1034	9.00177E-4
1036	4.96031E-4
1038	-8.33116E-4
1040	-6.99262E-4
1042	5.23591E-4
1044	8.22444E-4
1046	1.93298E-4
1048	-6.60849E-4
1050	-4.28996E-4
1052	-2.48142E-4
1054	-2.20289E-4
1056	-1.95435E-4
1058	2.52418E-4
1060	-5.55729E-4
1062	-5.85875E-4
1064	-6.59022E-4
1066	-4.33168E-4
1068	-6.70315E-4
1070	-7.82462E-4
1072	-0.00109
1074	-2.99755E-4
1076	3.83099E-4
1078	-0.00103
1080	-8.87195E-4
1082	-2.51341E-4
1084	6.16512E-4
1086	4.98366E-4
1088	2.57219E-4
1090	6.72072E-4
1092	4.74926E-4
1094	2.72779E-4
1096	9.35633E-4
1098	0.00125
1100	0.00138
1102	0.00135
1104	0.00211
1106	0.00235
1108	0.00171
1110	0.00191
1112	0.00237
1114	0.00324
1116	0.0029
1118	0.00294
1120	0.00214
1122	0.00169
1124	0.00138
1126	2.06188E-5
1128	3.60655E-4
1130	1.58691E-4
1132	0.00201
1134	0.00312
1136	0.00277
1138	0.00202
1140	0.00151
1142	0.00198
1144	0.00117
1146	7.79784E-5
1148	9.55014E-4
1150	4.7905E-4
1152	0.0012
1154	0.00158
1156	0.00178
1158	5.83194E-4
1160	-1.2577E-4
1162	-2.66734E-4
1164	6.41302E-4
1166	5.52338E-4
1168	-2.19626E-4
1170	6.0241E-4
1172	1.26446E-4
1174	0.00118
1176	3.82518E-4
1178	-5.63446E-4
1180	-9.2441E-4
1182	5.53626E-4
1184	4.74662E-4
1186	-2.93023E-5
1188	-4.95007E-4
1190	5.73392E-5
1192	3.87686E-4
1194	1.78032E-4
1196	8.02379E-4
1198	0.00186
1200	0.00142
1202	1.8419E-5
1204	-0.00152
1206	-0.0015
1208	-0.00133
1210	-7.76194E-4
1212	-2.41848E-4
1214	2.40499E-4
1216	1.54845E-4
1218	5.49192E-4
1220	8.33539E-4
1222	1.87885E-4
1224	3.29232E-4
1226	-7.64213E-5
1228	-6.45075E-4
1230	2.77272E-4
1232	8.39619E-4
1234	5.54965E-4
1236	0.00121
1238	0.00154
1240	7.89005E-4
1242	0.00125
1244	9.98698E-4
1246	0.0018
1248	0.00163
1250	9.74738E-4
1252	0.00136
1254	-4.97568E-4
1256	-0.00118
1258	-0.00157
1260	-1.90792E-4
1262	5.97923E-4
1264	-2.43362E-4
1266	6.83527E-5
1268	0.00113
1270	0.00168
1272	3.63497E-4
1274	-0.00103
1276	-0.00171
1278	-0.0012
1280	-3.06643E-4
1282	6.67072E-4
1284	4.95787E-4
1286	9.51502E-4
1288	8.39216E-4
1290	7.56931E-4
1292	-5.09354E-4
1294	-6.79639E-4
1296	3.96076E-4
1298	0.00123
1300	0.00235
1302	0.00211
1304	0.0014
1306	9.6365E-4
1308	7.04365E-4
1310	1.5008E-4
1312	4.51795E-4
1314	3.8551E-4
1316	3.43225E-4
1318	9.9894E-4
1320	4.66546E-5
1322	-0.00205
1324	-2.77916E-4
1326	0.03375
1328	0.1205
1330	0.23918
1332	0.36809
1334	0.49571
1336	0.61534
1338	0.72455
1340	0.82438
1342	0.91233
1344	0.98873
1346	1.05613
1348	1.11442
1350	1.1643
1352	1.20802
1354	1.22001
1356	1.17284
1358	1.08618
1360	0.98443
1362	0.88035
1364	0.78053
1366	0.68745
1368	0.60215
1370	0.52571
1372	0.45891
1374	0.40022
1376	0.34868
1378	0.30474
1380	0.2669
1382	0.23563
1384	0.20865
1386	0.18496
1388	0.16394
1390	0.1461
1392	0.13164
1394	0.11927
1396	0.10797
1398	0.09731
1400	0.08921
1402	0.08228
1404	0.0763
1406	0.07074
1408	0.06529
1410	0.06036
1412	0.05562
1414	0.05062
1416	0.0466
1418	0.04294
1420	0.0391
1422	0.03614
1424	0.03347
1426	0.03133
1428	0.02915
1430	0.02754
1432	0.02486
1434	0.02196
1436	0.02053
1438	0.02009
1440	0.01848
1442	0.01572
1444	0.01442
1446	0.0132
1448	0.01332
1450	0.01241
1452	0.011
1454	0.00981
1456	0.00873
1458	0.0081
1460	0.00724
1462	0.00633
1464	0.00604
1466	0.00491
1468	0.00556
1470	0.00573
1472	0.00539
1474	0.00552
1476	0.00476
1478	0.00369
1480	0.0029
1482	0.00248
1484	0.00237
1486	0.00223
1488	0.00226
1490	0.00136
1492	8.91143E-4
1494	7.19971E-4
1496	0.0011
1498	0.00205
1500	0.00288
1502	0.00146
1504	9.26111E-4
1506	0.00107
1508	9.75767E-4
1510	7.45595E-4
1512	4.45423E-4
1514	-5.17748E-4
1516	-2.9792E-4
1518	-3.33092E-4
1520	-7.02642E-5
1522	-9.64361E-5
1524	-1.61608E-4
1526	-1.3378E-4
1528	-4.49952E-4
1530	-9.66124E-4
1532	-8.61296E-4
1534	-2.83468E-4
1536	2.8036E-4
1538	6.32188E-4
1540	-1.34983E-4
1542	-5.28155E-4
1544	-9.52327E-4
1546	-0.00109
1548	-0.00103
1550	-0.0015
1552	-0.00196
1554	-0.00108
1556	-7.09359E-4
1558	-0.00161
1560	-0.00142
1562	-0.00103
1564	-9.63047E-4
1566	-0.00159
1568	-0.00168
1570	-0.00106
1572	-0.00146
1574	-0.00109
1576	-0.00164
1578	-0.00184
1580	-0.00199
1582	-0.00255
1584	-0.00204
1586	-0.00208
1588	-0.00143
1590	-0.001
1592	-7.19453E-4
1594	-0.00134
1596	-0.00195
1598	-0.00165
1600	-0.00134
1602	-0.00176
1604	-0.00161
1606	-0.00192
1608	-0.00117
1610	-1.47126E-4
1612	-9.92519E-4
1614	-7.40912E-4
1616	-0.00189
1618	-0.00182
1620	-9.7509E-4
1622	-1.96483E-4
1624	3.86125E-4
1626	-1.20268E-4
1628	-2.58661E-4
1630	3.79466E-5
1632	-1.63446E-4
1634	-5.52839E-4
1636	-6.64231E-4
1638	2.55376E-4
1640	6.93983E-4
1642	-7.54096E-5
1644	-0.00121
1646	-0.00166
1648	-0.00137
1650	-0.00114
1652	-0.00178
1654	-9.41766E-4
1656	-0.00112
1658	-8.11551E-4
1660	-0.00114
1662	-0.00138
1664	-0.00103
1666	-9.74122E-4
1668	-2.52515E-4
1670	-9.32907E-4
1672	-8.903E-4
1674	0.00128
1676	7.54434E-4
1678	8.6556E-4
1680	0.00132
1682	0.00215
1684	0.0016
1686	6.66067E-4
1688	2.27193E-4
1690	-6.9368E-4
1692	7.34462E-5
1694	-2.02427E-4
1696	-4.67301E-4
1698	1.16826E-4
1700	-5.78048E-4
1702	-6.82921E-4
1704	-1.58794E-4
1706	4.28332E-4
1708	7.04587E-5
1710	-4.32415E-4
1712	-3.22882E-5
1714	-9.07162E-4
1716	-0.00183
1718	-0.0025
1720	-0.00159
1722	-0.00121
1724	-7.92529E-4
1726	-0.0018
1728	-0.00258
1730	-0.00301
1732	-0.0023
1734	-0.00154
1736	-0.0012
1738	-2.10643E-4
1740	6.68484E-4
1742	-2.7539E-4
1744	4.26174E-4
1746	0.00169
1748	7.34675E-4
1750	-0.00115
1752	-3.58244E-5
1754	-3.70741E-5
1756	-0.00137
1758	-0.0016
1760	-2.8823E-5
1762	4.69274E-5
1764	3.24678E-4
1766	-9.32572E-4
1768	-4.37821E-4
1770	-3.24071E-4
1772	3.65679E-4
1774	8.0043E-4
1776	4.0518E-4
1778	-9.5207E-4
1780	-6.47319E-4
1782	3.73431E-4
1784	-2.65819E-4
1786	-3.79068E-4
1788	-7.05318E-4
1790	-0.00201
1792	-0.00233
1794	-8.24067E-4
1796	-2.08316E-4
1798	-1.61566E-4
1800	9.11844E-5
1802	7.35935E-4
1804	0.0011
1806	0.00154
1808	0.00176
1810	6.40936E-4
1812	-4.48313E-4
1814	-4.34544E-4
1816	-3.40735E-4
1818	3.40073E-4
1820	5.46881E-4
1822	-3.0831E-4
1824	-8.41502E-4
1826	-4.76934E-5
1828	1.48115E-4
1830	-9.20077E-4
1832	-7.71268E-4
1834	-3.4646E-4
1836	-8.74652E-4
1838	-6.42843E-4
1840	1.99965E-4
1842	-8.72265E-5
1844	9.55819E-5
1846	-8.2361E-4
1848	-0.00193
1850	-0.00199
1852	-0.00191
1854	-7.17376E-4
1856	-0.00117
1858	-0.00102
1860	-6.74951E-4
1862	-8.91428E-5
1864	-1.43334E-4
1866	0.00111
1868	0.00188
1870	8.09091E-4
1872	-3.77101E-4
1874	-5.50293E-4
1876	-1.31484E-4
1878	-2.26759E-5
1880	7.06132E-4
1882	2.31941E-4
1884	-3.66151E-4
1886	-5.78144E-4
1888	-2.26136E-4
1890	-3.82128E-4
1892	2.94879E-4
1894	-3.00113E-4
1896	3.03895E-4
1898	1.54902E-4
1900	-7.6409E-4
1902	-4.12083E-4
1904	-7.95075E-4
1906	-0.00137
1908	-0.00154
1910	-9.57052E-4
1912	-1.27045E-4
1914	0.00118
1916	0.00154
1918	0.00197
1920	0.00126
1922	4.50993E-4
1924	0.00163
1926	0.02772
1928	0.10791
1930	0.21932
1932	0.34559
1934	0.47103
1936	0.59008
1938	0.69866
1940	0.79654
1942	0.88456
1944	0.96154
1946	1.02903
1948	1.08634
1950	1.13569
1952	1.1789
1954	1.19805
1956	1.16051
1958	1.08164
1960	0.98308
1962	0.87944
1964	0.78037
1966	0.68803
1968	0.60256
1970	0.52683
1972	0.46129
1974	0.40358
1976	0.35136
1978	0.30601
1980	0.26855
1982	0.23598
1984	0.20862
1986	0.18488
1988	0.16486
1990	0.14681
1992	0.13168
1994	0.11795
1996	0.10632
1998	0.09735
2000	0.0879
2002	0.07846
2004	0.07208
2006	0.06712
2008	0.06124
2010	0.05628
2012	0.05089
2014	0.04701
2016	0.04411
2018	0.04068
2020	0.03766
2022	0.03347
2024	0.03048
2026	0.02914
2028	0.02733
2030	0.02513
2032	0.02289
2034	0.02169
2036	0.01921
2038	0.01781
2040	0.01754
2042	0.01698
2044	0.01514
2046	0.01457
2048	0.0131
2050	0.01158
2052	0.01088
2054	0.00991
2056	0.0092
2058	0.00733
2060	0.00592
2062	0.005
2064	0.00578
2066	0.00589
2068	0.00613
2070	0.00641
2072	0.00574
2074	0.00501
2076	0.00466
2078	0.0043
2080	0.00348
2082	0.00376
2084	0.00364
2086	0.0035
2088	0.00188
2090	9.74164E-4
2092	9.69165E-4
2094	6.99167E-4
2096	8.98169E-4
2098	6.78171E-4
2100	0.00199
2102	0.00282
2104	0.00211
2106	0.00256
2108	0.00201
2110	0.0021
2112	0.00306
2114	0.0033
2116	0.00249
2118	0.00197
2120	0.00207
2122	0.00148
2124	7.59193E-4
2126	0.0011
2128	0.00177
2130	0.00105
2132	0.00154
2134	3.72202E-4
2136	-1.32796E-4
2138	3.08206E-4
2140	6.44207E-4
2142	5.41209E-4
2144	9.35211E-4
2146	9.77213E-4
2148	0.00149
2150	8.20216E-4
2152	3.76218E-4
2154	0.00199
2156	0.0018
2158	5.92223E-4
2160	-3.29775E-4
2162	0.00126
2164	0.00156
2166	3.9223E-4
2168	3.75232E-4
2170	-2.07662E-5
2172	4.26236E-4
2174	5.45237E-4
2176	-9.0761E-5
2178	-3.09759E-4
2180	-5.57757E-4
2182	-5.72756E-4
2184	-8.61754E-4
2186	-2.17522E-5
2188	1.5325E-4
2190	8.41251E-4
2192	5.70253E-4
2194	8.87255E-4
2196	7.06257E-4
2198	-3.13742E-4
2200	-1.7874E-4
2202	7.43262E-4
2204	4.75264E-4
2206	8.84265E-4
2208	-6.65733E-4
2210	-1.98731E-4
2212	-3.32729E-4
2214	-9.39728E-4
2216	-1.37259E-5
2218	-1.04724E-4
2220	2.32776E-5
2222	4.63279E-4
2224	2.39281E-4
2226	-5.46717E-4
2228	6.85285E-4
2230	0.00132
2232	8.72881E-5
2234	1.5929E-4
2236	2.9162E-7
2238	-6.87066E-5
2240	-5.37705E-4
2242	-1.38703E-4
2244	-5.51701E-4
2246	-4.487E-4
2248	1.71302E-4
2250	-2.83696E-4
2252	0.00118
2254	6.51307E-4
2256	-7.68691E-4
2258	-5.25689E-4
2260	1.04313E-4
2262	0.00114
2264	5.35316E-4
2266	5.63179E-5
2268	-0.00103
2270	-0.001
2272	-0.00116
2274	-0.00112
2276	1.82327E-4
2278	8.40328E-4
2280	9.2933E-4
2282	4.26332E-4
2284	7.43337E-5
2286	-2.02665E-4
2288	1.13337E-4
2290	1.32339E-4
2292	3.94341E-4
2294	-0.00125
2296	-0.00194
2298	-0.00202
2300	-0.00197
2302	-0.00187
2304	-8.91179E-4
2306	2.12136E-4
2308	0.00105
2310	4.7766E-5
2312	7.0081E-5
2314	3.00396E-4
2316	1.72711E-4
2318	3.27026E-4
2320	8.79341E-4
2322	3.78656E-4
2324	0.001
2326	8.50286E-4
2328	8.94601E-4
2330	0.0013
2332	5.27231E-4
2334	0.0014
2336	0.00141
2338	0.00127
2340	0.0017
2342	0.0015
2344	0.00165
2346	6.16436E-4
2348	-0.00152
2350	-0.0018
2352	-1.4562E-4
2354	-3.76305E-4
2356	-0.00122
2358	-0.00138
2360	-7.4836E-4
2362	4.20955E-4
2364	-5.77297E-5
2366	-4.35415E-4
2368	-8.251E-4
2370	-9.36785E-4
2372	-4.2942E-4
2374	-4.0153E-4
2376	-0.00202
2378	-0.00175
2380	-0.00202
2382	-0.00236
2384	-0.00249
2386	-0.00187
2388	-9.95299E-4
2390	2.18591E-4
2392	2.82481E-4
2394	1.66371E-4
2396	8.58261E-4
2398	2.81151E-4
2400	-0.0013
2402	-0.00145
2404	-4.86179E-4
2406	-6.38289E-4
2408	3.12601E-4
2410	3.84491E-4
2412	9.37381E-4
2414	0.00168
2416	1.56161E-4
2418	-1.16949E-4
2420	-5.45059E-4
2422	-3.60169E-4
2424	9.47215E-5
2426	-9.55388E-4
2428	-0.00108
2430	-3.70608E-4
2432	-2.73718E-4
2434	-3.43828E-4
2436	-1.49938E-4
2438	-9.42048E-4
2440	-5.34158E-4
2442	-4.70079E-4
2444	-0.00128
2446	-0.00158
2448	-7.26327E-4
2450	-3.95409E-4
2452	-7.74921E-5
2454	-2.62575E-4
2456	5.53425E-5
2458	-3.07402E-5
2460	-6.98229E-5
2462	-1.23906E-4
2464	4.51012E-4
2466	3.69929E-4
2468	6.15846E-4
2470	-4.90236E-4
2472	-0.00114
2474	-9.47402E-4
2476	-0.00176
2478	-0.00203
2480	-0.00126
2482	-0.00106
2484	-0.00192
2486	-0.00204
2488	-0.00135
2490	-8.00631E-5
2492	9.28542E-5
2494	-2.80228E-4
2496	-6.99311E-4
2498	-7.39394E-4
2500	-0.00159
2502	-0.00194
2504	-7.81642E-4
2506	-2.58725E-4
2508	9.12193E-4
2510	8.2911E-4
2512	-1.90772E-4
2514	1.86346E-4
2516	-4.99536E-4
2518	-6.49418E-4
2520	-7.073E-4
2522	6.88178E-5
2524	7.86936E-4
2526	0.01888
2528	0.09079
2530	0.1977
2532	0.32059
2534	0.44425
2536	0.56106
2538	0.67122
2540	0.7692
2542	0.85689
2544	0.93386
2546	1.00179
2548	1.05727
2550	1.10653
2552	1.15137
2554	1.17562
2556	1.14667
2558	1.07363
2560	0.9781
2562	0.87714
2564	0.77884
2566	0.68727
2568	0.6033
2570	0.52827
2572	0.46169
2574	0.40227
2576	0.35175
2578	0.30761
2580	0.26985
2582	0.2382
2584	0.21085
2586	0.18676
2588	0.1643
2590	0.14631
2592	0.1319
2594	0.1192
2596	0.10796
2598	0.09693
2600	0.08827
2602	0.07967
2604	0.07211
2606	0.06638
2608	0.06018
2610	0.05638
2612	0.05239
2614	0.04845
2616	0.04548
2618	0.04327
2620	0.04026
2622	0.03646
2624	0.0333
2626	0.03006
2628	0.02728
2630	0.02482
2632	0.02305
2634	0.02099
2636	0.01858
2638	0.01743
2640	0.01651
2642	0.01477
2644	0.01442
2646	0.01245
2648	0.01237
2650	0.01218
2652	0.01056
2654	0.01019
2656	0.00913
2658	0.00817
2660	0.00783
2662	0.0068
2664	0.00595
2666	0.00666
2668	0.00675
2670	0.0056
2672	0.0043
2674	0.00393
2676	0.00315
2678	0.0024
2680	0.00249
2682	0.0025
2684	0.0038
2686	0.00348
2688	0.00336
2690	0.00311
2692	0.00235
2694	0.00191
2696	0.00209
2698	0.00211
2700	0.00221
2702	0.00212
2704	0.00155
2706	0.00212
2708	0.00268
2710	0.00252
2712	0.00263
2714	0.00242
2716	0.00226
2718	0.00231
2720	0.00222
2722	0.00114
2724	8.48333E-4
2726	0.00163
2728	0.00172
2730	1.37124E-5
2732	-7.70161E-4
2734	-0.00133
2736	-0.00116
2738	-0.00124
2740	-0.00173
2742	-0.00242
2744	-0.00236
2746	-0.00197
2748	-0.00127
2750	-2.72022E-4
2752	-3.10895E-4
2754	-0.0013
2756	-0.0017
2758	-8.68516E-4
2760	-4.13389E-4
2762	-3.36263E-4
2764	7.93864E-4
2766	8.8999E-4
2768	-5.81883E-4
2770	-0.00152
2772	-0.00257
2774	-0.00175
2776	-0.00131
2778	-0.00193
2780	-3.68124E-4
2782	6.07003E-4
2784	9.8713E-4
2786	0.00163
2788	5.67383E-4
2790	3.09509E-4
2792	0.00127
2794	0.00143
2796	0.00131
2798	3.88015E-4
2800	2.05142E-4
2802	5.89269E-4
2804	4.62395E-4
2806	0.00124
2808	-4.05352E-4
2810	-7.28225E-4
2812	-0.00206
2814	-0.00103
2816	-5.21846E-4
2818	-2.5719E-5
2820	3.91408E-4
2822	-2.68466E-4
2824	4.64661E-4
2826	5.21787E-4
2828	0.00189
2830	0.00151
2832	7.88167E-4
2834	-6.25706E-4
2836	-0.00128
2838	-0.00134
2840	-0.00106
2842	1.458E-4
2844	2.09926E-4
2846	0.00102
2848	4.51794E-5
2850	6.95306E-4
2852	5.23433E-4
2854	8.06559E-4
2856	7.06686E-4
2858	6.58812E-4
2860	1.42303E-4
2862	-4.06934E-4
2864	-8.1517E-4
2866	-0.00143
2868	-0.00115
2870	-7.5988E-4
2872	-9.90116E-4
2874	5.55647E-4
2876	0.00125
2878	9.07174E-4
2880	1.88938E-4
2882	-5.42299E-4
2884	-1.36535E-4
2886	0.00113
2888	0.002
2890	0.00218
2892	0.00214
2894	0.00193
2896	5.69046E-4
2898	5.75809E-4
2900	0.00108
2902	6.29336E-4
2904	0.00153
2906	1.77863E-4
2908	-7.57373E-4
2910	-0.00181
2912	-0.00223
2914	-0.00166
2916	-0.00272
2918	-0.00253
2920	-0.00162
2922	-0.00227
2924	-0.00282
2926	-0.00258
2928	-0.00175
2930	-3.18853E-4
2932	7.81032E-4
2934	1.43917E-4
2936	3.65802E-4
2938	-8.69312E-4
2940	-0.0012
2942	-0.00152
2944	-0.00194
2946	-9.83771E-4
2948	-9.96886E-4
2950	-0.00159
2952	-0.00245
2954	-0.00219
2956	-0.00178
2958	-0.00146
2960	-0.00153
2962	-0.00254
2964	-0.0022
2966	-0.00174
2968	-0.00138
2970	-7.70148E-4
2972	-0.00198
2974	-0.00118
2976	-9.01493E-4
2978	-2.10607E-4
2980	-6.87722E-4
2982	-0.00142
2984	-7.05952E-4
2986	-7.70066E-4
2988	-9.11181E-4
2990	2.26704E-4
2992	-5.40411E-4
2994	-9.28525E-4
2996	-5.2564E-4
2998	-5.88379E-4
3000	7.27763E-4
3002	4.82905E-4
3004	-0.00105
3006	-7.84812E-4
3008	6.8233E-4
3010	8.50471E-4
3012	-5.10387E-4
3014	-0.00112
3016	-7.63103E-4
3018	2.39038E-4
3020	6.31801E-5
3022	6.79322E-4
3024	0.00111
3026	0.0013
3028	0.00134
3030	4.83889E-4
3032	7.60305E-5
3034	4.61722E-5
3036	2.80314E-4
3038	1.32456E-4
3040	3.29597E-4
3042	0.001
3044	6.20881E-4
3046	0.00107
3048	7.12164E-4
3050	-6.15694E-4
3052	-4.68552E-4
3054	4.8659E-4
3056	0.00152
3058	0.00188
3060	0.00105
3062	-8.28436E-5
3064	-2.27702E-4
3066	5.3644E-4
3068	5.37916E-4
3070	3.89061E-4
3072	4.61206E-4
3074	7.47351E-4
3076	-1.87504E-4
3078	-6.39359E-4
3080	-0.00152
3082	-0.00151
3084	-0.0018
3086	-0.00239
3088	-0.00121
3090	-0.00111
3092	-6.24343E-4
3094	-7.05198E-4
3096	-1.69053E-4
3098	6.95092E-4
3100	8.19237E-4
3102	8.68382E-4
3104	8.52527E-4
3106	0.00163
3108	0.00161
3110	6.49962E-4
3112	-9.89285E-6
3114	3.73252E-4
3116	6.97397E-4
3118	5.56542E-4
3120	5.14687E-4
3122	6.13832E-4
3124	1.14977E-4
3126	0.01611
3128	0.08193
3130	0.18638
3132	0.30664
3134	0.42907
3136	0.54431
3138	0.65262
3140	0.75023
3142	0.83663
3144	0.91279
3146	0.97995
3148	1.03816
3150	1.0876
3152	1.1298
3154	1.15808
3156	1.13232
3158	1.06112
3160	0.96825
3162	0.86936
3164	0.77298
3166	0.68221
3168	0.59985
3170	0.52602
3172	0.45976
3174	0.4011
3176	0.34969
3178	0.30397
3180	0.26611
3182	0.23385
3184	0.20548
3186	0.17984
3188	0.15966
3190	0.14296
3192	0.12708
3194	0.1138
3196	0.10096
3198	0.09185
3200	0.08378
3202	0.07594
3204	0.0686
3206	0.06191
3208	0.05595
3210	0.05235
3212	0.04857
3214	0.04434
3216	0.04105
3218	0.03772
3220	0.03485
3222	0.03301
3224	0.03017
3226	0.0274
3228	0.02444
3230	0.02201
3232	0.0197
3234	0.01961
3236	0.01854
3238	0.01706
3240	0.01511
3242	0.01324
3244	0.01253
3246	0.01215
3248	0.01044
3250	0.00912
3252	0.00869
3254	0.00709
3256	0.00616
3258	0.00538
3260	0.0044
3262	0.0035
3264	0.00271
3266	0.00225
3268	0.0016
3270	0.00183
3272	9.27956E-4
3274	6.48193E-4
3276	0.00101
3278	7.99045E-4
3280	9.97535E-4
3282	0.00146
3284	9.64514E-4
3286	-8.29996E-4
3288	-9.91507E-4
3290	-6.76017E-4
3292	-0.0011
3294	-5.99038E-4
3296	4.51452E-4
3298	0.00127
3300	0.00105
3302	-1.56079E-4
3304	-0.00122
3306	-0.00156
3308	-6.8361E-4
3310	-1.78121E-4
3312	5.05369E-4
3314	0.0012
3316	6.11348E-4
3318	2.28838E-4
3320	5.95328E-4
3322	0.0015
3324	0.00126
3326	8.99796E-4
3328	9.13286E-4
3330	-5.32243E-5
3332	-5.12735E-4
3334	-0.0012
3336	-0.00131
3338	-7.82266E-4
3340	-0.00101
3342	-9.70286E-4
3344	-3.05797E-4
3346	-1.07307E-4
3348	-0.00116
3350	-0.00172
3352	-0.00215
3354	-0.00222
3356	-0.00228
3358	-0.00271
3360	-0.00278
3362	-0.00238
3364	-0.00248
3366	-0.0022
3368	-2.26315E-4
3370	-7.38498E-4
3372	-0.00114
3374	-0.0018
3376	-0.00103
3378	2.10772E-4
3380	6.53589E-4
3382	0.00147
3384	9.63224E-4
3386	8.60414E-5
3388	-2.75141E-4
3390	-3.81324E-4
3392	9.76494E-4
3394	7.47311E-4
3396	-2.58871E-4
3398	-7.73054E-4
3400	-0.00104
3402	-0.00117
3404	-0.00273
3406	-0.00184
3408	-2.95967E-4
3410	-0.0018
3412	-0.00193
3414	-6.78515E-4
3416	5.90139E-4
3418	-9.10245E-5
3420	-4.39188E-4
3422	2.65648E-4
3424	5.37484E-4
3426	5.4532E-4
3428	-5.1844E-5
3430	-0.00162
3432	-9.02172E-4
3434	-5.83336E-4
3436	-7.505E-4
3438	-7.10664E-4
3440	7.41726E-5
3442	-2.14991E-4
3444	-0.00162
3446	-0.00224
3448	-0.00203
3450	-0.00204
3452	-0.0024
3454	-0.00204
3456	-0.00278
3458	-0.00238
3460	-0.00231
3462	-0.00216
3464	-0.0016
3466	-0.00249
3468	-0.00163
3470	-1.32286E-4
3472	3.4355E-4
3474	9.81386E-4
3476	0.00126
3478	0.00102
3480	9.07895E-4
3482	8.43731E-4
3484	4.07567E-4
3486	9.47712E-4
3488	0.00142
3490	0.00198
3492	0.00369
3494	0.00365
3496	0.00251
3498	0.00154
3500	0.00161
3502	0.00243
3504	0.00321
3506	0.00356
3508	0.00219
3510	0.0021
3512	0.0023
3514	0.00284
3516	0.00258
3518	0.00171
3520	0.00179
3522	0.00215
3524	0.00249
3526	0.00127
3528	0.00108
3530	0.0023
3532	0.00168
3534	9.52036E-4
3536	0.00186
3538	0.00177
3540	0.00187
3542	0.00196
3544	0.00292
3546	0.00401
3548	0.00268
3550	0.00175
3552	-5.01093E-4
3554	-0.00143
3556	-7.09948E-4
3558	2.24052E-4
3560	0.00175
3562	0.00211
3564	0.00159
3566	-1.67948E-4
3568	-0.00138
3570	-7.98948E-4
3572	-0.00117
3574	-0.00122
3576	-8.11948E-4
3578	-5.02948E-4
3580	-3.40948E-4
3582	-6.54948E-4
3584	-4.99948E-4
3586	-0.00281
3588	-0.00247
3590	-6.97948E-4
3592	-9.69948E-4
3594	-0.00102
3596	-8.87948E-4
3598	4.66052E-4
3600	0.00173
3602	0.00167
3604	0.00128
3606	0.00134
3608	0.00121
3610	0.00137
3612	0.00124
3614	0.00176
3616	0.00165
3618	0.00176
3620	0.00219
3622	4.09052E-4
3624	-9.14948E-4
3626	-5.76493E-4
3628	-3.5981E-4
3630	-0.00139
3632	-0.00208
3634	-0.00113
3636	-2.2708E-4
3638	-3.36397E-4
3640	-0.00129
3642	-0.00219
3644	-0.00181
3646	7.0333E-5
3648	0.00169
3650	0.00292
3652	0.00323
3654	0.0035
3656	0.00446
3658	0.0041
3660	0.00346
3662	0.0023
3664	0.00153
3666	0.00158
3668	0.00277
3670	0.00155
3672	1.55206E-4
3674	4.41889E-4
3676	-2.20428E-4
3678	-0.00109
3680	-0.00201
3682	-0.00156
3684	-0.00185
3686	-0.00117
3688	-6.28333E-4
3690	-2.7465E-4
3692	3.02032E-4
3694	4.62715E-4
3696	1.8852E-5
3698	-3.27198E-5
3700	9.30708E-4
3702	-1.78633E-5
3704	-0.00111
3706	-0.00123
3708	-2.98579E-4
3710	2.6785E-4
3712	-9.06722E-4
3714	-0.00133
3716	-0.00154
3718	-0.00213
3720	-0.00224
3722	-0.0019
3724	-0.00213
3726	0.00901
3728	0.06895
3730	0.16833
3732	0.28511
3734	0.40544
3736	0.52122
3738	0.62786
3740	0.72491
3742	0.8128
3744	0.89055
3746	0.95909
3748	1.01759
3750	1.06797
3752	1.11139
3754	1.14069
3756	1.12204
3758	1.05856
3760	0.96887
3762	0.87229
3764	0.77739
3766	0.68661
3768	0.60329
3770	0.52867
3772	0.46376
3774	0.40485
3776	0.35426
3778	0.3094
3780	0.27016
3782	0.23591
3784	0.20696
3786	0.1825
3788	0.16248
3790	0.14514
3792	0.12916
3794	0.11599
3796	0.10437
3798	0.09464
3800	0.08581
3802	0.07825
3804	0.07126
3806	0.06501
3808	0.0599
3810	0.05516
3812	0.04918
3814	0.04522
3816	0.04137
3818	0.03839
3820	0.0354
3822	0.03246
3824	0.0295
3826	0.02802
3828	0.02705
3830	0.02489
3832	0.02247
3834	0.01987
3836	0.01759
3838	0.01654
3840	0.01503
3842	0.01323
3844	0.01137
3846	0.00897
3848	0.00856
3850	0.0086
3852	0.00907
3854	0.00993
3856	0.00892
3858	0.00892
3860	0.00825
3862	0.00751
3864	0.0077
3866	0.00703
3868	0.0059
3870	0.00478
3872	0.00459
3874	0.00346
3876	0.00239
3878	0.00292
3880	0.00255
3882	0.00148
3884	0.00137
3886	0.00268
3888	0.00172
3890	0.00262
3892	0.0025
3894	0.00195
3896	0.00134
3898	7.76786E-4
3900	-3.28626E-4
3902	-0.00101
3904	2.60116E-4
3906	0.00177
3908	7.76697E-4
3910	-0.0013
3912	-8.87722E-4
3914	-7.95431E-4
3916	1.18592E-5
3918	4.9315E-4
3920	-6.4056E-4
3922	-6.12269E-4
3924	6.61021E-4
3926	6.24311E-4
3928	8.87602E-4
3930	7.06892E-4
3932	2.11829E-5
3934	6.61473E-4
3936	1.55764E-4
3938	-6.39946E-4
3940	-9.75655E-4
3942	-8.18365E-4
3944	-0.0013
3946	-0.00116
3948	-9.06493E-4
3950	-0.00103
3952	-0.00199
3954	-0.00188
3956	-0.00125
3958	-9.67041E-4
3960	-0.00108
3962	-0.00155
3964	-0.00208
3966	-0.0015
3968	-9.64589E-4
3970	-0.00105
3972	-0.00113
3974	-6.17881E-4
3976	-0.00144
3978	-0.00182
3980	-0.00125
3982	-0.0013
3984	-0.00141
3986	-0.00126
3988	-0.00215
3990	-0.00207
3992	-0.00108
3994	1.11745E-4
3996	-4.78292E-4
3998	-0.00101
4000	-5.93367E-4
4002	3.32596E-4
4004	-2.93442E-4
4006	1.61521E-4
4008	1.03484E-4
4010	-5.85535E-5
4012	-7.75591E-4
4014	-6.97628E-4
4016	-2.30666E-4
4018	-6.67029E-5
4020	0.00126
4022	0.00139
4024	0.00107
4026	5.83148E-4
4028	8.7011E-4
4030	4.78073E-4
4032	3.21036E-4
4034	-8.17002E-4
4036	-5.11039E-4
4038	2.39237E-5
4040	9.49886E-4
4042	4.83849E-4
4044	-0.00101
4046	-0.00118
4048	-0.00129
4050	-9.83699E-4
4052	-0.00142
4054	-0.00101
4056	-0.00161
4058	-0.0017
4060	-0.00233
4062	-0.00214
4064	-0.00263
4066	-0.00166
4068	-0.00121
4070	-8.44434E-4
4072	-5.40307E-4
4074	-5.45181E-4
4076	-0.00127
4078	-0.00172
4080	-0.00225
4082	-0.00289
4084	-0.00179
4086	-7.15421E-4
4088	1.85705E-4
4090	4.25832E-4
4092	5.26958E-4
4094	0.00103
4096	0.00176
4098	3.43338E-4
4100	-8.48535E-4
4102	-8.66409E-4
4104	-1.11282E-4
4106	0.00139
4108	9.27971E-4
4110	0.00149
4112	0.00218
4114	0.00105
4116	0.00111
4118	0.00124
4120	0.00239
4122	0.00194
4124	8.78893E-4
4126	9.92947E-4
4128	3.96001E-4
4130	-3.06945E-4
4132	-8.68891E-4
4134	-8.29837E-4
4136	-8.41783E-4
4138	-2.83729E-4
4140	-7.32675E-4
4142	-0.00124
4144	-0.00204
4146	-0.00137
4148	-3.2546E-4
4150	-3.34406E-4
4152	-8.05352E-4
4154	4.23702E-4
4156	0.00165
4158	0.00169
4160	0.00138
4162	0.00173
4164	9.25972E-4
4166	-1.50974E-4
4168	1.2608E-4
4170	5.08134E-4
4172	-1.45812E-4
4174	-0.00209
4176	-0.00196
4178	-0.00182
4180	-6.93596E-4
4182	-8.01542E-4
4184	-0.00102
4186	-1.97816E-4
4188	6.50547E-4
4190	-6.7109E-4
4192	-0.0012
4194	-0.0012
4196	-0.00148
4198	-0.00131
4200	-9.19275E-4
4202	-2.02912E-4
4204	1.08451E-4
4206	6.49814E-4
4208	9.31177E-4
4210	-4.31459E-4
4212	-9.04096E-4
4214	-0.00165
4216	-0.00158
4218	-0.0017
4220	-0.00171
4222	-0.00143
4224	-0.00111
4226	-9.75549E-5
4228	4.48808E-4
4230	4.47171E-4
4232	-8.56466E-4
4234	-0.00171
4236	-0.00146
4238	-0.00158
4240	-0.00137
4242	-0.00129
4244	-4.93287E-4
4246	7.87076E-4
4248	2.32439E-4
4250	9.17802E-4
4252	8.95167E-4
4254	1.45415E-5
4256	6.4916E-5
4258	9.52905E-5
4260	-5.06335E-4
4262	7.93039E-4
4264	1.82414E-4
4266	0.00103
4268	-1.62837E-4
4270	2.51537E-4
4272	0.00154
4274	7.42286E-4
4276	2.99661E-4
4278	-2.29647E-5
4280	3.5241E-4
4282	-6.02157E-5
4284	3.49159E-4
4286	-4.16467E-4
4288	-4.60092E-4
4290	-4.80718E-4
4292	-9.99343E-4
4294	-5.03969E-4
4296	-4.17594E-4
4298	-0.00101
4300	-9.78845E-4
4302	-3.33471E-4
4304	-9.61096E-4
4306	-5.18722E-4
4308	-3.89347E-4
4310	-5.57973E-4
4312	-3.26598E-4
4314	-0.00125
4316	-0.00126
4318	-5.58475E-4
4320	3.789E-4
4322	-5.6479E-5
4324	3.92636E-4
4326	0.00815
4328	0.0607
4330	0.15648
4332	0.27125
4334	0.38986
4336	0.50409
4338	0.61029
4340	0.70756
4342	0.7942
4344	0.87042
4346	0.93728
4348	0.9955
4350	1.04642
4352	1.08958
4354	1.12175
4356	1.11048
4358	1.04919
4360	0.96399
4362	0.86935
4364	0.77493
4366	0.68526
4368	0.60194
4370	0.52864
4372	0.46241
4374	0.40392
4376	0.35197
4378	0.30689
4380	0.26832
4382	0.23551
4384	0.20693
4386	0.18304
4388	0.16258
4390	0.14509
4392	0.12993
4394	0.11677
4396	0.10436
4398	0.09444
4400	0.08552
4402	0.07723
4404	0.0708
4406	0.06505
4408	0.05965
4410	0.05351
4412	0.0494
4414	0.04605
4416	0.04369
4418	0.04185
4420	0.03867
4422	0.0361
4424	0.03369
4426	0.03226
4428	0.02977
4430	0.02705
4432	0.02331
4434	0.02141
4436	0.02023
4438	0.01916
4440	0.01789
4442	0.01595
4444	0.01415
4446	0.01331
4448	0.01205
4450	0.01189
4452	0.01178
4454	0.00941
4456	0.00833
4458	0.00801
4460	0.00739
4462	0.00739
4464	0.00696
4466	0.00747
4468	0.00721
4470	0.00593
4472	0.00584
4474	0.00513
4476	0.00434
4478	0.00403
4480	0.00352
4482	0.00288
4484	0.00157
4486	0.00118
4488	6.87387E-4
4490	0.00113
4492	7.49113E-4
4494	0.00121
4496	0.00171
4498	0.00182
4500	0.00111
4502	0.00183
4504	0.00209
4506	0.00221
4508	0.0014
4510	0.00124
4512	9.02744E-4
4514	-3.82893E-4
4516	-9.1353E-4
4518	2.77833E-4
4520	-2.40804E-4
4522	-0.00127
4524	-2.40778E-5
4526	1.35285E-4
4528	6.09648E-4
4530	2.84011E-4
4532	-9.53534E-5
4534	-0.00107
4536	7.83626E-4
4538	0.00238
4540	8.57605E-4
4542	-3.43905E-4
4544	-2.88416E-4
4546	-2.36926E-4
4548	-4.68436E-4
4550	-6.10947E-4
4552	-3.03457E-4
4554	-4.34967E-4
4556	2.96522E-4
4558	5.73012E-4
4560	0.00127
4562	0.0012
4564	0.0011
4566	0.00163
4568	0.00134
4570	9.1595E-4
4572	-2.40561E-4
4574	-0.00231
4576	-0.00255
4578	-0.00216
4580	-0.00176
4582	-0.00178
4584	-0.00226
4586	-0.00268
4588	-0.00108
4590	-8.27154E-4
4592	-2.42664E-4
4594	0.00145
4596	0.00148
4598	6.51804E-4
4600	-2.82706E-4
4602	1.06585E-4
4604	0.00207
4606	0.00176
4608	0.00101
4610	0.00132
4612	0.00127
4614	6.35327E-4
4616	8.06178E-5
4618	-4.30918E-5
4620	1.13199E-4
4622	-9.39511E-4
4624	-0.00154
4626	-5.7693E-4
4628	0.00215
4630	0.00237
4632	0.00179
4634	0.00133
4636	0.00121
4638	0.00124
4640	6.73103E-4
4642	3.46394E-4
4644	8.22684E-4
4646	-6.40025E-4
4648	7.10265E-4
4650	6.21556E-4
4652	3.0846E-5
4654	-3.42863E-4
4656	5.35427E-4
4658	-5.27283E-4
4660	-6.32992E-4
4662	-0.00105
4664	-0.00133
4666	-1.79121E-4
4668	2.0517E-4
4670	-5.40067E-4
4672	-4.21941E-4
4674	-6.89814E-4
4676	-9.97687E-4
4678	-2.67561E-4
4680	-4.36434E-4
4682	-1.57308E-4
4684	-1.96181E-4
4686	-7.73055E-4
4688	-4.37928E-4
4690	-2.40802E-4
4692	-6.02675E-4
4694	1.60452E-4
4696	6.14578E-4
4698	-1.55295E-4
4700	-8.92169E-4
4702	-0.00125
4704	-0.0013
4706	-5.52789E-4
4708	-2.38663E-4
4710	-4.54536E-4
4712	-0.00186
4714	-0.00205
4716	-1.26156E-4
4718	2.3397E-4
4720	0.00119
4722	0.00179
4724	0.00165
4726	5.13477E-4
4728	0.00173
4730	0.00213
4732	2.40856E-4
4734	1.38983E-4
4736	-9.88907E-5
4738	-4.34764E-4
4740	-3.35892E-4
4742	4.97471E-4
4744	9.94834E-4
4746	0.00107
4748	0.00138
4750	6.61923E-4
4752	0.0018
4754	0.00139
4756	6.56013E-4
4758	0.0012
4760	2.48739E-4
4762	-1.24898E-4
4764	-4.83535E-4
4766	-9.51172E-4
4768	-0.00121
4770	-6.42446E-4
4772	-6.46083E-4
4774	-7.67198E-5
4776	3.56433E-5
4778	-3.28994E-4
4780	-4.83631E-4
4782	-0.00165
4784	-0.0033
4786	-0.00146
4788	-7.49178E-4
4790	1.91185E-4
4792	-0.00207
4794	-0.00305
4796	-0.00389
4798	-0.0031
4800	-0.00178
4802	-0.00273
4804	-0.00207
4806	1.92089E-4
4808	0.00185
4810	0.00136
4812	3.37196E-4
4814	7.96904E-4
4816	0.00149
4818	0.00132
4820	6.53028E-4
4822	-5.14264E-4
4824	-1.66556E-4
4826	-9.52848E-4
4828	-7.9014E-4
4830	-5.88432E-4
4832	-0.00135
4834	-0.00236
4836	-0.00193
4838	-0.00114
4840	-5.21893E-4
4842	-8.76185E-4
4844	-0.00189
4846	-0.00129
4848	-8.44061E-4
4850	-6.84353E-4
4852	-3.98645E-4
4854	-8.86937E-4
4856	-4.75229E-4
4858	4.07479E-4
4860	5.00187E-4
4862	0.00101
4864	0.00146
4866	0.00106
4868	-7.69812E-5
4870	-9.76273E-4
4872	-0.00128
4874	-8.22857E-4
4876	-0.00126
4878	-0.00107
4880	-0.00104
4882	-9.11045E-4
4884	-0.00124
4886	-0.00148
4888	-9.55156E-4
4890	-0.00133
4892	-6.22563E-4
4894	-0.00106
4896	-0.00147
4898	-0.00123
4900	-6.25377E-4
4902	-8.32081E-4
4904	-3.63784E-4
4906	5.50512E-4
4908	-9.11917E-5
4910	-6.73895E-4
4912	-8.37599E-4
4914	-5.80303E-4
4916	-0.00154
4918	-0.00143
4920	-0.00158
4922	-0.00159
4924	-0.00165
4926	0.00294
4928	0.04812
4930	0.13564
4932	0.24525
4934	0.3602
4936	0.47245
4938	0.57856
4940	0.67566
4942	0.76245
4944	0.83913
4946	0.90602
4948	0.96547
4950	1.01577
4952	1.05966
4954	1.09402
4956	1.09109
4958	1.03889
4960	0.95774
4962	0.86631
4964	0.77345
4966	0.68439
4968	0.60356
4970	0.52917
4972	0.46284
4974	0.40357
4976	0.35142
4978	0.30635
4980	0.26795
4982	0.23592
4984	0.20768
4986	0.18202
4988	0.15996
4990	0.14239
4992	0.12794
4994	0.1154
4996	0.10348
4998	0.09251
5000	0.08324
5002	0.07622
5004	0.06861
5006	0.06344
5008	0.05899
5010	0.05473
5012	0.05039
5014	0.04581
5016	0.04215
5018	0.03745
5020	0.03347
5022	0.03084
5024	0.029
5026	0.02594
5028	0.02269
5030	0.02031
5032	0.0178
5034	0.01746
5036	0.01624
5038	0.01481
5040	0.01384
5042	0.01237
5044	0.01007
5046	0.00757
5048	0.00704
5050	0.00664
5052	0.00627
5054	0.00563
5056	0.00503
5058	0.00396
5060	0.00409
5062	0.00428
5064	0.00302
5066	0.00145
5068	0.00119
5070	0.002
5072	0.00251
5074	0.00218
5076	0.00143
5078	3.32054E-5
5080	-7.08332E-4
5082	-6.67869E-4
5084	-0.00123
5086	-8.47944E-4
5088	9.9305E-4
5090	0.001
5092	0.00115
5094	5.11011E-4
5096	-4.13336E-4
5098	-6.20682E-4
5100	-5.70029E-4
5102	2.07625E-4
5104	5.19278E-4
5106	-6.56068E-4
5108	-7.24146E-5
5110	5.9239E-5
5112	7.88925E-5
5114	6.68546E-4
5116	-4.198E-4
5118	-4.32147E-4
5120	-8.77493E-4
5122	-4.4084E-4
5124	2.03814E-4
5126	1.47467E-4
5128	-4.38793E-5
5130	-3.95226E-4
5132	-1.46572E-4
5134	6.27081E-4
5136	4.27349E-5
5138	-0.00165
5140	-0.00331
5142	-0.00345
5144	-0.00338
5146	-0.00349
5148	-0.00225
5150	-0.00138
5152	-0.00108
5154	-0.00206
5156	-0.00193
5158	-7.22385E-4
5160	1.40341E-4
5162	-0.00119
5164	-9.01207E-4
5166	-9.54481E-4
5168	-0.0013
5170	-0.00181
5172	-0.00194
5174	-0.0013
5176	-6.5985E-4
5178	-3.94124E-4
5180	6.75602E-4
5182	9.94328E-4
5184	0.00194
5186	9.85781E-4
5188	8.33507E-4
5190	0.00244
5192	0.00228
5194	8.35685E-4
5196	2.28411E-4
5198	-1.45862E-4
5200	0.00104
5202	0.0015
5204	1.15316E-4
5206	3.90421E-5
5208	-2.14232E-4
5210	-7.93506E-4
5212	-7.77944E-6
5214	-4.28053E-4
5216	-9.17327E-4
5218	-5.45601E-4
5220	-2.75875E-4
5222	-1.40149E-4
5224	-2.46423E-4
5226	2.38304E-4
5228	-2.2377E-4
5230	2.03565E-5
5232	-7.63517E-4
5234	-0.00224
5236	-0.00112
5238	-0.0018
5240	-0.0013
5242	-3.67884E-4
5244	-6.81758E-4
5246	-0.00101
5248	2.80496E-4
5250	7.98622E-4
5252	8.73749E-4
5254	3.05875E-4
5256	7.61002E-4
5258	7.11128E-4
5260	0.00116
5262	0.0018
5264	3.21508E-4
5266	0.00126
5268	6.32761E-4
5270	7.29888E-4
5272	-3.49986E-4
5274	-4.16859E-4
5276	-4.92733E-4
5278	9.30394E-4
5280	0.00226
5282	0.00229
5284	0.00142
5286	8.719E-4
5288	6.67027E-4
5290	-6.69847E-4
5292	-2.9272E-4
5294	-5.24594E-4
5296	-0.00125
5298	-0.00146
5300	-6.68941E-4
5302	4.96949E-4
5304	9.59839E-4
5306	6.57729E-4
5308	6.22619E-4
5310	5.95509E-4
5312	-6.65601E-4
5314	6.82889E-5
5316	0.00148
5318	3.98069E-4
5320	6.07959E-4
5322	1.13849E-4
5324	7.87391E-5
5326	2.80629E-4
5328	5.47519E-4
5330	-5.83591E-4
5332	-5.23701E-4
5334	-0.00144
5336	-0.00247
5338	-0.00199
5340	-8.70141E-4
5342	-2.0825E-4
5344	-5.8836E-4
5346	-0.00126
5348	-0.00223
5350	-0.00266
5352	-0.00155
5354	-9.59102E-5
5356	0.00128
5358	0.00186
5360	8.6976E-4
5362	3.7665E-4
5364	3.8454E-4
5366	0.00171
5368	0.00159
5370	-2.83274E-4
5372	-7.56284E-4
5374	-0.00113
5376	-5.41305E-4
5378	2.20684E-4
5380	3.21674E-4
5382	7.81663E-4
5384	3.11653E-4
5386	3.59643E-4
5388	0.00118
5390	8.60622E-4
5392	8.51611E-4
5394	6.81601E-4
5396	-8.18409E-4
5398	-8.6142E-4
5400	-2.6443E-4
5402	-5.08441E-4
5404	-3.54512E-5
5406	0.00135
5408	6.71528E-4
5410	-2.92482E-4
5412	2.92507E-4
5414	8.23497E-4
5416	7.75486E-4
5418	4.10476E-4
5420	-5.69535E-4
5422	-7.01545E-4
5424	0.00103
5426	0.00108
5428	7.94424E-4
5430	-2.61587E-4
5432	2.88403E-4
5434	0.001
5436	6.03821E-5
5438	-1.20012E-4
5440	-8.30407E-4
5442	-5.67801E-4
5444	1.30805E-4
5446	2.8541E-4
5448	5.13016E-4
5450	0.00133
5452	0.00101
5454	-7.21669E-5
5456	6.77439E-4
5458	7.91044E-4
5460	8.1565E-4
5462	-3.82744E-4
5464	-6.64139E-4
5466	4.37467E-4
5468	4.65073E-4
5470	-4.85322E-4
5472	-0.0022
5474	-0.00141
5476	-0.00199
5478	-0.00389
5480	-0.00353
5482	-0.00287
5484	-0.00208
5486	-0.00275
5488	-0.00104
5490	-5.9265E-5
5492	-5.90659E-4
5494	-0.00102
5496	3.55199E-6
5498	-5.28842E-4
5500	-3.70237E-4
5502	-3.49631E-4
5504	-5.91025E-4
5506	-0.00125
5508	-7.54163E-4
5510	2.85809E-6
5512	3.02879E-4
5514	4.869E-4
5516	0.00142
5518	0.00152
5520	1.10963E-4
5522	1.79984E-4
5524	-3.45995E-4
5526	0.00324
5528	0.04143
5530	0.1232
5532	0.22919
5534	0.34251
5536	0.45283
5538	0.558
5540	0.65495
5542	0.74094
5544	0.81691
5546	0.88465
5548	0.94314
5550	0.9941
5552	1.0389
5554	1.07533
5556	1.0785
5558	1.03076
5560	0.95422
5562	0.86305
5564	0.76929
5566	0.68259
5568	0.60246
5570	0.52962
5572	0.46366
5574	0.40487
5576	0.35344
5578	0.30783
5580	0.2691
5582	0.2342
5584	0.20548
5586	0.182
5588	0.16186
5590	0.14429
5592	0.12864
5594	0.11364
5596	0.10227
5598	0.09298
5600	0.0842
5602	0.07741
5604	0.07135
5606	0.0649
5608	0.05873
5610	0.05381
5612	0.04931
5614	0.04576
5616	0.0431
5618	0.04028
5620	0.03754
5622	0.03438
5624	0.03047
5626	0.02667
5628	0.02354
5630	0.0212
5632	0.0203
5634	0.01953
5636	0.01848
5638	0.01638
5640	0.01374
5642	0.0117
5644	0.01171
5646	0.011
5648	0.01058
5650	0.0097
5652	0.0096
5654	0.00929
5656	0.00783
5658	0.00751
5660	0.0069
5662	0.00601
5664	0.00375
5666	0.00244
5668	0.00243
5670	0.00206
5672	0.00165
5674	0.00149
5676	9.34416E-4
5678	0.00123
5680	7.00395E-4
5682	-3.45115E-4
5684	7.71375E-4
5686	1.69864E-4
5688	5.38354E-4
5690	0.00161
5692	0.00158
5694	0.00139
5696	-4.14688E-4
5698	7.98021E-5
5700	2.37292E-4
5702	-7.68219E-4
5704	-3.25729E-4
5706	-3.63239E-4
5708	-0.0013
5710	-0.0011
5712	-9.7177E-4
5714	-0.00111
5716	4.80905E-6
5718	7.86991E-5
5720	-2.95411E-4
5722	-6.84521E-4
5724	-2.11631E-4
5726	-1.04741E-4
5728	4.80149E-4
5730	-9.96063E-6
5732	5.92929E-4
5734	2.16819E-4
5736	0.00123
5738	1.736E-4
5740	3.9849E-4
5742	0.00115
5744	3.4927E-4
5746	5.3616E-4
5748	5.10498E-5
5750	3.1594E-4
5752	3.1983E-4
5754	-7.92801E-5
5756	-0.00145
5758	-0.0019
5760	-0.00136
5762	-4.7672E-4
5764	-3.9483E-4
5766	-0.00129
5768	-0.00203
5770	-0.00278
5772	-0.00294
5774	-0.00309
5776	-0.00304
5778	-0.00279
5780	-0.00249
5782	-0.00217
5784	-4.87929E-4
5786	-3.19676E-4
5788	8.30502E-5
5790	-0.00172
5792	-0.00221
5794	-0.00124
5796	-8.14045E-4
5798	-0.00127
5800	-0.00188
5802	-9.20867E-4
5804	2.72859E-4
5806	-3.13414E-4
5808	-6.84688E-4
5810	0.00145
5812	0.00134
5814	3.0449E-4
5816	2.80216E-4
5818	-3.85058E-4
5820	-6.60331E-4
5822	2.53947E-5
5824	2.97121E-4
5826	7.92847E-4
5828	-4.49427E-4
5830	-9.83701E-4
5832	-0.00162
5834	-0.00219
5836	-0.00189
5838	-0.00132
5840	-0.0017
5842	-6.19344E-4
5844	-6.67618E-4
5846	-9.11892E-4
5848	-3.99165E-4
5850	-3.94392E-5
5852	4.03287E-4
5854	4.29013E-4
5856	6.01831E-4
5858	-6.63521E-5
5860	-1.43535E-4
5862	-1.90717E-4
5864	-8.979E-4
5866	-0.00101
5868	-4.18265E-4
5870	-1.84475E-5
5872	-2.7663E-4
5874	-4.03813E-4
5876	-4.45995E-4
5878	-7.56178E-4
5880	-5.6836E-4
5882	4.92457E-4
5884	5.64275E-4
5886	1.72092E-4
5888	4.13909E-4
5890	-1.66273E-4
5892	2.30544E-4
5894	0.00132
5896	7.89179E-4
5898	1.09997E-4
5900	2.44814E-4
5902	6.86314E-5
5904	-7.53551E-4
5906	-0.00106
5908	-0.00117
5910	-9.48099E-4
5912	-7.57281E-4
5914	8.9536E-5
5916	-4.74647E-4
5918	-0.00199
5920	-0.00169
5922	-0.00231
5924	-0.00214
5926	-0.00204
5928	-0.00122
5930	-2.65779E-4
5932	-7.08652E-4
5934	4.54742E-5
5936	7.25601E-4
5938	1.48727E-4
5940	7.69854E-4
5942	0.00117
5944	3.14107E-4
5946	-4.77766E-4
5948	-9.5764E-4
5950	-0.00131
5952	-5.32387E-4
5954	6.4874E-4
5956	0.00124
5958	0.0018
5960	0.0013
5962	4.50246E-4
5964	-6.16275E-5
5966	-8.45009E-5
5968	-8.97374E-4
5970	-7.06248E-4
5972	-0.0013
5974	-0.00205
5976	-0.00147
5978	-2.61742E-4
5980	5.38503E-6
5982	2.08512E-4
5984	6.95638E-4
5986	0.0013
5988	8.86891E-4
5990	8.09018E-4
5992	0.00269
5994	0.00331
5996	0.0027
5998	0.00219
6000	0.00231
6002	0.00268
6004	0.00241
6006	0.0017
6008	0.00135
6010	0.00148
6012	0.00204
6014	0.00199
6016	0.002
6018	0.001
6020	9.49916E-4
6022	-2.89572E-5
6024	3.98169E-4
6026	0.00107
6028	0.00109
6030	4.08549E-4
6032	-1.44324E-4
6034	3.28021E-5
6036	-3.26071E-4
6038	-0.00118
6040	4.75182E-4
6042	-9.76916E-5
6044	-8.39565E-4
6046	-0.00107
6048	-0.00179
6050	-0.00106
6052	-1.98059E-4
6054	-3.48932E-4
6056	-1.97806E-4
6058	-0.00106
6060	-9.80553E-4
6062	6.55574E-4
6064	3.19555E-4
6066	-0.00137
6068	-5.91772E-4
6070	7.50064E-4
6072	0.00121
6074	0.00165
6076	6.04572E-4
6078	5.56408E-4
6080	0.00125
6082	0.00126
6084	0.00115
6086	3.88752E-4
6088	1.74589E-4
6090	-3.03575E-4
6092	-7.89739E-4
6094	-0.00138
6096	-7.38067E-4
6098	3.51769E-4
6100	0.00106
6102	2.64441E-4
6104	2.49277E-4
6106	-2.89887E-4
6108	-5.3105E-4
6110	1.91786E-4
6112	-1.81378E-4
6114	-0.00117
6116	-0.00118
6118	-4.4887E-4
6120	4.19661E-5
6122	2.20802E-4
6124	3.72638E-4
6126	0.00179
6128	0.0336
6130	0.11026
6132	0.21092
6134	0.32249
6136	0.43284
6138	0.5357
6140	0.63117
6142	0.71757
6144	0.79462
6146	0.86178
6148	0.91934
6150	0.97006
6152	1.01364
6154	1.04921
6156	1.05853
6158	1.01768
6160	0.94347
6162	0.8551
6164	0.76521
6166	0.67997
6168	0.59983
6170	0.52578
6172	0.46001
6174	0.40261
6176	0.35239
6178	0.30733
6180	0.26953
6182	0.2361
6184	0.20654
6186	0.18212
6188	0.16192
6190	0.14329
6192	0.12793
6194	0.11538
6196	0.10419
6198	0.09306
6200	0.08471
6202	0.07877
6204	0.0724
6206	0.06507
6208	0.05743
6210	0.05084
6212	0.04592
6214	0.04311
6216	0.03997
6218	0.0372
6220	0.03432
6222	0.03142
6224	0.02883
6226	0.02702
6228	0.02578
6230	0.02446
6232	0.02191
6234	0.01881
6236	0.01713
6238	0.01579
6240	0.01534
6242	0.0149
6244	0.0122
6246	0.01101
6248	0.01069
6250	0.00967
6252	0.00968
6254	0.0074
6256	0.00564
6258	0.00518
6260	0.00451
6262	0.00288
6264	0.00271
6266	0.00335
6268	0.00195
6270	0.00197
6272	0.00211
6274	0.00391
6276	0.00527
6278	0.00524
6280	0.00478
6282	0.00475
6284	0.00446
6286	0.00349
6288	0.00299
6290	0.00201
6292	0.0025
6294	0.0026
6296	0.00203
6298	0.00154
6300	4.39181E-4
6302	5.03361E-4
6304	2.79542E-4
6306	4.01722E-4
6308	-1.09732E-6
6310	-0.00134
6312	-0.00127
6314	-6.29556E-4
6316	-0.00213
6318	-0.0024
6320	-0.00201
6322	-0.00132
6324	-2.89653E-4
6326	-1.26473E-4
6328	4.87708E-4
6330	9.77888E-4
6332	0.00161
6334	0.00233
6336	0.00178
6338	5.5961E-4
6340	-2.58209E-4
6342	1.7359E-4
6344	-6.1252E-4
6346	-1.4763E-4
6348	7.3726E-4
6350	7.9715E-4
6352	0.0012
6354	9.7093E-4
6356	-4.6518E-4
6358	-9.0229E-4
6360	-6.384E-4
6362	1.4749E-4
6364	-2.0862E-4
6366	-3.27299E-5
6368	-5.1984E-4
6370	-4.4495E-4
6372	-1.40598E-5
6374	-5.4717E-4
6376	-9.9228E-4
6378	-0.00259
6380	-0.00413
6382	-0.00553
6384	-0.00527
6386	-0.00522
6388	-0.00369
6390	-0.00288
6392	-0.00177
6394	-3.18269E-4
6396	-9.96379E-4
6398	-8.04489E-4
6400	-0.00188
6402	-0.00281
6404	-0.00399
6406	-0.00326
6408	-0.00319
6410	-0.00416
6412	-0.00401
6414	-0.00246
6416	-0.00109
6418	-9.08225E-4
6420	-0.00171
6422	-0.00187
6424	-0.00168
6426	-0.00186
6428	-0.0024
6430	-0.00204
6432	-0.00118
6434	-0.00169
6436	-0.00139
6438	-7.59233E-4
6440	-5.91034E-4
6442	4.51165E-4
6444	7.25364E-4
6446	-5.67437E-4
6448	3.61763E-4
6450	3.60962E-4
6452	1.37161E-4
6454	3.3436E-4
6456	6.05559E-4
6458	7.84759E-4
6460	1.60958E-4
6462	2.08157E-4
6464	-2.98644E-4
6466	-7.89445E-4
6468	-0.00106
6470	-0.00144
6472	-4.62847E-4
6474	3.83519E-5
6476	3.55511E-5
6478	-7.5425E-4
6480	-4.77051E-4
6482	2.15494E-4
6484	-1.15616E-4
6486	9.26274E-4
6488	0.00123
6490	9.70542E-5
6492	-5.33056E-4
6494	-6.14166E-4
6496	-0.00142
6498	-0.00157
6500	-0.00203
6502	-9.42605E-4
6504	-0.00142
6506	1.75175E-4
6508	0.00134
6510	0.00184
6512	0.00123
6514	0.00147
6516	0.00129
6518	0.00149
6520	0.00154
6522	2.00295E-4
6524	8.46185E-4
6526	9.50075E-4
6528	7.76965E-4
6530	2.64855E-4
6532	-0.00104
6534	-0.00119
6536	-1.79475E-4
6538	-0.0015
6540	-0.00142
6542	-9.74805E-4
6544	-0.0012
6546	-0.00162
6548	-3.89134E-4
6550	4.17556E-5
6552	-2.80863E-4
6554	4.26322E-6
6556	-1.7561E-4
6558	-0.00191
6560	-0.00216
6562	-5.69231E-4
6564	0.00112
6566	0.00102
6568	0.00147
6570	0.00175
6572	0.00281
6574	0.00263
6576	0.0018
6578	0.00195
6580	0.00248
6582	0.00153
6584	6.16162E-4
6586	1.17288E-4
6588	0.0011
6590	0.00134
6592	0.00196
6594	0.00142
6596	2.77921E-4
6598	-6.93952E-4
6600	-0.00121
6602	2.94301E-4
6604	7.99427E-4
6606	0.00157
6608	0.00114
6610	6.26807E-4
6612	1.19933E-4
6614	-5.9994E-4
6616	-1.18813E-4
6618	-1.76869E-5
6620	1.8644E-4
6622	3.68496E-6
6624	-3.5646E-5
6626	-4.19977E-4
6628	2.67692E-4
6630	1.66361E-4
6632	4.903E-5
6634	5.18699E-4
6636	-9.63196E-6
6638	-2.25963E-4
6640	-5.94294E-4
6642	-6.83625E-4
6644	-0.00158
6646	-5.61287E-4
6648	-5.55618E-4
6650	-5.53949E-4
6652	-4.1228E-4
6654	-0.00161
6656	-0.00195
6658	-0.00183
6660	-9.31604E-4
6662	-8.22935E-4
6664	-0.00136
6666	-0.00141
6668	-0.00171
6670	-0.00161
6672	-0.00184
6674	-0.00301
6676	-0.00276
6678	-0.00213
6680	-0.00265
6682	-0.00255
6684	-0.00241
6686	-0.00302
6688	-0.00318
6690	-0.00216
6692	-0.0011
6694	-3.15974E-5
6696	-4.80112E-4
6698	1.74374E-4
6700	-3.0714E-4
6702	-7.44655E-4
6704	-0.00155
6706	-0.00197
6708	-0.00234
6710	-0.00119
6712	-6.48227E-4
6714	-4.71741E-4
6716	-1.41255E-4
6718	-4.8477E-4
6720	-7.76284E-4
6722	-0.00104
6724	-0.00191
6726	-0.00139
6728	0.02361
6730	0.09462
6732	0.19222
6734	0.30031
6736	0.4087
6738	0.51125
6740	0.60721
6742	0.69157
6744	0.76692
6746	0.83208
6748	0.88999
6750	0.94135
6752	0.9849
6754	1.02161
6756	1.0359
6758	1.00203
6760	0.93303
6762	0.84945
6764	0.76201
6766	0.67706
6768	0.59639
6770	0.52423
6772	0.45917
6774	0.40055
6776	0.34905
6778	0.30362
6780	0.2647
6782	0.23123
6784	0.20266
6786	0.17941
6788	0.15939
6790	0.14121
6792	0.12584
6794	0.11212
6796	0.10072
6798	0.09065
6800	0.08094
6802	0.07353
6804	0.06654
6806	0.05956
6808	0.05345
6810	0.04897
6812	0.04429
6814	0.04025
6816	0.03605
6818	0.03237
6820	0.02896
6822	0.02669
6824	0.02563
6826	0.02456
6828	0.02182
6830	0.02002
6832	0.01876
6834	0.01828
6836	0.01721
6838	0.01484
6840	0.01344
6842	0.01247
6844	0.01211
6846	0.00966
6848	0.00742
6850	0.00804
6852	0.00817
6854	0.0066
6856	0.00461
6858	0.00327
6860	0.00257
6862	0.00241
6864	0.00259
6866	6.5445E-4
6868	6.05462E-4
6870	0.00116
6872	0.00136
6874	0.00135
6876	0.00138
6878	2.20522E-4
6880	-5.94655E-5
6882	7.44547E-4
6884	8.68559E-4
6886	3.46571E-4
6888	-2.98417E-4
6890	1.01595E-4
6892	-8.10393E-4
6894	-4.56381E-4
6896	6.38631E-4
6898	0.00118
6900	-2.79024E-4
6902	-0.0014
6904	-0.00154
6906	-7.81066E-4
6908	-0.00107
6910	-9.2176E-4
6912	3.08893E-4
6914	7.56546E-4
6916	-1.18016E-5
6918	-5.51487E-5
6920	2.5041E-6
6922	9.41569E-5
6924	-4.4219E-4
6926	-0.00113
6928	-0.00186
6930	-0.00248
6932	-0.00166
6934	-0.00128
6936	-0.00114
6938	-9.7962E-4
6940	-2.83967E-4
6942	-3.40315E-4
6944	-2.20662E-4
6946	-7.71009E-4
6948	-0.00147
6950	-2.97032E-5
6952	2.1595E-4
6954	-2.03398E-4
6956	-2.64745E-4
6958	-0.00115
6960	-0.00157
6962	9.58214E-4
6964	0.00149
6966	8.8352E-4
6968	-1.99828E-4
6970	-0.00122
6972	-0.00119
6974	-0.00173
6976	-7.32481E-4
6978	6.05372E-4
6980	5.56226E-4
6982	2.98079E-4
6984	-1.10067E-4
6986	2.41786E-4
6988	-5.48361E-4
6990	-8.55071E-5
6992	0.00147
6994	0.00172
6996	0.00272
6998	0.00331
7000	0.00373
7002	0.00263
7004	0.00127
7006	0.00192
7008	0.00115
7010	0.00142
7012	0.00103
7014	7.49734E-4
7016	0.00107
7018	0.00152
7020	9.23294E-4
7022	9.55147E-4
7024	-7.05999E-4
7026	7.07854E-4
7028	0.00197
7030	0.00196
7032	0.00193
7034	0.00237
7036	0.00276
7038	0.00402
7040	0.00178
7042	0.0017
7044	0.00298
7046	0.00112
7048	0.00114
7050	0.00112
7052	9.65079E-4
7054	0.00113
7056	0.00129
7058	0.00137
7060	0.00189
7062	0.00162
7064	1.90876E-4
7066	-1.23244E-5
7068	0.00112
7070	0.00236
7072	0.00312
7074	0.00328
7076	0.00224
7078	0.00144
7080	0.00222
7082	0.00206
7084	0.00147
7086	8.1767E-4
7088	9.8047E-4
7090	0.00113
7092	5.74068E-4
7094	5.72868E-4
7096	7.66667E-4
7098	7.24668E-5
7100	-1.61734E-4
7102	-9.34297E-7
7104	9.83865E-4
7106	4.82665E-4
7108	3.61464E-4
7110	5.19518E-4
7112	2.25572E-4
7114	-4.49374E-4
7116	-0.00145
7118	-0.00113
7120	-0.00137
7122	2.00842E-4
7124	1.93896E-4
7126	-1.30504E-5
7128	8.60035E-5
7130	6.92057E-4
7132	0.00146
7134	0.00112
7136	3.15219E-4
7138	2.78273E-4
7140	0.00172
7142	0.00178
7144	0.00129
7146	3.02489E-4
7148	2.78543E-4
7150	5.18597E-4
7152	-9.00349E-4
7154	7.37048E-5
7156	-3.33241E-4
7158	-5.93187E-4
7160	4.42867E-4
7162	9.64921E-4
7164	0.00158
7166	0.00184
7168	0.0017
7170	0.00149
7172	2.3719E-4
7174	-6.13756E-4
7176	-0.0016
7178	-0.00165
7180	-0.00128
7182	-0.00143
7184	-0.00219
7186	-0.00162
7188	-1.88693E-4
7190	6.36106E-4
7192	7.20906E-4
7194	4.92705E-4
7196	0.00114
7198	0.00148
7200	5.46104E-4
7202	-1.56097E-4
7204	9.77026E-5
7206	-6.26498E-4
7208	-0.0017
7210	-0.00205
7212	-0.00159
7214	-0.00172
7216	-4.91501E-4
7218	-8.27013E-5
7220	-7.05902E-4
7222	-5.94102E-4
7224	4.55697E-4
7226	-0.00104
7228	-0.00161
7230	-0.00176
7232	-0.00178
7234	-9.81306E-4
7236	-2.49506E-4
7238	3.75293E-4
7240	0.00148
7242	0.00172
7244	7.28692E-4
7246	0.00122
7248	4.14151E-4
7250	6.69532E-4
7252	2.09131E-5
7254	-0.00124
7256	-0.00222
7258	-0.0013
7260	-5.17563E-4
7262	-2.41182E-4
7264	5.07199E-4
7266	7.6858E-4
7268	8.81962E-4
7270	-2.45657E-4
7272	-0.00117
7274	-0.00117
7276	-1.09514E-4
7278	-1.22133E-4
7280	-4.86752E-4
7282	4.55629E-4
7284	4.8701E-4
7286	4.94391E-4
7288	-2.37228E-4
7290	-9.78847E-4
7292	-8.95466E-4
7294	-2.03085E-4
7296	-5.30704E-4
7298	-5.90323E-4
7300	-7.96942E-4
7302	-5.83561E-4
7304	1.99821E-4
7306	3.24202E-4
7308	1.62583E-4
7310	-1.50036E-4
7312	-8.07655E-4
7314	2.17258E-5
7316	5.95107E-4
7318	5.37424E-5
7320	-5.27368E-4
7322	-6.93477E-4
7324	-0.00147
7326	-0.00144
7328	0.0198
7330	0.087
7332	0.18178
7334	0.28864
7336	0.39486
7338	0.49614
7340	0.58945
7342	0.67188
7344	0.74738
7346	0.81453
7348	0.8719
7350	0.92172
7352	0.96607
7354	1.00386
7356	1.01981
7358	0.99091
7360	0.92655
7362	0.84399
7364	0.75741
7366	0.67493
7368	0.59763
7370	0.52498
7372	0.46093
7374	0.40333
7376	0.35339
7378	0.30995
7380	0.27129
7382	0.23655
7384	0.20679
7386	0.1835
7388	0.16247
7390	0.14505
7392	0.13024
7394	0.11659
7396	0.10475
7398	0.09307
7400	0.0834
7402	0.07521
7404	0.06703
7406	0.06054
7408	0.05541
7410	0.051
7412	0.04645
7414	0.04228
7416	0.04016
7418	0.03708
7420	0.0328
7422	0.03029
7424	0.02831
7426	0.02663
7428	0.02319
7430	0.02113
7432	0.01837
7434	0.01733
7436	0.01738
7438	0.017
7440	0.01616
7442	0.01474
7444	0.01283
7446	0.01094
7448	0.00929
7450	0.00816
7452	0.00731
7454	0.00774
7456	0.00601
7458	0.00521
7460	0.00512
7462	0.0043
7464	0.00358
7466	0.00321
7468	0.00398
7470	0.0045
7472	0.0026
7474	0.0018
7476	0.00106
7478	4.51198E-4
7480	3.57851E-4
7482	-2.21495E-4
7484	2.87158E-4
7486	3.93812E-4
7488	8.33465E-4
7490	2.41119E-4
7492	-0.0014
7494	-0.00168
7496	-0.00336
7498	-0.00316
7500	-0.00239
7502	-0.00288
7504	-0.00243
7506	-8.51653E-4
7508	-4.98999E-4
7510	2.10654E-4
7512	3.07308E-4
7514	-8.22039E-4
7516	-0.00118
7518	-0.00182
7520	-3.19078E-4
7522	0.0019
7524	0.00112
7526	0.00127
7528	0.00121
7530	5.44716E-4
7532	6.41334E-5
7534	-4.3645E-4
7536	-3.72033E-4
7538	-0.00192
7540	-0.00149
7542	2.92185E-5
7544	-4.66364E-4
7546	-0.00139
7548	-0.00174
7550	-0.00224
7552	-0.00138
7554	-0.00208
7556	-0.00167
7558	-0.00184
7560	-0.00285
7562	-0.00333
7564	-0.00233
7566	-8.72777E-4
7568	-0.00225
7570	-0.00237
7572	-7.47526E-4
7574	-9.64109E-4
7576	-0.00141
7578	-0.00144
7580	-0.00142
7582	-8.15441E-4
7584	-8.29024E-4
7586	-3.76607E-4
7588	5.48099E-5
7590	-6.38773E-4
7592	-3.86356E-4
7594	-0.00152
7596	-0.00177
7598	-5.72359E-4
7600	3.784E-5
7602	4.00392E-5
7604	-3.02762E-4
7606	-5.78562E-4
7608	-0.00101
7610	-9.76164E-4
7612	-4.39649E-5
7614	8.24234E-4
7616	0.00226
7618	0.00167
7620	-3.11168E-4
7622	-8.03969E-4
7624	-9.8577E-4
7626	-8.26571E-4
7628	-0.00109
7630	-0.00116
7632	-0.00122
7634	-9.17774E-4
7636	-8.24575E-4
7638	1.16244E-5
7640	7.73824E-4
7642	-2.31977E-4
7644	-0.0019
7646	-0.00156
7648	-0.00146
7650	-5.43181E-4
7652	-4.63981E-4
7654	-9.63782E-4
7656	-4.76583E-4
7658	3.24616E-4
7660	3.91815E-4
7662	3.04014E-4
7664	-3.24786E-4
7666	-1.03515E-4
7668	-6.10098E-4
7670	-9.86681E-4
7672	-0.00123
7674	-0.00171
7676	-2.64429E-4
7678	-5.80125E-5
7680	-5.43595E-4
7682	-0.00233
7684	-0.00222
7686	-0.00195
7688	-0.00242
7690	-0.00295
7692	-0.0018
7694	-0.00136
7696	-0.00164
7698	-0.00113
7700	-8.94425E-4
7702	-0.0018
7704	-1.59591E-4
7706	0.00151
7708	0.00108
7710	4.4666E-4
7712	-4.19923E-4
7714	-6.72506E-4
7716	-4.83089E-4
7718	1.00328E-4
7720	7.37449E-5
7722	6.31162E-4
7724	0.00151
7726	0.00174
7728	0.002
7730	0.00193
7732	0.00119
7734	-7.3336E-5
7736	4.06172E-4
7738	0.00102
7740	9.86372E-4
7742	0.00112
7744	6.31571E-4
7746	6.1217E-4
7748	-2.6123E-4
7750	-9.92631E-4
7752	-6.65031E-4
7754	9.15686E-5
7756	-6.23832E-4
7758	-0.00195
7760	-0.00208
7762	-0.00123
7764	-5.58433E-4
7766	-7.64834E-4
7768	3.42766E-4
7770	4.23365E-4
7772	0.00154
7774	0.00129
7776	0.00137
7778	0.00115
7780	0.00103
7782	0.00136
7784	0.00159
7786	0.00168
7788	0.00176
7790	0.00103
7792	5.41961E-4
7794	-4.1744E-4
7796	1.3616E-4
7798	-4.4924E-4
7800	-5.47641E-4
7802	-1.00413E-5
7804	0.0014
7806	0.00156
7808	4.88904E-4
7810	-0.00102
7812	-0.00138
7814	-0.00132
7816	-9.38147E-4
7818	-4.53659E-4
7820	-2.71172E-4
7822	-0.00116
7824	-0.00129
7826	-4.8671E-4
7828	4.68777E-4
7830	-1.18735E-4
7832	2.67522E-5
7834	-3.1476E-4
7836	-9.45273E-4
7838	-0.00131
7840	-8.52298E-4
7842	6.8189E-5
7844	-2.84324E-4
7846	7.51637E-5
7848	-7.73489E-5
7850	-5.60862E-4
7852	-0.00137
7854	-0.00128
7856	-0.00134
7858	-0.00214
7860	-0.00188
7862	-0.00247
7864	-0.00383
7866	-0.00414
7868	-0.00299
7870	-0.00181
7872	-0.00231
7874	-0.00162
7876	-8.58296E-4
7878	-6.43532E-4
7880	-0.00132
7882	-0.00251
7884	-0.00414
7886	-0.00415
7888	-0.00364
7890	-0.00488
7892	-0.00389
7894	-0.00249
7896	-7.36625E-5
7898	-0.00103
7900	-0.00229
7902	-0.00155
7904	-1.20609E-4
7906	-2.89846E-4
7908	-0.00111
7910	-0.00138
7912	-0.00193
7914	-0.00113
7916	3.27971E-4
7918	-4.05266E-4
7920	-0.0012
7922	-9.84739E-4
7924	-0.00115
7926	-7.52213E-4
7928	0.01432
7930	0.07165
7932	0.16035
7934	0.26391
7936	0.37005
7938	0.47046
7940	0.56347
7942	0.64712
7944	0.72166
7946	0.78664
7948	0.84466
7950	0.89596
7952	0.93961
7954	0.97674
7956	0.99999
7958	0.97702
7960	0.91708
7962	0.83812
7964	0.753
7966	0.66956
7968	0.59241
7970	0.52075
7972	0.45578
7974	0.39887
7976	0.34874
7978	0.30522
7980	0.26663
7982	0.2328
7984	0.20514
7986	0.18112
7988	0.15915
7990	0.14115
7992	0.12572
7994	0.11129
7996	0.09995
7998	0.09043
8000	0.08112
8002	0.07326
8004	0.06618
8006	0.05904
8008	0.05246
8010	0.04723
8012	0.04387
8014	0.04131
8016	0.0382
8018	0.03379
8020	0.03127
8022	0.02858
8024	0.0257
8026	0.02204
8028	0.01949
8030	0.01793
8032	0.01665
8034	0.01438
8036	0.01305
8038	0.01261
8040	0.01112
8042	0.01019
8044	0.00927
8046	0.00833
8048	0.00687
8050	0.00623
8052	0.0055
8054	0.00561
8056	0.00592
8058	0.00486
8060	0.00544
8062	0.00526
8064	0.00379
8066	0.00376
8068	0.00172
8070	9.87737E-4
8072	0.0016
8074	0.00121
8076	6.36749E-4
8078	8.5242E-4
8080	8.51091E-4
8082	5.12762E-4
8084	7.54093E-4
8086	-1.06254E-4
8088	-5.09601E-4
8090	4.78052E-4
8092	2.27705E-4
8094	9.35765E-6
8096	-6.1899E-4
8098	-2.46337E-4
8100	3.63162E-5
8102	1.96903E-6
8104	-2.13378E-4
8106	-0.00149
8108	-7.64072E-4
8110	1.6658E-4
8112	7.68233E-4
8114	0.00177
8116	7.59539E-4
8118	6.49192E-4
8120	7.76845E-4
8122	7.16497E-4
8124	2.5815E-4
8126	-7.69197E-4
8128	-0.00175
8130	-0.00193
8132	-0.00171
8134	-9.11585E-4
8136	-1.46933E-4
8138	-3.6028E-4
8140	3.60373E-4
8142	0.00148
8144	0.00102
8146	0.00148
8148	0.00133
8150	0.00181
8152	0.00187
8154	0.00161
8156	1.34671E-4
8158	4.38706E-4
8160	-2.04258E-4
8162	7.50778E-4
8164	7.47814E-4
8166	-2.3415E-4
8168	-5.26114E-4
8170	1.88922E-4
8172	5.95821E-6
8174	5.19994E-4
8176	3.5503E-4
8178	-0.00142
8180	-0.00354
8182	-0.00329
8184	-0.0018
8186	-0.0016
8188	-0.00116
8190	-4.52718E-4
8192	-2.50682E-4
8194	1.26354E-4
8196	-0.00138
8198	-6.56574E-4
8200	6.40462E-4
8202	0.00189
8204	0.00204
8206	0.00284
8208	0.00233
8210	0.00172
8212	0.00257
8214	0.00172
8216	4.53749E-4
8218	-7.52215E-4
8220	-0.00167
8222	-0.0022
8224	-0.00114
8226	-3.78102E-4
8228	-6.44284E-4
8230	-0.00126
8232	-0.00133
8234	-0.00162
8236	-0.00115
8238	-0.00215
8240	-0.00303
8242	-0.00243
8244	-0.00228
8246	-0.00299
8248	-0.0022
8250	-9.41292E-4
8252	-6.13475E-4
8254	-0.00169
8256	-7.8884E-4
8258	-4.12023E-4
8260	-0.00182
8262	-0.00206
8264	-5.6757E-4
8266	-1.90753E-4
8268	5.70064E-4
8270	5.65882E-4
8272	-8.77301E-4
8274	-5.15483E-4
8276	4.40334E-4
8278	9.68152E-4
8280	0.00143
8282	8.16786E-4
8284	1.27604E-4
8286	-3.82579E-4
8288	-7.79761E-4
8290	-8.23944E-4
8292	-7.34126E-4
8294	-4.98764E-4
8296	-6.02893E-4
8298	5.51979E-4
8300	7.5585E-4
8302	-0.00111
8304	-0.00141
8306	-6.42536E-4
8308	-0.00174
8310	-0.00183
8312	-0.001
8314	-0.00118
8316	-0.00148
8318	1.27692E-4
8320	5.10564E-4
8322	0.00134
8324	0.00208
8326	0.00199
8328	0.00183
8330	0.00318
8332	0.00386
8334	0.00245
8336	0.00209
8338	0.0017
8340	0.00197
8342	0.00124
8344	7.7002E-4
8346	-2.27108E-4
8348	-6.09237E-4
8350	-0.00142
8352	-2.10494E-4
8354	-0.00104
8356	-0.00154
8358	-8.2188E-4
8360	-0.00142
8362	-7.29137E-4
8364	-0.00155
8366	-4.81101E-4
8368	1.29917E-4
8370	3.76935E-4
8372	0.00138
8374	0.00115
8376	7.32989E-4
8378	2.46007E-4
8380	-2.29754E-5
8382	-1.37957E-4
8384	-6.69939E-4
8386	-1.81921E-4
8388	4.71097E-4
8390	-2.24886E-4
8392	1.01132E-4
8394	-0.0013
8396	-0.0025
8398	-0.00205
8400	-0.00192
8402	-0.00122
8404	-0.00144
8406	-0.00225
8408	-0.00205
8410	-6.18706E-4
8412	3.12312E-4
8414	-4.4067E-4
8416	-3.18652E-4
8418	1.08366E-4
8420	-6.84616E-4
8422	-0.00174
8424	-0.00165
8426	-0.00101
8428	-0.00112
8430	-0.00117
8432	2.23128E-4
8434	0.00125
8436	0.00214
8438	0.00189
8440	0.00119
8442	0.00126
8444	8.28141E-4
8446	5.30976E-4
8448	0.00105
8450	8.15647E-4
8452	9.62482E-4
8454	2.97318E-4
8456	2.66153E-4
8458	1.93989E-4
8460	4.56824E-4
8462	1.9566E-4
8464	6.18495E-4
8466	0.00115
8468	0.00114
8470	3.11001E-4
8472	4.68837E-4
8474	0.00196
8476	0.00254
8478	0.00201
8480	0.00225
8482	0.00254
8484	0.00197
8486	8.74684E-4
8488	4.65199E-5
8490	-1.92645E-4
8492	5.48191E-4
8494	7.92026E-4
8496	4.49862E-4
8498	3.20697E-4
8500	5.55532E-4
8502	0.0013
8504	9.43203E-4
8506	9.99039E-4
8508	5.07874E-4
8510	7.51709E-4
8512	0.00176
8514	0.00118
8516	6.13216E-4
8518	0.00144
8520	3.72887E-4
8522	-4.09278E-4
8524	-7.63443E-4
8526	7.13928E-5
8528	0.01069
8530	0.06329
8532	0.14885
8534	0.24805
8536	0.35072
8538	0.4492
8540	0.54171
8542	0.62648
8544	0.70254
8546	0.76941
8548	0.82751
8550	0.8787
8552	0.92119
8554	0.96058
8556	0.98636
8558	0.97132
8560	0.91691
8562	0.84277
8564	0.76107
8566	0.67961
8568	0.602
8570	0.53005
8572	0.4649
8574	0.40693
8576	0.35634
8578	0.31191
8580	0.27319
8582	0.23865
8584	0.20879
8586	0.1838
8588	0.16241
8590	0.14358
8592	0.12831
8594	0.11445
8596	0.1008
8598	0.08934
8600	0.07918
8602	0.07178
8604	0.06605
8606	0.06051
8608	0.0544
8610	0.04926
8612	0.04479
8614	0.04135
8616	0.03849
8618	0.03488
8620	0.03298
8622	0.02955
8624	0.02837
8626	0.02603
8628	0.02247
8630	0.0203
8632	0.01769
8634	0.01499
8636	0.01387
8638	0.01374
8640	0.01314
8642	0.01187
8644	0.01017
8646	0.00894
8648	0.00771
8650	0.00609
8652	0.00542
8654	0.005
8656	0.00405
8658	0.00178
8660	0.00202
8662	0.00151
8664	6.54156E-4
8666	8.77791E-4
8668	9.56426E-4
8670	-3.78939E-4
8672	-0.00152
8674	-0.00187
8676	-0.00172
8678	-0.00175
8680	-0.00206
8682	-0.00239
8684	-0.00225
8686	-0.00154
8688	-0.00121
8690	-3.51591E-4
8692	-9.28956E-4
8694	-0.00164
8696	-6.90686E-4
8698	-1.91051E-4
8700	5.74584E-4
8702	8.98219E-4
8704	2.72853E-4
8706	-0.00156
8708	-0.00163
8710	-0.00105
8712	-8.40395E-4
8714	-6.09506E-4
8716	-0.00204
8718	-0.00273
8720	-0.00209
8722	-0.00195
8724	-0.00204
8726	-0.00227
8728	-0.00145
8730	-0.00117
8732	-0.00163
8734	-0.00275
8736	-0.00145
8738	-9.08833E-4
8740	-0.00196
8742	-0.00176
8744	-0.0019
8746	-0.00267
8748	-0.00179
8750	-0.00239
8752	-0.00312
8754	-0.00236
8756	-0.00181
8758	-0.00205
8760	-0.00239
8762	-0.00163
8764	-3.13272E-4
8766	-2.25382E-4
8768	5.12507E-4
8770	5.29396E-4
8772	3.17286E-4
8774	9.25175E-4
8776	0.00137
8778	0.00201
8780	2.50843E-4
8782	-9.35321E-4
8784	0.00112
8786	2.93349E-4
8788	1.69185E-4
8790	-7.69798E-5
8792	-6.79144E-4
8794	-6.95309E-4
8796	-6.34474E-4
8798	1.29362E-4
8800	-9.43803E-4
8802	-0.00201
8804	-0.00124
8806	-7.45296E-4
8808	-3.34461E-4
8810	1.65374E-4
8812	1.8621E-4
8814	-4.72955E-4
8816	7.88057E-6
8818	-8.16284E-4
8820	-8.22449E-4
8822	4.34387E-4
8824	4.42222E-4
8826	-6.25942E-4
8828	-6.16107E-4
8830	-3.62272E-4
8832	-5.14361E-5
8834	5.43399E-4
8836	5.60235E-4
8838	-0.00129
8840	-0.00252
8842	-0.00321
8844	-0.0021
8846	-0.00249
8848	-0.00225
8850	-0.0015
8852	-0.00128
8854	-8.32863E-4
8856	-7.0082E-5
8858	-4.22301E-4
8860	-0.00209
8862	-0.00235
8864	-0.0019
8866	-0.00191
8868	-0.00277
8870	-0.00124
8872	-8.3883E-4
8874	-8.08049E-4
8876	-5.98267E-4
8878	-0.00186
8880	-0.00143
8882	-6.70923E-4
8884	-0.00111
8886	-0.00149
8888	-0.00119
8890	-0.00123
8892	-0.00105
8894	-0.00152
8896	-5.19453E-4
8898	-0.00141
8900	-0.00218
8902	-0.00212
8904	-0.00294
8906	-0.00285
8908	-0.0018
8910	-0.00247
8912	-0.00295
8914	-0.00231
8916	-6.90638E-4
8918	1.43509E-7
8920	-0.00101
8922	-0.00119
8924	-0.00137
8926	-0.00236
8928	-0.0018
8930	-0.00216
8932	-0.00226
8934	-0.00346
8936	-0.00289
8938	-0.00196
8940	-0.00146
8942	-7.13867E-4
8944	4.69679E-5
8946	-2.38197E-4
8948	-9.40361E-4
8950	-0.00138
8952	-2.7869E-4
8954	9.41145E-4
8956	8.6098E-4
8958	0.00141
8960	0.00154
8962	0.00147
8964	8.46322E-4
8966	-3.48425E-5
8968	-6.60007E-4
8970	-0.00121
8972	-6.64336E-4
8974	-5.40501E-4
8976	-0.00151
8978	-8.5783E-4
8980	-1.13995E-4
8982	-2.09159E-4
8984	-6.11324E-4
8986	-0.0015
8988	-0.00163
8990	-4.82726E-4
8992	-5.73708E-4
8994	-0.00143
8996	-1.39672E-4
8998	-1.05654E-4
9000	-2.59636E-4
9002	8.96382E-4
9004	8.594E-4
9006	-2.16582E-4
9008	1.74355E-5
9010	-4.02546E-4
9012	-3.14529E-4
9014	-8.58511E-4
9016	-9.58493E-4
9018	-0.00103
9020	-8.64457E-4
9022	-4.43439E-4
9024	3.06579E-4
9026	7.09597E-4
9028	-3.73385E-4
9030	-0.00125
9032	-0.00146
9034	-0.00226
9036	-0.00193
9038	-0.0019
9040	1.17232E-5
9042	3.19741E-4
9044	9.65759E-4
9046	0.00112
9048	0.00161
9050	0.00215
9052	0.00204
9054	0.00141
9056	0.00107
9058	-1.00115E-4
9060	-7.09873E-4
9062	-2.6602E-4
9064	-7.80167E-4
9066	-0.00196
9068	-0.0022
9070	-0.00216
9072	-0.00236
9074	-0.00222
9076	-0.00153
9078	-0.00272
9080	-0.00225
9082	-0.00193
9084	-8.78633E-4
9086	7.35221E-4
9088	0.00104
9090	1.45928E-4
9092	5.83781E-4
9094	2.70634E-4
9096	5.34878E-5
9098	1.85341E-4
9100	-5.66805E-4
9102	-8.6952E-5
9104	8.04901E-4
9106	0.00151
9108	7.39608E-4
9110	6.77462E-4
9112	8.85315E-4
9114	5.79168E-4
9116	4.87022E-4
9118	0.00173
9120	0.00199
9122	0.00288
9124	0.00258
9126	0.00204
9128	0.00867
9130	0.05247
9132	0.1322
9134	0.22824
9136	0.32908
9138	0.42945
9140	0.52226
9142	0.60478
9144	0.6792
9146	0.74579
9148	0.80365
9150	0.85418
9152	0.89744
9154	0.93438
9156	0.96232
9158	0.95583
9160	0.90765
9162	0.83551
9164	0.75669
9166	0.67636
9168	0.6003
9170	0.52778
9172	0.46241
9174	0.4044
9176	0.35386
9178	0.30987
9180	0.27114
9182	0.23633
9184	0.2065
9186	0.1801
9188	0.15773
9190	0.13942
9192	0.12419
9194	0.11006
9196	0.09778
9198	0.08792
9200	0.07925
9202	0.0715
9204	0.0639
9206	0.05716
9208	0.05084
9210	0.04657
9212	0.0429
9214	0.0385
9216	0.03462
9218	0.03059
9220	0.02711
9222	0.02417
9224	0.02175
9226	0.01928
9228	0.01713
9230	0.0159
9232	0.0141
9234	0.01344
9236	0.01279
9238	0.0101
9240	0.00918
9242	0.0084
9244	0.00716
9246	0.0065
9248	0.00442
9250	0.00431
9252	0.00446
9254	0.00365
9256	0.003
9258	0.00145
9260	0.0012
9262	6.49009E-4
9264	2.87025E-4
9266	-3.07958E-4
9268	-0.00288
9270	-0.00314
9272	-0.00315
9274	-0.00178
9276	-0.00121
9278	-0.00194
9280	-0.00261
9282	-0.0016
9284	-0.00143
9286	-0.00168
9288	-0.00325
9290	-0.00315
9292	-0.00279
9294	-0.00213
9296	-0.00228
9298	-0.00207
9300	-0.00171
9302	-4.3276E-4
9304	-8.6238E-4
9306	-3.80001E-4
9308	-0.00132
9310	-9.16241E-4
9312	-9.97862E-4
9314	-5.08482E-4
9316	-3.31022E-5
9318	-0.00115
9320	-0.0029
9322	-0.00357
9324	-0.00227
9326	-0.00162
9328	-0.00164
9330	-8.59444E-4
9332	-0.00132
9334	-9.51685E-4
9336	-4.20305E-4
9338	5.8642E-4
9340	-7.10163E-4
9342	-0.00293
9344	-0.00288
9346	-0.0026
9348	-0.00231
9350	-0.00167
9352	-0.00109
9354	-0.00135
9356	-8.75827E-4
9358	4.4959E-4
9360	4.84007E-4
9362	9.20424E-4
9364	0.00146
9366	0.00193
9368	0.00169
9370	0.00163
9372	0.00105
9374	0.00227
9376	0.00225
9378	1.3376E-4
9380	-8.75823E-4
9382	-0.0017
9384	-0.00221
9386	-0.00131
9388	-0.0015
9390	-0.00129
9392	-0.00121
9394	-5.16903E-4
9396	-3.44864E-5
9398	-2.70694E-5
9400	-0.00153
9402	-9.80235E-4
9404	-6.59818E-4
9406	8.82599E-4
9408	0.00134
9410	0.0014
9412	8.63306E-4
9414	0.00219
9416	0.00215
9418	8.85105E-4
9420	-0.00138
9422	-8.16696E-4
9424	8.54904E-4
9426	0.00112
9428	5.53103E-4
9430	8.97024E-5
9432	7.3302E-5
9434	5.83902E-4
9436	1.09501E-4
9438	-8.26899E-4
9440	-0.00188
9442	-0.00293
9444	-0.00352
9446	-0.00324
9448	-0.00209
9450	-0.00141
9452	-9.32702E-4
9454	-1.33103E-4
9456	-6.28503E-4
9458	-5.70903E-4
9460	5.93696E-4
9462	7.00296E-4
9464	-3.82105E-4
9466	-7.51505E-4
9468	5.85095E-4
9470	1.21694E-4
9472	-1.48706E-4
9474	-9.22107E-4
9476	1.94929E-5
9478	-1.25889E-4
9480	-0.00104
9482	-0.00104
9484	-9.7251E-4
9486	-5.13383E-4
9488	-3.11257E-4
9490	3.0987E-4
9492	-1.96004E-4
9494	5.48123E-4
9496	-2.2375E-4
9498	-5.15624E-4
9500	-0.00218
9502	-0.00166
9504	-0.00205
9506	-0.00272
9508	-0.00119
9510	-0.00161
9512	-8.66738E-4
9514	-7.47611E-4
9516	-0.00176
9518	-0.0018
9520	-0.00124
9522	-0.00173
9524	-0.00187
9526	-3.05852E-4
9528	8.29275E-4
9530	5.95401E-4
9532	2.28528E-4
9534	-3.99346E-4
9536	2.56781E-4
9538	-1.63093E-4
9540	-3.43966E-4
9542	2.71604E-5
9544	-1.39713E-4
9546	-5.31586E-4
9548	-0.00178
9550	-0.0029
9552	-0.00292
9554	-0.00413
9556	-0.00412
9558	-0.00306
9560	-0.00281
9562	-0.00164
9564	-9.81192E-4
9566	-7.48285E-5
9568	-7.79465E-4
9570	-4.72102E-4
9572	-3.09739E-4
9574	-3.61376E-4
9576	-8.14013E-4
9578	-0.00193
9580	-0.00214
9582	4.16076E-4
9584	0.00108
9586	1.25802E-4
9588	-6.57835E-4
9590	-0.00196
9592	-0.00121
9594	-1.65745E-4
9596	3.24618E-4
9598	0.00126
9600	0.00107
9602	0.00163
9604	0.00115
9606	2.78433E-4
9608	1.22796E-4
9610	-5.96841E-4
9612	-0.00144
9614	-9.85115E-4
9616	-1.68752E-4
9618	-3.50225E-4
9620	-0.0012
9622	-0.00146
9624	-0.00125
9626	-0.00113
9628	-8.3559E-4
9630	-8.39063E-4
9632	-9.16536E-4
9634	-0.0016
9636	-0.00186
9638	-0.00118
9640	-0.00126
9642	-0.00247
9644	-0.00274
9646	-0.0017
9648	-0.0011
9650	-0.00141
9652	-0.00118
9654	-8.60739E-4
9656	-9.26212E-4
9658	-0.00172
9660	-0.00116
9662	-8.94631E-4
9664	-2.77104E-4
9666	5.34227E-5
9668	0.00126
9670	0.00484
9672	0.00739
9674	0.00765
9676	0.00694
9678	0.00679
9680	0.00659
9682	0.00807
9684	0.00784
9686	0.00722
9688	0.006
9690	0.00471
9692	0.00507
9694	0.00354
9696	0.00266
9698	0.00232
9700	3.61736E-4
9702	-4.27082E-4
9704	-1.95901E-4
9706	7.4228E-4
9708	-4.52539E-4
9710	7.26424E-5
9712	1.48824E-4
9714	-6.69995E-4
9716	5.8186E-5
9718	9.38367E-4
9720	8.68548E-4
9722	9.6173E-4
9724	4.75911E-4
9726	-3.18908E-4
9728	0.00529
9730	0.04507
9732	0.12061
9734	0.21372
9736	0.31167
9738	0.41002
9740	0.5016
9742	0.58314
9744	0.65792
9746	0.72354
9748	0.78023
9750	0.83124
9752	0.87531
9754	0.91267
9756	0.94178
9758	0.93864
9760	0.89374
9762	0.8254
9764	0.74611
9766	0.66624
9768	0.59084
9770	0.5193
9772	0.45501
9774	0.39819
9776	0.34738
9778	0.3042
9780	0.26518
9782	0.23152
9784	0.20161
9786	0.17713
9788	0.15567
9790	0.13714
9792	0.11925
9794	0.10426
9796	0.09392
9798	0.08475
9800	0.07604
9802	0.06866
9804	0.06149
9806	0.05506
9808	0.0492
9810	0.04402
9812	0.03831
9814	0.03453
9816	0.03103
9818	0.02796
9820	0.02592
9822	0.02309
9824	0.02028
9826	0.01685
9828	0.01508
9830	0.0131
9832	0.01249
9834	0.00937
9836	0.00626
9838	0.0041
9840	0.00369
9842	0.0041
9844	0.0037
9846	0.00363
9848	0.00255
9850	3.38227E-4
9852	2.25915E-4
9854	-3.08396E-4
9856	5.70293E-4
9858	7.20982E-4
9860	-6.73293E-5
9862	-9.59641E-4
9864	-0.00191
9866	-0.00286
9868	-0.003
9870	-0.00146
9872	-7.94196E-4
9874	-0.00171
9876	-0.00223
9878	-0.0018
9880	-0.00205
9882	-0.00202
9884	-0.00129
9886	-0.00143
9888	-0.00201
9890	-0.00178
9892	-0.00201
9894	-0.00324
9896	-0.0054
9898	-0.00474
9900	-0.00358
9902	-0.00383
9904	-0.00412
9906	-0.00392
9908	-0.00378
9910	-0.00389
9912	-0.0041
9914	-0.00334
9916	-0.00282
9918	-0.00324
9920	-0.00331
9922	-0.0048
9924	-0.00474
9926	-0.00312
9928	-0.00426
9930	-0.00396
9932	-0.00284
9934	-0.00314
9936	-0.00295
9938	-0.00184
9940	-0.00206
9942	-0.00152
9944	-8.0462E-4
9946	-2.28967E-4
9948	-9.01314E-4
9950	-0.00247
9952	-0.00351
9954	-0.00289
9956	-1.12703E-4
9958	-7.0505E-4
9960	-0.0016
9962	-5.25744E-4
9964	3.17909E-4
9966	8.09229E-4
9968	1.09082E-4
9970	-0.00168
9972	-0.00203
9974	1.46422E-5
9976	6.30496E-4
9978	2.83349E-4
9980	0.00176
9982	0.00129
9984	7.23909E-4
9986	0.00229
9988	0.00361
9990	0.00381
9992	0.00194
9994	0.00235
9996	0.00218
9998	9.97883E-4
10000	2.60736E-4
10002	5.3459E-4
10004	6.48443E-4
10006	-2.60704E-4
10008	-0.00127
10010	-0.0014
10012	-0.00186
10014	-0.00337
10016	-0.00311
10018	-0.0027
10020	-0.00187
10022	-3.54876E-4
10024	5.03977E-4
10026	6.7983E-4
10028	7.87684E-4
10030	0.00119
10032	0.00131
10034	0.00163
10036	0.00118
10038	7.74023E-4
10040	0.00122
10042	0.00128
10044	-0.00107
10046	-0.00301
10048	-0.00308
10050	-0.00331
10052	-0.0037
10054	-0.00219
10056	-9.30973E-4
10058	-0.00227
10060	-0.0036
10062	-0.00307
10064	-8.82416E-4
10066	-4.75526E-4
10068	-4.96637E-4
10070	-0.00108
10072	-6.68582E-5
10074	3.60031E-4
10076	-4.04079E-4
10078	-1.4319E-4
10080	-1.60301E-4
10082	-7.16411E-4
10084	1.5478E-5
10086	0.00206
10088	0.00165
10090	0.0013
10092	0.0021
10094	0.00286
10096	0.00157
10098	3.29703E-4
10100	0.00126
10102	9.80482E-4
10104	0.00124
10106	0.00133
10108	3.58851E-4
10110	3.98833E-4
10112	6.86815E-4
10114	0.00122
10116	0.00167
10118	-4.71239E-4
10120	-0.00122
10122	-0.00145
10124	-0.00146
10126	-9.57311E-4
10128	2.46712E-5
10130	7.56532E-5
10132	-1.58365E-4
10134	-0.00126
10136	-0.0011
10138	-3.71419E-4
10140	0.00109
10142	0.00217
10144	0.00268
10146	0.00122
10148	-1.11509E-4
10150	-4.79527E-4
10152	-0.0012
10154	-7.97563E-4
10156	-0.00102
10158	-0.00233
10160	-0.00211
10162	-0.00174
10164	-2.50652E-4
10166	8.9133E-4
10168	-2.42688E-4
10170	-3.00706E-4
10172	3.65276E-4
10174	-0.00157
10176	-0.00124
10178	-0.00117
10180	-5.40796E-4
10182	-9.37814E-4
10184	-6.83229E-6
10186	0.00145
10188	0.00128
10190	8.02114E-4
10192	5.35096E-4
10194	-6.65922E-4
10196	-0.00183
10198	-0.0028
10200	-0.00137
10202	-6.88994E-4
10204	-9.73012E-4
10206	-0.00263
10208	-0.00369
10210	-0.00326
10212	-0.00293
10214	-0.00244
10216	-0.00299
10218	-0.00361
10220	-0.0033
10222	-0.00276
10224	-0.00211
10226	-0.00206
10228	-0.00128
10230	-3.63246E-4
10232	-0.00115
10234	-0.00174
10236	-0.0018
10238	-0.00109
10240	-5.55336E-4
10242	-0.00158
10244	-0.00176
10246	-6.97517E-4
10248	0.00119
10250	0.00207
10252	0.00274
10254	0.00223
10256	0.00129
10258	0.00129
10260	0.00119
10262	0.00102
10264	5.25562E-5
10266	-1.18547E-4
10268	6.6435E-4
10270	-2.33753E-4
10272	-6.96856E-4
10274	-4.12959E-4
10276	-9.10616E-5
10278	-8.66165E-4
10280	-4.42268E-4
10282	-6.1137E-4
10284	-0.00224
10286	-0.00208
10288	-0.00148
10290	-0.00132
10292	1.18115E-4
10294	0.00151
10296	8.27909E-4
10298	2.62806E-4
10300	3.16703E-4
10302	-0.0011
10304	-0.00101
10306	-0.00137
10308	-0.00149
10310	-0.00135
10312	-0.0015
10314	-0.00165
10316	-0.00152
10318	-0.00202
10320	-0.00175
10322	-0.00167
10324	-0.00202
10326	-0.00279
10328	0.0023
10330	0.03809
10332	0.11
10334	0.20272
10336	0.3023
10338	0.39923
10340	0.48965
10342	0.57326
10344	0.64793
10346	0.71436
10348	0.77344
10350	0.82334
10352	0.86698
10354	0.90426
10356	0.93379
10358	0.93368
10360	0.89122
10362	0.82337
10364	0.74526
10366	0.66644
10368	0.59101
10370	0.52046
10372	0.4541
10374	0.39608
10376	0.34628
10378	0.30103
10380	0.26225
10382	0.22863
10384	0.19754
10386	0.17108
10388	0.14929
10390	0.12931
10392	0.11426
10394	0.10167
10396	0.08883
10398	0.07583
10400	0.0668
10402	0.05975
10404	0.05256
10406	0.04691
10408	0.04158
10410	0.03739
10412	0.03311
10414	0.02986
10416	0.02706
10418	0.02388
10420	0.02061
10422	0.01851
10424	0.01608
10426	0.01458
10428	0.01392
10430	0.01266
10432	0.01149
10434	0.00948
10436	0.0073
10438	0.00608
10440	0.00535
10442	0.00478
10444	0.004
10446	0.00255
10448	0.0028
10450	0.0023
10452	-8.8183E-5
10454	-7.07641E-4
10456	2.97901E-4
10458	5.44444E-4
10460	4.03986E-4
10462	4.26528E-4
10464	0.00135
10466	0.00106
10468	0.00149
10470	5.52697E-4
10472	-0.0017
10474	-0.00214
10476	-0.00104
10478	-3.71344E-5
10480	-4.11592E-4
10482	-4.7505E-4
10484	-0.00109
10486	-0.00172
10488	-4.33423E-4
10490	-1.52881E-4
10492	9.99661E-4
10494	4.32203E-4
10496	6.57745E-4
10498	-3.31712E-4
10500	-0.00127
10502	-7.36628E-4
10504	-5.70086E-4
10506	1.57456E-4
10508	0.0013
10510	6.78541E-4
10512	-5.73917E-4
10514	-6.09375E-4
10516	0.0016
10518	0.00231
10520	0.0022
10522	0.00194
10524	0.00113
10526	0.00212
10528	0.00312
10530	0.00148
10532	9.69518E-4
10534	6.18482E-4
10536	-4.3554E-5
10538	-5.2759E-4
10540	-9.05626E-4
10542	-0.00135
10544	-0.00107
10546	-8.54734E-4
10548	-0.00177
10550	-0.00133
10552	-8.86842E-4
10554	-7.67878E-4
10556	-6.03914E-4
10558	-0.00131
10560	-0.00203
10562	-0.00101
10564	-0.00113
10566	-0.00128
10568	-0.00204
10570	-0.00242
10572	-8.30201E-4
10574	3.81763E-4
10576	-7.08273E-4
10578	-3.72309E-4
10580	-9.48345E-4
10582	-0.00131
10584	-0.00153
10586	-0.00133
10588	-2.89489E-4
10590	-0.00212
10592	-0.00183
10594	-0.00117
10596	-0.00233
10598	-0.00248
10600	-0.0022
10602	-0.00125
10604	7.04189E-4
10606	5.80043E-4
10608	-5.36104E-4
10610	-0.00121
10612	-0.00246
10614	-0.00173
10616	-0.0015
10618	-9.56837E-4
10620	-0.00157
10622	-0.00239
10624	-0.00243
10626	-0.0023
10628	-0.00188
10630	-0.00128
10632	-7.09863E-4
10634	-8.9601E-4
10636	-0.00135
10638	-5.07303E-4
10640	-6.14498E-5
10642	3.53404E-4
10644	-9.96743E-4
10646	-4.6689E-4
10648	3.98964E-4
10650	-1.98183E-4
10652	-0.00121
10654	-0.00146
10656	-0.00186
10658	-0.00251
10660	-0.00225
10662	-0.00235
10664	-0.00267
10666	-2.93535E-4
10668	0.00116
10670	0.00117
10672	8.46809E-4
10674	4.1159E-4
10676	0.00171
10678	0.00312
10680	0.0029
10682	0.00241
10684	0.00194
10686	0.00194
10688	0.00131
10690	0.00154
10692	2.48624E-4
10694	-9.26595E-4
10696	-9.91813E-4
10698	-9.58032E-4
10700	6.3875E-4
10702	-9.45469E-4
10704	-0.00159
10706	-4.56906E-4
10708	-0.00187
10710	-0.00214
10712	-0.00291
10714	-0.00159
10716	-0.00139
10718	-0.00225
10720	-0.00141
10722	-0.002
10724	-0.0013
10726	-2.93091E-4
10728	-3.0931E-4
10730	-9.15285E-5
10732	1.95744E-4
10734	8.65762E-4
10736	0.00148
10738	0.00196
10740	0.00133
10742	0.00198
10744	0.00224
10746	0.0018
10748	0.0019
10750	4.21906E-4
10752	-5.07617E-6
10754	9.10942E-4
10756	0.00277
10758	0.00298
10760	0.00151
10762	0.00153
10764	0.00266
10766	0.00287
10768	0.00175
10770	0.00121
10772	0.00159
10774	0.00109
10776	0.00137
10778	0.0027
10780	0.00235
10782	0.00152
10784	0.00131
10786	0.0018
10788	0.0024
10790	0.0016
10792	3.32835E-5
10794	1.91301E-4
10796	7.38319E-4
10798	-1.84663E-4
10800	-7.43645E-4
10802	4.18677E-4
10804	8.86659E-4
10806	3.58641E-4
10808	5.41623E-4
10810	8.30605E-4
10812	2.35868E-5
10814	9.48569E-4
10816	1.11551E-4
10818	-8.72467E-4
10820	-1.12485E-4
10822	4.12497E-4
10824	8.19479E-4
10826	0.00231
10828	0.00333
10830	0.00276
10832	0.00234
10834	0.00129
10836	5.47371E-4
10838	1.73531E-5
10840	3.30335E-4
10842	2.76317E-4
10844	7.35299E-4
10846	1.42811E-5
10848	0.00105
10850	4.24245E-4
10852	9.72227E-4
10854	3.24209E-4
10856	5.24191E-4
10858	0.00158
10860	0.00115
10862	0.00138
10864	0.00152
10866	0.00176
10868	0.00113
10870	6.92065E-4
10872	1.04735E-4
10874	0.00115
10876	5.47075E-4
10878	6.97452E-5
10880	-7.22585E-4
10882	-0.00163
10884	-0.00125
10886	-0.00152
10888	-9.94905E-4
10890	-6.32235E-4
10892	0.00101
10894	0.00117
10896	1.32775E-4
10898	-3.95552E-5
10900	0.00116
10902	0.00138
10904	0.00103
10906	1.79125E-4
10908	-8.52054E-5
10910	2.57465E-4
10912	3.94135E-4
10914	-2.66195E-4
10916	6.56474E-4
10918	0.00132
10920	9.11814E-4
10922	0.00102
10924	0.00136
10926	8.07824E-4
10928	0.00223
10930	0.03066
10932	0.09826
10934	0.18666
10936	0.28259
10938	0.37739
10940	0.46724
10942	0.54971
10944	0.62459
10946	0.69091
10948	0.74937
10950	0.79939
10952	0.84241
10954	0.88037
10956	0.91277
10958	0.91982
10960	0.88211
10962	0.81844
10964	0.74369
10966	0.66591
10968	0.59034
10970	0.52074
10972	0.45722
10974	0.40113
10976	0.34944
10978	0.30288
10980	0.26262
10982	0.22807
10984	0.19885
10986	0.17346
10988	0.15258
10990	0.13289
10992	0.11718
10994	0.10256
10996	0.09092
10998	0.08035
11000	0.07131
11002	0.06222
11004	0.05458
11006	0.04864
11008	0.04218
11010	0.03699
11012	0.03293
11014	0.02936
11016	0.0261
11018	0.02302
11020	0.01962
11022	0.0175
11024	0.01503
11026	0.01421
11028	0.01381
11030	0.01149
11032	0.00969
11034	0.00666
11036	0.00533
11038	0.00385
11040	0.00319
11042	0.0035
11044	0.00266
11046	0.00217
11048	0.00221
11050	0.00116
11052	7.4699E-4
11054	6.02023E-4
11056	0.00115
11058	0.00147
11060	3.19122E-4
11062	3.66156E-4
11064	3.22189E-4
11066	6.88222E-4
11068	9.25255E-4
11070	9.66288E-4
11072	-5.25678E-4
11074	-0.00119
11076	-9.91612E-4
11078	-5.55579E-4
11080	-7.40636E-4
11082	-6.80783E-4
11084	-5.4193E-4
11086	-0.00145
11088	-3.75225E-4
11090	-3.57372E-4
11092	-6.17519E-4
11094	-3.64667E-4
11096	-8.88814E-4
11098	-8.31961E-4
11100	1.18913E-5
11102	-0.00176
11104	-0.00198
11106	-0.00171
11108	-5.93698E-4
11110	2.21155E-4
11112	0.00128
11114	0.00185
11116	0.00101
11118	3.96566E-4
11120	7.75418E-4
11122	-4.68729E-4
11124	-0.00221
11126	-0.00245
11128	-0.00199
11130	-0.00276
11132	-0.00196
11134	-0.00192
11136	-0.00132
11138	-0.00105
11140	-9.28055E-4
11142	-0.00102
11144	-0.00187
11146	-0.00136
11148	9.86356E-4
11150	0.00126
11152	0.00119
11154	9.11447E-4
11156	5.69374E-4
11158	-1.31698E-4
11160	2.44229E-4
11162	8.04156E-4
11164	0.00215
11166	0.00303
11168	0.00317
11170	0.00241
11172	0.0025
11174	0.00256
11176	0.00139
11178	2.67576E-4
11180	-8.35497E-4
11182	-2.6457E-4
11184	-6.83642E-4
11186	-0.00118
11188	-7.91788E-4
11190	-0.00204
11192	-0.00202
11194	-0.00223
11196	-0.00172
11198	-0.00107
11200	-1.69223E-4
11202	8.09704E-4
11204	7.86632E-4
11206	3.20559E-4
11208	-2.99514E-4
11210	1.45414E-4
11212	4.45341E-4
11214	-4.87316E-5
11216	6.46196E-4
11218	0.00157
11220	9.97869E-4
11222	0.00147
11224	0.00127
11226	-3.34002E-4
11228	-1.04293E-4
11230	3.44417E-4
11232	-6.36874E-4
11234	-5.74164E-4
11236	9.00545E-4
11238	7.34255E-4
11240	-7.92036E-4
11242	-8.83326E-4
11244	-3.07616E-4
11246	-3.74907E-4
11248	-0.00104
11250	-0.00151
11252	-0.0021
11254	-0.00222
11256	-0.00121
11258	-4.3765E-4
11260	-1.9994E-4
11262	-4.10231E-4
11264	-5.70521E-4
11266	-8.62811E-4
11268	-0.0012
11270	-5.65392E-4
11272	3.30317E-4
11274	0.00142
11276	5.30736E-4
11278	-6.88554E-4
11280	-6.81845E-4
11282	4.10865E-4
11284	8.34574E-4
11286	-6.00716E-4
11288	-0.0019
11290	-0.00195
11292	-0.00247
11294	-8.30065E-5
11296	6.39935E-5
11298	-7.57007E-4
11300	-8.59007E-4
11302	-5.63007E-4
11304	0.00111
11306	0.00229
11308	0.00288
11310	0.00332
11312	0.00222
11314	0.00177
11316	6.67993E-4
11318	6.30993E-4
11320	0.00114
11322	0.00129
11324	0.00283
11326	0.00228
11328	0.00165
11330	9.62993E-4
11332	4.83993E-4
11334	9.79993E-4
11336	5.10993E-4
11338	5.93993E-4
11340	0.00211
11342	0.00262
11344	0.00326
11346	0.00162
11348	-6.00654E-6
11350	-0.00107
11352	4.29935E-5
11354	1.04993E-4
11356	9.75993E-4
11358	0.00146
11360	0.00191
11362	-9.84599E-5
11364	-3.29823E-4
11366	8.45814E-4
11368	3.75451E-4
11370	1.63088E-4
11372	9.44725E-4
11374	0.00221
11376	0.00222
11378	0.00218
11380	0.00103
11382	0.001
11384	0.00105
11386	0.00177
11388	0.00147
11390	0.00194
11392	8.32094E-4
11394	1.33731E-4
11396	1.17368E-4
11398	8.23005E-4
11400	6.10642E-4
11402	6.44279E-4
11404	5.37916E-4
11406	-2.87447E-4
11408	-0.00197
11410	-0.00165
11412	-8.30537E-4
11414	1.601E-4
11416	2.94737E-4
11418	2.06374E-4
11420	3.7011E-5
11422	-9.72352E-4
11424	-0.00159
11426	-0.00216
11428	-0.00176
11430	-8.91301E-4
11432	3.33713E-4
11434	4.76728E-4
11436	-0.00165
11438	-0.00219
11440	-6.59229E-4
11442	-5.27215E-4
11444	-0.00127
11446	-5.65186E-4
11448	-1.04172E-4
11450	7.36843E-4
11452	3.38857E-4
11454	-5.89128E-4
11456	-8.51114E-4
11458	-9.041E-4
11460	-0.00117
11462	-0.00218
11464	-0.00196
11466	-0.00186
11468	-0.00228
11470	-0.0016
11472	-6.77999E-4
11474	-9.53985E-4
11476	-1.4297E-4
11478	0.00146
11480	3.15059E-4
11482	4.00729E-5
11484	3.45087E-4
11486	8.15102E-4
11488	5.11609E-6
11490	-2.6787E-4
11492	3.40145E-4
11494	0.002
11496	0.003
11498	0.00251
11500	0.00224
11502	8.81634E-4
11504	1.66615E-4
11506	-9.18403E-4
11508	-1.04422E-4
11510	7.72559E-4
11512	0.00172
11514	0.00142
11516	0.00105
11518	0.00205
11520	0.0033
11522	0.00304
11524	0.00176
11526	0.00124
11528	0.00169
11530	0.02477
11532	0.088
11534	0.17297
11536	0.26581
11538	0.35819
11540	0.44726
11542	0.5289
11544	0.60275
11546	0.66852
11548	0.72646
11550	0.77794
11552	0.82318
11554	0.86127
11556	0.89241
11558	0.902
11560	0.87008
11562	0.81028
11564	0.73744
11566	0.66083
11568	0.58605
11570	0.51571
11572	0.45159
11574	0.3932
11576	0.34285
11578	0.29768
11580	0.25867
11582	0.22628
11584	0.19604
11586	0.17079
11588	0.14822
11590	0.12898
11592	0.1133
11594	0.09902
11596	0.08678
11598	0.07707
11600	0.06756
11602	0.05903
11604	0.05252
11606	0.04846
11608	0.04314
11610	0.03755
11612	0.03352
11614	0.02991
11616	0.02575
11618	0.02225
11620	0.02142
11622	0.0205
11624	0.01807
11626	0.01674
11628	0.0156
11630	0.01527
11632	0.01493
11634	0.01383
11636	0.0126
11638	0.01259
11640	0.01164
11642	0.01065
11644	0.0091
11646	0.00837
11648	0.00777
11650	0.00608
11652	0.00449
11654	0.00294
11656	0.00212
11658	0.00234
11660	0.00155
11662	0.00174
11664	0.00149
11666	0.00237
11668	0.00203
11670	9.64726E-4
11672	9.18965E-4
11674	8.38203E-4
11676	-5.93558E-4
11678	-0.00206
11680	-0.00217
11682	-0.00172
11684	-0.00183
11686	-8.53366E-4
11688	-6.54128E-4
11690	-7.9289E-4
11692	-0.00126
11694	-7.95413E-4
11696	9.98825E-4
11698	7.73064E-4
11700	-5.57698E-4
11702	-0.00113
11704	-7.45221E-4
11706	1.66017E-4
11708	2.2976E-4
11710	2.06503E-4
11712	0.00174
11714	0.00236
11716	9.18732E-4
11718	7.78475E-4
11720	0.00101
11722	5.48961E-4
11724	5.33704E-4
11726	4.00447E-4
11728	-8.6781E-4
11730	-0.00148
11732	-5.44324E-4
11734	-2.71581E-4
11736	-1.83838E-4
11738	-0.00102
11740	-0.00128
11742	-3.3461E-4
11744	5.01333E-5
11746	-0.00113
11748	-0.0012
11750	-1.62638E-4
11752	0.00118
11754	5.57848E-4
11756	-0.00142
11758	-0.00212
11760	-0.00152
11762	8.0682E-4
11764	9.54563E-4
11766	1.84306E-4
11768	0.00101
11770	1.51792E-4
11772	-3.95466E-4
11774	-6.04723E-4
11776	-2.78122E-4
11778	-6.48234E-4
11780	-9.16347E-4
11782	-0.00262
11784	-0.00305
11786	-0.00258
11788	-0.00256
11790	-0.00389
11792	-0.00455
11794	-0.00415
11796	-0.00296
11798	-0.00107
11800	-6.39468E-4
11802	-8.3358E-4
11804	-0.00103
11806	-0.00109
11808	-8.08917E-4
11810	3.27971E-4
11812	0.00112
11814	5.51747E-4
11816	-0.00105
11818	-9.98478E-4
11820	-3.7659E-4
11822	5.39298E-4
11824	8.61186E-4
11826	4.94073E-4
11828	-8.00039E-4
11830	-0.0014
11832	-0.00133
11834	-0.00111
11836	-0.00187
11838	-5.486E-4
11840	1.64288E-4
11842	2.03176E-4
11844	7.41064E-4
11846	0.00105
11848	1.55031E-5
11850	-7.17361E-4
11852	-0.00127
11854	-1.38091E-4
11856	2.27045E-4
11858	7.2318E-4
11860	2.54316E-4
11862	2.16451E-4
11864	1.90587E-4
11866	0.00104
11868	8.89858E-4
11870	0.00129
11872	0.00142
11874	2.84264E-4
11876	0.00146
11878	0.00265
11880	0.00158
11882	0.00129
11884	0.00148
11886	0.0012
11888	0.00215
11890	9.10348E-4
11892	-5.78517E-4
11894	-1.83381E-4
11896	7.79754E-4
11898	8.1189E-4
11900	3.42025E-4
11902	-3.59839E-4
11904	-0.00101
11906	-3.00568E-4
11908	-4.88433E-4
11910	-1.74297E-4
11912	8.43838E-4
11914	0.00176
11916	0.00113
11918	4.72177E-4
11920	-3.55066E-4
11922	-2.25309E-4
11924	5.37448E-4
11926	0.002
11928	0.00177
11930	7.57719E-4
11932	0.00122
11934	0.00154
11936	7.5099E-4
11938	5.07467E-5
11940	1.45037E-5
11942	7.74261E-4
11944	2.96018E-4
11946	-0.00128
11948	-6.16468E-4
11950	-7.90711E-4
11952	-6.17954E-4
11954	-6.61975E-5
11956	7.9656E-4
11958	9.80316E-4
11960	2.81073E-4
11962	0.00102
11964	0.00106
11966	-3.36556E-5
11968	5.01014E-5
11970	8.27858E-4
11972	0.00128
11974	0.00189
11976	0.00314
11978	0.00313
11980	0.00148
11982	4.224E-4
11984	4.55157E-4
11986	6.74078E-4
11988	0.00124
11990	0.0025
11992	0.00284
11994	0.00228
11996	0.00221
11998	-3.00903E-4
12000	-0.00148
12002	-8.01897E-4
12004	-8.91393E-4
12006	-0.00134
12008	-0.0021
12010	-0.00138
12012	-1.60381E-4
12014	-9.28776E-5
12016	9.42625E-4
12018	0.00207
12020	0.00254
12022	0.00195
12024	0.00201
12026	0.00183
12028	0.00112
12030	9.31148E-4
12032	-3.96349E-4
12034	2.14154E-4
12036	3.16569E-5
12038	-7.9684E-4
12040	-2.81337E-4
12042	-0.00187
12044	-0.00111
12046	-6.99827E-4
12048	-9.13324E-4
12050	-7.25821E-4
12052	8.16682E-4
12054	0.00107
12056	-6.10151E-4
12058	-0.00159
12060	-0.00207
12062	-0.00262
12064	-0.00181
12066	-0.00177
12068	-0.00242
12070	-0.00305
12072	-0.00259
12074	-7.05288E-4
12076	6.63808E-4
12078	9.92904E-4
12080	4.48E-4
12082	2.90955E-5
12084	-7.50809E-4
12086	2.15287E-4
12088	-2.76168E-5
12090	-2.95521E-4
12092	-0.00158
12094	-0.00184
12096	-7.54233E-4
12098	1.35863E-4
12100	9.29586E-5
12102	-2.29456E-5
12104	6.7115E-4
12106	0.00138
12108	5.45342E-4
12110	0.00124
12112	0.00156
12114	0.00119
12116	0.00134
12118	5.23822E-4
12120	-9.90826E-5
12122	-3.35987E-4
12124	1.01109E-4
