time	cp
2	4.4563
4	4.45551
6	4.45514
8	4.45577
10	4.45517
12	4.4542
14	4.45362
16	4.45264
18	4.45294
20	4.45195
22	4.45113
24	4.45104
26	4.4509
28	4.45025
30	4.45075
32	4.45151
34	4.45225
36	4.45169
38	4.45038
40	4.44972
42	4.44906
44	4.44849
46	4.44793
48	4.44752
50	4.44732
52	4.44715
54	4.44564
56	4.44602
58	4.44722
60	4.44657
62	4.44709
64	4.44713
66	4.44619
68	4.44649
70	4.44603
72	4.44557
74	4.44414
76	4.4433
78	4.44261
80	4.44369
82	4.44376
84	4.44394
86	4.44343
88	4.44304
90	4.44351
92	4.44452
94	4.44478
96	4.44467
98	4.4446
100	4.44376
102	4.44377
104	4.44406
106	4.44312
108	4.44073
110	4.44109
112	4.44025
114	4.4403
116	4.44025
118	4.43991
120	4.4407
122	4.44035
124	4.44096
126	4.45467
128	4.51824
130	4.6234
132	4.74844
134	4.87669
136	5.00224
138	5.12006
140	5.22836
142	5.325
144	5.41129
146	5.4855
148	5.55111
150	5.60662
152	5.65366
154	5.66016
156	5.60623
158	5.5151
160	5.41123
162	5.30685
164	5.20777
166	5.11598
168	5.03176
170	4.95612
172	4.88964
174	4.83149
176	4.78154
178	4.73818
180	4.70059
182	4.66831
184	4.64079
186	4.61819
188	4.59841
190	4.58095
192	4.56593
194	4.55307
196	4.54276
198	4.53286
200	4.52359
202	4.51598
204	4.50856
206	4.50235
208	4.49696
210	4.49144
212	4.48521
214	4.48168
216	4.47819
218	4.4741
220	4.47076
222	4.46663
224	4.46312
226	4.46009
228	4.45738
230	4.45566
232	4.45411
234	4.45308
236	4.45065
238	4.4483
240	4.44675
242	4.44539
244	4.44389
246	4.44279
248	4.44136
250	4.43956
252	4.43846
254	4.43634
256	4.43608
258	4.43559
260	4.43383
262	4.43134
264	4.43119
266	4.43121
268	4.43032
270	4.43008
272	4.43035
274	4.42984
276	4.42979
278	4.42854
280	4.42748
282	4.42721
284	4.42782
286	4.42817
288	4.42792
290	4.4276
292	4.42742
294	4.42792
296	4.42761
298	4.42692
300	4.42701
302	4.42678
304	4.42616
306	4.42571
308	4.42512
310	4.42468
312	4.42394
314	4.42378
316	4.42315
318	4.42396
320	4.42426
322	4.42412
324	4.42408
326	4.42373
328	4.42325
330	4.42434
332	4.42465
334	4.42473
336	4.42446
338	4.42356
340	4.42314
342	4.4218
344	4.42071
346	4.42094
348	4.42262
350	4.42146
352	4.4213
354	4.42166
356	4.42173
358	4.42169
360	4.42088
362	4.42009
364	4.41978
366	4.41989
368	4.41934
370	4.42052
372	4.42041
374	4.41949
376	4.41965
378	4.41945
380	4.41885
382	4.41803
384	4.41783
386	4.41739
388	4.41589
390	4.41655
392	4.41753
394	4.41789
396	4.41763
398	4.41761
400	4.41627
402	4.41503
404	4.41542
406	4.41518
408	4.41511
410	4.41385
412	4.41352
414	4.41479
416	4.41416
418	4.41424
420	4.41486
422	4.41453
424	4.4136
426	4.41337
428	4.41315
430	4.41325
432	4.41218
434	4.41122
436	4.41082
438	4.41178
440	4.41135
442	4.41131
444	4.41175
446	4.41058
448	4.41078
450	4.4121
452	4.41123
454	4.41103
456	4.41047
458	4.41033
460	4.41087
462	4.41071
464	4.41022
466	4.41043
468	4.41015
470	4.40966
472	4.40876
474	4.409
476	4.40907
478	4.40926
480	4.40854
482	4.40751
484	4.40758
486	4.40729
488	4.4077
490	4.40689
492	4.4072
494	4.4066
496	4.4066
498	4.40659
500	4.40679
502	4.40596
504	4.40595
506	4.40603
508	4.40527
510	4.40642
512	4.40542
514	4.40486
516	4.40511
518	4.40531
520	4.40408
522	4.4031
524	4.40331
526	4.40398
528	4.4032
530	4.40394
532	4.40324
534	4.40347
536	4.40356
538	4.40377
540	4.4034
542	4.40346
544	4.40227
546	4.40094
548	4.40052
550	4.40118
552	4.40127
554	4.40157
556	4.40185
558	4.40126
560	4.40062
562	4.40107
564	4.40152
566	4.40122
568	4.4006
570	4.40017
572	4.40038
574	4.40019
576	4.40046
578	4.39923
580	4.39876
582	4.39992
584	4.40055
586	4.39975
588	4.39875
590	4.39811
592	4.39821
594	4.39858
596	4.39746
598	4.39659
600	4.39573
602	4.39574
604	4.39532
606	4.39516
608	4.39533
610	4.39634
612	4.39569
614	4.39515
616	4.39488
618	4.39512
620	4.39547
622	4.39536
624	4.39563
626	4.3954
628	4.39607
630	4.39575
632	4.39497
634	4.3948
636	4.39506
638	4.39532
640	4.39524
642	4.39519
644	4.39478
646	4.39399
648	4.39446
650	4.39436
652	4.39438
654	4.39408
656	4.39389
658	4.39359
660	4.39386
662	4.39333
664	4.3932
666	4.39222
668	4.39118
670	4.39146
672	4.39222
674	4.39258
676	4.39236
678	4.39227
680	4.39266
682	4.39318
684	4.39292
686	4.3922
688	4.39241
690	4.39267
692	4.39183
694	4.39225
696	4.39241
698	4.39179
700	4.39211
702	4.3913
704	4.39047
706	4.39078
708	4.39094
710	4.39045
712	4.39
714	4.38984
716	4.38966
718	4.3898
720	4.38975
722	4.38896
724	4.3918
726	4.42908
728	4.5198
730	4.641
732	4.7718
734	4.89998
736	5.02031
738	5.13021
740	5.22848
742	5.31649
744	5.39296
746	5.46109
748	5.52064
750	5.57156
752	5.61345
754	5.62221
756	5.57072
758	5.48245
760	5.37914
762	5.27343
764	5.17206
766	5.07773
768	4.99286
770	4.91676
772	4.84944
774	4.7918
776	4.74037
778	4.69595
780	4.65806
782	4.62507
784	4.59734
786	4.57427
788	4.55504
790	4.53632
792	4.51943
794	4.506
796	4.49446
798	4.48419
800	4.47511
802	4.46866
804	4.46247
806	4.45588
808	4.45038
810	4.44484
812	4.44043
814	4.43541
816	4.4307
818	4.42566
820	4.42197
822	4.41878
824	4.41503
826	4.41219
828	4.41052
830	4.40789
832	4.40558
834	4.40421
836	4.40325
838	4.40177
840	4.40063
842	4.3997
844	4.39937
846	4.39821
848	4.39692
850	4.39584
852	4.3943
854	4.39491
856	4.3944
858	4.39247
860	4.39105
862	4.39084
864	4.39048
866	4.39054
868	4.38914
870	4.38863
872	4.38689
874	4.38557
876	4.38499
878	4.38502
880	4.38474
882	4.38506
884	4.38499
886	4.38373
888	4.38293
890	4.38443
892	4.38265
894	4.38114
896	4.38102
898	4.38066
900	4.3797
902	4.37923
904	4.37915
906	4.37967
908	4.37966
910	4.37919
912	4.38035
914	4.38036
916	4.37924
918	4.37884
920	4.37889
922	4.37704
924	4.37655
926	4.37722
928	4.37695
930	4.37636
932	4.37618
934	4.37679
936	4.37731
938	4.37787
940	4.37807
942	4.37705
944	4.37719
946	4.37736
948	4.37832
950	4.37877
952	4.37849
954	4.37679
956	4.3771
958	4.37804
960	4.37717
962	4.37596
964	4.37569
966	4.37506
968	4.37562
970	4.37624
972	4.3758
974	4.37539
976	4.37531
978	4.3748
980	4.37461
982	4.37433
984	4.37494
986	4.37364
988	4.37262
990	4.37229
992	4.3724
994	4.37222
996	4.3723
998	4.37271
1000	4.37146
1002	4.37117
1004	4.37231
1006	4.37357
1008	4.37399
1010	4.37349
1012	4.37227
1014	4.37206
1016	4.37259
1018	4.372
1020	4.37098
1022	4.37121
1024	4.37167
1026	4.3719
1028	4.37152
1030	4.37175
1032	4.37172
1034	4.37155
1036	4.371
1038	4.36953
1040	4.36952
1042	4.3706
1044	4.37075
1046	4.36998
1048	4.36898
1050	4.36907
1052	4.36911
1054	4.36899
1056	4.36887
1058	4.36918
1060	4.36823
1062	4.36805
1064	4.36784
1066	4.36792
1068	4.36754
1070	4.36728
1072	4.36683
1074	4.36747
1076	4.36801
1078	4.36646
1080	4.36646
1082	4.36695
1084	4.36767
1086	4.36741
1088	4.36702
1090	4.3673
1092	4.36695
1094	4.36661
1096	4.36713
1098	4.3673
1100	4.36729
1102	4.36711
1104	4.36772
1106	4.36782
1108	4.36704
1110	4.36709
1112	4.36741
1114	4.36814
1116	4.36766
1118	4.36762
1120	4.36677
1122	4.36626
1124	4.3659
1126	4.36449
1128	4.36478
1130	4.36453
1132	4.36633
1134	4.3674
1136	4.36699
1138	4.36619
1140	4.36564
1142	4.36605
1144	4.36519
1146	4.36405
1148	4.36488
1150	4.36435
1152	4.36502
1154	4.36535
1156	4.3655
1158	4.36426
1160	4.3635
1162	4.36331
1164	4.36416
1166	4.36402
1168	4.3632
1170	4.36397
1172	4.36345
1174	4.36445
1176	4.3636
1178	4.36261
1180	4.3622
1182	4.36362
1184	4.3635
1186	4.36294
1188	4.36239
1190	4.36285
1192	4.36309
1194	4.36279
1196	4.36332
1198	4.36428
1200	4.36375
1202	4.36226
1204	4.36062
1206	4.36055
1208	4.36063
1210	4.36109
1212	4.36154
1214	4.36193
1216	4.36175
1218	4.36205
1220	4.36224
1222	4.3615
1224	4.36155
1226	4.36106
1228	4.36039
1230	4.36122
1232	4.36169
1234	4.36132
1236	4.36188
1238	4.36212
1240	4.36127
1242	4.36165
1244	4.3613
1246	4.362
1248	4.36175
1250	4.361
1252	4.36129
1254	4.35934
1256	4.35857
1258	4.3581
1260	4.35941
1262	4.36012
1264	4.3592
1266	4.35944
1268	4.36043
1270	4.3609
1272	4.35951
1274	4.35805
1276	4.35729
1278	4.35773
1280	4.35854
1282	4.35944
1284	4.3592
1286	4.35958
1288	4.35939
1290	4.35923
1292	4.35789
1294	4.35765
1296	4.35865
1298	4.35941
1300	4.36045
1302	4.36014
1304	4.35935
1306	4.35884
1308	4.35851
1310	4.35788
1312	4.35811
1314	4.35797
1316	4.35785
1318	4.35843
1320	4.3574
1322	4.35523
1324	4.35693
1326	4.39088
1328	4.47756
1330	4.59617
1332	4.72501
1334	4.85256
1336	4.97212
1338	5.08126
1340	5.18102
1342	5.2689
1344	5.34523
1346	5.41256
1348	5.47077
1350	5.52058
1352	5.56424
1354	5.57616
1356	5.52891
1358	5.44219
1360	5.34037
1362	5.23621
1364	5.13632
1366	5.04317
1368	4.95781
1370	4.88129
1372	4.81442
1374	4.75567
1376	4.70405
1378	4.66004
1380	4.62214
1382	4.59079
1384	4.56375
1386	4.53998
1388	4.51889
1390	4.50098
1392	4.48646
1394	4.47401
1396	4.46263
1398	4.45186
1400	4.44366
1402	4.43663
1404	4.43056
1406	4.42489
1408	4.41934
1410	4.4143
1412	4.40946
1414	4.40436
1416	4.40024
1418	4.39647
1420	4.39253
1422	4.38947
1424	4.38669
1426	4.38445
1428	4.38217
1430	4.38045
1432	4.37767
1434	4.37467
1436	4.37314
1438	4.3726
1440	4.37088
1442	4.36803
1444	4.36662
1446	4.3653
1448	4.36532
1450	4.3643
1452	4.36279
1454	4.3615
1456	4.36031
1458	4.35959
1460	4.35862
1462	4.35761
1464	4.35722
1466	4.35598
1468	4.35652
1470	4.35659
1472	4.35614
1474	4.35616
1476	4.3553
1478	4.35412
1480	4.35323
1482	4.35269
1484	4.35248
1486	4.35224
1488	4.35215
1490	4.35114
1492	4.35057
1494	4.35029
1496	4.35057
1498	4.35141
1500	4.35213
1502	4.35061
1504	4.34997
1506	4.35
1508	4.3498
1510	4.34946
1512	4.34906
1514	4.34799
1516	4.3481
1518	4.34796
1520	4.34811
1522	4.34798
1524	4.34781
1526	4.34773
1528	4.34731
1530	4.34668
1532	4.34668
1534	4.34715
1536	4.34761
1538	4.34786
1540	4.34698
1542	4.34648
1544	4.34595
1546	4.34571
1548	4.34566
1550	4.34508
1552	4.34452
1554	4.34528
1556	4.34555
1558	4.34454
1560	4.34463
1562	4.34491
1564	4.34487
1566	4.34414
1568	4.34394
1570	4.34445
1572	4.34394
1574	4.34421
1576	4.34356
1578	4.34324
1580	4.34299
1582	4.34233
1584	4.34273
1586	4.34258
1588	4.34312
1590	4.34344
1592	4.34362
1594	4.34289
1596	4.34217
1598	4.34237
1600	4.34257
1602	4.34204
1604	4.34209
1606	4.34163
1608	4.34224
1610	4.3431
1612	4.34211
1614	4.34221
1616	4.34091
1618	4.34083
1620	4.34152
1622	4.34214
1624	4.34258
1626	4.34192
1628	4.34163
1630	4.34177
1632	4.34142
1634	4.34088
1636	4.34061
1638	4.34138
1640	4.34167
1642	4.34075
1644	4.33946
1646	4.33886
1648	4.339
1650	4.33908
1652	4.33829
1654	4.33897
1656	4.33864
1658	4.3388
1660	4.33832
1662	4.33793
1664	4.33813
1666	4.33803
1668	4.3386
1670	4.33777
1672	4.33766
1674	4.33968
1676	4.33906
1678	4.33909
1680	4.33945
1682	4.3402
1684	4.33956
1686	4.33853
1688	4.338
1690	4.33699
1692	4.33767
1694	4.3373
1696	4.33695
1698	4.33745
1700	4.33666
1702	4.33647
1704	4.3369
1706	4.3374
1708	4.33695
1710	4.33636
1712	4.33667
1714	4.33571
1716	4.3347
1718	4.33394
1720	4.33476
1722	4.33505
1724	4.33538
1726	4.33428
1728	4.33341
1730	4.33289
1732	4.33351
1734	4.33418
1736	4.33444
1738	4.33534
1740	4.33613
1742	4.33509
1744	4.33571
1746	4.33689
1748	4.33586
1750	4.3339
1752	4.33493
1754	4.33484
1756	4.33343
1758	4.33312
1760	4.33461
1762	4.33461
1764	4.33481
1766	4.33347
1768	4.33389
1770	4.33392
1772	4.33453
1774	4.33488
1776	4.33441
1778	4.33297
1780	4.3332
1782	4.33414
1784	4.33342
1786	4.33323
1788	4.33282
1790	4.33143
1792	4.33104
1794	4.33246
1796	4.333
1798	4.33297
1800	4.33314
1802	4.3337
1804	4.33399
1806	4.33435
1808	4.33448
1810	4.33329
1812	4.33212
1814	4.33206
1816	4.33208
1818	4.33268
1820	4.33282
1822	4.33189
1824	4.33128
1826	4.332
1828	4.33212
1830	4.33098
1832	4.33106
1834	4.33141
1836	4.3308
1838	4.33096
1840	4.33173
1842	4.33137
1844	4.33148
1846	4.33049
1848	4.3293
1850	4.32917
1852	4.32918
1854	4.3303
1856	4.32977
1858	4.32985
1860	4.33012
1862	4.33063
1864	4.3305
1866	4.33168
1868	4.33238
1870	4.33123
1872	4.32997
1874	4.32973
1876	4.33007
1878	4.33011
1880	4.33076
1882	4.33021
1884	4.32954
1886	4.32927
1888	4.32955
1890	4.32932
1892	4.32993
1894	4.32927
1896	4.32981
1898	4.32959
1900	4.3286
1902	4.32889
1904	4.32844
1906	4.32779
1908	4.32755
1910	4.32807
1912	4.32883
1914	4.33007
1916	4.33036
1918	4.33073
1920	4.32995
1922	4.32907
1924	4.33018
1926	4.3562
1928	4.43632
1930	4.54766
1932	4.67387
1934	4.79924
1936	4.91822
1938	5.02674
1940	5.12455
1942	5.2125
1944	5.28941
1946	5.35683
1948	5.41408
1950	5.46336
1952	5.5065
1954	5.52557
1956	5.48793
1958	5.40897
1960	5.31031
1962	5.20658
1964	5.10742
1966	5.01498
1968	4.92942
1970	4.85359
1972	4.78796
1974	4.73015
1976	4.67784
1978	4.63239
1980	4.59484
1982	4.56218
1984	4.53472
1986	4.51089
1988	4.49077
1990	4.47263
1992	4.45741
1994	4.44358
1996	4.43186
1998	4.42279
2000	4.41325
2002	4.40372
2004	4.39724
2006	4.39219
2008	4.38622
2010	4.38116
2012	4.37567
2014	4.3717
2016	4.36871
2018	4.36519
2020	4.36207
2022	4.35778
2024	4.3547
2026	4.35326
2028	4.35135
2030	4.34905
2032	4.34671
2034	4.34541
2036	4.34283
2038	4.34134
2040	4.34097
2042	4.34031
2044	4.33836
2046	4.3377
2048	4.33613
2050	4.33451
2052	4.33371
2054	4.33265
2056	4.33184
2058	4.32986
2060	4.32836
2062	4.32734
2064	4.32802
2066	4.32803
2068	4.32817
2070	4.32835
2072	4.32759
2074	4.32676
2076	4.3263
2078	4.32585
2080	4.32493
2082	4.32511
2084	4.32489
2086	4.32465
2088	4.32293
2090	4.32193
2092	4.32182
2094	4.32145
2096	4.32155
2098	4.32123
2100	4.32244
2102	4.32318
2104	4.32236
2106	4.32271
2108	4.32207
2110	4.32206
2112	4.32293
2114	4.32307
2116	4.32215
2118	4.32154
2120	4.32154
2122	4.32085
2124	4.32003
2126	4.32027
2128	4.32084
2130	4.32002
2132	4.32041
2134	4.31915
2136	4.31854
2138	4.31888
2140	4.31912
2142	4.31892
2144	4.31921
2146	4.31916
2148	4.31957
2150	4.3188
2152	4.31826
2154	4.31977
2156	4.31948
2158	4.31818
2160	4.31716
2162	4.31864
2164	4.31885
2166	4.31758
2168	4.31747
2170	4.31697
2172	4.31732
2174	4.31734
2176	4.3166
2178	4.31629
2180	4.31594
2182	4.31583
2184	4.31544
2186	4.31618
2188	4.31625
2190	4.31684
2192	4.31647
2194	4.31669
2196	4.31641
2198	4.31529
2200	4.31533
2202	4.31615
2204	4.31578
2206	4.31609
2208	4.31445
2210	4.31481
2212	4.31458
2214	4.31387
2216	4.3147
2218	4.31451
2220	4.31454
2222	4.31488
2224	4.31456
2226	4.31367
2228	4.31481
2230	4.31534
2232	4.31401
2234	4.31398
2236	4.31372
2238	4.31356
2240	4.31299
2242	4.31329
2244	4.31278
2246	4.31278
2248	4.3133
2250	4.31275
2252	4.31412
2254	4.31349
2256	4.31197
2258	4.31211
2260	4.31264
2262	4.31358
2264	4.31287
2266	4.3123
2268	4.31111
2270	4.31104
2272	4.31078
2274	4.31072
2276	4.31193
2278	4.31249
2280	4.31248
2282	4.31187
2284	4.31142
2286	4.31105
2288	4.31126
2290	4.31118
2292	4.31135
2294	4.30961
2296	4.30881
2298	4.30864
2300	4.30858
2302	4.30858
2304	4.30945
2306	4.31045
2308	4.31118
2310	4.31006
2312	4.30998
2314	4.3101
2316	4.30986
2318	4.3099
2320	4.31035
2322	4.30974
2324	4.31025
2326	4.30999
2328	4.30993
2330	4.31022
2332	4.30934
2334	4.3101
2336	4.31
2338	4.30976
2340	4.31008
2342	4.30977
2344	4.3098
2346	4.30866
2348	4.30642
2350	4.30603
2352	4.30757
2354	4.30723
2356	4.30628
2358	4.30601
2360	4.30653
2362	4.30759
2364	4.30701
2366	4.30652
2368	4.30602
2370	4.3058
2372	4.3062
2374	4.30612
2376	4.30439
2378	4.30456
2380	4.30417
2382	4.30373
2384	4.30349
2386	4.30401
2388	4.30477
2390	4.30588
2392	4.30583
2394	4.30561
2396	4.30619
2398	4.30551
2400	4.30381
2402	4.30356
2404	4.30441
2406	4.30415
2408	4.305
2410	4.30496
2412	4.30541
2414	4.30604
2416	4.30441
2418	4.30403
2420	4.30349
2422	4.30357
2424	4.30392
2426	4.30276
2428	4.30253
2430	4.30313
2432	4.30312
2434	4.30294
2436	4.30302
2438	4.30213
2440	4.30243
2442	4.30247
2444	4.30165
2446	4.30135
2448	4.3022
2450	4.30252
2452	4.30284
2454	4.30265
2456	4.30296
2458	4.30287
2460	4.30282
2462	4.30276
2464	4.30333
2466	4.30325
2468	4.30349
2470	4.30238
2472	4.30173
2474	4.30191
2476	4.30109
2478	4.30082
2480	4.30158
2482	4.30178
2484	4.30092
2486	4.30079
2488	4.30147
2490	4.30274
2492	4.30291
2494	4.30253
2496	4.30211
2498	4.30206
2500	4.3012
2502	4.30085
2504	4.302
2506	4.30252
2508	4.30369
2510	4.3036
2512	4.30245
2514	4.30269
2516	4.30188
2518	4.3016
2520	4.30141
2522	4.30205
2524	4.30264
2526	4.3206
2528	4.39238
2530	4.49915
2532	4.62192
2534	4.74545
2536	4.86212
2538	4.97215
2540	5.07001
2542	5.15756
2544	5.2344
2546	5.3022
2548	5.35754
2550	5.40667
2552	5.45139
2554	5.4755
2556	5.44642
2558	5.37326
2560	5.27759
2562	5.1765
2564	5.07806
2566	4.98637
2568	4.90226
2570	4.8271
2572	4.76039
2574	4.70085
2576	4.65019
2578	4.60592
2580	4.56804
2582	4.53626
2584	4.50879
2586	4.48458
2588	4.462
2590	4.44388
2592	4.42935
2594	4.41653
2596	4.40516
2598	4.39402
2600	4.38524
2602	4.37651
2604	4.36883
2606	4.36298
2608	4.35665
2610	4.35273
2612	4.34862
2614	4.34455
2616	4.34147
2618	4.33914
2620	4.336
2622	4.33208
2624	4.3288
2626	4.32543
2628	4.32253
2630	4.31995
2632	4.31806
2634	4.31588
2636	4.31334
2638	4.31208
2640	4.31103
2642	4.30917
2644	4.3087
2646	4.30661
2648	4.30641
2650	4.30609
2652	4.30435
2654	4.30385
2656	4.30266
2658	4.30158
2660	4.3011
2662	4.29995
2664	4.29897
2666	4.29956
2668	4.29952
2670	4.29824
2672	4.29682
2674	4.29632
2676	4.29542
2678	4.29454
2680	4.2945
2682	4.29438
2684	4.29556
2686	4.29511
2688	4.29487
2690	4.29449
2692	4.2936
2694	4.29303
2696	4.29309
2698	4.29298
2700	4.29296
2702	4.29274
2704	4.29204
2706	4.29249
2708	4.29292
2710	4.29263
2712	4.29262
2714	4.29228
2716	4.29199
2718	4.29192
2720	4.29171
2722	4.29055
2724	4.29017
2726	4.29086
2728	4.29086
2730	4.28907
2732	4.28819
2734	4.28754
2736	4.28763
2738	4.28746
2740	4.28687
2742	4.2861
2744	4.28607
2746	4.28637
2748	4.28698
2750	4.28789
2752	4.28776
2754	4.28669
2756	4.28619
2758	4.28694
2760	4.2873
2762	4.28729
2764	4.28833
2766	4.28834
2768	4.28678
2770	4.28575
2772	4.28461
2774	4.28534
2776	4.2857
2778	4.28499
2780	4.28646
2782	4.28734
2784	4.28763
2786	4.28818
2788	4.28704
2790	4.28669
2792	4.28756
2794	4.28763
2796	4.28742
2798	4.28641
2800	4.28614
2802	4.28643
2804	4.28622
2806	4.2869
2808	4.28517
2810	4.28476
2812	4.28334
2814	4.28428
2816	4.2847
2818	4.2851
2820	4.28543
2822	4.28468
2824	4.28533
2826	4.2853
2828	4.28658
2830	4.28611
2832	4.28529
2834	4.28379
2836	4.28304
2838	4.2829
2840	4.28309
2842	4.28421
2844	4.28418
2846	4.2849
2848	4.28384
2850	4.2844
2852	4.28414
2854	4.28433
2856	4.28414
2858	4.28401
2860	4.28346
2862	4.28289
2864	4.28247
2866	4.28183
2868	4.2821
2870	4.28246
2872	4.28221
2874	4.28374
2876	4.28442
2878	4.28406
2880	4.28332
2882	4.28257
2884	4.28296
2886	4.2842
2888	4.28506
2890	4.28522
2892	4.28516
2894	4.28493
2896	4.28355
2898	4.28354
2900	4.28402
2902	4.28355
2904	4.28444
2906	4.28306
2908	4.28211
2910	4.28104
2912	4.2806
2914	4.28115
2916	4.28007
2918	4.28024
2920	4.28114
2922	4.28047
2924	4.2799
2926	4.28012
2928	4.28093
2930	4.28224
2932	4.28322
2934	4.28246
2936	4.28257
2938	4.28121
2940	4.28076
2942	4.28032
2944	4.27978
2946	4.28062
2948	4.28048
2950	4.27978
2952	4.27879
2954	4.27893
2956	4.27923
2958	4.27942
2960	4.27923
2962	4.27811
2964	4.27832
2966	4.27867
2968	4.2789
2970	4.27939
2972	4.27806
2974	4.27874
2976	4.2789
2978	4.27947
2980	4.27888
2982	4.27803
2984	4.27862
2986	4.27843
2988	4.27817
2990	4.27919
2992	4.2783
2994	4.2778
2996	4.27808
2998	4.2779
3000	4.27911
3002	4.27876
3004	4.27712
3006	4.27729
3008	4.27865
3010	4.27871
3012	4.27725
3014	4.27654
3016	4.27679
3018	4.27768
3020	4.2774
3022	4.27792
3024	4.27825
3026	4.27833
3028	4.27827
3030	4.2773
3032	4.27679
3034	4.27666
3036	4.27679
3038	4.27654
3040	4.27663
3042	4.2772
3044	4.27671
3046	4.27706
3048	4.2766
3050	4.27516
3052	4.27521
3054	4.27606
3056	4.27699
3058	4.27724
3060	4.2763
3062	4.27507
3064	4.27482
3066	4.27548
3068	4.2754
3070	4.27519
3072	4.27521
3074	4.27544
3076	4.27445
3078	4.27395
3080	4.27302
3082	4.27297
3084	4.27262
3086	4.27198
3088	4.27311
3090	4.27315
3092	4.27358
3094	4.27345
3096	4.27393
3098	4.27474
3100	4.27481
3102	4.27481
3104	4.27474
3106	4.27546
3108	4.27539
3110	4.27437
3112	4.27366
3114	4.27399
3116	4.27426
3118	4.27406
3120	4.27397
3122	4.27401
3124	4.27346
3126	4.2894
3128	4.35516
3130	4.45956
3132	4.57976
3134	4.70214
3136	4.81732
3138	4.92559
3140	5.02317
3142	5.10953
3144	5.18565
3146	5.25277
3148	5.31095
3150	5.36035
3152	5.40251
3154	5.43076
3156	5.40496
3158	5.33371
3160	5.24081
3162	5.14189
3164	5.04547
3166	4.95466
3168	4.87226
3170	4.7984
3172	4.7321
3174	4.6734
3176	4.62195
3178	4.5762
3180	4.5383
3182	4.506
3184	4.47759
3186	4.45192
3188	4.4317
3190	4.41496
3192	4.39904
3194	4.38573
3196	4.37286
3198	4.3637
3200	4.3556
3202	4.34772
3204	4.34035
3206	4.33362
3208	4.32755
3210	4.32382
3212	4.31992
3214	4.31555
3216	4.31213
3218	4.30868
3220	4.30567
3222	4.3037
3224	4.30073
3226	4.29784
3228	4.29475
3230	4.29218
3232	4.28974
3234	4.28953
3236	4.28833
3238	4.28671
3240	4.28463
3242	4.28263
3244	4.28179
3246	4.28129
3248	4.27944
3250	4.27799
3252	4.27743
3254	4.27571
3256	4.27464
3258	4.27373
3260	4.27262
3262	4.27159
3264	4.27067
3266	4.27008
3268	4.2693
3270	4.2694
3272	4.26837
3274	4.26796
3276	4.26819
3278	4.26782
3280	4.26786
3282	4.26817
3284	4.26751
3286	4.26556
3288	4.26523
3290	4.26539
3292	4.26481
3294	4.26515
3296	4.26604
3298	4.2667
3300	4.26632
3302	4.26495
3304	4.26373
3306	4.26323
3308	4.26395
3310	4.26429
3312	4.26482
3314	4.26535
3316	4.2646
3318	4.26406
3320	4.26427
3322	4.26501
3324	4.26462
3326	4.2641
3328	4.26395
3330	4.26282
3332	4.2622
3334	4.26136
3336	4.26108
3338	4.26146
3340	4.26107
3342	4.26095
3344	4.26145
3346	4.26149
3348	4.26035
3350	4.25969
3352	4.25917
3354	4.259
3356	4.25885
3358	4.25833
3360	4.25816
3362	4.25847
3364	4.25828
3366	4.25846
3368	4.26034
3370	4.25974
3372	4.25924
3374	4.25849
3376	4.25916
3378	4.26031
3380	4.26066
3382	4.26139
3384	4.26078
3386	4.25981
3388	4.25936
3390	4.25916
3392	4.26042
3394	4.2601
3396	4.259
3398	4.25839
3400	4.25803
3402	4.2578
3404	4.25615
3406	4.25694
3408	4.2584
3410	4.2568
3412	4.25658
3414	4.25773
3416	4.25892
3418	4.2582
3420	4.25782
3422	4.25849
3424	4.25873
3426	4.25871
3428	4.25808
3430	4.25648
3432	4.25716
3434	4.25745
3436	4.25725
3438	4.25726
3440	4.25801
3442	4.25769
3444	4.25624
3446	4.2556
3448	4.25577
3450	4.25573
3452	4.25534
3454	4.25566
3456	4.25489
3458	4.25526
3460	4.2553
3462	4.25541
3464	4.25594
3466	4.25502
3468	4.25584
3470	4.25731
3472	4.25775
3474	4.25836
3476	4.2586
3478	4.25833
3480	4.25819
3482	4.25809
3484	4.25762
3486	4.25813
3488	4.25858
3490	4.25913
3492	4.26081
3494	4.26076
3496	4.2596
3498	4.25861
3500	4.25866
3502	4.25947
3504	4.26022
3506	4.26056
3508	4.25916
3510	4.25906
3512	4.25924
3514	4.25976
3516	4.25948
3518	4.25859
3520	4.25866
3522	4.25899
3524	4.25931
3526	4.25808
3528	4.25787
3530	4.25907
3532	4.25843
3534	4.25769
3536	4.25857
3538	4.25847
3540	4.25854
3542	4.25861
3544	4.25956
3546	4.26063
3548	4.25928
3550	4.25833
3552	4.25606
3554	4.25511
3556	4.25583
3558	4.25676
3560	4.25828
3562	4.25865
3564	4.25812
3566	4.25637
3568	4.25516
3570	4.25574
3572	4.25537
3574	4.25532
3576	4.25572
3578	4.25603
3580	4.2562
3582	4.25588
3584	4.25604
3586	4.25373
3588	4.25407
3590	4.25584
3592	4.25557
3594	4.25552
3596	4.25565
3598	4.257
3600	4.25827
3602	4.2582
3604	4.25781
3606	4.25788
3608	4.25775
3610	4.25791
3612	4.25778
3614	4.2583
3616	4.25819
3618	4.25829
3620	4.25873
3622	4.25695
3624	4.25562
3626	4.25592
3628	4.25608
3630	4.255
3632	4.25425
3634	4.25515
3636	4.256
3638	4.25584
3640	4.25483
3642	4.25387
3644	4.2542
3646	4.25602
3648	4.25759
3650	4.25876
3652	4.25901
3654	4.25924
3656	4.26014
3658	4.25972
3660	4.25903
3662	4.25782
3664	4.25699
3666	4.25698
3668	4.25812
3670	4.25685
3672	4.2554
3674	4.25563
3676	4.25491
3678	4.25399
3680	4.25301
3682	4.25341
3684	4.25306
3686	4.25369
3688	4.25418
3690	4.25448
3692	4.255
3694	4.2551
3696	4.25458
3698	4.25445
3700	4.25533
3702	4.25431
3704	4.25314
3706	4.25293
3708	4.25378
3710	4.25427
3712	4.25301
3714	4.25251
3716	4.25222
3718	4.25155
3720	4.25136
3722	4.25162
3724	4.2513
3726	4.26237
3728	4.32223
3730	4.42153
3732	4.53823
3734	4.65848
3736	4.77418
3738	4.88074
3740	4.97771
3742	5.06551
3744	5.14318
3746	5.21164
3748	5.27006
3750	5.32036
3752	5.3637
3754	5.39292
3756	5.37419
3758	5.31063
3760	5.22086
3762	5.1242
3764	5.02922
3766	4.93835
3768	4.85496
3770	4.78025
3772	4.71526
3774	4.65627
3776	4.60559
3778	4.56065
3780	4.52132
3782	4.48699
3784	4.45796
3786	4.43342
3788	4.41331
3790	4.39589
3792	4.37983
3794	4.36658
3796	4.35488
3798	4.34507
3800	4.33615
3802	4.32851
3804	4.32144
3806	4.3151
3808	4.30991
3810	4.30508
3812	4.29902
3814	4.29498
3816	4.29104
3818	4.28798
3820	4.28491
3822	4.28189
3824	4.27885
3826	4.27729
3828	4.27623
3830	4.27399
3832	4.27148
3834	4.26879
3836	4.26637
3838	4.26519
3840	4.26354
3842	4.2616
3844	4.2596
3846	4.25706
3848	4.25651
3850	4.25641
3852	4.25674
3854	4.25747
3856	4.25631
3858	4.25618
3860	4.25537
3862	4.25449
3864	4.25454
3866	4.25373
3868	4.25247
3870	4.25121
3872	4.25088
3874	4.24961
3876	4.2484
3878	4.24879
3880	4.24829
3882	4.24708
3884	4.24683
3886	4.248
3888	4.2469
3890	4.24766
3892	4.2474
3894	4.24672
3896	4.24597
3898	4.24526
3900	4.24402
3902	4.2432
3904	4.24436
3906	4.24581
3908	4.24476
3910	4.24263
3912	4.24299
3914	4.24302
3916	4.24377
3918	4.2442
3920	4.24301
3922	4.24298
3924	4.2442
3926	4.2441
3928	4.24431
3930	4.24407
3932	4.24333
3934	4.24392
3936	4.24335
3938	4.2425
3940	4.24211
3942	4.24221
3944	4.24167
3946	4.24176
3948	4.24195
3950	4.24178
3952	4.24076
3954	4.24081
3956	4.24138
3958	4.24161
3960	4.24144
3962	4.24092
3964	4.24033
3966	4.24085
3968	4.24133
3970	4.2412
3972	4.24106
3974	4.24148
3976	4.24053
3978	4.24003
3980	4.24048
3982	4.24031
3984	4.24007
3986	4.2401
3988	4.23909
3990	4.23905
3992	4.23992
3994	4.24099
3996	4.24028
3998	4.23962
4000	4.23992
4002	4.24072
4004	4.23997
4006	4.24031
4008	4.24013
4010	4.23984
4012	4.239
4014	4.23896
4016	4.2393
4018	4.23935
4020	4.24055
4022	4.24056
4024	4.24011
4026	4.23951
4028	4.23967
4030	4.23916
4032	4.23888
4034	4.23762
4036	4.2378
4038	4.23822
4040	4.23902
4042	4.23843
4044	4.23684
4046	4.23658
4048	4.23638
4050	4.2366
4052	4.23608
4054	4.23639
4056	4.23571
4058	4.23553
4060	4.2348
4062	4.23491
4064	4.23433
4066	4.2352
4068	4.23557
4070	4.23585
4072	4.23606
4074	4.23597
4076	4.23515
4078	4.23461
4080	4.23399
4082	4.23326
4084	4.23428
4086	4.23526
4088	4.23607
4090	4.23623
4092	4.23624
4094	4.23665
4096	4.23729
4098	4.23579
4100	4.23451
4102	4.2344
4104	4.23506
4106	4.23648
4108	4.23592
4110	4.2364
4112	4.23699
4114	4.23579
4116	4.23577
4118	4.23583
4120	4.2369
4122	4.23638
4124	4.23524
4126	4.23528
4128	4.23461
4130	4.23383
4132	4.2332
4134	4.23316
4136	4.23307
4138	4.23356
4140	4.23303
4142	4.23245
4144	4.23157
4146	4.23217
4148	4.23314
4150	4.23306
4152	4.23251
4154	4.23366
4156	4.23482
4158	4.23478
4160	4.2344
4162	4.23467
4164	4.23379
4166	4.23264
4168	4.23284
4170	4.23315
4172	4.23242
4174	4.2304
4176	4.23045
4178	4.23052
4180	4.23157
4182	4.23139
4184	4.2311
4186	4.23185
4188	4.23263
4190	4.23124
4192	4.23063
4194	4.23057
4196	4.23022
4198	4.23032
4200	4.23064
4202	4.23128
4204	4.23152
4206	4.232
4208	4.23221
4210	4.23077
4212	4.23023
4214	4.22941
4216	4.22941
4218	4.22922
4220	4.22914
4222	4.22936
4224	4.2296
4226	4.23054
4228	4.23102
4230	4.23095
4232	4.22957
4234	4.22865
4236	4.22883
4238	4.22864
4240	4.22878
4242	4.22879
4244	4.22952
4246	4.23072
4248	4.2301
4250	4.23072
4252	4.23063
4254	4.22971
4256	4.22973
4258	4.22973
4260	4.22909
4262	4.23035
4264	4.22971
4266	4.23052
4268	4.22929
4270	4.22968
4272	4.23093
4274	4.2301
4276	4.22962
4278	4.22926
4280	4.2296
4282	4.22916
4284	4.22953
4286	4.22873
4288	4.22865
4290	4.2286
4292	4.22805
4294	4.22851
4296	4.22856
4298	4.22794
4300	4.22793
4302	4.22854
4304	4.22788
4306	4.22829
4308	4.22838
4310	4.22818
4312	4.22837
4314	4.22742
4316	4.22737
4318	4.22804
4320	4.22894
4322	4.22844
4324	4.22877
4326	4.23639
4328	4.28883
4330	4.38448
4332	4.49912
4334	4.61761
4336	4.73171
4338	4.83779
4340	4.93493
4342	5.02145
4344	5.09754
4346	5.16427
4348	5.22237
4350	5.27317
4352	5.31621
4354	5.34825
4356	5.33685
4358	5.27544
4360	5.19011
4362	5.09534
4364	5.0008
4366	4.91101
4368	4.82756
4370	4.75414
4372	4.68778
4374	4.62917
4376	4.57709
4378	4.53189
4380	4.49319
4382	4.46026
4384	4.43155
4386	4.40753
4388	4.38695
4390	4.36934
4392	4.35405
4394	4.34076
4396	4.32823
4398	4.31818
4400	4.30913
4402	4.30071
4404	4.29416
4406	4.28829
4408	4.28276
4410	4.27649
4412	4.27225
4414	4.26878
4416	4.26629
4418	4.26432
4420	4.26101
4422	4.25832
4424	4.25579
4426	4.25422
4428	4.2516
4430	4.24876
4432	4.24489
4434	4.24287
4436	4.24156
4438	4.24037
4440	4.23897
4442	4.2369
4444	4.23498
4446	4.23401
4448	4.23263
4450	4.23234
4452	4.2321
4454	4.2296
4456	4.2284
4458	4.22795
4460	4.22721
4462	4.22711
4464	4.22661
4466	4.22706
4468	4.22672
4470	4.22537
4472	4.22521
4474	4.22443
4476	4.22357
4478	4.22319
4480	4.22262
4482	4.2219
4484	4.22052
4486	4.22006
4488	4.2195
4490	4.21987
4492	4.21942
4494	4.21981
4496	4.22024
4498	4.22027
4500	4.21949
4502	4.22015
4504	4.22034
4506	4.22038
4508	4.2195
4510	4.21928
4512	4.21887
4514	4.21751
4516	4.21691
4518	4.21803
4520	4.21744
4522	4.21634
4524	4.21752
4526	4.21761
4528	4.21801
4530	4.21762
4532	4.21709
4534	4.21595
4536	4.21765
4538	4.21909
4540	4.21741
4542	4.21605
4544	4.21594
4546	4.21583
4548	4.21544
4550	4.21514
4552	4.21529
4554	4.215
4556	4.21557
4558	4.21569
4560	4.21623
4562	4.21599
4564	4.21573
4566	4.2161
4568	4.21566
4570	4.21507
4572	4.21376
4574	4.21153
4576	4.21113
4578	4.21136
4580	4.2116
4582	4.21142
4584	4.21078
4586	4.21021
4588	4.21164
4590	4.21174
4592	4.21216
4594	4.2137
4596	4.21356
4598	4.21258
4600	4.21148
4602	4.21181
4604	4.21372
4606	4.21336
4608	4.21255
4610	4.2128
4612	4.2127
4614	4.21201
4616	4.21139
4618	4.21122
4620	4.21131
4622	4.21021
4624	4.20955
4626	4.21046
4628	4.21313
4630	4.21329
4632	4.21266
4634	4.21214
4636	4.21196
4638	4.21193
4640	4.21131
4642	4.21093
4644	4.21135
4646	4.20983
4648	4.21112
4650	4.21098
4652	4.21033
4654	4.2099
4656	4.21072
4658	4.2096
4660	4.20944
4662	4.20897
4664	4.20864
4666	4.20973
4668	4.21006
4670	4.20925
4672	4.20928
4674	4.20892
4676	4.20852
4678	4.20916
4680	4.20891
4682	4.2091
4684	4.20897
4686	4.2083
4688	4.20855
4690	4.20866
4692	4.20821
4694	4.20888
4696	4.20925
4698	4.20839
4700	4.20756
4702	4.20711
4704	4.20697
4706	4.20763
4708	4.20786
4710	4.20755
4712	4.20606
4714	4.20578
4716	4.20761
4718	4.20788
4720	4.20875
4722	4.20926
4724	4.20904
4726	4.20781
4728	4.20893
4730	4.20925
4732	4.20727
4734	4.20708
4736	4.20675
4738	4.20632
4740	4.20634
4742	4.2071
4744	4.20753
4746	4.20754
4748	4.20777
4750	4.20699
4752	4.20805
4754	4.20758
4756	4.20677
4758	4.20724
4760	4.20622
4762	4.20578
4764	4.20535
4766	4.20481
4768	4.20448
4770	4.20498
4772	4.2049
4774	4.2054
4776	4.20545
4778	4.20501
4780	4.20479
4782	4.20355
4784	4.20183
4786	4.20359
4788	4.20424
4790	4.20511
4792	4.20278
4794	4.20173
4796	4.20081
4798	4.20153
4800	4.20279
4802	4.20176
4804	4.20235
4806	4.20455
4808	4.20614
4810	4.20562
4812	4.20461
4814	4.20509
4816	4.2058
4818	4.20564
4820	4.20499
4822	4.20384
4824	4.2042
4826	4.20343
4828	4.20361
4830	4.20383
4832	4.20309
4834	4.20209
4836	4.20254
4838	4.20334
4840	4.20398
4842	4.20364
4844	4.20265
4846	4.20326
4848	4.20372
4850	4.2039
4852	4.2042
4854	4.20373
4856	4.20416
4858	4.20505
4860	4.20516
4862	4.20569
4864	4.20616
4866	4.20577
4868	4.20465
4870	4.20377
4872	4.20348
4874	4.20395
4876	4.20353
4878	4.20374
4880	4.20371
4882	4.20375
4884	4.20333
4886	4.203
4888	4.20343
4890	4.20296
4892	4.20358
4894	4.20305
4896	4.20255
4898	4.20269
4900	4.20321
4902	4.20291
4904	4.20328
4906	4.20411
4908	4.20337
4910	4.2027
4912	4.20244
4914	4.20261
4916	4.20155
4918	4.20157
4920	4.20133
4922	4.20123
4924	4.20107
4926	4.20557
4928	4.25066
4930	4.33809
4932	4.4476
4934	4.56247
4936	4.67462
4938	4.78064
4940	4.87765
4942	4.96434
4944	5.04094
4946	5.10773
4948	5.16709
4950	5.21729
4952	5.26108
4954	5.29535
4956	5.29232
4958	5.24001
4960	5.15877
4962	5.06725
4964	4.97429
4966	4.88513
4968	4.8042
4970	4.72971
4972	4.66328
4974	4.60392
4976	4.55167
4978	4.5065
4980	4.46801
4982	4.43588
4984	4.40754
4986	4.38178
4988	4.35962
4990	4.34196
4992	4.32741
4994	4.31477
4996	4.30275
4998	4.29169
5000	4.28232
5002	4.27521
5004	4.2675
5006	4.26223
5008	4.25768
5010	4.25333
5012	4.24888
5014	4.2442
5016	4.24045
5018	4.23565
5020	4.23151
5022	4.22872
5024	4.22672
5026	4.2235
5028	4.2201
5030	4.21755
5032	4.21488
5034	4.21438
5036	4.213
5038	4.21141
5040	4.21028
5042	4.20866
5044	4.2062
5046	4.20353
5048	4.20285
5050	4.20229
5052	4.20176
5054	4.20096
5056	4.20021
5058	4.19897
5060	4.19894
5062	4.19897
5064	4.19755
5066	4.19582
5068	4.19541
5070	4.19606
5072	4.1964
5074	4.19592
5076	4.19501
5078	4.19345
5080	4.19255
5082	4.19243
5084	4.19171
5086	4.19193
5088	4.19362
5090	4.1935
5092	4.19352
5094	4.19276
5096	4.19171
5098	4.19137
5100	4.1913
5102	4.19195
5104	4.19213
5106	4.19083
5108	4.19129
5110	4.19129
5112	4.19118
5114	4.19165
5116	4.19043
5118	4.19029
5120	4.18972
5122	4.19003
5124	4.19055
5126	4.19037
5128	4.19005
5130	4.18957
5132	4.18969
5134	4.19034
5136	4.18963
5138	4.18781
5140	4.18603
5142	4.18576
5144	4.1857
5146	4.18546
5148	4.18658
5150	4.18732
5152	4.18749
5154	4.18639
5156	4.18639
5158	4.18747
5160	4.18819
5162	4.18672
5164	4.18687
5166	4.18667
5168	4.18619
5170	4.18554
5172	4.18526
5174	4.18577
5176	4.18626
5178	4.18639
5180	4.18732
5182	4.18749
5184	4.1883
5186	4.1872
5188	4.18691
5190	4.18838
5192	4.18808
5194	4.18649
5196	4.18574
5198	4.18523
5200	4.18628
5202	4.18659
5204	4.18507
5206	4.18485
5208	4.18446
5210	4.18374
5212	4.18438
5214	4.18382
5216	4.18319
5218	4.18342
5220	4.18355
5222	4.18354
5224	4.1833
5226	4.18364
5228	4.18307
5230	4.18322
5232	4.18235
5234	4.18078
5236	4.18181
5238	4.18105
5240	4.18145
5242	4.1823
5244	4.18189
5246	4.18148
5248	4.18268
5250	4.18311
5252	4.18309
5254	4.18244
5256	4.1828
5258	4.18266
5260	4.18303
5262	4.18358
5264	4.18201
5266	4.18285
5268	4.18214
5270	4.18215
5272	4.18098
5274	4.18082
5276	4.18066
5278	4.18199
5280	4.18323
5282	4.18317
5284	4.18221
5286	4.18158
5288	4.18128
5290	4.17986
5292	4.18014
5294	4.17982
5296	4.17901
5298	4.1787
5300	4.17938
5302	4.18044
5304	4.18079
5306	4.18038
5308	4.18024
5310	4.18011
5312	4.17874
5314	4.17936
5316	4.18067
5318	4.17948
5320	4.17958
5322	4.17898
5324	4.17883
5326	4.17893
5328	4.17909
5330	4.17785
5332	4.1778
5334	4.17677
5336	4.17564
5338	4.17601
5340	4.17702
5342	4.17758
5344	4.17709
5346	4.1763
5348	4.17523
5350	4.17469
5352	4.17569
5354	4.17704
5356	4.1783
5358	4.17878
5360	4.17768
5362	4.17708
5364	4.17698
5366	4.1782
5368	4.17803
5370	4.17611
5372	4.1756
5374	4.17519
5376	4.17574
5378	4.17646
5380	4.17652
5382	4.17694
5384	4.17643
5386	4.17644
5388	4.17722
5390	4.17686
5392	4.17681
5394	4.1766
5396	4.17506
5398	4.17498
5400	4.17553
5402	4.17525
5404	4.17568
5406	4.17703
5408	4.17631
5410	4.1753
5412	4.17585
5414	4.17634
5416	4.17625
5418	4.17585
5420	4.17483
5422	4.17466
5424	4.17635
5426	4.17636
5428	4.17603
5430	4.17494
5432	4.17545
5434	4.17612
5436	4.17514
5438	4.17488
5440	4.17408
5442	4.17426
5444	4.17488
5446	4.17495
5448	4.17509
5450	4.17583
5452	4.17542
5454	4.17426
5456	4.17493
5458	4.17496
5460	4.1749
5462	4.17362
5464	4.17326
5466	4.17428
5468	4.17422
5470	4.17319
5472	4.17139
5474	4.17209
5476	4.17144
5478	4.16945
5480	4.16973
5482	4.17031
5484	4.17102
5486	4.17026
5488	4.17189
5490	4.17279
5492	4.17217
5494	4.17167
5496	4.1726
5498	4.17199
5500	4.17206
5502	4.172
5504	4.17168
5506	4.17093
5508	4.1713
5510	4.17193
5512	4.1721
5514	4.17216
5516	4.17297
5518	4.17295
5520	4.17141
5522	4.17135
5524	4.1707
5526	4.17416
5528	4.21223
5530	4.29386
5532	4.39973
5534	4.51293
5536	4.62312
5538	4.72816
5540	4.82499
5542	4.91085
5544	4.9867
5546	5.05431
5548	5.11267
5550	5.1635
5552	5.20818
5554	5.24449
5556	5.24753
5558	5.19966
5560	5.123
5562	5.0317
5564	4.93782
5566	4.85099
5568	4.77073
5570	4.69776
5572	4.63168
5574	4.57276
5576	4.52123
5578	4.47556
5580	4.43678
5582	4.40182
5584	4.37305
5586	4.34951
5588	4.32931
5590	4.31169
5592	4.29598
5594	4.28092
5596	4.2695
5598	4.26016
5600	4.25131
5602	4.24447
5604	4.23835
5606	4.23184
5608	4.22562
5610	4.22064
5612	4.21609
5614	4.21249
5616	4.20976
5618	4.20689
5620	4.20409
5622	4.20087
5624	4.19691
5626	4.19305
5628	4.18987
5630	4.18747
5632	4.18652
5634	4.18569
5636	4.18458
5638	4.18242
5640	4.17973
5642	4.17764
5644	4.17759
5646	4.17677
5648	4.17619
5650	4.17515
5652	4.17489
5654	4.17442
5656	4.1728
5658	4.17232
5660	4.17155
5662	4.17051
5664	4.16808
5666	4.16662
5668	4.16644
5670	4.16592
5672	4.16534
5674	4.16503
5676	4.16431
5678	4.16445
5680	4.16376
5682	4.16255
5684	4.16351
5686	4.16275
5688	4.16296
5690	4.16387
5692	4.16368
5694	4.16333
5696	4.16137
5698	4.1617
5700	4.1617
5702	4.16054
5704	4.16082
5706	4.16062
5708	4.15952
5710	4.15957
5712	4.15954
5714	4.15924
5716	4.16023
5718	4.16019
5720	4.15971
5722	4.15921
5724	4.15958
5726	4.15958
5728	4.16005
5730	4.15946
5732	4.15995
5734	4.15947
5736	4.16037
5738	4.15921
5740	4.15933
5742	4.15997
5744	4.15906
5746	4.15914
5748	4.15855
5750	4.1587
5752	4.1586
5754	4.15809
5756	4.15661
5758	4.15605
5760	4.15649
5762	4.15726
5764	4.15724
5766	4.15624
5768	4.15539
5770	4.15453
5772	4.15426
5774	4.15401
5776	4.15394
5778	4.15409
5780	4.15428
5782	4.15449
5784	4.15607
5786	4.1561
5788	4.15636
5790	4.15442
5792	4.15379
5794	4.15461
5796	4.1549
5798	4.1543
5800	4.15355
5802	4.15437
5804	4.15543
5806	4.1547
5808	4.15419
5810	4.15618
5812	4.15592
5814	4.15475
5816	4.15459
5818	4.15378
5820	4.15337
5822	4.15391
5824	4.15404
5826	4.1544
5828	4.15301
5830	4.15234
5832	4.15156
5834	4.15085
5836	4.15101
5838	4.15144
5840	4.15092
5842	4.15186
5844	4.15167
5846	4.15128
5848	4.15166
5850	4.15188
5852	4.15218
5854	4.15206
5856	4.15214
5858	4.15138
5860	4.15121
5862	4.15107
5864	4.15027
5866	4.15006
5868	4.15056
5870	4.15086
5872	4.15051
5874	4.15029
5876	4.15016
5878	4.14975
5880	4.14985
5882	4.15081
5884	4.15079
5886	4.15031
5888	4.15045
5890	4.14978
5892	4.15008
5894	4.15108
5896	4.15045
5898	4.14968
5900	4.14972
5902	4.14945
5904	4.14853
5906	4.14813
5908	4.14793
5910	4.14806
5912	4.14816
5914	4.14891
5916	4.14825
5918	4.14665
5920	4.14685
5922	4.14614
5924	4.14621
5926	4.14622
5928	4.14695
5930	4.14782
5932	4.14729
5934	4.14795
5936	4.14854
5938	4.14788
5940	4.14841
5942	4.14872
5944	4.14777
5946	4.14689
5948	4.14632
5950	4.14588
5952	4.14657
5954	4.14766
5956	4.14817
5958	4.14864
5960	4.14804
5962	4.14711
5964	4.14651
5966	4.1464
5968	4.14549
5970	4.1456
5972	4.14491
5974	4.14408
5976	4.14456
5978	4.14568
5980	4.14586
5982	4.14598
5984	4.14637
5986	4.14689
5988	4.14639
5990	4.14622
5992	4.14801
5994	4.14855
5996	4.14784
5998	4.14725
6000	4.14728
6002	4.14755
6004	4.1472
6006	4.14639
6008	4.14595
6010	4.146
6012	4.14647
6014	4.14633
6016	4.14625
6018	4.14516
6020	4.14502
6022	4.14396
6024	4.14429
6026	4.14488
6028	4.14481
6030	4.14404
6032	4.14339
6034	4.14348
6036	4.14303
6038	4.14209
6040	4.14366
6042	4.143
6044	4.14216
6046	4.14184
6048	4.14104
6050	4.14167
6052	4.14245
6054	4.14221
6056	4.14227
6058	4.14132
6060	4.14131
6062	4.14286
6064	4.14246
6066	4.14073
6068	4.14148
6070	4.14279
6072	4.14322
6074	4.14363
6076	4.14255
6078	4.14247
6080	4.14313
6082	4.1431
6084	4.14296
6086	4.14217
6088	4.14192
6090	4.14141
6092	4.14089
6094	4.14027
6096	4.14088
6098	4.14193
6100	4.14261
6102	4.14178
6104	4.14173
6106	4.14116
6108	4.14089
6110	4.14158
6112	4.14117
6114	4.14015
6116	4.14011
6118	4.14081
6120	4.14126
6122	4.14141
6124	4.14153
6126	4.14291
6128	4.17469
6130	4.25132
6132	4.35194
6134	4.4634
6136	4.57361
6138	4.67633
6140	4.77165
6142	4.85791
6144	4.93481
6146	5.00182
6148	5.05924
6150	5.10981
6152	5.15324
6154	5.18867
6156	5.19785
6158	5.15685
6160	5.0825
6162	4.99399
6164	4.90395
6166	4.81855
6168	4.73827
6170	4.66408
6172	4.59817
6174	4.54061
6176	4.49025
6178	4.44505
6180	4.4071
6182	4.37352
6184	4.34382
6186	4.31926
6188	4.29891
6190	4.28014
6192	4.26463
6194	4.25193
6196	4.2406
6198	4.22932
6200	4.22083
6202	4.21474
6204	4.20825
6206	4.20079
6208	4.19303
6210	4.18633
6212	4.18128
6214	4.17835
6216	4.17508
6218	4.17219
6220	4.16919
6222	4.16617
6224	4.16346
6226	4.16153
6228	4.16017
6230	4.15872
6232	4.15605
6234	4.15283
6236	4.15103
6238	4.14956
6240	4.14899
6242	4.14843
6244	4.14561
6246	4.1443
6248	4.14385
6250	4.14271
6252	4.14259
6254	4.14019
6256	4.13832
6258	4.13773
6260	4.13695
6262	4.13519
6264	4.1349
6266	4.13542
6268	4.13389
6270	4.13379
6272	4.13381
6274	4.13544
6276	4.13664
6278	4.13645
6280	4.13582
6282	4.13563
6284	4.13518
6286	4.13404
6288	4.13337
6290	4.13223
6292	4.13256
6294	4.13249
6296	4.13176
6298	4.1311
6300	4.12984
6302	4.12974
6304	4.12935
6306	4.12931
6308	4.12874
6310	4.12724
6312	4.12715
6314	4.12762
6316	4.12596
6318	4.12552
6320	4.12575
6322	4.12627
6324	4.12714
6326	4.12714
6328	4.12759
6330	4.12792
6332	4.12839
6334	4.12894
6336	4.12823
6338	4.12684
6340	4.12586
6342	4.12614
6344	4.12524
6346	4.1256
6348	4.12638
6350	4.12633
6352	4.12662
6354	4.12629
6356	4.12474
6358	4.1242
6360	4.12435
6362	4.12503
6364	4.12457
6366	4.12463
6368	4.12404
6370	4.12401
6372	4.12433
6374	4.12369
6376	4.12314
6378	4.12143
6380	4.11978
6382	4.11828
6384	4.11843
6386	4.11837
6388	4.11979
6390	4.12049
6392	4.1215
6394	4.12284
6396	4.12205
6398	4.12214
6400	4.12095
6402	4.11991
6404	4.11863
6406	4.11925
6408	4.11921
6410	4.11813
6412	4.11818
6414	4.11962
6416	4.1209
6418	4.12097
6420	4.12006
6422	4.11981
6424	4.11988
6426	4.11961
6428	4.11896
6430	4.11922
6432	4.11998
6434	4.11936
6436	4.11956
6438	4.12009
6440	4.12015
6442	4.12109
6444	4.12126
6446	4.11987
6448	4.12069
6450	4.12059
6452	4.12026
6454	4.12036
6456	4.12052
6458	4.1206
6460	4.11987
6462	4.11982
6464	4.11921
6466	4.11861
6468	4.11824
6470	4.11776
6472	4.11863
6474	4.11903
6476	4.11892
6478	4.11803
6480	4.1182
6482	4.11879
6484	4.11835
6486	4.11928
6488	4.11948
6490	4.11824
6492	4.1175
6494	4.11731
6496	4.1164
6498	4.11614
6500	4.11557
6502	4.11655
6504	4.11597
6506	4.11745
6508	4.11851
6510	4.1189
6512	4.11819
6514	4.11831
6516	4.11803
6518	4.11812
6520	4.11806
6522	4.11662
6524	4.11715
6526	4.11715
6528	4.11687
6530	4.11625
6532	4.11484
6534	4.11458
6536	4.11548
6538	4.11405
6540	4.11402
6542	4.11436
6544	4.11403
6546	4.1135
6548	4.11462
6550	4.11495
6552	4.11453
6554	4.11473
6556	4.11446
6558	4.11263
6560	4.1123
6562	4.11379
6564	4.11539
6566	4.1152
6568	4.11556
6570	4.11576
6572	4.11673
6574	4.11646
6576	4.11554
6578	4.1156
6580	4.11604
6582	4.11501
6584	4.114
6586	4.11341
6588	4.11431
6590	4.11446
6592	4.11499
6594	4.11436
6596	4.11313
6598	4.11207
6600	4.11146
6602	4.11288
6604	4.11329
6606	4.11397
6608	4.11345
6610	4.11285
6612	4.11226
6614	4.11145
6616	4.11184
6618	4.11185
6620	4.11197
6622	4.11175
6624	4.11169
6626	4.11129
6628	4.11196
6630	4.11184
6632	4.1117
6634	4.11215
6636	4.1116
6638	4.11137
6640	4.11098
6642	4.11087
6644	4.10995
6646	4.11095
6648	4.11094
6650	4.11092
6652	4.11104
6654	4.10982
6656	4.10946
6658	4.10957
6660	4.11044
6662	4.11053
6664	4.10997
6666	4.10991
6668	4.10958
6670	4.10967
6672	4.10942
6674	4.10823
6676	4.10846
6678	4.10907
6680	4.10853
6682	4.1086
6684	4.10873
6686	4.10809
6688	4.10792
6690	4.10892
6692	4.10989
6694	4.11086
6696	4.11032
6698	4.11088
6700	4.11031
6702	4.10978
6704	4.10888
6706	4.10837
6708	4.10791
6710	4.10897
6712	4.10941
6714	4.1095
6716	4.10974
6718	4.1093
6720	4.10892
6722	4.10856
6724	4.1076
6726	4.10802
6728	4.13293
6730	4.20385
6732	4.30136
6734	4.40935
6736	4.51765
6738	4.62011
6740	4.71598
6742	4.80024
6744	4.8755
6746	4.94057
6748	4.99838
6750	5.04965
6752	5.09311
6754	5.12973
6756	5.14392
6758	5.10997
6760	5.04087
6762	4.95719
6764	4.86966
6766	4.78462
6768	4.70385
6770	4.6316
6772	4.56645
6774	4.50773
6776	4.45614
6778	4.41061
6780	4.3716
6782	4.33803
6784	4.30937
6786	4.28603
6788	4.26591
6790	4.24764
6792	4.23217
6794	4.21836
6796	4.20687
6798	4.19671
6800	4.1869
6802	4.1794
6804	4.17231
6806	4.16524
6808	4.15904
6810	4.15446
6812	4.14969
6814	4.14555
6816	4.14125
6818	4.13748
6820	4.13398
6822	4.13162
6824	4.13046
6826	4.12929
6828	4.12646
6830	4.12454
6832	4.12308
6834	4.1224
6836	4.12114
6838	4.11858
6840	4.11698
6842	4.11582
6844	4.11527
6846	4.11263
6848	4.11019
6850	4.11062
6852	4.11055
6854	4.10878
6856	4.1066
6858	4.10507
6860	4.10417
6862	4.10382
6864	4.10381
6866	4.10168
6868	4.10143
6870	4.1018
6872	4.1018
6874	4.10159
6876	4.10143
6878	4.10008
6880	4.09961
6882	4.10022
6884	4.10015
6886	4.09943
6888	4.09859
6890	4.0988
6892	4.09769
6894	4.09785
6896	4.09875
6898	4.0991
6900	4.09744
6902	4.0961
6904	4.09575
6906	4.0963
6908	4.09579
6910	4.09573
6912	4.09675
6914	4.09698
6916	4.096
6918	4.09575
6920	4.09559
6922	4.09547
6924	4.09472
6926	4.09382
6928	4.09288
6930	4.09205
6932	4.09265
6934	4.09282
6936	4.09275
6938	4.0927
6940	4.09318
6942	4.09291
6944	4.09282
6946	4.09205
6948	4.09114
6950	4.09237
6952	4.0924
6954	4.09177
6956	4.0915
6958	4.0904
6960	4.08976
6962	4.09208
6964	4.0924
6966	4.09158
6968	4.09028
6970	4.0891
6972	4.08898
6974	4.0883
6976	4.08915
6978	4.09035
6980	4.09016
6982	4.08975
6984	4.0892
6986	4.08941
6988	4.08847
6990	4.08879
6992	4.09021
6994	4.09031
6996	4.09117
6998	4.09161
7000	4.09189
7002	4.09065
7004	4.08915
7006	4.08965
7008	4.08874
7010	4.08886
7012	4.08833
7014	4.0879
7016	4.08808
7018	4.08839
7020	4.08765
7022	4.08753
7024	4.08573
7026	4.087
7028	4.08812
7030	4.08796
7032	4.08779
7034	4.08809
7036	4.08833
7038	4.08945
7040	4.08712
7042	4.08697
7044	4.08819
7046	4.08626
7048	4.08621
7050	4.08612
7052	4.0859
7054	4.08599
7056	4.08608
7058	4.0861
7060	4.08655
7062	4.08621
7064	4.08471
7066	4.08444
7068	4.0855
7070	4.08667
7072	4.08736
7074	4.08746
7076	4.08635
7078	4.08548
7080	4.08619
7082	4.08596
7084	4.0853
7086	4.08458
7088	4.08467
7090	4.08476
7092	4.08413
7094	4.08406
7096	4.08419
7098	4.08342
7100	4.08312
7102	4.08321
7104	4.08413
7106	4.08356
7108	4.08337
7110	4.08345
7112	4.08308
7114	4.08233
7116	4.08126
7118	4.0815
7120	4.08119
7122	4.08268
7124	4.0826
7126	4.08232
7128	4.08234
7130	4.08287
7132	4.08357
7134	4.08315
7136	4.08227
7138	4.08216
7140	4.08353
7142	4.08351
7144	4.08294
7146	4.08188
7148	4.08178
7150	4.08195
7152	4.08045
7154	4.08135
7156	4.08087
7158	4.08054
7160	4.0815
7162	4.08195
7164	4.08249
7166	4.08267
7168	4.08245
7170	4.08217
7172	4.08084
7174	4.07992
7176	4.07885
7178	4.07873
7180	4.07903
7182	4.07881
7184	4.07798
7186	4.07848
7188	4.07985
7190	4.0806
7192	4.08062
7194	4.08032
7196	4.0809
7198	4.08117
7200	4.08017
7202	4.0794
7204	4.07958
7206	4.07879
7208	4.07765
7210	4.07723
7212	4.07762
7214	4.07742
7216	4.07858
7218	4.07892
7220	4.07823
7222	4.07827
7224	4.07925
7226	4.07769
7228	4.07705
7230	4.07684
7232	4.07675
7234	4.07747
7236	4.07814
7238	4.07869
7240	4.07973
7242	4.0799
7244	4.07884
7246	4.07926
7248	4.07838
7250	4.07854
7252	4.07779
7254	4.07643
7256	4.07536
7258	4.07618
7260	4.07687
7262	4.07705
7264	4.07771
7266	4.07787
7268	4.07789
7270	4.07667
7272	4.07565
7274	4.07556
7276	4.07652
7278	4.07641
7280	4.07595
7282	4.0768
7284	4.07673
7286	4.07665
7288	4.07582
7290	4.07498
7292	4.07497
7294	4.07557
7296	4.07514
7298	4.07499
7300	4.07469
7302	4.0748
7304	4.07549
7306	4.07552
7308	4.07526
7310	4.07486
7312	4.0741
7314	4.07484
7316	4.07532
7318	4.07467
7320	4.07398
7322	4.07371
7324	4.07282
7326	4.07275
7328	4.09388
7330	4.16097
7332	4.25565
7334	4.3624
7336	4.46851
7338	4.56968
7340	4.66288
7342	4.7452
7344	4.8206
7346	4.88764
7348	4.9449
7350	4.99461
7352	5.03885
7354	5.07654
7356	5.09238
7358	5.06337
7360	4.99891
7362	4.91623
7364	4.82954
7366	4.74696
7368	4.66955
7370	4.59679
7372	4.53264
7374	4.47493
7376	4.42488
7378	4.38134
7380	4.34257
7382	4.30771
7384	4.27785
7386	4.25445
7388	4.23326
7390	4.21567
7392	4.20068
7394	4.18685
7396	4.17484
7398	4.16298
7400	4.15313
7402	4.14476
7404	4.1364
7406	4.12973
7408	4.12442
7410	4.11984
7412	4.11511
7414	4.11076
7416	4.10846
7418	4.1052
7420	4.10074
7422	4.09806
7424	4.0959
7426	4.09404
7428	4.09042
7430	4.08819
7432	4.08524
7434	4.08403
7436	4.08389
7438	4.08334
7440	4.08232
7442	4.08073
7444	4.07863
7446	4.07657
7448	4.07474
7450	4.07343
7452	4.0724
7454	4.07265
7456	4.07074
7458	4.06981
7460	4.06959
7462	4.06865
7464	4.0678
7466	4.0673
7468	4.06795
7470	4.06834
7472	4.06631
7474	4.06539
7476	4.06452
7478	4.06379
7480	4.06356
7482	4.06286
7484	4.06324
7486	4.06322
7488	4.06353
7490	4.06281
7492	4.06105
7494	4.06064
7496	4.05883
7498	4.0589
7500	4.05955
7502	4.05893
7504	4.05926
7506	4.06071
7508	4.06093
7510	4.06152
7512	4.06149
7514	4.06023
7516	4.05975
7518	4.05898
7520	4.06036
7522	4.06244
7524	4.06154
7526	4.06157
7528	4.06136
7530	4.06055
7532	4.05992
7534	4.05928
7536	4.05919
7538	4.0575
7540	4.05778
7542	4.05916
7544	4.05852
7546	4.05745
7548	4.05695
7550	4.05631
7552	4.05702
7554	4.05618
7556	4.05644
7558	4.05613
7560	4.05497
7562	4.05434
7564	4.05521
7566	4.05651
7568	4.05499
7570	4.05473
7572	4.0562
7574	4.05584
7576	4.05525
7578	4.05508
7580	4.05494
7582	4.05541
7584	4.05525
7586	4.05556
7588	4.05584
7590	4.055
7592	4.05511
7594	4.05382
7596	4.05344
7598	4.05454
7600	4.05504
7602	4.05494
7604	4.0545
7606	4.05412
7608	4.05358
7610	4.05351
7612	4.05434
7614	4.05511
7616	4.05644
7618	4.05575
7620	4.05366
7622	4.05307
7624	4.05278
7626	4.05284
7628	4.05247
7630	4.0523
7632	4.05213
7634	4.05233
7636	4.05232
7638	4.05306
7640	4.05372
7642	4.05261
7644	4.05084
7646	4.05107
7648	4.05107
7650	4.05188
7652	4.05186
7654	4.05126
7656	4.05164
7658	4.05234
7660	4.0523
7662	4.05211
7664	4.05138
7666	4.05148
7668	4.05083
7670	4.05031
7672	4.04992
7674	4.04929
7676	4.05059
7678	4.05065
7680	4.05002
7682	4.04809
7684	4.04805
7686	4.04819
7688	4.04757
7690	4.04689
7692	4.04789
7694	4.04819
7696	4.04777
7698	4.04812
7700	4.04822
7702	4.04717
7704	4.04866
7706	4.05019
7708	4.04961
7710	4.04883
7712	4.04782
7714	4.04742
7716	4.04747
7718	4.04791
7720	4.04773
7722	4.04814
7724	4.04888
7726	4.04896
7728	4.04907
7730	4.04886
7732	4.04798
7734	4.04657
7736	4.04695
7738	4.04751
7740	4.04743
7742	4.04751
7744	4.04697
7746	4.0469
7748	4.04597
7750	4.04519
7752	4.04547
7754	4.04617
7756	4.0454
7758	4.04403
7760	4.04384
7762	4.04464
7764	4.04526
7766	4.045
7768	4.04606
7770	4.04609
7772	4.04716
7774	4.04685
7776	4.04688
7778	4.04661
7780	4.04644
7782	4.04672
7784	4.0469
7786	4.04694
7788	4.04696
7790	4.04618
7792	4.04564
7794	4.04463
7796	4.04513
7798	4.04449
7800	4.04434
7802	4.04483
7804	4.04619
7806	4.04629
7808	4.04517
7810	4.04361
7812	4.04319
7814	4.0432
7816	4.04353
7818	4.04396
7820	4.04409
7822	4.04315
7824	4.04296
7826	4.04371
7828	4.04462
7830	4.04397
7832	4.04407
7834	4.04367
7836	4.04299
7838	4.04257
7840	4.04297
7842	4.04384
7844	4.04343
7846	4.04374
7848	4.04354
7850	4.043
7852	4.04214
7854	4.04217
7856	4.04206
7858	4.04121
7860	4.04141
7862	4.04076
7864	4.03936
7866	4.03899
7868	4.04008
7870	4.04121
7872	4.04066
7874	4.0413
7876	4.042
7878	4.04214
7880	4.04141
7882	4.04015
7884	4.03845
7886	4.03838
7888	4.03882
7890	4.03752
7892	4.03843
7894	4.03977
7896	4.04212
7898	4.0411
7900	4.03977
7902	4.04045
7904	4.04181
7906	4.04158
7908	4.04069
7910	4.04035
7912	4.03974
7914	4.04047
7916	4.04187
7918	4.04107
7920	4.04021
7922	4.04036
7924	4.04012
7926	4.04046
7928	4.05546
7930	4.11273
7932	4.20137
7934	4.30486
7936	4.41093
7938	4.51127
7940	4.60421
7942	4.6878
7944	4.76227
7946	4.82708
7948	4.88492
7950	4.93605
7952	4.97952
7954	5.01646
7956	5.03954
7958	5.01639
7960	4.95627
7962	4.87714
7964	4.79184
7966	4.70822
7968	4.63089
7970	4.55905
7972	4.49391
7974	4.43682
7976	4.38652
7978	4.34281
7980	4.30405
7982	4.27004
7984	4.2422
7986	4.218
7988	4.19585
7990	4.17768
7992	4.16207
7994	4.14747
7996	4.13595
7998	4.12624
8000	4.11676
8002	4.10872
8004	4.10146
8006	4.09415
8008	4.08738
8010	4.08198
8012	4.07844
8014	4.07569
8016	4.07234
8018	4.0677
8020	4.06494
8022	4.06201
8024	4.05889
8026	4.05499
8028	4.05221
8030	4.05041
8032	4.04889
8034	4.04639
8036	4.04482
8038	4.04414
8040	4.04242
8042	4.04125
8044	4.04009
8046	4.03892
8048	4.03722
8050	4.03634
8052	4.03536
8054	4.03524
8056	4.03532
8058	4.03402
8060	4.03436
8062	4.03394
8064	4.03223
8066	4.03196
8068	4.02969
8070	4.02872
8072	4.02909
8074	4.02846
8076	4.02765
8078	4.02763
8080	4.02739
8082	4.02682
8084	4.02683
8086	4.02575
8088	4.02514
8090	4.02591
8092	4.02545
8094	4.02502
8096	4.02418
8098	4.02434
8100	4.02441
8102	4.02416
8104	4.02373
8106	4.02224
8108	4.02276
8110	4.02348
8112	4.02386
8114	4.02465
8116	4.02343
8118	4.02311
8120	4.02302
8122	4.02275
8124	4.02208
8126	4.02084
8128	4.01964
8130	4.01926
8132	4.01926
8134	4.01985
8136	4.0204
8138	4.01997
8140	4.02048
8142	4.02139
8144	4.02071
8146	4.02096
8148	4.0206
8150	4.02086
8152	4.02072
8154	4.02032
8156	4.0188
8158	4.01905
8160	4.01836
8162	4.01926
8164	4.01921
8166	4.01818
8168	4.01783
8170	4.0185
8172	4.01827
8174	4.01873
8176	4.01852
8178	4.01669
8180	4.01452
8182	4.01472
8184	4.01616
8186	4.01631
8188	4.0167
8190	4.01736
8192	4.01751
8194	4.01784
8196	4.01628
8198	4.01695
8200	4.0182
8202	4.0194
8204	4.0195
8206	4.02025
8208	4.01969
8210	4.01903
8212	4.01983
8214	4.01893
8216	4.01761
8218	4.01636
8220	4.01539
8222	4.01481
8224	4.01579
8226	4.01646
8228	4.0161
8230	4.01539
8232	4.01523
8234	4.01484
8236	4.01522
8238	4.01412
8240	4.01315
8242	4.01366
8244	4.01372
8246	4.0129
8248	4.0136
8250	4.01477
8252	4.015
8254	4.01384
8256	4.01464
8258	4.01492
8260	4.01342
8262	4.01309
8264	4.01449
8266	4.01477
8268	4.01544
8270	4.01534
8272	4.0138
8274	4.01407
8276	4.01493
8278	4.01537
8280	4.01573
8282	4.01503
8284	4.01424
8286	4.01364
8288	4.01315
8290	4.01301
8292	4.01301
8294	4.01309
8296	4.01281
8298	4.0138
8300	4.01383
8302	4.0118
8304	4.01133
8306	4.01193
8308	4.01066
8310	4.0104
8312	4.01106
8314	4.01072
8316	4.01025
8318	4.01169
8320	4.0119
8322	4.01257
8324	4.01313
8326	4.01287
8328	4.01255
8330	4.01373
8332	4.01423
8334	4.01266
8336	4.01212
8338	4.01157
8340	4.01167
8342	4.01077
8344	4.01013
8346	4.00897
8348	4.00842
8350	4.00744
8352	4.00848
8354	4.00748
8356	4.00681
8358	4.00736
8360	4.0066
8362	4.00711
8364	4.00627
8366	4.00731
8368	4.0079
8370	4.00812
8372	4.0091
8374	4.00885
8376	4.0084
8378	4.00789
8380	4.0076
8382	4.00746
8384	4.0069
8386	4.00736
8388	4.00799
8390	4.00727
8392	4.00757
8394	4.00614
8396	4.00492
8398	4.00534
8400	4.00544
8402	4.00613
8404	4.00588
8406	4.00504
8408	4.00521
8410	4.00662
8412	4.00753
8414	4.00675
8416	4.00685
8418	4.00725
8420	4.00643
8422	4.00535
8424	4.00542
8426	4.00603
8428	4.00589
8430	4.00582
8432	4.00718
8434	4.00808
8436	4.00886
8438	4.00848
8440	4.00766
8442	4.00762
8444	4.00707
8446	4.00665
8448	4.00705
8450	4.0067
8452	4.00673
8454	4.00594
8456	4.00579
8458	4.0056
8460	4.00575
8462	4.00537
8464	4.00567
8466	4.00608
8468	4.00595
8470	4.005
8472	4.00504
8474	4.00642
8476	4.00687
8478	4.00623
8480	4.00635
8482	4.00652
8484	4.00583
8486	4.00462
8488	4.00367
8490	4.00331
8492	4.00394
8494	4.00406
8496	4.0036
8498	4.00335
8500	4.00347
8502	4.00409
8504	4.00362
8506	4.00355
8508	4.00294
8510	4.00307
8512	4.00396
8514	4.00326
8516	4.00257
8518	4.00328
8520	4.0021
8522	4.0012
8524	4.00072
8526	4.00144
8528	4.01194
8530	4.06442
8532	4.14986
8534	4.24895
8536	4.35149
8538	4.44986
8540	4.54224
8542	4.6269
8544	4.70283
8546	4.76959
8548	4.82757
8550	4.87864
8552	4.92101
8554	4.96028
8556	4.98594
8558	4.97079
8560	4.91626
8562	4.84199
8564	4.76018
8566	4.6786
8568	4.60087
8570	4.52881
8572	4.46352
8574	4.40541
8576	4.35467
8578	4.3101
8580	4.27124
8582	4.23655
8584	4.20655
8586	4.18142
8588	4.15988
8590	4.14091
8592	4.12549
8594	4.11149
8596	4.09769
8598	4.08609
8600	4.07578
8602	4.06824
8604	4.06237
8606	4.05669
8608	4.05043
8610	4.04515
8612	4.04053
8614	4.03695
8616	4.03395
8618	4.0302
8620	4.02815
8622	4.02457
8624	4.02325
8626	4.02077
8628	4.01706
8630	4.01475
8632	4.01199
8634	4.00915
8636	4.00788
8638	4.00761
8640	4.00687
8642	4.00542
8644	4.00354
8646	4.00212
8648	4.0007
8650	3.9989
8652	3.99804
8654	3.99743
8656	3.99629
8658	3.99383
8660	3.99389
8662	3.99319
8664	3.99215
8666	3.99218
8668	3.99207
8670	3.99055
8672	3.98922
8674	3.98869
8676	3.98865
8678	3.98843
8680	3.98794
8682	3.98741
8684	3.98737
8686	3.98788
8688	3.98803
8690	3.9887
8692	3.98794
8694	3.98703
8696	3.9878
8698	3.98811
8700	3.98869
8702	3.98883
8704	3.98801
8706	3.98599
8708	3.98574
8710	3.98613
8712	3.98614
8714	3.98618
8716	3.98456
8718	3.98367
8720	3.98412
8722	3.98406
8724	3.98378
8726	3.98336
8728	3.98398
8730	3.98407
8732	3.98341
8734	3.9821
8736	3.9832
8738	3.98356
8740	3.98231
8742	3.98232
8744	3.98199
8746	3.98102
8748	3.98171
8750	3.98091
8752	3.97999
8754	3.98056
8756	3.98091
8758	3.98048
8760	3.97994
8762	3.98051
8764	3.98163
8766	3.98152
8768	3.98207
8770	3.98189
8772	3.98149
8774	3.9819
8776	3.98215
8778	3.9826
8780	3.98064
8782	3.97934
8784	3.98127
8786	3.98033
8788	3.98009
8790	3.97972
8792	3.979
8794	3.97886
8796	3.97881
8798	3.97945
8800	3.97826
8802	3.97708
8804	3.97773
8806	3.9781
8808	3.97839
8810	3.97877
8812	3.97868
8814	3.9779
8816	3.97826
8818	3.97732
8820	3.97719
8822	3.97833
8824	3.97822
8826	3.97703
8828	3.97692
8830	3.97706
8832	3.97725
8834	3.97773
8836	3.97762
8838	3.97566
8840	3.9743
8842	3.97349
8844	3.97449
8846	3.97398
8848	3.9741
8850	3.97474
8852	3.97492
8854	3.97532
8856	3.97604
8858	3.97565
8860	3.97394
8862	3.97363
8864	3.97404
8866	3.97399
8868	3.97308
8870	3.97456
8872	3.97492
8874	3.97491
8876	3.97508
8878	3.97378
8880	3.97416
8882	3.97487
8884	3.97439
8886	3.97396
8888	3.97423
8890	3.97414
8892	3.97427
8894	3.97376
8896	3.97472
8898	3.97379
8900	3.97297
8902	3.97299
8904	3.97212
8906	3.97217
8908	3.97317
8910	3.97246
8912	3.97194
8914	3.97253
8916	3.97411
8918	3.97476
8920	3.97368
8922	3.97338
8924	3.97308
8926	3.97197
8928	3.97241
8930	3.97193
8932	3.97172
8934	3.9704
8936	3.97085
8938	3.97165
8940	3.97204
8942	3.97267
8944	3.97331
8946	3.9729
8948	3.97208
8950	3.97152
8952	3.97251
8954	3.97361
8956	3.97341
8958	3.97384
8960	3.97385
8962	3.97367
8964	3.97292
8966	3.97192
8968	3.97118
8970	3.97051
8972	3.97093
8974	3.97094
8976	3.96985
8978	3.97038
8980	3.97101
8982	3.97079
8984	3.97027
8986	3.96927
8988	3.96901
8990	3.97009
8992	3.96998
8994	3.96909
8996	3.97036
8998	3.97037
9000	3.97019
9002	3.97132
9004	3.97126
9006	3.97016
9008	3.97037
9010	3.96992
9012	3.96999
9014	3.96942
9016	3.96929
9018	3.9692
9020	3.96934
9022	3.96973
9024	3.97046
9026	3.97084
9028	3.96973
9030	3.96883
9032	3.96859
9034	3.96776
9036	3.96807
9038	3.96808
9040	3.96996
9042	3.97025
9044	3.97087
9046	3.971
9048	3.97146
9050	3.97197
9052	3.97184
9054	3.97119
9056	3.97082
9058	3.96962
9060	3.96891
9062	3.96921
9064	3.96855
9066	3.96723
9068	3.96684
9070	3.96674
9072	3.9664
9074	3.96639
9076	3.96694
9078	3.96561
9080	3.96593
9082	3.9661
9084	3.96702
9086	3.96849
9088	3.96865
9090	3.96761
9092	3.9679
9094	3.96745
9096	3.96709
9098	3.96707
9100	3.96618
9102	3.96651
9104	3.96726
9106	3.96782
9108	3.96691
9110	3.9667
9112	3.96677
9114	3.96632
9116	3.96608
9118	3.96718
9120	3.9673
9122	3.96804
9124	3.9676
9126	3.96692
9128	3.9734
9130	4.01705
9132	4.09664
9134	4.19254
9136	4.29322
9138	4.39345
9140	4.48612
9142	4.56849
9144	4.64276
9146	4.70921
9148	4.76692
9150	4.81731
9152	4.86043
9154	4.89722
9156	4.92501
9158	4.91838
9160	4.87005
9162	4.79777
9164	4.7188
9166	4.63833
9168	4.56212
9170	4.48946
9172	4.42394
9174	4.36579
9176	4.31511
9178	4.27097
9180	4.23208
9182	4.19714
9184	4.16716
9186	4.14061
9188	4.11809
9190	4.09965
9192	4.08427
9194	4.06999
9196	4.05756
9198	4.04756
9200	4.03869
9202	4.03074
9204	4.02295
9206	4.01601
9208	4.00949
9210	4.00503
9212	4.00117
9214	3.99656
9216	3.99249
9218	3.98826
9220	3.98458
9222	3.98144
9224	3.97883
9226	3.97617
9228	3.97382
9230	3.97238
9232	3.97039
9234	3.96954
9236	3.96868
9238	3.9658
9240	3.96468
9242	3.96371
9244	3.96226
9246	3.96141
9248	3.95913
9250	3.95883
9252	3.95878
9254	3.95777
9256	3.95692
9258	3.95518
9260	3.95474
9262	3.95398
9264	3.95343
9266	3.95263
9268	3.94985
9270	3.94932
9272	3.94905
9274	3.95015
9276	3.95045
9278	3.94946
9280	3.94852
9282	3.94927
9284	3.94916
9286	3.94864
9288	3.94681
9290	3.94664
9292	3.94673
9294	3.94713
9296	3.94671
9298	3.94665
9300	3.94675
9302	3.94775
9304	3.94706
9306	3.94727
9308	3.94606
9310	3.9462
9312	3.94585
9314	3.94608
9316	3.94628
9318	3.9449
9320	3.94288
9322	3.94195
9324	3.94298
9326	3.94336
9328	3.94307
9330	3.94359
9332	3.94286
9334	3.94296
9336	3.94322
9338	3.944
9340	3.94256
9342	3.9402
9344	3.9401
9346	3.94023
9348	3.94038
9350	3.94087
9352	3.94131
9354	3.9409
9356	3.94123
9358	3.94241
9360	3.9423
9362	3.94259
9364	3.94299
9366	3.94331
9368	3.94292
9370	3.94271
9372	3.94199
9374	3.94307
9376	3.9429
9378	3.94064
9380	3.93949
9382	3.93852
9384	3.93786
9386	3.93861
9388	3.93828
9390	3.93835
9392	3.93828
9394	3.93883
9396	3.93916
9398	3.93903
9400	3.93737
9402	3.93778
9404	3.93796
9406	3.93935
9408	3.93971
9410	3.93972
9412	3.93913
9414	3.94041
9416	3.94032
9418	3.939
9420	3.93668
9422	3.9372
9424	3.93882
9426	3.93903
9428	3.93841
9430	3.9379
9432	3.93783
9434	3.93829
9436	3.93776
9438	3.93677
9440	3.93567
9442	3.93456
9444	3.93392
9446	3.93416
9448	3.93525
9450	3.93588
9452	3.9363
9454	3.93705
9456	3.93651
9458	3.93651
9460	3.93763
9462	3.93768
9464	3.93655
9466	3.93613
9468	3.93741
9470	3.93689
9472	3.93657
9474	3.93575
9476	3.93664
9478	3.93642
9480	3.93541
9482	3.93532
9484	3.9353
9486	3.93567
9488	3.93579
9490	3.93632
9492	3.93572
9494	3.93638
9496	3.93552
9498	3.93513
9500	3.93338
9502	3.93381
9504	3.93333
9506	3.93257
9508	3.93402
9510	3.93351
9512	3.93416
9514	3.93419
9516	3.93309
9518	3.93296
9520	3.93343
9522	3.93285
9524	3.93262
9526	3.9341
9528	3.93514
9530	3.93482
9532	3.93436
9534	3.93365
9536	3.93421
9538	3.9337
9540	3.93344
9542	3.93372
9544	3.93346
9546	3.93298
9548	3.93166
9550	3.93047
9552	3.93038
9554	3.9291
9556	3.92903
9558	3.93003
9560	3.93021
9562	3.9313
9564	3.93189
9566	3.93273
9568	3.93195
9570	3.93219
9572	3.93228
9574	3.93216
9576	3.93164
9578	3.93046
9580	3.93018
9582	3.93266
9584	3.93325
9586	3.93223
9588	3.93137
9590	3.93
9592	3.93068
9594	3.93165
9596	3.93207
9598	3.93294
9600	3.93268
9602	3.93317
9604	3.93262
9606	3.93168
9608	3.93145
9610	3.93066
9612	3.92975
9614	3.93013
9616	3.93088
9618	3.93066
9620	3.92977
9622	3.92947
9624	3.92964
9626	3.92973
9628	3.92998
9630	3.92994
9632	3.92983
9634	3.92911
9636	3.92881
9638	3.92946
9640	3.92933
9642	3.92809
9644	3.92778
9646	3.92878
9648	3.92935
9650	3.929
9652	3.92919
9654	3.92947
9656	3.92937
9658	3.92853
9660	3.92906
9662	3.92929
9664	3.92987
9666	3.93016
9668	3.93133
9670	3.93488
9672	3.93738
9674	3.9376
9676	3.93686
9678	3.93668
9680	3.93643
9682	3.93788
9684	3.93761
9686	3.93695
9688	3.93565
9690	3.93428
9692	3.93457
9694	3.93295
9696	3.932
9698	3.93158
9700	3.92954
9702	3.92867
9704	3.92883
9706	3.92969
9708	3.92841
9710	3.92886
9712	3.92886
9714	3.92796
9716	3.92861
9718	3.92941
9720	3.92927
9722	3.92928
9724	3.92872
9726	3.92784
9728	3.93337
9730	3.97307
9732	4.04853
9734	4.14157
9736	4.23944
9738	4.33772
9740	4.42921
9742	4.51067
9744	4.58538
9746	4.65092
9748	4.70753
9750	4.75846
9752	4.80246
9754	4.83974
9756	4.86871
9758	4.86534
9760	4.8202
9762	4.75162
9764	4.6721
9766	4.59199
9768	4.51635
9770	4.44457
9772	4.38004
9774	4.32298
9776	4.27194
9778	4.22853
9780	4.18926
9782	4.15537
9784	4.12522
9786	4.1005
9788	4.0788
9790	4.06003
9792	4.04191
9794	4.02668
9796	4.01611
9798	4.00669
9800	3.99775
9802	3.99012
9804	3.98272
9806	3.97605
9808	3.96995
9810	3.96454
9812	3.95859
9814	3.95458
9816	3.95083
9818	3.94753
9820	3.94525
9822	3.94218
9824	3.93914
9826	3.93546
9828	3.93343
9830	3.93118
9832	3.93031
9834	3.92693
9836	3.92355
9838	3.92113
9840	3.92045
9842	3.9206
9844	3.91994
9846	3.91961
9848	3.91826
9850	3.91579
9852	3.91542
9854	3.91462
9856	3.91524
9858	3.91512
9860	3.91407
9862	3.91292
9864	3.91171
9866	3.91049
9868	3.91009
9870	3.91136
9872	3.91177
9874	3.91059
9876	3.90981
9878	3.90997
9880	3.90946
9882	3.90923
9884	3.9097
9886	3.90929
9888	3.90845
9890	3.90842
9892	3.90793
9894	3.90643
9896	3.90404
9898	3.90449
9900	3.90544
9902	3.90497
9904	3.90448
9906	3.90446
9908	3.90439
9910	3.90406
9912	3.90365
9914	3.90419
9916	3.90449
9918	3.90386
9920	3.90358
9922	3.90188
9924	3.90173
9926	3.90313
9928	3.90178
9930	3.90187
9932	3.90278
9934	3.90226
9936	3.90224
9938	3.90313
9940	3.90271
9942	3.90303
9944	3.90354
9946	3.9039
9948	3.90301
9950	3.90123
9952	3.89999
9954	3.90039
9956	3.90295
9958	3.90215
9960	3.90104
9962	3.9019
9964	3.90253
9966	3.90287
9968	3.90202
9970	3.90009
9972	3.89959
9974	3.9015
9976	3.90197
9978	3.90148
9980	3.90281
9982	3.90219
9984	3.90149
9986	3.90291
9988	3.90409
9990	3.90414
9992	3.90213
9994	3.90239
9996	3.90208
9998	3.90076
10000	3.89987
10002	3.9
10004	3.89997
10006	3.89892
10008	3.89777
10010	3.8975
10012	3.89689
10014	3.89524
10016	3.89535
10018	3.89562
10020	3.89631
10022	3.89768
10024	3.89839
10026	3.89842
10028	3.89839
10030	3.89864
10032	3.89862
10034	3.8988
10036	3.89816
10038	3.89755
10040	3.8978
10042	3.89767
10044	3.89513
10046	3.893
10048	3.89273
10050	3.89231
10052	3.89172
10054	3.89304
10056	3.8941
10058	3.89257
10060	3.89105
10062	3.89138
10064	3.89338
10066	3.89359
10068	3.89337
10070	3.8926
10072	3.89342
10074	3.89365
10076	3.89269
10078	3.89276
10080	3.89255
10082	3.8918
10084	3.89234
10086	3.89419
10088	3.89358
10090	3.89304
10092	3.89365
10094	3.89421
10096	3.89273
10098	3.89129
10100	3.89203
10102	3.89156
10104	3.89166
10106	3.89177
10108	3.89083
10110	3.89089
10112	3.89121
10114	3.89177
10116	3.89223
10118	3.89012
10120	3.88939
10122	3.88919
10124	3.88921
10126	3.88974
10128	3.89074
10130	3.89082
10132	3.89061
10134	3.88954
10136	3.88971
10138	3.89047
10140	3.89195
10142	3.89306
10144	3.8936
10146	3.89216
10148	3.89086
10150	3.89051
10152	3.88982
10154	3.89025
10156	3.89004
10158	3.88877
10160	3.889
10162	3.8894
10164	3.89092
10166	3.89208
10168	3.89098
10170	3.89094
10172	3.89163
10174	3.88972
10176	3.89008
10178	3.89018
10180	3.89083
10182	3.89046
10184	3.89141
10186	3.89289
10188	3.89274
10190	3.8923
10192	3.89205
10194	3.89088
10196	3.88973
10198	3.88879
10200	3.89025
10202	3.89095
10204	3.8907
10206	3.88906
10208	3.88803
10210	3.88848
10212	3.88884
10214	3.88936
10216	3.88883
10218	3.88824
10220	3.88857
10222	3.88913
10224	3.88981
10226	3.88988
10228	3.89069
10230	3.89163
10232	3.89087
10234	3.8903
10236	3.89027
10238	3.89101
10240	3.89156
10242	3.89056
10244	3.89045
10246	3.8916
10248	3.89359
10250	3.89456
10252	3.89532
10254	3.89491
10256	3.89406
10258	3.89416
10260	3.89416
10262	3.89408
10264	3.89321
10266	3.89313
10268	3.89401
10270	3.89321
10272	3.89284
10274	3.89322
10276	3.89363
10278	3.89296
10280	3.89347
10282	3.8934
10284	3.89187
10286	3.89212
10288	3.89282
10290	3.89307
10292	3.8946
10294	3.89609
10296	3.89551
10298	3.89504
10300	3.89518
10302	3.89386
10304	3.89405
10306	3.89379
10308	3.89376
10310	3.89399
10312	3.89394
10314	3.89369
10316	3.89363
10318	3.89294
10320	3.89302
10322	3.89292
10324	3.89238
10326	3.89142
10328	3.89633
10330	3.93193
10332	4.00365
10334	4.09618
10336	4.19556
10338	4.29231
10340	4.38254
10342	4.46596
10344	4.54044
10346	4.60668
10348	4.66557
10350	4.71528
10352	4.75874
10354	4.79583
10356	4.82517
10358	4.82486
10360	4.78222
10362	4.71418
10364	4.63588
10366	4.55687
10368	4.48125
10370	4.41052
10372	4.34397
10374	4.28575
10376	4.23577
10378	4.19033
10380	4.15136
10382	4.11755
10384	4.08615
10386	4.05935
10388	4.03723
10390	4.01691
10392	4.00151
10394	3.98859
10396	3.97541
10398	3.96208
10400	3.9527
10402	3.94532
10404	3.93779
10406	3.9318
10408	3.92613
10410	3.92161
10412	3.91699
10414	3.9134
10416	3.91026
10418	3.90674
10420	3.90314
10422	3.9007
10424	3.89793
10426	3.89609
10428	3.8951
10430	3.8935
10432	3.89199
10434	3.88965
10436	3.88713
10438	3.88557
10440	3.8845
10442	3.88359
10444	3.88248
10446	3.88069
10448	3.8806
10450	3.87976
10452	3.87704
10454	3.87601
10456	3.87661
10458	3.87645
10460	3.8759
10462	3.87552
10464	3.87603
10466	3.87534
10468	3.87536
10470	3.87402
10472	3.87136
10474	3.87051
10476	3.87121
10478	3.8718
10480	3.87102
10482	3.87055
10484	3.86953
10486	3.8685
10488	3.86937
10490	3.86925
10492	3.86999
10494	3.86902
10496	3.86884
10498	3.86744
10500	3.8661
10502	3.86622
10504	3.86598
10506	3.86631
10508	3.86704
10510	3.86601
10512	3.86435
10514	3.86391
10516	3.86571
10518	3.86602
10520	3.8655
10522	3.86491
10524	3.86415
10526	3.86519
10528	3.86624
10530	3.86465
10532	3.86419
10534	3.86389
10536	3.86328
10538	3.86284
10540	3.86252
10542	3.86212
10544	3.86245
10546	3.86272
10548	3.86185
10550	3.86234
10552	3.86284
10554	3.863
10556	3.86322
10558	3.86256
10560	3.86189
10562	3.86296
10564	3.8629
10566	3.8628
10568	3.86208
10570	3.86175
10572	3.86339
10574	3.86465
10576	3.86361
10578	3.864
10580	3.86347
10582	3.86316
10584	3.86299
10586	3.86324
10588	3.86433
10590	3.86255
10592	3.86283
10594	3.86334
10596	3.86204
10598	3.86175
10600	3.86188
10602	3.86268
10604	3.8645
10606	3.86423
10608	3.86297
10610	3.86215
10612	3.86076
10614	3.86134
10616	3.86143
10618	3.86183
10620	3.86107
10622	3.86011
10624	3.85992
10626	3.85992
10628	3.86019
10630	3.86065
10632	3.86107
10634	3.86074
10636	3.86014
10638	3.86084
10640	3.86114
10642	3.86142
10644	3.85992
10646	3.86031
10648	3.86103
10650	3.86029
10652	3.85914
10654	3.85874
10656	3.85819
10658	3.8574
10660	3.85752
10662	3.85733
10664	3.85696
10666	3.85929
10668	3.8607
10670	3.86067
10672	3.8603
10674	3.85982
10676	3.86108
10678	3.86244
10680	3.86218
10682	3.86164
10684	3.86113
10686	3.86109
10688	3.86041
10690	3.8606
10692	3.85926
10694	3.85805
10696	3.85794
10698	3.85793
10700	3.85948
10702	3.85785
10704	3.85716
10706	3.85825
10708	3.85679
10710	3.85648
10712	3.85567
10714	3.85694
10716	3.8571
10718	3.8562
10720	3.85699
10722	3.85636
10724	3.85702
10726	3.85798
10728	3.85792
10730	3.85809
10732	3.85835
10734	3.85899
10736	3.85959
10738	3.86004
10740	3.85939
10742	3.86001
10744	3.86024
10746	3.85978
10748	3.85985
10750	3.85835
10752	3.8579
10754	3.85879
10756	3.86062
10758	3.86081
10760	3.85932
10762	3.85931
10764	3.86041
10766	3.8606
10768	3.85946
10770	3.85889
10772	3.85924
10774	3.85871
10776	3.85898
10778	3.86028
10780	3.8599
10782	3.85904
10784	3.85881
10786	3.85928
10788	3.85985
10790	3.85903
10792	3.85744
10794	3.85757
10796	3.85809
10798	3.85714
10800	3.85656
10802	3.85774
10804	3.85823
10806	3.85773
10808	3.85794
10810	3.85825
10812	3.85747
10814	3.85842
10816	3.85761
10818	3.85665
10820	3.85743
10822	3.85798
10824	3.85841
10826	3.85993
10828	3.86098
10830	3.86043
10832	3.86003
10834	3.85901
10836	3.85829
10838	3.85779
10840	3.85813
10842	3.8581
10844	3.85858
10846	3.85788
10848	3.85894
10850	3.85834
10852	3.85892
10854	3.85829
10856	3.85852
10858	3.8596
10860	3.8592
10862	3.85945
10864	3.85961
10866	3.85988
10868	3.85927
10870	3.85886
10872	3.85826
10874	3.85929
10876	3.85867
10878	3.85818
10880	3.85737
10882	3.85645
10884	3.85682
10886	3.85653
10888	3.85704
10890	3.85739
10892	3.85901
10894	3.85917
10896	3.85811
10898	3.85792
10900	3.85911
10902	3.85932
10904	3.85895
10906	3.85809
10908	3.85781
10910	3.85813
10912	3.85826
10914	3.85758
10916	3.85849
10918	3.85914
10920	3.85872
10922	3.85881
10924	3.85913
10926	3.85857
10928	3.85997
10930	3.88839
10932	3.95597
10934	4.04437
10936	4.14028
10938	4.23506
10940	4.32483
10942	4.4069
10944	4.48137
10946	4.54728
10948	4.60533
10950	4.65494
10952	4.69756
10954	4.73511
10956	4.7671
10958	4.77374
10960	4.73563
10962	4.67155
10964	4.59639
10966	4.5182
10968	4.44222
10970	4.37222
10972	4.30829
10974	4.25179
10976	4.1997
10978	4.15273
10980	4.11206
10982	4.07711
10984	4.04748
10986	4.02168
10988	4.00039
10990	3.9803
10992	3.96417
10994	3.94915
10996	3.9371
10998	3.92612
11000	3.91667
11002	3.90718
11004	3.89914
11006	3.89278
11008	3.88592
11010	3.88032
11012	3.87587
11014	3.87191
11016	3.86825
11018	3.86478
11020	3.86098
11022	3.85847
11024	3.85561
11026	3.85439
11028	3.8536
11030	3.85088
11032	3.84869
11034	3.84526
11036	3.84354
11038	3.84166
11040	3.84061
11042	3.84052
11044	3.8393
11046	3.83841
11048	3.83806
11050	3.83661
11052	3.83581
11054	3.83527
11056	3.83542
11058	3.83534
11060	3.8338
11062	3.83345
11064	3.83302
11066	3.83299
11068	3.83283
11070	3.83248
11072	3.83059
11074	3.82953
11076	3.82934
11078	3.82938
11080	3.82888
11082	3.82871
11084	3.82862
11086	3.82748
11088	3.82833
11090	3.82812
11092	3.82763
11094	3.82765
11096	3.8269
11098	3.82672
11100	3.82734
11102	3.82533
11104	3.82489
11106	3.82493
11108	3.82581
11110	3.8264
11112	3.82723
11114	3.82757
11116	3.8265
11118	3.82565
11120	3.8258
11122	3.82433
11124	3.82236
11126	3.82188
11128	3.82212
11130	3.82111
11132	3.82168
11134	3.82149
11136	3.82187
11138	3.82191
11140	3.8218
11142	3.82148
11144	3.8204
11146	3.82068
11148	3.8228
11150	3.823
11152	3.82295
11154	3.82268
11156	3.82235
11158	3.82167
11160	3.82206
11162	3.82263
11164	3.82399
11166	3.82488
11168	3.82503
11170	3.8243
11172	3.8244
11174	3.82447
11176	3.82331
11178	3.82221
11180	3.82112
11182	3.8217
11184	3.8213
11186	3.82082
11188	3.82122
11190	3.81999
11192	3.82002
11194	3.81982
11196	3.82034
11198	3.82101
11200	3.82192
11202	3.82292
11204	3.82291
11206	3.82246
11208	3.82185
11210	3.82231
11212	3.82262
11214	3.82214
11216	3.82285
11218	3.82379
11220	3.82327
11222	3.8238
11224	3.82365
11226	3.8221
11228	3.82239
11230	3.82289
11232	3.82197
11234	3.82209
11236	3.82362
11238	3.82351
11240	3.82204
11242	3.822
11244	3.82264
11246	3.82263
11248	3.82202
11250	3.8216
11252	3.82107
11254	3.82101
11256	3.82207
11258	3.8229
11260	3.8232
11262	3.82304
11264	3.82294
11266	3.8227
11268	3.82242
11270	3.82311
11272	3.82406
11274	3.8252
11276	3.82438
11278	3.82321
11280	3.82328
11282	3.82442
11284	3.82491
11286	3.82353
11288	3.82228
11290	3.82223
11292	3.82171
11294	3.8241
11296	3.82425
11298	3.82343
11300	3.82332
11302	3.82362
11304	3.82529
11306	3.82648
11308	3.82707
11310	3.8275
11312	3.8264
11314	3.82595
11316	3.82485
11318	3.82481
11320	3.82532
11322	3.82547
11324	3.82702
11326	3.82646
11328	3.82584
11330	3.82515
11332	3.82467
11334	3.82516
11336	3.82469
11338	3.82478
11340	3.82629
11342	3.8268
11344	3.82745
11346	3.8258
11348	3.82418
11350	3.82311
11352	3.82423
11354	3.82429
11356	3.82516
11358	3.82566
11360	3.82617
11362	3.82424
11364	3.82408
11366	3.82532
11368	3.82492
11370	3.82478
11372	3.82563
11374	3.82697
11376	3.82705
11378	3.82708
11380	3.826
11382	3.82604
11384	3.82616
11386	3.82695
11388	3.82672
11390	3.82726
11392	3.82622
11394	3.82559
11396	3.82565
11398	3.82643
11400	3.82628
11402	3.82639
11404	3.82635
11406	3.8256
11408	3.82399
11410	3.82438
11412	3.82526
11414	3.82632
11416	3.82653
11418	3.82651
11420	3.82641
11422	3.82547
11424	3.82492
11426	3.82443
11428	3.82487
11430	3.82572
11432	3.82692
11434	3.82704
11436	3.8249
11438	3.82434
11440	3.82585
11442	3.82596
11444	3.8252
11446	3.82588
11448	3.82632
11450	3.82714
11452	3.82673
11454	3.82578
11456	3.8255
11458	3.82542
11460	3.82514
11462	3.8241
11464	3.8243
11466	3.82439
11468	3.82395
11470	3.8246
11472	3.82551
11474	3.82521
11476	3.826
11478	3.82759
11480	3.82642
11482	3.82613
11484	3.82641
11486	3.82686
11488	3.82603
11490	3.82574
11492	3.82633
11494	3.82797
11496	3.82894
11498	3.82841
11500	3.82809
11502	3.82667
11504	3.82589
11506	3.82474
11508	3.8255
11510	3.82631
11512	3.8272
11514	3.82684
11516	3.82641
11518	3.82735
11520	3.82853
11522	3.82822
11524	3.82687
11526	3.82629
11528	3.82668
11530	3.8497
11532	3.91287
11534	3.99778
11536	4.09056
11538	4.18287
11540	4.27189
11542	4.35346
11544	4.42725
11546	4.49296
11548	4.55084
11550	4.60227
11552	4.64744
11554	4.68547
11556	4.71655
11558	4.72608
11560	4.6941
11562	4.63424
11564	4.56133
11566	4.48466
11568	4.40941
11570	4.33838
11572	4.27358
11574	4.21451
11576	4.16347
11578	4.11763
11580	4.07792
11582	4.04486
11584	4.01393
11586	3.988
11588	3.96475
11590	3.94482
11592	3.92847
11594	3.9135
11596	3.90058
11598	3.89018
11600	3.87999
11602	3.87077
11604	3.86358
11606	3.85884
11608	3.85284
11610	3.84656
11612	3.84185
11614	3.83756
11616	3.83272
11618	3.82853
11620	3.82702
11622	3.82542
11624	3.8223
11626	3.82029
11628	3.81847
11630	3.81745
11632	3.81643
11634	3.81464
11636	3.81273
11638	3.81245
11640	3.81129
11642	3.8101
11644	3.80835
11646	3.80742
11648	3.80662
11650	3.80472
11652	3.80293
11654	3.80119
11656	3.80016
11658	3.80018
11660	3.79919
11662	3.79918
11664	3.79873
11666	3.79941
11668	3.79887
11670	3.7976
11672	3.79735
11674	3.79707
11676	3.79544
11678	3.79377
11680	3.79346
11682	3.7937
11684	3.7934
11686	3.79417
11688	3.79417
11690	3.79383
11692	3.79316
11694	3.79342
11696	3.79502
11698	3.79459
11700	3.79306
11702	3.79228
11704	3.79247
11706	3.79318
11708	3.79338
11710	3.7935
11712	3.79518
11714	3.79594
11716	3.79463
11718	3.79463
11720	3.795
11722	3.79468
11724	3.79481
11726	3.79481
11728	3.79369
11730	3.79322
11732	3.79429
11734	3.7947
11736	3.79493
11738	3.79424
11740	3.79412
11742	3.7952
11744	3.79573
11746	3.79469
11748	3.79476
11750	3.79594
11752	3.79742
11754	3.79694
11756	3.7951
11758	3.79454
11760	3.79528
11762	3.79775
11764	3.79803
11766	3.7974
11768	3.79837
11770	3.79765
11772	3.79725
11774	3.79718
11776	3.79763
11778	3.79733
11780	3.79713
11782	3.7955
11784	3.79513
11786	3.79568
11788	3.79576
11790	3.79451
11792	3.79392
11794	3.79438
11796	3.79564
11798	3.7976
11800	3.7981
11802	3.79797
11804	3.79785
11806	3.79786
11808	3.79821
11810	3.79941
11812	3.80027
11814	3.79977
11816	3.79824
11818	3.79836
11820	3.79905
11822	3.80004
11824	3.80043
11826	3.80013
11828	3.79891
11830	3.79838
11832	3.79852
11834	3.79881
11836	3.79812
11838	3.7995
11840	3.80029
11842	3.80039
11844	3.801
11846	3.80139
11848	3.80048
11850	3.79986
11852	3.79942
11854	3.80067
11856	3.80115
11858	3.80176
11860	3.80141
11862	3.80149
11864	3.80158
11866	3.80254
11868	3.80251
11870	3.80303
11872	3.80327
11874	3.80225
11876	3.80355
11878	3.80485
11880	3.80389
11882	3.80372
11884	3.80403
11886	3.80386
11888	3.80493
11890	3.8038
11892	3.80243
11894	3.80294
11896	3.80402
11898	3.80417
11900	3.80381
11902	3.80323
11904	3.80269
11906	3.80352
11908	3.80345
11910	3.80388
11912	3.80501
11914	3.80604
11916	3.80551
11918	3.80493
11920	3.80418
11922	3.80439
11924	3.80523
11926	3.80677
11928	3.80661
11930	3.80568
11932	3.80622
11934	3.80661
11936	3.8059
11938	3.80528
11940	3.80532
11942	3.80616
11944	3.80576
11946	3.80426
11948	3.805
11950	3.8049
11952	3.80515
11954	3.80578
11956	3.80672
11958	3.80698
11960	3.80636
11962	3.80718
11964	3.80729
11966	3.80628
11968	3.80644
11970	3.80729
11972	3.80782
11974	3.80851
11976	3.80984
11978	3.80991
11980	3.80833
11982	3.80735
11984	3.80746
11986	3.80778
11988	3.80847
11990	3.80984
11992	3.81029
11994	3.80984
11996	3.80989
11998	3.80749
12000	3.80643
12002	3.80722
12004	3.80725
12006	3.80691
12008	3.80627
12010	3.8071
12012	3.80844
12014	3.80862
12016	3.80977
12018	3.81101
12020	3.81159
12022	3.81111
12024	3.81129
12026	3.81123
12028	3.81064
12030	3.81056
12032	3.80935
12034	3.81007
12036	3.81
12038	3.80929
12040	3.80992
12042	3.80844
12044	3.80931
12046	3.80984
12048	3.80974
12050	3.81005
12052	3.8117
12054	3.81208
12056	3.81043
12058	3.80949
12060	3.80903
12062	3.80851
12064	3.80934
12066	3.80941
12068	3.80879
12070	3.80819
12072	3.80867
12074	3.81059
12076	3.81199
12078	3.81234
12080	3.81183
12082	3.81143
12084	3.81068
12086	3.81168
12088	3.81146
12090	3.81122
12092	3.80996
12094	3.80973
12096	3.81085
12098	3.81176
12100	3.81175
12102	3.81166
12104	3.81238
12106	3.81312
12108	3.81231
12110	3.81304
12112	3.81339
12114	3.81304
12116	3.81322
12118	3.81243
12120	3.81184
12122	3.81163
12124	3.81209
