time	cp
2	4.62966
4	4.62882
6	4.62846
8	4.62867
10	4.62946
12	4.62823
14	4.62722
16	4.62576
18	4.62527
20	4.62461
22	4.62357
24	4.62461
26	4.62464
28	4.62393
30	4.62475
32	4.62435
34	4.62326
36	4.62307
38	4.62116
40	4.62036
42	4.62126
44	4.62211
46	4.62213
48	4.62063
50	4.62061
52	4.62235
54	4.6219
56	4.62109
58	4.62115
60	4.62193
62	4.62118
64	4.62145
66	4.61914
68	4.61837
70	4.61684
72	4.61624
74	4.618
76	4.61975
78	4.61867
80	4.6169
82	4.61758
84	4.61748
86	4.61857
88	4.61824
90	4.61635
92	4.61586
94	4.61603
96	4.6159
98	4.61551
100	4.61527
102	4.61609
104	4.61651
106	4.61532
108	4.61509
110	4.61524
112	4.61518
114	4.61501
116	4.61564
118	4.6162
120	4.6165
122	4.61456
124	4.61424
126	4.613
128	4.60924
130	4.60649
132	4.60564
134	4.60412
136	4.60474
138	4.60257
140	4.60204
142	4.60059
144	4.59859
146	4.59793
148	4.5964
150	4.59591
152	4.59651
154	4.59794
156	4.60222
158	4.60308
160	4.60377
162	4.60511
164	4.60655
166	4.60723
168	4.60634
170	4.60672
172	4.60685
174	4.60724
176	4.60688
178	4.60593
180	4.60642
182	4.60666
184	4.60738
186	4.60647
188	4.60621
190	4.60794
192	4.60806
194	4.60734
196	4.6062
198	4.60458
200	4.60507
202	4.60426
204	4.60354
206	4.60337
208	4.60353
210	4.60347
212	4.60284
214	4.60283
216	4.60161
218	4.60156
220	4.6018
222	4.60196
224	4.60039
226	4.59993
228	4.60061
230	4.60117
232	4.6012
234	4.60139
236	4.60149
238	4.60039
240	4.60005
242	4.59928
244	4.59876
246	4.59749
248	4.59678
250	4.59771
252	4.59955
254	4.59968
256	4.59878
258	4.59853
260	4.59794
262	4.59782
264	4.59742
266	4.59742
268	4.59751
270	4.59781
272	4.59814
274	4.59842
276	4.59795
278	4.59657
280	4.59622
282	4.59512
284	4.59535
286	4.59358
288	4.59403
290	4.59563
292	4.59471
294	4.59403
296	4.59477
298	4.59455
300	4.59374
302	4.59363
304	4.59384
306	4.59266
308	4.5926
310	4.59292
312	4.59236
314	4.59305
316	4.59269
318	4.59388
320	4.59462
322	4.59313
324	4.59303
326	4.5933
328	4.59246
330	4.59215
332	4.59004
334	4.58932
336	4.59032
338	4.59011
340	4.58893
342	4.58845
344	4.58839
346	4.58833
348	4.5881
350	4.58899
352	4.58749
354	4.58727
356	4.58701
358	4.58743
360	4.58911
362	4.58909
364	4.58761
366	4.58625
368	4.58594
370	4.58564
372	4.58551
374	4.58614
376	4.58654
378	4.58662
380	4.58605
382	4.58698
384	4.5876
386	4.58784
388	4.58641
390	4.58546
392	4.58412
394	4.58403
396	4.58484
398	4.58472
400	4.58355
402	4.5829
404	4.58278
406	4.58244
408	4.58184
410	4.58189
412	4.58304
414	4.58379
416	4.58353
418	4.58265
420	4.58081
422	4.58102
424	4.58149
426	4.58058
428	4.58085
430	4.58215
432	4.58243
434	4.58106
436	4.58065
438	4.57904
440	4.57991
442	4.57848
444	4.5781
446	4.57763
448	4.57738
450	4.57809
452	4.5783
454	4.57906
456	4.57929
458	4.58036
460	4.57941
462	4.57855
464	4.57763
466	4.5776
468	4.57756
470	4.5782
472	4.57903
474	4.57977
476	4.57892
478	4.57863
480	4.57922
482	4.57799
484	4.57763
486	4.57791
488	4.57777
490	4.57729
492	4.57679
494	4.57507
496	4.57585
498	4.57722
500	4.577
502	4.57743
504	4.57708
506	4.57596
508	4.57526
510	4.57498
512	4.57429
514	4.57437
516	4.57479
518	4.57516
520	4.57305
522	4.57351
524	4.5735
526	4.57229
528	4.5725
530	4.57361
532	4.57446
534	4.57411
536	4.57329
538	4.57278
540	4.57256
542	4.57292
544	4.57189
546	4.57182
548	4.57214
550	4.57234
552	4.57259
554	4.5713
556	4.57171
558	4.57164
560	4.57127
562	4.57106
564	4.57127
566	4.57117
568	4.56926
570	4.56859
572	4.56877
574	4.56939
576	4.56869
578	4.56848
580	4.56829
582	4.5693
584	4.56822
586	4.56753
588	4.56789
590	4.56847
592	4.5686
594	4.56758
596	4.56872
598	4.56967
600	4.56796
602	4.56686
604	4.56718
606	4.56732
608	4.56679
610	4.56644
612	4.56772
614	4.56732
616	4.56651
618	4.56724
620	4.56545
622	4.56573
624	4.56609
626	4.56602
628	4.5666
630	4.56548
632	4.56362
634	4.56495
636	4.56575
638	4.56516
640	4.56345
642	4.5635
644	4.56413
646	4.56418
648	4.56318
650	4.56339
652	4.5645
654	4.56485
656	4.56478
658	4.56466
660	4.56345
662	4.56283
664	4.56186
666	4.56132
668	4.56144
670	4.56128
672	4.56174
674	4.56107
676	4.56074
678	4.5609
680	4.56195
682	4.56297
684	4.56192
686	4.56178
688	4.56163
690	4.56107
692	4.56055
694	4.55973
696	4.55968
698	4.56057
700	4.56037
702	4.55964
704	4.55938
706	4.55957
708	4.55784
710	4.55639
712	4.55723
714	4.55875
716	4.55931
718	4.55856
720	4.55916
722	4.55935
724	4.55798
726	4.55663
728	4.55518
730	4.55315
732	4.55117
734	4.54977
736	4.54832
738	4.54749
740	4.546
742	4.54574
744	4.54385
746	4.54248
748	4.54338
750	4.54295
752	4.54366
754	4.54371
756	4.54512
758	4.54808
760	4.55004
762	4.55144
764	4.55259
766	4.55259
768	4.55332
770	4.55511
772	4.55518
774	4.55553
776	4.55596
778	4.55518
780	4.55427
782	4.55415
784	4.55345
786	4.55417
788	4.55432
790	4.55355
792	4.55352
794	4.55395
796	4.55283
798	4.55253
800	4.55339
802	4.55353
804	4.55267
806	4.5532
808	4.55239
810	4.55369
812	4.55389
814	4.55281
816	4.55181
818	4.55221
820	4.5517
822	4.55144
824	4.55093
826	4.55156
828	4.55172
830	4.55076
832	4.55015
834	4.54912
836	4.54986
838	4.55027
840	4.54955
842	4.55062
844	4.55086
846	4.55157
848	4.55078
850	4.55043
852	4.55008
854	4.55004
856	4.5487
858	4.54715
860	4.54768
862	4.54781
864	4.54704
866	4.54707
868	4.5482
870	4.54912
872	4.54918
874	4.5489
876	4.54789
878	4.54703
880	4.54667
882	4.54591
884	4.54654
886	4.54676
888	4.54574
890	4.54422
892	4.54359
894	4.5446
896	4.54565
898	4.54622
900	4.54579
902	4.54443
904	4.54304
906	4.54214
908	4.54253
910	4.54301
912	4.54347
914	4.54441
916	4.54495
918	4.54451
920	4.5446
922	4.54536
924	4.54503
926	4.5451
928	4.54669
930	4.54586
932	4.54455
934	4.54414
936	4.54384
938	4.54284
940	4.54356
942	4.54322
944	4.54333
946	4.54217
948	4.54158
950	4.54196
952	4.54247
954	4.54187
956	4.54193
958	4.54206
960	4.54168
962	4.54138
964	4.54201
966	4.5414
968	4.54111
970	4.5412
972	4.54112
974	4.53975
976	4.53901
978	4.53988
980	4.53967
982	4.53832
984	4.53918
986	4.53952
988	4.53935
990	4.54072
992	4.54061
994	4.541
996	4.54074
998	4.54032
1000	4.54049
1002	4.53972
1004	4.53861
1006	4.53927
1008	4.53939
1010	4.53698
1012	4.5364
1014	4.53729
1016	4.53726
1018	4.53855
1020	4.53906
1022	4.53794
1024	4.53835
1026	4.53846
1028	4.53771
1030	4.53692
1032	4.53658
1034	4.53662
1036	4.53733
1038	4.53739
1040	4.53763
1042	4.53808
1044	4.53725
1046	4.53685
1048	4.5355
1050	4.53413
1052	4.53456
1054	4.5349
1056	4.53605
1058	4.53724
1060	4.53708
1062	4.53601
1064	4.53417
1066	4.53473
1068	4.53361
1070	4.53443
1072	4.53623
1074	4.5369
1076	4.53547
1078	4.53491
1080	4.53452
1082	4.53377
1084	4.5333
1086	4.53356
1088	4.53481
1090	4.53558
1092	4.53504
1094	4.53528
1096	4.53522
1098	4.53422
1100	4.53264
1102	4.5322
1104	4.53308
1106	4.53332
1108	4.53208
1110	4.53156
1112	4.53258
1114	4.5331
1116	4.53496
1118	4.53434
1120	4.53247
1122	4.53228
1124	4.53108
1126	4.53015
1128	4.52995
1130	4.53214
1132	4.53328
1134	4.53069
1136	4.53062
1138	4.53172
1140	4.53322
1142	4.53369
1144	4.53199
1146	4.53116
1148	4.5304
1150	4.53036
1152	4.53024
1154	4.52982
1156	4.53036
1158	4.53058
1160	4.53039
1162	4.52948
1164	4.52924
1166	4.52844
1168	4.52853
1170	4.52859
1172	4.5291
1174	4.52954
1176	4.52958
1178	4.52801
1180	4.5281
1182	4.52882
1184	4.52878
1186	4.52811
1188	4.52813
1190	4.52841
1192	4.52896
1194	4.52861
1196	4.52824
1198	4.52783
1200	4.52678
1202	4.5273
1204	4.52887
1206	4.52829
1208	4.52707
1210	4.52569
1212	4.52747
1214	4.52927
1216	4.52924
1218	4.52856
1220	4.5281
1222	4.52862
1224	4.5284
1226	4.52752
1228	4.52718
1230	4.52715
1232	4.52762
1234	4.52641
1236	4.52628
1238	4.5259
1240	4.52522
1242	4.52398
1244	4.52341
1246	4.52494
1248	4.52522
1250	4.52522
1252	4.52462
1254	4.52491
1256	4.52414
1258	4.52488
1260	4.52571
1262	4.52495
1264	4.52495
1266	4.5247
1268	4.52581
1270	4.52737
1272	4.52563
1274	4.52406
1276	4.52391
1278	4.52366
1280	4.52383
1282	4.52403
1284	4.5233
1286	4.52262
1288	4.52282
1290	4.52217
1292	4.52268
1294	4.52254
1296	4.52266
1298	4.52333
1300	4.52337
1302	4.52136
1304	4.52124
1306	4.5213
1308	4.52285
1310	4.52389
1312	4.52453
1314	4.52376
1316	4.52284
1318	4.52253
1320	4.52315
1322	4.52396
1324	4.52258
1326	4.52053
1328	4.51699
1330	4.51365
1332	4.5113
1334	4.51143
1336	4.51008
1338	4.50976
1340	4.50893
1342	4.5076
1344	4.50811
1346	4.50817
1348	4.50744
1350	4.5087
1352	4.50925
1354	4.50872
1356	4.51093
1358	4.51343
1360	4.515
1362	4.51536
1364	4.51632
1366	4.51899
1368	4.51984
1370	4.52038
1372	4.51977
1374	4.51949
1376	4.51914
1378	4.5184
1380	4.51917
1382	4.51893
1384	4.51874
1386	4.5202
1388	4.52048
1390	4.52081
1392	4.51925
1394	4.51865
1396	4.51749
1398	4.5166
1400	4.51653
1402	4.51815
1404	4.51664
1406	4.51588
1408	4.51668
1410	4.51611
1412	4.51545
1414	4.51701
1416	4.51598
1418	4.51457
1420	4.51396
1422	4.51395
1424	4.51491
1426	4.51535
1428	4.51553
1430	4.51578
1432	4.51557
1434	4.51582
1436	4.51594
1438	4.51588
1440	4.5153
1442	4.51447
1444	4.5146
1446	4.51433
1448	4.51485
1450	4.51503
1452	4.51365
1454	4.51432
1456	4.51454
1458	4.51543
1460	4.51562
1462	4.51541
1464	4.51429
1466	4.51336
1468	4.51386
1470	4.51414
1472	4.51488
1474	4.51449
1476	4.51364
1478	4.5137
1480	4.51295
1482	4.51312
1484	4.51435
1486	4.51463
1488	4.51365
1490	4.51293
1492	4.51375
1494	4.51451
1496	4.51374
1498	4.51207
1500	4.5107
1502	4.51013
1504	4.51021
1506	4.51078
1508	4.5116
1510	4.51185
1512	4.51122
1514	4.51128
1516	4.51185
1518	4.51139
1520	4.5114
1522	4.51084
1524	4.51074
1526	4.50915
1528	4.50926
1530	4.51028
1532	4.51042
1534	4.51107
1536	4.51032
1538	4.51
1540	4.51003
1542	4.5111
1544	4.51146
1546	4.51103
1548	4.50921
1550	4.50919
1552	4.50957
1554	4.51005
1556	4.51013
1558	4.51147
1560	4.51112
1562	4.51058
1564	4.51053
1566	4.50998
1568	4.51014
1570	4.51052
1572	4.51016
1574	4.50967
1576	4.51096
1578	4.50975
1580	4.50758
1582	4.50791
1584	4.50895
1586	4.50899
1588	4.50778
1590	4.50841
1592	4.50888
1594	4.50853
1596	4.50781
1598	4.50919
1600	4.50932
1602	4.50842
1604	4.50742
1606	4.50685
1608	4.50451
1610	4.50473
1612	4.50602
1614	4.50772
1616	4.5082
1618	4.50828
1620	4.50913
1622	4.50846
1624	4.5073
1626	4.50772
1628	4.50626
1630	4.50661
1632	4.50672
1634	4.50803
1636	4.50774
1638	4.50838
1640	4.50843
1642	4.50757
1644	4.50631
1646	4.50588
1648	4.50498
1650	4.50429
1652	4.50412
1654	4.50374
1656	4.50431
1658	4.50578
1660	4.50585
1662	4.50618
1664	4.50647
1666	4.50619
1668	4.50439
1670	4.50424
1672	4.50351
1674	4.5038
1676	4.50436
1678	4.5049
1680	4.50565
1682	4.50646
1684	4.5059
1686	4.5069
1688	4.50644
1690	4.50504
1692	4.50451
1694	4.50351
1696	4.50424
1698	4.50549
1700	4.50446
1702	4.50422
1704	4.50409
1706	4.5027
1708	4.50328
1710	4.50372
1712	4.50364
1714	4.50387
1716	4.50344
1718	4.5033
1720	4.50386
1722	4.50429
1724	4.50406
1726	4.50434
1728	4.50375
1730	4.5021
1732	4.50312
1734	4.50376
1736	4.50362
1738	4.503
1740	4.50307
1742	4.5031
1744	4.50356
1746	4.50235
1748	4.50132
1750	4.50177
1752	4.5016
1754	4.50227
1756	4.50178
1758	4.50195
1760	4.502
1762	4.50231
1764	4.50072
1766	4.50006
1768	4.50021
1770	4.5002
1772	4.49956
1774	4.4994
1776	4.49904
1778	4.49843
1780	4.49906
1782	4.49955
1784	4.49973
1786	4.49991
1788	4.4995
1790	4.49952
1792	4.49953
1794	4.4995
1796	4.49931
1798	4.49879
1800	4.49889
1802	4.49824
1804	4.49882
1806	4.49895
1808	4.49923
1810	4.50101
1812	4.50018
1814	4.4994
1816	4.50034
1818	4.50107
1820	4.49964
1822	4.49876
1824	4.49856
1826	4.49885
1828	4.49938
1830	4.49864
1832	4.49785
1834	4.49767
1836	4.49681
1838	4.49727
1840	4.49815
1842	4.49735
1844	4.49763
1846	4.49942
1848	4.49953
1850	4.49829
1852	4.49836
1854	4.49779
1856	4.49784
1858	4.49807
1860	4.49943
1862	4.49967
1864	4.49849
1866	4.49881
1868	4.49812
1870	4.49732
1872	4.49834
1874	4.49775
1876	4.49845
1878	4.49874
1880	4.49836
1882	4.49704
1884	4.49635
1886	4.49655
1888	4.49695
1890	4.4963
1892	4.49715
1894	4.49733
1896	4.49688
1898	4.49696
1900	4.49805
1902	4.49768
1904	4.49676
1906	4.49616
1908	4.4953
1910	4.49486
1912	4.49518
1914	4.49564
1916	4.49481
1918	4.49571
1920	4.49657
1922	4.49651
1924	4.49456
1926	4.49279
1928	4.4903
1930	4.48805
1932	4.48558
1934	4.48475
1936	4.48263
1938	4.48196
1940	4.48196
1942	4.48095
1944	4.48057
1946	4.48073
1948	4.47875
1950	4.47787
1952	4.47836
1954	4.48009
1956	4.48319
1958	4.48634
1960	4.48859
1962	4.49011
1964	4.4906
1966	4.49139
1968	4.49172
1970	4.49154
1972	4.49203
1974	4.49104
1976	4.49199
1978	4.493
1980	4.4922
1982	4.49182
1984	4.49271
1986	4.49381
1988	4.49317
1990	4.49438
1992	4.49393
1994	4.49123
1996	4.49034
1998	4.49061
2000	4.4915
2002	4.49229
2004	4.49191
2006	4.49128
2008	4.48979
2010	4.49068
2012	4.49037
2014	4.49008
2016	4.49106
2018	4.49086
2020	4.49077
2022	4.49119
2024	4.49154
2026	4.49059
2028	4.4898
2030	4.49027
2032	4.49182
2034	4.49004
2036	4.49061
2038	4.49237
2040	4.4916
2042	4.49039
2044	4.48928
2046	4.48925
2048	4.48912
2050	4.48904
2052	4.48902
2054	4.48971
2056	4.49035
2058	4.48939
2060	4.48828
2062	4.48846
2064	4.4874
2066	4.48661
2068	4.48567
2070	4.48861
2072	4.48926
2074	4.488
2076	4.48712
2078	4.48666
2080	4.48756
2082	4.48976
2084	4.48945
2086	4.48856
2088	4.48769
2090	4.48827
2092	4.48937
2094	4.48944
2096	4.48919
2098	4.48877
2100	4.48819
2102	4.48712
2104	4.48836
2106	4.48858
2108	4.48687
2110	4.48778
2112	4.48816
2114	4.48656
2116	4.48567
2118	4.48512
2120	4.48719
2122	4.48688
2124	4.48642
2126	4.48571
2128	4.48516
2130	4.4857
2132	4.48701
2134	4.48752
2136	4.48732
2138	4.48671
2140	4.48637
2142	4.48735
2144	4.48689
2146	4.4852
2148	4.48528
2150	4.48496
2152	4.48427
2154	4.48501
2156	4.48521
2158	4.48609
2160	4.48658
2162	4.48694
2164	4.4869
2166	4.48637
2168	4.48623
2170	4.48625
2172	4.48549
2174	4.48526
2176	4.48335
2178	4.48308
2180	4.48393
2182	4.48494
2184	4.48451
2186	4.48426
2188	4.48492
2190	4.48474
2192	4.48481
2194	4.48414
2196	4.48471
2198	4.48429
2200	4.48391
2202	4.48449
2204	4.48413
2206	4.48332
2208	4.48284
2210	4.48383
2212	4.48394
2214	4.48314
2216	4.48382
2218	4.4833
2220	4.48373
2222	4.48236
2224	4.4833
2226	4.48275
2228	4.48309
2230	4.48217
2232	4.48128
2234	4.48221
2236	4.4828
2238	4.48323
2240	4.48382
2242	4.48337
2244	4.48252
2246	4.48303
2248	4.48136
2250	4.48085
2252	4.48132
2254	4.48227
2256	4.48244
2258	4.48212
2260	4.48097
2262	4.47927
2264	4.4792
2266	4.48024
2268	4.47928
2270	4.47919
2272	4.47946
2274	4.4801
2276	4.4807
2278	4.48081
2280	4.48052
2282	4.4798
2284	4.47931
2286	4.47936
2288	4.4814
2290	4.48078
2292	4.47944
2294	4.48111
2296	4.48212
2298	4.48187
2300	4.48119
2302	4.48168
2304	4.47933
2306	4.47864
2308	4.47917
2310	4.47959
2312	4.48066
2314	4.48226
2316	4.48282
2318	4.4808
2320	4.4802
2322	4.47957
2324	4.47937
2326	4.47873
2328	4.47874
2330	4.48039
2332	4.47959
2334	4.47719
2336	4.47748
2338	4.47824
2340	4.47818
2342	4.47719
2344	4.47723
2346	4.47855
2348	4.47776
2350	4.47756
2352	4.47755
2354	4.47935
2356	4.47871
2358	4.47787
2360	4.47818
2362	4.47857
2364	4.47849
2366	4.47844
2368	4.47838
2370	4.4792
2372	4.47848
2374	4.47883
2376	4.47857
2378	4.47855
2380	4.4802
2382	4.48088
2384	4.48069
2386	4.4804
2388	4.47837
2390	4.47752
2392	4.47741
2394	4.47899
2396	4.47905
2398	4.47898
2400	4.47755
2402	4.47803
2404	4.47844
2406	4.47868
2408	4.47728
2410	4.47668
2412	4.47587
2414	4.47601
2416	4.47511
2418	4.47445
2420	4.4752
2422	4.47396
2424	4.47444
2426	4.47536
2428	4.47434
2430	4.47389
2432	4.47403
2434	4.47381
2436	4.47517
2438	4.47463
2440	4.47452
2442	4.47497
2444	4.47601
2446	4.47554
2448	4.47526
2450	4.47502
2452	4.47424
2454	4.47608
2456	4.47639
2458	4.47574
2460	4.4757
2462	4.47623
2464	4.47664
2466	4.47703
2468	4.47534
2470	4.47401
2472	4.47463
2474	4.47341
2476	4.47419
2478	4.47483
2480	4.47536
2482	4.4764
2484	4.477
2486	4.47613
2488	4.4736
2490	4.47282
2492	4.47316
2494	4.47297
2496	4.47245
2498	4.47125
2500	4.47315
2502	4.47431
2504	4.474
2506	4.47288
2508	4.47373
2510	4.47504
2512	4.4745
2514	4.47423
2516	4.4735
2518	4.47238
2520	4.47274
2522	4.47328
2524	4.47145
2526	4.47284
2528	4.47057
2530	4.4669
2532	4.46425
2534	4.46337
2536	4.46279
2538	4.46103
2540	4.46074
2542	4.46165
2544	4.46035
2546	4.45974
2548	4.45788
2550	4.45829
2552	4.4598
2554	4.45913
2556	4.46166
2558	4.46401
2560	4.46577
2562	4.4662
2564	4.46528
2566	4.46695
2568	4.46776
2570	4.46837
2572	4.4677
2574	4.46762
2576	4.4687
2578	4.47074
2580	4.47111
2582	4.47106
2584	4.4698
2586	4.46873
2588	4.46998
2590	4.47052
2592	4.46985
2594	4.46865
2596	4.46789
2598	4.46871
2600	4.46974
2602	4.4689
2604	4.4703
2606	4.47103
2608	4.47109
2610	4.46983
2612	4.46838
2614	4.46778
2616	4.46933
2618	4.46986
2620	4.46972
2622	4.46871
2624	4.46731
2626	4.46708
2628	4.46733
2630	4.46705
2632	4.46657
2634	4.4668
2636	4.46728
2638	4.46708
2640	4.46726
2642	4.46722
2644	4.46702
2646	4.46633
2648	4.46619
2650	4.46744
2652	4.46781
2654	4.46734
2656	4.46755
2658	4.46754
2660	4.46817
2662	4.46735
2664	4.46702
2666	4.46751
2668	4.46638
2670	4.46742
2672	4.46834
2674	4.46685
2676	4.46545
2678	4.46605
2680	4.46539
2682	4.46674
2684	4.46734
2686	4.46729
2688	4.46841
2690	4.4674
2692	4.46663
2694	4.46626
2696	4.46657
2698	4.46577
2700	4.46703
2702	4.46652
2704	4.4658
2706	4.46495
2708	4.46383
2710	4.46488
2712	4.46495
2714	4.46389
2716	4.46438
2718	4.465
2720	4.46538
2722	4.46373
2724	4.46525
2726	4.46645
2728	4.46608
2730	4.46459
2732	4.46531
2734	4.46507
2736	4.46238
2738	4.46325
2740	4.46382
2742	4.46205
2744	4.46236
2746	4.46405
2748	4.46433
2750	4.46499
2752	4.46422
2754	4.46494
2756	4.46506
2758	4.46534
2760	4.46544
2762	4.46632
2764	4.46521
2766	4.46393
2768	4.46407
2770	4.46326
2772	4.46172
2774	4.46265
2776	4.46493
2778	4.46415
2780	4.46306
2782	4.46287
2784	4.46466
2786	4.46417
2788	4.46369
2790	4.464
2792	4.46349
2794	4.46341
2796	4.46321
2798	4.46293
2800	4.46254
2802	4.46217
2804	4.46194
2806	4.46182
2808	4.46228
2810	4.46074
2812	4.45971
2814	4.46175
2816	4.46072
2818	4.46195
2820	4.46211
2822	4.46145
2824	4.46179
2826	4.46169
2828	4.46058
2830	4.4605
2832	4.4605
2834	4.46008
2836	4.46062
2838	4.46073
2840	4.45951
2842	4.45995
2844	4.45881
2846	4.45953
2848	4.46041
2850	4.46053
2852	4.45972
2854	4.46161
2856	4.46168
2858	4.46016
2860	4.4605
2862	4.45963
2864	4.45926
2866	4.46101
2868	4.46084
2870	4.45971
2872	4.45916
2874	4.46129
2876	4.46146
2878	4.46115
2880	4.4609
2882	4.45828
2884	4.45888
2886	4.4595
2888	4.46027
2890	4.45956
2892	4.46021
2894	4.46012
2896	4.45933
2898	4.4584
2900	4.45817
2902	4.45897
2904	4.45906
2906	4.45938
2908	4.4589
2910	4.45819
2912	4.45801
2914	4.46012
2916	4.46125
2918	4.46076
2920	4.46155
2922	4.46272
2924	4.46284
2926	4.46171
2928	4.46156
2930	4.46093
2932	4.46059
2934	4.45976
2936	4.45715
2938	4.45549
2940	4.45603
2942	4.45769
2944	4.45889
2946	4.45879
2948	4.45845
2950	4.45753
2952	4.45745
2954	4.45672
2956	4.45731
2958	4.4569
2960	4.45513
2962	4.45459
2964	4.45665
2966	4.4576
2968	4.45742
2970	4.45667
2972	4.45592
2974	4.45543
2976	4.45516
2978	4.45449
2980	4.45603
2982	4.45781
2984	4.45589
2986	4.45412
2988	4.4533
2990	4.45419
2992	4.45487
2994	4.45606
2996	4.4555
2998	4.45509
3000	4.45573
3002	4.45694
3004	4.45833
3006	4.45948
3008	4.45938
3010	4.45794
3012	4.4562
3014	4.4565
3016	4.45656
3018	4.45834
3020	4.45957
3022	4.45768
3024	4.45631
3026	4.45705
3028	4.45731
3030	4.45729
3032	4.45692
3034	4.45585
3036	4.45703
3038	4.45641
3040	4.45697
3042	4.4569
3044	4.45782
3046	4.45521
3048	4.45543
3050	4.45589
3052	4.45664
3054	4.45575
3056	4.45584
3058	4.45484
3060	4.45233
3062	4.45105
3064	4.45223
3066	4.45368
3068	4.45451
3070	4.45415
3072	4.4542
3074	4.45421
3076	4.45344
3078	4.45309
3080	4.45357
3082	4.45351
3084	4.45392
3086	4.45437
3088	4.45448
3090	4.454
3092	4.4531
3094	4.45286
3096	4.45438
3098	4.45495
3100	4.45445
3102	4.45364
3104	4.4542
3106	4.45419
3108	4.45434
3110	4.45482
3112	4.45485
3114	4.45371
3116	4.4527
3118	4.45435
3120	4.45442
3122	4.45354
3124	4.45251
3126	4.45056
3128	4.44676
3130	4.44576
3132	4.4446
3134	4.44342
3136	4.44434
3138	4.44455
3140	4.44272
3142	4.44076
3144	4.43939
3146	4.43771
3148	4.43839
3150	4.43875
3152	4.43909
3154	4.43879
3156	4.44201
3158	4.44367
3160	4.44564
3162	4.44736
3164	4.44891
3166	4.44979
3168	4.449
3170	4.44961
3172	4.45088
3174	4.45176
3176	4.45268
3178	4.45291
3180	4.45319
3182	4.45278
3184	4.45319
3186	4.45083
3188	4.45068
3190	4.44979
3192	4.44978
3194	4.45057
3196	4.451
3198	4.45075
3200	4.45069
3202	4.45061
3204	4.44894
3206	4.44722
3208	4.4476
3210	4.44685
3212	4.44786
3214	4.44865
3216	4.45052
3218	4.44815
3220	4.44753
3222	4.44783
3224	4.4482
3226	4.44728
3228	4.44803
3230	4.44947
3232	4.45158
3234	4.44977
3236	4.45033
3238	4.45112
3240	4.4502
3242	4.44894
3244	4.44964
3246	4.44993
3248	4.44858
3250	4.449
3252	4.44834
3254	4.44797
3256	4.44829
3258	4.44764
3260	4.44872
3262	4.44891
3264	4.44897
3266	4.44882
3268	4.44857
3270	4.44692
3272	4.4459
3274	4.4471
3276	4.44647
3278	4.44543
3280	4.44713
3282	4.44763
3284	4.44762
3286	4.44788
3288	4.44699
3290	4.44747
3292	4.44782
3294	4.44832
3296	4.44887
3298	4.45086
3300	4.44959
3302	4.44881
3304	4.44915
3306	4.44818
3308	4.44687
3310	4.4462
3312	4.44799
3314	4.44816
3316	4.44835
3318	4.44773
3320	4.44575
3322	4.44625
3324	4.44692
3326	4.44757
3328	4.44666
3330	4.44472
3332	4.44462
3334	4.44366
3336	4.44403
3338	4.44541
3340	4.44673
3342	4.44686
3344	4.44762
3346	4.44635
3348	4.44672
3350	4.44568
3352	4.44499
3354	4.44635
3356	4.44664
3358	4.44565
3360	4.44563
3362	4.44508
3364	4.4457
3366	4.44408
3368	4.44569
3370	4.44591
3372	4.44646
3374	4.44648
3376	4.44537
3378	4.44452
3380	4.44301
3382	4.44238
3384	4.44311
3386	4.44413
3388	4.44447
3390	4.44386
3392	4.44373
3394	4.44355
3396	4.44455
3398	4.44471
3400	4.44501
3402	4.44456
3404	4.44501
3406	4.44621
3408	4.44658
3410	4.44439
3412	4.44365
3414	4.44388
3416	4.44438
3418	4.4468
3420	4.44595
3422	4.44647
3424	4.44455
3426	4.44425
3428	4.4449
3430	4.44485
3432	4.44423
3434	4.44319
3436	4.44193
3438	4.44099
3440	4.44164
3442	4.44286
3444	4.44396
3446	4.44412
3448	4.44301
3450	4.44039
3452	4.44094
3454	4.44197
3456	4.44226
3458	4.4425
3460	4.44226
3462	4.44319
3464	4.44201
3466	4.44089
3468	4.44009
3470	4.43916
3472	4.43989
3474	4.44146
3476	4.44302
3478	4.44453
3480	4.44287
3482	4.44221
3484	4.44222
3486	4.44225
3488	4.44111
3490	4.44181
3492	4.44215
3494	4.44245
3496	4.44226
3498	4.44183
3500	4.44172
3502	4.44013
3504	4.44011
3506	4.44135
3508	4.44056
3510	4.44073
3512	4.44068
3514	4.44203
3516	4.44194
3518	4.44116
3520	4.44111
3522	4.44015
3524	4.44059
3526	4.44049
3528	4.43994
3530	4.44006
3532	4.44018
3534	4.44099
3536	4.44203
3538	4.44192
3540	4.44153
3542	4.44081
3544	4.44062
3546	4.44043
3548	4.44108
3550	4.44197
3552	4.44335
3554	4.44022
3556	4.43846
3558	4.43955
3560	4.4397
3562	4.43807
3564	4.44014
3566	4.44141
3568	4.44063
3570	4.4386
3572	4.43884
3574	4.43881
3576	4.43891
3578	4.43911
3580	4.43933
3582	4.43903
3584	4.4376
3586	4.43811
3588	4.43918
3590	4.43869
3592	4.43778
3594	4.43915
3596	4.43699
3598	4.437
3600	4.43678
3602	4.43701
3604	4.43746
3606	4.43822
3608	4.43929
3610	4.43912
3612	4.43863
3614	4.43889
3616	4.43877
3618	4.43717
3620	4.43675
3622	4.43795
3624	4.43808
3626	4.43764
3628	4.43883
3630	4.43818
3632	4.43666
3634	4.43789
3636	4.43861
3638	4.43728
3640	4.43729
3642	4.43697
3644	4.43582
3646	4.43575
3648	4.43593
3650	4.43634
3652	4.43626
3654	4.43641
3656	4.43522
3658	4.4369
3660	4.43968
3662	4.4391
3664	4.4374
3666	4.43602
3668	4.43562
3670	4.4358
3672	4.4355
3674	4.43413
3676	4.43653
3678	4.43799
3680	4.43732
3682	4.43471
3684	4.43684
3686	4.43807
3688	4.43669
3690	4.43462
3692	4.43441
3694	4.43424
3696	4.43431
3698	4.43486
3700	4.43496
3702	4.43469
3704	4.43487
3706	4.43579
3708	4.4364
3710	4.43628
3712	4.43581
3714	4.43617
3716	4.43685
3718	4.43765
3720	4.43623
3722	4.43593
3724	4.43422
3726	4.4329
3728	4.43065
3730	4.43071
3732	4.43028
3734	4.42873
3736	4.42533
3738	4.42417
3740	4.42429
3742	4.42224
3744	4.42019
3746	4.418
3748	4.4179
3750	4.41706
3752	4.41859
3754	4.42037
3756	4.42293
3758	4.42562
3760	4.42672
3762	4.42895
3764	4.42971
3766	4.42978
3768	4.43295
3770	4.4329
3772	4.43199
3774	4.43192
3776	4.43257
3778	4.43389
3780	4.43443
3782	4.43287
3784	4.43106
3786	4.43107
3788	4.43193
3790	4.43269
3792	4.43185
3794	4.43227
3796	4.43354
3798	4.43286
3800	4.43302
3802	4.43214
3804	4.43135
3806	4.43142
3808	4.43043
3810	4.43036
3812	4.43118
3814	4.43167
3816	4.43129
3818	4.4327
3820	4.43181
3822	4.43136
3824	4.43129
3826	4.4314
3828	4.43096
3830	4.42908
3832	4.42971
3834	4.42886
3836	4.42765
3838	4.42807
3840	4.43047
3842	4.4313
3844	4.43097
3846	4.4318
3848	4.43155
3850	4.43122
3852	4.43067
3854	4.43069
3856	4.43092
3858	4.43005
3860	4.429
3862	4.42785
3864	4.42929
3866	4.42995
3868	4.43064
3870	4.43104
3872	4.4288
3874	4.43049
3876	4.43186
3878	4.43216
3880	4.43183
3882	4.43178
3884	4.43228
3886	4.43081
3888	4.43033
3890	4.42971
3892	4.42947
3894	4.42852
3896	4.42812
3898	4.4296
3900	4.43101
3902	4.42958
3904	4.42916
3906	4.42888
3908	4.42865
3910	4.42922
3912	4.42891
3914	4.42866
3916	4.42716
3918	4.42934
3920	4.43028
3922	4.42924
3924	4.42999
3926	4.43042
3928	4.43067
3930	4.42903
3932	4.42659
3934	4.42575
3936	4.42629
3938	4.42761
3940	4.42851
3942	4.4283
3944	4.42781
3946	4.42655
3948	4.4254
3950	4.42551
3952	4.4257
3954	4.42539
3956	4.426
3958	4.42753
3960	4.42707
3962	4.4272
3964	4.42705
3966	4.4262
3968	4.42556
3970	4.42496
3972	4.42633
3974	4.42797
3976	4.42668
3978	4.42457
3980	4.42605
3982	4.42753
3984	4.42861
3986	4.42818
3988	4.42856
3990	4.4305
3992	4.43096
3994	4.42811
3996	4.42516
3998	4.42589
4000	4.42808
4002	4.42933
4004	4.42849
4006	4.42769
4008	4.42687
4010	4.42628
4012	4.42693
4014	4.42729
4016	4.42664
4018	4.42626
4020	4.42426
4022	4.42189
4024	4.42304
4026	4.42327
4028	4.42502
4030	4.42622
4032	4.42648
4034	4.42532
4036	4.42507
4038	4.42499
4040	4.42659
4042	4.42567
4044	4.42606
4046	4.42733
4048	4.42832
4050	4.42688
4052	4.42435
4054	4.42326
4056	4.42299
4058	4.42184
4060	4.42228
4062	4.42309
4064	4.42345
4066	4.42353
4068	4.42236
4070	4.42211
4072	4.42276
4074	4.42325
4076	4.42378
4078	4.42539
4080	4.42575
4082	4.42577
4084	4.42506
4086	4.42601
4088	4.42635
4090	4.42542
4092	4.42486
4094	4.42387
4096	4.42284
4098	4.42286
4100	4.42239
4102	4.4216
4104	4.4212
4106	4.42117
4108	4.42211
4110	4.42152
4112	4.42098
4114	4.42121
4116	4.42202
4118	4.4218
4120	4.4224
4122	4.42177
4124	4.42237
4126	4.42309
4128	4.42263
4130	4.42285
4132	4.42317
4134	4.42119
4136	4.42051
4138	4.42058
4140	4.42056
4142	4.41839
4144	4.41939
4146	4.42009
4148	4.42157
4150	4.42225
4152	4.42181
4154	4.42236
4156	4.42154
4158	4.42224
4160	4.42329
4162	4.42345
4164	4.42142
4166	4.42061
4168	4.42016
4170	4.421
4172	4.42188
4174	4.42092
4176	4.42142
4178	4.4231
4180	4.42193
4182	4.42
4184	4.42004
4186	4.42039
4188	4.42087
4190	4.41967
4192	4.42019
4194	4.41962
4196	4.42075
4198	4.4216
4200	4.42113
4202	4.42008
4204	4.42075
4206	4.4195
4208	4.41772
4210	4.41831
4212	4.41974
4214	4.42016
4216	4.41864
4218	4.41897
4220	4.41852
4222	4.41883
4224	4.41981
4226	4.42023
4228	4.41927
4230	4.41889
4232	4.41873
4234	4.41945
4236	4.42057
4238	4.41961
4240	4.42051
4242	4.42022
4244	4.41847
4246	4.41822
4248	4.42009
4250	4.42096
4252	4.42119
4254	4.41979
4256	4.41811
4258	4.41844
4260	4.41912
4262	4.41871
4264	4.41924
4266	4.41979
4268	4.41808
4270	4.41764
4272	4.41842
4274	4.41827
4276	4.41917
4278	4.41811
4280	4.41612
4282	4.41585
4284	4.41576
4286	4.41778
4288	4.417
4290	4.41637
4292	4.41766
4294	4.41779
4296	4.41798
4298	4.41655
4300	4.41518
4302	4.4155
4304	4.41624
4306	4.41814
4308	4.41752
4310	4.41772
4312	4.41753
4314	4.41612
4316	4.41605
4318	4.41591
4320	4.41595
4322	4.41587
4324	4.41593
4326	4.41387
4328	4.41084
4330	4.40897
4332	4.40613
4334	4.40423
4336	4.40376
4338	4.40476
4340	4.40346
4342	4.403
4344	4.4032
4346	4.40332
4348	4.40341
4350	4.4025
4352	4.40107
4354	4.40106
4356	4.40412
4358	4.40725
4360	4.41035
4362	4.41185
4364	4.41052
4366	4.41108
4368	4.41247
4370	4.41297
4372	4.41465
4374	4.41385
4376	4.41251
4378	4.4143
4380	4.41686
4382	4.41643
4384	4.41636
4386	4.41595
4388	4.4138
4390	4.41212
4392	4.41202
4394	4.4119
4396	4.4118
4398	4.41236
4400	4.41361
4402	4.4129
4404	4.41274
4406	4.41239
4408	4.41204
4410	4.4125
4412	4.41335
4414	4.41318
4416	4.4133
4418	4.41239
4420	4.4141
4422	4.4141
4424	4.41289
4426	4.41246
4428	4.41215
4430	4.41101
4432	4.41038
4434	4.40978
4436	4.41113
4438	4.41118
4440	4.41229
4442	4.41104
4444	4.41091
4446	4.41095
4448	4.40987
4450	4.40903
4452	4.40932
4454	4.40931
4456	4.40961
4458	4.41193
4460	4.41117
4462	4.41016
4464	4.41078
4466	4.41167
4468	4.41113
4470	4.41087
4472	4.41175
4474	4.41181
4476	4.41134
4478	4.41034
4480	4.40961
4482	4.41033
4484	4.41122
4486	4.40968
4488	4.40933
4490	4.41065
4492	4.40991
4494	4.41018
4496	4.40963
4498	4.41041
4500	4.41146
4502	4.41143
4504	4.40991
4506	4.41001
4508	4.41096
4510	4.41172
4512	4.41174
4514	4.4111
4516	4.41073
4518	4.41135
4520	4.41137
4522	4.41228
4524	4.41403
4526	4.41253
4528	4.41086
4530	4.41056
4532	4.40928
4534	4.4085
4536	4.40937
4538	4.40926
4540	4.40921
4542	4.40808
4544	4.40747
4546	4.40842
4548	4.40895
4550	4.40928
4552	4.40832
4554	4.40759
4556	4.40992
4558	4.41009
4560	4.40796
4562	4.40833
4564	4.40896
4566	4.40802
4568	4.40877
4570	4.40813
4572	4.40885
4574	4.40869
4576	4.41016
4578	4.41019
4580	4.40925
4582	4.40856
4584	4.40814
4586	4.40719
4588	4.40709
4590	4.40874
4592	4.40939
4594	4.40871
4596	4.40803
4598	4.4089
4600	4.40898
4602	4.40788
4604	4.40646
4606	4.40684
4608	4.40601
4610	4.40611
4612	4.40745
4614	4.40876
4616	4.40848
4618	4.40747
4620	4.40736
4622	4.40815
4624	4.40779
4626	4.40689
4628	4.40396
4630	4.4043
4632	4.40365
4634	4.40393
4636	4.4057
4638	4.40642
4640	4.40652
4642	4.40716
4644	4.40728
4646	4.40703
4648	4.40753
4650	4.40609
4652	4.40666
4654	4.40494
4656	4.40251
4658	4.40183
4660	4.40186
4662	4.4033
4664	4.4044
4666	4.40396
4668	4.40366
4670	4.40429
4672	4.40466
4674	4.40563
4676	4.40562
4678	4.40531
4680	4.40374
4682	4.40475
4684	4.40601
4686	4.40594
4688	4.40593
4690	4.4052
4692	4.40463
4694	4.40409
4696	4.40251
4698	4.40316
4700	4.40348
4702	4.40336
4704	4.40348
4706	4.40363
4708	4.40351
4710	4.40356
4712	4.40456
4714	4.40366
4716	4.40447
4718	4.40395
4720	4.40351
4722	4.40468
4724	4.40528
4726	4.40551
4728	4.40452
4730	4.40439
4732	4.40353
4734	4.40434
4736	4.40671
4738	4.40613
4740	4.40465
4742	4.40286
4744	4.40232
4746	4.40227
4748	4.4039
4750	4.40369
4752	4.40241
4754	4.40099
4756	4.40114
4758	4.40137
4760	4.40212
4762	4.40356
4764	4.40441
4766	4.40402
4768	4.40317
4770	4.4024
4772	4.40209
4774	4.4011
4776	4.401
4778	4.40028
4780	4.40235
4782	4.40404
4784	4.40322
4786	4.40242
4788	4.40098
4790	4.40022
4792	4.40219
4794	4.40285
4796	4.40178
4798	4.40144
4800	4.40218
4802	4.40325
4804	4.40225
4806	4.40325
4808	4.40388
4810	4.40383
4812	4.40198
4814	4.40219
4816	4.40197
4818	4.40263
4820	4.40141
4822	4.40053
4824	4.40177
4826	4.40132
4828	4.39926
4830	4.39893
4832	4.39968
4834	4.40111
4836	4.39965
4838	4.40063
4840	4.40226
4842	4.40034
4844	4.40088
4846	4.40216
4848	4.40158
4850	4.40218
4852	4.40307
4854	4.40315
4856	4.40195
4858	4.40194
4860	4.4021
4862	4.40006
4864	4.39886
4866	4.39832
4868	4.39796
4870	4.39846
4872	4.39897
4874	4.39954
4876	4.39989
4878	4.40089
4880	4.39991
4882	4.39932
4884	4.39967
4886	4.3992
4888	4.40025
4890	4.40047
4892	4.40024
4894	4.39881
4896	4.39845
4898	4.3992
4900	4.39771
4902	4.39698
4904	4.39595
4906	4.39565
4908	4.3966
4910	4.39852
4912	4.3991
4914	4.3988
4916	4.39952
4918	4.40051
4920	4.39905
4922	4.39698
4924	4.39672
4926	4.39754
4928	4.39552
4930	4.39233
4932	4.39136
4934	4.38928
4936	4.38681
4938	4.3863
4940	4.38618
4942	4.38344
4944	4.38369
4946	4.38497
4948	4.38462
4950	4.38332
4952	4.38409
4954	4.38468
4956	4.38461
4958	4.3851
4960	4.38754
4962	4.38868
4964	4.39036
4966	4.39105
4968	4.39236
4970	4.39356
4972	4.39338
4974	4.39391
4976	4.39501
4978	4.39511
4980	4.39521
4982	4.39542
4984	4.39484
4986	4.3945
4988	4.39459
4990	4.39382
4992	4.39342
4994	4.39311
4996	4.3957
4998	4.39693
5000	4.39362
5002	4.39156
5004	4.39125
5006	4.39128
5008	4.39036
5010	4.39206
5012	4.39219
5014	4.39417
5016	4.3961
5018	4.39589
5020	4.39584
5022	4.39492
5024	4.39509
5026	4.39416
5028	4.39229
5030	4.39285
5032	4.39348
5034	4.39453
5036	4.39444
5038	4.3945
5040	4.39324
5042	4.39301
5044	4.39238
5046	4.39236
5048	4.3926
5050	4.39275
5052	4.39131
5054	4.38933
5056	4.38962
5058	4.39174
5060	4.39238
5062	4.39302
5064	4.39272
5066	4.39389
5068	4.39373
5070	4.39225
5072	4.39126
5074	4.39008
5076	4.39059
5078	4.39044
5080	4.3906
5082	4.39146
5084	4.39043
5086	4.39014
5088	4.39083
5090	4.39055
5092	4.39031
5094	4.3906
5096	4.39067
5098	4.38912
5100	4.39098
5102	4.39198
5104	4.39092
5106	4.39181
5108	4.39358
5110	4.39269
5112	4.39144
5114	4.3917
5116	4.39229
5118	4.39175
5120	4.38897
5122	4.38821
5124	4.39055
5126	4.39101
5128	4.3904
5130	4.3912
5132	4.39191
5134	4.39159
5136	4.39086
5138	4.39146
5140	4.39262
5142	4.39174
5144	4.39192
5146	4.39263
5148	4.39135
5150	4.38945
5152	4.38951
5154	4.3895
5156	4.38959
5158	4.38963
5160	4.38735
5162	4.38711
5164	4.38843
5166	4.38666
5168	4.38722
5170	4.38908
5172	4.39107
5174	4.39104
5176	4.38898
5178	4.38906
5180	4.38867
5182	4.38832
5184	4.39068
5186	4.39115
5188	4.38769
5190	4.3881
5192	4.38693
5194	4.38818
5196	4.38856
5198	4.38784
5200	4.3869
5202	4.38619
5204	4.38722
5206	4.38594
5208	4.38523
5210	4.38623
5212	4.38731
5214	4.38761
5216	4.38729
5218	4.38784
5220	4.38781
5222	4.38715
5224	4.38517
5226	4.38492
5228	4.38628
5230	4.38893
5232	4.38764
5234	4.38666
5236	4.38548
5238	4.38521
5240	4.38504
5242	4.38385
5244	4.38656
5246	4.38757
5248	4.38619
5250	4.38601
5252	4.38503
5254	4.38585
5256	4.38789
5258	4.38813
5260	4.38872
5262	4.38743
5264	4.3884
5266	4.38818
5268	4.38771
5270	4.38731
5272	4.38722
5274	4.38637
5276	4.38579
5278	4.38581
5280	4.38579
5282	4.38637
5284	4.38504
5286	4.38281
5288	4.38461
5290	4.38436
5292	4.38382
5294	4.38511
5296	4.38405
5298	4.38382
5300	4.38361
5302	4.3839
5304	4.38406
5306	4.38445
5308	4.38314
5310	4.38373
5312	4.38574
5314	4.38575
5316	4.38489
5318	4.38456
5320	4.38565
5322	4.38709
5324	4.38672
5326	4.38557
5328	4.38434
5330	4.38391
5332	4.38495
5334	4.38175
5336	4.38182
5338	4.38253
5340	4.38264
5342	4.38249
5344	4.3835
5346	4.38473
5348	4.38377
5350	4.3834
5352	4.38335
5354	4.38573
5356	4.38586
5358	4.38479
5360	4.38558
5362	4.38357
5364	4.38209
5366	4.38223
5368	4.3817
5370	4.38154
5372	4.3805
5374	4.38136
5376	4.38099
5378	4.38209
5380	4.38405
5382	4.38306
5384	4.38061
5386	4.38101
5388	4.38031
5390	4.38117
5392	4.38303
5394	4.38219
5396	4.38059
5398	4.38065
5400	4.38053
5402	4.38005
5404	4.38202
5406	4.38126
5408	4.38172
5410	4.38186
5412	4.38029
5414	4.3788
5416	4.37888
5418	4.38054
5420	4.38131
5422	4.37999
5424	4.37837
5426	4.37916
5428	4.37873
5430	4.37879
5432	4.38199
5434	4.38087
5436	4.38061
5438	4.38154
5440	4.38073
5442	4.38081
5444	4.3806
5446	4.38164
5448	4.38299
5450	4.38226
5452	4.38045
5454	4.37991
5456	4.38065
5458	4.37976
5460	4.37872
5462	4.3787
5464	4.38
5466	4.38026
5468	4.38082
5470	4.38034
5472	4.37964
5474	4.37943
5476	4.37971
5478	4.37914
5480	4.37928
5482	4.37771
5484	4.37928
5486	4.3796
5488	4.37852
5490	4.37883
5492	4.37906
5494	4.37948
5496	4.37931
5498	4.37765
5500	4.38003
5502	4.38054
5504	4.37682
5506	4.37646
5508	4.37773
5510	4.37689
5512	4.37682
5514	4.37642
5516	4.3769
5518	4.37796
5520	4.37638
5522	4.37721
5524	4.37687
5526	4.37796
5528	4.3763
5530	4.37251
5532	4.36909
5534	4.36813
5536	4.36692
5538	4.3663
5540	4.36644
5542	4.36542
5544	4.36229
5546	4.36141
5548	4.36058
5550	4.3607
5552	4.36079
5554	4.36092
5556	4.36195
5558	4.3647
5560	4.36673
5562	4.36847
5564	4.37133
5566	4.37238
5568	4.37443
5570	4.37472
5572	4.37411
5574	4.37516
5576	4.37526
5578	4.37524
5580	4.37742
5582	4.37783
5584	4.3761
5586	4.37609
5588	4.37589
5590	4.37586
5592	4.37327
5594	4.37374
5596	4.37616
5598	4.37632
5600	4.376
5602	4.3778
5604	4.3773
5606	4.37469
5608	4.37337
5610	4.37317
5612	4.375
5614	4.37496
5616	4.37329
5618	4.37263
5620	4.37081
5622	4.37036
5624	4.37176
5626	4.37233
5628	4.3727
5630	4.37397
5632	4.37492
5634	4.37462
5636	4.37417
5638	4.37411
5640	4.37317
5642	4.3729
5644	4.37196
5646	4.37104
5648	4.3707
5650	4.37248
5652	4.37458
5654	4.37422
5656	4.37227
5658	4.37105
5660	4.37137
5662	4.37252
5664	4.37338
5666	4.37316
5668	4.37294
5670	4.37331
5672	4.37281
5674	4.37404
5676	4.37303
5678	4.37116
5680	4.37044
5682	4.37122
5684	4.37186
5686	4.37318
5688	4.37208
5690	4.37175
5692	4.3715
5694	4.36928
5696	4.36976
5698	4.37006
5700	4.36897
5702	4.37104
5704	4.37368
5706	4.37374
5708	4.37403
5710	4.37257
5712	4.37367
5714	4.37379
5716	4.37227
5718	4.37183
5720	4.36989
5722	4.36949
5724	4.37116
5726	4.37222
5728	4.37065
5730	4.36938
5732	4.36805
5734	4.36968
5736	4.37064
5738	4.36938
5740	4.36918
5742	4.3691
5744	4.36887
5746	4.36732
5748	4.36789
5750	4.36905
5752	4.36947
5754	4.36999
5756	4.37021
5758	4.36887
5760	4.36614
5762	4.36822
5764	4.36997
5766	4.36992
5768	4.37013
5770	4.37191
5772	4.37056
5774	4.36877
5776	4.36768
5778	4.36748
5780	4.36713
5782	4.36779
5784	4.36933
5786	4.36789
5788	4.36908
5790	4.36827
5792	4.36828
5794	4.36836
5796	4.36693
5798	4.36539
5800	4.36498
5802	4.36518
5804	4.36582
5806	4.36782
5808	4.36736
5810	4.36728
5812	4.36747
5814	4.36805
5816	4.36768
5818	4.36633
5820	4.36617
5822	4.36802
5824	4.36779
5826	4.36742
5828	4.36637
5830	4.36661
5832	4.36821
5834	4.36653
5836	4.36456
5838	4.3659
5840	4.36489
5842	4.3641
5844	4.36482
5846	4.36658
5848	4.36712
5850	4.36687
5852	4.36503
5854	4.36524
5856	4.36618
5858	4.36481
5860	4.36381
5862	4.36349
5864	4.36556
5866	4.3651
5868	4.36538
5870	4.36585
5872	4.36625
5874	4.36772
5876	4.36588
5878	4.36713
5880	4.36679
5882	4.36623
5884	4.36656
5886	4.36465
5888	4.36397
5890	4.3643
5892	4.36442
5894	4.36205
5896	4.36293
5898	4.36388
5900	4.36591
5902	4.36507
5904	4.36265
5906	4.36218
5908	4.3621
5910	4.36173
5912	4.36262
5914	4.36321
5916	4.36349
5918	4.36323
5920	4.36407
5922	4.36338
5924	4.36347
5926	4.36367
5928	4.36371
5930	4.36508
5932	4.3649
5934	4.36525
5936	4.3653
5938	4.36567
5940	4.36483
5942	4.36491
5944	4.36455
5946	4.36294
5948	4.36137
5950	4.36133
5952	4.36071
5954	4.35975
5956	4.36024
5958	4.36081
5960	4.36189
5962	4.36362
5964	4.36136
5966	4.36136
5968	4.36146
5970	4.36195
5972	4.36248
5974	4.36127
5976	4.36033
5978	4.36043
5980	4.3598
5982	4.35907
5984	4.35836
5986	4.35829
5988	4.36002
5990	4.36024
5992	4.35952
5994	4.35931
5996	4.36134
5998	4.3624
6000	4.36106
6002	4.36018
6004	4.36167
6006	4.36062
6008	4.36137
6010	4.36282
6012	4.36217
6014	4.36251
6016	4.36174
6018	4.36102
6020	4.36122
6022	4.36133
6024	4.36143
6026	4.3605
6028	4.35822
6030	4.35657
6032	4.35817
6034	4.35837
6036	4.35821
6038	4.35811
6040	4.3585
6042	4.35816
6044	4.35753
6046	4.35737
6048	4.35846
6050	4.35816
6052	4.35751
6054	4.3579
6056	4.35783
6058	4.35828
6060	4.35718
6062	4.35614
6064	4.35747
6066	4.35683
6068	4.35796
6070	4.35894
6072	4.35868
6074	4.35954
6076	4.36057
6078	4.36086
6080	4.36044
6082	4.35886
6084	4.35955
6086	4.36027
6088	4.35919
6090	4.35935
6092	4.35869
6094	4.35791
6096	4.35679
6098	4.35709
6100	4.35783
6102	4.35623
6104	4.35505
6106	4.35835
6108	4.36074
6110	4.35757
6112	4.35583
6114	4.35514
6116	4.357
6118	4.35881
6120	4.35904
6122	4.35909
6124	4.35754
6126	4.35499
6128	4.3526
6130	4.35023
6132	4.34928
6134	4.34732
6136	4.34745
6138	4.34543
6140	4.34335
6142	4.34255
6144	4.34287
6146	4.34287
6148	4.34207
6150	4.34139
6152	4.33941
6154	4.33956
6156	4.34074
6158	4.34397
6160	4.34775
6162	4.34912
6164	4.35009
6166	4.35059
6168	4.35096
6170	4.35197
6172	4.35232
6174	4.35132
6176	4.35108
6178	4.35368
6180	4.35507
6182	4.35599
6184	4.35652
6186	4.356
6188	4.35622
6190	4.35543
6192	4.35538
6194	4.3556
6196	4.35405
6198	4.35358
6200	4.35341
6202	4.35325
6204	4.35263
6206	4.35121
6208	4.35029
6210	4.3505
6212	4.34953
6214	4.34942
6216	4.35156
6218	4.35214
6220	4.35222
6222	4.35135
6224	4.3536
6226	4.35217
6228	4.35269
6230	4.35342
6232	4.35347
6234	4.35248
6236	4.3515
6238	4.35231
6240	4.35309
6242	4.35367
6244	4.35364
6246	4.3522
6248	4.35007
6250	4.34801
6252	4.34976
6254	4.35094
6256	4.35098
6258	4.35215
6260	4.35106
6262	4.35004
6264	4.34961
6266	4.35049
6268	4.35098
6270	4.35203
6272	4.35218
6274	4.35046
6276	4.3492
6278	4.35119
6280	4.35077
6282	4.34946
6284	4.34877
6286	4.35002
6288	4.34968
6290	4.34847
6292	4.34945
6294	4.34934
6296	4.34787
6298	4.3467
6300	4.34836
6302	4.34953
6304	4.34907
6306	4.34954
6308	4.34842
6310	4.34714
6312	4.34898
6314	4.34993
6316	4.34957
6318	4.34989
6320	4.34992
6322	4.34955
6324	4.34897
6326	4.35018
6328	4.35042
6330	4.34878
6332	4.34861
6334	4.34957
6336	4.34884
6338	4.34898
6340	4.3492
6342	4.3502
6344	4.35
6346	4.35145
6348	4.35189
6350	4.35144
6352	4.34922
6354	4.34721
6356	4.3483
6358	4.34861
6360	4.34758
6362	4.34637
6364	4.34573
6366	4.34627
6368	4.34629
6370	4.346
6372	4.34379
6374	4.34405
6376	4.34592
6378	4.34701
6380	4.34637
6382	4.34644
6384	4.3473
6386	4.34849
6388	4.34773
6390	4.34611
6392	4.34577
6394	4.3461
6396	4.34668
6398	4.34682
6400	4.3458
6402	4.34563
6404	4.34551
6406	4.34562
6408	4.34639
6410	4.34673
6412	4.34636
6414	4.34685
6416	4.34786
6418	4.34654
6420	4.3465
6422	4.34756
6424	4.34804
6426	4.34667
6428	4.34504
6430	4.34486
6432	4.34466
6434	4.34476
6436	4.34495
6438	4.34579
6440	4.34604
6442	4.34496
6444	4.3435
6446	4.34378
6448	4.34277
6450	4.34239
6452	4.34303
6454	4.34261
6456	4.33991
6458	4.34175
6460	4.34447
6462	4.34192
6464	4.34343
6466	4.34498
6468	4.34483
6470	4.34345
6472	4.34421
6474	4.34618
6476	4.34578
6478	4.34214
6480	4.3417
6482	4.34153
6484	4.34247
6486	4.34344
6488	4.34337
6490	4.34236
6492	4.34403
6494	4.34567
6496	4.34511
6498	4.34401
6500	4.34432
6502	4.34396
6504	4.34206
6506	4.34128
6508	4.34421
6510	4.34464
6512	4.34382
6514	4.34299
6516	4.34361
6518	4.34428
6520	4.34214
6522	4.34143
6524	4.3414
6526	4.34197
6528	4.34127
6530	4.34086
6532	4.34105
6534	4.34082
6536	4.34033
6538	4.34188
6540	4.34386
6542	4.34069
6544	4.33918
6546	4.34059
6548	4.34102
6550	4.34159
6552	4.34239
6554	4.34157
6556	4.34066
6558	4.33971
6560	4.33988
6562	4.34136
6564	4.34189
6566	4.34085
6568	4.34214
6570	4.34436
6572	4.34218
6574	4.34201
6576	4.34158
6578	4.34145
6580	4.34214
6582	4.34256
6584	4.34121
6586	4.33968
6588	4.33709
6590	4.33802
6592	4.33899
6594	4.33976
6596	4.33967
6598	4.3395
6600	4.34039
6602	4.3424
6604	4.34205
6606	4.33984
6608	4.3388
6610	4.34047
6612	4.33984
6614	4.33984
6616	4.33994
6618	4.33837
6620	4.33834
6622	4.33739
6624	4.33627
6626	4.33757
6628	4.33857
6630	4.33769
6632	4.3388
6634	4.33931
6636	4.34
6638	4.33876
6640	4.33667
6642	4.33607
6644	4.33543
6646	4.3368
6648	4.33749
6650	4.3366
6652	4.33629
6654	4.33784
6656	4.33821
6658	4.3404
6660	4.34016
6662	4.33906
6664	4.33843
6666	4.33857
6668	4.33962
6670	4.33896
6672	4.33668
6674	4.33519
6676	4.33567
6678	4.33672
6680	4.33708
6682	4.33688
6684	4.3369
6686	4.33783
6688	4.3391
6690	4.3385
6692	4.33709
6694	4.33616
6696	4.33523
6698	4.33504
6700	4.33514
6702	4.33589
6704	4.33659
6706	4.33561
6708	4.33525
6710	4.33577
6712	4.33746
6714	4.3373
6716	4.33692
6718	4.33688
6720	4.33573
6722	4.33503
6724	4.33454
6726	4.3359
6728	4.33542
6730	4.33151
6732	4.32861
6734	4.32651
6736	4.32571
6738	4.32534
6740	4.32585
6742	4.32299
6744	4.32119
6746	4.31952
6748	4.31788
6750	4.31792
6752	4.3181
6754	4.31911
6756	4.31913
6758	4.3209
6760	4.32366
6762	4.32604
6764	4.32665
6766	4.32733
6768	4.32934
6770	4.33138
6772	4.33122
6774	4.33025
6776	4.32979
6778	4.32911
6780	4.32943
6782	4.33073
6784	4.33127
6786	4.33057
6788	4.33061
6790	4.33269
6792	4.33324
6794	4.33234
6796	4.33162
6798	4.32964
6800	4.33013
6802	4.33032
6804	4.32954
6806	4.32819
6808	4.32849
6810	4.33012
6812	4.32909
6814	4.32977
6816	4.3312
6818	4.33085
6820	4.33072
6822	4.33115
6824	4.33028
6826	4.33062
6828	4.33148
6830	4.33005
6832	4.32909
6834	4.32997
6836	4.32985
6838	4.32885
6840	4.32773
6842	4.32765
6844	4.32716
6846	4.32727
6848	4.33005
6850	4.33057
6852	4.33075
6854	4.3321
6856	4.33233
6858	4.33069
6860	4.32889
6862	4.33078
6864	4.33093
6866	4.33039
6868	4.33136
6870	4.33026
6872	4.32742
6874	4.32732
6876	4.32698
6878	4.32668
6880	4.32705
6882	4.32724
6884	4.32808
6886	4.32723
6888	4.32617
6890	4.32649
6892	4.32594
6894	4.32741
6896	4.32722
6898	4.32625
6900	4.32671
6902	4.32693
6904	4.32847
6906	4.32704
6908	4.32446
6910	4.32468
6912	4.3264
6914	4.32655
6916	4.32776
6918	4.32714
6920	4.32447
6922	4.32432
6924	4.3234
6926	4.32333
6928	4.32506
6930	4.32603
6932	4.32608
6934	4.32666
6936	4.32578
6938	4.32552
6940	4.32524
6942	4.32493
6944	4.32503
6946	4.32404
6948	4.32396
6950	4.32489
6952	4.32491
6954	4.32473
6956	4.32218
6958	4.3217
6960	4.32198
6962	4.32356
6964	4.3238
6966	4.32402
6968	4.32436
6970	4.32557
6972	4.32619
6974	4.32655
6976	4.32503
6978	4.32251
6980	4.32074
6982	4.32222
6984	4.32202
6986	4.32216
6988	4.32268
6990	4.32141
6992	4.32235
6994	4.32513
6996	4.32471
6998	4.32506
7000	4.32452
7002	4.3225
7004	4.32228
7006	4.32317
7008	4.32234
7010	4.32243
7012	4.32342
7014	4.32307
7016	4.32385
7018	4.32302
7020	4.32153
7022	4.32155
7024	4.32187
7026	4.32207
7028	4.32228
7030	4.3226
7032	4.32248
7034	4.32262
7036	4.32237
7038	4.32169
7040	4.32042
7042	4.31734
7044	4.31725
7046	4.3169
7048	4.31695
7050	4.31867
7052	4.31836
7054	4.3194
7056	4.31819
7058	4.31842
7060	4.31997
7062	4.32198
7064	4.32088
7066	4.32051
7068	4.32074
7070	4.32058
7072	4.32053
7074	4.31997
7076	4.31861
7078	4.31964
7080	4.32223
7082	4.32211
7084	4.32192
7086	4.32241
7088	4.32316
7090	4.32392
7092	4.32505
7094	4.32303
7096	4.32152
7098	4.32199
7100	4.32108
7102	4.32147
7104	4.32146
7106	4.31983
7108	4.31701
7110	4.31835
7112	4.31926
7114	4.31982
7116	4.3208
7118	4.32027
7120	4.31845
7122	4.31769
7124	4.31647
7126	4.31674
7128	4.31659
7130	4.31749
7132	4.31749
7134	4.31639
7136	4.31692
7138	4.31824
7140	4.31641
7142	4.31616
7144	4.31721
7146	4.31748
7148	4.31822
7150	4.31905
7152	4.31899
7154	4.31892
7156	4.31885
7158	4.31654
7160	4.31612
7162	4.31704
7164	4.31862
7166	4.31748
7168	4.31749
7170	4.31609
7172	4.31596
7174	4.31458
7176	4.31484
7178	4.31419
7180	4.31506
7182	4.31541
7184	4.3162
7186	4.31734
7188	4.31816
7190	4.31739
7192	4.31677
7194	4.31666
7196	4.31664
7198	4.31653
7200	4.31826
7202	4.31747
7204	4.31639
7206	4.31516
7208	4.31583
7210	4.31623
7212	4.3162
7214	4.31567
7216	4.31485
7218	4.31351
7220	4.31409
7222	4.31371
7224	4.31511
7226	4.31574
7228	4.31571
7230	4.31504
7232	4.31637
7234	4.31507
7236	4.31427
7238	4.31531
7240	4.31509
7242	4.31257
7244	4.31279
7246	4.31246
7248	4.31192
7250	4.31225
7252	4.31336
7254	4.31402
7256	4.31297
7258	4.3122
7260	4.31265
7262	4.31249
7264	4.31348
7266	4.31302
7268	4.31124
7270	4.3122
7272	4.31271
7274	4.31234
7276	4.31227
7278	4.31228
7280	4.31179
7282	4.31066
7284	4.31041
7286	4.31092
7288	4.31256
7290	4.31198
7292	4.30974
7294	4.30876
7296	4.30903
7298	4.30975
7300	4.31138
7302	4.31248
7304	4.31238
7306	4.31232
7308	4.31272
7310	4.3129
7312	4.31315
7314	4.31314
7316	4.31271
7318	4.31208
7320	4.31088
7322	4.31105
7324	4.31201
7326	4.31171
7328	4.31014
7330	4.30719
7332	4.30506
7334	4.30284
7336	4.30161
7338	4.30029
7340	4.29848
7342	4.29731
7344	4.29644
7346	4.29558
7348	4.29446
7350	4.29489
7352	4.2955
7354	4.29617
7356	4.297
7358	4.29932
7360	4.30198
7362	4.30456
7364	4.30623
7366	4.30488
7368	4.30406
7370	4.30412
7372	4.30533
7374	4.30654
7376	4.30826
7378	4.30839
7380	4.30869
7382	4.30841
7384	4.30806
7386	4.30965
7388	4.30642
7390	4.30602
7392	4.30858
7394	4.30952
7396	4.30984
7398	4.3101
7400	4.30927
7402	4.30808
7404	4.30635
7406	4.30498
7408	4.30525
7410	4.3058
7412	4.30586
7414	4.30688
7416	4.30889
7418	4.30626
7420	4.3039
7422	4.30541
7424	4.30558
7426	4.30628
7428	4.307
7430	4.308
7432	4.30635
7434	4.30414
7436	4.30599
7438	4.30591
7440	4.30662
7442	4.30746
7444	4.30547
7446	4.30574
7448	4.3056
7450	4.30486
7452	4.30406
7454	4.3026
7456	4.30391
7458	4.30434
7460	4.30294
7462	4.30501
7464	4.30423
7466	4.30415
7468	4.30422
7470	4.3042
7472	4.30378
7474	4.30576
7476	4.3064
7478	4.3055
7480	4.30483
7482	4.30477
7484	4.30449
7486	4.30425
7488	4.30383
7490	4.30377
7492	4.30534
7494	4.30835
7496	4.3086
7498	4.30769
7500	4.30687
7502	4.30499
7504	4.30314
7506	4.30283
7508	4.30416
7510	4.30292
7512	4.30286
7514	4.3031
7516	4.30401
7518	4.30389
7520	4.30284
7522	4.30197
7524	4.30191
7526	4.30228
7528	4.30409
7530	4.30311
7532	4.30217
7534	4.30472
7536	4.30395
7538	4.30363
7540	4.30267
7542	4.30267
7544	4.30263
7546	4.30344
7548	4.30336
7550	4.30406
7552	4.3027
7554	4.30249
7556	4.29899
7558	4.29929
7560	4.30142
7562	4.30248
7564	4.3012
7566	4.29961
7568	4.30186
7570	4.30321
7572	4.30434
7574	4.30133
7576	4.30069
7578	4.30089
7580	4.30083
7582	4.30057
7584	4.30142
7586	4.3022
7588	4.3003
7590	4.30175
7592	4.30086
7594	4.30091
7596	4.30128
7598	4.30124
7600	4.30009
7602	4.29982
7604	4.29971
7606	4.29929
7608	4.29811
7610	4.29801
7612	4.30015
7614	4.30249
7616	4.3006
7618	4.29843
7620	4.2994
7622	4.29945
7624	4.299
7626	4.29786
7628	4.29817
7630	4.29824
7632	4.29997
7634	4.30038
7636	4.2986
7638	4.29845
7640	4.29962
7642	4.29993
7644	4.29786
7646	4.29666
7648	4.29528
7650	4.29565
7652	4.29704
7654	4.29713
7656	4.29789
7658	4.29841
7660	4.29837
7662	4.29843
7664	4.29827
7666	4.2979
7668	4.29708
7670	4.29641
7672	4.29699
7674	4.29832
7676	4.29629
7678	4.29541
7680	4.29555
7682	4.29643
7684	4.29773
7686	4.29695
7688	4.29485
7690	4.29594
7692	4.29636
7694	4.29655
7696	4.29574
7698	4.29458
7700	4.29551
7702	4.2966
7704	4.29555
7706	4.29335
7708	4.29554
7710	4.29545
7712	4.2964
7714	4.29512
7716	4.29351
7718	4.29308
7720	4.2959
7722	4.29679
7724	4.29674
7726	4.29818
7728	4.29702
7730	4.29587
7732	4.2972
7734	4.29545
7736	4.29427
7738	4.295
7740	4.29521
7742	4.29509
7744	4.29607
7746	4.29395
7748	4.29214
7750	4.29284
7752	4.29353
7754	4.29257
7756	4.29076
7758	4.2918
7760	4.29242
7762	4.29174
7764	4.2903
7766	4.29069
7768	4.29188
7770	4.29333
7772	4.29257
7774	4.29218
7776	4.29274
7778	4.29447
7780	4.29407
7782	4.29421
7784	4.29434
7786	4.29456
7788	4.29508
7790	4.2937
7792	4.29584
7794	4.29551
7796	4.29457
7798	4.29513
7800	4.2925
7802	4.29068
7804	4.29048
7806	4.28903
7808	4.29167
7810	4.29261
7812	4.29193
7814	4.29004
7816	4.29089
7818	4.29154
7820	4.29038
7822	4.28913
7824	4.28886
7826	4.28986
7828	4.28938
7830	4.28833
7832	4.28676
7834	4.28704
7836	4.28891
7838	4.28994
7840	4.2907
7842	4.28965
7844	4.28858
7846	4.28827
7848	4.28859
7850	4.28903
7852	4.28988
7854	4.28991
7856	4.29195
7858	4.29109
7860	4.28959
7862	4.29163
7864	4.29212
7866	4.29229
7868	4.29037
7870	4.28885
7872	4.2867
7874	4.28575
7876	4.28672
7878	4.28903
7880	4.28934
7882	4.28988
7884	4.28898
7886	4.28902
7888	4.28831
7890	4.28735
7892	4.28838
7894	4.28926
7896	4.28848
7898	4.28687
7900	4.28678
7902	4.28888
7904	4.28952
7906	4.29027
7908	4.28918
7910	4.28698
7912	4.28639
7914	4.28813
7916	4.28895
7918	4.28731
7920	4.28658
7922	4.28532
7924	4.28481
7926	4.28282
7928	4.28268
7930	4.28067
7932	4.27541
7934	4.27372
7936	4.27386
7938	4.27226
7940	4.27122
7942	4.27208
7944	4.27193
7946	4.27251
7948	4.2732
7950	4.27253
7952	4.26968
7954	4.26932
7956	4.27135
7958	4.27211
7960	4.27301
7962	4.27479
7964	4.2758
7966	4.27904
7968	4.28111
7970	4.28136
7972	4.28158
7974	4.28266
7976	4.28288
7978	4.28467
7980	4.28401
7982	4.28356
7984	4.28456
7986	4.28344
7988	4.28259
7990	4.28089
7992	4.28227
7994	4.28135
7996	4.28036
7998	4.28144
8000	4.28264
8002	4.28189
8004	4.27997
8006	4.27964
8008	4.28102
8010	4.2813
8012	4.28149
8014	4.28088
8016	4.28213
8018	4.28371
8020	4.28336
8022	4.28403
8024	4.2825
8026	4.28048
8028	4.28226
8030	4.28327
8032	4.28228
8034	4.28048
8036	4.27949
8038	4.28056
8040	4.28183
8042	4.28164
8044	4.28016
8046	4.27956
8048	4.27925
8050	4.27937
8052	4.28048
8054	4.27874
8056	4.27874
8058	4.2788
8060	4.27748
8062	4.27779
8064	4.27864
8066	4.27637
8068	4.27679
8070	4.27732
8072	4.27605
8074	4.27809
8076	4.27917
8078	4.27703
8080	4.27638
8082	4.27747
8084	4.2783
8086	4.27938
8088	4.27875
8090	4.27813
8092	4.27645
8094	4.27668
8096	4.27871
8098	4.27998
8100	4.27975
8102	4.27772
8104	4.27658
8106	4.27767
8108	4.27665
8110	4.2755
8112	4.27596
8114	4.27816
8116	4.27768
8118	4.27778
8120	4.27593
8122	4.27462
8124	4.27589
8126	4.27694
8128	4.2771
8130	4.27703
8132	4.2776
8134	4.27745
8136	4.27616
8138	4.27641
8140	4.27505
8142	4.2751
8144	4.27453
8146	4.27442
8148	4.27479
8150	4.27653
8152	4.27483
8154	4.27292
8156	4.27503
8158	4.27604
8160	4.2751
8162	4.27429
8164	4.27274
8166	4.27421
8168	4.27514
8170	4.27629
8172	4.27677
8174	4.27495
8176	4.27442
8178	4.27463
8180	4.27389
8182	4.27419
8184	4.27486
8186	4.27277
8188	4.27109
8190	4.2709
8192	4.27152
8194	4.27288
8196	4.2714
8198	4.2726
8200	4.27509
8202	4.27703
8204	4.27798
8206	4.27731
8208	4.27673
8210	4.27706
8212	4.27595
8214	4.27492
8216	4.27599
8218	4.27713
8220	4.27448
8222	4.27294
8224	4.27135
8226	4.27099
8228	4.27078
8230	4.2713
8232	4.2722
8234	4.27304
8236	4.27108
8238	4.27208
8240	4.27374
8242	4.27244
8244	4.27238
8246	4.27292
8248	4.27231
8250	4.27149
8252	4.27168
8254	4.27197
8256	4.27289
8258	4.27259
8260	4.27228
8262	4.27077
8264	4.27199
8266	4.27191
8268	4.26938
8270	4.26706
8272	4.26832
8274	4.27199
8276	4.27205
8278	4.27114
8280	4.27046
8282	4.26922
8284	4.27
8286	4.26907
8288	4.26852
8290	4.26734
8292	4.26699
8294	4.26787
8296	4.26911
8298	4.26998
8300	4.26955
8302	4.26938
8304	4.26978
8306	4.26939
8308	4.27031
8310	4.26992
8312	4.26928
8314	4.26954
8316	4.26854
8318	4.26609
8320	4.26683
8322	4.2671
8324	4.26767
8326	4.26659
8328	4.26671
8330	4.26816
8332	4.27059
8334	4.27024
8336	4.26862
8338	4.26819
8340	4.26968
8342	4.27195
8344	4.27082
8346	4.26769
8348	4.26656
8350	4.2678
8352	4.26901
8354	4.26792
8356	4.26762
8358	4.2657
8360	4.26546
8362	4.26664
8364	4.26696
8366	4.26668
8368	4.26728
8370	4.26724
8372	4.26515
8374	4.26434
8376	4.26378
8378	4.26445
8380	4.26583
8382	4.2656
8384	4.26382
8386	4.26395
8388	4.26389
8390	4.26462
8392	4.2635
8394	4.26545
8396	4.26666
8398	4.26539
8400	4.26386
8402	4.26414
8404	4.26598
8406	4.26753
8408	4.26637
8410	4.2647
8412	4.26391
8414	4.26563
8416	4.2675
8418	4.26612
8420	4.26626
8422	4.26735
8424	4.26595
8426	4.26452
8428	4.26357
8430	4.26395
8432	4.26458
8434	4.26246
8436	4.26323
8438	4.26338
8440	4.26302
8442	4.26393
8444	4.26309
8446	4.26231
8448	4.26274
8450	4.26267
8452	4.26217
8454	4.26129
8456	4.26035
8458	4.26245
8460	4.26427
8462	4.26522
8464	4.26463
8466	4.26236
8468	4.26096
8470	4.2613
8472	4.26234
8474	4.26284
8476	4.26183
8478	4.26249
8480	4.26407
8482	4.26238
8484	4.2608
8486	4.26286
8488	4.26168
8490	4.25971
8492	4.25919
8494	4.25824
8496	4.26013
8498	4.26077
8500	4.26213
8502	4.26148
8504	4.2605
8506	4.26119
8508	4.26225
8510	4.26173
8512	4.26079
8514	4.26068
8516	4.26178
8518	4.26088
8520	4.25936
8522	4.25893
8524	4.25864
8526	4.26134
8528	4.25955
8530	4.25586
8532	4.25295
8534	4.2517
8536	4.25242
8538	4.2516
8540	4.24873
8542	4.24708
8544	4.24587
8546	4.24497
8548	4.24474
8550	4.24419
8552	4.24508
8554	4.24488
8556	4.24334
8558	4.24486
8560	4.2479
8562	4.25013
8564	4.2512
8566	4.25403
8568	4.25688
8570	4.25506
8572	4.25362
8574	4.25507
8576	4.25717
8578	4.25639
8580	4.25516
8582	4.25571
8584	4.25528
8586	4.25354
8588	4.25602
8590	4.25659
8592	4.25595
8594	4.25561
8596	4.25573
8598	4.25523
8600	4.25325
8602	4.25268
8604	4.25335
8606	4.25218
8608	4.25258
8610	4.25254
8612	4.25134
8614	4.25271
8616	4.25375
8618	4.25287
8620	4.25383
8622	4.25392
8624	4.25343
8626	4.25451
8628	4.25308
8630	4.25112
8632	4.2524
8634	4.25349
8636	4.2533
8638	4.25446
8640	4.25606
8642	4.25733
8644	4.25732
8646	4.25714
8648	4.25669
8650	4.25564
8652	4.25244
8654	4.2523
8656	4.25276
8658	4.25213
8660	4.25166
8662	4.25137
8664	4.25194
8666	4.25237
8668	4.25067
8670	4.25079
8672	4.25234
8674	4.25127
8676	4.24928
8678	4.24799
8680	4.24775
8682	4.24995
8684	4.25042
8686	4.24923
8688	4.2497
8690	4.25016
8692	4.24998
8694	4.25023
8696	4.25168
8698	4.25139
8700	4.24781
8702	4.24863
8704	4.25018
8706	4.25113
8708	4.25161
8710	4.25196
8712	4.25103
8714	4.25061
8716	4.24869
8718	4.24909
8720	4.25068
8722	4.25086
8724	4.25071
8726	4.25056
8728	4.25166
8730	4.25019
8732	4.25047
8734	4.25
8736	4.25046
8738	4.24912
8740	4.24879
8742	4.2494
8744	4.248
8746	4.24758
8748	4.24775
8750	4.24713
8752	4.24592
8754	4.24565
8756	4.24707
8758	4.24846
8760	4.2511
8762	4.24965
8764	4.24783
8766	4.24741
8768	4.24902
8770	4.24878
8772	4.25001
8774	4.25105
8776	4.24892
8778	4.24692
8780	4.24632
8782	4.24608
8784	4.24719
8786	4.2476
8788	4.24819
8790	4.24832
8792	4.24652
8794	4.24566
8796	4.24608
8798	4.24758
8800	4.24805
8802	4.24774
8804	4.24962
8806	4.24916
8808	4.25013
8810	4.24872
8812	4.24769
8814	4.24704
8816	4.24712
8818	4.24706
8820	4.24641
8822	4.24642
8824	4.24516
8826	4.2456
8828	4.24426
8830	4.24307
8832	4.24407
8834	4.24338
8836	4.24262
8838	4.24217
8840	4.243
8842	4.24419
8844	4.2454
8846	4.24354
8848	4.24311
8850	4.24341
8852	4.24317
8854	4.24454
8856	4.24653
8858	4.24732
8860	4.24688
8862	4.24738
8864	4.24522
8866	4.243
8868	4.24152
8870	4.24173
8872	4.24306
8874	4.24454
8876	4.24554
8878	4.2436
8880	4.24273
8882	4.24194
8884	4.24217
8886	4.24104
8888	4.24138
8890	4.24133
8892	4.24184
8894	4.24316
8896	4.24447
8898	4.24429
8900	4.24386
8902	4.24451
8904	4.24348
8906	4.24391
8908	4.24252
8910	4.24114
8912	4.24256
8914	4.24278
8916	4.24144
8918	4.24038
8920	4.24075
8922	4.24075
8924	4.24052
8926	4.23865
8928	4.23845
8930	4.23964
8932	4.23926
8934	4.23885
8936	4.23984
8938	4.24046
8940	4.24085
8942	4.24035
8944	4.23837
8946	4.24035
8948	4.24075
8950	4.24152
8952	4.24161
8954	4.24189
8956	4.24241
8958	4.24202
8960	4.24003
8962	4.24134
8964	4.24339
8966	4.24319
8968	4.24246
8970	4.24153
8972	4.24078
8974	4.24056
8976	4.24005
8978	4.23732
8980	4.23671
8982	4.23831
8984	4.23808
8986	4.23923
8988	4.23967
8990	4.23959
8992	4.23937
8994	4.23808
8996	4.23764
8998	4.23816
9000	4.23775
9002	4.2371
9004	4.23578
9006	4.23711
9008	4.23841
9010	4.23762
9012	4.23805
9014	4.23809
9016	4.23822
9018	4.23821
9020	4.2389
9022	4.23942
9024	4.23961
9026	4.23694
9028	4.23638
9030	4.23639
9032	4.23614
9034	4.23646
9036	4.23395
9038	4.23566
9040	4.23639
9042	4.23678
9044	4.23732
9046	4.23656
9048	4.23539
9050	4.23506
9052	4.23607
9054	4.2353
9056	4.23606
9058	4.23563
9060	4.23413
9062	4.23576
9064	4.23602
9066	4.23443
9068	4.23343
9070	4.23585
9072	4.23484
9074	4.23458
9076	4.23612
9078	4.23625
9080	4.23516
9082	4.233
9084	4.23218
9086	4.23338
9088	4.23594
9090	4.23624
9092	4.235
9094	4.23363
9096	4.2339
9098	4.23448
9100	4.2342
9102	4.23383
9104	4.23355
9106	4.23327
9108	4.23505
9110	4.23561
9112	4.236
9114	4.23579
9116	4.23372
9118	4.23423
9120	4.23429
9122	4.23303
9124	4.23127
9126	4.23147
9128	4.23169
9130	4.22872
9132	4.22612
9134	4.22341
9136	4.22345
9138	4.22283
9140	4.22095
9142	4.21955
9144	4.21943
9146	4.21834
9148	4.21823
9150	4.21885
9152	4.21898
9154	4.21934
9156	4.21989
9158	4.22114
9160	4.22341
9162	4.22401
9164	4.22581
9166	4.22669
9168	4.22748
9170	4.22775
9172	4.22747
9174	4.23002
9176	4.22972
9178	4.22719
9180	4.22593
9182	4.22675
9184	4.22664
9186	4.22858
9188	4.22981
9190	4.22942
9192	4.22894
9194	4.22979
9196	4.23037
9198	4.22826
9200	4.2273
9202	4.22788
9204	4.22732
9206	4.22723
9208	4.22578
9210	4.22745
9212	4.22678
9214	4.22578
9216	4.22671
9218	4.22582
9220	4.22607
9222	4.22705
9224	4.2249
9226	4.22449
9228	4.22654
9230	4.22803
9232	4.22793
9234	4.22705
9236	4.22607
9238	4.2265
9240	4.22725
9242	4.22764
9244	4.22726
9246	4.22596
9248	4.22566
9250	4.22429
9252	4.2222
9254	4.22212
9256	4.22412
9258	4.22635
9260	4.22805
9262	4.22661
9264	4.22403
9266	4.22351
9268	4.22107
9270	4.22222
9272	4.22377
9274	4.22282
9276	4.2224
9278	4.22556
9280	4.22508
9282	4.22579
9284	4.22686
9286	4.22567
9288	4.22406
9290	4.22244
9292	4.22226
9294	4.2219
9296	4.22122
9298	4.22167
9300	4.22199
9302	4.22315
9304	4.22385
9306	4.22344
9308	4.22426
9310	4.22326
9312	4.22138
9314	4.22123
9316	4.22197
9318	4.22158
9320	4.22171
9322	4.22151
9324	4.22243
9326	4.2249
9328	4.22278
9330	4.22301
9332	4.22255
9334	4.22171
9336	4.2221
9338	4.2207
9340	4.2186
9342	4.21784
9344	4.21992
9346	4.22064
9348	4.22083
9350	4.2212
9352	4.22072
9354	4.22082
9356	4.21983
9358	4.21987
9360	4.22045
9362	4.21973
9364	4.21853
9366	4.21741
9368	4.21766
9370	4.21898
9372	4.22119
9374	4.22096
9376	4.21979
9378	4.21861
9380	4.21813
9382	4.2177
9384	4.21771
9386	4.21798
9388	4.21979
9390	4.21881
9392	4.21874
9394	4.21898
9396	4.21918
9398	4.21868
9400	4.21905
9402	4.22065
9404	4.22044
9406	4.21866
9408	4.21639
9410	4.2175
9412	4.21901
9414	4.2189
9416	4.21819
9418	4.21678
9420	4.2168
9422	4.21674
9424	4.21682
9426	4.21626
9428	4.21669
9430	4.2174
9432	4.21658
9434	4.21749
9436	4.2173
9438	4.21599
9440	4.21583
9442	4.2171
9444	4.2166
9446	4.21762
9448	4.21677
9450	4.21599
9452	4.21506
9454	4.21637
9456	4.21785
9458	4.21481
9460	4.21316
9462	4.21365
9464	4.21363
9466	4.21498
9468	4.21568
9470	4.21776
9472	4.21848
9474	4.2164
9476	4.21377
9478	4.21356
9480	4.21263
9482	4.21462
9484	4.21798
9486	4.21886
9488	4.2185
9490	4.21793
9492	4.21725
9494	4.2144
9496	4.2126
9498	4.21234
9500	4.21282
9502	4.21323
9504	4.21182
9506	4.21212
9508	4.21129
9510	4.21061
9512	4.2095
9514	4.21055
9516	4.21069
9518	4.21131
9520	4.21267
9522	4.21197
9524	4.21247
9526	4.21237
9528	4.21337
9530	4.21446
9532	4.21386
9534	4.21275
9536	4.21281
9538	4.21126
9540	4.21044
9542	4.21164
9544	4.2113
9546	4.21157
9548	4.21083
9550	4.21065
9552	4.21224
9554	4.21339
9556	4.21114
9558	4.21075
9560	4.21229
9562	4.21114
9564	4.21029
9566	4.20992
9568	4.20969
9570	4.21092
9572	4.20895
9574	4.20937
9576	4.21081
9578	4.21031
9580	4.21078
9582	4.21062
9584	4.21101
9586	4.21113
9588	4.2113
9590	4.21066
9592	4.21009
9594	4.21133
9596	4.2099
9598	4.21105
9600	4.21121
9602	4.2118
9604	4.21144
9606	4.21079
9608	4.21163
9610	4.21068
9612	4.209
9614	4.20896
9616	4.20985
9618	4.20919
9620	4.20741
9622	4.20675
9624	4.20485
9626	4.20589
9628	4.20757
9630	4.20734
9632	4.2072
9634	4.20809
9636	4.20814
9638	4.20856
9640	4.21039
9642	4.21064
9644	4.20788
9646	4.20773
9648	4.2089
9650	4.20934
9652	4.20747
9654	4.20608
9656	4.20638
9658	4.20614
9660	4.20587
9662	4.20616
9664	4.20704
9666	4.20748
9668	4.20521
9670	4.20437
9672	4.20601
9674	4.20738
9676	4.20563
9678	4.20356
9680	4.20449
9682	4.20589
9684	4.20393
9686	4.20376
9688	4.20477
9690	4.20394
9692	4.20304
9694	4.20289
9696	4.20276
9698	4.20267
9700	4.20524
9702	4.20499
9704	4.20532
9706	4.20529
9708	4.20375
9710	4.20457
9712	4.20478
9714	4.2045
9716	4.20389
9718	4.20229
9720	4.20317
9722	4.20472
9724	4.20503
9726	4.20449
9728	4.20314
9730	4.2006
9732	4.19842
9734	4.19726
9736	4.19531
9738	4.19393
9740	4.19345
9742	4.19211
9744	4.19126
9746	4.19011
9748	4.18992
9750	4.18852
9752	4.18749
9754	4.18793
9756	4.18856
9758	4.18865
9760	4.19177
9762	4.19578
9764	4.19619
9766	4.19621
9768	4.19751
9770	4.19978
9772	4.19973
9774	4.19765
9776	4.19887
9778	4.20058
9780	4.19922
9782	4.19918
9784	4.1988
9786	4.19762
9788	4.19679
9790	4.1967
9792	4.19649
9794	4.19775
9796	4.19817
9798	4.19857
9800	4.19878
9802	4.19842
9804	4.19684
9806	4.19806
9808	4.19905
9810	4.1983
9812	4.1979
9814	4.19851
9816	4.19775
9818	4.19586
9820	4.19689
9822	4.19673
9824	4.19769
9826	4.19817
9828	4.19954
9830	4.19875
9832	4.19707
9834	4.1963
9836	4.19745
9838	4.19663
9840	4.19551
9842	4.19352
9844	4.19325
9846	4.19289
9848	4.19383
9850	4.19428
9852	4.19598
9854	4.1952
9856	4.19676
9858	4.1964
9860	4.19514
9862	4.19424
9864	4.19422
9866	4.19368
9868	4.1948
9870	4.1951
9872	4.19541
9874	4.19595
9876	4.19422
9878	4.19498
9880	4.19394
9882	4.19298
9884	4.19275
9886	4.19363
9888	4.19359
9890	4.19305
9892	4.19222
9894	4.1916
9896	4.19082
9898	4.19099
9900	4.19135
9902	4.19162
9904	4.19375
9906	4.19483
9908	4.19217
9910	4.1916
9912	4.19228
9914	4.19072
9916	4.19185
9918	4.19506
9920	4.19323
9922	4.19215
9924	4.19282
9926	4.1922
9928	4.19204
9930	4.19368
9932	4.19357
9934	4.19282
9936	4.19124
9938	4.18969
9940	4.18926
9942	4.18983
9944	4.18892
9946	4.1886
9948	4.18873
9950	4.18996
9952	4.19219
9954	4.19254
9956	4.19108
9958	4.18907
9960	4.18854
9962	4.18904
9964	4.18918
9966	4.18967
9968	4.18963
9970	4.19041
9972	4.19093
9974	4.18948
9976	4.18767
9978	4.18701
9980	4.18766
9982	4.18978
9984	4.19048
9986	4.19023
9988	4.18885
9990	4.18747
9992	4.18686
9994	4.18741
9996	4.18938
9998	4.18946
10000	4.19006
10002	4.18916
10004	4.18763
10006	4.1867
10008	4.18704
10010	4.18931
10012	4.18916
10014	4.18669
10016	4.18874
10018	4.18886
10020	4.18725
10022	4.1871
10024	4.18818
10026	4.18643
10028	4.18619
10030	4.18609
10032	4.18593
10034	4.18555
10036	4.18511
10038	4.18459
10040	4.18384
10042	4.18507
10044	4.18712
10046	4.18762
10048	4.18647
10050	4.1886
10052	4.18719
10054	4.18637
10056	4.1863
10058	4.18544
10060	4.18629
10062	4.18766
10064	4.1874
10066	4.18785
10068	4.18681
10070	4.18598
10072	4.18508
10074	4.18357
10076	4.18503
10078	4.18408
10080	4.18334
10082	4.18403
10084	4.18386
10086	4.18334
10088	4.18265
10090	4.181
10092	4.18046
10094	4.18132
10096	4.18143
10098	4.18132
10100	4.18096
10102	4.18092
10104	4.18284
10106	4.18165
10108	4.18238
10110	4.1842
10112	4.18421
10114	4.18232
10116	4.18156
10118	4.1826
10120	4.18257
10122	4.18364
10124	4.18381
10126	4.18317
10128	4.18206
10130	4.18315
10132	4.18146
10134	4.18167
10136	4.18199
10138	4.18256
10140	4.18277
10142	4.18265
10144	4.18089
10146	4.18168
10148	4.18337
10150	4.18227
10152	4.18063
10154	4.18118
10156	4.18078
10158	4.1811
10160	4.18334
10162	4.18267
10164	4.18198
10166	4.18037
10168	4.18004
10170	4.1829
10172	4.18289
10174	4.18278
10176	4.18088
10178	4.17959
10180	4.18011
10182	4.18108
10184	4.18205
10186	4.18203
10188	4.18133
10190	4.18033
10192	4.17953
10194	4.17985
10196	4.17893
10198	4.17955
10200	4.17863
10202	4.17937
10204	4.18099
10206	4.1799
10208	4.17821
10210	4.17709
10212	4.17645
10214	4.17842
10216	4.17907
10218	4.17892
10220	4.17997
10222	4.18089
10224	4.179
10226	4.18018
10228	4.18006
10230	4.17863
10232	4.17756
10234	4.17703
10236	4.17557
10238	4.17527
10240	4.17615
10242	4.17696
10244	4.17883
10246	4.17898
10248	4.17868
10250	4.17812
10252	4.17671
10254	4.17774
10256	4.17751
10258	4.17647
10260	4.17363
10262	4.17395
10264	4.17471
10266	4.17322
10268	4.17284
10270	4.17448
10272	4.17486
10274	4.17408
10276	4.17412
10278	4.17533
10280	4.17417
10282	4.17345
10284	4.17336
10286	4.17394
10288	4.17542
10290	4.17512
10292	4.17504
10294	4.17645
10296	4.17585
10298	4.17496
10300	4.17485
10302	4.17555
10304	4.17591
10306	4.17568
10308	4.17552
10310	4.17541
10312	4.17586
10314	4.17525
10316	4.17425
10318	4.17315
10320	4.17307
10322	4.1731
10324	4.17417
10326	4.17304
10328	4.17183
10330	4.17091
10332	4.16941
10334	4.16738
10336	4.16508
10338	4.16387
10340	4.16267
10342	4.16042
10344	4.15966
10346	4.16003
10348	4.15753
10350	4.15642
10352	4.15876
10354	4.15757
10356	4.15793
10358	4.16019
10360	4.16286
10362	4.16374
10364	4.16366
10366	4.16346
10368	4.16472
10370	4.16565
10372	4.16556
10374	4.16792
10376	4.16883
10378	4.16808
10380	4.1669
10382	4.16787
10384	4.16774
10386	4.16699
10388	4.16563
10390	4.16543
10392	4.16653
10394	4.16776
10396	4.16662
10398	4.16668
10400	4.16798
10402	4.16783
10404	4.16819
10406	4.16848
10408	4.16782
10410	4.16812
10412	4.16661
10414	4.16632
10416	4.16562
10418	4.16381
10420	4.16454
10422	4.16436
10424	4.1637
10426	4.1641
10428	4.16481
10430	4.16608
10432	4.1662
10434	4.16479
10436	4.16486
10438	4.16461
10440	4.16566
10442	4.16428
10444	4.16522
10446	4.16522
10448	4.16375
10450	4.16353
10452	4.16398
10454	4.16442
10456	4.16488
10458	4.16447
10460	4.1635
10462	4.16437
10464	4.16524
10466	4.1636
10468	4.16268
10470	4.16183
10472	4.16251
10474	4.16296
10476	4.16232
10478	4.16156
10480	4.16106
10482	4.16007
10484	4.16065
10486	4.16171
10488	4.16145
10490	4.1622
10492	4.16055
10494	4.1619
10496	4.16419
10498	4.16544
10500	4.16597
10502	4.16412
10504	4.16284
10506	4.16265
10508	4.16226
10510	4.1618
10512	4.16094
10514	4.15991
10516	4.16136
10518	4.1618
10520	4.16266
10522	4.16327
10524	4.16361
10526	4.16354
10528	4.1635
10530	4.16249
10532	4.15975
10534	4.16046
10536	4.16124
10538	4.15903
10540	4.15865
10542	4.1598
10544	4.15972
10546	4.15876
10548	4.15946
10550	4.16011
10552	4.16001
10554	4.16076
10556	4.16098
10558	4.16092
10560	4.16053
10562	4.15995
10564	4.15866
10566	4.1584
10568	4.15925
10570	4.15952
10572	4.15798
10574	4.15856
10576	4.15824
10578	4.1573
10580	4.15825
10582	4.15975
10584	4.15964
10586	4.15909
10588	4.15904
10590	4.15633
10592	4.15715
10594	4.15646
10596	4.15489
10598	4.15693
10600	4.15855
10602	4.15826
10604	4.15744
10606	4.15632
10608	4.15665
10610	4.15661
10612	4.15555
10614	4.15667
10616	4.15715
10618	4.15728
10620	4.158
10622	4.15774
10624	4.1577
10626	4.15897
10628	4.1572
10630	4.15771
10632	4.1575
10634	4.15667
10636	4.15621
10638	4.15634
10640	4.15557
10642	4.1572
10644	4.15695
10646	4.15559
10648	4.15558
10650	4.15452
10652	4.15318
10654	4.15322
10656	4.15303
10658	4.1545
10660	4.15296
10662	4.15406
10664	4.15475
10666	4.15312
10668	4.15212
10670	4.15331
10672	4.154
10674	4.15373
10676	4.15287
10678	4.15138
10680	4.15083
10682	4.1508
10684	4.15285
10686	4.15404
10688	4.15408
10690	4.15348
10692	4.15284
10694	4.15328
10696	4.15353
10698	4.15448
10700	4.15296
10702	4.15143
10704	4.15194
10706	4.15272
10708	4.15299
10710	4.15176
10712	4.15319
10714	4.1539
10716	4.15306
10718	4.15245
10720	4.15151
10722	4.15056
10724	4.15184
10726	4.15301
10728	4.15201
10730	4.15019
10732	4.14923
10734	4.14884
10736	4.14943
10738	4.15087
10740	4.15092
10742	4.15146
10744	4.15248
10746	4.15332
10748	4.15131
10750	4.15
10752	4.14975
10754	4.15041
10756	4.14994
10758	4.14851
10760	4.14915
10762	4.14893
10764	4.15055
10766	4.15038
10768	4.14956
10770	4.14962
10772	4.15057
10774	4.15219
10776	4.15069
10778	4.14868
10780	4.1478
10782	4.14879
10784	4.15144
10786	4.1521
10788	4.15162
10790	4.14911
10792	4.14726
10794	4.14744
10796	4.14844
10798	4.14831
10800	4.14773
10802	4.14739
10804	4.14953
10806	4.14997
10808	4.15057
10810	4.15149
10812	4.15214
10814	4.15296
10816	4.15249
10818	4.1496
10820	4.14802
10822	4.14786
10824	4.14757
10826	4.14797
10828	4.14666
10830	4.14696
10832	4.14775
10834	4.14835
10836	4.14866
10838	4.14834
10840	4.14709
10842	4.14732
10844	4.14668
10846	4.14534
10848	4.14542
10850	4.14561
10852	4.14596
10854	4.14576
10856	4.14648
10858	4.14674
10860	4.14581
10862	4.14436
10864	4.14327
10866	4.14368
10868	4.1453
10870	4.14576
10872	4.14393
10874	4.14343
10876	4.14363
10878	4.14373
10880	4.14334
10882	4.14494
10884	4.14658
10886	4.14522
10888	4.14581
10890	4.14805
10892	4.148
10894	4.14817
10896	4.14837
10898	4.14873
10900	4.14746
10902	4.147
10904	4.14501
10906	4.14569
10908	4.14633
10910	4.14541
10912	4.14628
10914	4.14434
10916	4.14226
10918	4.1418
10920	4.14171
10922	4.14236
10924	4.1427
10926	4.14103
10928	4.14139
10930	4.14016
10932	4.13667
10934	4.13408
10936	4.13119
10938	4.13149
10940	4.13019
10942	4.12664
10944	4.1264
10946	4.12679
10948	4.12768
10950	4.12629
10952	4.12457
10954	4.12626
10956	4.12578
10958	4.12735
10960	4.13232
10962	4.13488
10964	4.13612
10966	4.1365
10968	4.13596
10970	4.13611
10972	4.13618
10974	4.13806
10976	4.13893
10978	4.14029
10980	4.1396
10982	4.13972
10984	4.13863
10986	4.13795
10988	4.13804
10990	4.13802
10992	4.13706
10994	4.13658
10996	4.13527
10998	4.13504
11000	4.13444
11002	4.13473
11004	4.13611
11006	4.13734
11008	4.13663
11010	4.13688
11012	4.13702
11014	4.13647
11016	4.13486
11018	4.13374
11020	4.13444
11022	4.13398
11024	4.13192
11026	4.13167
11028	4.13159
11030	4.13257
11032	4.1337
11034	4.13472
11036	4.13551
11038	4.1342
11040	4.13456
11042	4.13577
11044	4.13403
11046	4.13219
11048	4.13381
11050	4.1331
11052	4.13346
11054	4.13446
11056	4.13348
11058	4.13107
11060	4.1318
11062	4.13328
11064	4.13343
11066	4.1316
11068	4.13244
11070	4.13453
11072	4.1361
11074	4.13302
11076	4.13093
11078	4.13198
11080	4.13134
11082	4.13235
11084	4.13342
11086	4.13272
11088	4.13182
11090	4.13347
11092	4.13335
11094	4.13205
11096	4.13256
11098	4.13231
11100	4.13174
11102	4.13261
11104	4.13201
11106	4.13072
11108	4.1313
11110	4.13081
11112	4.13118
11114	4.12958
11116	4.12779
11118	4.12734
11120	4.12893
11122	4.12936
11124	4.12953
11126	4.12882
11128	4.12931
11130	4.13046
11132	4.1294
11134	4.12819
11136	4.12875
11138	4.12829
11140	4.13061
11142	4.12992
11144	4.13088
11146	4.13127
11148	4.12965
11150	4.12893
11152	4.12861
11154	4.12744
11156	4.12869
11158	4.13003
11160	4.12937
11162	4.12953
11164	4.12892
11166	4.12886
11168	4.12899
11170	4.12742
11172	4.12802
11174	4.12943
11176	4.12828
11178	4.12787
11180	4.12809
11182	4.12898
11184	4.12717
11186	4.12535
11188	4.12673
11190	4.12743
11192	4.12687
11194	4.12626
11196	4.1277
11198	4.12679
11200	4.12521
11202	4.12469
11204	4.12523
11206	4.12462
11208	4.12383
11210	4.12467
11212	4.1266
11214	4.12522
11216	4.12467
11218	4.12619
11220	4.12714
11222	4.12605
11224	4.12738
11226	4.12811
11228	4.12762
11230	4.12534
11232	4.12535
11234	4.12632
11236	4.12645
11238	4.12478
11240	4.12581
11242	4.1268
11244	4.12723
11246	4.12488
11248	4.12498
11250	4.12453
11252	4.1244
11254	4.12307
11256	4.12294
11258	4.12228
11260	4.12179
11262	4.12298
11264	4.12333
11266	4.12225
11268	4.12214
11270	4.12233
11272	4.12197
11274	4.12244
11276	4.12336
11278	4.12308
11280	4.12184
11282	4.12036
11284	4.12124
11286	4.12293
11288	4.12345
11290	4.12449
11292	4.12418
11294	4.12345
11296	4.12318
11298	4.12172
11300	4.12098
11302	4.12124
11304	4.12311
11306	4.12244
11308	4.12265
11310	4.1246
11312	4.12426
11314	4.12297
11316	4.12204
11318	4.12295
11320	4.1237
11322	4.12329
11324	4.1225
11326	4.12367
11328	4.12319
11330	4.12076
11332	4.12026
11334	4.12127
11336	4.12118
11338	4.12248
11340	4.12149
11342	4.12113
11344	4.11982
11346	4.12029
11348	4.12038
11350	4.12006
11352	4.11987
11354	4.11775
11356	4.11843
11358	4.11851
11360	4.11947
11362	4.12193
11364	4.12259
11366	4.12365
11368	4.12359
11370	4.12277
11372	4.12214
11374	4.12289
11376	4.12209
11378	4.12182
11380	4.12234
11382	4.12252
11384	4.12213
11386	4.11946
11388	4.1193
11390	4.11906
11392	4.1188
11394	4.11996
11396	4.12082
11398	4.11902
11400	4.11932
11402	4.11914
11404	4.12003
11406	4.11954
11408	4.1196
11410	4.12021
11412	4.12047
11414	4.12022
11416	4.1182
11418	4.1165
11420	4.11568
11422	4.11575
11424	4.1188
11426	4.11934
11428	4.11949
11430	4.11991
11432	4.12024
11434	4.1197
11436	4.11911
11438	4.11964
11440	4.12038
11442	4.12033
11444	4.11751
11446	4.11561
11448	4.11598
11450	4.11648
11452	4.11937
11454	4.11785
11456	4.11723
11458	4.11707
11460	4.11647
11462	4.11548
11464	4.11693
11466	4.11752
11468	4.11588
11470	4.11472
11472	4.11719
11474	4.11835
11476	4.11967
11478	4.1189
11480	4.11875
11482	4.12051
11484	4.11994
11486	4.11684
11488	4.11647
11490	4.11666
11492	4.11711
11494	4.11782
11496	4.11873
11498	4.11757
11500	4.11502
11502	4.1137
11504	4.1132
11506	4.11353
11508	4.11578
11510	4.11552
11512	4.11595
11514	4.11697
11516	4.11778
11518	4.11863
11520	4.11848
11522	4.11779
11524	4.11663
11526	4.11567
11528	4.1149
11530	4.11121
11532	4.10939
11534	4.10867
11536	4.1079
11538	4.10517
11540	4.10427
11542	4.10377
11544	4.10124
11546	4.09924
11548	4.10056
11550	4.1019
11552	4.10028
11554	4.09818
11556	4.09632
11558	4.09702
11560	4.10097
11562	4.10255
11564	4.10405
11566	4.1055
11568	4.10584
11570	4.10564
11572	4.10559
11574	4.10526
11576	4.10632
11578	4.10849
11580	4.10916
11582	4.10895
11584	4.10712
11586	4.10618
11588	4.10563
11590	4.10428
11592	4.10471
11594	4.10474
11596	4.10321
11598	4.10442
11600	4.10567
11602	4.10442
11604	4.1031
11606	4.10536
11608	4.10429
11610	4.10388
11612	4.10206
11614	4.10097
11616	4.10159
11618	4.10189
11620	4.10363
11622	4.10546
11624	4.10712
11626	4.10518
11628	4.10521
11630	4.10665
11632	4.10717
11634	4.1068
11636	4.10572
11638	4.10399
11640	4.10406
11642	4.10539
11644	4.10581
11646	4.1056
11648	4.10418
11650	4.10325
11652	4.10432
11654	4.10497
11656	4.10485
11658	4.10502
11660	4.10399
11662	4.10339
11664	4.10274
11666	4.10291
11668	4.10339
11670	4.10331
11672	4.10414
11674	4.10242
11676	4.10055
11678	4.09996
11680	4.09953
11682	4.09945
11684	4.09873
11686	4.09861
11688	4.09801
11690	4.09847
11692	4.09849
11694	4.0991
11696	4.09931
11698	4.09891
11700	4.09958
11702	4.09992
11704	4.10087
11706	4.09883
11708	4.09957
11710	4.10243
11712	4.10269
11714	4.10207
11716	4.10127
11718	4.09991
11720	4.0997
11722	4.10017
11724	4.0983
11726	4.0995
11728	4.10065
11730	4.10166
11732	4.10086
11734	4.09909
11736	4.09727
11738	4.09853
11740	4.09955
11742	4.09813
11744	4.0991
11746	4.10025
11748	4.10029
11750	4.10154
11752	4.10116
11754	4.09971
11756	4.09985
11758	4.09992
11760	4.09914
11762	4.09879
11764	4.09861
11766	4.09673
11768	4.09705
11770	4.0959
11772	4.09683
11774	4.09759
11776	4.09755
11778	4.09699
11780	4.0965
11782	4.10044
11784	4.10158
11786	4.09979
11788	4.09841
11790	4.09864
11792	4.09801
11794	4.09584
11796	4.09579
11798	4.09538
11800	4.09743
11802	4.0986
11804	4.0967
11806	4.09663
11808	4.0982
11810	4.09957
11812	4.09945
11814	4.09729
11816	4.09676
11818	4.096
11820	4.09535
11822	4.09599
11824	4.09705
11826	4.09733
11828	4.09691
11830	4.09813
11832	4.09945
11834	4.10047
11836	4.10048
11838	4.09796
11840	4.09803
11842	4.09797
11844	4.09765
11846	4.099
11848	4.09691
11850	4.09531
11852	4.09625
11854	4.09629
11856	4.09593
11858	4.09704
11860	4.09509
11862	4.09631
11864	4.09578
11866	4.09413
11868	4.09282
11870	4.09231
11872	4.09336
11874	4.09668
11876	4.09738
11878	4.09875
11880	4.09919
11882	4.09833
11884	4.09811
11886	4.09763
11888	4.09647
11890	4.09711
11892	4.09619
11894	4.0962
11896	4.09701
11898	4.09683
11900	4.09609
11902	4.09481
11904	4.09433
11906	4.09589
11908	4.09784
11910	4.09888
11912	4.09905
11914	4.09722
11916	4.09664
11918	4.09667
11920	4.0963
11922	4.09578
11924	4.09579
11926	4.09582
11928	4.09481
11930	4.09485
11932	4.09521
11934	4.09433
11936	4.09418
11938	4.0943
11940	4.09653
11942	4.09772
11944	4.09686
11946	4.09596
11948	4.0972
11950	4.09637
11952	4.09731
11954	4.09802
11956	4.09693
11958	4.0967
11960	4.09831
11962	4.09809
11964	4.09636
11966	4.09675
11968	4.09603
11970	4.09586
11972	4.09691
11974	4.09531
11976	4.09611
11978	4.09671
11980	4.09567
11982	4.09586
11984	4.09436
11986	4.09433
11988	4.09426
11990	4.09506
11992	4.0965
11994	4.09661
11996	4.09624
11998	4.09662
12000	4.0961
12002	4.09619
12004	4.09432
12006	4.09478
12008	4.09501
12010	4.09607
12012	4.09589
12014	4.09736
12016	4.09585
12018	4.09602
12020	4.09644
12022	4.0961
12024	4.09755
12026	4.09814
12028	4.09584
12030	4.09551
12032	4.09597
12034	4.0967
12036	4.09709
12038	4.09534
12040	4.09496
12042	4.09575
12044	4.09577
12046	4.09498
12048	4.09739
12050	4.09732
12052	4.09421
12054	4.09423
12056	4.09555
12058	4.09577
12060	4.09525
12062	4.09568
12064	4.09701
12066	4.09741
12068	4.097
12070	4.09542
12072	4.09585
12074	4.09572
12076	4.09584
12078	4.09441
12080	4.09338
12082	4.09377
12084	4.09565
12086	4.09543
12088	4.09302
12090	4.09425
12092	4.09558
12094	4.09629
12096	4.09656
12098	4.09539
12100	4.09524
12102	4.09563
12104	4.09687
12106	4.09465
12108	4.09362
12110	4.09476
12112	4.09687
12114	4.09593
12116	4.09549
12118	4.09583
12120	4.09451
12122	4.09584
12124	4.0969
