ITC
 25 
NOT
 10 
 60 
 300 
 10 
 2 
False,True,True
 2 , 4 , 240 , 2 
 10 , 20 , 240 , 2 
 10 , 20 , 240 , 2 
 10 , 20 , 240 , 2 
 10 , 20 , 240 , 2 
 10 , 20 , 240 , 2 
 10 , 20 , 240 , 2 
 10 , 20 , 240 , 2 
 10 , 20 , 240 , 2 
 10 , 20 , 240 , 2 
 10 , 20 , 240 , 2 
 10 , 20 , 240 , 2 
 10 , 20 , 240 , 2 
 10 , 20 , 240 , 2 
 10 , 20 , 240 , 2 
 10 , 20 , 240 , 2 
 10 , 20 , 240 , 2 
 10 , 20 , 240 , 2 
 10 , 20 , 240 , 2 
 10 , 20 , 240 , 2 
 10 , 20 , 240 , 2 
 10 , 20 , 240 , 2 
 10 , 20 , 240 , 2 
 10 , 20 , 240 , 2 
 10 , 20 , 240 , 2 
