time	cp
2	1.37874E-5
4	0.00124
6	8.29935E-4
8	6.69009E-4
10	0.0019
12	0.00166
14	0.00211
16	0.00302
18	0.00364
20	0.00361
22	0.0027
24	0.0026
26	0.00298
28	0.00292
30	0.00313
32	0.00271
34	0.00193
36	0.00241
38	0.00401
40	0.00301
42	0.00235
44	0.00337
46	0.00358
48	0.00301
50	0.00271
52	0.00286
54	0.00238
56	0.00324
58	0.00269
60	5.96933E-4
62	1.9007E-5
64	4.06081E-4
66	-0.00134
68	5.85229E-4
70	0.00544
72	0.00531
74	-0.001
76	-0.0107
78	-0.02193
80	-0.03417
82	-0.04586
84	-0.05829
86	-0.08063
88	-0.1039
90	-0.12254
92	-0.13325
94	-0.13647
96	-0.13573
98	-0.13214
100	-0.12703
102	-0.12073
104	-0.11311
106	-0.10483
108	-0.09836
110	-0.09001
112	-0.08113
114	-0.07332
116	-0.06694
118	-0.06138
120	-0.05729
122	-0.05252
124	-0.04578
126	-0.04007
128	-0.03733
130	-0.03326
132	-0.02857
134	-0.02671
136	-0.02392
138	-0.02077
140	-0.01765
142	-0.01628
144	-0.01481
146	-0.01331
148	-0.01226
150	-0.01123
152	-0.00928
154	-0.00967
156	-0.00953
158	-0.0076
160	-0.00529
162	-0.0032
164	-0.00365
166	-0.00292
168	-0.00302
170	-0.00355
172	-0.00211
174	-0.00152
176	-2.09776E-4
178	7.21298E-4
180	8.98372E-4
182	8.85446E-4
184	0.00152
186	0.00121
188	5.50668E-4
190	0.00153
192	0.0017
194	0.00138
196	0.00208
198	0.00129
200	0.00127
202	0.00212
204	0.00224
206	0.00326
208	0.00453
210	0.00553
212	0.00508
214	0.0047
216	0.00559
218	0.00612
220	0.00508
222	0.00523
224	0.00544
226	0.00413
228	0.005
230	0.00497
232	0.00441
234	0.00466
236	0.00455
238	0.00386
240	0.00367
242	0.00443
244	0.00429
246	0.00585
248	0.00575
250	0.00495
252	0.00479
254	0.00424
256	0.0039
258	0.00303
260	0.00343
262	0.0036
264	0.00347
266	0.00279
268	0.004
270	0.00439
272	0.00418
274	0.00368
276	0.00366
278	0.00353
280	0.00351
282	0.00385
284	0.00485
286	0.00384
288	0.00467
290	0.00574
292	0.00531
294	0.00559
296	0.00506
298	0.00466
300	0.00391
302	0.00301
304	0.00405
306	0.00437
308	0.00448
310	0.00365
312	0.00391
314	0.00308
316	0.0035
318	0.00442
320	0.00496
322	0.0052
324	0.00548
326	0.00566
328	0.00634
330	0.00677
332	0.00617
334	0.00418
336	0.0041
338	0.00437
340	0.00483
342	0.00418
344	0.00353
346	0.00294
348	0.00313
350	0.00403
352	0.0037
354	0.00306
356	0.00182
358	0.00253
360	0.00299
362	0.00302
364	0.00309
366	0.00292
368	0.00203
370	8.70401E-4
372	3.67475E-4
374	0.00156
376	0.00328
378	0.00287
380	0.00182
382	0.00142
384	0.00244
386	0.0029
388	0.00314
390	0.00323
392	0.00278
394	0.0027
396	0.00259
398	0.00317
400	0.00327
402	0.00183
404	0.00106
406	8.44815E-4
408	3.63728E-4
410	1.0264E-4
412	8.15552E-4
414	0.00147
416	-9.38623E-4
418	3.82892E-5
420	0.00124
422	7.89114E-4
424	-3.89738E-5
426	-7.37061E-4
428	-9.21149E-4
430	-7.23676E-6
432	6.16676E-4
434	7.9076E-4
436	8.66643E-4
438	0.00127
440	2.92408E-4
442	-4.17094E-5
444	6.01733E-5
446	-5.79944E-4
448	-3.16061E-4
450	-9.45179E-4
452	-0.00116
454	-0.00131
456	-1.25306E-5
458	0.00105
460	0.00167
462	0.00251
464	0.00123
466	-4.30117E-4
468	4.27766E-4
470	0.00715
472	0.0197
474	0.02988
476	0.03108
478	0.0266
480	0.0211
482	0.01634
484	0.01161
486	0.00614
488	-4.18168E-4
490	-0.01865
492	-0.04174
494	-0.06194
496	-0.07563
498	-0.08366
500	-0.08708
502	-0.08902
504	-0.08872
506	-0.08535
508	-0.08103
510	-0.07584
512	-0.07142
514	-0.06607
516	-0.06019
518	-0.05755
520	-0.0532
522	-0.04931
524	-0.04479
526	-0.04212
528	-0.03879
530	-0.03441
532	-0.0317
534	-0.02949
536	-0.02804
538	-0.02729
540	-0.02554
542	-0.0229
544	-0.02126
546	-0.01938
548	-0.01761
550	-0.01776
552	-0.01805
554	-0.01774
556	-0.01665
558	-0.01369
560	-0.01228
562	-0.01241
564	-0.01371
566	-0.01239
568	-0.01008
570	-0.00848
572	-0.0091
574	-0.00744
576	-0.0074
578	-0.00767
580	-0.00711
582	-0.00549
584	-0.00599
586	-0.00574
588	-0.00416
590	-0.00375
592	-0.0026
594	-0.00324
596	-0.00333
598	-0.00256
600	-8.85187E-4
602	-0.00101
604	-0.0024
606	-0.0022
608	-0.00281
610	-0.00252
612	-0.00252
614	-0.00209
616	-0.00244
618	-0.00259
620	-0.00246
622	-0.00226
624	-0.0018
626	-0.00244
628	-0.00243
630	-0.0026
632	-0.00271
634	-0.0023
636	-0.00204
638	-0.00322
640	-0.00348
642	-0.00262
644	-7.98121E-4
646	-9.6345E-5
648	-5.19569E-4
650	-0.00169
652	-8.74018E-4
654	-0.00113
656	-7.66466E-4
658	-3.35691E-4
660	-3.6915E-5
662	-1.41139E-4
664	-5.80364E-4
666	-6.05879E-5
668	-1.19812E-4
670	-0.00222
672	-0.00345
674	-0.00355
676	-0.00288
678	-0.00198
680	-0.00156
682	-7.50382E-4
684	-3.13606E-4
686	-0.00129
688	-0.00131
690	-1.33279E-4
692	-8.95036E-5
694	2.32272E-4
696	-3.36952E-4
698	-5.52176E-4
700	-9.67401E-4
702	-0.00146
704	1.79151E-4
706	-5.18074E-4
708	-5.91298E-4
710	-5.42522E-4
712	-0.00142
714	-9.12971E-4
716	-0.00102
718	-2.35419E-4
720	-9.43644E-4
722	-0.00175
724	-0.00262
726	-0.00246
728	-2.83541E-4
730	-7.98765E-4
732	-5.07989E-4
734	2.52786E-4
736	2.43562E-4
738	-6.14662E-4
740	-8.02886E-4
742	-7.00111E-4
744	-9.73349E-5
746	-5.79559E-4
748	-7.30784E-4
750	7.99922E-5
752	-2.87232E-4
754	-0.00108
756	-0.00149
758	-6.97905E-4
760	-1.11129E-4
762	-2.67353E-4
764	6.57422E-4
766	0.00123
768	-5.90263E-5
770	-7.29862E-4
772	-9.58801E-4
774	-0.00117
776	-9.87679E-4
778	-0.00109
780	-0.00211
782	-0.0026
784	-4.46435E-4
786	-0.00134
788	-0.00253
790	-0.00344
792	-0.00276
794	-0.00215
796	-0.00142
798	-8.33009E-4
800	-5.53948E-4
802	-0.00193
804	-0.00132
806	-5.44765E-4
808	-0.00161
810	-0.00188
812	-0.00306
814	-0.00399
816	-0.00353
818	-0.00182
820	-0.00106
822	-0.00135
824	-7.00669E-4
826	-2.85245E-4
828	2.3318E-4
830	6.46605E-4
832	3.23029E-4
834	0.00135
836	3.59878E-4
838	6.98303E-4
840	0.00124
842	0.00126
844	1.80577E-4
846	4.42002E-4
848	-4.73574E-4
850	3.31851E-4
852	8.42275E-4
854	8.487E-4
856	0.00183
858	3.57549E-4
860	-6.82026E-4
862	-6.80601E-4
864	-2.70177E-4
866	0.00105
868	0.00123
870	4.13918E-4
872	9.29152E-4
874	0.00582
876	0.02104
878	0.0352
880	0.04548
882	0.05161
884	0.05415
886	0.05618
888	0.05742
890	0.06022
892	0.05892
894	0.04247
896	0.01988
898	2.96203E-4
900	-0.01824
902	-0.03144
904	-0.03986
906	-0.04517
908	-0.04918
910	-0.05048
912	-0.04989
914	-0.04941
916	-0.04779
918	-0.04521
920	-0.04282
922	-0.04013
924	-0.03801
926	-0.03532
928	-0.03186
930	-0.02849
932	-0.0263
934	-0.02518
936	-0.02204
938	-0.02076
940	-0.01904
942	-0.01653
944	-0.01509
946	-0.01386
948	-0.01339
950	-0.01184
952	-0.01176
954	-0.01023
956	-0.00944
958	-0.0099
960	-0.00909
962	-0.0086
964	-0.00766
966	-0.00812
968	-0.00832
970	-0.00692
972	-0.00551
974	-0.00565
976	-0.0047
978	-0.00428
980	-0.00502
982	-0.00445
984	-0.00291
986	-0.00143
988	-0.00209
990	-0.00212
992	-0.00314
994	-0.00346
996	-0.0024
998	-0.00235
1000	-0.00178
1002	-0.00125
1004	-0.00138
1006	-0.00129
1008	-3.30669E-4
1010	-0.00138
1012	-0.00115
1014	-0.00117
1016	-6.94637E-4
1018	-9.1765E-4
1020	-5.27663E-4
1022	-0.00115
1024	-6.12688E-4
1026	-9.41701E-4
1028	-0.00159
1030	-3.57726E-4
1032	-0.00107
1034	-0.00111
1036	-4.77638E-5
1038	8.04224E-4
1040	7.93211E-4
1042	4.64198E-4
1044	-2.71814E-4
1046	3.51173E-4
1048	5.9616E-4
1050	5.88148E-4
1052	0.00126
1054	0.00144
1056	7.9811E-4
1058	-1.70903E-4
1060	2.01085E-4
1062	-2.58928E-4
1064	-0.00113
1066	-0.00141
1068	-7.76966E-4
1070	-0.00173
1072	-0.00259
1074	-0.00253
1076	-0.00169
1078	-9.80029E-4
1080	9.00958E-4
1082	-1.55054E-4
1084	9.64933E-4
1086	9.5492E-4
1088	7.23908E-4
1090	-2.82105E-4
1092	-0.00166
1094	-0.00171
1096	-0.00178
1098	-0.00255
1100	-0.00117
1102	2.80819E-4
1104	-7.75193E-4
1106	-0.0013
1108	-0.00338
1110	-0.00307
1112	-0.00232
1114	-0.00202
1116	-0.00259
1118	-0.0011
1120	-6.30294E-4
1122	-3.05307E-4
1124	-0.00232
1126	-0.00275
1128	-0.00138
1130	-8.44358E-4
1132	-0.00144
1134	-0.0022
1136	-0.00177
1138	-8.39408E-4
1140	-0.00157
1142	-0.00252
1144	-0.00323
1146	-0.00189
1148	-0.00164
1150	-0.00109
1152	-6.56496E-4
1154	-2.21664E-4
1156	-5.23303E-4
1158	-0.0013
1160	-0.00101
1162	-0.00148
1164	-4.08861E-4
1166	-4.025E-4
1168	-0.00132
1170	-0.00244
1172	-0.00163
1174	-0.00149
1176	-2.53697E-4
1178	-9.50337E-4
1180	-0.00234
1182	-0.00231
1184	-0.00233
1186	-0.00278
1188	-0.00379
1190	-7.89173E-4
1192	-1.96813E-4
1194	-1.46452E-4
1196	9.68908E-4
1198	7.70269E-4
1200	1.81629E-4
1202	0.00138
1204	0.00138
1206	0.00105
1208	-3.9442E-4
1210	-2.31768E-4
1212	-8.73116E-4
1214	-9.64464E-4
1216	9.80187E-4
1218	5.79839E-4
1220	4.36491E-4
1222	8.69142E-4
1224	8.54794E-4
1226	2.33446E-4
1228	8.40097E-4
1230	0.00112
1232	3.22401E-4
1234	0.00122
1236	0.00267
1238	0.00189
1240	0.00129
1242	6.90659E-4
1244	-2.35689E-4
1246	-0.00136
1248	-0.00198
1250	-0.00163
1252	-0.00122
1254	-5.79962E-4
1256	-7.92578E-4
1258	8.02805E-4
1260	0.00225
1262	0.00144
1264	6.82957E-4
1266	-7.76597E-5
1268	-7.8276E-5
1270	8.39108E-4
1272	0.00234
1274	0.00201
1276	0.00225
1278	0.00573
1280	0.02197
1282	0.04283
1284	0.05928
1286	0.07082
1288	0.08065
1290	0.08801
1292	0.09444
1294	0.10071
1296	0.10452
1298	0.09416
1300	0.07272
1302	0.04937
1304	0.0295
1306	0.01534
1308	0.00262
1310	-0.00795
1312	-0.01515
1314	-0.0202
1316	-0.02412
1318	-0.02556
1320	-0.02535
1322	-0.02535
1324	-0.02389
1326	-0.02192
1328	-0.02178
1330	-0.02105
1332	-0.02139
1334	-0.02033
1336	-0.0193
1338	-0.0168
1340	-0.01617
1342	-0.01411
1344	-0.01261
1346	-0.01087
1348	-0.00847
1350	-0.00754
1352	-0.00731
1354	-0.00627
1356	-0.0058
1358	-0.00458
1360	-0.00382
1362	-0.00274
1364	-0.00288
1366	-0.00384
1368	-0.00371
1370	-0.00384
1372	-0.00473
1374	-0.00551
1376	-0.00433
1378	-0.00253
1380	-0.00259
1382	-0.00243
1384	-0.00286
1386	-0.00315
1388	-0.00276
1390	-0.00307
1392	-0.00108
1394	2.12637E-4
1396	4.0735E-4
1398	3.36063E-4
1400	5.77776E-4
1402	-7.08511E-4
1404	-0.00148
1406	-0.00163
1408	-8.42372E-4
1410	-1.96659E-4
1412	-4.48947E-4
1414	-0.00103
1416	-6.84521E-4
1418	-2.74808E-4
1420	-8.35095E-4
1422	-0.00208
1424	-0.00193
1426	-8.53956E-4
1428	-9.34243E-4
1430	-0.00123
1432	-9.65818E-4
1434	-5.75105E-4
1436	-2.37392E-4
1438	0.00105
1440	0.00203
1442	0.00151
1444	0.0022
1446	0.00209
1448	0.002
1450	0.00198
1452	0.00103
1454	0.00149
1456	7.96737E-4
1458	-7.5155E-4
1460	-0.00251
1462	-0.00202
1464	-4.54411E-4
1466	0.00248
1468	0.00225
1470	0.00197
1472	0.00287
1474	0.00235
1476	0.0014
1478	3.59579E-4
1480	8.82292E-4
1482	8.78005E-4
1484	-5.72283E-4
1486	-0.00109
1488	3.57143E-4
1490	0.00105
1492	0.00149
1494	0.00219
1496	0.00175
1498	0.00168
1500	9.09421E-4
1502	5.87133E-4
1504	-1.00154E-4
1506	-5.21441E-4
1508	-0.00119
1510	-0.00129
1512	2.79698E-4
1514	0.00138
1516	0.00241
1518	0.00228
1520	0.00197
1522	-3.73764E-6
1524	-2.66025E-4
1526	-0.00109
1528	-0.00135
1530	-0.00109
1532	-0.00138
1534	-0.00148
1536	-8.71747E-4
1538	-4.71035E-4
1540	-7.88322E-4
1542	-8.01609E-4
1544	-0.00153
1546	-0.00151
1548	6.4353E-4
1550	5.32428E-5
1552	7.89557E-5
1554	0.00148
1556	7.63815E-5
1558	-6.34906E-4
1560	-7.71927E-5
1562	2.1652E-4
1564	0.00118
1566	6.12946E-4
1568	0.00101
1570	5.87372E-4
1572	7.10846E-5
1574	-0.00212
1576	-0.00138
1578	-1.09777E-4
1580	9.46936E-4
1582	1.64906E-6
1584	-6.27638E-4
1586	4.23075E-4
1588	3.20788E-4
1590	7.29501E-4
1592	2.11214E-4
1594	-2.67074E-4
1596	5.56639E-4
1598	-5.44648E-4
1600	-0.0012
1602	-1.05222E-4
1604	-1.14509E-4
1606	6.25204E-4
1608	3.86917E-4
1610	4.6663E-4
1612	0.00212
1614	0.00283
1616	0.00272
1618	0.00125
1620	-7.92806E-4
1622	-0.00136
1624	-7.6938E-4
1626	-0.00112
1628	-7.55954E-4
1630	-6.32416E-5
1632	-1.25529E-4
1634	2.62549E-4
1636	-2.25015E-4
1638	-4.3758E-4
1640	-9.75145E-4
1642	-0.00146
1644	-0.00154
1646	-6.6584E-4
1648	-7.97405E-4
1650	0.0018
1652	0.00213
1654	0.00297
1656	0.00407
1658	0.00322
1660	0.00328
1662	0.00285
1664	0.00171
1666	0.00199
1668	6.62946E-4
1670	-5.36618E-4
1672	1.59817E-4
1674	5.44252E-4
1676	0.0011
1678	3.87122E-4
1680	0.00117
1682	0.00538
1684	0.02394
1686	0.04799
1688	0.06967
1690	0.08736
1692	0.10226
1694	0.11525
1696	0.12763
1698	0.13645
1700	0.14353
1702	0.13647
1704	0.11568
1706	0.09113
1708	0.06896
1710	0.04969
1712	0.03363
1714	0.0209
1716	0.01291
1718	0.00727
1720	5.56529E-4
1722	-0.00469
1724	-0.00749
1726	-0.00772
1728	-0.00825
1730	-0.00997
1732	-0.01035
1734	-0.01155
1736	-0.0123
1738	-0.01124
1740	-0.01163
1742	-0.01133
1744	-0.00917
1746	-0.00799
1748	-0.00828
1750	-0.00731
1752	-0.00636
1754	-0.0071
1756	-0.006
1758	-0.00602
1760	-0.00594
1762	-0.00545
1764	-0.00488
1766	-0.00208
1768	-0.00134
1770	-0.00235
1772	-0.00131
1774	-0.00147
1776	-0.00243
1778	-0.00297
1780	-0.00212
1782	-0.00157
1784	-0.0016
1786	-0.00333
1788	-0.00458
1790	-0.00261
1792	-0.00266
1794	-0.00302
1796	-0.00213
1798	-0.00162
1800	-0.00257
1802	-0.00315
1804	-0.00403
1806	-0.00413
1808	-0.00432
1810	-0.00402
1812	-0.00391
1814	-0.00445
1816	-0.0055
1818	-0.00424
1820	-0.00274
1822	-0.00207
1824	-0.00155
1826	-0.00103
1828	-5.71379E-4
1830	0.00121
1832	0.00113
1834	-7.49314E-4
1836	-0.00107
1838	-0.00103
1840	-3.53248E-4
1842	0.00102
1844	4.42796E-4
1846	-6.28182E-4
1848	-3.3416E-4
1850	0.00102
1852	0.00155
1854	0.0024
1856	0.00104
1858	0.00162
1860	0.00218
1862	0.00109
1864	7.67015E-4
1866	5.62037E-4
1868	-8.30941E-4
1870	-6.27919E-4
1872	-0.001
1874	-5.19875E-4
1876	3.15147E-4
1878	-2.26831E-4
1880	-5.68809E-4
1882	3.15213E-4
1884	8.09235E-4
1886	3.20256E-4
1888	5.97278E-4
1890	3.303E-4
1892	5.09322E-4
1894	-4.85656E-4
1896	-0.00118
1898	-0.00134
1900	-0.00161
1902	-0.00253
1904	-0.00377
1906	-0.00272
1908	-0.00148
1910	-0.00131
1912	-0.00101
1914	-0.0014
1916	-0.00185
1918	-0.00294
1920	-0.0029
1922	-0.0027
1924	-0.00169
1926	-0.00196
1928	-0.00148
1930	-1.17261E-4
1932	0.00139
1934	9.69783E-4
1936	-7.61954E-5
1938	-6.55173E-4
1940	-0.00165
1942	-0.00305
1944	-0.0024
1946	1.63914E-4
1948	0.00133
1950	0.00107
1952	4.2398E-4
1954	0.00104
1956	0.00153
1958	6.61046E-4
1960	-8.60932E-4
1962	-8.5991E-4
1964	-8.43888E-4
1966	-0.00191
1968	-0.00149
1970	-6.16823E-4
1972	2.89199E-4
1974	1.2212E-6
1976	-6.67569E-5
1978	-4.36735E-4
1980	1.05287E-4
1982	0.00214
1984	0.00101
1986	2.52353E-4
1988	-2.58625E-4
1990	9.23397E-4
1992	9.86419E-4
1994	-3.3756E-4
1996	-0.00198
1998	-0.00177
2000	-9.49494E-4
2002	-0.00107
2004	-0.00126
2006	-2.16428E-4
2008	1.77594E-4
2010	6.25616E-4
2012	4.81638E-4
2014	2.4666E-4
2016	-4.78318E-4
2018	-6.46589E-4
2020	3.97632E-4
2022	6.24852E-4
2024	-7.38927E-4
2026	-0.00197
2028	-0.00282
2030	-0.00252
2032	-0.00152
2034	1.01752E-5
2036	-9.65604E-4
2038	-0.00159
2040	-7.64163E-4
2042	-9.93943E-4
2044	-0.00116
2046	-1.99502E-4
2048	-4.67281E-4
2050	4.67939E-4
2052	8.1116E-4
2054	-1.0262E-4
2056	-3.06399E-4
2058	-1.89179E-4
2060	0.00119
2062	0.00221
2064	0.00217
2066	9.20371E-4
2068	0.00229
2070	0.00242
2072	0.00121
2074	7.18052E-4
2076	-4.76028E-4
2078	-1.48108E-4
2080	4.65812E-4
2082	5.41733E-4
2084	1.65653E-4
2086	0.00463
2088	0.02336
2090	0.05025
2092	0.07694
2094	0.09977
2096	0.11976
2098	0.13741
2100	0.15274
2102	0.16657
2104	0.17699
2106	0.1725
2108	0.1532
2110	0.12993
2112	0.10682
2114	0.08646
2116	0.06956
2118	0.05443
2120	0.04196
2122	0.03315
2124	0.02531
2126	0.01924
2128	0.01393
2130	0.00931
2132	0.00399
2134	2.84943E-5
2136	-0.00175
2138	-0.00237
2140	-0.00192
2142	-0.00167
2144	-8.29687E-4
2146	8.87707E-6
2148	-0.00127
2150	-0.00219
2152	-0.00273
2154	-0.00254
2156	-0.00163
2158	-7.8374E-4
2160	-0.00177
2162	-0.00195
2164	-0.00266
2166	-0.00372
2168	-0.00362
2170	-0.00316
2172	-0.00295
2174	-9.64935E-4
2176	9.38402E-4
2178	0.00113
2180	3.20075E-4
2182	0.00266
2184	0.00353
2186	0.00357
2188	0.00345
2190	0.00346
2192	7.50096E-4
2194	9.62432E-4
2196	0.0027
2198	0.00276
2200	2.31443E-4
2202	-0.00122
2204	-0.00251
2206	-5.08547E-4
2208	-0.00121
2210	-0.0011
2212	7.97463E-4
2214	0.00227
2216	0.00209
2218	0.0022
2220	0.00192
2222	0.00107
2224	0.00262
2226	0.00379
2228	0.0035
2230	0.00306
2232	0.00312
2234	8.81167E-4
2236	4.15504E-4
2238	0.00232
2240	0.00156
2242	-4.86109E-7
2244	-4.11149E-4
2246	6.75187E-4
2248	9.79524E-4
2250	-0.00138
2252	-0.00135
2254	-0.00189
2256	-0.00111
2258	-0.00102
2260	-0.00103
2262	-5.35119E-4
2264	-3.18782E-4
2266	-8.93445E-4
2268	1.38914E-5
2270	-0.00161
2272	-0.00234
2274	-0.00124
2276	-0.00136
2278	-0.00156
2280	-0.00142
2282	-1.87515E-5
2284	0.00135
2286	0.00189
2288	0.0025
2290	0.00207
2292	0.00364
2294	0.00468
2296	0.00373
2298	0.0029
2300	0.00233
2302	0.00191
2304	0.00125
2306	-6.57711E-4
2308	-0.00189
2310	-0.00156
2312	-0.0013
2314	-0.00207
2316	-8.11027E-4
2318	-0.00121
2320	-0.00159
2322	-9.29017E-4
2324	-1.0368E-4
2326	4.49657E-4
2328	5.01993E-4
2330	8.5733E-4
2332	8.69667E-4
2334	0.00125
2336	0.00115
2338	0.0025
2340	0.0025
2342	0.00327
2344	0.00337
2346	0.00369
2348	0.00462
2350	0.0047
2352	0.00334
2354	0.00321
2356	0.00255
2358	0.00166
2360	2.68381E-4
2362	3.82718E-4
2364	0.00134
2366	-2.39609E-4
2368	-0.00146
2370	1.35065E-4
2372	0.00243
2374	0.0028
2376	0.00272
2378	0.00196
2380	0.00233
2382	0.0034
2384	0.00235
2386	0.00129
2388	0.00124
2390	0.00116
2392	5.55769E-4
2394	2.06106E-4
2396	9.03442E-4
2398	0.00193
2400	0.00117
2402	7.69362E-4
2404	4.15367E-4
2406	-3.88628E-4
2408	6.88377E-4
2410	0.00214
2412	0.00166
2414	0.0027
2416	0.00288
2418	0.00172
2420	9.04058E-5
2422	9.47411E-4
2424	0.00255
2426	0.00254
2428	0.00176
2430	8.8943E-4
2432	5.18435E-4
2434	0.00161
2436	0.00112
2438	0.00215
2440	0.00187
2442	0.00157
2444	0.00178
2446	0.00146
2448	1.20459E-4
2450	-2.07294E-4
2452	0.00176
2454	8.982E-4
2456	-4.85527E-5
2458	5.32694E-4
2460	-5.70059E-4
2462	-9.38115E-5
2464	-7.34565E-4
2466	-0.00185
2468	-0.00139
2470	-3.20823E-4
2472	-5.85763E-5
2474	9.81671E-4
2476	0.00117
2478	6.40165E-4
2480	0.00149
2482	6.39659E-4
2484	6.45906E-4
2486	9.59153E-4
2488	0.0019
2490	0.00714
2492	0.02739
2494	0.05568
2496	0.08653
2498	0.1146
2500	0.13937
2502	0.16102
2504	0.18128
2506	0.19675
2508	0.21237
2510	0.21131
2512	0.19218
2514	0.1683
2516	0.14262
2518	0.11748
2520	0.09734
2522	0.08133
2524	0.0658
2526	0.05231
2528	0.04134
2530	0.03391
2532	0.02923
2534	0.02416
2536	0.02131
2538	0.01784
2540	0.0136
2542	0.01015
2544	0.00781
2546	0.00743
2548	0.00827
2550	0.00799
2552	0.00524
2554	0.00414
2556	0.00367
2558	0.00325
2560	0.00386
2562	0.00396
2564	0.00406
2566	0.00403
2568	0.00458
2570	0.00353
2572	0.00456
2574	0.00557
2576	0.00568
2578	0.00578
2580	0.0039
2582	0.00333
2584	0.0033
2586	0.0033
2588	0.00226
2590	0.00271
2592	0.00347
2594	0.00291
2596	0.00173
2598	0.00323
2600	0.00274
2602	0.00184
2604	0.0016
2606	0.00101
2608	0.0012
2610	0.00229
2612	0.0023
2614	0.00197
2616	0.00189
2618	0.00214
2620	9.86854E-4
2622	3.40023E-4
2624	0.00136
2626	0.00302
2628	0.00256
2630	0.00202
2632	0.00191
2634	0.0018
2636	0.0022
2638	0.00285
2640	0.00275
2642	0.00429
2644	0.00335
2646	0.00199
2648	0.00161
2650	0.00275
2652	0.00337
2654	0.00142
2656	-0.00141
2658	-4.02951E-4
2660	1.62168E-5
2662	-2.84615E-4
2664	9.44553E-4
2666	3.27212E-5
2668	-6.71111E-4
2670	0.0013
2672	7.68226E-4
2674	2.30394E-4
2676	0.00105
2678	5.4773E-4
2680	-3.45102E-4
2682	3.19066E-4
2684	0.00289
2686	0.00252
2688	0.00299
2690	0.00297
2692	0.00465
2694	0.00518
2696	0.00453
2698	0.00195
2700	0.00166
2702	0.00127
2704	0.00147
2706	0.00225
2708	0.00171
2710	9.4142E-4
2712	0.00116
2714	0.00199
2716	0.00253
2718	0.00263
2720	0.0031
2722	0.00241
2724	0.00291
2726	0.00433
2728	0.00473
2730	0.00318
2732	0.00152
2734	0.00192
2736	0.00261
2738	0.00189
2740	5.09415E-5
2742	-5.78903E-5
2744	8.77278E-4
2746	6.83446E-4
2748	0.00102
2750	5.65782E-4
2752	-6.1605E-4
2754	-9.52882E-4
2756	-0.00169
2758	-0.0011
2760	-4.01377E-4
2762	0.00149
2764	0.00111
2766	0.00166
2768	0.00194
2770	0.00307
2772	0.00332
2774	0.00334
2776	0.00247
2778	0.00143
2780	0.00156
2782	0.00106
2784	-3.29682E-4
2786	-4.34512E-4
2788	-0.00109
2790	-2.0617E-4
2792	0.00104
2794	8.69171E-4
2796	9.96342E-4
2798	8.84512E-4
2800	-0.00158
2802	-0.00262
2804	-0.00264
2806	-0.00302
2808	-0.00265
2810	-0.00119
2812	0.00162
2814	0.00142
2816	0.00193
2818	0.00202
2820	0.002
2822	0.00256
2824	0.00328
2826	0.00346
2828	0.00244
2830	0.00151
2832	-9.00094E-5
2834	0.0012
2836	0.00137
2838	0.001
2840	0.00113
2842	0.0014
2844	6.07611E-4
2846	-1.34452E-4
2848	1.20485E-4
2850	0.00204
2852	0.00186
2854	6.07295E-4
2856	3.51232E-4
2858	0.00113
2860	0.00246
2862	0.00175
2864	0.0024
2866	0.00289
2868	3.63852E-4
2870	0.00104
2872	4.73726E-4
2874	-8.34337E-4
2876	-5.69401E-4
2878	-3.29464E-4
2880	-3.65012E-4
2882	0.001
2884	1.25418E-4
2886	3.96633E-4
2888	1.89849E-4
2890	0.00148
2892	0.00208
2894	0.00549
2896	0.02486
2898	0.05693
2900	0.0895
2902	0.12037
2904	0.14927
2906	0.17489
2908	0.20029
2910	0.22019
2912	0.23612
2914	0.23904
2916	0.22209
2918	0.1981
2920	0.17298
2922	0.14797
2924	0.12706
2926	0.10642
2928	0.08895
2930	0.07726
2932	0.06482
2934	0.05411
2936	0.04468
2938	0.03813
2940	0.03283
2942	0.028
2944	0.0243
2946	0.02066
2948	0.01752
2950	0.01608
2952	0.01436
2954	0.01148
2956	0.01
2958	0.01081
2960	0.00918
2962	0.00785
2964	0.00666
2966	0.00771
2968	0.0077
2970	0.00848
2972	0.00914
2974	0.00764
2976	0.00748
2978	0.00692
2980	0.00535
2982	0.0065
2984	0.00749
2986	0.00691
2988	0.00745
2990	0.00737
2992	0.00538
2994	0.00559
2996	0.00566
2998	0.00625
3000	0.00587
3002	0.00702
3004	0.00669
3006	0.0063
3008	0.00612
3010	0.00457
3012	0.00409
3014	0.00253
3016	0.0011
3018	0.00135
3020	0.00317
3022	0.00346
3024	0.00348
3026	0.00401
3028	0.00254
3030	0.00241
3032	0.00357
3034	0.005
3036	0.0048
3038	0.00395
3040	0.00422
3042	0.00436
3044	0.00466
3046	0.00286
3048	0.00155
3050	9.67202E-4
3052	0.00115
3054	0.00178
3056	0.00225
3058	0.00127
3060	0.00199
3062	0.00152
3064	0.00241
3066	0.00426
3068	0.00512
3070	0.00568
3072	0.00539
3074	0.00424
3076	0.00179
3078	0.00155
3080	0.00186
3082	0.00125
3084	0.00224
3086	0.00323
3088	0.0042
3090	0.00332
3092	0.00208
3094	0.00203
3096	0.00436
3098	0.00495
3100	0.00396
3102	0.00305
3104	0.00181
3106	0.00187
3108	0.00148
3110	0.00241
3112	0.00261
3114	0.002
3116	0.0013
3118	0.0021
3120	0.00405
3122	0.00436
3124	0.00219
3126	0.00316
3128	0.00322
3130	0.0025
3132	0.00247
3134	0.00129
3136	0.00174
3138	5.95426E-4
3140	-3.94102E-5
3142	9.20754E-4
3144	9.96918E-4
3146	-6.87918E-4
3148	-4.11754E-4
3150	0.00152
3152	0.00183
3154	0.00158
3156	0.00246
3158	0.00262
3160	0.00143
3162	-3.93604E-4
3164	-0.00141
3166	-0.00222
3168	-0.00135
3170	-4.68079E-4
3172	6.75523E-4
3174	6.48126E-4
3176	6.07728E-4
3178	-3.8067E-4
3180	3.07932E-4
3182	4.12535E-4
3184	6.83137E-4
3186	0.00188
3188	0.00146
3190	0.00117
3192	0.00177
3194	0.00215
3196	0.00136
3198	3.55353E-4
3200	-4.90446E-5
3202	3.62558E-4
3204	0.00126
3206	9.66762E-4
3208	0.00117
3210	0.00174
3212	0.002
3214	0.00197
3216	0.00372
3218	0.00318
3220	0.00369
3222	0.00324
3224	0.00151
3226	0.0031
3228	0.00329
3230	0.00167
3232	0.0019
3234	0.00186
3236	-8.49934E-5
3238	-2.05886E-4
3240	-9.72779E-4
3242	-0.00437
3244	-0.00454
3246	-0.00362
3248	-0.00263
3250	-0.00137
3252	-0.00165
3254	-8.18029E-4
3256	5.70078E-4
3258	0.00154
3260	9.99293E-4
3262	0.00105
3264	0.00123
3266	8.49296E-4
3268	-6.22894E-4
3270	-0.00118
3272	-7.18274E-4
3274	-5.29463E-4
3276	-4.78653E-4
3278	6.78157E-4
3280	5.54968E-4
3282	-1.72221E-5
3284	0.00168
3286	0.00107
3288	9.30209E-4
3290	3.03019E-4
3292	0.00146
3294	1.0164E-4
3296	1.3445E-4
3298	0.00264
3300	0.02106
3302	0.05587
3304	0.09206
3306	0.12878
3308	0.16071
3310	0.18974
3312	0.21671
3314	0.24315
3316	0.26426
3318	0.27069
3320	0.25593
3322	0.23239
3324	0.20569
3326	0.17701
3328	0.15186
3330	0.12906
3332	0.11051
3334	0.09475
3336	0.07963
3338	0.06703
3340	0.05626
3342	0.04851
3344	0.04162
3346	0.0367
3348	0.03317
3350	0.02776
3352	0.02305
3354	0.02102
3356	0.01761
3358	0.01476
3360	0.01263
3362	0.0119
3364	0.01289
3366	0.01359
3368	0.01237
3370	0.00962
3372	0.00917
3374	0.00912
3376	0.00911
3378	0.00954
3380	0.00722
3382	0.00579
3384	0.00679
3386	0.00558
3388	0.00641
3390	0.00755
3392	0.00703
3394	0.00597
3396	0.00528
3398	0.00545
3400	0.00498
3402	0.00316
3404	0.00225
3406	0.00391
3408	0.00543
3410	0.00475
3412	0.00451
3414	0.00594
3416	0.0066
3418	0.00737
3420	0.00723
3422	0.00601
3424	0.00548
3426	0.00544
3428	0.00541
3430	0.00477
3432	0.00367
3434	0.00359
3436	0.0032
3438	0.0025
3440	0.00243
3442	0.00453
3444	0.00574
3446	0.00607
3448	0.00638
3450	0.00727
3452	0.0063
3454	0.00535
3456	0.00481
3458	0.00324
3460	0.00325
3462	0.00309
3464	0.0029
3466	0.00281
3468	0.00205
3470	-2.18808E-4
3472	-0.00167
3474	8.66379E-5
3476	0.00155
3478	5.01084E-4
3480	0.0016
3482	0.00264
3484	0.00302
3486	0.00268
3488	0.00179
3490	0.00156
3492	0.00248
3494	0.00292
3496	0.00371
3498	0.00342
3500	0.00384
3502	0.00458
3504	0.00279
3506	0.00109
3508	8.02929E-4
3510	-5.63479E-5
3512	2.78375E-4
3514	0.00203
3516	0.00179
3518	0.00113
3520	8.27267E-4
3522	4.6899E-4
3524	0.00294
3526	0.00265
3528	0.00267
3530	0.00262
3532	0.00147
3534	0.00169
3536	0.00131
3538	0.00107
3540	0.00187
3542	0.00286
3544	0.00129
3546	0.00264
3548	0.00262
3550	-7.90888E-4
3552	-0.00128
3554	8.19558E-4
3556	0.00281
3558	0.0012
3560	-0.00143
3562	-9.8955E-4
3564	-0.00108
3566	-0.00178
3568	-9.80381E-4
3570	-6.26658E-4
3572	-0.00161
3574	-6.27212E-4
3576	6.47511E-4
3578	-0.00184
3580	-0.00259
3582	-2.8732E-4
3584	3.01403E-4
3586	3.84126E-4
3588	1.00849E-4
3590	9.79572E-4
3592	0.00194
3594	0.00283
3596	0.00298
3598	0.00317
3600	6.21187E-4
3602	-0.00111
3604	-0.00146
3606	-4.66644E-4
3608	0.00252
3610	0.00263
3612	0.00303
3614	0.00411
3616	0.00164
3618	2.21694E-4
3620	9.26417E-4
3622	0.00111
3624	8.02863E-4
3626	3.12586E-4
3628	6.88309E-4
3630	0.00256
3632	0.00266
3634	0.00259
3636	0.00166
3638	4.07924E-4
3640	-8.14353E-4
3642	-3.2863E-4
3644	7.26093E-4
3646	6.36816E-4
3648	-2.01704E-4
3650	6.16481E-4
3652	0.0034
3654	0.00226
3656	0.00198
3658	0.00194
3660	1.89407E-4
3662	3.33592E-4
3664	9.09777E-4
3666	2.58962E-4
3668	4.84147E-4
3670	0.00115
3672	1.55517E-4
3674	5.97019E-5
3676	-4.05113E-4
3678	8.80072E-4
3680	0.00107
3682	-0.00127
3684	-8.53373E-4
3686	0.00153
3688	0.00203
3690	0.00133
3692	-4.31633E-4
3694	2.52552E-4
3696	0.00115
3698	0.00108
3700	-1.07915E-4
3702	0.00187
3704	0.02115
3706	0.05757
3708	0.09896
3710	0.1391
3712	0.17482
3714	0.20827
3716	0.24016
3718	0.26944
3720	0.2922
3722	0.30149
3724	0.28695
3726	0.26009
3728	0.22957
3730	0.19976
3732	0.17242
3734	0.14816
3736	0.1285
3738	0.11107
3740	0.0939
3742	0.07896
3744	0.06583
3746	0.05543
3748	0.04846
3750	0.0432
3752	0.03701
3754	0.03197
3756	0.02807
3758	0.02388
3760	0.02089
3762	0.01997
3764	0.01814
3766	0.01569
3768	0.01439
3770	0.01343
3772	0.01378
3774	0.0117
3776	0.01089
3778	0.01101
3780	0.01079
3782	0.011
3784	0.0099
3786	0.00779
3788	0.0071
3790	0.00878
3792	0.00826
3794	0.00666
3796	0.00572
3798	0.00655
3800	0.00695
3802	0.00507
3804	0.00461
3806	0.00506
3808	0.0041
3810	0.00447
3812	0.00549
3814	0.00545
3816	0.00449
3818	0.00424
3820	0.00429
3822	0.00362
3824	0.00319
3826	0.00316
3828	0.00212
3830	0.00211
3832	0.00197
3834	0.00239
3836	0.00325
3838	0.00386
3840	0.00282
3842	0.00268
3844	0.00405
3846	0.00526
3848	0.0044
3850	0.0021
3852	-1.97429E-4
3854	-0.00143
3856	-0.00106
3858	4.98076E-4
3860	0.00218
3862	0.00193
3864	9.42581E-4
3866	5.14749E-4
3868	3.43918E-4
3870	-8.22914E-4
3872	-6.62746E-4
3874	4.94423E-4
3876	0.00195
3878	0.00183
3880	0.00169
3882	7.37096E-4
3884	0.00111
3886	1.36433E-4
3888	-5.89399E-4
3890	0.00219
3892	0.00435
3894	0.00447
3896	0.00224
3898	9.20443E-4
3900	0.0018
3902	0.00228
3904	0.00129
3906	3.79116E-4
3908	-5.73715E-4
3910	-4.62547E-4
3912	0.00179
3914	0.00197
3916	0.00102
3918	6.97126E-4
3920	0.00129
3922	0.00191
3924	6.10631E-4
3926	7.588E-4
3928	0.00151
3930	3.69136E-4
3932	-5.60695E-4
3934	2.58473E-4
3936	1.92641E-4
3938	-4.9919E-4
3940	8.26978E-4
3942	-2.32854E-4
3944	-0.00134
3946	-4.49517E-4
3948	-1.14349E-4
3950	2.38196E-5
3952	-6.16012E-4
3954	-0.00223
3956	-0.00223
3958	-5.79507E-4
3960	9.85661E-4
3962	0.00133
3964	-6.8002E-5
3966	-0.00145
3968	-5.82665E-4
3970	-0.00152
3972	-0.00125
3974	-4.0816E-4
3976	1.65008E-4
3978	-6.45824E-4
3980	3.49345E-4
3982	0.00112
3984	4.96681E-4
3986	-5.5715E-4
3988	-8.72982E-4
3990	-0.00138
3992	-0.00223
3994	-0.00294
3996	-0.00293
3998	-0.00232
4000	-0.00254
4002	-0.00237
4004	-0.00192
4006	-0.00124
4008	-0.00241
4010	-0.00208
4012	-6.54962E-4
4014	-4.69794E-4
4016	8.88375E-4
4018	0.00107
4020	3.15711E-4
4022	0.00121
4024	-0.00105
4026	-0.00175
4028	-8.24615E-4
4030	-7.33447E-4
4032	-2.62722E-4
4034	-3.07425E-4
4036	0.00165
4038	0.00202
4040	4.39466E-4
4042	-9.86238E-4
4044	-0.00151
4046	-0.0023
4048	-0.00263
4050	-0.00265
4052	-0.00265
4054	-0.00127
4056	-0.00128
4058	-7.26862E-4
4060	-2.65565E-4
4062	-7.50268E-4
4064	4.93029E-4
4066	0.00267
4068	0.00242
4070	0.00239
4072	0.00277
4074	0.00169
4076	4.0981E-4
4078	1.8107E-5
4080	-1.72818E-5
4082	-7.27957E-4
4084	-8.70632E-4
4086	-0.00169
4088	-0.00327
4090	-0.00427
4092	-0.00332
4094	-0.00136
4096	-1.84681E-4
4098	-2.35355E-4
4100	0.00156
4102	0.00191
4104	0.00296
4106	0.00639
4108	0.02481
4110	0.06112
4112	0.10355
4114	0.14563
4116	0.18697
4118	0.22617
4120	0.26073
4122	0.28845
4124	0.31217
4126	0.32512
4128	0.3143
4130	0.29043
4132	0.26015
4134	0.22665
4136	0.19782
4138	0.17217
4140	0.14916
4142	0.12871
4144	0.11034
4146	0.09568
4148	0.08359
4150	0.07138
4152	0.0606
4154	0.05291
4156	0.04654
4158	0.04059
4160	0.03653
4162	0.03343
4164	0.03022
4166	0.02785
4168	0.02599
4170	0.0242
4172	0.02289
4174	0.02121
4176	0.01915
4178	0.01751
4180	0.01703
4182	0.01604
4184	0.01571
4186	0.01709
4188	0.01607
4190	0.01409
4192	0.01468
4194	0.01333
4196	0.01319
4198	0.01313
4200	0.01241
4202	0.01077
4204	0.01125
4206	0.01183
4208	0.01003
4210	0.00943
4212	0.00973
4214	0.00774
4216	0.00786
4218	0.00957
4220	0.0089
4222	0.00904
4224	0.00842
4226	0.00841
4228	0.00762
4230	0.00829
4232	0.00843
4234	0.00753
4236	0.00639
4238	0.0063
4240	0.00566
4242	0.00653
4244	0.00652
4246	0.00524
4248	0.00569
4250	0.00492
4252	0.00567
4254	0.00687
4256	0.00686
4258	0.00734
4260	0.0051
4262	0.00373
4264	0.00335
4266	0.00359
4268	0.00384
4270	0.0037
4272	0.00403
4274	0.005
4276	0.00551
4278	0.00721
4280	0.00656
4282	0.00453
4284	0.00464
4286	0.00606
4288	0.0072
4290	0.00535
4292	0.0064
4294	0.00733
4296	0.00708
4298	0.0055
4300	0.00451
4302	0.00351
4304	0.00354
4306	0.00346
4308	0.00447
4310	0.00476
4312	0.00367
4314	0.00318
4316	0.00274
4318	0.00214
4320	0.00219
4322	0.00409
4324	0.00499
4326	0.0037
4328	0.00296
4330	0.00259
4332	0.00327
4334	0.00287
4336	0.0024
4338	0.00154
4340	2.39132E-4
4342	6.23888E-4
4344	0.00123
4346	0.00251
4348	0.00276
4350	0.00332
4352	0.00357
4354	0.00321
4356	0.00395
4358	0.00391
4360	0.004
4362	0.00257
4364	8.98201E-4
4366	0.00137
4368	0.00174
4370	0.0034
4372	0.00453
4374	0.00395
4376	0.00272
4378	0.00189
4380	0.0021
4382	9.86003E-4
4384	1.59759E-4
4386	-8.76486E-4
4388	-0.00104
4390	-8.45974E-4
4392	-2.34218E-4
4394	-3.91463E-4
4396	-1.67707E-4
4398	6.56049E-4
4400	7.35805E-4
4402	0.00202
4404	0.00303
4406	0.00353
4408	0.00471
4410	0.00365
4412	0.00129
4414	2.93095E-4
4416	7.34544E-4
4418	0.00121
4420	0.00158
4422	0.00257
4424	0.0019
4426	0.00218
4428	0.00243
4430	5.91453E-4
4432	-0.0011
4434	-1.94859E-4
4436	0.00205
4438	0.00186
4440	2.39673E-4
4442	8.59517E-4
4444	0.00273
4446	0.00282
4448	0.0015
4450	3.30893E-4
4452	-0.00109
4454	-7.58419E-4
4456	-0.00111
4458	-0.0018
4460	-0.00168
4462	-8.60042E-4
4464	-8.35213E-4
4466	-9.40183E-4
4468	-7.76153E-4
4470	7.77877E-4
4472	9.82907E-4
4474	3.53937E-4
4476	-8.70332E-5
4478	-1.00321E-6
4480	-5.88973E-4
4482	4.05677E-6
4484	-3.69132E-5
4486	9.41168E-5
4488	0.00165
4490	0.00355
4492	0.00244
4494	9.18237E-4
4496	0.00171
4498	8.17297E-4
4500	-8.05673E-4
4502	-4.23643E-4
4504	-7.13613E-4
4506	-0.00115
4508	-0.00205
4510	-0.00117
4512	0.01714
4514	0.0568
4516	0.10223
4518	0.14856
4520	0.19361
4522	0.23391
4524	0.26955
4526	0.3003
4528	0.32647
4530	0.34236
4532	0.33179
4534	0.30496
4536	0.27359
4538	0.24154
4540	0.21058
4542	0.18259
4544	0.15694
4546	0.13462
4548	0.11626
4550	0.10108
4552	0.0883
4554	0.07674
4556	0.06598
4558	0.05631
4560	0.04986
4562	0.04362
4564	0.03838
4566	0.0344
4568	0.02983
4570	0.02602
4572	0.02466
4574	0.02238
4576	0.02031
4578	0.02079
4580	0.02037
4582	0.01739
4584	0.01577
4586	0.01366
4588	0.01176
4590	0.01193
4592	0.01089
4594	0.00859
4596	0.00823
4598	0.00839
4600	0.00797
4602	0.00647
4604	0.00553
4606	0.00678
4608	0.00619
4610	0.00654
4612	0.00554
4614	0.00412
4616	0.00447
4618	0.00431
4620	0.00426
4622	0.00503
4624	0.00431
4626	0.00308
4628	0.0038
4630	0.00358
4632	0.0023
4634	0.00189
4636	0.00357
4638	0.00518
4640	0.00457
4642	0.00392
4644	0.00286
4646	9.82572E-4
4648	0.00117
4650	0.00224
4652	0.00226
4654	0.00257
4656	0.00446
4658	0.00519
4660	0.00435
4662	0.00313
4664	0.00123
4666	0.00149
4668	0.00195
4670	0.0016
4672	8.10322E-4
4674	0.00159
4676	0.00285
4678	0.00267
4680	0.00234
4682	0.00272
4684	0.00301
4686	0.00228
4688	0.0036
4690	0.00356
4692	0.00193
4694	0.00174
4696	8.99707E-4
4698	9.27073E-4
4700	0.00235
4702	0.00289
4704	0.00178
4706	0.00174
4708	0.00173
4710	8.53265E-4
4712	0.00123
4714	0.00146
4716	6.95362E-4
4718	3.88727E-4
4720	-3.75908E-4
4722	-8.19542E-4
4724	-4.01177E-4
4726	-0.00114
4728	-4.34459E-5
4730	6.23919E-4
4732	8.11285E-4
4734	0.0013
4736	9.54016E-4
4738	-2.81619E-4
4740	-1.41253E-4
4742	-4.99888E-4
4744	6.70477E-4
4746	0.00208
4748	7.59208E-4
4750	-5.55426E-4
4752	5.19391E-5
4754	0.00235
4756	0.00253
4758	0.0026
4760	0.00126
4762	9.60766E-4
4764	9.70132E-4
4766	0.00243
4768	0.00295
4770	0.00334
4772	0.00286
4774	0.00232
4776	0.00234
4778	0.00241
4780	8.05055E-4
4782	2.3742E-4
4784	3.59786E-4
4786	3.58151E-4
4788	-6.99483E-4
4790	-0.00157
4792	-0.00183
4794	-0.00213
4796	-0.00145
4798	-0.0016
4800	-0.00261
4802	-0.00147
4804	4.6623E-4
4806	0.00111
4808	0.00138
4810	-0.00103
4812	-0.00238
4814	-0.00349
4816	-0.00393
4818	-0.00328
4820	-0.00207
4822	-0.00177
4824	-0.00198
4826	-0.00209
4828	-2.03651E-5
4830	-0.00168
4832	-0.00222
4834	-7.07014E-4
4836	-6.6897E-5
4838	0.00122
4840	5.13371E-5
4842	-2.94546E-4
4844	7.31571E-4
4846	0.00138
4848	0.00214
4850	0.0022
4852	0.00187
4854	0.00303
4856	0.00337
4858	0.00215
4860	0.00207
4862	0.00342
4864	0.00397
4866	0.00205
4868	0.00144
4870	0.00204
4872	0.00316
4874	0.00262
4876	0.00282
4878	0.00121
4880	-5.27592E-4
4882	-2.90896E-4
4884	-6.792E-4
4886	-9.11504E-4
4888	-0.00114
4890	-7.45112E-4
4892	0.00117
4894	6.02286E-4
4896	-7.6027E-4
4898	-9.03827E-4
4900	6.76617E-4
4902	0.00108
4904	3.27505E-4
4906	-4.01051E-4
4908	-0.00106
4910	-2.00163E-4
4912	5.15281E-4
4914	0.00143
4916	0.01898
4918	0.05864
4920	0.10679
4922	0.15502
4924	0.19874
4926	0.24001
4928	0.27757
4930	0.31208
4932	0.34096
4934	0.35743
4936	0.34856
4938	0.32335
4940	0.29373
4942	0.26055
4944	0.22887
4946	0.19932
4948	0.17257
4950	0.14994
4952	0.13045
4954	0.11303
4956	0.09775
4958	0.08508
4960	0.07457
4962	0.06485
4964	0.05567
4966	0.04858
4968	0.04385
4970	0.03921
4972	0.03462
4974	0.03282
4976	0.03183
4978	0.03065
4980	0.02978
4982	0.02682
4984	0.02232
4986	0.01983
4988	0.01855
4990	0.01778
4992	0.01761
4994	0.01522
4996	0.01297
4998	0.01427
5000	0.01543
5002	0.01465
5004	0.01269
5006	0.01228
5008	0.01329
5010	0.01379
5012	0.01377
5014	0.01363
5016	0.01182
5018	0.00984
5020	0.00983
5022	0.008
5024	0.00771
5026	0.00871
5028	0.00856
5030	0.0074
5032	0.00738
5034	0.00534
5036	0.00325
5038	0.00262
5040	0.0036
5042	0.00311
5044	0.00421
5046	0.00417
5048	0.00421
5050	0.00395
5052	0.00394
5054	0.0039
5056	0.00439
5058	0.00654
5060	0.00691
5062	0.00558
5064	0.00425
5066	0.00383
5068	0.00366
5070	0.00464
5072	0.00557
5074	0.00421
5076	0.00493
5078	0.00554
5080	0.00533
5082	0.00363
5084	0.00177
5086	0.00152
5088	0.00213
5090	0.00272
5092	0.00311
5094	0.00209
5096	0.00376
5098	0.00468
5100	0.00604
5102	0.00612
5104	0.00455
5106	0.00594
5108	0.00578
5110	0.00324
5112	0.00228
5114	0.00347
5116	0.00405
5118	0.00285
5120	0.002
5122	0.00185
5124	5.0987E-4
5126	1.36536E-4
5128	0.00249
5130	0.00373
5132	0.00468
5134	0.00403
5136	0.00393
5138	0.00317
5140	0.00333
5142	0.00287
5144	0.00246
5146	8.51192E-4
5148	3.51857E-4
5150	0.00165
5152	0.00113
5154	0.00179
5156	0.00285
5158	0.00189
5160	9.52851E-4
5162	4.68517E-4
5164	-6.08177E-5
5166	-8.51152E-4
5168	-7.76486E-4
5170	-2.98208E-5
5172	-3.31552E-5
5174	-4.2149E-4
5176	4.96176E-4
5178	0.00162
5180	9.04507E-4
5182	8.33692E-4
5184	0.00146
5186	8.96391E-4
5188	0.00106
5190	0.00442
5192	0.00337
5194	8.7979E-4
5196	9.16397E-5
5198	0.00234
5200	9.10339E-4
5202	8.05189E-4
5204	0.00123
5206	0.00143
5208	0.00201
5210	0.00369
5212	0.0054
5214	0.00546
5216	0.00412
5218	0.00404
5220	0.00355
5222	0.00161
5224	1.15535E-4
5226	-5.30616E-4
5228	-7.80766E-4
5230	0.00124
5232	0.00177
5234	0.00176
5236	0.00303
5238	0.00319
5240	0.00234
5242	0.00244
5244	0.00242
5246	0.0013
5248	8.05914E-4
5250	-2.46059E-4
5252	-0.00186
5254	-4.45005E-4
5256	-1.01978E-4
5258	6.04889E-6
5260	4.47076E-4
5262	-1.53897E-4
5264	-0.00179
5266	-5.93844E-4
5268	2.98183E-4
5270	0.00143
5272	0.00177
5274	0.00114
5276	1.36291E-4
5278	-6.80458E-4
5280	-1.25124E-4
5282	5.23211E-4
5284	-9.72455E-4
5286	-0.00141
5288	-5.69786E-4
5290	-3.58451E-4
5292	-2.67117E-4
5294	9.27218E-4
5296	0.00299
5298	0.00301
5300	9.14221E-4
5302	-7.04444E-5
5304	-3.6111E-4
5306	1.70225E-4
5308	0.00105
5310	0.00223
5312	0.00136
5314	7.58563E-4
5316	0.00103
5318	0.00324
5320	0.01926
5322	0.05861
5324	0.10443
5326	0.15324
5328	0.19939
5330	0.24209
5332	0.28294
5334	0.31694
5336	0.34607
5338	0.36764
5340	0.36378
5342	0.34065
5344	0.30786
5346	0.27209
5348	0.23806
5350	0.20741
5352	0.18205
5354	0.15984
5356	0.13848
5358	0.12069
5360	0.10597
5362	0.09074
5364	0.07918
5366	0.0685
5368	0.06019
5370	0.05564
5372	0.04835
5374	0.04249
5376	0.03609
5378	0.03217
5380	0.02963
5382	0.0272
5384	0.02621
5386	0.02652
5388	0.02431
5390	0.02061
5392	0.01952
5394	0.01916
5396	0.01757
5398	0.01691
5400	0.01424
5402	0.0139
5404	0.01272
5406	0.01094
5408	0.01057
5410	0.00983
5412	0.01
5414	0.01061
5416	0.00882
5418	0.00889
5420	0.00789
5422	0.00622
5424	0.00683
5426	0.00749
5428	0.00717
5430	0.00761
5432	0.00843
5434	0.00811
5436	0.00823
5438	0.00907
5440	0.00822
5442	0.00543
5444	0.00556
5446	0.00596
5448	0.00463
5450	0.00566
5452	0.00519
5454	0.00523
5456	0.00528
5458	0.00596
5460	0.00519
5462	0.00476
5464	0.0027
5466	0.00217
5468	0.00213
5470	0.00255
5472	0.0035
5474	0.00438
5476	0.0047
5478	0.00543
5480	0.00599
5482	0.00483
5484	0.00526
5486	0.0056
5488	0.00482
5490	0.0042
5492	0.00317
5494	0.00201
5496	0.00215
5498	0.00358
5500	0.00444
5502	0.00445
5504	0.00396
5506	0.00285
5508	0.00304
5510	0.00224
5512	0.00273
5514	0.0023
5516	0.00217
5518	6.38916E-4
5520	3.88419E-5
5522	1.47683E-5
5524	7.71695E-4
5526	0.00123
5528	9.90547E-4
5530	7.38474E-4
5532	-3.096E-4
5534	-6.56673E-4
5536	-6.39747E-4
5538	7.46179E-4
5540	0.00299
5542	0.00341
5544	0.00265
5546	0.00112
5548	7.04811E-4
5550	-1.16262E-4
5552	9.14664E-4
5554	0.00325
5556	0.00421
5558	0.00455
5560	0.00352
5562	0.0046
5564	0.00528
5566	0.00386
5568	0.00289
5570	0.00134
5572	3.52928E-4
5574	0.0018
5576	6.97808E-5
5578	-0.00101
5580	-7.14366E-4
5582	0.00101
5584	0.00127
5586	0.0014
5588	0.00287
5590	0.00248
5592	5.03192E-4
5594	-4.27882E-4
5596	-6.20955E-4
5598	-8.58029E-4
5600	6.67898E-4
5602	8.66824E-4
5604	7.3475E-4
5606	0.00119
5608	0.00272
5610	0.00342
5612	0.00368
5614	0.00336
5616	0.00314
5618	0.00463
5620	0.00522
5622	0.00577
5624	0.00582
5626	0.00329
5628	0.00163
5630	0.00197
5632	0.00298
5634	0.00308
5636	0.0027
5638	-3.40501E-4
5640	-0.00229
5642	-6.64648E-4
5644	5.29278E-4
5646	2.51204E-4
5648	-0.00104
5650	2.67057E-4
5652	0.00146
5654	9.4291E-4
5656	1.58364E-5
5658	-0.00123
5660	-0.00138
5662	-5.55722E-4
5664	-3.2094E-4
5666	2.53842E-4
5668	-3.30376E-4
5670	-0.00207
5672	-0.00324
5674	-0.00366
5676	-0.00141
5678	-9.15465E-4
5680	-3.73683E-4
5682	-3.43901E-4
5684	7.88811E-5
5686	-2.36337E-4
5688	-8.99555E-4
5690	-5.87726E-5
5692	-8.1399E-4
5694	-0.00143
5696	3.86574E-4
5698	0.00176
5700	0.0022
5702	0.00114
5704	0.00105
5706	0.00136
5708	0.00156
5710	-3.59183E-4
5712	-6.61997E-4
5714	-0.00178
5716	-0.00131
5718	-9.15437E-4
5720	-0.00115
5722	-2.70647E-5
5724	0.01693
5726	0.05541
5728	0.10215
5730	0.1517
5732	0.19917
5734	0.24406
5736	0.2834
5738	0.31804
5740	0.34991
5742	0.37272
5744	0.36808
5746	0.3452
5748	0.31522
5750	0.28047
5752	0.248
5754	0.2175
5756	0.18896
5758	0.16494
5760	0.14283
5762	0.12496
5764	0.11161
5766	0.09811
5768	0.08497
5770	0.07356
5772	0.06423
5774	0.05583
5776	0.05144
5778	0.04816
5780	0.0428
5782	0.03868
5784	0.03599
5786	0.03141
5788	0.0278
5790	0.02537
5792	0.0238
5794	0.02169
5796	0.02036
5798	0.0195
5800	0.01956
5802	0.01859
5804	0.0173
5806	0.01774
5808	0.0168
5810	0.01441
5812	0.01432
5814	0.01274
5816	0.01063
5818	0.00847
5820	0.00877
5822	0.01102
5824	0.01133
5826	0.00839
5828	0.00723
5830	0.00602
5832	0.00481
5834	0.00576
5836	0.00671
5838	0.00694
5840	0.00849
5842	0.009
5844	0.00793
5846	0.00597
5848	0.00527
5850	0.00591
5852	0.00594
5854	0.00585
5856	0.00527
5858	0.00593
5860	0.00586
5862	0.0052
5864	0.00448
5866	0.00398
5868	0.00122
5870	3.29584E-4
5872	3.8055E-4
5874	0.00159
5876	0.00175
5878	1.01447E-4
5880	0.00135
5882	0.00222
5884	0.00127
5886	3.71309E-4
5888	0.00108
5890	0.00227
5892	0.00333
5894	0.00398
5896	0.00235
5898	3.29102E-4
5900	3.80676E-5
5902	3.72033E-4
5904	1.49999E-4
5906	5.63964E-4
5908	5.5893E-4
5910	0.0025
5912	0.00334
5914	0.00215
5916	9.2792E-5
5918	-4.47242E-4
5920	1.54723E-4
5922	0.00114
5924	-6.73459E-5
5926	-0.00104
5928	-9.16415E-4
5930	1.94551E-4
5932	-2.54484E-4
5934	-4.96518E-4
5936	0.00172
5938	0.0011
5940	-7.55622E-4
5942	-0.00121
5944	-0.00151
5946	-0.00106
5948	-5.22759E-4
5950	2.31206E-4
5952	0.00196
5954	0.00173
5956	0.001
5958	0.00134
5960	0.00262
5962	0.00163
5964	9.25965E-4
5966	8.43931E-4
5968	0.00146
5970	5.71862E-4
5972	3.44827E-4
5974	0.00154
5976	7.95758E-4
5978	0.00188
5980	0.00103
5982	-7.63451E-5
5984	4.2362E-4
5986	0.00167
5988	0.00193
5990	0.00228
5992	0.00221
5994	0.00122
5996	0.00104
5998	8.40379E-4
6000	8.93447E-5
6002	-1.2969E-4
6004	4.62758E-5
6006	6.24137E-6
6008	-6.07793E-4
6010	-0.00189
6012	-0.0021
6014	-2.92896E-4
6016	0.00159
6018	0.00143
6020	0.00191
6022	7.24966E-4
6024	5.50931E-4
6026	-4.44103E-4
6028	-0.00112
6030	-0.00194
6032	-0.00187
6034	-0.00203
6036	-5.44275E-4
6038	0.00166
6040	0.00311
6042	0.00352
6044	0.00321
6046	0.00297
6048	0.00163
6050	-1.61208E-4
6052	-0.00275
6054	-0.00376
6056	-0.00376
6058	-0.00439
6060	-0.00297
6062	-0.00428
6064	-0.0032
6066	-0.00297
6068	-0.00162
6070	-8.57087E-4
6072	1.62251E-5
6074	-4.11463E-4
6076	0.00136
6078	0.00236
6080	0.00198
6082	0.00147
6084	0.00111
6086	3.2341E-4
6088	2.69722E-4
6090	-1.82966E-4
6092	-5.43654E-4
6094	1.3461E-4
6096	7.59826E-4
6098	0.00115
6100	0.00154
6102	0.00134
6104	0.00104
6106	4.69905E-4
6108	-2.33879E-4
6110	-7.88663E-4
6112	1.65552E-4
6114	-8.37232E-4
6116	-0.00218
6118	-0.00157
6120	-5.05585E-4
6122	6.06631E-4
6124	3.28847E-4
6126	0.00114
6128	0.01449
6130	0.05106
6132	0.09743
6134	0.14826
6136	0.19834
6138	0.24273
6140	0.28324
6142	0.32065
6144	0.35371
6146	0.37759
6148	0.37658
6150	0.35283
6152	0.32281
6154	0.2893
6156	0.25554
6158	0.22445
6160	0.19479
6162	0.16889
6164	0.14799
6166	0.1298
6168	0.11115
6170	0.09574
6172	0.08589
6174	0.0763
6176	0.06578
6178	0.0565
6180	0.04875
6182	0.04539
6184	0.04148
6186	0.03702
6188	0.03387
6190	0.03104
6192	0.02838
6194	0.02771
6196	0.02677
6198	0.02564
6200	0.02444
6202	0.02327
6204	0.02239
6206	0.02048
6208	0.01744
6210	0.0172
6212	0.01689
6214	0.01518
6216	0.01373
6218	0.01208
6220	0.01007
6222	0.00945
6224	0.01061
6226	0.00999
6228	0.00827
6230	0.0093
6232	0.01056
6234	0.01112
6236	0.00967
6238	0.00958
6240	0.00963
6242	0.00974
6244	0.00946
6246	0.00917
6248	0.00873
6250	0.00827
6252	0.00919
6254	0.00783
6256	0.00685
6258	0.00664
6260	0.00692
6262	0.00467
6264	0.00352
6266	0.00376
6268	0.006
6270	0.00661
6272	0.00595
6274	0.00401
6276	0.00343
6278	0.00419
6280	0.00576
6282	0.00632
6284	0.00475
6286	0.00441
6288	0.00519
6290	0.0049
6292	0.00415
6294	0.0034
6296	0.00281
6298	0.00182
6300	0.00172
6302	0.00113
6304	0.00217
6306	0.00275
6308	0.00396
6310	0.00415
6312	0.00308
6314	0.00291
6316	0.00241
6318	0.00304
6320	0.00391
6322	0.0037
6324	0.00472
6326	0.00558
6328	0.00468
6330	0.00374
6332	0.00315
6334	0.00508
6336	0.00557
6338	0.0038
6340	0.00291
6342	0.00266
6344	0.00278
6346	9.82949E-4
6348	9.8739E-4
6350	0.00173
6352	0.00226
6354	0.00188
6356	8.57153E-4
6358	8.01593E-4
6360	-0.00105
6362	-0.0019
6364	-4.71085E-4
6366	8.52356E-4
6368	0.00394
6370	0.00353
6372	0.00235
6374	0.00124
6376	-1.2544E-4
6378	-6.7E-4
6380	-5.66559E-4
6382	-3.40118E-4
6384	7.77323E-4
6386	3.77632E-5
6388	-0.00113
6390	3.52645E-4
6392	2.39085E-4
6394	-7.91474E-4
6396	-3.65033E-4
6398	0.00102
6400	0.00107
6402	7.78289E-4
6404	-5.8727E-4
6406	-7.2783E-4
6408	0.00116
6410	0.00183
6412	0.00186
6414	4.80933E-4
6416	-5.39626E-4
6418	-7.00185E-4
6420	3.63255E-4
6422	7.94696E-4
6424	-1.12863E-4
6426	-0.0024
6428	-0.00234
6430	-0.00245
6432	-0.00313
6434	-0.00382
6436	-0.00353
6438	-0.00254
6440	-0.00216
6442	-0.00225
6444	-0.00188
6446	-0.00136
6448	6.99892E-4
6450	0.00122
6452	0.00131
6454	0.00162
6456	0.00166
6458	6.40629E-4
6460	1.60577E-4
6462	0.00107
6464	0.00116
6466	0.00174
6468	0.00342
6470	0.00275
6472	0.00181
6474	-6.65791E-4
6476	-0.00241
6478	-0.00307
6480	-9.38422E-4
6482	0.00176
6484	9.53827E-4
6486	0.00113
6488	0.00227
6490	0.00149
6492	9.83269E-5
6494	4.13452E-4
6496	-2.49423E-4
6498	2.40702E-4
6500	-4.06174E-4
6502	-0.00207
6504	-0.00357
6506	-0.00538
6508	-0.00507
6510	-0.0044
6512	-0.00279
6514	-0.00242
6516	-0.00284
6518	-0.0036
6520	-0.00285
6522	-0.00294
6524	-0.00312
6526	-0.0053
6528	-0.00531
6530	-0.00349
6532	0.0099
6534	0.04446
6536	0.09329
6538	0.14468
6540	0.19629
6542	0.24275
6544	0.28512
6546	0.32212
6548	0.35647
6550	0.38189
6552	0.3825
6554	0.36128
6556	0.33099
6558	0.29868
6560	0.26549
6562	0.23415
6564	0.20555
6566	0.17989
6568	0.15656
6570	0.13468
6572	0.11757
6574	0.10263
6576	0.09132
6578	0.07999
6580	0.0683
6582	0.0602
6584	0.0538
6586	0.04808
6588	0.04482
6590	0.04302
6592	0.03964
6594	0.03641
6596	0.03339
6598	0.02978
6600	0.02668
6602	0.02409
6604	0.02145
6606	0.019
6608	0.01795
6610	0.0174
6612	0.01573
6614	0.01566
6616	0.01632
6618	0.01557
6620	0.01453
6622	0.01304
6624	0.00962
6626	0.00823
6628	0.00852
6630	0.01051
6632	0.01099
6634	0.01009
6636	0.00842
6638	0.00714
6640	0.00742
6642	0.0073
6644	0.00595
6646	0.00714
6648	0.00867
6650	0.00704
6652	0.00601
6654	0.00741
6656	0.00913
6658	0.00887
6660	0.00925
6662	0.00958
6664	0.00915
6666	0.00702
6668	0.00653
6670	0.00755
6672	0.00835
6674	0.00822
6676	0.00829
6678	0.00769
6680	0.00578
6682	0.00408
6684	0.00294
6686	0.00175
6688	0.00163
6690	0.00217
6692	0.0024
6694	0.00215
6696	0.00162
6698	5.01653E-4
6700	0.00101
6702	0.00198
6704	0.00186
6706	0.00186
6708	0.00258
6710	0.00273
6712	0.00342
6714	0.0033
6716	0.00227
6718	0.00269
6720	0.00293
6722	0.00153
6724	0.00158
6726	0.00103
6728	-1.91266E-4
6730	-2.16677E-4
6732	0.00111
6734	6.36501E-4
6736	-6.48909E-4
6738	0.00111
6740	0.00365
6742	0.0035
6744	0.00185
6746	0.00176
6748	0.00165
6750	0.00127
6752	-6.44195E-4
6754	-0.00151
6756	7.10983E-4
6758	0.00329
6760	0.00361
6762	0.00176
6764	0.00141
6766	-1.30548E-4
6768	-3.21838E-4
6770	8.17872E-4
6772	7.25582E-4
6774	0.0012
6776	0.00161
6778	0.00169
6780	0.00207
6782	0.00354
6784	0.00292
6786	9.8455E-4
6788	1.1026E-4
6790	7.2597E-4
6792	7.50679E-4
6794	0.00107
6796	0.00142
6798	0.00249
6800	0.0024
6802	-5.17719E-5
6804	-4.32062E-4
6806	-0.00128
6808	-0.00147
6810	-7.99933E-4
6812	-7.19223E-4
6814	-0.00125
6816	-8.68776E-4
6818	-0.00124
6820	-0.00137
6822	-5.63299E-4
6824	-8.23473E-4
6826	-0.00116
6828	0.0017
6830	0.00464
6832	0.00463
6834	0.00472
6836	0.00525
6838	0.00466
6840	0.00159
6842	-8.6104E-4
6844	-0.00117
6846	-9.73884E-5
6848	0.00142
6850	0.00188
6852	0.00289
6854	0.003
6856	0.00363
6858	0.00408
6860	0.00234
6862	-0.00106
6864	-0.0021
6866	-0.00113
6868	0.00111
6870	8.59887E-4
6872	-5.3035E-4
6874	-9.48587E-4
6876	-0.00162
6878	3.3094E-4
6880	0.00115
6882	0.00175
6884	8.0523E-4
6886	-0.00242
6888	-0.00367
6890	-0.00369
6892	-0.00341
6894	-0.00326
6896	-0.00256
6898	-0.00157
6900	-7.67662E-4
6902	-0.00293
6904	-0.00339
6906	-0.00304
6908	-0.00225
6910	-4.98755E-4
6912	-3.16477E-5
6914	5.8846E-4
6916	-6.54433E-4
6918	-0.00222
6920	-0.00118
6922	-8.61112E-5
6924	0.00138
6926	0.00321
6928	0.00307
6930	0.00205
6932	0.00287
6934	0.00203
6936	0.00934
6938	0.04356
6940	0.09228
6942	0.14284
6944	0.19155
6946	0.23945
6948	0.28257
6950	0.31975
6952	0.35184
6954	0.37841
6956	0.38414
6958	0.36594
6960	0.33795
6962	0.30373
6964	0.27088
6966	0.23929
6968	0.21033
6970	0.18305
6972	0.15909
6974	0.1393
6976	0.11968
6978	0.10391
6980	0.09101
6982	0.07791
6984	0.06875
6986	0.06299
6988	0.05681
6990	0.04989
6992	0.04459
6994	0.04107
6996	0.03647
6998	0.03328
7000	0.03175
7002	0.03067
7004	0.02813
7006	0.02585
7008	0.02537
7010	0.02454
7012	0.02443
7014	0.02182
7016	0.0202
7018	0.0198
7020	0.01731
7022	0.01486
7024	0.01396
7026	0.01339
7028	0.01269
7030	0.01228
7032	0.01225
7034	0.01107
7036	0.01096
7038	0.01165
7040	0.01043
7042	0.00898
7044	0.00791
7046	0.00743
7048	0.00772
7050	0.00821
7052	0.00777
7054	0.00531
7056	0.0045
7058	0.00499
7060	0.0038
7062	0.00305
7064	0.00106
7066	-6.00217E-4
7068	6.24516E-4
7070	0.00326
7072	0.00366
7074	0.0036
7076	0.00289
7078	0.00499
7080	0.00385
7082	0.00405
7084	0.00503
7086	0.00496
7088	0.00355
7090	0.00433
7092	0.00249
7094	0.00142
7096	0.00216
7098	0.00423
7100	0.00538
7102	0.00477
7104	0.00411
7106	0.00362
7108	0.00319
7110	0.00229
7112	-1.73693E-5
7114	-3.00637E-4
7116	1.76096E-4
7118	-2.25172E-4
7120	0.00148
7122	0.00133
7124	-0.00116
7126	-0.0022
7128	6.49067E-6
7130	0.0024
7132	0.0018
7134	0.00157
7136	0.0019
7138	0.00151
7140	-2.45114E-4
7142	-7.06382E-4
7144	-0.00117
7146	-0.00164
7148	4.56816E-4
7150	9.63548E-4
7152	5.43281E-4
7154	7.00013E-4
7156	3.73746E-4
7158	0.00139
7160	0.00152
7162	-1.31057E-4
7164	-0.00113
7166	1.90408E-4
7168	0.0014
7170	0.00146
7172	0.00131
7174	0.00118
7176	0.0011
7178	0.00191
7180	0.00296
7182	0.00255
7184	-2.07999E-4
7186	-0.00154
7188	-2.59534E-4
7190	0.00117
7192	-1.60069E-4
7194	0.00111
7196	0.00169
7198	0.00337
7200	0.00148
7202	-0.00145
7204	-0.00209
7206	-7.49942E-4
7208	-5.19209E-4
7210	-0.00196
7212	-0.0021
7214	-0.00139
7216	-0.00167
7218	-0.00346
7220	-0.00361
7222	-0.00331
7224	-0.00264
7226	-0.0032
7228	-0.00274
7230	-0.00126
7232	-5.97419E-4
7234	3.12313E-4
7236	-4.99954E-4
7238	-0.0012
7240	-0.00121
7242	-9.41757E-4
7244	-0.00184
7246	-0.00191
7248	-9.86559E-4
7250	3.81173E-4
7252	0.00167
7254	0.00248
7256	0.00266
7258	0.00225
7260	-1.41644E-5
7262	-9.29432E-4
7264	-2.45699E-4
7266	1.97033E-4
7268	-8.33234E-4
7270	-0.00263
7272	-0.00321
7274	-0.00267
7276	-0.00246
7278	-0.00308
7280	-0.00475
7282	-0.00457
7284	-0.00365
7286	-0.00466
7288	-0.00554
7290	-0.00539
7292	-0.00449
7294	-0.00365
7296	-0.00283
7298	-0.00228
7300	-0.0027
7302	-8.41328E-4
7304	4.00918E-4
7306	0.00142
7308	0.00204
7310	3.73657E-4
7312	-8.75097E-4
7314	0.00116
7316	0.00204
7318	0.00113
7320	-3.22113E-4
7322	-0.00145
7324	-0.00276
7326	-0.00291
7328	-0.00253
7330	-0.00186
7332	-7.23636E-4
7334	4.0161E-4
7336	0.00114
7338	9.65103E-4
7340	0.00865
7342	0.03983
7344	0.08379
7346	0.13475
7348	0.18671
7350	0.23378
7352	0.2773
7354	0.31673
7356	0.35125
7358	0.38001
7360	0.38541
7362	0.36672
7364	0.33837
7366	0.30591
7368	0.27143
7370	0.24089
7372	0.2126
7374	0.1874
7376	0.16391
7378	0.14199
7380	0.12223
7382	0.10603
7384	0.09314
7386	0.08179
7388	0.07297
7390	0.0663
7392	0.06038
7394	0.05491
7396	0.04896
7398	0.04409
7400	0.04132
7402	0.03717
7404	0.03363
7406	0.03089
7408	0.02905
7410	0.02954
7412	0.02725
7414	0.02544
7416	0.02235
7418	0.01991
7420	0.01961
7422	0.01819
7424	0.01707
7426	0.01643
7428	0.01337
7430	0.00981
7432	0.00883
7434	0.00665
7436	0.0061
7438	0.00566
7440	0.00728
7442	0.00862
7444	0.00798
7446	0.00569
7448	0.00571
7450	0.00576
7452	0.0048
7454	0.00568
7456	0.00747
7458	0.00798
7460	0.00911
7462	0.01032
7464	0.00971
7466	0.00839
7468	0.00698
7470	0.00556
7472	0.00708
7474	0.00748
7476	0.0061
7478	0.00521
7480	0.00253
7482	-0.00167
7484	-0.00522
7486	-0.00533
7488	-0.00411
7490	-0.00328
7492	-0.00387
7494	-0.00454
7496	-0.00415
7498	-0.00321
7500	-0.00336
7502	-0.00365
7504	-0.00376
7506	-0.00302
7508	-0.00302
7510	-0.00148
7512	-9.35506E-4
7514	-0.00185
7516	-0.00173
7518	-0.001
7520	7.25817E-4
7522	-3.47352E-4
7524	-0.00213
7526	-0.00265
7528	-0.0024
7530	-0.00259
7532	-0.00321
7534	-0.00313
7536	-0.00125
7538	0.00174
7540	0.00447
7542	0.00687
7544	0.01033
7546	0.01237
7548	0.01307
7550	0.01301
7552	0.01089
7554	0.00985
7556	0.00868
7558	0.00906
7560	0.00939
7562	0.00862
7564	0.00589
7566	0.00387
7568	0.00443
7570	0.00447
7572	0.00307
7574	0.00285
7576	0.00114
7578	0.00226
7580	0.00367
7582	0.00449
7584	0.00469
7586	0.00626
7588	0.00539
7590	0.00402
7592	0.00471
7594	0.00502
7596	0.00499
7598	0.00412
7600	0.00316
7602	0.00247
7604	0.00105
7606	-3.74641E-5
7608	-1.57633E-4
7610	0.00165
7612	0.00368
7614	0.00409
7616	0.00294
7618	0.0016
7620	7.42351E-4
7622	3.36181E-4
7624	7.39012E-4
7626	0.00108
7628	-6.15327E-4
7630	-9.83496E-4
7632	-8.92665E-4
7634	3.33165E-4
7636	0.00127
7638	0.00131
7640	-8.01343E-4
7642	-0.00127
7644	-4.51681E-4
7646	0.00133
7648	0.00113
7650	4.06811E-4
7652	5.37641E-4
7654	6.37472E-4
7656	-3.46697E-4
7658	-3.56867E-4
7660	0.0016
7662	0.00215
7664	0.00224
7666	0.00263
7668	0.00254
7670	0.00226
7672	4.59948E-4
7674	-9.04221E-4
7676	-7.60625E-4
7678	-7.64043E-4
7680	-0.00216
7682	-0.00134
7684	2.07042E-5
7686	-0.00127
7688	-0.00231
7690	-0.00266
7692	-0.00198
7694	0.00209
7696	0.00293
7698	0.00173
7700	6.58362E-4
7702	-8.20556E-5
7704	-0.0019
7706	-0.00275
7708	-0.00157
7710	-1.88727E-4
7712	0.0019
7714	0.00185
7716	7.4102E-4
7718	0.00118
7720	0.00285
7722	0.00345
7724	0.00263
7726	7.26515E-4
7728	1.06057E-4
7730	-0.00101
7732	-5.26858E-4
7734	-0.00125
7736	-8.39774E-4
7738	-0.00116
7740	-5.12689E-4
7742	-8.66146E-4
7744	0.00441
7746	0.03345
7748	0.08014
7750	0.13278
7752	0.1856
7754	0.23376
7756	0.27659
7758	0.31626
7760	0.35148
7762	0.3807
7764	0.38932
7766	0.37364
7768	0.34541
7770	0.31223
7772	0.27998
7774	0.24885
7776	0.21785
7778	0.18906
7780	0.16544
7782	0.1448
7784	0.12634
7786	0.1129
7788	0.09871
7790	0.08739
7792	0.07796
7794	0.06911
7796	0.06037
7798	0.05278
7800	0.0457
7802	0.04205
7804	0.03974
7806	0.03656
7808	0.03258
7810	0.02914
7812	0.0288
7814	0.02665
7816	0.02476
7818	0.02313
7820	0.02039
7822	0.01917
7824	0.01771
7826	0.01539
7828	0.0144
7830	0.01306
7832	0.01124
7834	0.00944
7836	0.0093
7838	0.01039
7840	0.00905
7842	0.00871
7844	0.00958
7846	0.00908
7848	0.00886
7850	0.00998
7852	0.00999
7854	0.00879
7856	0.00869
7858	0.00884
7860	0.0078
7862	0.00716
7864	0.00614
7866	0.00461
7868	0.00306
7870	0.00158
7872	0.00202
7874	0.00272
7876	0.00245
7878	0.00385
7880	0.00554
7882	0.00405
7884	0.00285
7886	0.00358
7888	0.00377
7890	0.00431
7892	0.00388
7894	0.0034
7896	0.00503
7898	0.00445
7900	0.00454
7902	0.00412
7904	0.00378
7906	0.00254
7908	9.52078E-4
7910	4.2277E-4
7912	0.00241
7914	0.00233
7916	-1.81552E-5
7918	-0.00194
7920	-0.00143
7922	-0.0013
7924	1.39611E-4
7926	0.00228
7928	0.0018
7930	6.27686E-4
7932	-6.46219E-5
7934	-4.3393E-4
7936	2.14761E-4
7938	2.08453E-4
7940	3.04145E-4
7942	0.00161
7944	0.00128
7946	0.00161
7948	0.00154
7950	9.28603E-4
7952	2.54295E-4
7954	-1.91014E-4
7956	-6.71322E-4
7958	-0.00262
7960	-0.00251
7962	-1.47247E-4
7964	1.28445E-4
7966	-0.00136
7968	-0.00254
7970	-0.00117
7972	-2.06789E-4
7974	-4.2097E-5
7976	-2.70405E-4
7978	-0.00114
7980	-0.00143
7982	-0.00171
7984	-0.00169
7986	-0.00205
7988	-5.48255E-4
7990	-8.93564E-4
7992	-2.12872E-4
7994	-0.00128
7996	-0.00219
7998	-0.00362
8000	-0.00377
8002	-0.00286
8004	-0.00254
8006	-0.00314
8008	-0.00245
8010	-8.14647E-4
8012	-5.76955E-4
8014	-5.26264E-4
8016	2.86428E-4
8018	4.6212E-4
8020	-3.80189E-4
8022	2.21503E-4
8024	0.00203
8026	0.00149
8028	-6.42218E-6
8030	-0.00192
8032	-0.00322
8034	-0.00419
8036	-0.00532
8038	-0.00416
8040	-0.0017
8042	-5.88581E-4
8044	9.54111E-4
8046	0.002
8048	0.00278
8050	0.0026
8052	8.38878E-4
8054	-1.23431E-4
8056	-8.74739E-4
8058	-2.97047E-4
8060	-2.69711E-4
8062	-2.81127E-4
8064	-1.79543E-4
8066	-0.00161
8068	-0.00165
8070	-0.00111
8072	-0.00182
8074	-0.00241
8076	-0.00281
8078	-0.00287
8080	-0.00443
8082	-0.00417
8084	-0.00337
8086	-0.00311
8088	-0.00163
8090	-7.99488E-5
8092	-7.48365E-4
8094	-7.5778E-4
8096	-0.00107
8098	-0.00139
8100	-0.00261
8102	-0.00161
8104	-7.2486E-4
8106	4.50725E-4
8108	0.00193
8110	0.00288
8112	0.00184
8114	-8.73167E-4
8116	-0.00218
8118	-0.00216
8120	-0.00131
8122	6.86787E-5
8124	1.3389E-4
8126	-7.86899E-4
8128	-0.00127
8130	-0.00155
8132	-0.00145
8134	-0.00144
8136	-2.52841E-4
8138	8.237E-5
8140	-8.13419E-4
8142	-0.00246
8144	-0.00184
8146	-0.00102
8148	0.00362
8150	0.0289
8152	0.07405
8154	0.12434
8156	0.17702
8158	0.22616
8160	0.27309
8162	0.31561
8164	0.35097
8166	0.38037
8168	0.39149
8170	0.37684
8172	0.34918
8174	0.31709
8176	0.28165
8178	0.24719
8180	0.21878
8182	0.19454
8184	0.17039
8186	0.14823
8188	0.12969
8190	0.11421
8192	0.10079
8194	0.08772
8196	0.07748
8198	0.06879
8200	0.0618
8202	0.05504
8204	0.04923
8206	0.04513
8208	0.04195
8210	0.03706
8212	0.03324
8214	0.0307
8216	0.03017
8218	0.02802
8220	0.02482
8222	0.02396
8224	0.02205
8226	0.01919
8228	0.01855
8230	0.01783
8232	0.01478
8234	0.01324
8236	0.01314
8238	0.01508
8240	0.01574
8242	0.01361
8244	0.01138
8246	0.01039
8248	0.01094
8250	0.01045
8252	0.00951
8254	0.00882
8256	0.00839
8258	0.00928
8260	0.00855
8262	0.00838
8264	0.00857
8266	0.008
8268	0.00848
8270	0.00956
8272	0.00988
8274	0.0082
8276	0.00606
8278	0.00461
8280	0.00333
8282	0.00457
8284	0.00476
8286	0.00391
8288	0.00284
8290	0.0029
8292	0.00317
8294	0.00268
8296	0.00327
8298	0.00159
8300	6.53229E-4
8302	3.39498E-4
8304	0.00157
8306	0.0019
8308	0.00152
8310	0.003
8312	0.00374
8314	0.0028
8316	0.0044
8318	0.00595
8320	0.00505
8322	0.0042
8324	0.00467
8326	0.00501
8328	0.00435
8330	0.00389
8332	0.00383
8334	0.00242
8336	0.00168
8338	0.00171
8340	8.77622E-4
8342	-4.27109E-4
8344	9.65161E-4
8346	8.68431E-4
8348	0.00177
8350	0.00202
8352	0.00249
8354	0.00208
8356	0.00139
8358	0.00133
8360	7.65318E-4
8362	0.001
8364	0.00108
8366	0.00102
8368	0.00121
8370	0.00239
8372	7.69363E-5
8374	9.4206E-5
8376	0.00239
8378	0.0034
8380	0.00372
8382	0.005
8384	0.00412
8386	0.00267
8388	0.0026
8390	0.00247
8392	0.00164
8394	-3.89097E-4
8396	3.24172E-4
8398	0.00186
8400	9.23711E-4
8402	-5.38019E-4
8404	-0.00145
8406	-0.00163
8408	2.8279E-4
8410	5.00598E-5
8412	-5.66671E-4
8414	-6.21401E-4
8416	-0.0014
8418	-0.00128
8420	-0.00125
8422	-0.00139
8424	-7.68053E-4
8426	-9.90783E-4
8428	-2.60513E-4
8430	0.0016
8432	0.00148
8434	0.0013
8436	0.00109
8438	1.11835E-4
8440	-0.00122
8442	-0.00174
8444	-0.00131
8446	5.37507E-4
8448	4.79306E-4
8450	0.0015
8452	-3.41097E-4
8454	8.03702E-4
8456	0.00168
8458	0.00332
8460	0.00417
8462	0.00339
8464	0.0015
8466	9.34932E-5
8468	1.62918E-5
8470	2.8509E-4
8472	8.88889E-4
8474	0.0011
8476	0.00138
8478	0.00145
8480	0.00153
8482	0.00185
8484	5.10681E-4
8486	-0.00215
8488	-0.00346
8490	-0.00363
8492	-0.00345
8494	-0.00405
8496	-0.00411
8498	-0.00429
8500	-0.00402
8502	-0.00341
8504	-0.0041
8506	-0.00413
8508	-0.00375
8510	-0.00404
8512	-0.00189
8514	2.03148E-4
8516	-2.77168E-4
8518	-7.54483E-4
8520	6.35201E-4
8522	0.00268
8524	0.00306
8526	0.00258
8528	0.00178
8530	0.00113
8532	6.30793E-6
8534	4.80992E-4
8536	4.22677E-4
8538	3.13361E-4
8540	3.66334E-4
8542	-6.04503E-4
8544	-0.00137
8546	-0.00106
8548	-0.00172
8550	-0.0013
8552	0.00336
8554	0.02747
8556	0.06919
8558	0.11957
8560	0.17286
8562	0.22194
8564	0.26665
8566	0.30816
8568	0.34388
8570	0.37484
8572	0.38792
8574	0.37434
8576	0.34865
8578	0.31746
8580	0.28486
8582	0.25111
8584	0.21875
8586	0.19012
8588	0.16624
8590	0.14479
8592	0.12476
8594	0.10734
8596	0.09311
8598	0.0808
8600	0.07011
8602	0.06267
8604	0.05633
8606	0.04945
8608	0.04368
8610	0.03963
8612	0.03742
8614	0.03407
8616	0.03069
8618	0.02824
8620	0.02564
8622	0.02252
8624	0.02008
8626	0.0179
8628	0.01616
8630	0.01391
8632	0.01239
8634	0.0114
8636	0.0117
8638	0.01264
8640	0.01281
8642	0.01114
8644	0.00893
8646	0.00907
8648	0.0095
8650	0.00939
8652	0.00989
8654	0.00904
8656	0.00752
8658	0.008
8660	0.00615
8662	0.00455
8664	0.00311
8666	0.00392
8668	0.00448
8670	0.00276
8672	0.00284
8674	0.00278
8676	0.00279
8678	0.0014
8680	0.00178
8682	0.0031
8684	0.00316
8686	0.00198
8688	0.00231
8690	0.00219
8692	0.00366
8694	0.00458
8696	0.00247
8698	0.0011
8700	0.00229
8702	0.00192
8704	3.02838E-4
8706	-5.1467E-5
8708	-0.00195
8710	-0.00132
8712	4.91617E-4
8714	8.54311E-4
8716	-5.65994E-4
8718	-9.29988E-6
8720	-7.42605E-4
8722	-0.00161
8724	-0.00119
8726	-0.00145
8728	-6.45827E-4
8730	0.00157
8732	0.00193
8734	0.00155
8736	0.00192
8738	9.24645E-4
8740	8.1734E-4
8742	7.90034E-4
8744	-0.00179
8746	-0.00263
8748	-0.00119
8750	8.15812E-4
8752	0.00133
8754	6.00202E-4
8756	-5.90104E-4
8758	-0.00112
8760	-6.68715E-4
8762	-0.00163
8764	-0.00197
8766	-0.00214
8768	-9.55937E-4
8770	-2.91242E-4
8772	-0.00164
8774	-0.00199
8776	-0.00142
8778	-7.42464E-4
8780	-1.7777E-4
8782	-0.00129
8784	-0.00132
8786	-4.26861E-5
8788	-3.40992E-4
8790	-0.00126
8792	-0.00197
8794	-0.00124
8796	8.17865E-5
8798	3.8481E-5
8800	0.0011
8802	9.1987E-4
8804	6.31565E-4
8806	-0.00123
8808	-8.97046E-4
8810	-1.48352E-4
8812	-0.00227
8814	-0.00451
8816	-0.00408
8818	-0.00285
8820	-0.00137
8822	2.60815E-4
8824	-3.5249E-4
8826	-0.00118
8828	-1.88917E-4
8830	-4.73711E-4
8832	-0.00175
8834	-0.00149
8836	-4.22092E-4
8838	-0.00139
8840	-0.00225
8842	-0.00229
8844	-0.00215
8846	-0.00187
8848	-0.00279
8850	-0.00289
8852	-0.00256
8854	-0.00248
8856	-0.00365
8858	-0.00395
8860	-0.00346
8862	-0.0028
8864	-0.00187
8866	-0.00124
8868	-0.00162
8870	-0.00231
8872	-0.00348
8874	-0.00351
8876	-0.00413
8878	-0.00193
8880	6.28277E-5
8882	-5.97736E-4
8884	-8.98299E-4
8886	-4.90862E-4
8888	-5.27426E-4
8890	-7.51989E-4
8892	-0.00111
8894	1.78884E-4
8896	4.64321E-4
8898	-1.02421E-5
8900	-0.00156
8902	-0.00198
8904	-7.26932E-4
8906	-7.14495E-4
8908	-0.00156
8910	-0.00243
8912	-0.00142
8914	-8.61749E-4
8916	-0.00101
8918	-2.98875E-4
8920	-9.43853E-6
8922	-6.78002E-4
8924	2.74098E-4
8926	8.8205E-4
8928	2.55002E-4
8930	-6.01047E-4
8932	-5.83095E-4
8934	-8.46143E-4
8936	-0.00128
8938	-0.00216
8940	-0.00205
8942	-0.00213
8944	-0.00212
8946	-0.00231
8948	-0.00161
8950	-0.00154
8952	-0.00147
8954	-0.00136
8956	0.00229
8958	0.02626
8960	0.07064
8962	0.11977
8964	0.16987
8966	0.21576
8968	0.25904
8970	0.30153
8972	0.34083
8974	0.37537
8976	0.39531
8978	0.38688
8980	0.36162
8982	0.32775
8984	0.29279
8986	0.25787
8988	0.22598
8990	0.19845
8992	0.17374
8994	0.15181
8996	0.13065
8998	0.11234
9000	0.09822
9002	0.08682
9004	0.07538
9006	0.06597
9008	0.05856
9010	0.05316
9012	0.04911
9014	0.0442
9016	0.04008
9018	0.03611
9020	0.03457
9022	0.03198
9024	0.0282
9026	0.02407
9028	0.02223
9030	0.02124
9032	0.0189
9034	0.01862
9036	0.01758
9038	0.01547
9040	0.01404
9042	0.01505
9044	0.01577
9046	0.0152
9048	0.01467
9050	0.01328
9052	0.01162
9054	0.01085
9056	0.00864
9058	0.00661
9060	0.00619
9062	0.00724
9064	0.00651
9066	0.00536
9068	0.00629
9070	0.00581
9072	0.00315
9074	0.00175
9076	0.00229
9078	0.00335
9080	0.00366
9082	0.00226
9084	0.00383
9086	0.00423
9088	0.00443
9090	0.00536
9092	0.0052
9094	0.00519
9096	0.00571
9098	0.00323
9100	9.45497E-4
9102	-3.14958E-4
9104	-8.40414E-4
9106	0.00176
9108	0.00419
9110	0.00411
9112	0.00374
9114	0.00235
9116	0.00337
9118	0.00463
9120	0.0048
9122	0.00623
9124	0.00649
9126	0.0052
9128	0.00384
9130	0.00112
9132	4.35204E-4
9134	0.00108
9136	0.00185
9138	4.11836E-4
9140	-8.0462E-4
9142	-4.26076E-4
9144	7.84684E-5
9146	-3.29875E-5
9148	-7.15443E-4
9150	-6.66899E-4
9152	-1.16355E-4
9154	-4.29811E-4
9156	-8.33267E-4
9158	-0.0016
9160	-0.00101
9162	0.00163
9164	0.00307
9166	0.00396
9168	0.00389
9170	0.00368
9172	0.00263
9174	3.5163E-4
9176	-0.00221
9178	-0.0021
9180	5.22263E-4
9182	6.65807E-4
9184	3.92351E-4
9186	0.00101
9188	0.00129
9190	0.00149
9192	6.23528E-4
9194	3.90072E-4
9196	1.19616E-4
9198	-4.0184E-4
9200	-5.49296E-4
9202	5.82484E-5
9204	-5.60207E-4
9206	3.40337E-4
9208	7.15881E-4
9210	0.0016
9212	9.11969E-4
9214	-0.00333
9216	-0.00415
9218	-1.26399E-4
9220	2.79146E-4
9222	-4.2031E-4
9224	3.15234E-4
9226	-1.90222E-4
9228	-0.00114
9230	-9.33134E-4
9232	6.5441E-4
9234	0.00105
9236	0.00184
9238	0.00159
9240	0.00238
9242	0.00183
9244	0.00247
9246	0.00136
9248	0.00267
9250	0.0038
9252	0.00353
9254	0.00226
9256	0.00195
9258	6.74484E-4
9260	-1.44972E-4
9262	-2.96428E-4
9264	-6.83883E-4
9266	-0.00112
9268	1.15205E-4
9270	-0.00156
9272	-0.00256
9274	-0.00207
9276	-0.0014
9278	-0.00306
9280	-0.00331
9282	-0.00178
9284	-4.76442E-4
9286	4.56102E-4
9288	0.00222
9290	0.00171
9292	0.00136
9294	-7.67213E-5
9296	-8.36177E-4
9298	-0.00327
9300	-0.00481
9302	-0.00344
9304	-0.0017
9306	-2.76457E-4
9308	-9.67514E-4
9310	-0.00253
9312	-0.00216
9314	7.84823E-5
9316	0.00119
9318	0.00221
9320	0.00244
9322	0.00234
9324	0.00173
9326	-5.15255E-5
9328	-0.00314
9330	-0.00456
9332	-0.00444
9334	-0.00356
9336	-0.00295
9338	-0.00195
9340	-0.00217
9342	-0.00328
9344	-0.00556
9346	-0.00573
9348	-0.0059
9350	-0.00474
9352	-0.00404
9354	-0.0038
9356	-0.00226
9358	9.27971E-5
9360	0.00386
9362	0.02478
9364	0.06628
9366	0.11427
9368	0.16384
9370	0.21423
9372	0.26063
9374	0.30166
9376	0.33729
9378	0.36965
9380	0.38664
9382	0.37964
9384	0.35391
9386	0.32174
9388	0.28856
9390	0.25512
9392	0.2262
9394	0.20145
9396	0.17786
9398	0.15491
9400	0.13591
9402	0.11904
9404	0.10532
9406	0.09419
9408	0.08406
9410	0.07458
9412	0.0644
9414	0.05812
9416	0.05334
9418	0.0494
9420	0.04698
9422	0.04616
9424	0.04404
9426	0.04136
9428	0.03813
9430	0.03365
9432	0.03114
9434	0.02876
9436	0.02762
9438	0.02549
9440	0.02202
9442	0.02082
9444	0.0199
9446	0.01959
9448	0.01845
9450	0.01579
9452	0.01421
9454	0.01431
9456	0.01492
9458	0.01435
9460	0.01444
9462	0.01557
9464	0.01609
9466	0.01587
9468	0.01517
9470	0.01396
9472	0.01298
9474	0.01121
9476	0.00852
9478	0.009
9480	0.00996
9482	0.00962
9484	0.01085
9486	0.01111
9488	0.0094
9490	0.00857
9492	0.00834
9494	0.00803
9496	0.00502
9498	0.00283
9500	0.00355
9502	0.00403
9504	0.00348
9506	0.00426
9508	0.00286
9510	0.0029
9512	0.00237
9514	0.00212
9516	9.47302E-4
9518	3.86205E-4
9520	0.00104
9522	-8.19902E-5
9524	9.56912E-4
9526	0.00342
9528	0.0038
9530	0.00528
9532	0.00693
9534	0.00774
9536	0.00845
9538	0.00763
9540	0.00683
9542	0.009
9544	0.01038
9546	0.00767
9548	0.0031
9550	-6.38354E-4
9552	-0.00279
9554	-0.00369
9556	-0.00511
9558	-0.00518
9560	-0.004
9562	-0.00268
9564	-0.0037
9566	-0.00423
9568	-0.00376
9570	-0.00308
9572	-0.00414
9574	-0.00562
9576	-0.00634
9578	-0.00617
9580	-0.0058
9582	-0.00517
9584	-0.00368
9586	-0.00302
9588	-0.00266
9590	-0.00147
9592	0.00167
9594	0.00582
9596	0.00691
9598	0.00567
9600	0.00517
9602	0.00472
9604	0.0024
9606	8.34919E-4
9608	0.00175
9610	0.00437
9612	0.00345
9614	9.92529E-4
9616	-5.55679E-5
9618	3.49335E-4
9620	0.00192
9622	0.00241
9624	0.00353
9626	0.00343
9628	0.00167
9630	-2.7525E-4
9632	-7.50347E-4
9634	-3.93445E-4
9636	-3.56542E-4
9638	-4.21639E-4
9640	-0.00116
9642	4.68166E-4
9644	6.38068E-4
9646	-9.19029E-4
9648	-4.14126E-4
9650	-1.01224E-4
9652	-0.00124
9654	-0.00271
9656	-0.00225
9658	-0.00294
9660	-0.0032
9662	-0.00352
9664	-0.00215
9666	-9.79003E-4
9668	-4.761E-4
9670	-5.05198E-4
9672	-2.04295E-4
9674	-9.95393E-4
9676	-0.00165
9678	-0.00272
9680	-0.00295
9682	-0.0023
9684	-0.00199
9686	-2.11977E-4
9688	-9.78074E-4
9690	-0.00162
9692	-8.64461E-4
9694	-4.33586E-4
9696	-9.9871E-4
9698	-0.00138
9700	-0.00126
9702	-0.00136
9704	-0.00242
9706	-0.00298
9708	-5.55458E-4
9710	-0.00159
9712	-0.0035
9714	-0.00328
9716	-0.00107
9718	-0.00116
9720	-0.00186
9722	-0.00152
9724	-8.76454E-4
9726	0.00109
9728	0.00139
9730	-9.31828E-4
9732	-8.74953E-4
9734	-0.0014
9736	-4.25202E-4
9738	9.47674E-4
9740	0.00114
9742	0.00208
9744	0.00108
9746	6.96416E-4
9748	8.47378E-4
9750	-1.7766E-4
9752	-8.87698E-4
9754	-0.00156
9756	-4.51774E-4
9758	-4.86812E-4
9760	-0.0019
9762	-0.00254
9764	-0.00209
9766	0.01614
9768	0.05494
9770	0.10408
9772	0.15674
9774	0.20615
9776	0.25048
9778	0.29164
9780	0.32981
9782	0.36061
9784	0.37996
9786	0.37574
9788	0.35265
9790	0.32212
9792	0.2894
9794	0.2577
9796	0.2282
9798	0.20017
9800	0.17635
9802	0.15432
9804	0.1346
9806	0.11737
9808	0.10274
9810	0.09027
9812	0.07853
9814	0.06995
9816	0.06226
9818	0.05661
9820	0.05222
9822	0.04726
9824	0.04079
9826	0.03623
9828	0.03447
9830	0.03271
9832	0.02825
9834	0.02472
9836	0.02375
9838	0.02317
9840	0.02161
9842	0.01884
9844	0.01669
9846	0.0152
9848	0.01483
9850	0.01364
9852	0.01121
9854	0.00854
9856	0.00878
9858	0.00913
9860	0.00896
9862	0.00955
9864	0.00628
9866	0.00492
9868	0.0057
9870	0.00651
9872	0.0043
9874	0.00371
9876	0.00428
9878	0.00455
9880	0.0038
9882	0.00332
9884	0.00295
9886	0.00244
9888	0.00172
9890	0.00187
9892	0.00358
9894	0.00547
9896	0.00522
9898	0.00529
9900	0.00466
9902	0.00409
9904	0.00233
9906	0.00226
9908	0.00228
9910	0.00221
9912	0.00395
9914	0.00479
9916	0.00336
9918	0.00475
9920	0.00518
9922	0.00446
9924	0.00331
9926	0.00305
9928	0.00407
9930	0.00368
9932	0.00232
9934	0.00251
9936	0.0024
9938	0.00251
9940	0.0024
9942	0.00277
9944	0.00292
9946	0.00187
9948	0.0023
9950	0.00278
9952	0.00248
9954	0.00254
9956	0.00277
9958	0.00468
9960	0.00453
9962	0.00195
9964	7.65411E-4
9966	0.00207
9968	0.00272
9970	0.00275
9972	0.00224
9974	0.00162
9976	0.00246
9978	0.00337
9980	0.00232
9982	-2.11834E-4
9984	-0.00126
9986	-5.25778E-4
9988	0.00263
9990	0.00332
9992	0.00311
9994	0.00337
9996	0.00306
9998	7.39392E-4
10000	8.69203E-5
10002	0.00154
10004	0.00269
10006	0.00111
10008	4.33033E-4
10010	-5.82438E-4
10012	-7.9891E-4
10014	-4.73818E-5
10016	7.66146E-4
10018	2.06747E-5
10020	0.00119
10022	0.00111
10024	0.00103
10026	0.00165
10028	0.00145
10030	0.00227
10032	9.97373E-4
10034	1.18901E-4
10036	0.0012
10038	0.00118
10040	0.00157
10042	0.00341
10044	0.00227
10046	9.96071E-4
10048	9.43599E-4
10050	1.4127E-5
10052	8.50655E-4
10054	0.00212
10056	7.61712E-4
10058	0.00169
10060	0.00395
10062	0.00313
10064	0.00277
10066	0.0042
10068	0.00491
10070	0.00571
10072	0.00596
10074	0.00548
10076	0.00557
10078	0.00725
10080	0.00659
10082	0.00503
10084	0.00405
10086	0.00393
10088	0.00359
10090	0.00401
10092	0.00292
10094	0.00182
10096	0.00228
10098	0.00203
10100	0.00154
10102	0.00222
10104	0.001
10106	4.7468E-4
10108	0.00224
10110	0.00157
10112	-4.36211E-4
10114	-0.00219
10116	-0.00137
10118	-8.40103E-4
10120	-2.40733E-4
10122	-3.47136E-4
10124	6.0211E-6
10126	1.96178E-4
10128	5.88336E-4
10130	-0.00116
10132	-0.00259
10134	-0.00175
10136	-1.08035E-4
10138	6.13122E-4
10140	2.3728E-4
10142	0.00158
10144	0.00233
10146	0.00145
10148	-2.00909E-5
10150	-3.79336E-5
10152	0.00103
10154	-2.65619E-4
10156	-0.00124
10158	0.00186
10160	0.0037
10162	0.00263
10164	0.00149
10166	0.00143
10168	0.00165
10170	0.01714
10172	0.05548
10174	0.10327
10176	0.15405
10178	0.20556
10180	0.25273
10182	0.29379
10184	0.33014
10186	0.3614
10188	0.38412
10190	0.37969
10192	0.35612
10194	0.32714
10196	0.29511
10198	0.26372
10200	0.23257
10202	0.20375
10204	0.17821
10206	0.15687
10208	0.13716
10210	0.11845
10212	0.10321
10214	0.09049
10216	0.0792
10218	0.07034
10220	0.06354
10222	0.05678
10224	0.05116
10226	0.04544
10228	0.04006
10230	0.03613
10232	0.03271
10234	0.03196
10236	0.03035
10238	0.02726
10240	0.02375
10242	0.02221
10244	0.02117
10246	0.01922
10248	0.01673
10250	0.0147
10252	0.01427
10254	0.01394
10256	0.01409
10258	0.01372
10260	0.0137
10262	0.01376
10264	0.01245
10266	0.01229
10268	0.01205
10270	0.01181
10272	0.01138
10274	0.00863
10276	0.0079
10278	0.00719
10280	0.006
10282	0.00647
10284	0.00759
10286	0.00626
10288	0.00547
10290	0.00665
10292	0.00775
10294	0.0087
10296	0.00874
10298	0.00668
10300	0.00584
10302	0.00626
10304	0.00575
10306	0.00427
10308	0.00311
10310	0.00292
10312	0.00301
10314	0.00149
10316	0.00338
10318	0.00361
10320	0.00272
10322	0.00162
10324	7.19692E-4
10326	0.00119
10328	0.00269
10330	0.00204
10332	0.00227
10334	0.00365
10336	0.00362
10338	0.0035
10340	0.0042
10342	0.0026
10344	0.00291
10346	0.0048
10348	0.00542
10350	0.00328
10352	8.45862E-4
10354	0.00207
10356	4.71886E-4
10358	-7.41602E-4
10360	-2.9709E-4
10362	3.45422E-4
10364	7.41934E-4
10366	0.00194
10368	0.00111
10370	0.00169
10372	0.00121
10374	7.06495E-4
10376	0.00173
10378	-1.09481E-4
10380	-5.67969E-4
10382	3.42543E-4
10384	0.00111
10386	2.73568E-4
10388	6.3408E-4
10390	0.0026
10392	0.00313
10394	0.00291
10396	0.00364
10398	0.00227
10400	6.64153E-4
10402	-5.64335E-4
10404	0.00108
10406	0.00322
10408	0.00286
10410	0.0032
10412	0.00251
10414	0.00107
10416	8.9825E-4
10418	0.00266
10420	0.00253
10422	0.0023
10424	0.00306
10426	0.00302
10428	0.00123
10430	0.0016
10432	0.00332
10434	0.00414
10436	0.00331
10438	0.00184
10440	9.58395E-4
10442	0.00213
10444	8.16419E-4
10446	-1.06068E-4
10448	-3.19556E-4
10450	0.00136
10452	5.91468E-4
10454	-9.9402E-4
10456	-0.00204
10458	-0.00173
10460	-9.9746E-4
10462	-3.31245E-5
10464	8.32211E-4
10466	9.55546E-4
10468	9.60882E-4
10470	2.69217E-4
10472	-0.002
10474	-0.00148
10476	-0.00124
10478	-0.00135
10480	-0.0014
10482	9.02229E-4
10484	5.31565E-4
10486	0.00107
10488	0.00278
10490	0.00316
10492	0.0026
10494	0.00166
10496	0.00125
10498	5.97912E-4
10500	-0.00189
10502	-0.0017
10504	0.00104
10506	0.00191
10508	0.00146
10510	0.00159
10512	4.72415E-4
10514	-8.81653E-4
10516	-6.14721E-4
10518	-6.47894E-5
10520	-0.00104
10522	-0.00166
10524	0.00145
10526	0.00221
10528	0.00198
10530	0.00137
10532	-4.80267E-4
10534	-0.00126
10536	-9.37404E-4
10538	-0.00155
10540	-0.00257
10542	-0.00203
10544	-8.30677E-4
10546	0.00169
10548	0.00204
10550	7.31179E-5
10552	6.6905E-4
10554	-2.38562E-4
10556	3.9175E-4
10558	0.00154
10560	0.0014
10562	0.00255
10564	7.33999E-4
10566	-0.00112
10568	-0.0017
10570	-6.40065E-4
10572	-9.47524E-5
10574	0.0139
10576	0.04878
10578	0.09558
10580	0.14616
10582	0.19688
10584	0.24271
10586	0.28601
10588	0.32419
10590	0.35684
10592	0.37956
10594	0.37706
10596	0.35596
10598	0.32748
10600	0.29565
10602	0.265
10604	0.23536
10606	0.20782
10608	0.18143
10610	0.15867
10612	0.14056
10614	0.12423
10616	0.10976
10618	0.09704
10620	0.08526
10622	0.07291
10624	0.06481
10626	0.05847
10628	0.05076
10630	0.04424
10632	0.04052
10634	0.0385
10636	0.03617
10638	0.03398
10640	0.03076
10642	0.0279
10644	0.02346
10646	0.02062
10648	0.01911
10650	0.01976
10652	0.02088
10654	0.0194
10656	0.01868
10658	0.01862
10660	0.01876
10662	0.01759
10664	0.0153
10666	0.01444
10668	0.01327
10670	0.0117
10672	0.01131
10674	0.01121
10676	0.00952
10678	0.00796
10680	0.00749
10682	0.00784
10684	0.00926
10686	0.00881
10688	0.00802
10690	0.00614
10692	0.00625
10694	0.00574
10696	0.00288
10698	0.00272
10700	0.00113
10702	0.00135
10704	0.00123
10706	0.00129
10708	0.00158
10710	4.66427E-4
10712	-1.51985E-4
10714	9.5604E-5
10716	0.00267
10718	0.00375
10720	0.00224
10722	0.00107
10724	0.00197
10726	0.00201
10728	0.00188
10730	0.00389
10732	0.00569
10734	0.00456
10736	0.00256
10738	0.00162
10740	0.00151
10742	9.18842E-4
10744	0.00311
10746	0.00423
10748	0.00361
10750	0.00356
10752	0.00513
10754	0.00474
10756	0.00414
10758	0.0057
10760	0.00686
10762	0.00724
10764	0.00487
10766	0.00226
10768	6.29492E-4
10770	0.0018
10772	0.00128
10774	9.87258E-4
10776	0.00208
10778	0.00295
10780	0.00187
10782	5.85611E-4
10784	-1.80009E-6
10786	-0.00108
10788	-0.00136
10790	-0.00129
10792	-0.0015
10794	-0.00251
10796	-0.00228
10798	-3.07681E-4
10800	2.30908E-4
10802	9.95496E-4
10804	0.00123
10806	-8.79327E-4
10808	-0.00105
10810	0.00182
10812	0.00102
10814	-2.82973E-4
10816	-0.00119
10818	-2.69796E-4
10820	2.75792E-4
10822	-9.43619E-4
10824	4.6969E-5
10826	8.39557E-4
10828	-1.59854E-4
10830	-5.37266E-4
10832	-5.99677E-4
10834	4.25911E-4
10836	-6.415E-4
10838	-0.00217
10840	-0.00184
10842	-0.00159
10844	-0.00151
10846	-0.00209
10848	-6.20377E-4
10850	1.84383E-4
10852	-3.12857E-4
10854	0.00165
10856	0.00137
10858	6.74423E-4
10860	9.07183E-4
10862	0.00165
10864	0.00261
10866	0.00268
10868	6.74224E-4
10870	0.00101
10872	0.00131
10874	0.00176
10876	8.51265E-4
10878	-6.89752E-5
10880	-4.50215E-4
10882	0.00194
10884	0.00223
10886	3.04065E-4
10888	-6.19175E-4
10890	4.48235E-4
10892	2.69381E-4
10894	3.15266E-5
10896	7.16725E-5
10898	-3.88182E-4
10900	-5.29036E-4
10902	-5.8089E-4
10904	-8.82744E-4
10906	7.84402E-4
10908	9.50548E-4
10910	7.97694E-4
10912	-0.00118
10914	-0.00227
10916	-1.57868E-4
10918	0.00117
10920	-6.77577E-4
10922	-0.00286
10924	-0.00387
10926	-0.00273
10928	-0.00188
10930	-0.00171
10932	-0.00126
10934	-4.41555E-4
10936	-1.78409E-4
10938	4.08184E-4
10940	8.08295E-4
10942	4.99407E-4
10944	-0.00143
10946	-0.00275
10948	-0.00356
10950	-0.00314
10952	-0.00264
10954	-0.00231
10956	-8.99815E-4
10958	-7.15704E-4
10960	-0.00174
10962	-0.00327
10964	-0.00236
10966	-0.00218
10968	-0.00209
10970	-0.00263
10972	-0.00254
10974	-0.00139
10976	0.00125
10978	0.0132
10980	0.04931
10982	0.09804
10984	0.14889
10986	0.19704
10988	0.24329
10990	0.2858
10992	0.32305
10994	0.35696
10996	0.38103
10998	0.38064
11000	0.36102
11002	0.33286
11004	0.29987
11006	0.26676
11008	0.23672
11010	0.20996
11012	0.18585
11014	0.16148
11016	0.14128
11018	0.1236
11020	0.10911
11022	0.09619
11024	0.08473
11026	0.07496
11028	0.06543
11030	0.05833
11032	0.05272
11034	0.04838
11036	0.04496
11038	0.04162
11040	0.03733
11042	0.03491
11044	0.0327
11046	0.02972
11048	0.02735
11050	0.02556
11052	0.02294
11054	0.02127
11056	0.02044
11058	0.01954
11060	0.01715
11062	0.01611
11064	0.01503
11066	0.01348
11068	0.01245
11070	0.01512
11072	0.01533
11074	0.01373
11076	0.01223
11078	0.01189
11080	0.01113
11082	0.01205
11084	0.01275
11086	0.01248
11088	0.01103
11090	0.01019
11092	0.00895
11094	0.0083
11096	0.00672
11098	0.00652
11100	0.00703
11102	0.00756
11104	0.0061
11106	0.0065
11108	0.00502
11110	0.0059
11112	0.00881
11114	0.00736
11116	0.00749
11118	0.00903
11120	0.00887
11122	0.00788
11124	0.00675
11126	0.00629
11128	0.00813
11130	0.00718
11132	0.00533
11134	0.00704
11136	0.00647
11138	0.00545
11140	0.00545
11142	0.00465
11144	0.00419
11146	0.00398
11148	0.00388
11150	0.00477
11152	0.00566
11154	0.00576
11156	0.00476
11158	0.00379
11160	0.00286
11162	0.00268
11164	0.00308
11166	0.00391
11168	0.00184
11170	6.53802E-4
11172	3.16679E-4
11174	0.00189
11176	0.00258
11178	0.00446
11180	0.00489
11182	0.00391
11184	0.00357
11186	0.00329
11188	0.00217
11190	0.0025
11192	0.00259
11194	0.00193
11196	0.00271
11198	0.00266
11200	0.00225
11202	0.00324
11204	0.00276
11206	0.00185
11208	8.04454E-4
11210	7.97331E-4
11212	0.00181
11214	0.00191
11216	3.4996E-4
11218	8.76836E-4
11220	7.03713E-4
11222	-1.63411E-4
11224	0.00106
11226	0.00181
11228	7.35733E-4
11230	-5.6207E-4
11232	-6.51873E-4
11234	-1.92676E-4
11236	4.24521E-4
11238	0.00125
11240	0.00239
11242	0.00304
11244	0.00241
11246	0.00242
11248	0.00254
11250	0.00195
11252	5.63097E-4
11254	-0.00147
11256	1.12491E-4
11258	0.00173
11260	7.30885E-4
11262	0.00155
11264	0.0027
11266	0.0039
11268	0.00339
11270	0.00321
11272	0.00303
11274	0.00303
11276	0.00125
11278	-2.61492E-4
11280	3.94456E-4
11282	0.00126
11284	0.00297
11286	0.00279
11288	0.00135
11290	4.32197E-4
11292	-1.33855E-4
11294	-3.52907E-4
11296	-9.25959E-4
11298	-0.00204
11300	-0.0025
11302	-0.00194
11304	-0.00169
11306	-0.00123
11308	-0.00128
11310	-0.00333
11312	-0.00409
11314	-0.00378
11316	-0.00175
11318	0.00128
11320	0.00235
11322	0.00175
11324	-4.28984E-4
11326	-0.00143
11328	-0.00126
11330	-8.17428E-5
11332	4.71671E-4
11334	-7.29915E-4
11336	-7.00502E-4
11338	-6.02088E-4
11340	3.33326E-4
11342	-3.3726E-4
11344	-0.00131
11346	-8.44433E-4
11348	2.28981E-4
11350	-2.69606E-4
11352	-0.00222
11354	-0.00237
11356	-0.00113
11358	-4.62951E-4
11360	-9.22537E-4
11362	-0.00178
11364	-0.00128
11366	-0.00219
11368	-0.00355
11370	-0.00186
11372	-4.59382E-4
11374	-3.94529E-4
11376	-0.00188
11378	-0.00272
11380	-0.00279
11382	0.00899
11384	0.04282
11386	0.08782
11388	0.13935
11390	0.18885
11392	0.23526
11394	0.27904
11396	0.31713
11398	0.35103
11400	0.3757
11402	0.37655
11404	0.35904
11406	0.33108
11408	0.29833
11410	0.26755
11412	0.23777
11414	0.21068
11416	0.18416
11418	0.16053
11420	0.14109
11422	0.12303
11424	0.10687
11426	0.09226
11428	0.08018
11430	0.07169
11432	0.06402
11434	0.05834
11436	0.05412
11438	0.04881
11440	0.0456
11442	0.04
11444	0.03643
11446	0.03556
11448	0.03464
11450	0.03199
11452	0.02994
11454	0.02769
11456	0.02388
11458	0.02146
11460	0.01934
11462	0.01756
11464	0.01671
11466	0.01662
11468	0.01584
11470	0.01413
11472	0.01394
11474	0.01355
11476	0.01228
11478	0.01177
11480	0.01244
11482	0.01288
11484	0.01169
11486	0.01076
11488	0.01015
11490	0.0087
11492	0.00822
11494	0.00852
11496	0.0087
11498	0.00738
11500	0.00605
11502	0.00573
11504	0.00519
11506	0.00272
11508	0.00323
11510	0.00435
11512	0.00459
11514	0.00553
11516	0.0051
11518	0.00589
11520	0.00611
11522	0.00552
11524	0.00667
11526	0.00676
11528	0.00581
11530	0.00536
11532	0.00562
11534	0.00577
11536	0.00528
11538	0.00563
11540	0.005
11542	0.00534
11544	0.00449
11546	0.00328
11548	0.00414
11550	0.00342
11552	0.00104
11554	0.00249
11556	0.00459
11558	0.00438
11560	0.00287
11562	0.00145
11564	4.52918E-4
11566	0.0012
11568	0.00232
11570	0.00207
11572	-7.41792E-4
11574	-0.00144
11576	-4.66647E-4
11578	4.69425E-4
11580	6.62497E-4
11582	5.1957E-4
11584	-7.93577E-5
11586	0.00139
11588	0.00137
11590	5.8486E-4
11592	6.06932E-4
11594	0.00225
11596	0.00213
11598	3.19149E-4
11600	-0.00125
11602	-3.07706E-4
11604	0.00141
11606	0.00258
11608	0.00116
11610	6.28584E-4
11612	0.00295
11614	0.00214
11616	0.00226
11618	0.00235
11620	0.00215
11622	0.00238
11624	0.00222
11626	0.00154
11628	0.00101
11630	3.75308E-4
11632	-0.00169
11634	-0.0016
11636	0.00101
11638	0.00151
11640	6.96704E-5
11642	5.77743E-4
11644	4.12815E-4
11646	0.00124
11648	0.002
11650	1.10033E-4
11652	-0.00181
11654	-0.00172
11656	-0.00247
11658	-0.00141
11660	-0.00262
11662	-0.00143
11664	-1.8546E-4
11666	0.00134
11668	0.0016
11670	3.17569E-5
11672	-0.00137
11674	-0.0017
11676	-5.44026E-4
11678	-5.32953E-4
11680	-0.002
11682	-0.0043
11684	-0.00331
11686	-0.00322
11688	-0.00376
11690	-0.0042
11692	-0.0017
11694	-1.74374E-4
11696	2.78699E-4
11698	0.00113
11700	2.21843E-4
11702	-0.00118
11704	-0.00129
11706	8.12964E-4
11708	0.00131
11710	-4.34153E-4
11712	-0.00118
11714	-0.00264
11716	-0.00438
11718	-0.00388
11720	-0.00437
11722	-0.00351
11724	-0.0011
11726	0.00125
11728	0.00194
11730	0.00246
11732	0.00224
11734	1.70147E-4
11736	6.83589E-4
11738	9.93031E-4
11740	0.0017
11742	0.00189
11744	2.72356E-4
11746	5.60798E-4
11748	8.12239E-4
11750	3.86811E-5
11752	-0.00126
11754	-0.00172
11756	-8.76615E-4
11758	-0.00148
11760	-0.00274
11762	-0.00233
11764	-0.00168
11766	-5.74356E-4
11768	-8.00104E-4
11770	-1.58516E-5
11772	-0.0017
11774	-0.00183
11776	-0.0016
11778	-0.00249
11780	-0.00256
11782	-0.00238
11784	-0.00153
11786	0.00809
11788	0.03887
11790	0.08334
11792	0.13285
11794	0.18263
11796	0.22989
11798	0.27218
11800	0.31027
11802	0.34439
11804	0.36937
11806	0.3735
11808	0.3586
11810	0.33292
11812	0.3028
11814	0.26915
11816	0.23901
11818	0.21023
11820	0.18519
11822	0.16247
11824	0.14162
11826	0.12474
11828	0.10836
11830	0.09515
11832	0.08404
11834	0.07607
11836	0.07032
11838	0.06323
11840	0.05747
11842	0.05218
11844	0.04513
11846	0.04146
11848	0.0397
11850	0.03636
11852	0.03185
11854	0.02986
11856	0.02648
11858	0.02332
11860	0.02336
11862	0.02273
11864	0.02117
11866	0.01915
11868	0.0171
11870	0.01626
11872	0.01457
11874	0.01455
11876	0.01276
11878	0.01178
11880	0.01238
11882	0.01221
11884	0.00954
11886	0.00932
11888	0.0099
11890	0.0105
11892	0.00948
11894	0.00704
11896	0.00601
11898	0.00493
11900	0.00502
11902	0.0067
11904	0.0074
11906	0.00656
11908	0.00516
11910	0.00436
11912	0.00533
11914	0.00623
11916	0.00627
11918	0.00516
11920	0.00332
11922	0.00438
11924	0.00442
11926	0.00301
11928	0.00136
11930	-2.07889E-4
11932	-7.14256E-4
11934	-8.41622E-4
11936	0.00183
11938	0.00388
11940	0.00296
11942	0.00202
11944	0.00322
11946	0.00329
11948	0.00363
11950	0.0045
11952	0.00559
11954	0.00333
11956	0.00222
11958	0.00237
11960	0.00185
11962	2.49248E-4
11964	-9.96118E-4
11966	-3.43484E-4
11968	7.15149E-4
11970	5.74783E-4
11972	0.00137
11974	0.00191
11976	0.00156
11978	0.00149
11980	0.00141
11982	0.00208
11984	0.00211
11986	7.14851E-4
11988	-5.40515E-4
11990	-6.43881E-4
11992	-5.93248E-4
11994	6.18386E-4
11996	0.00172
11998	0.00191
12000	0.00258
12002	0.0022
12004	0.00123
12006	6.67187E-4
12008	0.00147
12010	0.00123
12012	8.56088E-4
12014	4.41722E-4
12016	4.39355E-4
12018	-1.99011E-4
12020	-1.00377E-4
12022	-2.84744E-4
12024	-0.00155
12026	-0.00323
12028	-0.00242
12030	-0.00116
12032	-0.00278
12034	-0.00123
12036	-9.86309E-4
12038	-0.00101
12040	-4.66042E-4
12042	-2.11408E-4
12044	9.42226E-4
12046	0.00199
12048	0.00117
12050	-4.18736E-5
12052	-3.7624E-4
12054	-7.75606E-4
12056	-7.65973E-4
12058	-0.00202
12060	-0.00284
12062	-0.00122
12064	-1.50438E-4
12066	1.58195E-4
12068	2.82829E-4
12070	8.44623E-5
12072	6.24096E-4
12074	8.9373E-4
12076	3.58363E-4
12078	-0.00209
12080	-0.00336
12082	-0.00464
12084	-0.0035
12086	-0.00212
12088	-1.32835E-4
12090	-4.23684E-4
12092	-0.00322
12094	-0.00231
12096	-0.0014
12098	-0.00227
12100	-0.00258
12102	-0.00367
12104	-0.00365
12106	-0.00386
12108	-0.00342
12110	-0.00308
12112	-0.00362
12114	-0.00237
12116	-0.00249
12118	-0.00348
12120	-0.00453
12122	-0.00436
12124	-0.00437
12126	-0.00464
12128	-0.00421
12130	-0.00396
12132	-0.00506
12134	-0.00514
12136	-0.00512
12138	-0.00473
12140	-0.00375
12142	-0.00277
12144	-0.00295
12146	-0.0033
12148	-0.00156
12150	-2.177E-4
12152	5.05585E-4
12154	0.00116
12156	0.00166
12158	0.00174
12160	0.00107
12162	5.17008E-4
12164	3.52292E-4
12166	-0.00131
12168	-0.00247
12170	-0.00384
12172	-0.00327
12174	-0.00298
12176	-0.00317
12178	-0.00234
12180	-0.00188
12182	-1.15146E-4
12184	8.59138E-4
