time	cp
2	-5.74885E-4
4	-5.85887E-4
6	-1.20889E-4
8	-4.86891E-4
10	3.21074E-5
12	1.67105E-4
14	9.28103E-4
16	5.87101E-4
18	4.64099E-4
20	8.80974E-5
22	-4.74905E-4
24	-1.12907E-4
26	-3.69909E-4
28	1.64089E-4
30	-9.79126E-5
32	-0.00116
34	2.04083E-4
36	8.26081E-4
38	2.92079E-4
40	5.45077E-4
42	6.07075E-4
44	7.84073E-4
46	6.91071E-4
48	2.78069E-4
50	0.00145
52	9.76065E-4
54	0.00139
56	0.00105
58	0.00106
60	0.00103
62	1.40554E-5
64	-0.00118
66	-0.00123
68	0.00472
70	0.01133
72	0.00799
74	-4.03957E-4
76	-0.01163
78	-0.02201
80	-0.03269
82	-0.04128
84	-0.04971
86	-0.07118
88	-0.09638
90	-0.11512
92	-0.12622
94	-0.13099
96	-0.13207
98	-0.13021
100	-0.1262
102	-0.12111
104	-0.11549
106	-0.109
108	-0.10173
110	-0.09409
112	-0.08741
114	-0.08157
116	-0.07614
118	-0.07015
120	-0.06519
122	-0.06029
124	-0.0551
126	-0.05069
128	-0.04611
130	-0.04103
132	-0.03715
134	-0.03513
136	-0.03227
138	-0.02935
140	-0.02666
142	-0.02568
144	-0.02375
146	-0.02118
148	-0.01953
150	-0.01915
152	-0.01917
154	-0.01785
156	-0.01593
158	-0.01506
160	-0.01487
162	-0.01431
164	-0.01286
166	-0.01108
168	-0.01038
170	-0.00866
172	-0.00729
174	-0.0065
176	-0.0051
178	-0.00473
180	-0.00439
182	-0.00448
184	-0.00388
186	-0.00274
188	-0.0024
190	-0.00247
192	-0.00283
194	-0.00233
196	-1.69079E-4
198	4.46919E-4
200	-9.09083E-4
202	-0.00119
204	-0.00109
206	-0.00149
208	-0.00151
210	-9.22093E-4
212	-2.56095E-4
214	-0.00109
216	-0.00234
218	-0.00307
220	-0.00316
222	-0.00281
224	-0.00233
226	-7.96109E-4
228	9.61889E-4
230	0.00138
232	0.00117
234	4.30883E-4
236	4.47881E-4
238	-1.49121E-4
240	-5.32123E-4
242	6.18753E-5
244	5.62873E-4
246	0.0012
248	0.00124
250	0.00142
252	0.00197
254	0.00227
256	0.00286
258	0.00249
260	0.00282
262	0.00183
264	0.00184
266	0.00125
268	6.18849E-4
270	4.06847E-4
272	2.28845E-4
274	0.00127
276	0.00207
278	0.00214
280	0.00196
282	0.00186
284	0.00166
286	0.00116
288	0.00116
290	0.00123
292	0.00181
294	0.00253
296	0.00174
298	0.00204
300	0.00179
302	7.70815E-4
304	7.04813E-4
306	8.20811E-4
308	0.00123
310	0.00151
312	-2.41948E-5
314	2.28032E-5
316	3.58012E-5
318	0.0015
320	0.00218
322	0.00209
324	0.00248
326	0.00371
328	0.00333
330	0.00215
332	5.88522E-4
334	-3.85876E-5
336	4.33032E-5
338	0.00104
340	0.00128
342	0.00139
344	7.34866E-4
346	4.19757E-4
348	5.60648E-4
350	2.15386E-5
352	2.46429E-4
354	2.9532E-4
356	-6.24789E-4
358	-0.00105
360	-2.90007E-4
362	8.84883E-4
364	0.00146
366	5.28665E-4
368	1.28556E-4
370	5.9839E-4
372	0.00114
374	7.21473E-4
376	-8.87485E-4
378	-0.00143
380	-1.57402E-4
382	-2.2836E-4
384	-4.10318E-4
386	-4.27276E-4
388	5.29766E-4
390	-5.01927E-5
392	-2.73151E-4
394	-7.01092E-5
396	-4.55067E-4
398	5.97974E-4
400	4.54016E-4
402	3.28058E-4
404	-1.599E-4
406	-0.00104
408	-5.67817E-4
410	0.00407
412	0.01572
414	0.02733
416	0.03373
418	0.03439
420	0.03083
422	0.02655
424	0.02378
426	0.02119
428	0.01865
430	0.00355
432	-0.02064
434	-0.04081
436	-0.05645
438	-0.06668
440	-0.07321
442	-0.07586
444	-0.07614
446	-0.07579
448	-0.07305
450	-0.07159
452	-0.06848
454	-0.0649
456	-0.06098
458	-0.05702
460	-0.0535
462	-0.04926
464	-0.04581
466	-0.04325
468	-0.0394
470	-0.03632
472	-0.03425
474	-0.03169
476	-0.02835
478	-0.02609
480	-0.02449
482	-0.0227
484	-0.02165
486	-0.02101
488	-0.02059
490	-0.019
492	-0.01788
494	-0.01713
496	-0.01563
498	-0.01401
500	-0.01245
502	-0.01159
504	-0.01076
506	-0.01124
508	-0.01083
510	-0.00991
512	-0.00812
514	-0.00743
516	-0.00712
518	-0.00606
520	-0.00537
522	-0.00604
524	-0.00635
526	-0.00681
528	-0.00628
530	-0.00596
532	-0.00551
534	-0.00594
536	-0.00574
538	-0.00538
540	-0.00492
542	-0.0053
544	-0.00468
546	-0.00324
548	-0.00295
550	-0.00236
552	-0.00262
554	-0.003
556	-0.00234
558	-5.98292E-4
560	-9.36154E-4
562	-7.69015E-4
564	-0.001
566	-1.88738E-4
568	3.14004E-5
570	-2.40461E-4
572	-8.94322E-4
574	-0.0016
576	-0.00141
578	-9.60907E-4
580	-0.00137
582	-0.0021
584	-0.00155
586	-0.00135
588	-0.00151
590	-4.04076E-4
592	-2.51937E-4
594	3.33202E-4
596	5.7234E-4
598	-6.65214E-5
600	-0.00162
602	-0.0014
604	-8.54106E-4
606	-0.00147
608	-6.63829E-4
610	-0.00142
612	-0.00128
614	-5.67413E-4
616	-6.33275E-4
618	-4.48136E-4
620	1.28003E-4
622	6.22141E-4
624	0.00202
626	0.00182
628	6.17557E-4
630	7.24695E-4
632	-4.21662E-5
634	-0.00127
636	-9.96889E-4
638	-0.0014
640	-4.2612E-5
642	8.80527E-4
644	2.05665E-4
646	7.16804E-4
648	0.00169
650	0.00216
652	0.0021
654	0.00222
656	0.00284
658	0.00295
660	0.00331
662	0.00364
664	0.00221
666	0.00127
668	-7.09E-5
670	-4.67604E-4
672	5.01692E-4
674	3.81988E-4
676	5.07284E-4
678	0.0012
680	0.0015
682	0.00234
684	0.00124
686	-2.02237E-4
688	-1.09407E-5
690	-4.51645E-4
692	-3.87349E-4
694	9.79947E-4
696	0.00136
698	5.90701E-4
700	-1.85472E-4
702	-0.00116
704	-0.00117
706	-0.00114
708	-7.61162E-4
710	-1.11334E-4
712	7.78493E-4
714	1.03209E-5
716	0.00105
718	2.18976E-4
720	-1.12197E-4
722	-7.05369E-4
724	-6.55541E-4
726	-1.55714E-4
728	-5.13886E-4
730	5.19411E-5
732	-1.26231E-4
734	-8.08404E-4
736	-7.70576E-4
738	-7.9843E-4
740	8.56194E-4
742	0.00116
744	0.00148
746	3.14065E-4
748	-0.001
750	-0.00208
752	-7.07064E-4
754	0.00337
756	0.01751
758	0.03524
760	0.04874
762	0.05765
764	0.06322
766	0.06827
768	0.0726
770	0.07509
772	0.07866
774	0.06941
776	0.04689
778	0.02345
780	0.00533
782	-0.0081
784	-0.0176
786	-0.02524
788	-0.0307
790	-0.03512
792	-0.03793
794	-0.03969
796	-0.04011
798	-0.03941
800	-0.03782
802	-0.03633
804	-0.03525
806	-0.03303
808	-0.0304
810	-0.02852
812	-0.02683
814	-0.02523
816	-0.02417
818	-0.02208
820	-0.01961
822	-0.01896
824	-0.01729
826	-0.01553
828	-0.01375
830	-0.01219
832	-0.01159
834	-0.01184
836	-0.011
838	-0.01024
840	-0.00927
842	-0.00903
844	-0.00941
846	-0.00898
848	-0.00748
850	-0.00761
852	-0.00826
854	-0.00864
856	-0.00766
858	-0.00654
860	-0.00617
862	-0.00589
864	-0.00546
866	-0.0049
868	-0.00453
870	-0.00547
872	-0.00503
874	-0.00382
876	-0.00321
878	-0.00292
880	-0.00275
882	-0.00393
884	-0.00409
886	-0.00352
888	-0.00295
890	-0.00258
892	-0.00224
894	-0.00151
896	-0.00194
898	-0.0021
900	-0.00228
902	-0.002
904	-0.00181
906	-0.0016
908	1.29282E-4
910	-7.28459E-5
912	-6.70974E-4
914	-0.00101
916	3.27705E-5
918	0.00104
920	0.00157
922	3.53387E-4
924	7.04259E-4
926	0.00154
928	0.00142
930	-3.61125E-4
932	-4.89252E-4
934	1.9362E-4
936	7.84919E-5
938	-6.4636E-5
940	-6.77764E-4
942	-4.11892E-4
944	0.00182
946	0.0018
948	0.00144
950	0.00308
952	0.00326
954	0.00242
956	0.00222
958	0.00118
960	5.89575E-5
962	-3.7617E-4
964	1.07018E-5
966	-9.77426E-4
968	-0.00149
970	-0.00126
972	-0.0012
974	-6.60937E-4
976	-3.43065E-4
978	-4.52193E-4
980	-8.85321E-4
982	-0.00102
984	-0.00107
986	-0.00161
988	-0.00203
990	-0.0016
992	-3.36346E-4
994	-1.38716E-5
996	5.74603E-4
998	0.00117
1000	0.00234
1002	0.00147
1004	0.00146
1006	0.00175
1008	0.00164
1010	0.00297
1012	0.00354
1014	0.00301
1016	0.00196
1018	0.00218
1020	0.00309
1022	0.00246
1024	0.00384
1026	0.00416
1028	0.00412
1030	0.00492
1032	0.0051
1034	0.00425
1036	0.00405
1038	0.00417
1040	0.0046
1042	0.0047
1044	0.00329
1046	0.00271
1048	0.00163
1050	0.0016
1052	0.00201
1054	0.00122
1056	7.36207E-4
1058	9.28953E-4
1060	1.06997E-5
1062	2.35446E-4
1064	-6.80794E-6
1066	4.26958E-4
1068	8.36736E-4
1070	4.25514E-4
1072	3.78291E-4
1074	-8.56931E-4
1076	-0.00206
1078	-0.00114
1080	-8.85978E-5
1082	-0.00114
1084	-0.00114
1086	-2.62647E-5
1088	-5.01487E-4
1090	-3.78709E-4
1092	-2.38932E-4
1094	6.97846E-4
1096	0.00182
1098	0.00618
1100	0.02298
1102	0.04531
1104	0.0636
1106	0.0773
1108	0.08847
1110	0.09795
1112	0.10869
1114	0.11771
1116	0.1245
1118	0.11981
1120	0.09897
1122	0.07809
1124	0.06013
1126	0.04228
1128	0.0263
1130	0.01478
1132	0.00502
1134	-0.00181
1136	-0.00632
1138	-0.01094
1140	-0.01312
1142	-0.0149
1144	-0.01499
1146	-0.01622
1148	-0.01611
1150	-0.01599
1152	-0.01611
1154	-0.01687
1156	-0.01678
1158	-0.01529
1160	-0.01441
1162	-0.01243
1164	-0.01027
1166	-0.00882
1168	-0.00823
1170	-0.00908
1172	-0.00842
1174	-0.0077
1176	-0.00675
1178	-0.00592
1180	-0.00506
1182	-0.00428
1184	-0.00401
1186	-0.00416
1188	-0.00383
1190	-0.00383
1192	-0.00401
1194	-0.0046
1196	-0.00503
1198	-0.00501
1200	-0.00364
1202	-0.00292
1204	-0.00318
1206	-0.00345
1208	-0.00223
1210	-0.00208
1212	-0.00302
1214	-0.00255
1216	-0.00214
1218	-0.00102
1220	-5.68914E-4
1222	3.74143E-4
1224	0.00151
1226	0.00182
1228	0.00103
1230	0.00113
1232	0.00109
1234	0.00132
1236	0.00162
1238	0.00133
1240	0.00114
1242	0.00122
1244	0.00104
1246	9.6382E-4
1248	-3.25123E-4
1250	1.83933E-4
1252	-5.1801E-4
1254	-9.40954E-4
1256	-0.00147
1258	-0.003
1260	-0.00255
1262	-0.00179
1264	-5.53671E-4
1266	7.79385E-4
1268	5.57441E-4
1270	-7.5502E-5
1272	-5.14456E-5
1274	-6.35389E-4
1276	-0.00127
1278	-0.00157
1280	-6.3322E-4
1282	8.26837E-4
1284	4.50893E-4
1286	9.19497E-5
1288	-7.75994E-4
1290	1.05063E-4
1292	-2.49881E-4
1294	2.57176E-4
1296	6.69232E-4
1298	4.91289E-4
1300	6.54345E-4
1302	2.14015E-5
1304	-0.00126
1306	-0.00121
1308	-0.00116
1310	-3.19373E-4
1312	0.00106
1314	9.9374E-4
1316	0.0017
1318	2.76853E-4
1320	-5.1109E-4
1322	-1.62034E-4
1324	-9.61977E-4
1326	-3.83921E-4
1328	6.85136E-4
1330	0.00145
1332	0.00116
1334	8.66305E-4
1336	0.00142
1338	8.42418E-4
1340	-1.64526E-4
1342	-8.61469E-4
1344	-2.84413E-4
1346	-6.88356E-4
1348	-0.00119
1350	-0.00113
1352	-9.16187E-4
1354	7.58697E-5
1356	-6.50738E-5
1358	-0.0015
1360	-0.00264
1362	-0.00399
1364	-0.00435
1366	-0.00518
1368	-0.00561
1370	-0.00487
1372	-0.0041
1374	-0.00369
1376	-0.00317
1378	-0.00407
1380	-0.00454
1382	-0.00474
1384	-0.00431
1386	-0.00301
1388	-0.00219
1390	-0.0024
1392	-0.0029
1394	-0.00236
1396	-0.00221
1398	-0.00266
1400	-0.00254
1402	-0.00116
1404	5.17895E-4
1406	3.89548E-4
1408	4.962E-4
1410	7.64853E-4
1412	2.43506E-4
1414	0.00129
1416	0.00117
1418	4.95463E-4
1420	-5.38842E-5
1422	-1.11232E-4
1424	2.50421E-4
1426	2.61074E-4
1428	5.76726E-4
1430	2.89379E-4
1432	8.20312E-5
1434	9.94323E-4
1436	0.00114
1438	0.00101
1440	8.3503E-4
1442	0.00351
1444	0.02156
1446	0.04728
1448	0.07124
1450	0.09092
1452	0.10861
1454	0.12472
1456	0.13969
1458	0.15292
1460	0.16314
1462	0.16045
1464	0.1429
1466	0.12053
1468	0.09843
1470	0.07864
1472	0.06115
1474	0.04689
1476	0.03532
1478	0.02565
1480	0.01758
1482	0.01125
1484	0.00599
1486	0.00178
1488	-0.0014
1490	-0.00273
1492	-0.00405
1494	-0.0056
1496	-0.00626
1498	-0.00757
1500	-0.00748
1502	-0.00714
1504	-0.00774
1506	-0.00767
1508	-0.00697
1510	-0.00762
1512	-0.00758
1514	-0.00722
1516	-0.00758
1518	-0.00796
1520	-0.00836
1522	-0.00762
1524	-0.00722
1526	-0.00745
1528	-0.00608
1530	-0.00654
1532	-0.006
1534	-0.00545
1536	-0.00578
1538	-0.00528
1540	-0.00429
1542	-0.00455
1544	-0.00455
1546	-0.00406
1548	-0.00372
1550	-0.00347
1552	-0.00317
1554	-0.00256
1556	-0.00204
1558	-0.00153
1560	-0.00143
1562	-0.00106
1564	-0.00187
1566	-0.00128
1568	-3.50821E-4
1570	-0.00144
1572	-0.00135
1574	-0.00189
1576	-0.00223
1578	-0.00102
1580	-0.00157
1582	-0.00119
1584	-0.00153
1586	-0.0016
1588	-0.00185
1590	-0.00151
1592	-0.00169
1594	-0.00197
1596	-0.00361
1598	-0.0034
1600	-0.00265
1602	-0.00288
1604	-0.00351
1606	-0.00264
1608	-0.00226
1610	-0.0024
1612	-0.00211
1614	-8.53734E-4
1616	-3.93513E-4
1618	-5.40292E-4
1620	-3.04071E-4
1622	-0.00124
1624	-5.17628E-4
1626	0.00117
1628	0.00182
1630	0.00202
1632	0.00185
1634	7.81478E-4
1636	-3.18301E-4
1638	-7.2108E-4
1640	-0.00174
1642	-9.82638E-4
1644	-6.82417E-4
1646	-5.60195E-4
1648	-2.27974E-4
1650	-4.90753E-4
1652	0.00115
1654	9.31689E-4
1656	-9.20897E-5
1658	-4.59869E-4
1660	-5.48647E-4
1662	5.92574E-4
1664	5.78795E-4
1666	-4.18984E-4
1668	-0.0015
1670	-0.00109
1672	-7.9232E-4
1674	-4.10099E-4
1676	-7.50878E-4
1678	-3.39657E-4
1680	9.25643E-5
1682	0.00115
1684	0.00201
1686	0.00276
1688	0.00215
1690	0.00139
1692	0.00196
1694	0.00339
1696	0.00334
1698	0.00217
1700	0.0013
1702	4.88997E-4
1704	-3.13782E-4
1706	-5.38561E-4
1708	7.89661E-4
1710	7.75882E-4
1712	3.38103E-4
1714	0.00155
1716	0.00177
1718	0.00146
1720	0.00256
1722	0.00252
1724	0.00142
1726	2.25762E-4
1728	4.57473E-5
1730	1.17733E-4
1732	7.99719E-4
1734	7.12705E-4
1736	1.0569E-4
1738	-0.00103
1740	-3.60338E-4
1742	-1.76352E-4
1744	0.00107
1746	4.80619E-4
1748	-5.30395E-4
1750	-7.60409E-4
1752	-6.75423E-4
1754	-7.74437E-4
1756	-0.00145
1758	-0.00127
1760	2.43947E-4
1762	0.00151
1764	9.3826E-4
1766	-9.08423E-6
1768	8.45572E-4
1770	0.00124
1772	5.67884E-4
1774	5.8054E-4
1776	-8.48035E-5
1778	7.13853E-4
1780	1.46509E-4
1782	-0.00119
1784	-2.70179E-4
1786	0.00356
1788	0.02102
1790	0.04836
1792	0.07607
1794	0.1021
1796	0.12449
1798	0.14328
1800	0.16138
1802	0.17888
1804	0.19507
1806	0.19589
1808	0.17906
1810	0.15657
1812	0.13379
1814	0.11071
1816	0.09185
1818	0.07437
1820	0.06039
1822	0.04717
1824	0.03648
1826	0.0294
1828	0.02189
1830	0.01514
1832	0.01012
1834	0.00604
1836	0.00193
1838	5.84414E-5
1840	-5.06079E-4
1842	-0.00101
1844	-9.86508E-4
1846	-9.80332E-4
1848	-0.00317
1850	-0.00392
1852	-0.0037
1854	-0.00307
1856	-0.00303
1858	-0.00324
1860	-0.00316
1862	-0.00166
1864	-0.00191
1866	-0.00277
1868	-0.00236
1870	-0.00122
1872	-8.4504E-4
1874	-0.0024
1876	-0.00334
1878	-0.00299
1880	-0.00341
1882	-0.00314
1884	-0.00323
1886	-0.00411
1888	-0.00434
1890	-0.0044
1892	-0.00428
1894	-0.00508
1896	-0.00447
1898	-0.00302
1900	-0.00262
1902	-0.00301
1904	-0.0035
1906	-0.00268
1908	-0.00296
1910	-0.00278
1912	-0.00259
1914	-0.00345
1916	-0.00414
1918	-0.00359
1920	-0.00348
1922	-0.00277
1924	-0.00119
1926	-5.80279E-4
1928	-9.56103E-4
1930	-0.00168
1932	-0.0031
1934	-0.00276
1936	-0.00246
1938	-0.00198
1940	-0.00204
1942	-0.0013
1944	-8.30693E-4
1946	-0.00106
1948	-0.00221
1950	-0.00277
1952	-0.00301
1954	-0.00236
1956	-0.00279
1958	-0.00254
1960	-0.00133
1962	-8.30106E-4
1964	-8.33929E-4
1966	-7.74753E-4
1968	6.53423E-4
1970	0.00125
1972	0.00101
1974	-3.08048E-4
1976	9.71285E-5
1978	0.00116
1980	2.31481E-4
1982	-0.0014
1984	-0.00165
1986	-0.0011
1988	-3.34814E-4
1990	9.83627E-5
1992	-7.86461E-4
1994	-0.00106
1996	-0.00107
1998	-0.00146
2000	-0.00288
2002	-0.00302
2004	-0.00258
2006	-0.0029
2008	-0.00426
2010	-0.00357
2012	-0.00235
2014	-9.56522E-4
2016	-9.55345E-4
2018	-0.00171
2020	-0.00216
2022	-0.00156
2024	-9.4864E-4
2026	-0.00107
2028	-7.80287E-4
2030	-9.88111E-4
2032	-4.99347E-5
2034	1.73242E-4
2036	0.00104
2038	0.0011
2040	9.44771E-4
2042	6.24947E-4
2044	-1.72877E-4
2046	-2.59654E-4
2048	1.20307E-4
2050	-9.02732E-4
2052	-0.00153
2054	-0.00119
2056	-0.00116
2058	-0.00118
2060	-0.00179
2062	-0.0018
2064	-0.00172
2066	-7.02046E-4
2068	-4.90854E-5
2070	1.96875E-4
2072	6.12836E-4
2074	-7.02203E-4
2076	-0.00125
2078	-0.0012
2080	2.85679E-4
2082	5.5864E-4
2084	0.00197
2086	0.00115
2088	3.13916E-4
2090	7.5306E-4
2092	0.00136
2094	0.00111
2096	0.00163
2098	0.00138
2100	5.83776E-4
2102	7.20919E-4
2104	2.63062E-4
2106	5.66206E-4
2108	-2.95651E-4
2110	-7.18508E-4
2112	-0.00112
2114	-9.38221E-4
2116	-6.15078E-4
2118	1.10065E-4
2120	9.87208E-4
2122	0.00193
2124	0.00329
2126	0.00301
2128	0.00206
2130	0.00441
2132	0.02185
2134	0.05093
2136	0.08265
2138	0.11203
2140	0.13833
2142	0.16386
2144	0.18626
2146	0.20591
2148	0.22436
2150	0.22988
2152	0.21647
2154	0.19398
2156	0.16886
2158	0.14562
2160	0.12556
2162	0.10542
2164	0.08796
2166	0.0723
2168	0.05943
2170	0.04891
2172	0.04078
2174	0.03414
2176	0.02748
2178	0.02193
2180	0.01708
2182	0.01527
2184	0.01288
2186	0.00936
2188	0.00749
2190	0.00534
2192	0.0044
2194	0.00422
2196	0.00499
2198	0.0064
2200	0.00612
2202	0.0055
2204	0.00408
2206	0.00249
2208	0.00257
2210	0.00279
2212	0.00313
2214	0.00276
2216	0.00209
2218	0.00195
2220	0.00307
2222	0.0029
2224	0.00218
2226	0.00272
2228	0.00334
2230	0.00201
2232	0.00154
2234	0.00236
2236	0.00332
2238	0.00381
2240	0.00214
2242	0.00141
2244	0.00186
2246	0.00211
2248	0.00216
2250	0.0013
2252	6.86687E-4
2254	0.00106
2256	0.00167
2258	0.00149
2260	0.00139
2262	0.00131
2264	0.00121
2266	0.00124
2268	0.00124
2270	6.17764E-4
2272	-3.1545E-4
2274	-0.00102
2276	-0.00119
2278	-0.00119
2280	-0.00149
2282	-6.61518E-4
2284	-4.74732E-4
2286	7.05423E-6
2288	-1.12159E-4
2290	0.00109
2292	0.00117
2294	-2.98801E-4
2296	-9.45014E-4
2298	1.30772E-4
2300	-3.86442E-4
2302	-0.00119
2304	-0.00141
2306	-0.00212
2308	-0.003
2310	-0.0023
2312	-0.00187
2314	-0.00229
2316	-0.00317
2318	-0.0027
2320	-1.69579E-4
2322	3.32207E-4
2324	6.20994E-4
2326	4.4378E-4
2328	0.00101
2330	0.0018
2332	0.00218
2334	0.00207
2336	0.00155
2338	5.30498E-4
2340	3.13284E-4
2342	-0.00131
2344	-9.69143E-4
2346	-3.91357E-4
2348	-4.25707E-5
2350	-0.00111
2352	-9.78998E-4
2354	-0.0015
2356	-0.00246
2358	-0.00135
2360	-7.93853E-4
2362	-0.00163
2364	-0.00141
2366	-0.00145
2368	-0.00244
2370	-0.00227
2372	-0.00275
2374	-0.00183
2376	3.2664E-4
2378	0.0016
2380	0.00161
2382	0.00171
2384	0.00129
2386	7.14234E-5
2388	-5.3462E-4
2390	0.00121
2392	0.0021
2394	0.00165
2396	0.00134
2398	6.90163E-4
2400	-5.8388E-4
2402	-4.65924E-4
2404	1.41033E-4
2406	-2.3001E-4
2408	-9.58054E-4
2410	-0.00243
2412	-0.00235
2414	-0.00111
2416	-3.86006E-4
2418	-9.64223E-4
2420	-0.00196
2422	-0.00119
2424	-0.00151
2426	-0.00116
2428	-7.54311E-4
2430	2.78472E-4
2432	8.09254E-4
2434	0.00129
2436	8.2282E-4
2438	0.00148
2440	0.00165
2442	6.47167E-4
2444	6.99497E-5
2446	5.31732E-4
2448	2.05148E-5
2450	-9.44703E-4
2452	-8.7692E-4
2454	-8.73138E-4
2456	-4.12286E-4
2458	3.65412E-4
2460	-1.24889E-4
2462	7.7781E-4
2464	0.00131
2466	0.00105
2468	-4.58093E-4
2470	4.09606E-4
2472	6.64304E-4
2474	0.00371
2476	0.02095
2478	0.05057
2480	0.08414
2482	0.11753
2484	0.14845
2486	0.17724
2488	0.20142
2490	0.22325
2492	0.24385
2494	0.25312
2496	0.2407
2498	0.21759
2500	0.19258
2502	0.16696
2504	0.143
2506	0.12188
2508	0.10376
2510	0.0871
2512	0.07212
2514	0.05994
2516	0.05046
2518	0.04189
2520	0.03403
2522	0.02758
2524	0.02289
2526	0.01846
2528	0.01515
2530	0.01306
2532	0.01077
2534	0.00895
2536	0.00784
2538	0.00656
2540	0.00528
2542	0.00451
2544	0.00427
2546	0.00439
2548	0.00484
2550	0.00443
2552	0.00379
2554	0.00435
2556	0.00432
2558	0.00238
2560	0.00143
2562	5.21307E-4
2564	-3.69971E-4
2566	-9.8725E-4
2568	-0.00107
2570	-0.00114
2572	-0.0015
2574	-0.00183
2576	-0.00281
2578	-0.00218
2580	-6.11187E-4
2582	4.19544E-4
2584	-2.47726E-4
2586	-2.00995E-4
2588	-6.39265E-4
2590	-8.84535E-4
2592	-0.0011
2594	-0.00188
2596	-0.00157
2598	-0.00205
2600	-0.0024
2602	-0.00116
2604	-0.00181
2606	-0.0024
2608	-0.00219
2610	-0.00117
2612	-0.00122
2614	-4.5277E-4
2616	-2.50039E-4
2618	-2.13309E-4
2620	0.00102
2622	5.87152E-4
2624	5.49883E-4
2626	2.70613E-4
2628	1.12343E-4
2630	6.60074E-4
2632	0.00188
2634	0.00178
2636	0.00155
2638	9.29996E-4
2640	-6.75274E-4
2642	-0.00104
2644	-6.78813E-4
2646	-8.71083E-4
2648	-2.02352E-4
2650	3.60378E-4
2652	9.82108E-4
2654	9.24839E-4
2656	0.00104
2658	8.073E-4
2660	8.0503E-4
2662	0.00124
2664	9.64491E-4
2666	6.68221E-4
2668	0.00145
2670	0.00183
2672	0.00306
2674	0.00266
2676	0.003
2678	0.00414
2680	0.00328
2682	0.00248
2684	0.00172
2686	3.87526E-4
2688	-1.6744E-5
2690	-7.00136E-5
2692	-0.00105
2694	-4.99553E-4
2696	-7.08822E-4
2698	-4.20919E-5
2700	-2.32361E-4
2702	1.38369E-4
2704	5.24099E-4
2706	9.18298E-5
2708	-6.7344E-4
2710	-1.86709E-4
2712	-4.53979E-4
2714	3.14751E-4
2716	6.53482E-4
2718	0.00113
2720	0.00197
2722	0.0023
2724	0.00262
2726	0.00262
2728	0.00172
2730	0.00172
2732	3.53325E-4
2734	1.13056E-4
2736	-6.82214E-4
2738	-6.42483E-4
2740	-8.97753E-4
2742	-0.00188
2744	-0.00218
2746	-0.00152
2748	-0.00156
2750	-0.00238
2752	-0.00239
2754	-0.00191
2756	-0.00201
2758	-0.00174
2760	-0.002
2762	-0.00162
2764	-5.27988E-4
2766	-0.00106
2768	-0.00184
2770	-0.00251
2772	-0.00194
2774	-7.64336E-4
2776	-8.95606E-4
2778	-0.00133
2780	-6.52145E-4
2782	-1.1096E-4
2784	-2.95433E-4
2786	6.40094E-4
2788	3.76207E-5
2790	-2.52852E-4
2792	5.20675E-4
2794	5.91202E-4
2796	8.37729E-4
2798	0.00198
2800	0.00254
2802	0.00239
2804	0.00162
2806	0.00144
2808	0.00119
2810	0.00143
2812	9.33944E-4
2814	3.79471E-4
2816	6.43998E-4
2818	0.00303
2820	0.01947
2822	0.05075
2824	0.08651
2826	0.12238
2828	0.15632
2830	0.18715
2832	0.21644
2834	0.24275
2836	0.26645
2838	0.27864
2840	0.26767
2842	0.24391
2844	0.21731
2846	0.19121
2848	0.16606
2850	0.1431
2852	0.12275
2854	0.10453
2856	0.08789
2858	0.07362
2860	0.06205
2862	0.05185
2864	0.04348
2866	0.03523
2868	0.029
2870	0.02443
2872	0.02028
2874	0.01696
2876	0.01324
2878	0.00985
2880	0.00936
2882	0.0087
2884	0.00781
2886	0.00557
2888	0.0051
2890	0.00445
2892	0.00454
2894	0.00522
2896	0.00578
2898	0.00603
2900	0.00568
2902	0.00467
2904	0.00334
2906	0.00238
2908	0.00307
2910	0.00196
2912	-1.49414E-4
2914	1.9522E-4
2916	2.81854E-4
2918	2.41488E-4
2920	5.7122E-5
2922	2.82756E-4
2924	-1.6961E-4
2926	-0.00113
2928	-1.93342E-4
2930	4.44292E-4
2932	5.92565E-6
2934	-6.9344E-4
2936	-2.40806E-4
2938	-1.05173E-4
2940	-0.00128
2942	-0.00144
2944	-0.00133
2946	-0.00169
2948	-0.00363
2950	-0.00362
2952	-0.00236
2954	-0.00257
2956	-0.00264
2958	-0.00121
2960	-0.00135
2962	-4.65565E-4
2964	-0.00116
2966	-0.00222
2968	-0.00348
2970	-0.00291
2972	-0.00205
2974	-0.00277
2976	-0.00286
2978	-0.00212
2980	-0.00261
2982	-0.00296
2984	-0.00338
2986	-0.00318
2988	-0.00231
2990	-0.00245
2992	-0.00285
2994	-0.00194
2996	-0.00291
2998	-0.00181
3000	-0.00132
3002	-0.00184
3004	-0.00172
3006	-0.0024
3008	-0.00271
3010	-0.00224
3012	-0.00168
3014	-0.00129
3016	-0.00176
3018	-0.00135
3020	-0.00207
3022	-0.00245
3024	-0.00276
3026	-0.002
3028	-0.00204
3030	-0.00226
3032	-6.53377E-4
3034	-4.32743E-4
3036	-5.10109E-4
3038	-0.00125
3040	9.31584E-5
3042	3.67792E-4
3044	8.49426E-4
3046	2.8506E-4
3048	0.001
3050	0.00257
3052	0.00166
3054	0.00155
3056	0.00238
3058	0.0026
3060	0.00218
3062	3.51132E-4
3064	1.7657E-6
3066	6.364E-4
3068	0.00156
3070	0.00164
3072	0.00135
3074	3.09935E-4
3076	-3.45431E-4
3078	2.41203E-4
3080	-1.45163E-4
3082	-5.21529E-4
3084	-0.00115
3086	-8.72261E-4
3088	-9.36627E-4
3090	-8.27993E-4
3092	-0.00121
3094	-0.00133
3096	-0.00102
3098	-0.00116
3100	2.91766E-5
3102	3.07811E-4
3104	3.59444E-4
3106	-5.92156E-6
3108	-4.40288E-4
3110	-0.00143
3112	-0.00262
3114	-0.0026
3116	-0.00176
3118	-0.00113
3120	-9.03485E-4
3122	-4.39452E-4
3124	-5.04418E-4
3126	8.31616E-4
3128	6.95649E-4
3130	2.96831E-5
3132	8.00717E-4
3134	9.37751E-4
3136	-1.82158E-5
3138	-7.39182E-4
3140	-7.21484E-5
3142	3.10885E-4
3144	-1.40081E-4
3146	-0.00144
3148	-0.00109
3150	-9.3718E-4
3152	-9.01301E-4
3154	-1.05423E-4
3156	6.03456E-4
3158	5.27334E-4
3160	1.25213E-4
3162	0.0017
3164	0.01881
3166	0.05216
3168	0.09031
3170	0.12941
3172	0.16503
3174	0.19871
3176	0.23046
3178	0.25888
3180	0.28358
3182	0.29755
3184	0.28994
3186	0.26762
3188	0.23906
3190	0.21111
3192	0.18552
3194	0.16132
3196	0.1385
3198	0.11928
3200	0.1018
3202	0.08593
3204	0.07353
3206	0.06361
3208	0.05424
3210	0.04609
3212	0.03912
3214	0.03391
3216	0.02997
3218	0.02513
3220	0.0208
3222	0.01742
3224	0.01558
3226	0.01387
3228	0.0124
3230	0.01172
3232	0.01111
3234	0.00879
3236	0.00689
3238	0.00581
3240	0.00567
3242	0.00613
3244	0.00631
3246	0.00591
3248	0.00517
3250	0.00505
3252	0.00399
3254	0.00279
3256	0.00228
3258	0.00115
3260	-1.81219E-4
3262	2.41731E-4
3264	-2.02319E-4
3266	-1.12369E-4
3268	-1.24419E-4
3270	3.66531E-4
3272	2.40482E-4
3274	8.14318E-5
3276	-2.02618E-4
3278	9.31332E-4
3280	3.28282E-4
3282	0.00112
3284	0.00112
3286	-2.98672E-5
3288	1.56083E-4
3290	1.80033E-4
3292	-3.41017E-4
3294	4.51933E-4
3296	5.02884E-4
3298	5.23834E-4
3300	0.00146
3302	0.00165
3304	4.26684E-4
3306	8.25634E-4
3308	0.00193
3310	7.22535E-4
3312	0.00102
3314	0.00137
3316	9.53385E-4
3318	0.00121
3320	9.02857E-5
3322	1.21236E-4
3324	3.71186E-4
3326	8.24136E-4
3328	0.00137
3330	4.72037E-4
3332	0.00105
3334	0.00159
3336	0.00257
3338	0.00214
3340	0.00123
3342	0.002
3344	0.00193
3346	0.00196
3348	0.00156
3350	0.00279
3352	0.00153
3354	4.20439E-4
3356	8.90389E-4
3358	0.00143
3360	0.00183
3362	0.00212
3364	0.00206
3366	0.00117
3368	0.00114
3370	2.30399E-5
3372	4.29901E-5
3374	-1.3306E-4
3376	7.0789E-4
3378	0.0016
3380	0.00229
3382	0.00148
3384	3.90691E-4
3386	-3.24359E-4
3388	2.20591E-4
3390	0.00191
3392	0.00175
3394	0.00103
3396	8.11392E-4
3398	6.68342E-4
3400	0.00176
3402	3.08243E-4
3404	3.80193E-4
3406	9.59143E-4
3408	9.40093E-4
3410	0.00151
3412	0.00251
3414	0.00194
3416	0.0011
3418	-6.82156E-4
3420	-8.71206E-4
3422	6.43744E-4
3424	0.00114
3426	0.00101
3428	0.00255
3430	0.00222
3432	0.00232
3434	0.0037
3436	0.00287
3438	0.00245
3440	0.001
3442	-8.7035E-4
3444	2.94654E-4
3446	0.00212
3448	0.00172
3450	0.00149
3452	-1.92331E-4
3454	-0.00127
3456	-3.18324E-4
3458	-6.39321E-4
3460	-9.50317E-4
3462	-7.15313E-4
3464	-3.5831E-4
3466	-1.4306E-5
3468	-7.54302E-4
3470	-9.39299E-4
3472	-5.46295E-4
3474	-1.06291E-4
3476	-4.28288E-4
3478	-3.62012E-4
3480	-4.68123E-4
3482	-7.40234E-4
3484	5.64655E-4
3486	-9.94566E-5
3488	-2.57568E-4
3490	4.49321E-4
3492	0.0013
3494	0.00211
3496	0.00124
3498	8.77877E-4
3500	0.00184
3502	0.00223
3504	0.00206
3506	0.00359
3508	0.01935
3510	0.05217
3512	0.09141
3514	0.132
3516	0.16989
3518	0.20574
3520	0.23906
3522	0.26865
3524	0.29517
3526	0.30978
3528	0.30165
3530	0.27978
3532	0.25271
3534	0.22398
3536	0.19538
3538	0.17018
3540	0.14645
3542	0.12409
3544	0.10475
3546	0.08931
3548	0.07496
3550	0.06368
3552	0.05456
3554	0.04555
3556	0.03758
3558	0.03041
3560	0.02501
3562	0.01991
3564	0.01669
3566	0.01436
3568	0.01157
3570	0.00988
3572	0.0091
3574	0.00816
3576	0.00793
3578	0.00727
3580	0.00519
3582	0.00254
3584	0.00177
3586	0.00312
3588	0.00354
3590	0.00431
3592	0.00363
3594	0.00208
3596	-4.53374E-5
3598	-4.90644E-5
3600	7.60209E-4
3602	7.56482E-4
3604	0.00151
3606	0.00123
3608	0.00131
3610	0.0021
3612	7.20847E-4
3614	-6.7288E-4
3616	-7.30607E-4
3618	-6.08334E-4
3620	-9.54061E-4
3622	-3.40788E-4
3624	-7.41515E-4
3626	-0.0019
3628	-0.00334
3630	-0.00281
3632	-0.00176
3634	-0.00165
3636	-0.00204
3638	-0.00106
3640	-7.36331E-4
3642	-0.00245
3644	-0.00332
3646	-0.00293
3648	-0.00346
3650	-0.00423
3652	-0.00465
3654	-0.00497
3656	-0.00374
3658	-0.00207
3660	-0.00158
3662	-0.00139
3664	-0.00202
3666	-0.00186
3668	-0.00196
3670	-0.00192
3672	-9.12963E-4
3674	7.3631E-4
3676	0.00102
3678	5.85856E-4
3680	-1.68871E-4
3682	5.34018E-5
3684	0.00101
3686	7.08948E-4
3688	5.70221E-4
3690	2.75494E-4
3692	-0.00115
3694	-0.00162
3696	-5.73687E-4
3698	-0.00172
3700	-0.00283
3702	-0.00259
3704	-0.00191
3706	-0.00178
3708	-0.00115
3710	-9.22776E-4
3712	-2.63503E-4
3714	7.17698E-5
3716	-0.00145
3718	-0.0012
3720	-8.27411E-4
3722	-7.98138E-4
3724	3.56135E-4
3726	3.44408E-4
3728	-7.71319E-4
3730	-0.00221
3732	-0.00324
3734	-0.00331
3736	-0.00202
3738	3.47046E-4
3740	0.00116
3742	2.65592E-4
3744	-3.81135E-4
3746	-4.81862E-4
3748	4.83411E-4
3750	-3.29316E-4
3752	2.46957E-4
3754	5.1823E-4
3756	4.49503E-4
3758	8.57776E-4
3760	0.00194
3762	9.94322E-4
3764	7.07184E-4
3766	7.86851E-4
3768	-2.94482E-4
3770	-6.55815E-4
3772	-7.41148E-4
3774	-0.00122
3776	-8.28814E-4
3778	-5.65147E-4
3780	-6.6548E-4
3782	-0.00124
3784	-8.68146E-4
3786	-1.24479E-4
3788	-7.57812E-4
3790	8.85473E-6
3792	3.04522E-4
3794	2.70189E-4
3796	-3.46144E-4
3798	-8.46477E-4
3800	-5.8681E-4
3802	8.69857E-4
3804	6.81348E-4
3806	9.48153E-4
3808	0.00132
3810	0.00171
3812	0.00126
3814	2.2637E-4
3816	6.73174E-4
3818	3.99979E-4
3820	-7.30217E-4
3822	-6.26413E-4
3824	-6.94608E-4
3826	-8.45804E-4
3828	-3.1E-4
3830	-3.98195E-4
3832	9.6609E-5
3834	3.69413E-4
3836	2.79218E-4
3838	-5.09781E-5
3840	3.25826E-4
3842	7.30631E-4
3844	3.60435E-4
3846	-6.88743E-4
3848	-0.00144
3850	7.17811E-4
3852	0.01594
3854	0.04929
3856	0.09098
3858	0.13227
3860	0.17408
3862	0.21286
3864	0.24757
3866	0.2785
3868	0.30692
3870	0.32457
3872	0.31781
3874	0.29594
3876	0.26926
3878	0.2409
3880	0.21122
3882	0.18384
3884	0.16006
3886	0.13772
3888	0.11882
3890	0.10257
3892	0.0874
3894	0.07321
3896	0.06121
3898	0.0526
3900	0.04566
3902	0.03959
3904	0.03409
3906	0.02991
3908	0.02602
3910	0.02267
3912	0.01873
3914	0.01631
3916	0.01375
3918	0.01167
3920	0.01038
3922	0.00761
3924	0.00675
3926	0.00597
3928	0.00511
3930	0.00481
3932	0.00426
3934	0.00289
3936	0.00234
3938	0.00227
3940	0.00203
3942	0.00179
3944	0.00152
3946	0.00197
3948	0.00257
3950	0.00293
3952	0.00221
3954	5.60741E-4
3956	-4.94041E-4
3958	-0.00139
3960	-0.00125
3962	1.41613E-4
3964	6.98311E-5
3966	5.04909E-6
3968	0.00178
3970	0.00107
3972	5.4743E-4
3974	2.02309E-4
3976	-5.17811E-4
3978	4.29068E-4
3980	0.00138
3982	9.66827E-4
3984	5.94706E-4
3986	0.00164
3988	0.00246
3990	0.002
3992	3.74224E-4
3994	-9.18896E-4
3996	-9.96017E-4
3998	-0.00129
4000	-0.00216
4002	-0.00214
4004	-8.51499E-4
4006	-0.00187
4008	-0.00252
4010	-0.00363
4012	-0.00438
4014	-0.00382
4016	-0.00333
4018	-0.00114
4020	-8.34635E-5
4022	-8.28584E-4
4024	3.15295E-4
4026	7.26175E-4
4028	0.00144
4030	0.00191
4032	5.04813E-4
4034	-3.67307E-4
4036	-3.99428E-4
4038	-3.63548E-4
4040	6.06331E-4
4042	0.00179
4044	0.00256
4046	0.00197
4048	0.00157
4050	0.00202
4052	0.00144
4054	0.00179
4056	0.00228
4058	0.00227
4060	0.00116
4062	9.49005E-4
4064	2.43885E-4
4066	-4.34236E-4
4068	-4.28357E-4
4070	-2.74771E-5
4072	7.17402E-4
4074	-4.28718E-4
4076	-0.00124
4078	-6.05959E-4
4080	-2.1508E-4
4082	1.598E-4
4084	2.98679E-4
4086	4.39559E-4
4088	-2.61562E-4
4090	-1.51273E-4
4092	0.0018
4094	0.00188
4096	0.00148
4098	1.45247E-4
4100	-4.74873E-4
4102	-1.83993E-4
4104	-3.99113E-4
4106	-4.47233E-4
4108	7.36469E-5
4110	6.63527E-4
4112	0.00122
4114	9.25287E-4
4116	-8.86833E-4
4118	-0.00185
4120	-0.00169
4122	-6.85193E-4
4124	-7.53313E-4
4126	-2.50433E-4
4128	8.79447E-4
4130	-2.72673E-4
4132	7.94885E-5
4134	4.23577E-4
4136	6.27665E-4
4138	2.51753E-4
4140	0.00119
4142	6.71929E-4
4144	0.00108
4146	7.46105E-4
4148	8.20193E-4
4150	9.14282E-4
4152	-2.7363E-4
4154	1.54578E-5
4156	-5.96454E-4
4158	-9.65366E-4
4160	-0.00175
4162	-9.2119E-4
4164	3.37898E-4
4166	7.42986E-4
4168	8.68075E-4
4170	2.83163E-4
4172	2.45665E-4
4174	2.96672E-4
4176	3.68679E-4
4178	5.15686E-4
4180	0.00126
4182	0.0011
4184	8.32706E-4
4186	4.44713E-4
4188	-4.3928E-4
4190	-2.32273E-4
4192	-5.86267E-4
4194	-3.2326E-4
4196	0.01455
4198	0.04891
4200	0.09
4202	0.1333
4204	0.1766
4206	0.21605
4208	0.25246
4210	0.28522
4212	0.31456
4214	0.33361
4216	0.33109
4218	0.31032
4220	0.28327
4222	0.2527
4224	0.22219
4226	0.19474
4228	0.16948
4230	0.14584
4232	0.12607
4234	0.10874
4236	0.09293
4238	0.08039
4240	0.06993
4242	0.06094
4244	0.0522
4246	0.0452
4248	0.0393
4250	0.03407
4252	0.0295
4254	0.02665
4256	0.02246
4258	0.0197
4260	0.01801
4262	0.01605
4264	0.01332
4266	0.01209
4268	0.01115
4270	0.01089
4272	0.01127
4274	0.01004
4276	0.00836
4278	0.00798
4280	0.00725
4282	0.00635
4284	0.00535
4286	0.00493
4288	0.00416
4290	0.00351
4292	0.00345
4294	0.003
4296	0.0023
4298	0.00158
4300	3.8339E-4
4302	0.00114
4304	0.00135
4306	0.0015
4308	0.00115
4310	4.78767E-4
4312	-7.66358E-4
4314	-7.74482E-4
4316	-0.00196
4318	-0.00241
4320	-0.00166
4322	-4.83981E-4
4324	-9.57105E-4
4326	-0.00208
4328	-0.00165
4330	-0.00171
4332	-0.00314
4334	-0.00287
4336	-0.00227
4338	-9.25978E-4
4340	-2.11103E-4
4342	-4.98227E-4
4344	-0.00113
4346	-0.00113
4348	-9.76601E-4
4350	-6.89726E-4
4352	-8.18851E-4
4354	-0.00182
4356	-0.00156
4358	-2.14224E-4
4360	7.96509E-5
4362	-4.91474E-4
4364	-0.00126
4366	-0.0019
4368	-0.00282
4370	-0.00223
4372	-0.00127
4374	-9.81222E-4
4376	-5.39346E-4
4378	-0.00123
4380	-0.00148
4382	-5.5772E-4
4384	3.81155E-4
4386	0.00158
4388	1.95906E-4
4390	-0.00139
4392	-0.00185
4394	-0.00119
4396	-0.00108
4398	-0.00121
4400	-5.64842E-4
4402	-9.63967E-4
4404	-3.09091E-4
4406	-6.20216E-4
4408	-7.32341E-4
4410	-0.00142
4412	-0.00167
4414	-0.00118
4416	-7.48839E-4
4418	-6.77964E-4
4420	-6.54088E-4
4422	7.97869E-5
4424	-1.21338E-4
4426	-0.00101
4428	-7.33587E-4
4430	-6.47117E-5
4432	-0.00154
4434	-8.40961E-4
4436	-0.00131
4438	-0.00279
4440	-0.00209
4442	-0.00108
4444	-6.66584E-4
4446	-0.00154
4448	-0.00224
4450	-0.00183
4452	-0.00188
4454	-0.00206
4456	-0.00282
4458	-0.00446
4460	-0.00303
4462	-0.00322
4464	-0.00347
4466	-0.00244
4468	-0.00167
4470	-0.00156
4472	-0.00146
4474	-6.91454E-4
4476	3.18421E-4
4478	-8.59703E-4
4480	-0.00284
4482	-0.00262
4484	-0.00262
4486	-0.00361
4488	-0.00341
4490	-0.00204
4492	-0.00207
4494	-0.00125
4496	2.61175E-4
4498	7.9405E-4
4500	5.68167E-4
4502	-1.77316E-4
4504	-5.858E-4
4506	-0.00114
4508	-3.27766E-4
4510	0.00157
4512	0.00155
4514	3.37784E-4
4516	8.393E-4
4518	7.48817E-4
4520	5.17334E-4
4522	5.4285E-4
4524	-6.82633E-4
4526	-0.00135
4528	-5.696E-4
4530	3.15917E-4
4532	4.20433E-4
4534	5.4795E-4
4536	-8.45533E-4
4538	-5.58017E-4
4540	0.01192
4542	0.04549
4544	0.08758
4546	0.13081
4548	0.17338
4550	0.21449
4552	0.25171
4554	0.28678
4556	0.31831
4558	0.34056
4560	0.33909
4562	0.31903
4564	0.29101
4566	0.26109
4568	0.2303
4570	0.20147
4572	0.17592
4574	0.15283
4576	0.13243
4578	0.11406
4580	0.09882
4582	0.08765
4584	0.07616
4586	0.06517
4588	0.05528
4590	0.04736
4592	0.04076
4594	0.03579
4596	0.03015
4598	0.02636
4600	0.02347
4602	0.01973
4604	0.01753
4606	0.01459
4608	0.01166
4610	0.01047
4612	0.00973
4614	0.0083
4616	0.00684
4618	0.00592
4620	0.00558
4622	0.00606
4624	0.00432
4626	0.00397
4628	0.00491
4630	0.00544
4632	0.00528
4634	0.00479
4636	0.00427
4638	0.00476
4640	0.00486
4642	0.00433
4644	0.00477
4646	0.00498
4648	0.00321
4650	0.00289
4652	0.0033
4654	0.00279
4656	0.00325
4658	0.00352
4660	0.0023
4662	0.00116
4664	-3.37575E-4
4666	-0.0012
4668	-0.00167
4670	-0.00213
4672	-0.00315
4674	-0.00232
4676	-0.00177
4678	-9.77503E-4
4680	-9.3235E-4
4682	-9.78196E-4
4684	-0.00166
4686	-0.00197
4688	-8.74737E-4
4690	-3.15584E-4
4692	-6.7343E-4
4694	-0.00112
4696	-0.00184
4698	-0.00229
4700	-0.00285
4702	-0.00256
4704	-0.00229
4706	-0.00135
4708	-0.0013
4710	-0.00187
4712	-0.00187
4714	-0.00129
4716	-0.00178
4718	-0.00139
4720	-0.00128
4722	-0.00128
4724	-2.2198E-4
4726	-2.65826E-4
4728	-2.20673E-4
4730	-2.1252E-4
4732	-3.98367E-4
4734	-8.61214E-4
4736	-4.70604E-5
4738	0.00124
4740	0.00197
4742	0.00184
4744	0.0012
4746	1.97705E-4
4748	-8.13141E-4
4750	-5.39988E-4
4752	-6.05835E-4
4754	-2.85682E-4
4756	-9.45286E-5
4758	-2.34375E-4
4760	1.58778E-4
4762	2.83931E-4
4764	0.00115
4766	0.00131
4768	7.2439E-4
4770	5.80544E-4
4772	3.79697E-4
4774	5.8785E-4
4776	7.04003E-4
4778	0.00148
4780	5.1031E-4
4782	-8.83537E-4
4784	-0.00138
4786	-0.00127
4788	-7.98078E-4
4790	-5.99924E-4
4792	-9.13771E-4
4794	-0.00191
4796	-9.35465E-4
4798	-5.23118E-5
4800	4.45841E-4
4802	7.9946E-6
4804	-4.84852E-4
4806	-1.09699E-4
4808	3.72454E-4
4810	2.15607E-4
4812	-7.42239E-4
4814	-0.00108
4816	-0.00135
4818	-6.1578E-4
4820	-8.64627E-4
4822	-0.00155
4824	-0.0011
4826	-0.00113
4828	-0.00223
4830	-7.12753E-4
4832	-0.00135
4834	-0.00144
4836	-4.09413E-4
4838	-0.00134
4840	-0.00145
4842	-0.00101
4844	-0.00149
4846	-0.00173
4848	-9.88733E-4
4850	-2.46287E-4
4852	4.7916E-4
4854	5.55606E-4
4856	4.50531E-5
4858	4.925E-4
4860	9.85946E-4
4862	1.34393E-4
4864	2.83965E-6
4866	-5.98714E-4
4868	-7.05272E-4
4870	-8.48747E-4
4872	-0.00113
4874	-0.00129
4876	-0.00176
4878	-0.00138
4880	-4.31232E-5
4882	9.00402E-4
4884	0.01079
4886	0.04314
4888	0.08584
4890	0.13109
4892	0.17702
4894	0.21918
4896	0.25656
4898	0.29244
4900	0.32398
4902	0.34691
4904	0.34726
4906	0.32699
4908	0.2995
4910	0.26868
4912	0.23792
4914	0.209
4916	0.18267
4918	0.15928
4920	0.13823
4922	0.11919
4924	0.10466
4926	0.08986
4928	0.07733
4930	0.06721
4932	0.05927
4934	0.05093
4936	0.04464
4938	0.04003
4940	0.03564
4942	0.03086
4944	0.02586
4946	0.02365
4948	0.0215
4950	0.01874
4952	0.01656
4954	0.01555
4956	0.01423
4958	0.01333
4960	0.01235
4962	0.01145
4964	0.0115
4966	0.01118
4968	0.0097
4970	0.00821
4972	0.00708
4974	0.0066
4976	0.00686
4978	0.00649
4980	0.00575
4982	0.00377
4984	0.00314
4986	0.00177
4988	0.00188
4990	0.00223
4992	0.00305
4994	0.00203
4996	0.00119
4998	-2.96739E-4
5000	-6.3048E-4
5002	7.64779E-4
5004	0.00184
5006	0.00164
5008	0.00178
5010	0.00212
5012	0.00138
5014	-5.94667E-4
5016	2.23592E-4
5018	6.11851E-4
5020	6.31102E-5
5022	-1.28631E-4
5024	-0.00125
5026	-6.04113E-4
5028	0.00113
5030	2.76405E-4
5032	-6.47336E-4
5034	-3.29077E-4
5036	3.95182E-4
5038	9.53441E-4
5040	2.667E-4
5042	-1.35041E-4
5044	-1.7782E-5
5046	1.44477E-4
5048	1.66736E-4
5050	-6.20051E-5
5052	7.93254E-4
5054	0.00144
5056	0.00206
5058	0.00306
5060	0.00346
5062	0.00247
5064	0.00266
5066	0.00101
5068	4.29326E-4
5070	-8.68415E-4
5072	-2.87156E-4
5074	4.74103E-4
5076	3.94362E-4
5078	8.66207E-5
5080	-7.6212E-4
5082	-5.64861E-4
5084	-2.56602E-4
5086	-2.33434E-5
5088	-7.85084E-4
5090	-0.00233
5092	-9.47566E-4
5094	-6.18307E-4
5096	-9.46048E-4
5098	-0.00118
5100	-9.92531E-4
5102	-0.00105
5104	-0.00171
5106	-0.00225
5108	-0.0027
5110	-0.00227
5112	-0.00158
5114	-0.00118
5116	-0.00118
5118	-0.00121
5120	1.56059E-4
5122	6.70318E-4
5124	8.20577E-4
5126	-5.01638E-5
5128	2.05095E-4
5130	1.95354E-4
5132	-2.44387E-4
5134	5.58721E-5
5136	-8.58689E-5
5138	-2.0161E-4
5140	-1.13351E-4
5142	-4.30092E-4
5144	5.26167E-4
5146	9.6426E-5
5148	-4.18315E-4
5150	8.7944E-5
5152	6.16203E-4
5154	-1.35475E-4
5156	-5.88938E-4
5158	-0.00195
5160	-0.00366
5162	-0.00418
5164	-0.00349
5166	-0.00334
5168	-0.00333
5170	-0.00315
5172	-0.00296
5174	-0.00307
5176	-0.00356
5178	-0.00299
5180	-0.00208
5182	-0.00144
5184	-9.69424E-4
5186	-0.00108
5188	-5.34351E-4
5190	6.56186E-4
5192	6.72723E-4
5194	0.00109
5196	0.00118
5198	6.87774E-4
5200	2.65288E-4
5202	-8.81993E-5
5204	-4.23686E-4
5206	6.54827E-4
5208	9.1234E-4
5210	-9.01463E-5
5212	2.33669E-5
5214	-4.9512E-4
5216	-4.12607E-4
5218	9.39907E-4
5220	1.7042E-4
5222	-1.45067E-4
5224	8.18446E-4
5226	6.57959E-4
5228	0.00912
5230	0.04027
5232	0.08403
5234	0.13015
5236	0.17493
5238	0.21709
5240	0.2553
5242	0.29175
5244	0.32513
5246	0.34884
5248	0.3501
5250	0.33098
5252	0.30441
5254	0.2744
5256	0.24484
5258	0.21601
5260	0.18841
5262	0.16218
5264	0.14086
5266	0.12248
5268	0.1053
5270	0.09022
5272	0.07695
5274	0.0664
5276	0.05772
5278	0.05066
5280	0.04503
5282	0.03928
5284	0.03397
5286	0.03056
5288	0.02684
5290	0.02421
5292	0.02223
5294	0.0205
5296	0.01857
5298	0.0163
5300	0.01386
5302	0.0119
5304	0.01116
5306	0.00988
5308	0.0095
5310	0.00829
5312	0.00739
5314	0.00684
5316	0.00592
5318	0.00509
5320	0.00494
5322	0.005
5324	0.00483
5326	0.00349
5328	0.00368
5330	0.00264
5332	0.00146
5334	0.0019
5336	0.00251
5338	0.00227
5340	0.00183
5342	0.00244
5344	0.00196
5346	0.00201
5348	0.00154
5350	0.0014
5352	0.00125
5354	0.00117
5356	5.77978E-4
5358	-0.0018
5360	-0.0021
5362	-5.93831E-4
5364	-5.10768E-4
5366	-6.99704E-4
5368	-1.64046E-6
5370	-5.58577E-4
5372	-1.91513E-4
5374	-1.6245E-4
5376	-7.23861E-5
5378	8.69678E-4
5380	3.07741E-4
5382	1.99805E-4
5384	5.56868E-4
5386	3.53932E-4
5388	3.12996E-4
5390	-7.16941E-4
5392	-0.00178
5394	-9.94814E-4
5396	6.3225E-4
5398	6.45314E-4
5400	4.18377E-4
5402	7.37441E-4
5404	4.95044E-5
5406	-3.7432E-5
5408	-9.44368E-4
5410	-0.0016
5412	-0.00234
5414	-0.00184
5416	-0.00114
5418	-0.00156
5420	-0.00218
5422	-0.00117
5424	-0.00176
5426	-0.00122
5428	-0.0013
5430	-0.00233
5432	-0.00165
5434	-9.02542E-4
5436	-0.00158
5438	-0.00224
5440	-0.00335
5442	-0.00342
5444	-0.00358
5446	-0.00441
5448	-0.00392
5450	-0.00295
5452	-0.00302
5454	-0.00306
5456	-0.00211
5458	-1.15778E-4
5460	0.00148
5462	0.00104
5464	0.00144
5466	6.81476E-4
5468	8.3454E-4
5470	-3.9677E-7
5472	-0.00162
5474	-0.00206
5476	-0.00143
5478	-3.63142E-4
5480	0.00175
5482	0.00245
5484	8.81706E-4
5486	-7.07019E-4
5488	-7.36745E-4
5490	-7.1547E-4
5492	-5.36195E-4
5494	-1.0692E-4
5496	1.58355E-4
5498	2.4063E-4
5500	-4.00095E-4
5502	-4.24821E-4
5504	-8.45458E-5
5506	3.18729E-4
5508	2.94004E-4
5510	-9.57721E-4
5512	2.29554E-4
5514	0.00101
5516	1.63103E-4
5518	-0.00125
5520	-0.00105
5522	3.77949E-4
5524	6.54143E-4
5526	8.37337E-4
5528	3.18531E-4
5530	-7.04275E-4
5532	-0.00108
5534	-6.32887E-4
5536	6.47307E-4
5538	0.00147
5540	0.00176
5542	9.6989E-4
5544	-5.89916E-4
5546	-0.00101
5548	0.00129
5550	0.00116
5552	-9.61401E-5
5554	-1.3946E-5
5556	-5.69752E-4
5558	-3.65558E-4
5560	5.30636E-4
5562	-1.60051E-4
5564	-9.64521E-4
5566	3.62008E-4
5568	0.00146
5570	0.00133
5572	0.00972
5574	0.03952
5576	0.08278
5578	0.12811
5580	0.17354
5582	0.2158
5584	0.25553
5586	0.29199
5588	0.32415
5590	0.34979
5592	0.35445
5594	0.33729
5596	0.3106
5598	0.28147
5600	0.25154
5602	0.22241
5604	0.19517
5606	0.17085
5608	0.14928
5610	0.12985
5612	0.11323
5614	0.09914
5616	0.08582
5618	0.07393
5620	0.06318
5622	0.05563
5624	0.04906
5626	0.0433
5628	0.03761
5630	0.033
5632	0.03014
5634	0.02895
5636	0.02607
5638	0.02366
5640	0.02122
5642	0.01905
5644	0.01793
5646	0.01728
5648	0.01567
5650	0.01393
5652	0.01243
5654	0.01162
5656	0.01133
5658	0.00976
5660	0.00948
5662	0.00953
5664	0.00855
5666	0.00758
5668	0.00629
5670	0.00727
5672	0.00658
5674	0.00624
5676	0.0056
5678	0.00519
5680	0.00544
5682	0.00523
5684	0.00418
5686	0.00432
5688	0.00439
5690	0.00396
5692	0.00334
5694	0.00323
5696	0.00258
5698	0.00241
5700	0.00299
5702	0.0024
5704	0.00136
5706	0.0014
5708	0.00145
5710	0.00126
5712	3.93372E-4
5714	1.10056E-4
5716	9.63741E-4
5718	0.00117
5720	1.8911E-4
5722	5.47795E-4
5724	0.00142
5726	0.00203
5728	0.00268
5730	0.00185
5732	0.00311
5734	0.00502
5736	0.00574
5738	0.00514
5740	0.0043
5742	0.0033
5744	0.00311
5746	0.00388
5748	0.0027
5750	0.0022
5752	0.00183
5754	0.00237
5756	0.00157
5758	0.00123
5760	7.73803E-4
5762	0.00105
5764	0.00145
5766	0.00124
5768	-1.67458E-4
5770	-2.53773E-4
5772	1.73911E-4
5774	0.00105
5776	4.1528E-4
5778	5.47965E-4
5780	7.8665E-4
5782	-3.06655E-5
5784	-2.46981E-4
5786	5.56704E-4
5788	6.99388E-4
5790	0.00104
5792	0.00135
5794	0.00223
5796	0.00311
5798	0.00357
5800	0.00358
5802	0.00393
5804	0.00244
5806	0.00236
5808	0.00276
5810	0.00227
5812	0.00165
5814	1.13958E-4
5816	9.6101E-4
5818	0.00141
5820	0.00105
5822	0.00164
5824	0.00153
5826	0.00161
5828	4.20321E-4
5830	2.75373E-4
5832	0.00188
5834	0.0018
5836	0.00225
5838	0.00291
5840	0.00329
5842	0.00332
5844	0.00285
5846	0.00205
5848	0.00179
5850	8.65946E-4
5852	-7.86084E-5
5854	6.21838E-4
5856	0.00118
5858	6.88729E-4
5860	-4.11825E-4
5862	-4.46379E-4
5864	2.70672E-5
5866	4.35131E-5
5868	5.55959E-4
5870	-4.2595E-5
5872	9.21851E-4
5874	0.00136
5876	5.27743E-4
5878	2.31189E-4
5880	1.54635E-4
5882	-5.39195E-5
5884	-3.49474E-4
5886	-2.08028E-4
5888	6.19672E-4
5890	4.03586E-4
5892	1.43499E-4
5894	3.22413E-4
5896	6.02327E-4
5898	0.00122
5900	9.25154E-4
5902	5.84068E-4
5904	0.00109
5906	9.84895E-4
5908	1.37809E-4
5910	-1.35277E-4
5912	1.06636E-4
5914	2.3355E-4
5916	0.00752
5918	0.03581
5920	0.07844
5922	0.12481
5924	0.17078
5926	0.21464
5928	0.25549
5930	0.29376
5932	0.32612
5934	0.35294
5936	0.35941
5938	0.34395
5940	0.31846
5942	0.28931
5944	0.25889
5946	0.22899
5948	0.19947
5950	0.17481
5952	0.15205
5954	0.13158
5956	0.11418
5958	0.10016
5960	0.08797
5962	0.07685
5964	0.06705
5966	0.05873
5968	0.05089
5970	0.04348
5972	0.03881
5974	0.03499
5976	0.03104
5978	0.02826
5980	0.02559
5982	0.02249
5984	0.01978
5986	0.01828
5988	0.01723
5990	0.01551
5992	0.01456
5994	0.01266
5996	0.01135
5998	0.00923
6000	0.00943
6002	0.00964
6004	0.00824
6006	0.00704
6008	0.00682
6010	0.00709
6012	0.00709
6014	0.00541
6016	0.00241
6018	2.83453E-4
6020	0.00123
6022	0.00269
6024	0.00322
6026	0.0021
6028	9.85796E-4
6030	0.00108
6032	9.95533E-4
6034	9.64016E-5
6036	-7.9573E-4
6038	-0.00129
6040	-5.69993E-4
6042	4.98757E-5
6044	-1.14256E-4
6046	-4.18387E-4
6048	-9.55519E-4
6050	5.53498E-5
6052	8.03218E-4
6054	4.98087E-4
6056	-8.10446E-5
6058	4.81824E-4
6060	9.86692E-4
6062	0.0012
6064	0.00272
6066	0.00241
6068	0.00141
6070	4.53035E-4
6072	9.27904E-4
6074	0.00129
6076	0.00117
6078	9.75509E-4
6080	4.77378E-4
6082	-6.99754E-4
6084	-1.57885E-4
6086	-7.59017E-4
6088	2.28517E-5
6090	5.4872E-4
6092	-3.20411E-4
6094	1.29457E-4
6096	9.74326E-4
6098	0.0012
6100	0.00126
6102	8.67931E-4
6104	9.758E-4
6106	0.00173
6108	0.00166
6110	0.00115
6112	5.04274E-4
6114	5.83142E-4
6116	2.81011E-4
6118	-3.9912E-4
6120	-0.00177
6122	-0.00184
6124	-0.00242
6126	-0.00337
6128	-0.0043
6130	-0.00483
6132	-0.0054
6134	-0.00464
6136	-0.00405
6138	-0.00481
6140	-0.00472
6142	-0.0032
6144	-0.00255
6146	-0.00284
6148	-0.00315
6150	-0.00315
6152	-0.00316
6154	-0.00166
6156	-2.91619E-4
6158	1.7625E-4
6160	2.91118E-4
6162	0.00157
6164	0.00114
6166	1.40724E-4
6168	-7.29407E-4
6170	-1.52539E-4
6172	3.5933E-4
6174	7.22198E-4
6176	1.73067E-4
6178	-3.57065E-4
6180	-0.00112
6182	-0.00186
6184	-0.00121
6186	-0.00146
6188	-0.00124
6190	-0.00119
6192	-0.00225
6194	-0.00401
6196	-0.00315
6198	-0.00235
6200	-0.00146
6202	-6.24643E-4
6204	3.31226E-4
6206	0.00129
6208	0.00108
6210	5.68315E-5
6212	-1.663E-4
6214	-2.83431E-4
6216	8.18697E-4
6218	5.8377E-4
6220	-3.29157E-4
6222	-7.03084E-4
6224	-4.6901E-4
6226	-0.0012
6228	-4.94864E-4
6230	-3.77902E-5
6232	1.10283E-4
6234	-6.87644E-4
6236	1.9443E-4
6238	9.0503E-5
6240	-3.75424E-4
6242	-2.4635E-4
6244	-8.52277E-4
6246	-0.00302
6248	-0.00435
6250	-0.00359
6252	-0.00347
6254	-0.00412
6256	-0.00529
6258	-0.00346
6260	0.00244
6262	0.02915
6264	0.0706
6266	0.11616
6268	0.16314
6270	0.20834
6272	0.25083
6274	0.28718
6276	0.32086
6278	0.34884
6280	0.3588
6282	0.34634
6284	0.32243
6286	0.29394
6288	0.26525
6290	0.23482
6292	0.20622
6294	0.18056
6296	0.15765
6298	0.13585
6300	0.11694
6302	0.10221
6304	0.08816
6306	0.07787
6308	0.0674
6310	0.05926
6312	0.05193
6314	0.04543
6316	0.03945
6318	0.03484
6320	0.03093
6322	0.02741
6324	0.025
6326	0.02246
6328	0.01943
6330	0.01796
6332	0.01672
6334	0.01496
6336	0.01365
6338	0.01301
6340	0.01155
6342	0.01112
6344	0.01169
6346	0.01225
6348	0.01175
6350	0.01071
6352	0.01037
6354	0.01017
6356	0.01009
6358	0.00873
6360	0.00721
6362	0.00721
6364	0.00736
6366	0.00649
6368	0.00536
6370	0.00445
6372	0.00463
6374	0.00449
6376	0.00241
6378	0.00225
6380	0.00278
6382	0.00233
6384	0.00148
6386	1.65955E-4
6388	8.87094E-5
6390	0.00112
6392	0.00205
6394	0.00264
6396	0.00187
6398	0.00131
6400	0.00173
6402	0.0014
6404	0.00109
6406	0.00178
6408	6.85251E-4
6410	0.00125
6412	0.00111
6414	8.65133E-5
6416	-1.17325E-5
6418	-7.19784E-5
6420	-9.65224E-4
6422	6.5553E-4
6424	0.00193
6426	0.00271
6428	0.00271
6430	0.0023
6432	0.00169
6434	8.78055E-4
6436	9.7809E-5
6438	-6.93437E-4
6440	-2.90683E-4
6442	-3.44929E-4
6444	1.65826E-4
6446	3.1158E-4
6448	5.58334E-4
6450	9.59088E-4
6452	8.11842E-4
6454	7.85596E-4
6456	6.4935E-4
6458	1.81105E-4
6460	0.0012
6462	-3.93871E-5
6464	1.44367E-4
6466	4.88121E-4
6468	-9.89125E-4
6470	-0.00209
6472	-0.00296
6474	-0.00278
6476	-0.002
6478	-0.0022
6480	-0.00198
6482	-0.0016
6484	-0.00174
6486	-0.00157
6488	-0.00258
6490	-0.00287
6492	-0.00249
6494	-0.00209
6496	-0.00236
6498	-0.00117
6500	-8.59058E-4
6502	-6.21304E-4
6504	4.1545E-4
6506	1.40204E-4
6508	2.70958E-4
6510	1.07712E-4
6512	-6.62533E-4
6514	-2.85779E-4
6516	-2.14025E-4
6518	-1.42271E-4
6520	0.00117
6522	2.27237E-4
6524	3.62992E-4
6526	-0.00116
6528	-5.095E-4
6530	-6.69746E-4
6532	-4.77992E-4
6534	-0.00103
6536	-0.00225
6538	-0.00232
6540	-0.00116
6542	-9.64039E-4
6544	-0.00117
6546	-2.17706E-4
6548	-7.9539E-5
6550	-6.35372E-4
6552	-7.37206E-4
6554	-9.4039E-5
6556	-1.40872E-4
6558	-6.94706E-4
6560	-1.86539E-4
6562	4.57628E-4
6564	2.98794E-4
6566	-7.44039E-4
6568	-5.72872E-4
6570	9.62944E-5
6572	5.54461E-4
6574	2.90628E-4
6576	-2.20554E-6
6578	-2.25039E-4
6580	2.99128E-4
6582	6.94294E-4
6584	3.42604E-4
6586	-0.00174
6588	-0.003
6590	-0.00217
6592	-0.00265
6594	-0.00278
6596	-0.00191
6598	-2.82718E-4
6600	0.0011
6602	0.00204
6604	0.00793
6606	0.0339
6608	0.07448
6610	0.11863
6612	0.1644
6614	0.20978
6616	0.25166
6618	0.28905
6620	0.32294
6622	0.35017
6624	0.35901
6626	0.34861
6628	0.32654
6630	0.29809
6632	0.26746
6634	0.23721
6636	0.20845
6638	0.18257
6640	0.15891
6642	0.13863
6644	0.12102
6646	0.10676
6648	0.09473
6650	0.08303
6652	0.0724
6654	0.06416
6656	0.05632
6658	0.04988
6660	0.04332
6662	0.03801
6664	0.0344
6666	0.03079
6668	0.02685
6670	0.02368
6672	0.0217
6674	0.01882
6676	0.01643
6678	0.01624
6680	0.01513
6682	0.01359
6684	0.01203
6686	0.0116
6688	0.01164
6690	0.01176
6692	0.01088
6694	0.00875
6696	0.00909
6698	0.00889
6700	0.00787
6702	0.00692
6704	0.00654
6706	0.00619
6708	0.00716
6710	0.00751
6712	0.0076
6714	0.00657
6716	0.00595
6718	0.00554
6720	0.00559
6722	0.0061
6724	0.00547
6726	0.00239
6728	0.00223
6730	0.00241
6732	0.00356
6734	0.00474
6736	0.00452
6738	0.00385
6740	0.00398
6742	0.00329
6744	0.00364
6746	0.00419
6748	0.00361
6750	0.00442
6752	0.00494
6754	0.00367
6756	0.0029
6758	0.00379
6760	0.00352
6762	0.00228
6764	0.00139
6766	0.00109
6768	0.00121
6770	0.00234
6772	0.00227
6774	7.15728E-4
6776	-6.95448E-4
6778	-0.0013
6780	-0.00201
6782	-0.00126
6784	-7.77154E-4
6786	-6.76331E-4
6788	-4.10507E-4
6790	-4.14684E-4
6792	-0.00141
6794	-0.00114
6796	-5.71213E-4
6798	-0.00181
6800	-0.00228
6802	8.7257E-5
6804	0.00142
6806	0.00123
6808	3.45728E-4
6810	0.00155
6812	0.00209
6814	0.00194
6816	7.32021E-4
6818	6.90845E-4
6820	0.00198
6822	5.85492E-4
6824	-0.00126
6826	-0.00197
6828	-0.00188
6830	-7.05214E-4
6832	-4.73391E-4
6834	-8.07567E-4
6836	-3.16744E-4
6838	2.9608E-4
6840	1.39903E-4
6842	4.62727E-4
6844	0.00179
6846	0.00181
6848	0.00149
6850	0.00207
6852	0.00188
6854	0.00248
6856	0.00298
6858	0.00177
6860	0.00152
6862	0.00112
6864	7.98785E-4
6866	9.23609E-4
6868	6.57432E-4
6870	0.00224
6872	0.00211
6874	0.00111
6876	1.78592E-4
6878	7.14473E-4
6880	8.19353E-4
6882	7.89234E-4
6884	-7.01885E-4
6886	-0.00111
6888	-8.44124E-4
6890	-5.76244E-4
6892	-7.23363E-4
6894	-0.00126
6896	-0.00218
6898	-0.00105
6900	-0.00117
6902	-0.00105
6904	-0.00192
6906	-0.00145
6908	-0.00165
6910	-6.77145E-4
6912	-3.33525E-4
6914	4.22095E-4
6916	4.35715E-4
6918	0.0011
6920	6.18955E-4
6922	-2.08425E-4
6924	-1.27805E-4
6926	0.00127
6928	0.00162
6930	0.00112
6932	4.84675E-4
6934	4.95295E-4
6936	-2.31085E-4
6938	-8.46465E-4
6940	-4.86845E-4
6942	-9.07225E-4
6944	-0.0014
6946	-0.00205
6948	0.00234
6950	0.02693
6952	0.06605
6954	0.1126
6956	0.15988
6958	0.20499
6960	0.24667
6962	0.28276
6964	0.31718
6966	0.34796
6968	0.36099
6970	0.34985
6972	0.32704
6974	0.2989
6976	0.2699
6978	0.24023
6980	0.21141
6982	0.1859
6984	0.16077
6986	0.13987
6988	0.1214
6990	0.10508
6992	0.09069
6994	0.07915
6996	0.06874
6998	0.0603
7000	0.05269
7002	0.04638
7004	0.04025
7006	0.03506
7008	0.03086
7010	0.02764
7012	0.02427
7014	0.0212
7016	0.01886
7018	0.0177
7020	0.0156
7022	0.01406
7024	0.01356
7026	0.01307
7028	0.01183
7030	0.01061
7032	0.00999
7034	0.00852
7036	0.00772
7038	0.00794
7040	0.00677
7042	0.0064
7044	0.00651
7046	0.00484
7048	0.00477
7050	0.0041
7052	0.00377
7054	0.00408
7056	0.00396
7058	0.0028
7060	0.00276
7062	0.00229
7064	0.00199
7066	0.00177
7068	0.00206
7070	0.00278
7072	0.00319
7074	0.00307
7076	0.00127
7078	-2.61943E-4
7080	-0.0011
7082	-5.21766E-4
7084	-0.00243
7086	-0.0028
7088	-0.00351
7090	-0.00251
7092	-0.00276
7094	-0.00382
7096	-0.00196
7098	-0.00171
7100	-0.00166
7102	-8.90881E-4
7104	-0.00109
7106	-8.97038E-5
7108	1.78847E-5
7110	-0.00127
7112	-0.00148
7114	-0.00215
7116	-0.0016
7118	-0.00132
7120	-0.00118
7122	-5.87996E-4
7124	-4.7407E-5
7126	-1.43818E-4
7128	-9.6623E-4
7130	-3.04641E-4
7132	8.79471E-5
7134	-5.79464E-4
7136	-0.00188
7138	-0.0021
7140	-0.00336
7142	-0.00387
7144	-0.00249
7146	-0.00152
7148	-2.88345E-4
7150	-4.02756E-4
7152	-0.0019
7154	-0.00208
7156	-0.00281
7158	-0.00244
7160	-0.00191
7162	-0.00221
7164	-0.00243
7166	-0.0017
7168	-0.00199
7170	-0.00253
7172	-0.00338
7174	-0.00454
7176	-0.00439
7178	-0.00364
7180	-0.0035
7182	-0.0032
7184	-0.00335
7186	-0.00161
7188	-5.53574E-4
7190	-7.81986E-4
7192	-5.33397E-4
7194	-5.03808E-4
7196	-0.00128
7198	-0.00168
7200	-0.00187
7202	-0.00144
7204	-7.60494E-4
7206	-0.00103
7208	2.90593E-4
7210	0.00123
7212	1.57681E-4
7214	-7.51276E-4
7216	-0.0011
7218	-0.0022
7220	-0.00293
7222	-0.0028
7224	-0.00279
7226	-0.00263
7228	-0.00392
7230	-0.00405
7232	-0.00318
7234	-0.0035
7236	-0.00359
7238	-0.00302
7240	-0.00214
7242	-0.00236
7244	-0.00171
7246	-6.2155E-4
7248	-1.30437E-5
7250	2.32463E-4
7252	-1.03052E-6
7254	-3.81524E-4
7256	-4.30173E-5
7258	5.12489E-4
7260	0.00153
7262	0.00211
7264	0.00265
7266	0.00157
7268	-7.97777E-6
7270	-5.99471E-4
7272	-4.85965E-4
7274	-0.00118
7276	-8.63951E-4
7278	-8.10442E-4
7280	-0.00159
7282	-0.0021
7284	-0.00242
7286	-0.0018
7288	-0.0015
7290	-0.0016
7292	0.00173
7294	0.0245
7296	0.06335
7298	0.10926
7300	0.1566
7302	0.20255
7304	0.24596
7306	0.28389
7308	0.31844
7310	0.34724
7312	0.36168
7314	0.35247
7316	0.32926
7318	0.30022
7320	0.27013
7322	0.24016
7324	0.21142
7326	0.18607
7328	0.16311
7330	0.14246
7332	0.12396
7334	0.10721
7336	0.09346
7338	0.08252
7340	0.07036
7342	0.06142
7344	0.0548
7346	0.0487
7348	0.0425
7350	0.03769
7352	0.03355
7354	0.02937
7356	0.02644
7358	0.02432
7360	0.02192
7362	0.01941
7364	0.01818
7366	0.01685
7368	0.0147
7370	0.0137
7372	0.01408
7374	0.01339
7376	0.01166
7378	0.00993
7380	0.01017
7382	0.00875
7384	0.00679
7386	0.00698
7388	0.00585
7390	0.00592
7392	0.00632
7394	0.00603
7396	0.00606
7398	0.00764
7400	0.00837
7402	0.00856
7404	0.00748
7406	0.00711
7408	0.00734
7410	0.0058
7412	0.00384
7414	0.00298
7416	0.00329
7418	0.00331
7420	0.00385
7422	0.00349
7424	0.00265
7426	0.00188
7428	0.00243
7430	0.003
7432	0.00295
7434	0.00316
7436	0.00283
7438	0.00289
7440	0.00225
7442	4.08229E-4
7444	1.60933E-4
7446	-4.69363E-4
7448	-1.6866E-4
7450	0.00147
7452	9.78747E-4
7454	0.00124
7456	0.00147
7458	3.50858E-4
7460	-5.02438E-4
7462	-9.33734E-4
7464	2.10969E-4
7466	1.09673E-4
7468	-3.40623E-4
7470	-9.0892E-4
7472	5.37838E-5
7474	-1.54513E-4
7476	-0.00112
7478	-2.63105E-4
7480	0.00174
7482	0.00227
7484	0.00293
7486	0.00317
7488	0.00264
7490	0.00244
7492	0.00167
7494	0.00135
7496	0.00133
7498	0.00128
7500	8.81635E-4
7502	5.35338E-4
7504	5.97042E-4
7506	2.17456E-5
7508	-4.51551E-4
7510	-3.62847E-4
7512	-0.00109
7514	-8.7744E-4
7516	-5.57363E-5
7518	2.33967E-4
7520	0.00102
7522	0.00121
7524	-2.29805E-4
7526	-0.00166
7528	-0.00169
7530	-0.00183
7532	-7.44424E-4
7534	-1.43829E-4
7536	-5.02234E-4
7538	-0.00149
7540	-8.43044E-4
7542	-1.90449E-4
7544	-0.00153
7546	-8.67259E-4
7548	-6.26637E-5
7550	-7.16069E-4
7552	-7.15474E-4
7554	-3.54878E-4
7556	-9.84283E-4
7558	-0.00101
7560	4.04907E-4
7562	0.00148
7564	7.1486E-4
7566	-3.97573E-4
7568	-4.81006E-4
7570	-2.55439E-4
7572	-3.98872E-4
7574	4.20695E-4
7576	2.89262E-4
7578	-4.36171E-4
7580	-0.00114
7582	-0.00113
7584	-0.00104
7586	5.22096E-4
7588	0.00148
7590	8.3123E-4
7592	2.50797E-4
7594	-3.77636E-4
7596	1.1931E-5
7598	0.00113
7600	7.56065E-4
7602	2.76317E-5
7604	-4.15801E-4
7606	3.02544E-4
7608	-2.77615E-4
7610	-1.63774E-4
7612	1.63067E-4
7614	1.2908E-5
7616	0.00172
7618	0.00136
7620	2.55431E-4
7622	-1.90728E-4
7624	-6.07888E-4
7626	-7.84047E-4
7628	-4.00206E-4
7630	2.60635E-4
7632	-4.1524E-5
7634	-2.67683E-4
7636	0.00306
7638	0.02386
7640	0.06212
7642	0.10545
7644	0.15031
7646	0.19458
7648	0.23603
7650	0.27494
7652	0.31086
7654	0.34262
7656	0.35898
7658	0.35083
7660	0.32805
7662	0.30138
7664	0.27245
7666	0.24171
7668	0.21293
7670	0.18586
7672	0.162
7674	0.14096
7676	0.1234
7678	0.10691
7680	0.09272
7682	0.08066
7684	0.07076
7686	0.06188
7688	0.05555
7690	0.04842
7692	0.04274
7694	0.03796
7696	0.03316
7698	0.03026
7700	0.02771
7702	0.02435
7704	0.02069
7706	0.02008
7708	0.01894
7710	0.01862
7712	0.01618
7714	0.01385
7716	0.01275
7718	0.01156
7720	0.01093
7722	0.01004
7724	0.0091
7726	0.00774
7728	0.0064
7730	0.00696
7732	0.00716
7734	0.00604
7736	0.00528
7738	0.00521
7740	0.00484
7742	0.00436
7744	0.00241
7746	0.00174
7748	7.05162E-4
7750	4.3203E-4
7752	0.00109
7754	0.00175
7756	0.00263
7758	0.00263
7760	0.00267
7762	0.00222
7764	0.00234
7766	0.00163
7768	0.00128
7770	0.00188
7772	0.00291
7774	0.00214
7776	9.69322E-4
7778	5.61904E-5
7780	-7.0941E-5
7782	3.79928E-4
7784	0.00226
7786	0.00165
7788	0.00104
7790	-5.78598E-4
7792	-0.0018
7794	-0.00136
7796	-0.0018
7798	-0.00289
7800	-0.00312
7802	-0.00236
7804	-0.00139
7806	-5.44649E-4
7808	-9.13781E-4
7810	-0.00124
7812	-0.0017
7814	-7.29175E-4
7816	-3.57307E-4
7818	-9.06438E-4
7820	-9.35569E-4
7822	-0.00113
7824	-0.0017
7826	-0.00166
7828	-0.00151
7830	-0.00138
7832	-0.00165
7834	-0.00154
7836	-3.62621E-4
7838	-1.30752E-4
7840	1.11164E-5
7842	-2.92015E-4
7844	-0.00118
7846	-0.00143
7848	-5.72409E-4
7850	5.45459E-4
7852	-6.25672E-4
7854	-8.22804E-4
7856	-8.20935E-4
7858	-5.62066E-4
7860	2.31802E-4
7862	2.21671E-4
7864	2.92539E-4
7866	2.62408E-4
7868	-2.98723E-4
7870	-6.78855E-4
7872	-0.00192
7874	-0.00274
7876	-0.00219
7878	-0.00149
7880	-6.22512E-4
7882	-9.01643E-4
7884	-6.83775E-4
7886	3.66094E-4
7888	-6.00376E-5
7890	4.9831E-5
7892	-1.713E-4
7894	-2.64319E-5
7896	1.66437E-4
7898	6.79305E-4
7900	7.88174E-4
7902	-2.49576E-5
7904	4.58911E-4
7906	0.00209
7908	0.00188
7910	0.00122
7912	0.00186
7914	0.00165
7916	9.08123E-4
7918	2.74991E-4
7920	3.9086E-4
7922	5.03728E-4
7924	8.45597E-4
7926	0.00116
7928	5.96334E-4
7930	-0.00139
7932	-0.00213
7934	-0.00194
7936	-7.89714E-4
7938	-2.72517E-4
7940	-6.58319E-4
7942	-5.20122E-4
7944	-2.01925E-4
7946	-9.24728E-4
7948	-6.9853E-4
7950	-2.48333E-4
7952	-4.07136E-4
7954	-2.14938E-4
7956	-6.65741E-4
7958	-6.37544E-4
7960	-6.90347E-4
7962	2.13851E-4
7964	-0.0015
7966	-0.00323
7968	-0.00305
7970	-0.00282
7972	-0.00334
7974	-0.00263
7976	-0.00236
7978	-0.00181
7980	0.0019
7982	0.02109
7984	0.05745
7986	0.10283
7988	0.15026
7990	0.19634
7992	0.23889
7994	0.27777
7996	0.31281
7998	0.34227
8000	0.36013
8002	0.35434
8004	0.33345
8006	0.3066
8008	0.27701
8010	0.24722
8012	0.21776
8014	0.19077
8016	0.1673
8018	0.14611
8020	0.12664
8022	0.11007
8024	0.09692
8026	0.08507
8028	0.07355
8030	0.06398
8032	0.05666
8034	0.04926
8036	0.04395
8038	0.04019
8040	0.03489
8042	0.03111
8044	0.02735
8046	0.0247
8048	0.02204
8050	0.01943
8052	0.01721
8054	0.01596
8056	0.01559
8058	0.01539
8060	0.01442
8062	0.01247
8064	0.01283
8066	0.01198
8068	0.01179
8070	0.01077
8072	0.00886
8074	0.00845
8076	0.00712
8078	0.00693
8080	0.00614
8082	0.00436
8084	0.00391
8086	0.00396
8088	0.00466
8090	0.00426
8092	0.00404
8094	0.00388
8096	0.00495
8098	0.00531
8100	0.00599
8102	0.00548
8104	0.00464
8106	0.00536
8108	0.00501
8110	0.00431
8112	0.00354
8114	0.00387
8116	0.00473
8118	0.00405
8120	0.00347
8122	0.00263
8124	0.00144
8126	-3.07675E-4
8128	-0.00124
8130	-0.0011
8132	-0.00132
8134	-0.00105
8136	-7.55535E-4
8138	-0.00194
8140	-0.00172
8142	-0.001
8144	0.00108
8146	0.00197
8148	0.00204
8150	0.00198
8152	6.13689E-4
8154	-3.59283E-4
8156	-0.00136
8158	-0.00105
8160	1.60801E-4
8162	8.84829E-4
8164	0.00174
8166	0.00275
8168	0.00288
8170	0.0016
8172	9.96968E-4
8174	0.0015
8176	0.00131
8178	0.00108
8180	0.00188
8182	0.00204
8184	5.51136E-4
8186	-2.98836E-4
8188	5.51919E-5
8190	-0.00121
8192	-0.00197
8194	-0.00168
8196	-0.00175
8198	-0.00102
8200	8.3736E-4
8202	0.00159
8204	0.00106
8206	0.00109
8208	7.36472E-4
8210	6.20499E-4
8212	4.98527E-4
8214	-7.54446E-5
8216	-1.62417E-4
8218	-4.03887E-5
8220	2.47639E-4
8222	9.58667E-4
8224	0.00139
8226	0.00101
8228	1.66751E-4
8230	-7.70221E-4
8232	-9.01193E-4
8234	2.06835E-4
8236	8.68863E-4
8238	0.00112
8240	0.00165
8242	7.84947E-4
8244	1.00975E-4
8246	-7.81997E-4
8248	-1.82969E-4
8250	8.01059E-4
8252	0.00199
8254	3.53115E-4
8256	-2.57858E-4
8258	-0.00163
8260	-0.0024
8262	-0.00237
8264	-8.2386E-4
8266	-1.2423E-4
8268	-0.00174
8270	-0.002
8272	-0.00134
8274	-0.00276
8276	-0.00259
8278	-0.00236
8280	-0.00194
8282	-0.00156
8284	-0.00139
8286	-0.00185
8288	-0.00164
8290	-0.00158
8292	-8.51035E-4
8294	2.04595E-4
8296	0.00165
8298	0.00119
8300	0.0011
8302	8.6814E-4
8304	5.44956E-4
8306	0.00134
8308	5.7359E-4
8310	-5.12594E-4
8312	-1.87777E-4
8314	-0.00154
8316	-0.00194
8318	-8.39327E-4
8320	3.40489E-4
8322	-5.78694E-4
8324	0.00124
8326	0.01927
8328	0.05557
8330	0.09868
8332	0.14446
8334	0.19141
8336	0.23377
8338	0.27402
8340	0.30731
8342	0.33839
8344	0.35676
8346	0.35096
8348	0.33185
8350	0.30632
8352	0.27757
8354	0.24744
8356	0.21912
8358	0.19211
8360	0.16745
8362	0.14516
8364	0.12513
8366	0.10838
8368	0.09363
8370	0.08071
8372	0.07004
8374	0.06063
8376	0.05309
8378	0.04445
8380	0.03872
8382	0.03384
8384	0.03006
8386	0.02688
8388	0.02516
8390	0.02304
8392	0.02037
8394	0.01754
8396	0.01611
8398	0.01606
8400	0.01531
8402	0.01296
8404	0.01215
8406	0.01166
8408	0.00993
8410	0.00794
8412	0.00774
8414	0.00759
8416	0.0084
8418	0.00837
8420	0.00758
8422	0.00599
8424	0.00534
8426	0.00441
8428	0.00451
8430	0.00507
8432	0.00417
8434	0.00284
8436	0.00259
8438	0.00209
8440	0.00177
8442	0.00111
8444	0.00137
8446	0.00146
8448	0.00116
8450	9.48935E-4
8452	0.00131
8454	0.00133
8456	0.0014
8458	0.00146
8460	0.00191
8462	0.00132
8464	2.40165E-4
8466	4.9677E-4
8468	3.63374E-4
8470	2.14978E-4
8472	5.81582E-4
8474	-7.22813E-4
8476	-0.00215
8478	-0.00304
8480	-0.00285
8482	-0.00182
8484	-9.95792E-4
8486	6.98126E-5
8488	6.96417E-4
8490	5.11021E-4
8492	0.00124
8494	0.00168
8496	0.00177
8498	8.99438E-4
8500	-4.06957E-4
8502	1.87647E-4
8504	6.40251E-4
8506	-2.95144E-4
8508	-1.2354E-4
8510	-7.00936E-4
8512	-3.66332E-4
8514	-0.00144
8516	-0.0014
8518	-0.00101
8520	-8.82914E-4
8522	-0.00169
8524	-0.00303
8526	-0.00241
8528	-0.00177
8530	-0.00116
8532	2.39711E-4
8534	5.28316E-4
8536	5.5692E-4
8538	-7.44476E-4
8540	-0.00135
8542	-0.00165
8544	-0.00213
8546	-0.00241
8548	-0.00189
8550	-0.00143
8552	-0.00189
8554	-0.0019
8556	-7.75037E-4
8558	-7.14327E-5
8560	-6.28284E-5
8562	-0.00101
8564	-5.6562E-4
8566	-5.85016E-4
8568	2.39589E-4
8570	3.03193E-4
8572	-0.00112
8574	-0.00113
8576	-3.14994E-4
8578	-1.0339E-4
8580	-5.57855E-5
8582	4.86819E-4
8584	5.36423E-4
8586	9.34555E-4
8588	-9.61522E-5
8590	-0.00132
8592	-7.75661E-5
8594	-0.00154
8596	-0.00192
8598	-0.00148
8600	-0.00188
8602	-0.00228
8604	-0.00296
8606	-0.00303
8608	-0.00216
8610	-0.00176
8612	-0.00112
8614	-8.99342E-4
8616	-3.40049E-4
8618	-1.13756E-4
8620	7.45367E-5
8622	4.9183E-4
8624	4.53123E-4
8626	-1.99584E-4
8628	6.89713E-5
8630	1.82188E-4
8632	-0.00155
8634	-0.00112
8636	-3.14162E-4
8638	-6.90945E-4
8640	1.30271E-4
8642	0.00117
8644	0.00159
8646	8.60921E-4
8648	3.01379E-5
8650	-0.00219
8652	-0.00213
8654	-0.00152
8656	-9.04996E-4
8658	-0.00141
8660	-4.81562E-4
8662	-2.53455E-5
8664	7.58711E-5
8666	2.12088E-4
8668	7.80357E-4
8670	0.01656
8672	0.05042
8674	0.0941
8676	0.14047
8678	0.185
8680	0.22761
8682	0.26761
8684	0.30211
8686	0.3338
8688	0.35431
8690	0.34985
8692	0.33078
8694	0.30456
8696	0.27528
8698	0.24635
8700	0.21928
8702	0.1935
8704	0.169
8706	0.14699
8708	0.12862
8710	0.11226
8712	0.09766
8714	0.08366
8716	0.07176
8718	0.06209
8720	0.05445
8722	0.04788
8724	0.04238
8726	0.03679
8728	0.0318
8730	0.02766
8732	0.0257
8734	0.02386
8736	0.0208
8738	0.01858
8740	0.01687
8742	0.01419
8744	0.01114
8746	0.01122
8748	0.01136
8750	0.01064
8752	0.00909
8754	0.00889
8756	0.0077
8758	0.00745
8760	0.0078
8762	0.00769
8764	0.00726
8766	0.00615
8768	0.0052
8770	0.00312
8772	8.51487E-4
8774	2.4133E-4
8776	5.67172E-4
8778	-6.99854E-5
8780	0.00143
8782	0.00234
8784	0.00133
8786	0.00333
8788	0.00303
8790	0.00239
8792	0.00276
8794	0.00386
8796	0.00381
8798	0.00214
8800	2.32282E-4
8802	5.00125E-4
8804	0.00128
8806	0.00246
8808	0.00346
8810	0.00148
8812	3.47337E-4
8814	0.00204
8816	0.00146
8818	7.07865E-4
8820	4.43707E-4
8822	-7.3445E-4
8824	-2.40608E-4
8826	-1.40765E-4
8828	6.24077E-4
8830	0.00144
8832	6.49762E-4
8834	-9.79395E-4
8836	-0.00246
8838	-0.00311
8840	-0.00106
8842	4.79745E-5
8844	-8.57183E-4
8846	-0.0011
8848	-6.71498E-4
8850	-0.00159
8852	-0.00217
8854	-0.0034
8856	-0.0033
8858	-0.00316
8860	-0.00288
8862	-0.00242
8864	-0.00204
8866	-0.00298
8868	-0.00278
8870	-0.00179
8872	-0.00165
8874	-9.90546E-4
8876	-8.42703E-4
8878	-0.00185
8880	-0.00295
8882	-0.00392
8884	-0.00396
8886	-0.00469
8888	-0.00498
8890	-0.00476
8892	-0.00505
8894	-0.00505
8896	-0.00516
8898	-0.00455
8900	-0.00461
8902	-0.0045
8904	-0.00534
8906	-0.00472
8908	-0.0047
8910	-0.00544
8912	-0.00665
8914	-0.00583
8916	-0.00391
8918	-0.00321
8920	-0.00275
8922	-0.00274
8924	-0.00263
8926	-0.00288
8928	-0.00266
8930	-0.00304
8932	-0.00433
8934	-0.00499
8936	-0.00605
8938	-0.00514
8940	-0.00553
8942	-0.00591
8944	-0.00604
8946	-0.00565
8948	-0.00442
8950	-0.00341
8952	-0.00297
8954	-0.00333
8956	-0.00266
8958	-0.00166
8960	-0.00148
8962	-0.00188
8964	-0.00305
8966	-0.00287
8968	-0.0029
8970	-0.00214
8972	-0.00115
8974	-2.16079E-4
8976	1.29444E-5
8978	0.00149
8980	0.00129
8982	2.85015E-4
8984	6.97039E-4
8986	7.56062E-4
8988	0.0014
8990	7.34109E-4
8992	-2.05867E-4
8994	-3.46844E-4
8996	-0.00154
8998	-0.00253
9000	-0.00339
9002	-0.00379
9004	-0.00314
9006	-0.00393
9008	-0.0039
9010	-0.00355
9012	-0.00189
9014	0.0151
9016	0.0511
9018	0.09492
9020	0.13958
9022	0.18313
9024	0.22449
9026	0.26411
9028	0.29858
9030	0.32898
9032	0.34879
9034	0.34542
9036	0.32741
9038	0.30299
9040	0.27543
9042	0.24688
9044	0.21838
9046	0.19332
9048	0.17021
9050	0.1482
9052	0.12808
9054	0.11104
9056	0.09736
9058	0.08496
9060	0.07351
9062	0.06484
9064	0.05829
9066	0.05201
9068	0.0451
9070	0.04022
9072	0.03614
9074	0.03341
9076	0.02959
9078	0.02616
9080	0.02291
9082	0.02023
9084	0.01813
9086	0.01629
9088	0.01466
9090	0.01292
9092	0.01255
9094	0.01222
9096	0.01138
9098	0.01037
9100	0.00984
9102	0.01008
9104	0.01015
9106	0.00921
9108	0.0073
9110	0.00626
9112	0.00657
9114	0.00722
9116	0.0072
9118	0.00571
9120	0.00391
9122	0.00302
9124	0.00373
9126	0.00472
9128	0.00528
9130	0.00589
9132	0.00464
9134	0.00344
9136	0.00334
9138	0.00352
9140	0.00315
9142	0.00307
9144	0.00211
9146	0.00333
9148	0.00293
9150	0.00147
9152	0.00192
9154	0.0036
9156	0.0018
9158	-8.81394E-4
9160	-0.00112
9162	-1.54008E-4
9164	-7.87316E-4
9166	-0.00114
9168	-6.05931E-4
9170	6.06762E-4
9172	0.001
9174	9.95147E-4
9176	2.79839E-4
9178	-3.91468E-4
9180	-1.22775E-4
9182	-9.68083E-4
9184	3.8961E-4
9186	1.76302E-4
9188	1.66995E-4
9190	0.00103
9192	-1.5162E-4
9194	-0.00117
9196	-0.00168
9198	-0.00247
9200	-0.00282
9202	-7.56157E-4
9204	-5.50465E-4
9206	-0.00143
9208	-0.00232
9210	-0.0027
9212	-0.00145
9214	-4.79002E-4
9216	-0.00138
9218	-9.57617E-4
9220	4.06076E-4
9222	5.77768E-4
9224	-1.74539E-4
9226	4.65154E-4
9228	-7.74154E-4
9230	-0.00207
9232	-0.00251
9234	-0.00318
9236	-0.00171
9238	-8.21691E-4
9240	-6.86297E-4
9242	-6.05636E-4
9244	4.11026E-4
9246	2.11687E-4
9248	-6.92651E-4
9250	-0.0013
9252	-4.09328E-4
9254	-8.00667E-4
9256	-7.79005E-4
9258	-2.77344E-4
9260	-3.83682E-4
9262	-5.05021E-4
9264	-2.49359E-4
9266	-9.10698E-4
9268	-6.91036E-4
9270	-2.73375E-4
9272	-6.18713E-4
9274	-7.38052E-4
9276	-0.00176
9278	-0.0034
9280	-0.00294
9282	-0.00214
9284	-0.00182
9286	-3.18003E-4
9288	9.66216E-5
9290	3.04247E-4
9292	0.00204
9294	0.00267
9296	0.00283
9298	0.00202
9300	1.31372E-4
9302	-0.00114
9304	-9.88378E-4
9306	-0.00199
9308	-0.00231
9310	-9.51503E-4
9312	4.87122E-4
9314	7.39747E-4
9316	4.49372E-4
9318	9.79975E-5
9320	-2.59377E-4
9322	3.4572E-4
9324	7.95171E-4
9326	1.97622E-4
9328	-3.43926E-4
9330	-6.77475E-4
9332	-0.00156
9334	-0.00147
9336	-0.00194
9338	-0.00338
9340	-0.00255
9342	-0.00214
9344	-0.00236
9346	-0.00255
9348	-0.00215
9350	-0.00248
9352	-0.00116
9354	-5.90062E-4
9356	-6.1761E-4
9358	0.01229
9360	0.04593
9362	0.09051
9364	0.13614
9366	0.1803
9368	0.22344
9370	0.26184
9372	0.29682
9374	0.32992
9376	0.35072
9378	0.34895
9380	0.33107
9382	0.3056
9384	0.27677
9386	0.24878
9388	0.22033
9390	0.19327
9392	0.16958
9394	0.14872
9396	0.13058
9398	0.11494
9400	0.09992
9402	0.08748
9404	0.07715
9406	0.06822
9408	0.06058
9410	0.05441
9412	0.04709
9414	0.04035
9416	0.03527
9418	0.03122
9420	0.02829
9422	0.02581
9424	0.02391
9426	0.02003
9428	0.01815
9430	0.01704
9432	0.01634
9434	0.01555
9436	0.01436
9438	0.01302
9440	0.01249
9442	0.01189
9444	0.01114
9446	0.01021
9448	0.00922
9450	0.00856
9452	0.00774
9454	0.00699
9456	0.00602
9458	0.00458
9460	0.00502
9462	0.00555
9464	0.0065
9466	0.00501
9468	0.00359
9470	0.00169
9472	0.00125
9474	0.00125
9476	0.00149
9478	0.00272
9480	0.00243
9482	0.00167
9484	0.00134
9486	0.00228
9488	0.00323
9490	0.00207
9492	4.14506E-4
9494	-2.77407E-5
9496	0.00108
9498	0.00311
9500	0.00273
9502	0.00135
9504	0.00153
9506	6.6078E-4
9508	0.00131
9510	0.00265
9512	0.0014
9514	0.00107
9516	0.00153
9518	0.00129
9520	1.17053E-4
9522	5.05806E-4
9524	7.6456E-4
9526	-1.35687E-4
9528	-4.10933E-4
9530	-6.9218E-4
9532	-4.77427E-4
9534	0.00116
9536	0.0017
9538	0.00109
9540	-4.22413E-4
9542	-0.00226
9544	-0.00125
9546	-0.00191
9548	-0.00201
9550	-0.00203
9552	-0.00166
9554	-7.3114E-4
9556	-0.00145
9558	-6.84633E-4
9560	4.84121E-4
9562	-4.66126E-4
9564	-4.11373E-4
9566	-0.00155
9568	-0.00195
9570	-3.11113E-4
9572	-3.33359E-4
9574	4.69394E-4
9576	0.00122
9578	2.22901E-4
9580	6.32654E-4
9582	0.00122
9584	8.92161E-4
9586	3.12914E-4
9588	-3.95332E-4
9590	-2.81579E-4
9592	9.55174E-4
9594	4.62928E-4
9596	4.84681E-4
9598	0.00126
9600	0.00174
9602	0.00143
9604	0.00166
9606	0.00269
9608	0.00367
9610	0.00356
9612	0.00277
9614	0.00122
9616	1.02215E-4
9618	-4.75032E-4
9620	-6.76278E-4
9622	-3.19525E-4
9624	-1.55772E-4
9626	-6.88018E-4
9628	-0.00152
9630	-0.00198
9632	-0.00215
9634	-0.00277
9636	-0.00235
9638	-2.30498E-4
9640	9.65255E-4
9642	9.25009E-4
9644	5.01762E-4
9646	4.51554E-6
9648	-1.00731E-4
9650	-0.00132
9652	-0.00151
9654	-0.00128
9656	7.15799E-5
9658	-9.33227E-4
9660	-4.61034E-4
9662	5.83159E-4
9664	3.69351E-4
9666	-2.64456E-4
9668	2.86737E-4
9670	7.5893E-4
9672	5.70123E-4
9674	5.51316E-4
9676	2.88509E-4
9678	-0.00159
9680	-0.00186
9682	-0.00171
9684	-0.00155
9686	-0.00165
9688	-0.00135
9690	-0.00154
9692	-0.00136
9694	-3.01213E-4
9696	-3.99243E-5
9698	-2.59636E-4
9700	0.00137
9702	0.01402
9704	0.04588
9706	0.08812
9708	0.13329
9710	0.17891
9712	0.22065
9714	0.25932
9716	0.29421
9718	0.32434
9720	0.3471
9722	0.3474
9724	0.33159
9726	0.30772
9728	0.27915
9730	0.24901
9732	0.21939
9734	0.19326
9736	0.16968
9738	0.14901
9740	0.13045
9742	0.11363
9744	0.09953
9746	0.08615
9748	0.07578
9750	0.06742
9752	0.05854
9754	0.05188
9756	0.04486
9758	0.03965
9760	0.03536
9762	0.03061
9764	0.0276
9766	0.02512
9768	0.02208
9770	0.01901
9772	0.01698
9774	0.01629
9776	0.01339
9778	0.01367
9780	0.01302
9782	0.01104
9784	0.00984
9786	0.00898
9788	0.0084
9790	0.0068
9792	0.00464
9794	0.00474
9796	0.00637
9798	0.00596
9800	0.00524
9802	0.00538
9804	0.00632
9806	0.00583
9808	0.00535
9810	0.00401
9812	0.00408
9814	0.00306
9816	0.00333
9818	0.00321
9820	0.00332
9822	0.00334
9824	0.00235
9826	0.00236
9828	0.00199
9830	6.02794E-4
9832	-8.04501E-4
9834	-2.93797E-4
9836	-3.02092E-4
9838	-1.77388E-4
9840	-3.2683E-5
9842	-3.50978E-4
9844	-5.26274E-4
9846	-7.07569E-4
9848	2.20135E-4
9850	2.0584E-4
9852	0.00116
9854	0.00175
9856	0.00191
9858	0.00174
9860	9.42363E-4
9862	7.88068E-4
9864	-1.95228E-4
9866	1.11477E-4
9868	1.67181E-4
9870	1.58859E-5
9872	-2.0441E-4
9874	2.48295E-4
9876	-8.07E-4
9878	-5.81296E-4
9880	-0.00108
9882	-0.00199
9884	-0.00282
9886	-0.00257
9888	-0.00231
9890	-0.0033
9892	-0.00312
9894	-0.00288
9896	-0.00353
9898	-0.00338
9900	-0.00246
9902	-3.32841E-4
9904	-7.61136E-4
9906	-0.001
9908	-0.00103
9910	-0.00151
9912	-9.23318E-4
9914	-6.11613E-4
9916	-6.9085E-6
9918	-2.82039E-5
9920	-9.44993E-5
9922	-9.34795E-4
9924	-1.8809E-4
9926	6.20614E-4
9928	-2.57681E-4
9930	-2.95976E-4
9932	-0.00113
9934	-0.00104
9936	-5.67863E-4
9938	-7.76158E-4
9940	-0.00132
9942	-0.00157
9944	-0.00108
9946	-0.00109
9948	-0.001
9950	-0.00133
9952	-8.62226E-4
9954	-0.00113
9956	-0.0014
9958	-0.00251
9960	-0.00466
9962	-0.00463
9964	-0.00499
9966	-0.00384
9968	-0.00283
9970	-0.00273
9972	-0.00344
9974	-0.00342
9976	-0.00446
9978	-0.00434
9980	-0.00376
9982	-0.00399
9984	-0.00246
9986	-0.0019
9988	-0.00263
9990	-0.00309
9992	-0.00325
9994	-0.00216
9996	-0.00233
9998	-0.00182
10000	-0.00159
10002	-0.00139
10004	-0.00109
10006	-0.00107
10008	-0.0015
10010	-0.00177
10012	-4.97598E-4
10014	3.9073E-5
10016	2.33744E-4
10018	6.19947E-4
10020	3.72994E-4
10022	6.31042E-4
10024	0.00136
10026	4.40136E-4
10028	-0.00124
10030	-0.00202
10032	-0.00204
10034	-0.00176
10036	-0.00166
10038	-0.00128
10040	-0.00166
10042	-0.0021
10044	-0.00241
10046	0.00865
10048	0.03938
10050	0.08082
10052	0.12564
10054	0.17182
10056	0.21449
10058	0.25439
10060	0.29006
10062	0.3219
10064	0.34575
10066	0.35027
10068	0.33483
10070	0.31016
10072	0.28197
10074	0.25217
10076	0.22291
10078	0.19628
10080	0.17184
10082	0.15042
10084	0.13105
10086	0.11474
10088	0.10015
10090	0.08631
10092	0.07655
10094	0.06641
10096	0.05717
10098	0.04959
10100	0.04483
10102	0.04079
10104	0.03588
10106	0.03174
10108	0.02897
10110	0.02607
10112	0.02339
10114	0.02093
10116	0.0182
10118	0.01578
10120	0.01593
10122	0.01545
10124	0.01563
10126	0.01463
10128	0.01224
10130	0.00955
10132	0.00801
10134	0.00698
10136	0.00698
10138	0.00644
10140	0.00464
10142	0.00422
10144	0.00439
10146	0.00511
10148	0.0049
10150	0.00329
10152	0.00339
10154	0.00288
10156	0.0029
10158	0.00352
10160	0.00339
10162	0.00416
10164	0.00268
10166	0.00235
10168	0.00175
10170	0.0017
10172	0.00118
10174	3.10564E-4
10176	-4.7858E-5
10178	-3.72804E-5
10180	-7.41703E-4
10182	-2.99125E-4
10184	5.70452E-4
10186	6.2703E-4
10188	7.07608E-4
10190	-2.64815E-4
10192	4.47628E-5
10194	-7.6166E-4
10196	-0.00118
10198	-0.00116
10200	-7.42927E-4
10202	-8.56349E-4
10204	2.30228E-4
10206	8.76806E-4
10208	-1.88616E-4
10210	-5.63039E-4
10212	3.53891E-6
10214	3.66117E-4
10216	0.00155
10218	0.00108
10220	9.26849E-4
10222	2.42427E-4
10224	-1.22995E-4
10226	-1.77418E-4
10228	0.001
10230	0.00147
10232	4.90315E-4
10234	1.03893E-4
10236	9.2647E-4
10238	7.94048E-4
10240	7.84625E-4
10242	6.76203E-4
10244	0.00131
10246	8.04358E-4
10248	7.99358E-5
10250	-2.52487E-4
10252	5.71091E-4
10254	9.42669E-4
10256	0.0011
10258	0.00161
10260	8.77401E-4
10262	-3.71021E-4
10264	-5.88443E-4
10266	-4.67866E-4
10268	-9.49288E-4
10270	-7.7471E-4
10272	-1.06133E-4
10274	-5.02555E-4
10276	-8.17978E-4
10278	-4.554E-4
10280	-2.35822E-4
10282	3.27755E-4
10284	0.00106
10286	0.00172
10288	0.00141
10290	0.00137
10292	0.00119
10294	4.98221E-4
10296	0.00155
10298	0.00196
10300	0.00151
10302	0.00187
10304	0.00271
10306	0.00218
10308	0.00154
10310	0.00185
10312	0.00242
10314	0.00221
10316	0.00232
10318	0.00315
10320	0.00246
10322	0.00241
10324	0.00369
10326	0.00391
10328	0.00399
10330	0.00409
10332	0.00441
10334	0.00489
10336	0.00532
10338	0.00528
10340	0.00513
10342	0.00311
10344	0.00211
10346	0.00113
10348	4.5934E-4
10350	4.2934E-4
10352	-2.38659E-4
10354	-9.60658E-4
10356	-0.00116
10358	-0.00148
10360	-7.19655E-4
10362	-4.42654E-4
10364	5.03467E-5
10366	8.15348E-4
10368	6.25349E-4
10370	0.00113
10372	0.00166
10374	0.00151
10376	0.00122
10378	1.93353E-4
10380	-2.84646E-4
10382	1.73355E-4
10384	9.24356E-4
