time	cp
2	-0.00286
4	-0.0045
6	-0.00421
8	-0.00361
10	-0.00417
12	-0.00526
14	-0.00622
16	-0.00459
18	-0.00469
20	-0.00493
22	-0.00424
24	-0.00337
26	-0.00275
28	-0.00415
30	-0.00548
32	-0.00473
34	-0.00409
36	-0.00395
38	-0.00371
40	-0.0026
42	-0.001
44	-6.26019E-4
46	-3.6441E-4
48	-0.002
50	-0.00185
52	-0.00125
54	-0.00135
56	-0.0018
58	-0.00138
60	-6.68153E-4
62	1.44557E-5
64	3.00064E-4
66	-0.00669
68	-0.034
70	-0.08124
72	-0.14238
74	-0.2083
76	-0.27142
78	-0.33065
80	-0.38672
82	-0.43604
84	-0.47719
86	-0.49731
88	-0.4941
90	-0.47081
92	-0.4372
94	-0.40019
96	-0.36049
98	-0.32221
100	-0.28639
102	-0.25351
104	-0.22371
106	-0.19812
108	-0.17319
110	-0.15111
112	-0.13145
114	-0.11606
116	-0.10231
118	-0.09016
120	-0.07936
122	-0.0715
124	-0.06348
126	-0.05729
128	-0.05307
130	-0.04773
132	-0.04213
134	-0.03834
136	-0.03603
138	-0.03335
140	-0.03014
142	-0.02682
144	-0.02459
146	-0.02269
148	-0.02239
150	-0.02013
152	-0.01741
154	-0.01587
156	-0.01474
158	-0.01308
160	-0.01105
162	-0.00977
164	-0.009
166	-0.0081
168	-0.0069
170	-0.00663
172	-0.00796
174	-0.00774
176	-0.00708
178	-0.00718
180	-0.00674
182	-0.00648
184	-0.00584
186	-0.00557
188	-0.00396
190	-0.00339
192	-0.00366
194	-0.00425
196	-0.00413
198	-0.00185
200	-0.00205
202	-0.00193
204	-0.00111
206	-0.00139
208	-0.00108
210	8.0467E-5
212	-4.77925E-4
214	1.99683E-4
216	0.00122
218	0.00282
220	0.00297
222	0.00215
224	0.00169
226	0.0019
228	0.00166
230	7.4355E-4
232	9.87158E-4
234	0.00136
236	0.00111
238	1.93983E-4
240	-8.76409E-4
242	-5.42801E-4
244	4.04807E-4
246	0.00216
248	0.00211
250	0.00157
252	0.00102
254	7.62849E-4
256	0.00198
258	0.00413
260	0.00349
262	0.00319
264	0.00242
266	0.00316
268	0.00299
270	0.00175
272	0.00122
274	0.00132
276	9.5954E-4
278	5.71148E-4
280	-1.98244E-4
282	0.00144
284	0.00368
286	0.00304
288	0.00199
290	0.00154
292	0.00191
294	2.52014E-4
296	-4.04378E-4
298	6.23043E-6
300	3.05839E-4
302	0.00128
304	0.00165
306	0.00141
308	0.00143
310	0.00183
312	0.0015
314	-3.11903E-4
316	-0.00108
318	3.91313E-4
320	-1.80079E-4
322	5.1553E-4
324	0.00166
326	0.00157
328	9.32354E-4
330	9.30963E-4
332	5.83571E-4
334	7.93179E-4
336	0.00132
338	4.99396E-4
340	3.49004E-4
342	3.72612E-4
344	-6.47796E-5
346	9.32829E-4
348	0.00284
350	0.00248
352	0.00232
354	0.00112
356	2.1687E-4
358	-2.62522E-4
360	-3.16914E-4
362	-2.94305E-4
364	-6.0697E-5
366	8.44911E-4
368	6.4052E-4
370	-2.70872E-4
372	5.87736E-4
374	0.00139
376	0.00206
378	0.0029
380	0.00195
382	0.00117
384	0.00133
386	0.00161
388	0.0019
390	8.21474E-4
392	1.97321E-4
394	3.11169E-4
396	5.7016E-5
398	2.78633E-5
400	-1.90289E-4
402	9.02558E-4
404	0.00129
406	0.00214
408	0.00191
410	4.92947E-4
412	-3.78206E-4
414	-3.52358E-4
416	5.16489E-4
418	8.90336E-4
420	-1.18816E-4
422	-9.54969E-4
424	-0.00103
426	-0.00132
428	-2.43427E-4
430	8.8742E-4
432	7.51267E-4
434	1.3996E-4
436	-4.77062E-4
438	-0.00143
440	-0.00103
442	-4.01314E-5
444	2.32846E-4
446	5.52823E-4
448	5.248E-4
450	7.97777E-4
452	8.46754E-4
454	1.99731E-4
456	4.67077E-5
458	1.98685E-4
460	-2.79338E-4
462	0.00106
464	0.00219
466	0.0019
468	4.2757E-4
470	-0.00776
472	-0.03725
474	-0.08479
476	-0.14515
478	-0.20953
480	-0.26861
482	-0.32306
484	-0.3744
486	-0.42152
488	-0.46254
490	-0.4847
492	-0.48297
494	-0.4606
496	-0.42808
498	-0.39133
500	-0.35234
502	-0.3155
504	-0.28039
506	-0.24789
508	-0.21819
510	-0.19126
512	-0.16728
514	-0.14748
516	-0.13004
518	-0.11416
520	-0.10004
522	-0.08833
524	-0.07889
526	-0.06961
528	-0.0617
530	-0.05672
532	-0.05249
534	-0.04734
536	-0.04227
538	-0.03668
540	-0.03118
542	-0.02737
544	-0.02512
546	-0.02473
548	-0.02284
550	-0.02061
552	-0.01788
554	-0.0171
556	-0.01767
558	-0.01573
560	-0.01355
562	-0.01223
564	-0.01212
566	-0.01237
568	-0.0112
570	-0.01005
572	-0.009
574	-0.00888
576	-0.00796
578	-0.00633
580	-0.00649
582	-0.0058
584	-0.00443
586	-0.00408
588	-0.00513
590	-0.00432
592	-0.00514
594	-0.00481
596	-0.00517
598	-0.00527
600	-0.00495
602	-0.00365
604	-0.00346
606	-0.00199
608	-4.31982E-4
610	-9.29282E-4
612	-0.00191
614	-0.0031
616	-0.0028
618	-0.00292
620	-0.00355
622	-0.00268
624	-0.00219
626	-0.0022
628	-0.00117
630	-0.00134
632	-4.97587E-4
634	-5.01887E-4
636	-0.00189
638	-0.00258
640	-0.00341
642	-0.0045
644	-0.00428
646	-0.00411
648	-0.00271
650	-0.00322
652	-0.00307
654	-0.00155
656	-7.97192E-4
658	-0.00146
660	-0.00229
662	-0.00134
664	-8.68394E-4
666	-0.00122
668	-8.05995E-4
670	-6.96295E-4
672	-6.32596E-4
674	2.16104E-4
676	-7.96197E-4
678	-7.59497E-4
680	4.65202E-4
682	3.56902E-4
684	8.19602E-4
686	-3.41699E-4
688	-8.18999E-4
690	-4.933E-4
692	-9.526E-4
694	-5.45901E-4
696	4.72799E-4
698	5.21498E-4
700	8.92198E-4
702	0.00178
704	0.00157
706	6.21297E-4
708	-6.61004E-4
710	-7.03304E-4
712	-0.00129
714	-0.00196
716	-0.00224
718	-0.00183
720	-0.00193
722	-0.00101
724	-4.00407E-4
726	-0.00139
728	-0.00184
730	-0.00254
732	-0.00197
734	-7.48909E-4
736	-5.7921E-4
738	-0.00142
740	-0.00152
742	-0.00114
744	-0.00109
746	-6.26712E-4
748	-5.78013E-4
750	-6.26313E-4
752	-0.00156
754	-0.00196
756	-0.00271
758	-0.00204
760	-0.00206
762	-0.00138
764	-0.00132
766	-0.00155
768	-3.00017E-4
770	3.68114E-4
772	4.52532E-4
774	3.97951E-4
776	4.45369E-4
778	8.08787E-4
780	1.99206E-4
782	2.83624E-4
784	-2.44958E-4
786	-5.56539E-4
788	-5.59121E-4
790	-1.08702E-4
792	4.89716E-4
794	-5.03866E-4
796	-1.02447E-4
798	4.40971E-4
800	-1.2761E-4
802	-4.68192E-4
804	8.70226E-4
806	0.00109
808	2.08063E-4
810	-9.61519E-4
812	-2.591E-4
814	2.15318E-4
816	5.51737E-4
818	-4.94671E-4
820	-0.00241
822	-0.00346
824	-0.00339
826	-0.00224
828	-8.81985E-4
830	-7.15048E-4
832	-5.1011E-4
834	-5.29173E-4
836	7.07643E-5
838	5.29702E-4
840	4.66639E-4
842	0.00101
844	6.12513E-4
846	7.72451E-4
848	8.04388E-4
850	0.00109
852	7.82263E-4
854	5.862E-4
856	9.24137E-4
858	9.65075E-4
860	8.80118E-5
862	-8.42051E-4
864	-4.51114E-4
866	-6.92145E-4
868	-0.00161
870	-3.35518E-4
872	-2.83205E-4
874	-0.00819
876	-0.03527
878	-0.08094
880	-0.13594
882	-0.19319
884	-0.25189
886	-0.30672
888	-0.35524
890	-0.39856
892	-0.43698
894	-0.45955
896	-0.46033
898	-0.44187
900	-0.41113
902	-0.37622
904	-0.34061
906	-0.30555
908	-0.2722
910	-0.23976
912	-0.21226
914	-0.18727
916	-0.16562
918	-0.14637
920	-0.12747
922	-0.11182
924	-0.0986
926	-0.08721
928	-0.07745
930	-0.06993
932	-0.06276
934	-0.05613
936	-0.05122
938	-0.04575
940	-0.03993
942	-0.03685
944	-0.03374
946	-0.02963
948	-0.02664
950	-0.02549
952	-0.02382
954	-0.02235
956	-0.01999
958	-0.01901
960	-0.01853
962	-0.01677
964	-0.01585
966	-0.01408
968	-0.01157
970	-0.01106
972	-0.01071
974	-0.00991
976	-0.00841
978	-0.00796
980	-0.00661
982	-0.00659
984	-0.00663
986	-0.0074
988	-0.00713
990	-0.00704
992	-0.00631
994	-0.00563
996	-0.00496
998	-0.00526
1000	-0.00529
1002	-0.0062
1004	-0.007
1006	-0.00634
1008	-0.00486
1010	-0.00483
1012	-0.00387
1014	-0.00431
1016	-0.00288
1018	-0.00246
1020	-0.00313
1022	-0.00286
1024	-0.0013
1026	-6.21032E-4
1028	-0.00127
1030	-8.11859E-4
1032	-7.72375E-7
1034	-5.94686E-4
1036	-0.00242
1038	-0.00216
1040	-0.00243
1042	-0.00137
1044	-2.31252E-4
1046	4.91834E-4
1048	2.70921E-4
1050	-0.00161
1052	-0.00155
1054	-0.001
1056	-8.78732E-4
1058	-0.00132
1060	-0.00174
1062	-0.00128
1064	-0.00105
1066	-4.56299E-4
1068	1.47788E-4
1070	0.0011
1072	0.00132
1074	6.47048E-4
1076	6.15134E-4
1078	0.00175
1080	0.00224
1082	0.0015
1084	6.58481E-4
1086	4.81568E-4
1088	-1.31346E-4
1090	-2.64259E-4
1092	-0.00108
1094	-0.00206
1096	-0.00217
1098	-0.00293
1100	-0.00201
1102	-0.00135
1104	-0.00226
1106	-0.00383
1108	-0.00459
1110	-0.00326
1112	-0.00242
1114	-0.00286
1116	-0.00354
1118	-0.00265
1120	-0.00368
1122	-0.00368
1124	-0.00208
1126	-0.00108
1128	-7.06612E-4
1130	-5.58526E-4
1132	-4.53439E-4
1134	-5.76352E-4
1136	-5.39266E-4
1138	-8.85179E-4
1140	-0.00138
1142	3.74994E-4
1144	9.68081E-4
1146	-2.60832E-4
1148	-0.00141
1150	-0.00141
1152	-0.00234
1154	-0.00287
1156	-0.00303
1158	-0.00223
1160	-0.00203
1162	-0.00204
1164	-0.00243
1166	-0.00213
1168	-0.00154
1170	-0.00161
1172	-0.00168
1174	-0.00211
1176	-0.00403
1178	-0.00323
1180	-0.00252
1182	-0.00249
1184	-0.00197
1186	-0.00189
1188	-6.97887E-4
1190	0.00141
1192	0.00136
1194	1.00788E-4
1196	6.81346E-4
1198	0.00137
1200	0.00209
1202	0.00223
1204	0.00128
1206	1.65299E-4
1208	-0.00175
1210	-0.00269
1212	-0.00246
1214	-0.00214
1216	-0.00283
1218	-0.00219
1220	-9.51529E-4
1222	-0.00185
1224	-0.00268
1226	-0.00241
1228	-0.00215
1230	-0.00172
1232	-0.00165
1234	-0.00156
1236	-0.0011
1238	-2.53308E-4
1240	8.48717E-4
1242	0.00115
1244	6.70766E-4
1246	4.65791E-4
1248	5.16816E-4
1250	0.00148
1252	9.04986E-4
1254	3.7358E-4
1256	-0.0011
1258	-4.93232E-4
1260	-1.57637E-4
1262	3.17957E-4
1264	5.44551E-4
1266	0.00129
1268	-1.4726E-4
1270	-8.40666E-4
1272	-0.00163
1274	-0.0017
1276	-0.00275
1278	-0.00851
1280	-0.03385
1282	-0.07455
1284	-0.12583
1286	-0.18144
1288	-0.23682
1290	-0.28811
1292	-0.33431
1294	-0.37632
1296	-0.41341
1298	-0.43667
1300	-0.4394
1302	-0.42126
1304	-0.3931
1306	-0.36043
1308	-0.32633
1310	-0.29337
1312	-0.26199
1314	-0.2321
1316	-0.20594
1318	-0.1821
1320	-0.15997
1322	-0.14174
1324	-0.12368
1326	-0.10644
1328	-0.0929
1330	-0.08273
1332	-0.07399
1334	-0.06649
1336	-0.0599
1338	-0.05294
1340	-0.04812
1342	-0.0435
1344	-0.0379
1346	-0.03398
1348	-0.03043
1350	-0.02793
1352	-0.02777
1354	-0.02472
1356	-0.02337
1358	-0.02176
1360	-0.01934
1362	-0.01665
1364	-0.01568
1366	-0.01549
1368	-0.01348
1370	-0.01313
1372	-0.01377
1374	-0.01271
1376	-0.01159
1378	-0.01088
1380	-0.01031
1382	-0.0092
1384	-0.008
1386	-0.00823
1388	-0.00728
1390	-0.00697
1392	-0.0066
1394	-0.00521
1396	-0.00456
1398	-0.0044
1400	-0.00343
1402	-0.00242
1404	-0.00282
1406	-0.00374
1408	-0.00306
1410	-9.67216E-4
1412	-3.59076E-4
1414	-9.93936E-4
1416	-0.00149
1418	-1.87655E-4
1420	0.00114
1422	0.00174
1424	0.00128
1426	9.53906E-4
1428	0.00166
1430	7.80187E-4
1432	5.11327E-4
1434	0.00123
1436	0.00152
1438	0.00116
1440	6.14888E-4
1442	-7.69714E-5
1444	1.1689E-6
1446	-0.00156
1448	-0.00258
1450	-0.00183
1452	-0.00197
1454	-0.00261
1456	-0.00308
1458	-0.00251
1460	-0.00266
1462	-0.00163
1464	-7.90428E-4
1466	-6.10288E-4
1468	-2.99148E-4
1470	-2.75007E-4
1472	-3.06867E-4
1474	-0.00134
1476	-6.53586E-4
1478	-0.00124
1480	-0.00165
1482	-5.03165E-4
1484	7.58975E-4
1486	0.00162
1488	4.81255E-4
1490	-8.17604E-4
1492	-0.00254
1494	-0.00249
1496	-0.00123
1498	-0.00101
1500	-0.00169
1502	-0.00231
1504	-0.00108
1506	-0.00144
1508	-0.00158
1510	-6.08201E-4
1512	8.85939E-4
1514	-3.39208E-5
1516	-1.9978E-4
1518	-6.3564E-4
1520	-7.695E-4
1522	-0.00122
1524	-0.00246
1526	-0.00277
1528	-0.00152
1530	-0.00155
1532	-0.00152
1534	-0.0012
1536	-3.31378E-4
1538	-9.22372E-5
1540	4.54903E-4
1542	7.01043E-4
1544	0.00166
1546	0.00171
1548	0.00257
1550	0.00198
1552	0.0011
1554	-2.45115E-4
1556	-7.11975E-4
1558	-6.63834E-4
1560	-9.76694E-4
1562	-3.98554E-4
1564	0.00135
1566	0.0019
1568	9.44867E-4
1570	2.11007E-4
1572	6.72148E-4
1574	0.00156
1576	7.84284E-5
1578	7.56867E-6
1580	0.00126
1582	0.00232
1584	0.00163
1586	0.00313
1588	0.00287
1590	0.00279
1592	0.00303
1594	0.00245
1596	0.00239
1598	0.00297
1600	0.00271
1602	0.00206
1604	0.00178
1606	0.00226
1608	0.00246
1610	0.00185
1612	5.59954E-4
1614	4.28094E-4
1616	1.72343E-5
1618	6.59375E-4
1620	0.00282
1622	0.00297
1624	0.00297
1626	0.00366
1628	0.00268
1630	0.00196
1632	8.87357E-4
1634	1.72799E-5
1636	8.32072E-4
1638	4.14865E-4
1640	4.14657E-4
1642	6.5145E-4
1644	0.0012
1646	0.00108
1648	-1.39173E-4
1650	-6.80381E-4
1652	-0.00187
1654	-0.00116
1656	-4.84003E-4
1658	-3.22211E-4
1660	-1.38418E-4
1662	4.97374E-4
1664	0.00119
1666	0.00106
1668	8.30751E-4
1670	-0.00106
1672	-8.74664E-4
1674	-4.62871E-4
1676	5.13921E-4
1678	-3.13286E-4
1680	-7.49397E-6
1682	-0.00302
1684	-0.024
1686	-0.06164
1688	-0.11046
1690	-0.16429
1692	-0.21793
1694	-0.26742
1696	-0.31265
1698	-0.35158
1700	-0.38615
1702	-0.40999
1704	-0.41336
1706	-0.3988
1708	-0.37196
1710	-0.34189
1712	-0.31016
1714	-0.27849
1716	-0.24738
1718	-0.21938
1720	-0.19282
1722	-0.16835
1724	-0.14774
1726	-0.12974
1728	-0.11422
1730	-0.10099
1732	-0.08853
1734	-0.07711
1736	-0.06839
1738	-0.05993
1740	-0.05263
1742	-0.04633
1744	-0.04273
1746	-0.03765
1748	-0.03427
1750	-0.03073
1752	-0.02793
1754	-0.0256
1756	-0.02274
1758	-0.02175
1760	-0.02099
1762	-0.01832
1764	-0.01644
1766	-0.01486
1768	-0.01249
1770	-0.01124
1772	-0.01174
1774	-0.01143
1776	-0.01028
1778	-0.00932
1780	-0.0089
1782	-0.0091
1784	-0.00773
1786	-0.00634
1788	-0.00595
1790	-0.00483
1792	-0.00512
1794	-0.00513
1796	-0.00433
1798	-0.00286
1800	-0.0024
1802	-0.00212
1804	-0.00187
1806	-0.00172
1808	-8.12041E-4
1810	-0.00167
1812	-6.79518E-4
1814	-1.68257E-4
1816	9.47004E-4
1818	0.00109
1820	3.12526E-4
1822	2.52787E-4
1824	0.00116
1826	7.4431E-4
1828	-1.42934E-6
1830	7.38318E-5
1832	1.15093E-4
1834	-2.44646E-4
1836	-6.49385E-4
1838	-0.00178
1840	-3.22862E-4
1842	0.00116
1844	5.1566E-4
1846	-6.37079E-4
1848	1.97182E-4
1850	1.31443E-4
1852	4.91704E-4
1854	0.00195
1856	0.00121
1858	5.32488E-4
1860	-5.31251E-4
1862	-1.4699E-4
1864	-0.00108
1866	-0.00197
1868	-0.00174
1870	-0.00158
1872	-7.73684E-4
1874	2.13577E-4
1876	3.50838E-4
1878	-6.89901E-4
1880	-2.7764E-4
1882	-6.37379E-4
1884	-7.66117E-4
1886	4.16144E-4
1888	0.00237
1890	0.00335
1892	0.00305
1894	0.00249
1896	0.00223
1898	0.00145
1900	5.14972E-4
1902	2.52233E-4
1904	5.37494E-4
1906	6.79755E-4
1908	-2.14984E-4
1910	-7.97225E-5
1912	5.65386E-5
1914	-5.612E-4
1916	-9.97939E-4
1918	-8.81678E-4
1920	9.95832E-5
1922	8.88844E-4
1924	8.06105E-4
1926	3.01367E-4
1928	-3.12372E-4
1930	-3.41111E-4
1932	1.015E-5
1934	5.81411E-4
1936	7.14672E-4
1938	-1.64067E-4
1940	-0.00165
1942	-0.00147
1944	-7.43283E-4
1946	-0.00182
1948	-7.75761E-4
1950	-2.595E-4
1952	-1.41239E-4
1954	-0.00105
1956	-0.00188
1958	-0.00124
1960	-2.78194E-4
1962	-2.58933E-4
1964	-3.93672E-4
1966	-9.26411E-4
1968	-0.00113
1970	-5.98883E-5
1972	-5.44627E-4
1974	-0.00103
1976	-5.00105E-4
1978	-9.82844E-4
1980	-1.42583E-4
1982	-6.18321E-4
1984	-7.8206E-4
1986	-0.00179
1988	-8.29538E-4
1990	2.27232E-5
1992	8.30984E-4
1994	0.00117
1996	0.00233
1998	0.00265
2000	0.00191
2002	4.0629E-4
2004	3.03551E-4
2006	0.00108
2008	7.73073E-4
2010	3.99335E-4
2012	1.48596E-4
2014	3.60857E-4
2016	-6.8882E-5
2018	-2.71931E-4
2020	-5.67388E-4
2022	-0.00148
2024	-0.00206
2026	-0.00293
2028	-0.00271
2030	-8.50674E-4
2032	-7.22131E-4
2034	-0.00104
2036	1.69546E-5
2038	-1.26503E-4
2040	-6.8396E-4
2042	-7.92417E-4
2044	-8.48739E-5
2046	-1.31331E-4
2048	7.50212E-4
2050	0.00156
2052	0.00154
2054	0.00136
2056	0.00109
2058	4.48926E-4
2060	2.32469E-4
2062	-1.57988E-4
2064	-2.40445E-4
2066	-3.44489E-4
2068	2.54494E-5
2070	-2.10612E-4
2072	-5.69674E-4
2074	-0.00132
2076	4.02203E-4
2078	0.0013
2080	0.00259
2082	0.00308
2084	0.0047
2086	0.00206
2088	-0.01725
2090	-0.05211
2092	-0.09905
2094	-0.15049
2096	-0.19953
2098	-0.24733
2100	-0.29067
2102	-0.3293
2104	-0.36351
2106	-0.38634
2108	-0.3914
2110	-0.37841
2112	-0.35391
2114	-0.32608
2116	-0.29574
2118	-0.26429
2120	-0.23494
2122	-0.2088
2124	-0.18466
2126	-0.16171
2128	-0.14208
2130	-0.12631
2132	-0.11205
2134	-0.09854
2136	-0.08622
2138	-0.07517
2140	-0.06658
2142	-0.05976
2144	-0.05393
2146	-0.04788
2148	-0.04311
2150	-0.03967
2152	-0.03529
2154	-0.03164
2156	-0.02822
2158	-0.0258
2160	-0.02495
2162	-0.0229
2164	-0.02093
2166	-0.01859
2168	-0.01688
2170	-0.0157
2172	-0.01365
2174	-0.01333
2176	-0.01158
2178	-0.01056
2180	-0.00951
2182	-0.00915
2184	-0.00866
2186	-0.0077
2188	-0.00688
2190	-0.00512
2192	-0.00554
2194	-0.00583
2196	-0.00677
2198	-0.00796
2200	-0.00778
2202	-0.00488
2204	-0.00306
2206	-0.00297
2208	-0.00326
2210	-0.00334
2212	-0.00305
2214	-0.00235
2216	-0.00141
2218	-0.00134
2220	-0.00144
2222	-3.43925E-4
2224	0.00145
2226	0.00259
2228	0.00137
2230	7.95549E-4
2232	0.00158
2234	8.07287E-4
2236	-7.38447E-5
2238	-9.89761E-5
2240	-0.00123
2242	-0.00165
2244	-8.2337E-4
2246	4.24983E-5
2248	0.00166
2250	0.00259
2252	0.00217
2254	0.00214
2256	0.00257
2258	0.0018
2260	0.0012
2262	0.0017
2264	0.00155
2266	9.92184E-4
2268	0.00105
2270	-3.39078E-4
2272	-5.12097E-5
2274	-4.87341E-4
2276	-6.46473E-4
2278	-8.06604E-4
2280	1.03265E-4
2282	-6.71867E-4
2284	-0.00266
2286	-0.00198
2288	-0.00256
2290	-0.00396
2292	-0.00319
2294	-0.00405
2296	-0.00327
2298	-0.00245
2300	-0.00147
2302	-0.00119
2304	-0.00277
2306	-0.00223
2308	-0.00182
2310	-0.00224
2312	-0.00335
2314	-0.0012
2316	8.979E-4
2318	0.00233
2320	9.07637E-4
2322	0.0012
2324	0.00125
2326	0.00129
2328	0.0011
2330	0.00103
2332	0.0015
2334	9.54717E-4
2336	0.00222
2338	0.00264
2340	0.00169
2342	0.00111
2344	0.00183
2346	0.00308
2348	0.002
2350	0.00244
2352	0.00274
2354	0.00227
2356	0.00208
2358	0.00229
2360	0.00154
2362	9.38878E-4
2364	7.02746E-4
2366	-2.49385E-4
2368	-4.71516E-4
2370	6.52352E-4
2372	4.41221E-4
2374	7.14089E-4
2376	0.00109
2378	0.00129
2380	0.00144
2382	-2.4361E-6
2384	-1.43567E-4
2386	3.17301E-4
2388	-7.4683E-4
2390	-2.33962E-4
2392	-4.23093E-4
2394	-4.10224E-4
2396	-6.76356E-4
2398	-0.002
2400	-0.0021
2402	-0.00242
2404	-0.00267
2406	-4.67506E-4
2408	5.07036E-4
2410	0.00209
2412	0.00281
2414	0.0033
2416	0.00234
2418	0.00182
2420	0.00269
2422	0.00137
2424	6.07376E-4
2426	0.0014
2428	0.00209
2430	0.00269
2432	0.00286
2434	0.00301
2436	0.00114
2438	2.20172E-4
2440	0.0013
2442	0.00153
2444	0.00194
2446	9.51342E-4
2448	7.25916E-4
2450	0.00112
2452	0.00181
2454	0.00129
2456	-1.79881E-4
2458	2.86692E-5
2460	-9.07801E-5
2462	3.65771E-4
2464	2.23321E-4
2466	8.29872E-4
2468	0.00216
2470	0.00229
2472	0.00137
2474	2.58075E-4
2476	0.00152
2478	2.80176E-4
2480	-5.55273E-4
2482	-9.32723E-4
2484	-7.59172E-4
2486	6.02379E-4
2488	8.78929E-4
2490	-0.00154
2492	-0.01653
2494	-0.04686
2496	-0.08781
2498	-0.13485
2500	-0.18289
2502	-0.22661
2504	-0.26663
2506	-0.30325
2508	-0.33626
2510	-0.36055
2512	-0.36692
2514	-0.35547
2516	-0.33162
2518	-0.30448
2520	-0.27698
2522	-0.24837
2524	-0.2225
2526	-0.19789
2528	-0.17487
2530	-0.15499
2532	-0.13727
2534	-0.12143
2536	-0.10672
2538	-0.09348
2540	-0.08171
2542	-0.0717
2544	-0.06266
2546	-0.05488
2548	-0.04834
2550	-0.04225
2552	-0.03861
2554	-0.03542
2556	-0.03137
2558	-0.02747
2560	-0.02512
2562	-0.02404
2564	-0.02263
2566	-0.02086
2568	-0.01811
2570	-0.01512
2572	-0.01205
2574	-0.0107
2576	-0.01164
2578	-0.01084
2580	-0.01033
2582	-0.01041
2584	-0.00896
2586	-0.00791
2588	-0.00815
2590	-0.00739
2592	-0.00645
2594	-0.00651
2596	-0.00645
2598	-0.00699
2600	-0.00693
2602	-0.0057
2604	-0.00438
2606	-0.0042
2608	-0.00425
2610	-0.00361
2612	-0.00192
2614	-1.76297E-4
2616	-6.19694E-4
2618	-0.00123
2620	-0.00276
2622	-0.00274
2624	-3.92806E-5
2626	0.00183
2628	0.00275
2630	0.00243
2632	0.00224
2634	0.0023
2636	0.00126
2638	6.63943E-4
2640	0.00134
2642	0.00206
2644	0.00198
2646	0.00246
2648	0.00226
2650	0.00167
2652	0.00142
2654	4.0077E-4
2656	-2.92627E-4
2658	-0.00256
2660	-0.00343
2662	-0.00236
2664	-9.03213E-4
2666	-2.0061E-4
2668	4.57994E-4
2670	9.91597E-4
2672	0.00238
2674	0.00346
2676	0.00463
2678	0.00465
2680	0.00432
2682	0.00289
2684	0.00292
2686	0.00309
2688	0.00208
2690	0.00211
2692	0.00166
2694	0.00154
2696	0.00172
2698	0.00173
2700	0.00225
2702	0.00326
2704	8.55854E-4
2706	-8.87542E-4
2708	3.30061E-4
2710	8.06664E-4
2712	0.00139
2714	3.88711E-5
2716	-2.07526E-4
2718	5.34078E-4
2720	5.86681E-4
2722	9.24285E-4
2724	-3.59112E-4
2726	-6.62509E-4
2728	-3.41905E-4
2730	-8.3302E-5
2732	-2.26986E-5
2734	0.00122
2736	0.00178
2738	0.0018
2740	0.00164
2742	0.0016
2744	2.67922E-4
2746	-6.93475E-4
2748	-0.00141
2750	-0.00115
2752	-0.00127
2754	-7.20062E-4
2756	-0.00174
2758	-0.00145
2760	-5.62514E-5
2762	-1.07648E-4
2764	6.79955E-4
2766	8.09559E-4
2768	-3.8838E-5
2770	4.98765E-4
2772	0.00177
2774	0.00177
2776	9.41576E-4
2778	8.18179E-4
2780	9.33782E-4
2782	9.70386E-4
2784	0.00117
2786	-2.209E-4
2788	-4.68741E-4
2790	-3.25583E-4
2792	6.02575E-4
2794	5.97734E-4
2796	3.46892E-4
2798	-6.91949E-4
2800	-2.05791E-4
2802	0.00102
2804	0.00197
2806	0.00174
2808	0.00118
2810	0.00217
2812	0.00263
2814	0.00357
2816	0.00362
2818	0.00371
2820	0.0027
2822	0.00227
2824	0.00235
2826	8.83269E-4
2828	6.24427E-4
2830	6.94586E-4
2832	9.38054E-4
2834	0.00256
2836	0.00258
2838	0.00184
2840	5.0359E-4
2842	-0.00126
2844	-0.00175
2846	-4.07758E-4
2848	-4.76874E-4
2850	-0.00105
2852	-6.49106E-4
2854	-1.32226E-5
2856	4.96614E-5
2858	-1.94455E-4
2860	-6.25571E-4
2862	-3.47687E-4
2864	1.07197E-4
2866	3.37081E-4
2868	4.77965E-4
2870	4.17849E-4
2872	8.65733E-4
2874	-5.12383E-4
2876	-2.04499E-4
2878	9.83384E-4
2880	0.00101
2882	8.45601E-4
2884	4.06564E-4
2886	4.71528E-4
2888	5.09491E-4
2890	0.00102
2892	0.00279
2894	0.00247
2896	-0.01125
2898	-0.03894
2900	-0.07841
2902	-0.122
2904	-0.16521
2906	-0.20614
2908	-0.24308
2910	-0.2779
2912	-0.30834
2914	-0.33043
2916	-0.33962
2918	-0.3326
2920	-0.31547
2922	-0.29293
2924	-0.26645
2926	-0.24134
2928	-0.21553
2930	-0.19153
2932	-0.16899
2934	-0.14915
2936	-0.13048
2938	-0.1148
2940	-0.10064
2942	-0.08976
2944	-0.07928
2946	-0.07137
2948	-0.06333
2950	-0.05597
2952	-0.05028
2954	-0.04475
2956	-0.04126
2958	-0.03927
2960	-0.03601
2962	-0.03203
2964	-0.02907
2966	-0.02506
2968	-0.02297
2970	-0.02216
2972	-0.02045
2974	-0.0196
2976	-0.01864
2978	-0.01772
2980	-0.01612
2982	-0.0153
2984	-0.01414
2986	-0.01247
2988	-0.01229
2990	-0.01122
2992	-0.00833
2994	-0.00888
2996	-0.00982
2998	-0.00773
3000	-0.0062
3002	-0.00715
3004	-0.00873
3006	-0.00852
3008	-0.00967
3010	-0.01007
3012	-0.0079
3014	-0.0069
3016	-0.00639
3018	-0.00644
3020	-0.00574
3022	-0.00575
3024	-0.00558
3026	-0.00573
3028	-0.00453
3030	-0.00354
3032	-0.00496
3034	-0.00466
3036	-0.00233
3038	-0.00182
3040	-2.38378E-4
3042	0.00124
3044	0.00103
3046	0.00119
3048	-6.36187E-4
3050	-9.88889E-4
3052	-0.00146
3054	-0.00134
3056	-0.0024
3058	-0.00195
3060	-7.764E-4
3062	-6.02102E-4
3064	-6.71804E-4
3066	-9.66506E-4
3068	-8.32208E-4
3070	-0.00147
3072	-0.0014
3074	-0.00158
3076	-0.00167
3078	-0.0021
3080	-0.00165
3082	1.31877E-4
3084	-4.68251E-5
3086	-3.79527E-4
3088	-9.41229E-4
3090	-0.00151
3092	-0.00284
3094	-0.00259
3096	-0.00139
3098	-0.0014
3100	-0.0011
3102	-1.32144E-4
3104	-0.00172
3106	-9.45548E-4
3108	2.08749E-4
3110	-8.42953E-4
3112	-0.00102
3114	-2.89357E-4
3116	-2.77059E-4
3118	-0.00149
3120	-0.003
3122	-0.00237
3124	-9.61868E-4
3126	-5.7257E-4
3128	-0.00124
3130	-0.00149
3132	-2.56761E-5
3134	-2.38378E-4
3136	-0.00132
3138	-0.00138
3140	-7.04485E-4
3142	-2.99187E-4
3144	-4.80889E-4
3146	-8.78591E-4
3148	-0.00159
3150	-0.002
3152	-0.00174
3154	-0.00106
3156	-0.00119
3158	-0.00175
3160	-0.0015
3162	-0.00115
3164	-0.00291
3166	-0.00264
3168	-0.00206
3170	-0.00239
3172	-0.00198
3174	-0.00189
3176	-0.00222
3178	-0.00188
3180	-0.00155
3182	-0.00132
3184	-7.60728E-4
3186	-0.00163
3188	-5.51105E-4
3190	1.71206E-4
3192	-1.44834E-5
3194	-8.64172E-4
3196	-2.01861E-4
3198	7.4445E-4
3200	-5.36239E-4
3202	-8.56928E-4
3204	-0.00107
3206	-0.00113
3208	-0.00131
3210	-1.53684E-4
3212	4.7627E-5
3214	-6.21062E-4
3216	-4.89966E-4
3218	-7.11193E-4
3220	-7.2142E-4
3222	-7.91646E-4
3224	1.04127E-4
3226	4.909E-4
3228	-3.07327E-4
3230	-0.00114
3232	-0.00124
3234	-2.41008E-4
3236	-4.72347E-5
3238	-0.00197
3240	-0.00248
3242	-0.00212
3244	-2.47142E-4
3246	0.00124
3248	-5.1596E-5
3250	-7.23823E-4
3252	-0.0011
3254	-0.00161
3256	-7.06504E-4
3258	-6.80731E-4
3260	-0.00238
3262	-4.22184E-4
3264	8.27249E-4
3266	1.64608E-5
3268	0.00104
3270	0.00201
3272	0.00237
3274	0.00161
3276	6.57519E-4
3278	-2.26269E-4
3280	-0.00169
3282	-0.0019
3284	-0.00163
3286	-0.0011
3288	-0.0013
3290	-0.00217
3292	-0.00268
3294	-0.00239
3296	-0.00248
3298	-0.00299
3300	-0.01346
3302	-0.0366
3304	-0.07148
3306	-0.11168
3308	-0.15068
3310	-0.1881
3312	-0.22191
3314	-0.25181
3316	-0.27922
3318	-0.30242
3320	-0.31394
3322	-0.31012
3324	-0.29351
3326	-0.27171
3328	-0.24718
3330	-0.22199
3332	-0.19807
3334	-0.1766
3336	-0.15582
3338	-0.13707
3340	-0.11987
3342	-0.10586
3344	-0.0938
3346	-0.08413
3348	-0.07481
3350	-0.06529
3352	-0.05865
3354	-0.05309
3356	-0.04611
3358	-0.0402
3360	-0.03685
3362	-0.0338
3364	-0.03143
3366	-0.02897
3368	-0.02669
3370	-0.02311
3372	-0.02019
3374	-0.01735
3376	-0.01648
3378	-0.01446
3380	-0.01241
3382	-0.01084
3384	-0.00959
3386	-0.01033
3388	-0.00872
3390	-0.00691
3392	-0.00669
3394	-0.00569
3396	-0.00518
3398	-0.00557
3400	-0.00506
3402	-0.00348
3404	-0.00209
3406	-0.00138
3408	-9.71177E-4
3410	-0.00252
3412	-0.00275
3414	-9.24924E-4
3416	-3.05839E-4
3418	-0.00113
3420	-0.00182
3422	-0.00139
3424	-6.155E-4
3426	-0.00201
3428	-0.00365
3430	-0.00474
3432	-0.00546
3434	-0.005
3436	-0.0044
3438	-0.00462
3440	-0.00282
3442	-0.00259
3444	-0.00278
3446	-0.00103
3448	-0.00169
3450	-0.00201
3452	-1.07316E-4
3454	-8.22313E-5
3456	-0.00109
3458	-0.00146
3460	-0.00117
3462	-7.36893E-4
3464	2.69192E-4
3466	3.27276E-4
3468	-1.07639E-4
3470	-3.42554E-4
3472	-4.2747E-4
3474	8.36148E-5
3476	-5.83301E-4
3478	-0.00124
3480	-5.21131E-4
3482	4.16953E-4
3484	8.90038E-4
3486	4.56122E-4
3488	-6.82793E-4
3490	6.36292E-4
3492	8.03763E-5
3494	-1.86539E-4
3496	-4.64454E-4
3498	-0.00172
3500	-0.00237
3502	-0.00196
3504	-0.00221
3506	-0.00204
3508	-0.00218
3510	-8.88862E-4
3512	-6.80778E-4
3514	6.22307E-4
3516	0.00177
3518	5.01476E-4
3520	1.74561E-4
3522	0.0011
3524	0.00276
3526	0.00242
3528	0.00316
3530	0.00198
3532	4.00069E-4
3534	-6.61847E-4
3536	-0.00118
3538	-0.00132
3540	-0.00252
3542	-0.00235
3544	-0.00233
3546	-6.94339E-4
3548	-3.62545E-5
3550	-0.0011
3552	-0.00153
3554	-0.0027
3556	-0.00193
3558	1.75169E-4
3560	2.68253E-4
3562	3.80338E-4
3564	0.00165
3566	0.00123
3568	9.25592E-4
3570	-7.17324E-4
3572	4.25761E-4
3574	0.00164
3576	0.00201
3578	0.00142
3580	0.00231
3582	0.00235
3584	0.0016
3586	0.00179
3588	0.00145
3590	0.00202
3592	9.28607E-4
3594	0.00141
3596	0.00199
3598	0.00257
3600	0.00252
3602	0.00246
3604	0.00305
3606	0.00218
3608	1.14284E-4
3610	-7.99632E-4
3612	-9.00547E-4
3614	-0.00148
3616	-9.39378E-4
3618	9.67069E-5
3620	0.00136
3622	5.48876E-4
3624	-9.90393E-5
3626	5.00045E-4
3628	0.00118
3630	0.00128
3632	0.00109
3634	-5.03616E-4
3636	-0.00101
3638	-0.00143
3640	-0.00108
3642	-0.00196
3644	-0.00198
3646	-0.00243
3648	-0.00252
3650	-0.00263
3652	-0.00254
3654	-0.00261
3656	-0.00264
3658	-0.00176
3660	3.13548E-4
3662	1.77661E-4
3664	4.47739E-5
3666	0.00123
3668	0.00106
3670	7.38112E-4
3672	7.45225E-4
3674	0.00127
3676	6.6545E-4
3678	2.65631E-5
3680	-5.08324E-4
3682	-0.00116
3684	-0.00199
3686	-0.00211
3688	-0.00119
3690	-0.0014
3692	-6.43648E-4
3694	0.00143
3696	0.00115
3698	0.00153
3700	0.00198
3702	0.00126
3704	-0.00675
3706	-0.02603
3708	-0.05618
3710	-0.09153
3712	-0.1271
3714	-0.16144
3716	-0.19133
3718	-0.21991
3720	-0.24556
3722	-0.26402
3724	-0.2743
3726	-0.27475
3728	-0.26368
3730	-0.24484
3732	-0.22499
3734	-0.2046
3736	-0.18466
3738	-0.16368
3740	-0.14416
3742	-0.1263
3744	-0.11131
3746	-0.09775
3748	-0.08621
3750	-0.07532
3752	-0.06616
3754	-0.05953
3756	-0.05243
3758	-0.04638
3760	-0.04212
3762	-0.03771
3764	-0.03356
3766	-0.03109
3768	-0.02902
3770	-0.02586
3772	-0.02338
3774	-0.02193
3776	-0.01971
3778	-0.01751
3780	-0.0155
3782	-0.01369
3784	-0.01177
3786	-0.01196
3788	-0.01152
3790	-0.01063
3792	-0.00932
3794	-0.00861
3796	-0.00701
3798	-0.00592
3800	-0.00554
3802	-0.00453
3804	-0.00363
3806	-0.00412
3808	-0.00322
3810	-0.00231
3812	-0.00258
3814	-0.00265
3816	-0.00259
3818	-0.00219
3820	-0.00256
3822	-0.00217
3824	-0.00231
3826	-0.00158
3828	-5.28657E-4
3830	-2.25988E-4
3832	-4.15318E-4
3834	-5.43649E-4
3836	-4.0398E-4
3838	-4.44311E-4
3840	-0.00117
3842	-9.19724E-5
3844	-6.93032E-5
3846	-4.25634E-4
3848	-0.00141
3850	-0.0019
3852	-0.00166
3854	-8.56957E-4
3856	2.53712E-4
3858	-5.07619E-4
3860	-0.00228
3862	-0.00303
3864	-0.0029
3866	-0.00217
3868	-0.00174
3870	-0.00184
3872	-0.00187
3874	-5.57265E-4
3876	-2.02596E-4
3878	-8.79265E-5
3880	5.11743E-4
3882	0.00207
3884	0.00224
3886	7.8175E-4
3888	8.4642E-4
3890	2.28089E-4
3892	5.15758E-4
3894	-1.43573E-4
3896	-5.86904E-4
3898	3.51766E-4
3900	0.00138
3902	0.00206
3904	0.00131
3906	5.75442E-4
3908	0.00106
3910	-2.27219E-4
3912	-7.6055E-4
3914	-0.00136
3916	-0.0027
3918	-0.00181
3920	-0.00137
3922	-9.79204E-4
3924	-0.00111
3926	-5.55865E-4
3928	8.84804E-4
3930	0.00176
3932	0.00242
3934	0.00252
3936	0.00276
3938	0.00304
3940	0.00213
3942	0.00284
3944	0.00231
3946	3.53827E-4
3948	3.34496E-4
3950	7.37165E-4
3952	0.00117
3954	0.00148
3956	0.0011
3958	3.47842E-4
3960	3.63511E-4
3962	-1.9482E-4
3964	-0.00245
3966	-0.00153
3968	-0.00178
3970	-0.00262
3972	-0.00193
3974	-0.00139
3976	-0.00124
3978	-4.84466E-4
3980	-7.67966E-5
3982	-6.69127E-4
3984	-0.00207
3986	-0.00131
3988	-0.00145
3990	-0.00159
3992	-0.00113
3994	-8.22112E-4
3996	-1.03443E-4
3998	-0.00106
4000	-0.00196
4002	-0.00149
4004	-8.76766E-4
4006	-0.00171
4008	-0.00171
4010	-3.23758E-4
4012	-5.81089E-4
4014	6.6958E-4
4016	0.00224
4018	0.0014
4020	0.00125
4022	0.00135
4024	0.00125
4026	0.00165
4028	0.00129
4030	0.00131
4032	0.00116
4034	0.00215
4036	0.00273
4038	9.63017E-4
4040	-1.933E-4
4042	-4.45616E-4
4044	-0.00109
4046	-0.00139
4048	-7.39566E-4
4050	-0.00141
4052	-0.00101
4054	-0.00117
4056	1.02168E-4
4058	-6.11485E-5
4060	-0.00104
4062	-0.00192
4064	-0.00163
4066	-0.00169
4068	-0.00138
4070	-1.17048E-4
4072	0.00133
4074	3.10319E-4
4076	-4.48997E-4
4078	3.64686E-4
4080	9.12393E-4
4082	0.00124
4084	0.00291
4086	0.00426
4088	0.00227
4090	5.02139E-4
4092	3.42488E-4
4094	9.40838E-4
4096	9.33187E-4
4098	-2.04637E-5
4100	2.48856E-5
4102	-0.00118
4104	-0.00245
4106	-0.00349
4108	-0.00834
4110	-0.02172
4112	-0.04572
4114	-0.07687
4116	-0.10843
4118	-0.13915
4120	-0.16644
4122	-0.1906
4124	-0.21302
4126	-0.23103
4128	-0.24326
4130	-0.24596
4132	-0.23812
4134	-0.22513
4136	-0.20876
4138	-0.18938
4140	-0.1716
4142	-0.15306
4144	-0.13388
4146	-0.11782
4148	-0.10486
4150	-0.09301
4152	-0.08359
4154	-0.07482
4156	-0.066
4158	-0.0582
4160	-0.05184
4162	-0.0459
4164	-0.04215
4166	-0.03826
4168	-0.03433
4170	-0.03146
4172	-0.02905
4174	-0.02799
4176	-0.02551
4178	-0.02222
4180	-0.01985
4182	-0.01829
4184	-0.01636
4186	-0.01355
4188	-0.01278
4190	-0.01359
4192	-0.0136
4194	-0.0121
4196	-0.01104
4198	-0.01219
4200	-0.01182
4202	-0.01051
4204	-0.01012
4206	-0.00986
4208	-0.01047
4210	-0.00922
4212	-0.00747
4214	-0.00812
4216	-0.00934
4218	-0.00819
4220	-0.00652
4222	-0.00643
4224	-0.00679
4226	-0.00649
4228	-0.00671
4230	-0.00663
4232	-0.00588
4234	-0.00381
4236	-0.00258
4238	-0.00317
4240	-0.00262
4242	-0.00204
4244	-0.00273
4246	-0.00203
4248	-3.13608E-4
4250	6.8308E-4
4252	1.32768E-4
4254	-7.27544E-4
4256	5.94144E-4
4258	2.94832E-4
4260	-9.0648E-4
4262	-6.64793E-4
4264	-6.82105E-4
4266	-9.34417E-4
4268	-0.00108
4270	-4.50041E-4
4272	-1.20353E-4
4274	2.59335E-4
4276	-3.43977E-4
4278	-1.50289E-4
4280	2.33398E-4
4282	3.92086E-4
4284	-0.00184
4286	-0.0017
4288	-0.00227
4290	-0.00342
4292	-0.00386
4294	-0.00238
4296	-0.00212
4298	-0.00105
4300	-0.00109
4302	-0.00181
4304	-0.00124
4306	-0.0011
4308	-0.00193
4310	-0.0018
4312	-0.00212
4314	-0.00248
4316	-0.00228
4318	-0.00223
4320	-0.00345
4322	-0.00354
4324	-0.00476
4326	-0.00316
4328	-0.00287
4330	-0.00194
4332	-1.61716E-4
4334	6.69715E-5
4336	-0.00108
4338	-6.34653E-4
4340	-6.78965E-4
4342	-3.07277E-4
4344	-7.29589E-4
4346	-2.58901E-4
4348	-0.00122
4350	-0.00282
4352	-0.00303
4354	-0.00336
4356	-0.00274
4358	-0.00234
4360	-0.00296
4362	-0.00198
4364	-0.00167
4366	-0.00255
4368	-0.00242
4370	-0.00152
4372	-3.56959E-4
4374	0.00106
4376	0.0017
4378	0.00182
4380	0.00234
4382	0.0015
4384	6.26169E-4
4386	7.76857E-4
4388	0.00157
4390	8.11232E-4
4392	-1.4008E-4
4394	-6.58392E-4
4396	-4.41704E-4
4398	-1.68016E-4
4400	-1.26328E-4
4402	-5.3164E-4
4404	3.76048E-4
4406	0.00115
4408	-5.69577E-4
4410	-7.79889E-4
4412	-1.40201E-4
4414	-7.45129E-5
4416	-0.00147
4418	-0.00243
4420	-0.00313
4422	-0.00248
4424	-9.69613E-4
4426	-1.60037E-4
4428	-8.12461E-4
4430	-0.00129
4432	-1.1131E-4
4434	6.55266E-4
4436	0.00115
4438	0.00127
4440	0.0017
4442	0.00131
4444	0.00186
4446	0.00249
4448	0.0027
4450	0.00254
4452	0.00148
4454	0.00233
4456	0.00196
4458	7.32175E-4
4460	4.36751E-4
4462	5.37327E-4
4464	-5.6115E-4
4466	-1.51638E-4
4468	9.18738E-5
4470	0.00125
4472	0.00147
4474	3.8941E-4
4476	-1.34078E-4
4478	-8.30566E-4
4480	-4.14054E-4
4482	-2.76542E-4
4484	-0.00125
4486	-0.00107
4488	2.73995E-4
4490	1.75507E-4
4492	4.58019E-4
4494	0.00149
4496	5.69043E-4
4498	3.44555E-4
4500	2.62067E-4
4502	4.76579E-4
4504	4.20915E-5
4506	4.43604E-4
4508	0.00115
4510	7.95628E-4
4512	-0.00425
4514	-0.01459
4516	-0.03417
4518	-0.05991
4520	-0.08643
4522	-0.11119
4524	-0.13602
4526	-0.15878
4528	-0.17719
4530	-0.19445
4532	-0.20882
4534	-0.213
4536	-0.20641
4538	-0.19402
4540	-0.17909
4542	-0.16434
4544	-0.1496
4546	-0.13417
4548	-0.11967
4550	-0.10571
4552	-0.09356
4554	-0.08363
4556	-0.07395
4558	-0.0642
4560	-0.05632
4562	-0.04936
4564	-0.04397
4566	-0.0385
4568	-0.03429
4570	-0.03091
4572	-0.02698
4574	-0.02361
4576	-0.02138
4578	-0.01975
4580	-0.01847
4582	-0.01706
4584	-0.01594
4586	-0.01528
4588	-0.01467
4590	-0.01389
4592	-0.01304
4594	-0.01193
4596	-0.01119
4598	-0.01
4600	-0.00959
4602	-0.00847
4604	-0.00844
4606	-0.00838
4608	-0.00808
4610	-0.00691
4612	-0.00711
4614	-0.00742
4616	-0.00713
4618	-0.00592
4620	-0.00567
4622	-0.00558
4624	-0.0034
4626	-0.00127
4628	-0.00194
4630	-0.00322
4632	-0.00382
4634	-0.00439
4636	-0.00369
4638	-0.00401
4640	-0.0033
4642	-0.00116
4644	-3.80254E-4
4646	4.28344E-5
4648	-5.80775E-5
4650	9.19011E-4
4652	0.00102
4654	4.4187E-5
4656	-5.74725E-4
4658	-0.0012
4660	-0.00173
4662	-0.00151
4664	-6.35372E-4
4666	-0.0013
4668	-0.00126
4670	-0.00134
4672	-0.00108
4674	-0.00166
4676	-0.00124
4678	-2.16755E-4
4680	-0.00147
4682	-0.00291
4684	-0.00389
4686	-0.00315
4688	-0.00215
4690	-0.0018
4692	-0.00134
4694	-0.00229
4696	-0.00369
4698	-0.00312
4700	-0.00346
4702	-0.00352
4704	-0.00304
4706	-0.00182
4708	-9.76433E-4
4710	-2.08345E-4
4712	-6.25705E-6
4714	2.24831E-4
4716	5.14919E-4
4718	5.12007E-4
4720	-3.94904E-4
4722	-7.58816E-4
4724	-2.44728E-4
4726	-1.0264E-4
4728	6.44481E-5
4730	7.74536E-4
4732	-4.93376E-4
4734	-0.00223
4736	-0.00173
4738	-4.68111E-4
4740	-3.01023E-4
4742	-0.00103
4744	-0.00185
4746	-0.0028
4748	-0.00215
4750	-0.00278
4752	-0.00248
4754	-0.00247
4756	-0.00212
4758	-0.00102
4760	-4.43142E-4
4762	-1.11054E-4
4764	-7.96965E-4
4766	0.00137
4768	0.00239
4770	0.00173
4772	0.00115
4774	1.85475E-4
4776	-2.14366E-5
4778	7.88651E-4
4780	0.00162
4782	0.00109
4784	8.53916E-4
4786	0.00101
4788	2.86092E-4
4790	0.00146
4792	3.86268E-4
4794	-5.06643E-4
4796	-6.26555E-4
4798	-0.00158
4800	-0.00131
4802	-0.0022
4804	-0.00179
4806	2.79805E-4
4808	-3.77867E-4
4810	-4.28539E-4
4812	2.68788E-4
4814	-8.64884E-4
4816	-0.00274
4818	-0.00311
4820	-0.00164
4822	-0.00126
4824	-0.00154
4826	-0.00178
4828	-0.00124
4830	2.10738E-4
4832	-0.00144
4834	-0.00217
4836	-0.00187
4838	-0.00184
4840	-0.0021
4842	-0.00231
4844	-0.00293
4846	-0.0038
4848	-0.00374
4850	-0.00245
4852	-4.08251E-4
4854	-6.31178E-5
4856	-2.57985E-4
4858	-5.34852E-4
4860	-0.00132
4862	-7.23587E-4
4864	-0.00176
4866	-0.00122
4868	-9.28189E-4
4870	-8.74056E-4
4872	-8.03923E-4
4874	4.4021E-4
4876	3.68342E-4
4878	-4.71525E-4
4880	5.9608E-5
4882	0.00138
4884	6.08735E-5
4886	2.90063E-5
4888	2.60139E-4
4890	1.97272E-4
4892	5.44405E-4
4894	0.00143
4896	0.00194
4898	8.6866E-4
4900	2.74699E-4
4902	-9.52629E-5
4904	-6.82225E-4
4906	-8.21862E-5
4908	2.52852E-4
4910	4.3289E-4
4912	4.09929E-4
4914	-2.80329E-5
4916	-0.00348
4918	-0.01076
4920	-0.02635
4922	-0.04821
4924	-0.07091
4926	-0.09464
4928	-0.11633
4930	-0.13679
4932	-0.15426
4934	-0.16954
4936	-0.18272
4938	-0.18821
4940	-0.18446
4942	-0.17529
4944	-0.16175
4946	-0.14746
4948	-0.13321
4950	-0.1181
4952	-0.10554
4954	-0.09411
4956	-0.08347
4958	-0.0758
4960	-0.06756
4962	-0.05926
4964	-0.05229
4966	-0.04669
4968	-0.04108
4970	-0.03637
4972	-0.03352
4974	-0.0316
4976	-0.02853
4978	-0.02675
4980	-0.02558
4982	-0.02272
4984	-0.02079
4986	-0.02021
4988	-0.01938
4990	-0.01843
4992	-0.01697
4994	-0.01661
4996	-0.01639
4998	-0.01514
5000	-0.01263
5002	-0.01047
5004	-0.00989
5006	-0.00793
5008	-0.00557
5010	-0.00488
5012	-0.0051
5014	-0.00651
5016	-0.00608
5018	-0.00606
5020	-0.00611
5022	-0.00637
5024	-0.0063
5026	-0.00431
5028	-0.00489
5030	-0.00605
5032	-0.00479
5034	-0.00437
5036	-0.00464
5038	-0.00348
5040	-0.00439
5042	-0.00365
5044	-0.00221
5046	-0.00137
5048	-9.59228E-4
5050	-7.88806E-4
5052	-0.00184
5054	-0.00244
5056	-0.00219
5058	-0.002
5060	-0.00266
5062	-0.00293
5064	-0.00366
5066	-0.00355
5068	-0.00296
5070	-0.00247
5072	-0.00201
5074	-0.00155
5076	-9.91319E-4
5078	-9.62897E-4
5080	-0.00123
5082	-3.47053E-4
5084	-0.00119
5086	-0.00105
5088	-2.79787E-4
5090	-6.56365E-4
5092	2.66057E-4
5094	8.66479E-4
5096	0.00114
5098	7.34323E-4
5100	1.04745E-4
5102	-7.36832E-4
5104	-0.00229
5106	-0.00285
5108	-0.00235
5110	-0.00256
5112	-0.0028
5114	-0.0018
5116	-0.00156
5118	-0.0014
5120	-7.64034E-4
5122	-5.89612E-4
5124	5.4381E-4
5126	9.72322E-5
5128	-0.00152
5130	-5.69924E-4
5132	3.08498E-4
5134	2.6792E-4
5136	2.33343E-4
5138	-2.63235E-4
5140	4.32187E-4
5142	8.07609E-4
5144	0.00153
5146	7.74453E-4
5148	4.56875E-4
5150	-5.40703E-4
5152	-0.00156
5154	-0.00137
5156	-4.25437E-4
5158	-0.00127
5160	-7.41593E-4
5162	8.67829E-4
5164	0.00106
5166	-1.99327E-4
5168	-0.0021
5170	-0.00171
5172	-0.0011
5174	-0.00164
5176	4.37837E-5
5178	-6.08794E-4
5180	-0.00162
5182	-0.00242
5184	-0.00234
5186	-0.0029
5188	-0.00162
5190	-0.00228
5192	-0.00205
5194	-0.00285
5196	-0.00349
5198	-0.00279
5200	-0.00249
5202	-0.00127
5204	-5.38307E-4
5206	-4.43885E-4
5208	-0.00116
5210	-0.00114
5212	-7.25619E-4
5214	-0.00161
5216	-0.00231
5218	-0.00288
5220	-0.00312
5222	-0.00316
5224	-0.00279
5226	-0.00273
5228	-0.00381
5230	-0.00419
5232	-0.0037
5234	-0.00211
5236	-0.0018
5238	-0.00296
5240	-0.00276
5242	-0.00143
5244	-0.00103
5246	-4.95444E-4
5248	-6.00221E-5
5250	5.784E-4
5252	0.00113
5254	0.00151
5256	0.00155
5258	0.00129
5260	0.00128
5262	9.64932E-4
5264	7.85354E-4
5266	0.00168
5268	0.00209
5270	0.00364
5272	0.00424
5274	0.00328
5276	0.00158
5278	0.00139
5280	0.00102
5282	0.00112
5284	7.62359E-4
5286	-3.75439E-4
5288	-2.92237E-4
5290	-0.00142
5292	-0.00158
5294	-1.74631E-4
5296	-2.19428E-4
5298	-7.48226E-4
5300	-8.35024E-4
5302	-0.00104
5304	-7.9062E-4
5306	7.64582E-4
5308	0.00108
5310	5.29862E-5
5312	2.10188E-4
5314	8.6239E-4
5316	0.00224
5318	0.00103
5320	-0.00105
5322	-0.00719
5324	-0.0193
5326	-0.03627
5328	-0.05545
5330	-0.07774
5332	-0.09883
5334	-0.11677
5336	-0.1326
5338	-0.14678
5340	-0.15731
5342	-0.16488
5344	-0.16204
5346	-0.15502
5348	-0.14592
5350	-0.13404
5352	-0.11967
5354	-0.10759
5356	-0.09625
5358	-0.08537
5360	-0.07596
5362	-0.06637
5364	-0.0583
5366	-0.05105
5368	-0.04458
5370	-0.04035
5372	-0.03727
5374	-0.03356
5376	-0.02955
5378	-0.02753
5380	-0.02479
5382	-0.02134
5384	-0.0195
5386	-0.01834
5388	-0.018
5390	-0.01711
5392	-0.01545
5394	-0.01463
5396	-0.01391
5398	-0.01244
5400	-0.01052
5402	-0.00941
5404	-0.00836
5406	-0.00795
5408	-0.00816
5410	-0.0072
5412	-0.00737
5414	-0.00638
5416	-0.00607
5418	-0.00483
5420	-0.0044
5422	-0.00373
5424	-0.00291
5426	-0.0032
5428	-0.00344
5430	-0.00263
5432	-0.00218
5434	-0.00121
5436	3.64657E-4
5438	-3.3887E-4
5440	4.87604E-4
5442	0.00168
5444	0.00205
5446	0.00133
5448	5.44497E-4
5450	9.5997E-4
5452	1.54443E-4
5454	-0.0018
5456	-0.00293
5458	-0.004
5460	-0.00422
5462	-0.00174
5464	-0.00208
5466	-0.00352
5468	-0.00319
5470	-0.0017
5472	-0.00143
5474	-0.002
5476	-0.00306
5478	-0.00231
5480	-0.00219
5482	-0.00111
5484	-7.04984E-4
5486	-3.65511E-4
5488	7.55962E-4
5490	0.00258
5492	0.00435
5494	0.00464
5496	0.00465
5498	0.00411
5500	0.00408
5502	0.00481
5504	0.00561
5506	0.00519
5508	0.00401
5510	0.0035
5512	0.00328
5514	0.0034
5516	0.00439
5518	0.00457
5520	0.00395
5522	0.00398
5524	0.00242
5526	0.0017
5528	0.00218
5530	0.00182
5532	0.00147
5534	2.77847E-4
5536	-7.1768E-4
5538	-0.00111
5540	-0.00148
5542	-2.1826E-4
5544	4.72135E-5
5546	4.00687E-4
5548	1.0516E-4
5550	-0.00102
5552	-5.48893E-4
5554	-2.7642E-4
5556	3.75053E-4
5558	0.00141
5560	0.00119
5562	0.00129
5564	0.00104
5566	1.02419E-4
5568	-0.00151
5570	-0.00163
5572	-0.00112
5574	-2.19688E-4
5576	1.64786E-4
5578	8.33259E-4
5580	0.00101
5582	0.00176
5584	0.00148
5586	0.00294
5588	0.00319
5590	0.0026
5592	0.00204
5594	0.00217
5596	7.97518E-4
5598	-1.34008E-4
5600	8.49465E-4
5602	0.00161
5604	0.00272
5606	0.00235
5608	0.0028
5610	0.00376
5612	0.00539
5614	0.00449
5616	0.00363
5618	0.00303
5620	0.00212
5622	0.00223
5624	0.00269
5626	0.00192
5628	0.00122
5630	2.85564E-4
5632	0.00198
5634	0.00192
5636	0.00175
5638	0.00156
5640	0.0014
5642	0.00146
5644	0.00233
5646	0.00198
5648	0.00168
5650	0.00208
5652	0.00256
5654	0.0032
5656	0.00135
5658	6.2019E-4
5660	6.62663E-4
5662	3.4347E-4
5664	0.0015
5666	0.00345
5668	0.0045
5670	0.00321
5672	0.00243
5674	0.00156
5676	0.00291
5678	0.00356
5680	0.00312
5682	0.00202
5684	5.93094E-4
5686	8.93323E-5
5688	-2.15429E-4
5690	9.70809E-4
5692	8.24048E-4
5694	-0.00106
5696	-1.92475E-4
5698	0.0012
5700	1.40021E-5
5702	-0.00127
5704	2.82479E-4
5706	0.00209
5708	0.00115
5710	0.00204
5712	0.00339
5714	0.00313
5716	0.00307
5718	0.00334
5720	0.0015
5722	-1.45285E-4
5724	-9.74089E-4
5726	-0.00611
5728	-0.01624
5730	-0.03187
5732	-0.04931
5734	-0.06716
5736	-0.0838
5738	-0.09765
5740	-0.11184
5742	-0.12489
5744	-0.13687
5746	-0.14455
5748	-0.14479
5750	-0.13974
5752	-0.13144
5754	-0.12217
5756	-0.11199
5758	-0.10087
5760	-0.09047
5762	-0.08059
5764	-0.07123
5766	-0.06272
5768	-0.05682
5770	-0.05159
5772	-0.04561
5774	-0.04112
5776	-0.0364
5778	-0.03147
5780	-0.02865
5782	-0.02535
5784	-0.02258
5786	-0.01923
5788	-0.01774
5790	-0.01627
5792	-0.01455
5794	-0.01349
5796	-0.0126
5798	-0.01082
5800	-0.00959
5802	-0.00739
5804	-0.00676
5806	-0.00581
5808	-0.00694
5810	-0.00722
5812	-0.00791
5814	-0.00806
5816	-0.00857
5818	-0.00785
5820	-0.0077
5822	-0.00754
5824	-0.00713
5826	-0.00718
5828	-0.00693
5830	-0.00702
5832	-0.00717
5834	-0.00582
5836	-0.00521
5838	-0.00451
5840	-0.0038
5842	-0.00323
5844	-0.00431
5846	-0.0033
5848	-0.00305
5850	-0.00337
5852	-0.00409
5854	-0.00524
5856	-0.00463
5858	-0.00509
5860	-0.00367
5862	-0.00246
5864	-0.00226
5866	-0.00292
5868	-0.00505
5870	-0.00458
5872	-0.0051
5874	-0.00534
5876	-0.00478
5878	-0.00386
5880	-0.00132
5882	-0.00161
5884	-0.00141
5886	-0.00155
5888	-0.00187
5890	-1.203E-4
5892	-9.34878E-4
5894	-0.00152
5896	-6.93033E-4
5898	-3.4861E-4
5900	-4.43188E-4
5902	-0.00168
5904	-0.00236
5906	-0.00323
5908	-0.00339
5910	-0.00229
5912	-8.28653E-4
5914	-0.00148
5916	-5.57809E-4
5918	0.00103
5920	-2.05964E-4
5922	-0.00116
5924	-6.94119E-4
5926	-9.92696E-4
5928	-0.00116
5930	-0.00183
5932	-0.00232
5934	-7.45007E-4
5936	-5.57584E-4
5938	-0.00192
5940	-0.00178
5942	-0.00231
5944	-0.00251
5946	-0.00421
5948	-0.00378
5950	-0.00267
5952	-0.00104
5954	-2.20782E-4
5956	-0.00118
5958	-8.95938E-4
5960	-0.00124
5962	-0.00195
5964	-0.0014
5966	-0.00216
5968	-0.00235
5970	-0.0025
5972	-0.00243
5974	-0.00167
5976	-3.10136E-4
5978	0.00117
5980	0.00151
5982	0.0016
5984	0.00207
5986	0.0011
5988	4.03989E-5
5990	-9.51787E-5
5992	-0.00138
5994	-0.00358
5996	-0.0024
5998	-0.0013
6000	-0.00122
6002	-0.00118
6004	-0.00158
6006	-0.00198
6008	-0.00184
6010	-0.00239
6012	-0.00127
6014	-4.1011E-4
6016	-1.89687E-4
6018	-7.72265E-4
6020	-2.87842E-4
6022	7.05802E-5
6024	3.10003E-4
6026	-9.71575E-4
6028	-0.00141
6030	-0.00201
6032	-8.75308E-4
6034	-5.06885E-4
6036	-2.26463E-4
6038	-0.00201
6040	-0.00295
6042	-0.00273
6044	-0.00246
6046	-0.00204
6048	-0.00358
6050	-0.00328
6052	-0.00333
6054	-0.00213
6056	-9.80581E-4
6058	-6.99144E-4
6060	-3.22706E-4
6062	-0.00161
6064	-0.00228
6066	-0.00108
6068	-3.23957E-4
6070	-1.51919E-6
6072	-4.91082E-4
6074	-4.88644E-4
6076	-7.34207E-4
6078	-5.04769E-4
6080	-1.88332E-4
6082	2.07106E-4
6084	-4.07457E-4
6086	9.5998E-4
6088	0.00187
6090	0.00192
6092	3.17293E-4
6094	1.8387E-4
6096	5.76588E-4
6098	-2.02694E-4
6100	-0.00115
6102	-0.00109
6104	-7.55401E-5
6106	5.31178E-4
6108	1.28896E-4
6110	-0.00133
6112	-7.81669E-4
6114	-8.24951E-4
6116	-0.00204
6118	-0.00179
6120	-6.19797E-4
6122	2.36921E-4
6124	4.90639E-4
6126	4.00356E-4
6128	4.75074E-4
6130	-0.00245
6132	-0.00962
6134	-0.02304
6136	-0.03792
6138	-0.05409
6140	-0.06894
6142	-0.08301
6144	-0.09517
6146	-0.1078
6148	-0.12062
6150	-0.12809
6152	-0.12893
6154	-0.12391
6156	-0.11598
6158	-0.1069
6160	-0.09769
6162	-0.08738
6164	-0.07909
6166	-0.07137
6168	-0.06296
6170	-0.05585
6172	-0.04871
6174	-0.043
6176	-0.03631
6178	-0.03145
6180	-0.02854
6182	-0.02547
6184	-0.0219
6186	-0.02033
6188	-0.01935
6190	-0.01864
6192	-0.01613
6194	-0.01495
6196	-0.01384
6198	-0.01286
6200	-0.01269
6202	-0.01179
6204	-0.00942
6206	-0.00901
6208	-0.00793
6210	-0.00554
6212	-0.00275
6214	-0.00184
6216	-0.00105
6218	-6.21249E-4
6220	-0.00149
6222	-0.00212
6224	-0.00276
6226	-0.00218
6228	-0.00227
6230	-0.00184
6232	-0.0019
6234	-0.0024
6236	-0.0031
6238	-0.00139
6240	-0.00164
6242	-0.0014
6244	-7.07663E-4
6246	-3.3108E-4
6248	1.45504E-4
6250	5.51087E-4
6252	0.00215
6254	0.00187
6256	0.00119
6258	0.00128
6260	8.80005E-4
6262	0.00163
6264	0.00129
6266	0.00115
6268	0.001
6270	0.00173
6272	3.73506E-4
6274	-3.4991E-4
6276	6.88673E-4
6278	0.00172
6280	0.00316
6282	0.00369
6284	0.00254
6286	0.0024
6288	0.00384
6290	0.00457
6292	0.00421
6294	0.00465
6296	0.00331
6298	0.00392
6300	0.00368
6302	0.00258
6304	0.00107
6306	0.00118
6308	4.0701E-4
6310	5.33593E-4
6312	5.04177E-4
6314	6.4576E-4
6316	4.85344E-4
6318	0.00167
6320	7.16511E-4
6322	6.50094E-4
6324	4.43678E-4
6326	3.47261E-4
6328	1.77845E-4
6330	7.62428E-4
6332	1.69012E-4
6334	7.94595E-4
6336	0.00185
6338	0.00288
6340	0.00266
6342	0.00289
6344	0.00286
6346	0.00322
6348	0.00301
6350	0.00188
6352	0.00165
6354	0.00156
6356	0.00139
6358	0.00199
6360	0.00197
6362	3.13765E-4
6364	5.23484E-5
6366	7.15932E-4
6368	6.35515E-4
6370	-7.88901E-4
6372	1.59683E-4
6374	0.00104
6376	3.3685E-4
6378	-6.64567E-4
6380	4.55017E-4
6382	7.706E-4
6384	7.36184E-4
6386	0.00121
6388	0.00205
6390	0.00218
6392	0.00166
6394	0.00159
6396	0.00225
6398	0.00287
6400	0.00109
6402	0.0012
6404	0.00257
6406	0.00288
6408	0.00276
6410	0.00184
6412	0.00136
6414	3.38937E-4
6416	-1.34798E-5
6418	0.00103
6420	0.0011
6422	4.60271E-4
6424	0.00139
6426	0.00209
6428	0.0024
6430	0.00182
6432	0.00173
6434	5.64312E-4
6436	-2.83103E-4
6438	-1.49518E-4
6440	-1.81933E-4
6442	-2.24347E-4
6444	-0.00123
6446	-0.00106
6448	1.64084E-5
6450	1.18994E-4
6452	-4.64421E-4
6454	2.66164E-4
6456	-1.28251E-4
6458	1.19334E-4
6460	0.00126
6462	0.00142
6464	0.00254
6466	0.00452
6468	0.00426
6470	0.00286
6472	0.00166
6474	0.00151
6476	0.00186
6478	6.37049E-4
6480	-4.06181E-4
6482	-0.00109
6484	-0.00116
6486	-1.7387E-4
6488	1.95901E-4
6490	-7.72329E-4
6492	-3.16558E-4
6494	0.00113
6496	3.36983E-4
6498	-9.43247E-4
6500	4.75523E-4
6502	0.0011
6504	2.20643E-5
6506	4.34835E-4
6508	6.41605E-4
6510	0.00132
6512	0.00151
6514	0.00127
6516	0.00119
6518	5.63457E-4
6520	-6.01772E-4
6522	-1.11002E-4
6524	-8.32312E-5
6526	-4.02957E-5
6528	2.81393E-4
6530	3.48082E-4
6532	-9.5023E-4
6534	-0.00544
6536	-0.00984
6538	-0.02016
6540	-0.03139
6542	-0.04431
6544	-0.05764
6546	-0.07
6548	-0.08142
6550	-0.09174
6552	-0.10284
6554	-0.11127
6556	-0.11429
6558	-0.1104
6560	-0.10384
6562	-0.09577
6564	-0.08681
6566	-0.07771
6568	-0.06985
6570	-0.06174
6572	-0.05543
6574	-0.04962
6576	-0.04413
6578	-0.03873
6580	-0.03515
6582	-0.03118
6584	-0.02784
6586	-0.02464
6588	-0.02141
6590	-0.01939
6592	-0.01808
6594	-0.01684
6596	-0.01627
6598	-0.01608
6600	-0.01417
6602	-0.01203
6604	-0.01097
6606	-0.01055
6608	-0.00925
6610	-0.00813
6612	-0.00792
6614	-0.0072
6616	-0.00633
6618	-0.00684
6620	-0.00621
6622	-0.00424
6624	-0.00272
6626	-0.00343
6628	-0.00445
6630	-0.00488
6632	-0.0055
6634	-0.00617
6636	-0.00684
6638	-0.00635
6640	-0.0063
6642	-0.00524
6644	-0.00344
6646	-0.00299
6648	-0.00197
6650	-0.00116
6652	-0.00183
6654	-0.00136
6656	-4.24006E-4
6658	6.28257E-4
6660	3.65521E-4
6662	-3.84216E-4
6664	-0.00146
6666	-0.00234
6668	-0.0025
6670	-0.00207
6672	-3.75935E-4
6674	-0.00123
6676	-0.00127
6678	2.45181E-5
6680	-7.08664E-4
6682	2.15373E-6
6684	-0.00103
6686	-9.53211E-4
6688	-0.00139
6690	-0.00205
6692	-0.00133
6694	-7.63939E-4
6696	1.30878E-4
6698	7.95696E-4
6700	-3.74859E-5
6702	-2.82668E-4
6704	-5.2385E-4
6706	-3.98032E-4
6708	4.91785E-4
6710	7.76603E-4
6712	-2.61579E-4
6714	-1.30761E-4
6716	9.40566E-5
6718	-4.71256E-5
6720	-0.00131
6722	-0.00127
6724	-9.77672E-4
6726	-8.5429E-7
6728	-9.01036E-4
6730	-0.00187
6732	-0.00225
6734	-0.00201
6736	-0.00173
6738	-0.00267
6740	-0.00254
6742	-8.43312E-4
6744	-5.11494E-4
6746	-0.00114
6748	-0.00116
6750	-4.0404E-4
6752	3.52777E-4
6754	3.82595E-4
6756	4.90413E-4
6758	3.70231E-4
6760	9.84049E-4
6762	0.00183
6764	0.00257
6766	0.0022
6768	1.5732E-4
6770	-0.00105
6772	-2.80044E-4
6774	2.55773E-4
6776	2.38591E-4
6778	-1.36591E-4
6780	2.82268E-5
6782	0.00186
6784	0.00254
6786	0.00224
6788	0.00187
6790	0.00263
6792	0.00187
6794	0.0018
6796	0.00116
6798	0.00134
6800	0.00278
6802	0.00328
6804	0.00307
6806	0.00385
6808	0.00424
6810	0.00347
6812	0.00234
6814	0.00141
6816	0.00158
6818	0.00227
6820	0.00308
6822	0.00169
6824	9.88497E-5
6826	-6.38298E-4
6828	2.46554E-4
6830	-0.00102
6832	-5.37424E-5
6834	0.00117
6836	0.00248
6838	0.00121
6840	0.00169
6842	9.94517E-4
6844	5.81369E-4
6846	0.00172
6848	0.00112
6850	8.74925E-4
6852	0.00252
6854	0.00274
6856	0.00336
6858	0.00236
6860	0.00149
6862	0.00114
6864	0.00111
6866	0.00197
6868	3.559E-4
6870	-4.37079E-4
6872	0.0011
6874	8.12961E-4
6876	-1.80019E-4
6878	6.50002E-4
6880	4.44022E-4
6882	-2.7958E-5
6884	-1.31938E-4
6886	-3.81917E-4
6888	-0.00106
6890	-0.0019
6892	-0.00249
6894	-6.39836E-4
6896	0.00169
6898	0.00165
6900	5.64224E-4
6902	-1.79755E-4
6904	1.46265E-4
6906	4.05285E-4
6908	-9.00695E-4
6910	-0.00186
6912	-1.95165E-4
6914	0.00185
6916	0.00175
6918	0.0016
6920	0.00103
6922	-1.59073E-5
6924	2.47442E-5
6926	2.07396E-4
6928	7.92047E-4
6930	0.00195
6932	0.00287
6934	0.00368
6936	0.00434
6938	0.00115
6940	-0.00354
6942	-0.01257
6944	-0.02556
6946	-0.03751
6948	-0.04816
6950	-0.05748
6952	-0.06668
6954	-0.07664
6956	-0.08712
6958	-0.09612
6960	-0.09842
6962	-0.09593
6964	-0.09056
6966	-0.08521
6968	-0.07865
6970	-0.07239
6972	-0.06407
6974	-0.05744
6976	-0.05021
6978	-0.04413
6980	-0.04016
6982	-0.03553
6984	-0.03088
6986	-0.02771
6988	-0.0244
6990	-0.02074
6992	-0.01831
6994	-0.01521
6996	-0.01327
6998	-0.01195
7000	-0.01155
7002	-0.01079
7004	-0.01058
7006	-0.0098
7008	-0.0074
7010	-0.00772
7012	-0.00671
7014	-0.00506
7016	-0.00517
7018	-0.00457
7020	-0.00357
7022	-0.00399
7024	-0.00411
7026	-0.00386
7028	-0.00326
7030	-0.00364
7032	-0.00434
7034	-0.00469
7036	-0.00396
7038	-0.0018
7040	-6.48822E-4
7042	1.07591E-4
7044	5.07003E-4
7046	8.17416E-4
7048	0.00124
7050	1.00242E-4
7052	8.62655E-4
7054	0.00145
7056	8.50017E-4
7058	-2.23119E-4
7060	-7.32254E-4
7062	-4.63902E-5
7064	-2.36526E-4
7066	-0.00103
7068	-0.00137
7070	-0.0024
7072	-0.00178
7074	-0.00244
7076	-0.00296
7078	-0.00394
7080	-0.00386
7082	-0.00246
7084	-0.00336
7086	-0.00299
7088	-0.00254
7090	-0.00208
7092	-9.06426E-4
7094	-6.22561E-4
7096	-0.00148
7098	-0.0015
7100	-0.00112
7102	-6.00104E-4
7104	8.67603E-5
7106	4.66625E-4
7108	0.00114
7110	7.34353E-4
7112	6.95217E-4
7114	1.80082E-4
7116	5.73946E-4
7118	0.00102
7120	0.00206
7122	0.00354
7124	0.00459
7126	0.00495
7128	0.00509
7130	0.00455
7132	0.00238
7134	0.0025
7136	0.00293
7138	0.00302
7140	0.00199
7142	0.00109
7144	0.00105
7146	0.00193
7148	0.00166
7150	4.55639E-4
7152	1.43504E-4
7154	-9.72632E-4
7156	-0.00232
7158	-0.00227
7160	-0.00203
7162	-0.00105
7164	-8.31056E-6
7166	0.00169
7168	0.00212
7170	0.00293
7172	0.00385
7174	0.00376
7176	0.00264
7178	6.9474E-4
7180	0.00189
7182	0.00194
7184	0.00114
7186	7.72197E-4
7188	5.42061E-4
7190	6.02925E-4
7192	4.9779E-4
7194	6.72654E-4
7196	-2.93482E-4
7198	-2.10617E-4
7200	0.00145
7202	0.00174
7204	0.00179
7206	0.0017
7208	0.00144
7210	0.00165
7212	0.00177
7214	0.00187
7216	0.00144
7218	9.62026E-4
7220	9.4689E-4
7222	8.42754E-4
7224	9.83619E-4
7226	0.00184
7228	0.00225
7230	0.00316
7232	0.00251
7234	0.00223
7236	0.00148
7238	0.00153
7240	0.00144
7242	0.00316
7244	0.00317
7246	0.00311
7248	0.00239
7250	0.0014
7252	0.00277
7254	0.0047
7256	0.00392
7258	0.00257
7260	0.00165
7262	0.00174
7264	0.00132
7266	9.90769E-4
7268	-3.43667E-5
7270	-5.58502E-4
7272	5.99362E-4
7274	0.00163
7276	0.00116
7278	0.00106
7280	1.24819E-4
7282	-4.21317E-4
7284	5.61548E-4
7286	0.00191
7288	0.00286
7290	0.00295
7292	0.00158
7294	7.25211E-4
7296	4.98387E-4
7298	6.83564E-4
7300	0.00109
7302	7.39173E-5
7304	1.66094E-4
7306	-1.45729E-4
7308	-5.84553E-4
7310	9.56239E-5
7312	-5.75199E-4
7314	-0.00113
7316	-1.27846E-4
7318	0.00241
7320	0.00124
7322	0.00103
7324	0.00166
7326	0.00113
7328	1.95214E-4
7330	9.23905E-5
7332	-7.17433E-4
7334	-5.36256E-4
7336	-9.10796E-5
7338	1.35097E-4
7340	3.64209E-4
7342	0.00133
7344	-1.69428E-4
7346	-0.00754
7348	-0.01703
7350	-0.02694
7352	-0.03595
7354	-0.04551
7356	-0.05461
7358	-0.06212
7360	-0.07089
7362	-0.08038
7364	-0.08554
7366	-0.08459
7368	-0.08068
7370	-0.07506
7372	-0.06883
7374	-0.06243
7376	-0.05593
7378	-0.05106
7380	-0.04664
7382	-0.04252
7384	-0.03791
7386	-0.03474
7388	-0.03204
7390	-0.02907
7392	-0.02486
7394	-0.02091
7396	-0.02006
7398	-0.01951
7400	-0.01726
7402	-0.01448
7404	-0.0134
7406	-0.012
7408	-0.00964
7410	-0.00897
7412	-0.00969
7414	-0.00888
7416	-0.00648
7418	-0.00492
7420	-0.0058
7422	-0.00446
7424	-0.00379
7426	-0.00333
7428	-0.00146
7430	-2.12051E-4
7432	5.80249E-4
7434	0.00128
7436	7.24056E-4
7438	8.0739E-4
7440	5.64723E-4
7442	5.34057E-4
7444	3.93904E-5
7446	8.87238E-5
7448	6.77057E-4
7450	9.11391E-4
7452	-8.29276E-4
7454	-2.56942E-4
7456	-9.86088E-5
7458	-3.07275E-4
7460	3.15058E-4
7462	-4.18608E-4
7464	7.97251E-5
7466	-8.49414E-5
7468	1.23392E-4
7470	5.27255E-5
7472	-5.54941E-4
7474	5.00392E-4
7476	9.43726E-4
7478	2.33059E-4
7480	-2.65607E-4
7482	-0.00139
7484	-2.9394E-4
7486	1.25393E-4
7488	1.25727E-4
7490	0.00107
7492	6.43394E-4
7494	6.46727E-4
7496	-4.28939E-4
7498	-0.0019
7500	-0.00149
7502	-0.00114
7504	-0.00222
7506	-0.0025
7508	-0.00236
7510	-0.00105
7512	0.00113
7514	0.00106
7516	3.66395E-4
7518	-0.00115
7520	-0.00152
7522	-2.17604E-4
7524	7.34729E-4
7526	8.40628E-5
7528	-0.00114
7530	-0.00211
7532	-0.00233
7534	-0.00157
7536	-0.00199
7538	-0.00201
7540	4.38397E-4
7542	0.00165
7544	0.0026
7546	0.00321
7548	0.00216
7550	5.70064E-4
7552	-0.00114
7554	-0.00208
7556	-7.47935E-4
7558	-1.10602E-4
7560	-0.00162
7562	-0.0019
7564	-0.00188
7566	-0.00102
7568	-1.07934E-4
7570	1.26399E-4
7572	-2.27267E-4
7574	-2.93934E-4
7576	-2.566E-4
7578	-5.33267E-4
7580	-4.62933E-4
7582	-0.00124
7584	-9.54266E-4
7586	-5.44933E-4
7588	1.094E-4
7590	-7.10266E-4
7592	4.85067E-4
7594	0.00251
7596	0.00116
7598	2.20679E-5
7600	2.44401E-4
7602	-3.64265E-4
7604	-0.00116
7606	-0.00127
7608	-0.00148
7610	-7.24931E-4
7612	-6.35978E-5
7614	-7.35264E-4
7616	7.40691E-5
7618	-2.42597E-4
7620	-0.0012
7622	-8.6593E-4
7624	5.7403E-5
7626	5.77736E-4
7628	6.207E-5
7630	-2.27597E-4
7632	-0.00174
7634	-0.00106
7636	2.13404E-4
7638	-4.14263E-4
7640	-9.89292E-5
7642	5.84043E-5
7644	-0.0015
7646	-0.00137
7648	-9.17595E-4
7650	-0.00147
7652	-0.00193
7654	-0.00207
7656	-4.02614E-5
7658	6.24072E-4
7660	1.43406E-4
7662	-9.81261E-4
7664	-9.66927E-4
7666	1.21406E-4
7668	5.07739E-4
7670	-1.74927E-4
7672	2.02406E-4
7674	-1.1226E-4
7676	5.17814E-4
7678	0.00197
7680	0.00282
7682	0.0024
7684	0.00183
7686	0.00116
7688	3.58713E-4
7690	7.53363E-4
7692	6.39013E-4
7694	0.00123
7696	6.95313E-4
7698	0.00149
7700	0.00239
7702	0.00108
7704	0.00153
7706	0.0022
7708	0.00176
7710	9.61863E-4
7712	2.04513E-4
7714	1.26163E-4
7716	-0.00194
7718	-0.00179
7720	-0.0013
7722	-0.00273
7724	-0.00297
7726	-0.0023
7728	-0.00149
7730	-0.00136
7732	-3.29002E-4
7734	-7.07175E-4
7736	1.17652E-4
7738	0.00156
7740	0.00264
7742	0.00302
7744	0.00248
7746	0.00219
7748	0.00141
7750	-0.00521
7752	-0.01304
7754	-0.02088
7756	-0.02998
7758	-0.03768
7760	-0.04514
7762	-0.05081
7764	-0.05843
7766	-0.06493
7768	-0.06965
7770	-0.06979
7772	-0.06798
7774	-0.06364
7776	-0.05994
7778	-0.0553
7780	-0.04913
7782	-0.04428
7784	-0.04074
7786	-0.03546
7788	-0.03008
7790	-0.02611
7792	-0.02218
7794	-0.01769
7796	-0.01604
7798	-0.01224
7800	-0.01052
7802	-0.01109
7804	-0.01132
7806	-0.01021
7808	-0.0091
7810	-0.0078
7812	-0.00743
7814	-0.00779
7816	-0.00847
7818	-0.00825
7820	-0.00669
7822	-0.00508
7824	-0.00284
7826	-0.00353
7828	-0.00306
7830	-0.002
7832	-0.00275
7834	-0.0029
7836	-0.00175
7838	-0.00122
7840	3.50397E-4
7842	-2.92712E-4
7844	-3.10822E-4
7846	1.42069E-4
7848	-1.63041E-4
7850	2.2585E-4
7852	9.1874E-4
7854	-2.9337E-4
7856	-7.07479E-4
7858	-1.10589E-4
7860	7.69302E-4
7862	-1.35808E-4
7864	-6.44918E-4
7866	7.79973E-4
7868	1.67863E-4
7870	4.71754E-4
7872	0.0014
7874	8.86535E-4
7876	-5.39575E-4
7878	-0.00164
7880	-4.09794E-4
7882	1.40963E-5
7884	-5.82013E-4
7886	-0.00124
7888	-2.69232E-4
7890	-3.98342E-4
7892	-9.39452E-4
7894	-7.33561E-4
7896	9.21329E-4
7898	0.00133
7900	-1.689E-5
7902	-0.00237
7904	-0.00327
7906	-0.00277
7908	-0.00206
7910	-0.00156
7912	-0.0018
7914	-8.75657E-4
7916	-2.08767E-4
7918	-2.12876E-4
7920	7.59014E-4
7922	0.00207
7924	0.00332
7926	0.00275
7928	8.60576E-4
7930	-9.48534E-4
7932	-0.00202
7934	-0.00149
7936	5.81138E-4
7938	2.21028E-4
7940	4.29918E-4
7942	0.00175
7944	0.00165
7946	0.00129
7948	0.00181
7950	0.00162
7952	0.00137
7954	0.00149
7956	0.00134
7958	0.00181
7960	0.0014
7962	0.00251
7964	0.00399
7966	0.00261
7968	7.17384E-4
7970	-1.09725E-4
7972	8.71651E-5
7974	-2.11944E-4
7976	-9.56054E-4
7978	-0.00153
7980	-0.00212
7982	-0.00128
7984	-3.52492E-4
7986	-9.63602E-4
7988	-6.16712E-4
7990	-0.00107
7992	-0.00115
7994	-6.1004E-4
7996	1.5085E-4
7998	-3.40259E-4
8000	-0.00154
8002	-8.88479E-4
8004	-0.0014
8006	-0.00156
8008	-3.22807E-4
8010	3.91083E-4
8012	4.04974E-4
8014	1.56864E-4
8016	-3.42456E-5
8018	-8.06355E-4
8020	6.85535E-4
8022	0.00119
8024	0.00161
8026	1.73206E-4
8028	-6.10903E-4
8030	9.89873E-5
8032	-4.86122E-4
8034	-0.00184
8036	-0.00247
8038	-0.00154
8040	-9.72561E-4
8042	-4.7067E-4
8044	0.00114
8046	0.00178
8048	0.00313
8050	0.00449
8052	0.00195
8054	0.00161
8056	0.00107
8058	1.39453E-4
8060	-4.49454E-4
8062	-1.94879E-4
8064	-3.56303E-4
8066	9.62722E-5
8068	-8.64152E-4
8070	-0.00185
8072	-0.00226
8074	-0.0031
8076	-0.00271
8078	-9.67275E-4
8080	-6.647E-4
8082	-0.0019
8084	-0.00291
8086	-0.00232
8088	-0.00158
8090	-3.58823E-4
8092	0.00128
8094	0.00181
8096	0.00157
8098	0.00147
8100	7.48054E-4
8102	3.43629E-4
8104	-9.17955E-5
8106	-9.4622E-4
8108	-8.90896E-6
8110	9.964E-4
8112	4.25709E-4
8114	0.0014
8116	8.56326E-4
8118	-2.20365E-4
8120	-0.00131
8122	-0.00137
8124	-8.00439E-4
8126	1.4787E-4
8128	8.18179E-4
8130	0.00117
8132	4.40797E-4
8134	-6.01894E-4
8136	-5.84586E-4
8138	1.72314E-6
8140	-2.96805E-6
8142	-1.96592E-5
8144	8.6565E-4
8146	0.00224
8148	0.00117
8150	-0.00156
8152	-0.00174
8154	-0.0054
8156	-0.01098
8158	-0.01714
8160	-0.02569
8162	-0.03212
8164	-0.03841
8166	-0.04372
8168	-0.04917
8170	-0.05656
8172	-0.06214
8174	-0.06215
8176	-0.05957
8178	-0.05524
8180	-0.05058
8182	-0.04705
8184	-0.04282
8186	-0.03816
8188	-0.03533
8190	-0.03059
8192	-0.0258
8194	-0.02332
8196	-0.02167
8198	-0.0192
8200	-0.01652
8202	-0.01506
8204	-0.01398
8206	-0.0127
8208	-0.0115
8210	-0.01023
8212	-0.00911
8214	-0.00894
8216	-0.00847
8218	-0.00783
8220	-0.00642
8222	-0.00598
8224	-0.00636
8226	-0.00629
8228	-0.00452
8230	-0.00316
8232	-0.00198
8234	-0.00123
8236	-9.34828E-4
8238	-0.00203
8240	-0.00203
8242	-7.46219E-4
8244	-4.43498E-5
8246	-6.1348E-4
8248	-0.0016
8250	-0.00158
8252	-0.00138
8254	-0.00151
8256	-0.00256
8258	-0.0026
8260	-0.00212
8262	-0.00176
8264	-8.15655E-4
8266	-4.32785E-4
8268	-9.03916E-4
8270	-0.00107
8272	-1.82177E-4
8274	2.77693E-4
8276	9.65625E-5
8278	-8.71568E-4
8280	-5.78698E-4
8282	-0.00154
8284	-0.00103
8286	-0.00103
8288	-6.9822E-4
8290	-1.60351E-4
8292	2.15519E-4
8294	-3.51612E-4
8296	-4.12742E-4
8298	-4.73873E-4
8300	7.02997E-4
8302	4.40866E-4
8304	7.63736E-4
8306	1.82605E-4
8308	-8.83525E-4
8310	-8.54656E-4
8312	-4.93786E-4
8314	-8.28917E-4
8316	2.59529E-5
8318	8.51822E-4
8320	0.00189
8322	0.00237
8324	0.00159
8326	4.703E-4
8328	-5.9983E-4
8330	4.0804E-4
8332	0.00174
8334	0.00141
8336	3.16648E-4
8338	-0.00156
8340	-0.0016
8342	-0.00188
8344	-0.00171
8346	-0.00245
8348	-0.00328
8350	-0.00322
8352	-0.00357
8354	-0.00344
8356	-0.00308
8358	-0.00162
8360	-0.00193
8362	-0.00267
8364	-0.00357
8366	-0.00285
8368	-0.00191
8370	-0.00134
8372	-3.33701E-4
8374	7.67169E-4
8376	3.90384E-5
8378	2.28908E-4
8380	0.00182
8382	0.00192
8384	8.13517E-4
8386	1.31386E-4
8388	-6.86744E-4
8390	-6.80875E-4
8392	-8.67005E-4
8394	-2.77136E-4
8396	4.73363E-6
8398	-8.68397E-4
8400	-0.00119
8402	-8.76658E-4
8404	1.43212E-4
8406	1.29081E-4
8408	2.85951E-4
8410	0.0011
8412	3.9269E-4
8414	8.57559E-4
8416	0.0014
8418	0.00226
8420	0.00193
8422	0.00111
8424	3.23907E-4
8426	-0.00134
8428	-0.00253
8430	-0.00271
8432	-0.00244
8434	-0.00283
8436	-0.00191
8438	-0.00187
8440	-0.0011
8442	-3.47267E-4
8444	5.78666E-4
8446	0.00144
8448	9.65765E-4
8450	3.31314E-4
8452	5.48864E-4
8454	-1.25587E-4
8456	-0.00212
8458	-0.00288
8460	-0.00285
8462	-0.00208
8464	-0.00171
8466	-0.00141
8468	-0.00182
8470	-0.00115
8472	-6.91642E-4
8474	-0.00211
8476	-0.00233
8478	-0.00223
8480	-0.00249
8482	-0.00201
8484	-0.00201
8486	-0.00269
8488	-0.00232
8490	-0.00124
8492	-0.00189
8494	-0.00277
8496	-0.00277
8498	-0.00194
8500	-0.00151
8502	-0.00256
8504	-0.00215
8506	-0.00125
8508	-9.83744E-4
8510	2.67544E-4
8512	2.92833E-4
8514	8.72122E-4
8516	1.7641E-4
8518	-8.43011E-5
8520	-3.92012E-4
8522	-9.51724E-4
8524	4.55565E-4
8526	1.28854E-4
8528	8.27142E-4
8530	8.52431E-4
8532	3.0572E-4
8534	-9.49917E-5
8536	-5.68703E-4
8538	6.35857E-5
8540	0.00187
8542	0.00175
8544	9.64096E-4
8546	5.40431E-4
8548	-0.00133
8550	-0.00256
8552	-9.58563E-4
8554	-3.33227E-4
8556	-3.68921E-5
8558	-0.00117
8560	-0.00456
8562	-0.01027
8564	-0.01738
8566	-0.02253
8568	-0.02832
8570	-0.03367
8572	-0.04004
8574	-0.04779
8576	-0.05378
8578	-0.05412
8580	-0.05349
8582	-0.05208
8584	-0.04863
8586	-0.0442
8588	-0.04042
8590	-0.03587
8592	-0.03316
8594	-0.02995
8596	-0.02689
8598	-0.02452
8600	-0.02175
8602	-0.02073
8604	-0.01834
8606	-0.01573
8608	-0.01414
8610	-0.01298
8612	-0.01007
8614	-0.00891
8616	-0.00778
8618	-0.00698
8620	-0.00662
8622	-0.00568
8624	-0.00605
8626	-0.00704
8628	-0.006
8630	-0.00584
8632	-0.00588
8634	-0.00438
8636	-0.00345
8638	-0.00343
8640	-0.00372
8642	-0.00401
8644	-0.00171
8646	-0.00282
8648	-0.00491
8650	-0.0043
8652	-0.00468
8654	-0.00415
8656	-0.00202
8658	-1.44984E-4
8660	-6.98465E-5
8662	-0.00141
8664	-0.00149
8666	-0.00281
8668	-0.00366
8670	-0.00543
8672	-0.00549
8674	-0.00519
8676	-0.00524
8678	-0.00625
8680	-0.00582
8682	-0.00395
8684	-0.00417
8686	-0.00499
8688	-0.00603
8690	-0.00644
8692	-0.00641
8694	-0.00631
8696	-0.0051
8698	-0.0049
8700	-0.00529
8702	-0.00604
8704	-0.00529
8706	-0.00502
8708	-0.00416
8710	-0.00304
8712	-0.00458
8714	-0.00515
8716	-0.00402
8718	-0.00272
8720	-0.0013
8722	-9.62235E-4
8724	-0.00172
8726	-0.00195
8728	-0.00202
8730	-0.0025
8732	-0.00319
8734	-0.00344
8736	-0.00265
8738	-0.002
8740	-0.00122
8742	-5.50963E-4
8744	-0.00149
8746	-0.00133
8748	-0.00212
8750	-0.00247
8752	-0.00218
8754	-0.0017
8756	-0.00197
8758	-0.00413
8760	-0.00376
8762	-0.00351
8764	-0.00364
8766	-0.00316
8768	-0.00365
8770	-0.00382
8772	-0.00335
8774	-0.00343
8776	-0.0028
8778	-0.00314
8780	-0.00177
8782	-0.00143
8784	-0.00353
8786	-0.00408
8788	-0.00328
8790	-0.0027
8792	-0.00134
8794	-0.00133
8796	-0.0016
8798	-0.00122
8800	-9.51875E-4
8802	-1.71476E-5
8804	9.8258E-4
8806	-4.55693E-4
8808	-0.00171
8810	-0.00262
8812	-0.00284
8814	-0.00359
8816	-0.00309
8818	-0.00326
8820	-0.00328
8822	-0.00452
8824	-0.00437
8826	-0.00387
8828	-0.00378
8830	-0.00308
8832	-0.00239
8834	-0.0029
8836	-0.00388
8838	-0.00244
8840	-0.00131
8842	-0.00164
8844	-0.00193
8846	-0.00106
8848	-0.00152
8850	-0.0026
8852	-0.00209
8854	-0.00143
8856	-0.0011
8858	4.27159E-4
8860	6.86556E-4
8862	-1.49047E-4
8864	-0.00159
8866	-0.00233
8868	-0.00243
8870	-0.00201
8872	-0.00222
8874	-0.00139
8876	-0.00146
8878	-0.00224
8880	-0.00285
8882	-0.00297
8884	-0.00233
8886	-0.0019
8888	-0.00158
8890	-0.00144
8892	-0.00212
8894	-0.00217
8896	-0.00214
8898	-0.00151
8900	-0.00155
8902	-0.00222
8904	-0.00324
8906	-0.00262
8908	-0.00172
8910	-8.75997E-4
8912	-7.97326E-4
8914	-5.86656E-4
8916	3.08015E-4
8918	0.00195
8920	8.13558E-5
8922	-7.97376E-6
8924	-1.62574E-4
8926	-2.80706E-4
8928	-0.00193
8930	-0.00313
8932	-0.0024
8934	-0.00136
8936	-1.65365E-4
8938	-6.91497E-4
8940	-0.00184
8942	-0.00179
8944	-0.00191
8946	-0.00299
8948	-0.00342
8950	-0.00312
8952	-0.00201
8954	-0.00204
8956	-0.00133
8958	-6.65816E-4
8960	5.93052E-4
8962	-2.5608E-4
8964	-0.0016
8966	-0.00548
8968	-0.00988
8970	-0.01392
8972	-0.0167
8974	-0.02036
8976	-0.02549
8978	-0.03274
8980	-0.03985
8982	-0.0433
8984	-0.04356
8986	-0.04109
8988	-0.03829
8990	-0.03568
8992	-0.03264
8994	-0.02988
8996	-0.02675
8998	-0.02399
9000	-0.022
9002	-0.01915
9004	-0.01818
9006	-0.01652
9008	-0.01357
9010	-0.01201
9012	-0.00966
9014	-0.00845
9016	-0.00741
9018	-0.00725
9020	-0.0063
9022	-0.0048
9024	-0.00458
9026	-0.00524
9028	-0.00562
9030	-0.0048
9032	-0.0037
9034	-0.00306
9036	-0.00229
9038	-0.00229
9040	-0.00164
9042	-0.00107
9044	-0.00174
9046	-0.00225
9048	-8.38344E-4
9050	-3.98645E-4
9052	7.20541E-5
9054	-8.62466E-5
9056	6.80453E-4
9058	0.00104
9060	0.00173
9062	0.00336
9064	0.00254
9066	0.00238
9068	0.00262
9070	0.00412
9072	0.00362
9074	0.00287
9076	0.00186
9078	0.00295
9080	0.00384
9082	0.00319
9084	0.00158
9086	6.67741E-4
9088	-0.00126
9090	-6.70328E-4
9092	-5.12363E-4
9094	-3.56397E-4
9096	0.001
9098	0.00191
9100	8.20499E-4
9102	0.00219
9104	0.00235
9106	0.00186
9108	0.00362
9110	0.00342
9112	0.00207
9114	3.73257E-4
9116	-0.00113
9118	-0.00235
9120	-0.00158
9122	1.72118E-4
9124	6.91084E-4
9126	6.04049E-4
9128	0.00147
9130	9.2498E-4
9132	5.65945E-4
9134	0.00178
9136	0.0023
9138	0.0013
9140	8.24807E-4
9142	7.02772E-4
9144	0.00112
9146	3.25703E-4
9148	3.13668E-4
9150	-0.0013
9152	-9.67401E-4
9154	-2.38435E-4
9156	5.5453E-4
9158	0.00148
9160	0.00159
9162	2.26426E-4
9164	9.84392E-4
9166	0.00184
9168	5.12322E-4
9170	4.62288E-4
9172	8.91253E-4
9174	8.71219E-4
9176	0.00197
9178	4.73149E-4
9180	5.78115E-4
9182	0.00145
9184	0.00228
9186	0.00224
9188	0.00255
9190	0.00232
9192	0.00198
9194	0.00214
9196	3.70838E-4
9198	-3.71966E-5
9200	-7.53231E-4
9202	-4.07266E-4
9204	1.907E-4
9206	0.00104
9208	0.00132
9210	-2.84042E-5
9212	0.00104
9214	0.00163
9216	0.00182
9218	6.22112E-4
9220	0.0016
9222	0.0012
9224	0.00159
9226	0.00136
9228	0.0018
9230	1.49118E-4
9232	4.98786E-4
9234	0.00144
9236	0.00279
9238	0.00282
9240	0.00242
9242	0.00131
9244	7.87923E-5
9246	-6.4654E-4
9248	-1.87872E-4
9250	-3.41204E-4
9252	4.07463E-4
9254	6.94131E-4
9256	0.00104
9258	0.00253
9260	0.003
9262	0.00401
9264	0.00434
9266	0.00431
9268	0.00463
9270	0.00539
9272	0.00374
9274	0.00152
9276	0.00105
9278	8.05457E-4
9280	9.39299E-4
9282	-1.26858E-4
9284	2.93985E-4
9286	0.00103
9288	0.00194
9290	0.00298
9292	0.00439
9294	0.00272
9296	8.87041E-4
9298	4.67884E-4
9300	3.22726E-4
9302	0.00111
9304	0.0017
9306	0.00133
9308	8.05708E-4
9310	-9.22262E-4
9312	-9.11231E-4
9314	-8.66201E-4
9316	-1.95171E-4
9318	-6.1914E-4
9320	-1.3311E-4
9322	5.19921E-4
9324	9.07951E-4
9326	7.51982E-4
9328	0.00114
9330	0.00106
9332	2.41073E-4
9334	-0.0015
9336	-0.00184
9338	-0.00251
9340	-0.00162
9342	-0.00136
9344	-6.95744E-4
9346	6.55286E-4
9348	0.00124
9350	7.07347E-4
9352	0.00148
9354	0.001
9356	-2.66918E-4
9358	7.0842E-4
9360	0.00136
9362	0.00205
9364	0.00518
9366	0.00717
9368	0.00556
9370	0.0029
9372	3.30782E-4
9374	-0.00308
9376	-0.00647
9378	-0.00913
9380	-0.01251
9382	-0.02001
9384	-0.02716
9386	-0.03128
9388	-0.03274
9390	-0.03118
9392	-0.02847
9394	-0.02611
9396	-0.02369
9398	-0.02201
9400	-0.02065
9402	-0.01868
9404	-0.01658
9406	-0.0133
9408	-0.01091
9410	-0.00847
9412	-0.00551
9414	-0.00589
9416	-0.00783
9418	-0.00678
9420	-0.00724
9422	-0.00822
9424	-0.00706
9426	-0.00562
9428	-0.00477
9430	-0.00612
9432	-0.00426
9434	-0.00467
9436	-0.00459
9438	-0.0043
9440	-0.00366
9442	-0.00319
9444	-0.00254
9446	-0.00123
9448	-0.00162
9450	-0.00163
9452	-0.00155
9454	-4.29316E-4
9456	1.48407E-8
9458	-9.80654E-4
9460	-0.00175
9462	-0.00198
9464	-0.00154
9466	-7.16329E-4
9468	-5.91998E-4
9470	-4.59667E-4
9472	-1.37335E-4
9474	-0.00114
9476	1.47327E-4
9478	8.04658E-4
9480	-0.00115
9482	-0.00244
9484	-0.00197
9486	-0.00135
9488	-0.00109
9490	-2.10355E-4
9492	-0.0016
9494	-0.00163
9496	-0.0017
9498	-6.50297E-5
9500	-8.56985E-5
9502	-6.18367E-4
9504	-8.30036E-4
9506	0.00102
9508	0.0017
9510	5.63958E-4
9512	0.00152
9514	0.00266
9516	0.00295
9518	0.00186
9520	0.00176
9522	3.13945E-4
9524	1.13276E-4
9526	-1.19393E-4
9528	7.20939E-4
9530	7.1927E-4
9532	-4.5399E-5
9534	-0.00127
9536	1.52634E-5
9538	0.00119
9540	0.00143
9542	0.00187
9544	0.00173
9546	0.00198
9548	0.00109
9550	3.41582E-4
9552	0.00111
9554	0.00215
9556	0.00262
9558	0.00178
9560	7.59238E-4
9562	6.25569E-4
9564	-7.571E-4
9566	-0.00136
9568	-5.19437E-4
9570	-2.54106E-4
9572	-4.08775E-4
9574	5.45564E-5
9576	6.20888E-4
9578	0.00116
9580	0.00163
9582	9.33881E-4
9584	2.81213E-4
9586	0.00166
9588	0.00249
9590	0.00181
9592	2.80537E-4
9594	-2.98131E-4
9596	0.0015
9598	0.00198
9600	0.00232
9602	0.00208
9604	9.49525E-4
9606	2.72856E-4
9608	6.59187E-4
9610	-5.52482E-4
9612	4.34849E-4
9614	0.00125
9616	0.00261
9618	0.00309
9620	0.00346
9622	0.0028
9624	0.00241
9626	0.00308
9628	0.00294
9630	0.00317
9632	0.00287
9634	0.00167
9636	0.00109
9638	1.74155E-4
9640	-1.80514E-4
9642	0.00105
9644	0.00209
9646	0.00199
9648	0.00103
9650	5.46143E-4
9652	-6.15526E-4
9654	-0.00229
9656	-0.00106
9658	-1.35533E-4
9660	-0.00141
9662	-5.8987E-4
9664	-9.74539E-4
9666	-4.86208E-4
9668	4.73123E-4
9670	6.75455E-4
9672	3.57786E-4
9674	-6.45883E-4
9676	0.00129
9678	0.00178
9680	0.00224
9682	0.00212
9684	8.71773E-4
9686	-0.0013
9688	-0.00207
9690	-0.00132
9692	-0.00126
9694	-5.03899E-4
9696	-5.88056E-5
9698	-4.95712E-4
9700	-4.45619E-4
9702	-6.24525E-4
9704	-9.66432E-4
9706	-0.00117
9708	-4.79245E-4
9710	5.47848E-4
9712	5.70942E-4
9714	-2.22965E-4
9716	-0.00123
9718	-7.44778E-4
9720	4.93154E-5
9722	1.08409E-4
9724	-5.94978E-5
9726	-2.63404E-4
9728	-0.0011
9730	-2.60218E-4
9732	8.21876E-4
9734	4.24969E-4
9736	0.00125
9738	0.00151
9740	0.00101
9742	0.00205
9744	0.00226
9746	0.00192
9748	0.00107
9750	0.00118
9752	9.49285E-4
9754	2.95147E-4
9756	6.45009E-4
9758	2.26871E-4
9760	5.22733E-4
9762	0.00109
9764	-4.12543E-4
9766	0.00154
9768	0.00439
9770	0.00612
9772	0.00546
9774	0.00331
9776	4.79629E-4
9778	-0.00169
9780	-0.00434
9782	-0.00609
9784	-0.00873
9786	-0.013
9788	-0.01946
9790	-0.02333
9792	-0.02539
9794	-0.02372
9796	-0.02206
9798	-0.02182
9800	-0.02114
9802	-0.02087
9804	-0.0178
9806	-0.01589
9808	-0.01442
9810	-0.01275
9812	-0.01248
9814	-0.01199
9816	-0.00934
9818	-0.00797
9820	-0.00484
9822	-0.00484
9824	-0.00553
9826	-0.0047
9828	-0.00408
9830	-0.00394
9832	-0.00289
9834	-0.00254
9836	-0.00441
9838	-0.00503
9840	-0.00484
9842	-0.00461
9844	-0.00459
9846	-0.0044
9848	-0.00374
9850	-0.00397
9852	-0.00355
9854	-0.00222
9856	-0.003
9858	-0.00304
9860	-0.00137
9862	-0.00201
9864	-0.00329
9866	-0.00315
9868	-0.00192
9870	3.78972E-5
9872	-0.00101
9874	-0.00165
9876	-3.02745E-4
9878	1.31042E-4
9880	-5.96172E-4
9882	-0.00136
9884	-8.396E-4
9886	-0.00179
9888	-9.39028E-4
9890	-6.22419E-5
9892	4.15544E-4
9894	-0.00165
9896	-0.00381
9898	-0.00321
9900	-0.00375
9902	-0.00414
9904	-0.00374
9906	-0.00287
9908	-0.00189
9910	-0.00241
9912	-0.00104
9914	8.67191E-4
9916	7.19977E-4
9918	-1.07237E-4
9920	-0.0015
9922	-0.00302
9924	-0.00329
9926	-0.00119
9928	-0.00116
9930	-0.00242
9932	-0.00232
9934	-0.00319
9936	-0.00234
9938	-0.00278
9940	-0.00447
9942	-0.00406
9944	-0.00225
9946	-0.00265
9948	-0.00224
9950	-0.0019
9952	-0.00252
9954	-0.00154
9956	-0.00106
9958	6.87485E-4
9960	0.00235
9962	0.00179
9964	0.00161
9966	3.3663E-4
9968	1.81416E-4
9970	2.43202E-4
9972	7.26988E-4
9974	4.31774E-4
9976	-3.1044E-4
9978	-5.91654E-4
9980	-0.00117
9982	-8.12082E-4
9984	-0.00135
9986	-0.00266
9988	-0.00433
9990	-0.00366
9992	-0.00301
9994	-0.00312
9996	-0.00325
9998	-0.00197
10000	-0.00147
10002	-0.00104
10004	-0.00112
10006	-9.91648E-4
10008	-0.00184
10010	-0.00196
10012	-0.00112
10014	-0.0027
10016	-0.00186
10018	-0.00149
10020	-6.30146E-4
10022	-9.5436E-4
10024	-3.97574E-4
10026	-7.43787E-4
10028	-7.67001E-4
10030	3.81785E-4
10032	-3.06429E-4
10034	-0.00212
10036	-0.003
10038	-0.00251
10040	-0.0016
10042	-0.00299
10044	-0.00302
10046	-0.00229
10048	-6.1814E-4
10050	-7.35429E-6
10052	-5.45568E-4
10054	-0.00247
10056	-0.00301
10058	-0.00378
10060	-0.0041
10062	-0.00384
10064	-0.00294
10066	-0.00301
10068	-0.00226
10070	-0.00168
10072	-7.18707E-4
10074	-0.00271
10076	-0.00322
10078	-0.00172
10080	-0.00105
10082	-7.66113E-4
10084	3.24429E-4
10086	1.71972E-4
10088	7.46515E-4
10090	0.00212
10092	0.00196
10094	0.00231
10096	0.00219
10098	0.00157
10100	0.00159
10102	-4.36855E-5
10104	-4.30143E-4
10106	-6.066E-4
10108	-0.00148
10110	-0.00161
10112	-0.00188
10114	-0.00213
10116	-0.00363
10118	-0.0037
10120	-0.00244
10122	-0.00215
10124	-0.00145
10126	-0.00128
10128	-0.00156
10130	-8.99791E-4
10132	7.17454E-4
10134	0.00118
10136	0.00127
10138	2.57189E-4
10140	8.76435E-4
10142	0.00101
10144	5.22925E-4
10146	-4.9683E-4
10148	-4.35585E-4
10150	-2.9334E-4
10152	-0.00111
10154	-0.00165
10156	-7.75604E-4
10158	1.55641E-4
10160	1.14886E-4
10162	-7.03869E-4
10164	-0.00181
10166	-0.0019
10168	-0.00189
10170	4.48022E-4
10172	0.00343
10174	0.005
10176	0.00629
10178	0.00671
10180	0.00588
10182	0.00574
10184	0.0055
10186	0.00381
10188	0.00194
10190	-0.00373
10192	-0.01002
10194	-0.0135
10196	-0.01653
10198	-0.01822
10200	-0.0182
10202	-0.01818
10204	-0.01713
10206	-0.01585
10208	-0.01398
10210	-0.01257
10212	-0.01103
10214	-0.00866
10216	-0.00615
10218	-0.0062
10220	-0.00563
10222	-0.00491
10224	-0.00395
10226	-0.004
10228	-0.00485
10230	-0.0053
10232	-0.00312
10234	-0.00182
10236	-0.00238
10238	-0.00217
10240	-0.00221
10242	-0.00394
10244	-0.00345
10246	-0.00338
10248	-0.00276
10250	-0.00201
10252	-0.00208
10254	-4.88144E-4
10256	-3.95969E-4
10258	1.27207E-4
10260	-3.56176E-5
10262	-0.00118
10264	-7.76267E-4
10266	-5.79091E-4
10268	-7.14915E-4
10270	-0.00102
10272	-3.35564E-4
10274	7.83611E-4
10276	2.85787E-4
10278	-0.00119
10280	-0.00114
10282	-0.0011
10284	-0.00144
10286	1.00664E-4
10288	-4.6416E-4
10290	-0.00125
10292	-0.00206
10294	-0.00211
10296	-0.00159
10298	-3.42825E-5
10300	3.41893E-4
10302	9.99069E-4
10304	0.00154
10306	0.00111
10308	6.62595E-4
10310	4.43771E-4
10312	8.59946E-4
10314	0.00192
10316	0.00112
10318	-6.03527E-4
10320	-0.00116
10322	-7.54176E-4
10324	-3.83001E-4
10326	-8.94825E-4
10328	-9.98649E-4
10330	-8.91474E-4
10332	-0.0012
10334	-0.00137
10336	-0.00288
10338	-0.00347
10340	-0.00278
10342	-0.00276
10344	-0.00115
10346	2.19303E-5
10348	-5.56894E-4
10350	-0.00178
10352	-0.00224
10354	-0.00215
10356	-0.00224
10358	-0.00225
10360	-0.00286
10362	-0.00313
10364	-0.00121
10366	-6.45314E-4
10368	-4.00139E-4
10370	0.00174
10372	0.00341
10374	0.00343
10376	0.00302
10378	0.00187
10380	0.0024
10382	0.00222
10384	0.002
10386	0.00182
10388	5.26616E-4
10390	6.39792E-4
10392	8.81968E-4
10394	6.67143E-4
10396	9.03319E-4
10398	0.0015
10400	8.1767E-4
10402	-9.61155E-4
10404	-9.57979E-4
10406	-2.31804E-4
10408	9.84372E-4
10410	0.00143
10412	0.00129
10414	-0.00211
10416	-0.00408
10418	-0.00397
10420	-0.00177
10422	-0.00128
10424	-9.94224E-4
10426	-6.62048E-4
10428	-0.00103
10430	-0.00126
10432	3.18478E-4
10434	0.00155
10436	0.00149
10438	1.81005E-4
10440	-2.0982E-4
10442	0.00105
10444	1.13531E-4
10446	-7.39293E-4
10448	-0.00168
10450	-0.00182
10452	-0.00187
10454	-0.00117
10456	-9.45415E-4
10458	-0.00153
10460	-0.001
10462	-0.00137
10464	-0.00245
10466	-0.00393
10468	-0.0023
10470	8.86767E-5
10472	0.00111
10474	2.50644E-5
10476	-4.02742E-4
10478	5.82452E-4
10480	0.00169
10482	6.6884E-4
10484	-8.77966E-4
10486	-4.51772E-4
10488	-0.00132
10490	-0.00248
10492	-0.00225
10494	-0.00159
10496	-3.70803E-4
10498	-4.28609E-4
10500	6.58462E-6
10502	0.00119
10504	6.59723E-5
10506	-3.15499E-4
10508	-6.78861E-4
10510	-0.0021
10512	-0.00297
10514	-0.00237
10516	-0.00229
10518	-0.00207
10520	-0.00219
10522	-0.00117
10524	-0.0014
10526	-0.00122
10528	0.00116
10530	0.00209
10532	0.00127
10534	0.00123
10536	0.0028
10538	0.00151
10540	8.23507E-5
10542	3.36989E-4
10544	-7.63729E-5
10546	-5.35735E-4
10548	-0.00147
10550	-0.00234
10552	-0.00215
10554	-0.00122
10556	-0.00112
10558	-6.93535E-4
10560	-7.01742E-4
10562	-5.10948E-4
10564	-3.56154E-4
10566	-2.44361E-4
10568	9.40433E-4
10570	8.15227E-4
10572	0.00164
10574	0.0019
10576	0.00469
10578	0.00792
10580	0.01026
10582	0.01203
10584	0.01193
10586	0.01018
10588	0.01251
10590	0.01144
10592	0.00889
10594	0.00454
10596	-0.0017
10598	-0.00649
10600	-0.00831
10602	-0.01049
10604	-0.01062
10606	-0.01025
10608	-0.00782
10610	-0.00667
10612	-0.00592
10614	-0.00377
10616	-0.00335
10618	-0.00295
10620	-0.00233
10622	-0.00176
10624	-7.00256E-4
10626	2.5132E-5
10628	-7.6348E-4
10630	-0.00164
10632	-0.00133
10634	-6.54316E-4
10636	-5.75928E-4
10638	8.24597E-5
10640	1.70848E-4
10642	-0.0015
10644	-0.00136
10646	-0.00229
10648	-0.00115
10650	-4.2964E-4
10652	5.14892E-4
10654	-1.40577E-4
10656	-4.39046E-4
10658	3.09485E-4
10660	0.0021
10662	0.00197
10664	8.55079E-4
10666	2.65611E-4
10668	-2.68858E-4
10670	4.32673E-4
10672	4.36205E-4
10674	0.00154
10676	0.00136
10678	8.08798E-4
10680	9.7933E-4
10682	0.00115
10684	0.00101
10686	0.00102
10688	0.00213
10690	0.00226
10692	0.00264
10694	0.00125
10696	0.00129
10698	4.70683E-4
10700	5.30459E-4
10702	0.00131
10704	0.00151
10706	8.34786E-4
10708	0.00105
10710	6.94338E-4
10712	-4.59886E-4
10714	2.98889E-4
10716	1.71665E-4
10718	8.97441E-4
10720	6.03217E-4
10722	-3.31008E-4
10724	-0.00127
10726	-0.00191
10728	-0.00251
10730	-0.00289
10732	-0.00332
10734	-0.00229
10736	-0.00197
10738	-0.00182
10740	-0.00198
10742	-0.00102
10744	2.45526E-4
10746	0.00118
10748	0.00201
10750	0.00228
10752	0.00177
10754	0.00105
10756	-1.8982E-4
10758	-0.00108
10760	-6.03268E-4
10762	-4.03492E-4
10764	-0.00163
10766	-0.00145
10768	-9.15165E-4
10770	-3.09389E-4
10772	-6.26136E-5
10774	-5.88379E-5
10776	-0.00134
10778	-0.00133
10780	-9.54511E-4
10782	-2.80735E-4
10784	5.90409E-5
10786	9.61817E-4
10788	0.00107
10790	0.00187
10792	0.00143
10794	5.9892E-4
10796	1.66955E-5
10798	-4.65529E-4
10800	-0.00106
10802	-0.00254
10804	-0.00275
10806	-0.00166
10808	-0.00201
10810	-0.00202
10812	-9.66098E-4
10814	-8.66323E-4
10816	-3.87547E-4
10818	7.68229E-4
10820	0.00142
10822	0.00207
10824	0.00201
10826	5.85332E-4
10828	-2.86892E-4
10830	-0.00136
10832	-5.44341E-4
10834	-0.00108
10836	-9.23789E-4
10838	-4.27013E-4
10840	-5.33238E-4
10842	-1.7641E-4
10844	5.5648E-4
10846	1.57371E-4
10848	2.84262E-4
10850	0.00114
10852	0.00112
10854	-2.30066E-4
10856	-1.45175E-4
10858	5.52716E-4
10860	8.59606E-4
10862	1.14971E-5
10864	-4.99612E-4
10866	-9.48721E-4
10868	-0.00141
10870	-4.2194E-4
10872	-3.49049E-4
10874	0.00105
10876	0.00224
10878	0.0023
10880	0.00223
10882	0.00195
10884	2.75295E-4
10886	-0.00122
10888	-0.00137
10890	-8.43598E-4
10892	-0.00134
10894	-0.00137
10896	-0.00223
10898	-0.00259
10900	-0.00224
10902	-0.00196
10904	-0.00153
10906	-0.00177
10908	-0.00233
10910	-0.00151
10912	-8.79591E-4
10914	-7.08772E-4
10916	-8.09954E-4
10918	-8.70135E-4
10920	-1.30316E-4
10922	-9.62497E-4
10924	-0.00173
10926	-9.4786E-4
10928	-0.00169
10930	-3.03222E-4
10932	9.60597E-4
10934	-5.65844E-5
10936	9.95234E-4
10938	0.00112
10940	1.33973E-4
10942	-1.88437E-4
10944	1.11538E-5
10946	0.00122
10948	-6.58665E-4
10950	-0.00154
10952	-3.58485E-4
10954	-7.76894E-4
10956	2.77696E-4
10958	-5.44713E-4
10960	-4.10123E-4
10962	3.34675E-5
10964	-9.79421E-5
10966	-3.21352E-4
10968	-0.00103
10970	-0.00175
10972	-0.00162
10974	2.901E-5
10976	8.956E-4
10978	0.00114
10980	0.00302
10982	0.00697
10984	0.00986
10986	0.0107
10988	0.01232
10990	0.01242
10992	0.01259
10994	0.01466
10996	0.01327
10998	0.00897
11000	0.00292
11002	-0.00249
11004	-0.00481
11006	-0.00555
11008	-0.00586
11010	-0.00475
11012	-0.00463
11014	-0.00441
11016	-0.00457
11018	-0.0049
11020	-0.0056
11022	-0.0068
11024	-0.00683
11026	-0.0056
11028	-0.00406
11030	-0.00414
11032	-0.00248
11034	-0.0021
11036	-0.00176
11038	-0.00194
11040	-0.00268
11042	-0.0018
11044	-0.00159
11046	-0.00197
11048	-8.90189E-4
11050	-1.18471E-4
11052	-0.00143
11054	-0.00215
11056	-0.00305
11058	-0.00211
11060	8.8212E-4
11062	4.90838E-4
11064	-8.32444E-4
11066	-0.00198
11068	-6.79008E-4
11070	-6.1029E-4
11072	6.12428E-4
11074	0.00206
11076	0.00209
11078	5.82596E-7
11080	-0.00117
11082	1.16776E-4
11084	8.44683E-5
11086	-5.5584E-4
11088	-0.00104
11090	-1.65456E-4
11092	3.49236E-4
11094	-8.90715E-5
11096	-4.47379E-4
11098	-5.74687E-4
11100	-0.00125
11102	-0.00204
11104	-0.00284
11106	-0.0037
11108	-0.00388
11110	-0.00147
11112	-8.41843E-4
11114	-2.89151E-4
11116	8.21541E-4
11118	1.00233E-4
11120	-9.46075E-4
11122	-4.46383E-4
11124	-0.00143
11126	-0.00108
11128	-4.61307E-4
11130	7.73853E-5
11132	-8.43923E-4
11134	-8.03231E-4
11136	-0.00118
11138	-0.00229
11140	-0.00264
11142	-0.00145
11144	-0.00137
11146	-0.00191
11148	-0.00162
11150	-0.00156
11152	-7.15002E-4
11154	-4.83102E-5
11156	4.86382E-4
11158	8.54074E-4
11160	-5.77234E-4
11162	-0.00113
11164	-2.485E-5
11166	2.69842E-4
11168	7.65341E-5
11170	-6.64774E-4
11172	-1.15082E-4
11174	2.86102E-5
11176	-2.44698E-4
11178	4.79943E-5
11180	8.03686E-4
11182	8.11378E-4
11184	-0.00109
11186	-0.00185
11188	-0.00107
11190	-5.83853E-4
11192	-0.00106
11194	3.72531E-4
11196	5.89223E-4
11198	0.00122
11200	9.73607E-4
11202	0.00147
11204	9.40991E-4
11206	3.61683E-4
11208	-3.37625E-4
11210	1.46067E-4
11212	-9.25241E-4
11214	-9.61549E-4
11216	-4.33857E-4
11218	-4.95165E-4
11220	-0.00125
11222	-5.38781E-4
11224	-3.55089E-4
11226	-1.97397E-4
11228	-0.00134
11230	-0.00202
11232	-0.00189
11234	-0.00265
11236	-0.00246
11238	-0.00128
11240	-6.94552E-4
11242	-6.6286E-4
11244	-0.00151
11246	-0.00198
11248	-0.00153
11250	-0.00122
11252	-3.004E-4
11254	4.01292E-4
11256	-5.66016E-4
11258	-4.04324E-4
11260	-7.11632E-4
11262	-0.00136
11264	-9.21248E-4
11266	4.24442E-5
11268	-0.00146
11270	-0.00154
11272	-0.00108
11274	3.87212E-4
11276	0.00244
11278	0.00206
11280	0.00281
11282	0.00247
11284	0.00117
11286	0.00191
11288	0.00222
11290	0.00177
11292	0.00178
11294	9.10133E-4
11296	9.23825E-4
11298	-4.34831E-5
11300	0.00125
11302	0.00148
11304	0.00145
11306	9.09285E-4
11308	9.78977E-4
11310	3.47669E-4
11312	2.76361E-4
11314	-2.27947E-4
11316	-4.43255E-4
11318	-1.45563E-4
11320	-9.93871E-4
11322	-0.00144
11324	-1.56467E-4
11326	3.54238E-4
11328	4.07942E-4
11330	5.77646E-4
11332	8.3135E-4
11334	0.0022
11336	0.00117
11338	0.00131
11340	0.00164
11342	0.00127
11344	3.60575E-4
11346	0.00133
11348	3.15983E-4
11350	-2.89313E-4
11352	-7.39608E-4
11354	1.30957E-5
11356	-0.0012
11358	-0.00166
11360	-0.00116
11362	-8.58088E-4
11364	-6.29383E-4
11366	1.07321E-4
11368	3.83025E-4
11370	9.13835E-4
11372	0.0021
11374	0.0022
11376	0.00101
11378	4.16286E-4
11380	-7.05851E-4
11382	4.43012E-4
11384	0.00442
11386	0.00896
11388	0.01526
11390	0.01786
11392	0.01826
11394	0.02016
11396	0.0212
11398	0.02384
11400	0.02474
11402	0.02128
11404	0.01521
11406	0.009
11408	0.00489
11410	0.00112
11412	-6.32043E-4
11414	-0.00213
11416	-0.00314
11418	-0.00414
11420	-0.00428
11422	-0.00252
11424	-0.00217
11426	-0.00138
11428	-5.14842E-4
11430	-0.00109
11432	-0.0021
11434	-0.00248
11436	-0.00235
11438	-0.0014
11440	4.25816E-4
11442	6.59258E-4
11444	0.00163
11446	0.0012
11448	0.00156
11450	0.00173
11452	-2.73527E-4
11454	8.59162E-5
11456	0.00153
11458	0.0017
11460	2.18245E-4
11462	-0.00113
11464	-9.37869E-4
11466	-7.43346E-4
11468	-0.00135
11470	-0.00157
11472	-0.00222
11474	7.24935E-4
11476	0.00124
11478	8.13075E-4
11480	-5.14855E-4
11482	6.99215E-4
11484	0.00109
11486	-2.38644E-4
11488	-3.43574E-4
11490	9.73496E-4
11492	5.95666E-5
11494	-7.52363E-4
11496	-0.001
11498	-0.00134
11500	-0.0013
11502	-8.32082E-4
11504	-5.45012E-4
11506	0.00176
11508	0.00105
11510	8.71986E-5
11512	-0.00117
11514	-0.00123
11516	-2.53591E-4
11518	0.00124
11520	8.2755E-4
11522	-5.3738E-4
11524	-6.1531E-4
11526	-1.6424E-4
11528	3.68306E-5
11530	-0.00212
11532	-0.00308
11534	-0.00305
11536	-0.00135
11538	-0.0016
11540	-0.00207
11542	-0.00168
11544	-0.00148
11546	-2.69537E-4
11548	-2.46467E-4
11550	-6.75397E-4
11552	-0.00189
11554	-8.11257E-4
11556	6.16814E-4
11558	-0.00109
11560	1.79541E-5
11562	0.00217
11564	0.00264
11566	0.00197
11568	8.79235E-4
11570	6.10305E-4
11572	-9.54625E-4
11574	-5.83554E-4
11576	-1.59484E-4
11578	-0.00101
11580	-8.37344E-4
11582	-3.41273E-4
11584	7.72797E-4
11586	-2.07133E-4
11588	3.71937E-4
11590	1.50007E-4
11592	4.74078E-4
11594	0.0017
11596	0.00148
11598	0.00203
11600	9.04359E-4
11602	8.91429E-4
11604	7.59499E-4
11606	-1.51431E-4
11608	9.60639E-4
11610	0.00221
11612	0.00206
11614	0.00196
11616	0.00171
11618	8.55991E-4
11620	9.43061E-4
11622	0.00142
11624	7.50201E-4
11626	4.42271E-4
11628	0.001
11630	0.00192
11632	0.00118
11634	3.47552E-4
11636	3.34623E-4
11638	5.38693E-4
11640	-1.20237E-4
11642	-0.00135
11644	-6.42097E-4
11646	2.99974E-4
11648	0.00176
11650	9.55114E-4
11652	-6.00816E-4
11654	-8.33745E-4
11656	-5.21675E-4
11658	-8.51605E-4
11660	-4.12535E-4
11662	3.87535E-4
11664	0.00142
11666	0.00267
11668	0.00357
11670	0.00258
11672	0.00124
11674	5.78957E-4
11676	2.58027E-4
11678	0.00105
11680	0.00219
11682	0.00282
11684	0.00148
11686	8.44378E-4
11688	0.001
11690	9.02519E-4
11692	3.03589E-4
11694	-9.41341E-4
11696	-6.83271E-4
11698	-0.00175
11700	-8.9013E-4
11702	5.93984E-6
11704	-2.8899E-4
11706	-7.00807E-4
11708	-8.31086E-4
11710	-8.07365E-4
11712	-9.54644E-4
11714	0.00223
11716	0.00498
11718	0.00549
11720	0.00424
11722	0.00406
11724	0.00356
11726	0.00309
11728	0.00333
11730	0.00313
11732	0.00326
11734	0.0018
11736	8.75006E-4
11738	3.51727E-4
11740	2.07448E-4
11742	-5.31831E-4
11744	-1.41111E-4
11746	3.9261E-4
11748	5.76331E-4
11750	8.33052E-4
11752	4.79773E-4
11754	6.66325E-4
11756	6.82721E-4
11758	9.71168E-5
11760	-1.34487E-4
11762	-1.86091E-4
11764	0.00154
11766	0.00118
11768	0.0011
11770	0.00215
11772	0.0019
11774	0.00288
11776	0.00243
11778	3.70077E-4
11780	9.14729E-5
11782	0.00175
11784	5.29265E-4
11786	-2.73339E-4
11788	0.00246
11790	0.00989
11792	0.01577
11794	0.01887
11796	0.02195
11798	0.02439
11800	0.02684
11802	0.02852
11804	0.02943
11806	0.02709
11808	0.02049
11810	0.01431
11812	0.00921
11814	0.00571
11816	0.00506
11818	0.00368
11820	0.00196
11822	0.00164
11824	0.00191
11826	0.00233
11828	0.00325
11830	0.00327
11832	0.00217
11834	2.31622E-4
11836	-7.33114E-4
11838	-0.00136
11840	-0.00176
11842	-0.00225
11844	-0.0025
11846	-0.00219
11848	-8.44532E-4
11850	-0.00141
11852	-0.00285
11854	-0.00393
11856	-0.00507
11858	-0.00514
11860	-0.00366
11862	-0.00269
11864	-0.00235
11866	-0.00284
11868	-0.00461
11870	-0.00413
11872	-0.00321
11874	-0.00243
11876	-9.19703E-4
11878	0.00113
11880	0.00231
11882	0.00141
11884	-2.89196E-5
11886	1.17762E-5
11888	-0.00125
11890	-0.00204
11892	-0.00141
11894	-0.00249
11896	-0.00185
11898	-0.00231
11900	-5.20353E-4
11902	-0.00104
11904	-6.88961E-4
11906	4.59735E-4
11908	6.43431E-4
11910	-4.18873E-4
11912	-7.71773E-5
11914	-4.75481E-4
11916	-0.00105
11918	-0.00119
11920	-0.0014
11922	-0.0021
11924	-0.00302
11926	-0.00361
11928	-0.00431
11930	-0.00265
11932	-0.00152
11934	-0.00202
11936	-0.00189
11938	-0.00286
11940	-0.00155
11942	-0.0021
11944	-0.00309
11946	-0.00352
11948	-0.0024
11950	-0.0017
11952	-0.00143
11954	-0.00155
11956	-8.86796E-6
11958	0.00164
11960	0.00207
11962	0.00105
11964	0.00131
11966	1.26114E-5
11968	-2.80693E-4
11970	6.54003E-4
11972	9.76699E-4
11974	-4.32605E-4
11976	-6.95909E-4
11978	-0.00135
11980	-8.68517E-4
11982	-0.00104
11984	-0.00136
11986	-0.00156
11988	-2.56734E-4
11990	5.65962E-4
11992	0.00122
11994	5.83538E-5
11996	-0.00197
11998	-0.00273
12000	-0.00195
12002	-0.00265
12004	-0.00311
12006	-0.00265
12008	-0.00223
12010	-0.0013
12012	-0.00106
12014	-0.00148
12016	-0.00182
12018	-4.65296E-4
12020	7.854E-4
12022	-6.03904E-4
12024	-0.00135
12026	-0.00116
12028	-7.77816E-4
12030	-6.0812E-4
12032	-0.00251
12034	-0.0018
12036	-9.96033E-4
12038	-0.00148
12040	-0.00154
12042	-1.93945E-4
12044	-2.58249E-4
12046	-0.00177
12048	-0.00127
12050	-2.76162E-4
12052	-5.57466E-4
12054	-8.6577E-4
12056	-2.87074E-4
12058	-4.83378E-4
12060	0.00157
12062	0.00178
12064	0.00121
12066	-1.96595E-4
12068	5.80101E-4
12070	2.02797E-4
12072	4.73493E-4
12074	4.77189E-4
12076	-3.78115E-4
12078	-0.00172
12080	-0.00248
12082	-0.00208
12084	-7.59332E-4
12086	-4.11636E-4
12088	2.2306E-4
12090	1.53675E-4
12092	-8.72714E-4
12094	-2.90103E-4
12096	-4.13492E-4
12098	-0.00123
12100	-0.00206
12102	-0.00273
12104	-9.64048E-4
12106	-2.77437E-4
12108	5.47175E-4
12110	7.60786E-4
12112	6.52397E-4
12114	1.11008E-4
12116	8.32619E-4
12118	0.00223
12120	0.00227
12122	0.00123
12124	0.00159
12126	9.96675E-4
12128	0.00154
12130	5.32897E-4
12132	9.85508E-4
12134	0.00195
12136	0.00109
12138	-0.00149
12140	-0.00281
12142	-0.00244
12144	-0.00231
12146	-0.00168
12148	-7.40479E-4
12150	-9.37549E-4
12152	1.74381E-4
12154	3.02311E-4
12156	5.32411E-5
12158	-4.98829E-4
12160	-7.18899E-4
12162	4.15031E-4
12164	0.00101
12166	6.70891E-4
12168	9.99822E-4
12170	-4.51248E-4
12172	-0.00142
12174	-7.01388E-4
12176	2.82542E-4
12178	7.70472E-4
12180	9.70402E-4
12182	8.75332E-4
12184	5.69262E-4
