time	cp
2	0.00336
4	0.00332
6	0.00321
8	0.00368
10	0.00342
12	0.0034
14	0.00324
16	0.00326
18	0.0022
20	0.00199
22	0.00287
24	0.0031
26	0.00247
28	0.00236
30	0.00312
32	0.00391
34	0.00433
36	0.00448
38	0.00313
40	0.00286
42	0.003
44	0.00251
46	0.0024
48	0.00199
50	0.00265
52	0.00244
54	0.00139
56	7.33513E-4
58	7.45492E-4
60	1.80472E-4
62	2.44512E-5
64	3.49431E-4
66	0.00511
68	0.07831
70	0.33291
72	0.7228
74	1.1468
76	1.45624
78	1.53124
80	1.47884
82	1.37988
84	1.26101
86	1.13525
88	1.01139
90	0.89575
92	0.788
94	0.69045
96	0.60334
98	0.52669
100	0.45986
102	0.40068
104	0.35001
106	0.30706
108	0.26936
110	0.23627
112	0.20766
114	0.18452
116	0.16408
118	0.14646
120	0.13214
122	0.11992
124	0.10915
126	0.09922
128	0.09002
130	0.08141
132	0.07502
134	0.06943
136	0.06455
138	0.05939
140	0.05468
142	0.05013
144	0.04606
146	0.04339
148	0.04064
150	0.03774
152	0.03549
154	0.03271
156	0.03064
158	0.02888
160	0.02618
162	0.02428
164	0.0224
166	0.0213
168	0.02082
170	0.01981
172	0.0183
174	0.01708
176	0.01517
178	0.01378
180	0.01318
182	0.0126
184	0.01184
186	0.01118
188	0.01003
190	0.00929
192	0.00789
194	0.00716
196	0.00639
198	0.00659
200	0.00586
202	0.00472
204	0.00462
206	0.00424
208	0.0038
210	0.00317
212	0.00276
214	0.00212
216	0.0014
218	4.23123E-4
220	5.57192E-4
222	5.74261E-4
224	5.8533E-4
226	8.27399E-4
228	2.63467E-4
230	-1.54637E-5
232	4.43605E-4
234	6.55085E-4
236	0.00254
238	0.07272
240	0.35453
242	0.78832
244	1.25438
246	1.71266
248	2.14491
250	2.54378
252	2.90466
254	3.2308
256	3.52276
258	3.78212
260	4.00608
262	4.11663
264	3.97956
266	3.69222
268	3.36062
270	3.02056
272	2.69011
274	2.37917
276	2.09424
278	1.83656
280	1.60568
282	1.40203
284	1.22398
286	1.07
288	0.93611
290	0.81887
292	0.71815
294	0.63223
296	0.55771
298	0.49363
300	0.43807
302	0.3912
304	0.35025
306	0.31371
308	0.28295
310	0.2563
312	0.23315
314	0.2114
316	0.19195
318	0.17416
320	0.15884
322	0.14573
324	0.13237
326	0.12063
328	0.10927
330	0.0998
332	0.09133
334	0.0835
336	0.07554
338	0.06824
340	0.06258
342	0.05771
344	0.05226
346	0.04679
348	0.04209
350	0.03637
352	0.03176
354	0.02944
356	0.02631
358	0.02279
360	0.02026
362	0.0181
364	0.0155
366	0.01283
368	0.00886
370	0.00699
372	0.0058
374	0.00449
376	0.00348
378	0.003
380	0.00243
382	0.00169
384	8.51861E-4
386	-1.61849E-5
388	-0.00107
390	-0.00182
392	-0.002
394	-0.00142
396	-8.22129E-4
398	0.0758
400	0.37495
402	0.82365
404	1.30318
406	1.77195
408	2.21336
410	2.61678
412	2.98131
414	3.30694
416	3.59558
418	3.84961
420	4.06998
422	4.16989
424	4.02376
426	3.7318
428	3.39695
430	3.05494
432	2.7215
434	2.40944
436	2.12179
438	1.86095
440	1.62963
442	1.42422
444	1.24521
446	1.08799
448	0.9515
450	0.83407
452	0.73277
454	0.64579
456	0.56964
458	0.50415
460	0.44714
462	0.39856
464	0.35645
466	0.31901
468	0.28712
470	0.25856
472	0.23331
474	0.21167
476	0.19281
478	0.17612
480	0.16008
482	0.14528
484	0.13177
486	0.11959
488	0.10926
490	0.09918
492	0.09076
494	0.08262
496	0.07472
498	0.06761
500	0.06047
502	0.05509
504	0.05101
506	0.04542
508	0.03985
510	0.03627
512	0.03261
514	0.02927
516	0.02553
518	0.02162
520	0.0184
522	0.01494
524	0.01204
526	0.0099
528	0.00849
530	0.0064
532	0.00413
534	0.00186
536	2.16441E-4
538	-1.51225E-4
540	4.06162E-4
542	-3.67279E-5
544	-0.00211
546	-0.0031
548	-0.00326
550	-0.0031
552	-0.00359
554	-0.00367
556	-0.00208
558	0.07013
560	0.36426
562	0.81028
564	1.291
566	1.75908
568	2.19807
570	2.59938
572	2.96204
574	3.28357
576	3.5691
578	3.81892
580	4.03517
582	4.1396
584	4.00487
586	3.721
588	3.39351
590	3.05512
592	2.72556
594	2.41563
596	2.13054
598	1.87262
600	1.64084
602	1.43635
604	1.25588
606	1.0982
608	0.96146
610	0.84268
612	0.74066
614	0.65341
616	0.5768
618	0.51075
620	0.45404
622	0.4046
624	0.36323
626	0.32676
628	0.29363
630	0.26465
632	0.23933
634	0.21748
636	0.1975
638	0.18053
640	0.16501
642	0.14954
644	0.13548
646	0.1235
648	0.11341
650	0.10385
652	0.09435
654	0.08654
656	0.07977
658	0.07358
660	0.06667
662	0.06067
664	0.05422
666	0.04993
668	0.04601
670	0.04125
672	0.03709
674	0.03227
676	0.02863
678	0.02463
680	0.02073
682	0.01804
684	0.0158
686	0.01314
688	0.01005
690	0.00738
692	0.00568
694	0.0043
696	0.00301
698	0.00273
700	0.00169
702	-2.83702E-4
704	-6.35803E-4
706	-0.00124
708	-0.00163
710	-0.00214
712	-0.00353
714	-0.00417
716	-0.00251
718	0.06008
720	0.33306
722	0.76526
724	1.23525
726	1.69731
728	2.13063
730	2.5292
732	2.88704
734	3.2081
736	3.49082
738	3.74121
740	3.95627
742	4.07935
744	3.97013
746	3.69991
748	3.38011
750	3.04869
752	2.72409
754	2.41664
756	2.13146
758	1.87373
760	1.64453
762	1.44015
764	1.26045
766	1.10347
768	0.96691
770	0.8487
772	0.74684
774	0.65867
776	0.58323
778	0.51712
780	0.45916
782	0.40973
784	0.36753
786	0.33012
788	0.29696
790	0.26726
792	0.24111
794	0.21908
796	0.19864
798	0.18083
800	0.16451
802	0.14961
804	0.13609
806	0.12422
808	0.11276
810	0.10281
812	0.09473
814	0.08715
816	0.07959
818	0.07273
820	0.06521
822	0.05885
824	0.05392
826	0.04788
828	0.04288
830	0.03857
832	0.03501
834	0.03088
836	0.02686
838	0.02376
840	0.02121
842	0.0182
844	0.01637
846	0.01451
848	0.01272
850	0.0103
852	0.00801
854	0.00696
856	0.00588
858	0.0047
860	0.00307
862	0.00159
864	0.00108
866	-2.94373E-4
868	-8.59399E-4
870	-0.00185
872	-0.00293
874	-0.00389
876	-0.00306
878	0.04584
880	0.29119
882	0.70762
884	1.16882
886	1.62619
888	2.05756
890	2.45354
892	2.8084
894	3.12585
896	3.40716
898	3.65526
900	3.86833
902	3.99338
904	3.89226
906	3.63048
908	3.31782
910	2.9931
912	2.67326
914	2.37127
916	2.09268
918	1.83962
920	1.61245
922	1.41045
924	1.23339
926	1.07842
928	0.94496
930	0.82908
932	0.72855
934	0.64243
936	0.56748
938	0.50331
940	0.44726
942	0.39988
944	0.3593
946	0.32352
948	0.29048
950	0.26123
952	0.23543
954	0.21333
956	0.19484
958	0.17788
960	0.1622
962	0.14784
964	0.13439
966	0.12359
968	0.11277
970	0.1028
972	0.09441
974	0.08746
976	0.08
978	0.07429
980	0.06822
982	0.06128
984	0.05456
986	0.04874
988	0.04443
990	0.03939
992	0.03531
994	0.03162
996	0.02742
998	0.02349
1000	0.02066
1002	0.01809
1004	0.01523
1006	0.0135
1008	0.01157
1010	0.00998
1012	0.00817
1014	0.00687
1016	0.0064
1018	0.0049
1020	0.00317
1022	0.00283
1024	0.00189
1026	7.0668E-4
1028	3.31267E-5
1030	-9.69426E-4
1032	-0.0019
1034	-0.00203
1036	-0.0014
1038	0.04881
1040	0.29979
1042	0.71213
1044	1.16534
1046	1.61054
1048	2.02971
1050	2.4154
1052	2.7616
1054	3.07144
1056	3.34563
1058	3.58598
1060	3.79409
1062	3.90981
1064	3.8035
1066	3.54426
1068	3.23667
1070	2.91917
1072	2.6069
1074	2.31175
1076	2.04127
1078	1.79396
1080	1.57145
1082	1.37535
1084	1.20432
1086	1.05392
1088	0.92343
1090	0.81093
1092	0.71324
1094	0.62875
1096	0.55526
1098	0.4929
1100	0.43846
1102	0.39126
1104	0.35097
1106	0.31563
1108	0.28423
1110	0.25609
1112	0.23032
1114	0.20673
1116	0.18822
1118	0.17127
1120	0.15581
1122	0.1405
1124	0.12728
1126	0.11523
1128	0.10403
1130	0.09504
1132	0.08701
1134	0.07952
1136	0.0724
1138	0.06566
1140	0.05887
1142	0.05146
1144	0.04592
1146	0.04095
1148	0.03607
1150	0.03224
1152	0.02836
1154	0.02427
1156	0.02055
1158	0.01781
1160	0.015
1162	0.01359
1164	0.01232
1166	0.01048
1168	0.0085
1170	0.00721
1172	0.00601
1174	0.00548
1176	0.00408
1178	0.0025
1180	0.00185
1182	0.00275
1184	0.00184
1186	9.50086E-4
1188	1.57333E-5
1190	-0.00102
1192	-0.00167
1194	-0.00336
1196	-0.00388
1198	0.04368
1200	0.28781
1202	0.68917
1204	1.13118
1206	1.56547
1208	1.97648
1210	2.35281
1212	2.69212
1214	2.99372
1216	3.26172
1218	3.49606
1220	3.70049
1222	3.82023
1224	3.72432
1226	3.47324
1228	3.17447
1230	2.86487
1232	2.56017
1234	2.27185
1236	2.00478
1238	1.76331
1240	1.54616
1242	1.35523
1244	1.18682
1246	1.03898
1248	0.91051
1250	0.79981
1252	0.70335
1254	0.62
1256	0.54837
1258	0.48662
1260	0.43311
1262	0.38578
1264	0.34487
1266	0.31004
1268	0.27882
1270	0.2514
1272	0.22832
1274	0.20664
1276	0.18687
1278	0.17096
1280	0.15676
1282	0.14256
1284	0.13053
1286	0.12029
1288	0.1104
1290	0.10043
1292	0.09127
1294	0.08154
1296	0.0745
1298	0.0687
1300	0.06291
1302	0.05601
1304	0.04999
1306	0.04548
1308	0.04199
1310	0.03743
1312	0.03257
1314	0.02878
1316	0.02521
1318	0.02167
1320	0.01839
1322	0.01529
1324	0.01367
1326	0.01159
1328	0.01036
1330	0.00813
1332	0.00669
1334	0.00548
1336	0.00452
1338	0.00419
1340	0.00317
1342	0.00194
1344	-6.38648E-4
1346	-0.00201
1348	-0.00301
1350	-0.00344
1352	-0.00493
1354	-0.0047
1356	-0.00403
1358	0.0441
1360	0.27962
1362	0.66907
1364	1.10057
1366	1.5248
1368	1.92581
1370	2.29364
1372	2.62448
1374	2.9192
1376	3.18043
1378	3.41054
1380	3.61012
1382	3.73223
1384	3.64902
1386	3.41076
1388	3.12134
1390	2.81825
1392	2.51982
1394	2.23743
1396	1.97674
1398	1.74016
1400	1.52706
1402	1.33732
1404	1.17126
1406	1.02588
1408	0.89866
1410	0.78873
1412	0.6937
1414	0.61327
1416	0.54323
1418	0.48252
1420	0.42986
1422	0.38366
1424	0.34336
1426	0.30866
1428	0.27657
1430	0.24878
1432	0.22539
1434	0.20462
1436	0.18612
1438	0.1706
1440	0.15638
1442	0.14266
1444	0.1304
1446	0.11975
1448	0.10981
1450	0.10035
1452	0.092
1454	0.08432
1456	0.07671
1458	0.07063
1460	0.06501
1462	0.05883
1464	0.05323
1466	0.04942
1468	0.04471
1470	0.03909
1472	0.03451
1474	0.03048
1476	0.0262
1478	0.0247
1480	0.02224
1482	0.01849
1484	0.01459
1486	0.01165
1488	0.0112
1490	0.01024
1492	0.008
1494	0.00595
1496	0.00434
1498	0.00154
1500	8.05652E-5
1502	-5.26632E-4
1504	-5.8683E-4
1506	-0.00144
1508	-0.00304
1510	-0.00379
1512	-0.00421
1514	-0.00512
1516	-0.0049
1518	0.03402
1520	0.24676
1522	0.62006
1524	1.04061
1526	1.45616
1528	1.84935
1530	2.21188
1532	2.53767
1534	2.82954
1536	3.08818
1538	3.31671
1540	3.51314
1542	3.63342
1544	3.55331
1546	3.31977
1548	3.03775
1550	2.74253
1552	2.45218
1554	2.17648
1556	1.92167
1558	1.69112
1560	1.48496
1562	1.3019
1564	1.14255
1566	1.00111
1568	0.87772
1570	0.7706
1572	0.67723
1574	0.59688
1576	0.52736
1578	0.46809
1580	0.41662
1582	0.37125
1584	0.33261
1586	0.2988
1588	0.26881
1590	0.24197
1592	0.21951
1594	0.20039
1596	0.18189
1598	0.16519
1600	0.14988
1602	0.1366
1604	0.12473
1606	0.11493
1608	0.10569
1610	0.09681
1612	0.08768
1614	0.08009
1616	0.07324
1618	0.06739
1620	0.06158
1622	0.05599
1624	0.05048
1626	0.04569
1628	0.04179
1630	0.03783
1632	0.03288
1634	0.02836
1636	0.02395
1638	0.0196
1640	0.01689
1642	0.01604
1644	0.01397
1646	0.01083
1648	0.00842
1650	0.00547
1652	0.00355
1654	0.00161
1656	0.00126
1658	3.5083E-4
1660	-9.09282E-4
1662	-0.00164
1664	-0.00341
1666	-0.00501
1668	-0.00553
1670	-0.00644
1672	-0.00514
1674	-0.00547
1676	-0.00554
1678	0.03216
1680	0.24001
1682	0.60591
1684	1.0184
1686	1.42416
1688	1.80754
1690	2.15997
1692	2.4771
1694	2.76119
1696	3.01294
1698	3.23495
1700	3.42713
1702	3.54817
1704	3.47528
1706	3.24961
1708	2.97442
1710	2.68754
1712	2.40473
1714	2.13543
1716	1.88747
1718	1.66288
1720	1.45947
1722	1.27856
1724	1.12044
1726	0.98218
1728	0.86111
1730	0.75523
1732	0.66543
1734	0.58793
1736	0.51957
1738	0.46196
1740	0.41214
1742	0.36862
1744	0.33024
1746	0.29676
1748	0.26728
1750	0.24195
1752	0.21917
1754	0.19926
1756	0.18163
1758	0.16613
1760	0.15107
1762	0.13944
1764	0.12698
1766	0.11595
1768	0.10603
1770	0.09714
1772	0.08916
1774	0.08199
1776	0.07463
1778	0.06812
1780	0.0627
1782	0.05622
1784	0.05079
1786	0.04566
1788	0.04121
1790	0.03716
1792	0.03382
1794	0.03027
1796	0.02725
1798	0.02443
1800	0.02275
1802	0.02031
1804	0.01845
1806	0.01674
1808	0.01447
1810	0.01282
1812	0.01045
1814	0.00795
1816	0.00504
1818	0.00436
1820	0.00279
1822	0.00109
1824	6.58602E-5
1826	-1.52641E-4
1828	7.16005E-5
1830	-8.43158E-4
1832	-0.00176
1834	-0.00303
1836	-0.00453
1838	0.02845
1840	0.22599
1842	0.57722
1844	0.97692
1846	1.37271
1848	1.74821
1850	2.09236
1852	2.40317
1854	2.67982
1856	2.9264
1858	3.14076
1860	3.3267
1862	3.45019
1864	3.38757
1866	3.17026
1868	2.90239
1870	2.62227
1872	2.34603
1874	2.08364
1876	1.84043
1878	1.62069
1880	1.42343
1882	1.24722
1884	1.09218
1886	0.95752
1888	0.83985
1890	0.73775
1892	0.64953
1894	0.57283
1896	0.50704
1898	0.44945
1900	0.39879
1902	0.35623
1904	0.31942
1906	0.2873
1908	0.25921
1910	0.23484
1912	0.21206
1914	0.19285
1916	0.17603
1918	0.16053
1920	0.14528
1922	0.13297
1924	0.12227
1926	0.11213
1928	0.10249
1930	0.09345
1932	0.08441
1934	0.07727
1936	0.07198
1938	0.06676
1940	0.06216
1942	0.05704
1944	0.05295
1946	0.04852
1948	0.0445
1950	0.03959
1952	0.03577
1954	0.03184
1956	0.02884
1958	0.02601
1960	0.02181
1962	0.01828
1964	0.01518
1966	0.01355
1968	0.0122
1970	0.01056
1972	0.00859
1974	0.00679
1976	0.00503
1978	0.00301
1980	0.00257
1982	0.0016
1984	7.20755E-4
1986	-2.67179E-4
1988	-8.30114E-4
1990	-3.16048E-4
1992	-0.00132
1994	-0.00222
1996	-0.00192
1998	0.0276
2000	0.21146
2002	0.55073
2004	0.93813
2006	1.32195
2008	1.68745
2010	2.02481
2012	2.3295
2014	2.60106
2016	2.84263
2018	3.05415
2020	3.23733
2022	3.36202
2024	3.31207
2026	3.10724
2028	2.8487
2030	2.57696
2032	2.30784
2034	2.05091
2036	1.81222
2038	1.59589
2040	1.40001
2042	1.2268
2044	1.0748
2046	0.94165
2048	0.82604
2050	0.72568
2052	0.63937
2054	0.56381
2056	0.49751
2058	0.44028
2060	0.39332
2062	0.3523
2064	0.31567
2066	0.28308
2068	0.25572
2070	0.23227
2072	0.20942
2074	0.1907
2076	0.17356
2078	0.15803
2080	0.14327
2082	0.13041
2084	0.11925
2086	0.10859
2088	0.1003
2090	0.09201
2092	0.08334
2094	0.07491
2096	0.06758
2098	0.06196
2100	0.05741
2102	0.05228
2104	0.04709
2106	0.04303
2108	0.03873
2110	0.03388
2112	0.03089
2114	0.02779
2116	0.02466
2118	0.02187
2120	0.01877
2122	0.01614
2124	0.01433
2126	0.0117
2128	0.01007
2130	0.00911
2132	0.00807
2134	0.00632
2136	0.00422
2138	0.00322
2140	0.00212
2142	0.00111
2144	1.82649E-4
2146	4.82561E-4
2148	8.66473E-4
2150	-1.38615E-4
2152	-0.00198
2154	-0.004
2156	-0.00533
2158	0.01469
2160	0.17487
2162	0.49643
2164	0.87242
2166	1.24972
2168	1.60711
2170	1.93715
2172	2.23551
2174	2.50176
2176	2.73676
2178	2.94445
2180	3.12535
2182	3.25556
2184	3.21959
2186	3.02661
2188	2.77724
2190	2.51253
2192	2.25132
2194	2.00126
2196	1.76889
2198	1.55754
2200	1.36784
2202	1.19994
2204	1.05099
2206	0.9212
2208	0.80743
2210	0.70763
2212	0.62323
2214	0.55012
2216	0.48611
2218	0.43019
2220	0.38225
2222	0.34031
2224	0.30419
2226	0.27433
2228	0.24717
2230	0.22207
2232	0.20012
2234	0.1808
2236	0.16463
2238	0.14989
2240	0.13578
2242	0.12385
2244	0.11312
2246	0.10224
2248	0.09337
2250	0.08592
2252	0.07836
2254	0.07103
2256	0.06469
2258	0.05941
2260	0.05498
2262	0.04866
2264	0.04163
2266	0.03666
2268	0.03229
2270	0.03006
2272	0.02719
2274	0.02387
2276	0.01992
2278	0.01649
2280	0.01425
2282	0.01274
2284	0.01005
2286	0.00749
2288	0.00577
2290	0.00485
2292	0.00388
2294	0.00275
2296	0.00183
2298	9.17706E-4
2300	4.57986E-4
2302	5.62654E-5
2304	-0.00118
2306	-0.00224
2308	-0.00267
2310	-0.00333
2312	-0.00357
2314	-0.00449
2316	-0.00418
2318	0.01615
2320	0.17021
2322	0.48066
2324	0.84571
2326	1.21311
2328	1.5598
2330	1.88135
2332	2.17218
2334	2.43247
2336	2.66345
2338	2.86619
2340	3.04229
2342	3.16918
2344	3.13453
2346	2.9459
2348	2.70193
2350	2.44452
2352	2.18936
2354	1.94702
2356	1.72214
2358	1.51723
2360	1.33299
2362	1.16909
2364	1.02407
2366	0.89751
2368	0.78636
2370	0.6903
2372	0.60794
2374	0.53695
2376	0.47554
2378	0.42137
2380	0.37561
2382	0.33628
2384	0.30151
2386	0.27128
2388	0.24371
2390	0.22012
2392	0.19913
2394	0.18026
2396	0.16366
2398	0.14949
2400	0.13589
2402	0.12318
2404	0.11273
2406	0.10404
2408	0.09587
2410	0.08789
2412	0.07902
2414	0.07221
2416	0.06611
2418	0.06034
2420	0.05401
2422	0.04832
2424	0.04406
2426	0.03919
2428	0.03527
2430	0.03176
2432	0.02743
2434	0.02486
2436	0.02281
2438	0.01971
2440	0.01731
2442	0.01407
2444	0.01191
2446	0.00968
2448	0.00727
2450	0.00528
2452	0.00411
2454	0.00317
2456	0.00299
2458	0.00246
2460	0.00124
2462	-1.91146E-4
2464	-0.00107
2466	-0.00235
2468	-0.00264
2470	-0.00307
2472	-0.00459
2474	-0.00524
2476	-0.00586
2478	0.01254
2480	0.16149
2482	0.46193
2484	0.81784
2486	1.17436
2488	1.51378
2490	1.82791
2492	2.11196
2494	2.36665
2496	2.59263
2498	2.79036
2500	2.96253
2502	3.08711
2504	3.06077
2506	2.88164
2508	2.64666
2510	2.39658
2512	2.14745
2514	1.91118
2516	1.69162
2518	1.49012
2520	1.30918
2522	1.1474
2524	1.0055
2526	0.88159
2528	0.77225
2530	0.67821
2532	0.59715
2534	0.52676
2536	0.46678
2538	0.4148
2540	0.36942
2542	0.32999
2544	0.29601
2546	0.26551
2548	0.23975
2550	0.21702
2552	0.19721
2554	0.17752
2556	0.15915
2558	0.14518
2560	0.13279
2562	0.12278
2564	0.11327
2566	0.10338
2568	0.09408
2570	0.08561
2572	0.07799
2574	0.07278
2576	0.06714
2578	0.06135
2580	0.05683
2582	0.05253
2584	0.04745
2586	0.04422
2588	0.03992
2590	0.03494
2592	0.03048
2594	0.02752
2596	0.02565
2598	0.02286
2600	0.0193
2602	0.01686
2604	0.01424
2606	0.01234
2608	0.01059
2610	0.00921
2612	0.00694
2614	0.00558
2616	0.00413
2618	0.00245
2620	7.47347E-4
2622	9.92829E-5
2624	-2.32781E-4
2626	-0.00143
2628	-0.00267
2630	-0.00288
2632	-0.002
2634	-0.00207
2636	-0.00363
2638	0.01599
2640	0.16043
2642	0.45271
2644	0.79782
2646	1.14344
2648	1.47423
2650	1.77873
2652	2.0572
2654	2.3055
2656	2.52702
2658	2.71938
2660	2.88901
2662	3.01373
2664	2.99626
2666	2.82636
2668	2.59611
2670	2.3511
2672	2.10844
2674	1.87589
2676	1.66006
2678	1.46316
2680	1.28426
2682	1.12595
2684	0.98706
2686	0.86547
2688	0.75914
2690	0.66586
2692	0.58548
2694	0.5157
2696	0.45628
2698	0.40459
2700	0.35989
2702	0.32173
2704	0.28869
2706	0.25825
2708	0.23236
2710	0.21041
2712	0.18984
2714	0.17155
2716	0.15645
2718	0.14289
2720	0.12968
2722	0.11906
2724	0.10957
2726	0.10016
2728	0.093
2730	0.0856
2732	0.0775
2734	0.07076
2736	0.06427
2738	0.05898
2740	0.05361
2742	0.04779
2744	0.04296
2746	0.03812
2748	0.03435
2750	0.03032
2752	0.02715
2754	0.02345
2756	0.01986
2758	0.01698
2760	0.01573
2762	0.01428
2764	0.01251
2766	0.01056
2768	0.00869
2770	0.00568
2772	0.00434
2774	0.00324
2776	0.00114
2778	8.62301E-4
2780	2.5378E-4
2782	-2.07411E-5
2784	-0.00113
2786	-0.0017
2788	-0.00247
2790	-0.00221
2792	-0.00268
2794	-0.00349
2796	-0.00337
2798	0.01213
2800	0.13837
2802	0.41568
2804	0.75145
2806	1.08959
2808	1.4136
2810	1.71577
2812	1.98822
2814	2.23312
2816	2.44891
2818	2.64042
2820	2.80704
2822	2.93497
2824	2.91925
2826	2.7531
2828	2.53081
2830	2.29312
2832	2.05527
2834	1.82898
2836	1.61896
2838	1.42666
2840	1.25285
2842	1.09922
2844	0.96328
2846	0.84424
2848	0.74023
2850	0.64972
2852	0.57143
2854	0.50408
2856	0.44532
2858	0.39419
2860	0.35102
2862	0.31361
2864	0.28106
2866	0.25211
2868	0.22666
2870	0.20422
2872	0.18397
2874	0.16635
2876	0.1527
2878	0.14079
2880	0.1286
2882	0.11731
2884	0.10663
2886	0.0985
2888	0.09041
2890	0.08146
2892	0.07484
2894	0.06837
2896	0.06271
2898	0.0581
2900	0.05307
2902	0.04794
2904	0.04372
2906	0.03998
2908	0.03524
2910	0.03059
2912	0.02644
2914	0.02435
2916	0.02264
2918	0.01969
2920	0.01707
2922	0.01466
2924	0.01275
2926	0.01139
2928	0.0099
2930	0.00846
2932	0.00759
2934	0.00695
2936	0.00507
2938	0.00349
2940	0.00224
2942	0.00148
2944	-1.80669E-4
2946	-0.00115
2948	-0.00101
2950	-4.24017E-4
2952	-0.00204
2954	-0.00317
2956	-0.00331
2958	0.0107
2960	0.13496
2962	0.40998
2964	0.73886
2966	1.07265
2968	1.38795
2970	1.68226
2972	1.9483
2974	2.188
2976	2.39859
2978	2.58646
2980	2.75111
2982	2.87478
2984	2.85879
2986	2.69748
2988	2.48017
2990	2.24683
2992	2.01483
2994	1.79244
2996	1.58559
2998	1.39634
3000	1.22789
3002	1.07722
3004	0.9441
3006	0.82816
3008	0.72534
3010	0.63708
3012	0.56021
3014	0.49358
3016	0.43701
3018	0.38845
3020	0.34565
3022	0.30926
3024	0.27794
3026	0.24995
3028	0.22559
3030	0.204
3032	0.18501
3034	0.16857
3036	0.15374
3038	0.14055
3040	0.12924
3042	0.1183
3044	0.10839
3046	0.0987
3048	0.09037
3050	0.08233
3052	0.07544
3054	0.06851
3056	0.06122
3058	0.05589
3060	0.05091
3062	0.04612
3064	0.04095
3066	0.03763
3068	0.03501
3070	0.03176
3072	0.0288
3074	0.02579
3076	0.02297
3078	0.0205
3080	0.01842
3082	0.01721
3084	0.01534
3086	0.01246
3088	0.01126
3090	0.00941
3092	0.00728
3094	0.00619
3096	0.0047
3098	0.00365
3100	0.0032
3102	0.00173
3104	6.09424E-4
3106	2.17625E-5
3108	1.57101E-4
3110	-3.93356E-4
3112	-0.00102
3114	-0.00175
3116	-0.0036
3118	0.00683
3120	0.12016
3122	0.37961
3124	0.70048
3126	1.02517
3128	1.33592
3130	1.62458
3132	1.889
3134	2.12429
3136	2.33462
3138	2.51856
3140	2.6812
3142	2.80529
3144	2.80623
3146	2.65866
3148	2.44837
3150	2.22105
3152	1.99315
3154	1.77464
3156	1.57101
3158	1.38624
3160	1.21901
3162	1.06931
3164	0.93674
3166	0.82102
3168	0.72065
3170	0.63247
3172	0.55651
3174	0.4894
3176	0.43144
3178	0.38232
3180	0.3396
3182	0.3022
3184	0.26991
3186	0.24155
3188	0.21769
3190	0.19695
3192	0.17844
3194	0.16246
3196	0.14771
3198	0.13412
3200	0.12247
3202	0.11091
3204	0.10215
3206	0.09336
3208	0.08567
3210	0.07864
3212	0.07057
3214	0.06436
3216	0.05941
3218	0.0549
3220	0.05041
3222	0.04656
3224	0.04185
3226	0.0386
3228	0.03435
3230	0.03053
3232	0.02725
3234	0.0255
3236	0.02279
3238	0.01966
3240	0.01664
3242	0.01393
3244	0.0115
3246	0.00932
3248	0.00689
3250	0.00543
3252	0.00435
3254	0.00344
3256	0.00219
3258	0.00154
3260	9.09661E-4
3262	-1.22867E-4
3264	-8.132E-4
3266	-0.00168
3268	-0.00228
3270	-0.00282
3272	-0.0033
3274	-0.00339
3276	-0.00335
3278	0.00769
3280	0.11852
3282	0.37122
3284	0.68548
3286	1.00249
3288	1.3086
3290	1.59023
3292	1.84878
3294	2.08106
3296	2.28894
3298	2.47026
3300	2.62868
3302	2.75218
3304	2.75312
3306	2.60535
3308	2.39904
3310	2.17722
3312	1.95423
3314	1.73995
3316	1.53991
3318	1.35667
3320	1.19283
3322	1.04542
3324	0.91558
3326	0.80264
3328	0.70442
3330	0.61894
3332	0.54489
3334	0.48087
3336	0.42453
3338	0.37629
3340	0.33477
3342	0.29945
3344	0.26849
3346	0.24109
3348	0.21605
3350	0.19544
3352	0.17668
3354	0.15955
3356	0.14582
3358	0.13315
3360	0.12124
3362	0.10992
3364	0.10071
3366	0.09229
3368	0.08447
3370	0.07766
3372	0.07197
3374	0.06629
3376	0.06012
3378	0.05523
3380	0.04995
3382	0.04589
3384	0.04175
3386	0.03666
3388	0.0325
3390	0.02951
3392	0.02624
3394	0.02312
3396	0.01975
3398	0.01766
3400	0.01471
3402	0.01253
3404	0.01146
3406	0.00996
3408	0.00785
3410	0.00601
3412	0.00647
3414	0.00643
3416	0.00561
3418	0.00426
3420	0.00254
3422	6.95491E-4
3424	-2.84042E-4
3426	-0.00101
3428	-0.00191
3430	-0.00117
3432	-0.00251
3434	-0.00387
3436	-0.00309
3438	0.00472
3440	0.0971
3442	0.33734
3444	0.64218
3446	0.95498
3448	1.25538
3450	1.53592
3452	1.79005
3454	2.01883
3456	2.21973
3458	2.39922
3460	2.55596
3462	2.68356
3464	2.69443
3466	2.55842
3468	2.3588
3470	2.14201
3472	1.92441
3474	1.7162
3476	1.52103
3478	1.34177
3480	1.18141
3482	1.03818
3484	0.91065
3486	0.7982
3488	0.70147
3490	0.61549
3492	0.54171
3494	0.4779
3496	0.42391
3498	0.37674
3500	0.33504
3502	0.29876
3504	0.26767
3506	0.24123
3508	0.21797
3510	0.19783
3512	0.17885
3514	0.16171
3516	0.14628
3518	0.13388
3520	0.12274
3522	0.11163
3524	0.10206
3526	0.09333
3528	0.08515
3530	0.07746
3532	0.07116
3534	0.06464
3536	0.05938
3538	0.05408
3540	0.05022
3542	0.04743
3544	0.04355
3546	0.03881
3548	0.03522
3550	0.03123
3552	0.02725
3554	0.02403
3556	0.02311
3558	0.02079
3560	0.01806
3562	0.01471
3564	0.01326
3566	0.01162
3568	0.00962
3570	0.00672
3572	0.00539
3574	0.00368
3576	0.00278
3578	0.00172
3580	7.30335E-4
3582	-9.20933E-4
3584	-0.00122
3586	-6.92469E-4
3588	1.00262E-4
3590	-0.00101
3592	-0.00211
3594	-0.00145
3596	-0.00203
3598	0.0045
3600	0.09782
3602	0.33512
3604	0.63241
3606	0.93841
3608	1.23199
3610	1.50708
3612	1.755
3614	1.97794
3616	2.17658
3618	2.3516
3620	2.50431
3622	2.6257
3624	2.62996
3626	2.49334
3628	2.29703
3630	2.08332
3632	1.86993
3634	1.66537
3636	1.47404
3638	1.30035
3640	1.14369
3642	1.00258
3644	0.87799
3646	0.76924
3648	0.67478
3650	0.59218
3652	0.52054
3654	0.45821
3656	0.40454
3658	0.35758
3660	0.31822
3662	0.28396
3664	0.25396
3666	0.22817
3668	0.20601
3670	0.18646
3672	0.16914
3674	0.15228
3676	0.13838
3678	0.12656
3680	0.11699
3682	0.10771
3684	0.09813
3686	0.08976
3688	0.08212
3690	0.07547
3692	0.06958
3694	0.06388
3696	0.05865
3698	0.05372
3700	0.04917
3702	0.04543
3704	0.04148
3706	0.03669
3708	0.03225
3710	0.02935
3712	0.02643
3714	0.02314
3716	0.02108
3718	0.01871
3720	0.0163
3722	0.0136
3724	0.01221
3726	0.01041
3728	0.00901
3730	0.0077
3732	0.00611
3734	0.0046
3736	0.00329
3738	0.00251
3740	0.00148
3742	0.00102
3744	3.73968E-4
3746	-2.39526E-4
3748	-4.6902E-4
3750	4.84859E-5
3752	-5.17008E-4
3754	-0.00128
3756	-0.00216
3758	0.00531
3760	0.09911
3762	0.32984
3764	0.62287
3766	0.92257
3768	1.21161
3770	1.47943
3772	1.72464
3774	1.94352
3776	2.13693
3778	2.30655
3780	2.45607
3782	2.57563
3784	2.58863
3786	2.45921
3788	2.26691
3790	2.05804
3792	1.84833
3794	1.64611
3796	1.45813
3798	1.28534
3800	1.13002
3802	0.99125
3804	0.86827
3806	0.76064
3808	0.66806
3810	0.5851
3812	0.51333
3814	0.4522
3816	0.39912
3818	0.35374
3820	0.31505
3822	0.28093
3824	0.25133
3826	0.22558
3828	0.20339
3830	0.18321
3832	0.16554
3834	0.15127
3836	0.13744
3838	0.12409
3840	0.11344
3842	0.10395
3844	0.09568
3846	0.0874
3848	0.07954
3850	0.07277
3852	0.06694
3854	0.05997
3856	0.05523
3858	0.05073
3860	0.046
3862	0.04084
3864	0.03629
3866	0.03218
3868	0.02935
3870	0.02589
3872	0.02255
3874	0.01967
3876	0.01796
3878	0.01581
3880	0.01269
3882	0.01057
3884	0.00879
3886	0.00805
3888	0.00761
3890	0.00667
3892	0.0041
3894	0.0027
3896	0.00176
3898	0.00159
3900	6.68805E-4
3902	-2.86754E-4
3904	-8.45312E-4
3906	-2.60871E-4
3908	-9.9543E-4
3910	-0.00192
3912	-0.00175
3914	-0.00128
3916	-8.01682E-4
3918	0.00476
3920	0.08497
3922	0.30127
3924	0.58597
3926	0.87988
3928	1.16404
3930	1.42699
3932	1.66674
3934	1.88155
3936	2.0748
3938	2.24378
3940	2.39254
3942	2.51434
3944	2.53922
3946	2.41934
3948	2.23429
3950	2.03202
3952	1.8262
3954	1.62768
3956	1.44372
3958	1.27344
3960	1.12083
3962	0.98475
3964	0.86424
3966	0.7577
3968	0.66501
3970	0.58424
3972	0.51556
3974	0.45551
3976	0.40378
3978	0.35836
3980	0.31883
3982	0.28499
3984	0.25494
3986	0.2279
3988	0.20617
3990	0.18666
3992	0.16943
3994	0.15416
3996	0.13938
3998	0.12656
4000	0.11629
4002	0.106
4004	0.09716
4006	0.09001
4008	0.08172
4010	0.07451
4012	0.06816
4014	0.06332
4016	0.05861
4018	0.05404
4020	0.04931
4022	0.0455
4024	0.042
4026	0.03846
4028	0.03478
4030	0.03089
4032	0.02877
4034	0.02591
4036	0.02277
4038	0.02008
4040	0.01709
4042	0.01587
4044	0.01478
4046	0.0132
4048	0.01124
4050	0.00875
4052	0.00684
4054	0.00587
4056	0.00551
4058	0.00466
4060	0.00352
4062	0.00245
4064	0.00144
4066	-1.42388E-4
4068	-0.00111
4070	-2.8289E-4
4072	-8.18224E-4
4074	-0.00238
4076	-0.00332
4078	0.00261
4080	0.07884
4082	0.2916
4084	0.56906
4086	0.85687
4088	1.13372
4090	1.39165
4092	1.62698
4094	1.83941
4096	2.02615
4098	2.19244
4100	2.33676
4102	2.45644
4104	2.47661
4106	2.35796
4108	2.17707
4110	1.97839
4112	1.77682
4114	1.58283
4116	1.40238
4118	1.23773
4120	1.0884
4122	0.95426
4124	0.83887
4126	0.73671
4128	0.64648
4130	0.56818
4132	0.50011
4134	0.44176
4136	0.39187
4138	0.34761
4140	0.30959
4142	0.27699
4144	0.2482
4146	0.22294
4148	0.20065
4150	0.18074
4152	0.16445
4154	0.15069
4156	0.13785
4158	0.12522
4160	0.11375
4162	0.10465
4164	0.09671
4166	0.08875
4168	0.0821
4170	0.07587
4172	0.06976
4174	0.06332
4176	0.05781
4178	0.05225
4180	0.04755
4182	0.04264
4184	0.03787
4186	0.03445
4188	0.032
4190	0.02846
4192	0.02538
4194	0.0221
4196	0.02157
4198	0.01837
4200	0.01599
4202	0.01383
4204	0.01187
4206	0.01013
4208	0.0089
4210	0.00744
4212	0.00534
4214	0.00514
4216	0.0038
4218	0.00209
4220	0.00107
4222	-6.13833E-5
4224	-1.38279E-4
4226	-0.00114
4228	-0.00148
4230	-0.0022
4232	-0.00377
4234	-0.00394
4236	-0.00348
4238	9.4045E-4
4240	0.0751
4242	0.28329
4244	0.55375
4246	0.83583
4248	1.10675
4250	1.36095
4252	1.59034
4254	1.79809
4256	1.98139
4258	2.1448
4260	2.28736
4262	2.40572
4264	2.42549
4266	2.31009
4268	2.13316
4270	1.93775
4272	1.74053
4274	1.55079
4276	1.37316
4278	1.2106
4280	1.0655
4282	0.9366
4284	0.82104
4286	0.71858
4288	0.62986
4290	0.5529
4292	0.48648
4294	0.4297
4296	0.37979
4298	0.33599
4300	0.29865
4302	0.26561
4304	0.23796
4306	0.21401
4308	0.19354
4310	0.17507
4312	0.15867
4314	0.14412
4316	0.13118
4318	0.11986
4320	0.10928
4322	0.09967
4324	0.09097
4326	0.08356
4328	0.07588
4330	0.06922
4332	0.06279
4334	0.05719
4336	0.05275
4338	0.04841
4340	0.04411
4342	0.04023
4344	0.03618
4346	0.03325
4348	0.03087
4350	0.02781
4352	0.02392
4354	0.02182
4356	0.02056
4358	0.01842
4360	0.01613
4362	0.01436
4364	0.01266
4366	0.01123
4368	0.01
4370	0.00817
4372	0.00671
4374	0.00571
4376	0.00434
4378	0.00261
4380	0.00143
4382	1.69803E-4
4384	2.22977E-4
4386	-8.59849E-4
4388	-0.00172
4390	-0.00206
4392	-0.00194
4394	-0.00192
4396	-0.00215
4398	0.00225
4400	0.07035
4402	0.26621
4404	0.53079
4406	0.80759
4408	1.07464
4410	1.32356
4412	1.55092
4414	1.75556
4416	1.93651
4418	2.09643
4420	2.23756
4422	2.35311
4424	2.38423
4426	2.28019
4428	2.10913
4430	1.919
4432	1.72575
4434	1.53843
4436	1.36316
4438	1.20184
4440	1.05667
4442	0.92672
4444	0.81299
4446	0.71182
4448	0.6237
4450	0.54702
4452	0.48052
4454	0.42172
4456	0.37185
4458	0.3305
4460	0.29469
4462	0.26268
4464	0.23452
4466	0.21043
4468	0.18969
4470	0.17129
4472	0.1541
4474	0.13894
4476	0.12578
4478	0.11439
4480	0.10411
4482	0.09487
4484	0.08596
4486	0.07758
4488	0.07121
4490	0.06614
4492	0.06063
4494	0.05605
4496	0.05217
4498	0.04747
4500	0.04328
4502	0.03785
4504	0.0344
4506	0.03165
4508	0.02946
4510	0.02516
4512	0.02151
4514	0.01874
4516	0.01625
4518	0.01437
4520	0.01177
4522	0.00973
4524	0.00751
4526	0.006
4528	0.0048
4530	0.00337
4532	0.00234
4534	0.00129
4536	5.15125E-4
4538	6.93752E-4
4540	2.9138E-4
4542	-0.00174
4544	-0.00304
4546	-0.00359
4548	-0.00481
4550	-0.00584
4552	-0.00634
4554	-0.00669
4556	-0.00747
4558	-0.00235
4560	0.0628
4562	0.25061
4564	0.5099
4566	0.7791
4568	1.04295
4570	1.28587
4572	1.50967
4574	1.70941
4576	1.88744
4578	2.04301
4580	2.1807
4582	2.29362
4584	2.32999
4586	2.23142
4588	2.06449
4590	1.87799
4592	1.68922
4594	1.50686
4596	1.33577
4598	1.17918
4600	1.03684
4602	0.90976
4604	0.79777
4606	0.69844
4608	0.6128
4610	0.5385
4612	0.47317
4614	0.41607
4616	0.3667
4618	0.3251
4620	0.28948
4622	0.259
4624	0.23233
4626	0.2079
4628	0.18645
4630	0.16857
4632	0.15317
4634	0.13928
4636	0.12703
4638	0.11573
4640	0.10413
4642	0.09444
4644	0.08574
4646	0.07801
4648	0.0716
4650	0.06586
4652	0.06029
4654	0.05426
4656	0.0492
4658	0.04477
4660	0.04028
4662	0.03702
4664	0.03342
4666	0.0293
4668	0.02545
4670	0.0216
4672	0.01955
4674	0.01824
4676	0.01607
4678	0.01406
4680	0.01225
4682	0.01051
4684	0.00796
4686	0.00685
4688	0.0067
4690	0.00504
4692	0.00255
4694	0.00217
4696	0.00227
4698	0.00152
4700	-1.60558E-4
4702	-7.55046E-4
4704	-0.00105
4706	-0.00212
4708	-0.00319
4710	-0.00343
4712	-0.00379
4714	-0.00418
4716	-0.00399
4718	-5.30922E-4
4720	0.05647
4722	0.23676
4724	0.48745
4726	0.7513
4728	1.00673
4730	1.24508
4732	1.46272
4734	1.65895
4736	1.83216
4738	1.98609
4740	2.12039
4742	2.23327
4744	2.26742
4746	2.17119
4748	2.00903
4750	1.82828
4752	1.64361
4754	1.46551
4756	1.29893
4758	1.1463
4760	1.00738
4762	0.88323
4764	0.77378
4766	0.67839
4768	0.59459
4770	0.52146
4772	0.45727
4774	0.40362
4776	0.35711
4778	0.31637
4780	0.28103
4782	0.24971
4784	0.22371
4786	0.20077
4788	0.17985
4790	0.16264
4792	0.14746
4794	0.13461
4796	0.12311
4798	0.11206
4800	0.10145
4802	0.09242
4804	0.08504
4806	0.07662
4808	0.06916
4810	0.06413
4812	0.05888
4814	0.05354
4816	0.04973
4818	0.04494
4820	0.04047
4822	0.03714
4824	0.0342
4826	0.03171
4828	0.02956
4830	0.02734
4832	0.02454
4834	0.02167
4836	0.0195
4838	0.01666
4840	0.01426
4842	0.01208
4844	0.01075
4846	0.00854
4848	0.00776
4850	0.00719
4852	0.00605
4854	0.00489
4856	0.00404
4858	0.00192
4860	9.13139E-4
4862	3.89868E-4
4864	1.22597E-4
4866	-0.00109
4868	-8.81945E-4
4870	-4.92216E-4
4872	-7.74869E-5
4874	-0.00113
